Name:				0002_BED-Amazon_n98_m163_bt28
Problem:			3L-CVRP
Number_of_used_Vehicles:	6
Total_Travel_Distance:		40952.1
Calculation_Time:		3713.353718996048

----------------------------------------
Tour_Id:			0
No_of_Customers:		5
No_of_Items:			19
Customer_Sequence:		34 3 4 17 25

CustId	Id	TypeId	Rotated	x	y	z	Length	Width	Height	mass	Fragility
25	25_1	Bt27	0	0	0	0	33	20	28	5.25	1
25	25_0	Bt3	0	0	28	0	23	15	4	4.7	1
17	17_3	Bt28	0	0	0	33	41	20	29	3.42	1
17	17_0	Bt15	0	0	29	33	25	19	17	5.29	1
17	17_1	Bt9	0	0	32	0	24	12	16	1.75	1
17	17_2	Bt3	0	0	48	0	23	15	4	4.7	1
4	4_2	Bt26	0	20	0	0	57	15	20	3.44	1
4	4_1	Bt7	0	0	52	0	20	14	13	7.3	1
4	4_0	Bt3	0	0	65	0	23	15	4	4.7	1
3	3_0	Bt14	0	20	20	0	40	19	10	3.82	1
3	3_7	Bt9	0	0	46	33	24	12	16	1.75	1
3	3_6	Bt6	0	19	30	0	34	10	10	1.59	1
3	3_3	Bt5	0	19	40	0	15	11	16	0.7	1
3	3_4	Bt5	0	19	56	0	15	11	16	0.7	1
3	3_5	Bt5	0	19	40	15	15	11	16	0.7	1
3	3_1	Bt4	0	20	0	57	20	18	7	1.8	1
3	3_2	Bt3	0	0	62	33	23	15	4	4.7	1
34	34_1	Bt23	0	38	0	0	39	22	15	3.36	1
34	34_0	Bt15	0	20	7	57	25	19	17	5.29	1

----------------------------------------
Tour_Id:			1
No_of_Customers:		7
No_of_Items:			19
Customer_Sequence:		5 73 80 13 97 75 58

CustId	Id	TypeId	Rotated	x	y	z	Length	Width	Height	mass	Fragility
58	58_0	Bt21	0	0	0	0	29	24	15	4.26	1
75	75_1	Bt19	0	0	15	0	28	18	18	2.75	1
75	75_0	Bt13	0	0	33	0	31	20	10	4.8	1
97	97_2	Bt19	0	0	43	0	28	18	18	2.75	1
97	97_0	Bt14	0	0	0	29	40	19	10	3.82	1
97	97_1	Bt3	0	0	61	0	23	15	4	4.7	1
13	13_5	Bt16	0	0	10	29	37	20	11	3.8	1
13	13_3	Bt13	0	0	21	28	31	20	10	4.8	1
13	13_4	Bt5	0	0	31	31	15	11	16	0.7	1
13	13_0	Bt3	0	0	65	0	23	15	4	4.7	1
13	13_1	Bt3	0	0	31	46	15	23	4	4.7	1
13	13_2	Bt2	0	0	35	46	14	21	4	1.9	1
80	80_1	Bt26	0	20	0	29	57	15	20	3.44	1
80	80_0	Bt3	0	19	0	86	23	15	4	4.7	1
73	73_2	Bt24	0	35	0	0	26	20	26	2.91	1
73	73_0	Bt5	0	0	47	28	15	11	16	0.7	1
73	73_1	Bt5	0	11	39	46	15	11	16	0.7	1
5	5_0	Bt25	0	35	0	26	39	27	16	7.63	1
5	5_1	Bt8	0	23	20	26	17	13	18	2.5	1

----------------------------------------
Tour_Id:			2
No_of_Customers:		15
No_of_Items:			26
Customer_Sequence:		32 7 70 29 62 30 92 33 86 90 68 47 95 38 11

CustId	Id	TypeId	Rotated	x	y	z	Length	Width	Height	mass	Fragility
11	11_0	Bt9	0	0	0	0	24	12	16	1.75	1
38	38_0	Bt19	0	0	0	24	28	18	18	2.75	1
95	95_1	Bt17	0	0	18	24	22	15	26	3.816	1
95	95_0	Bt7	0	0	44	24	20	14	13	7.3	1
47	47_0	Bt11	0	18	0	0	28	22	9	3.01	1
47	47_1	Bt9	0	18	9	0	24	12	16	1.75	1
68	68_0	Bt11	0	18	0	28	28	22	9	3.01	1
90	90_1	Bt17	0	15	25	0	22	15	26	3.816	1
90	90_0	Bt4	0	0	57	24	20	18	7	1.8	1
86	86_1	Bt15	0	18	9	24	25	19	17	5.29	1
86	86_0	Bt2	0	0	64	22	21	14	4	1.9	1
33	33_1	Bt24	0	15	26	22	26	20	26	2.91	1
33	33_0	Bt3	0	0	68	22	23	15	4	4.7	1
92	92_0	Bt20	0	40	0	0	40	20	13	2.6	1
30	30_0	Bt19	0	18	52	22	28	18	18	2.75	1
62	62_0	Bt15	0	37	13	0	25	19	17	5.29	1
62	62_1	Bt12	0	36	30	0	30	19	10	2.15	1
29	29_1	Bt18	0	36	40	0	39	19	12	2.58	1
29	29_2	Bt3	0	36	52	0	23	15	4	4.7	1
29	29_0	Bt2	0	36	56	0	21	14	4	1.9	1
70	70_1	Bt19	0	40	0	40	28	18	18	2.75	1
70	70_0	Bt3	0	36	60	0	23	15	4	4.7	1
7	7_0	Bt19	0	37	18	39	28	18	18	2.75	1
32	32_0	Bt10	0	35	36	39	30	17	10	1.38	1
32	32_2	Bt9	0	36	52	23	12	24	16	1.75	1
32	32_1	Bt3	0	35	46	39	23	15	4	4.7	1

----------------------------------------
Tour_Id:			3
No_of_Customers:		15
No_of_Items:			30
Customer_Sequence:		20 23 89 18 1 21 45 71 54 49 24 52 37 98 27

CustId	Id	TypeId	Rotated	x	y	z	Length	Width	Height	mass	Fragility
27	27_1	Bt7	0	0	0	0	20	14	13	7.3	1
27	27_0	Bt5	0	0	13	0	15	11	16	0.7	1
98	98_4	Bt7	0	0	0	20	20	14	13	7.3	1
98	98_0	Bt3	0	0	13	15	23	15	4	4.7	1
98	98_1	Bt3	0	0	17	15	23	15	4	4.7	1
98	98_2	Bt2	0	0	21	15	21	14	4	1.9	1
98	98_3	Bt2	0	0	25	15	21	14	4	1.9	1
37	37_0	Bt17	0	0	29	0	22	15	26	3.816	1
52	52_1	Bt8	0	0	29	22	17	13	18	2.5	1
52	52_0	Bt7	0	0	55	0	20	14	13	7.3	1
24	24_1	Bt9	0	15	0	0	24	12	16	1.75	1
24	24_0	Bt3	0	0	68	0	23	15	4	4.7	1
24	24_2	Bt2	0	0	47	22	21	14	4	1.9	1
49	49_1	Bt9	0	0	51	22	24	12	16	1.75	1
49	49_0	Bt8	0	15	16	0	17	13	18	2.5	1
54	54_1	Bt8	0	15	34	0	17	13	18	2.5	1
54	54_0	Bt3	0	0	67	23	23	15	4	4.7	1
71	71_0	Bt17	0	15	0	24	22	15	26	3.816	1
45	45_0	Bt9	0	14	26	22	24	12	16	1.75	1
45	45_1	Bt5	0	14	42	22	15	11	16	0.7	1
45	45_2	Bt3	0	30	0	0	23	15	4	4.7	1
21	21_0	Bt13	0	30	0	23	31	20	10	4.8	1
1	1_0	Bt15	0	30	10	17	25	19	17	5.29	1
18	18_0	Bt8	0	26	27	17	13	17	18	2.5	1
18	18_1	Bt5	0	25	45	17	15	11	16	0.7	1
89	89_0	Bt5	0	50	0	0	15	11	16	0.7	1
89	89_1	Bt5	0	49	16	0	15	11	16	0.7	1
89	89_2	Bt5	0	49	32	0	15	11	16	0.7	1
23	23_0	Bt13	0	50	0	15	31	20	10	4.8	1
20	20_0	Bt13	0	49	10	15	31	20	10	4.8	1

----------------------------------------
Tour_Id:			4
No_of_Customers:		24
No_of_Items:			32
Customer_Sequence:		69 79 48 40 2 76 14 39 53 60 31 44 82 56 26 57 10 59 9 72 51 87 36 77

CustId	Id	TypeId	Rotated	x	y	z	Length	Width	Height	mass	Fragility
77	77_0	Bt5	0	0	0	0	15	11	16	0.7	1
36	36_1	Bt4	0	0	0	15	20	18	7	1.8	1
36	36_0	Bt3	0	0	7	15	23	15	4	4.7	1
87	87_0	Bt3	0	0	11	15	23	15	4	4.7	1
87	87_1	Bt3	0	0	15	15	23	15	4	4.7	1
87	87_2	Bt3	0	0	19	15	23	15	4	4.7	1
51	51_0	Bt8	0	0	23	15	17	13	18	2.5	1
72	72_0	Bt2	0	0	41	15	21	14	4	1.9	1
9	9_0	Bt3	0	0	45	15	23	15	4	4.7	1
9	9_1	Bt3	0	0	49	15	23	15	4	4.7	1
59	59_0	Bt5	0	0	53	15	15	11	16	0.7	1
10	10_0	Bt7	0	18	0	0	20	14	13	7.3	1
57	57_0	Bt5	0	15	13	0	11	15	16	0.7	1
26	26_0	Bt9	0	18	0	20	24	12	16	1.75	1
56	56_0	Bt5	0	14	29	0	11	15	16	0.7	1
82	82_1	Bt5	0	15	45	0	11	15	16	0.7	1
82	82_0	Bt2	0	15	16	20	21	14	4	1.9	1
44	44_0	Bt5	0	15	20	20	15	11	16	0.7	1
31	31_0	Bt5	0	15	36	20	15	11	16	0.7	1
60	60_0	Bt5	0	15	52	20	15	11	16	0.7	1
53	53_0	Bt5	0	30	0	20	15	11	16	0.7	1
39	39_0	Bt3	0	41	0	0	23	15	4	4.7	1
39	39_1	Bt3	0	41	4	0	23	15	4	4.7	1
14	14_0	Bt9	0	41	8	0	24	12	16	1.75	1
76	76_0	Bt3	0	41	24	0	23	15	4	4.7	1
76	76_1	Bt3	0	41	28	0	23	15	4	4.7	1
76	76_2	Bt3	0	41	32	0	23	15	4	4.7	1
2	2_0	Bt5	0	29	16	20	15	11	16	0.7	1
40	40_0	Bt5	0	29	32	20	15	11	16	0.7	1
48	48_0	Bt9	0	40	36	0	24	12	16	1.75	1
79	79_0	Bt9	0	40	52	0	24	12	16	1.75	1
69	69_0	Bt9	0	41	0	24	24	12	16	1.75	1

----------------------------------------
Tour_Id:			5
No_of_Customers:		32
No_of_Items:			37
Customer_Sequence:		41 88 35 16 28 12 85 63 64 66 15 67 19 93 74 6 65 55 8 78 43 50 84 91 46 94 96 61 81 22 83 42

CustId	Id	TypeId	Rotated	x	y	z	Length	Width	Height	mass	Fragility
42	42_0	Bt27	0	0	0	0	33	20	28	5.25	1
83	83_0	Bt1	0	0	28	0	18	12	5	2.15	1
22	22_0	Bt3	0	0	28	18	15	23	4	4.7	1
81	81_0	Bt3	0	0	32	18	15	23	4	4.7	1
61	61_1	Bt22	0	0	0	33	29	27	15	2.11	1
61	61_2	Bt17	0	0	36	18	15	22	26	3.816	1
61	61_0	Bt5	0	0	0	62	15	11	16	0.7	1
96	96_0	Bt5	0	27	0	0	15	11	16	0.7	1
94	94_0	Bt3	0	0	62	15	15	23	4	4.7	1
46	46_0	Bt3	0	0	66	15	15	23	4	4.7	1
91	91_0	Bt3	0	11	15	33	23	15	4	4.7	1
84	84_0	Bt3	0	11	19	33	23	15	4	4.7	1
50	50_0	Bt3	0	11	23	33	23	15	4	4.7	1
43	43_0	Bt3	0	27	0	15	23	15	4	4.7	1
78	78_0	Bt3	0	27	4	15	23	15	4	4.7	1
8	8_0	Bt3	0	27	8	15	23	15	4	4.7	1
55	55_0	Bt5	0	26	16	0	15	11	16	0.7	1
55	55_1	Bt3	0	27	12	15	23	15	4	4.7	1
65	65_0	Bt5	0	26	32	0	15	11	16	0.7	1
6	6_0	Bt3	0	26	16	15	23	15	4	4.7	1
74	74_0	Bt8	0	26	20	15	17	13	18	2.5	1
93	93_0	Bt3	0	42	0	0	23	15	4	4.7	1
93	93_1	Bt2	0	26	38	15	21	14	4	1.9	1
19	19_0	Bt3	0	26	42	15	23	15	4	4.7	1
19	19_1	Bt2	0	23	46	15	21	14	4	1.9	1
67	67_0	Bt3	0	22	50	15	23	15	4	4.7	1
15	15_0	Bt3	0	22	54	15	23	15	4	4.7	1
66	66_0	Bt5	0	42	4	0	15	11	16	0.7	1
64	64_0	Bt5	0	40	20	0	15	11	16	0.7	1
63	63_0	Bt2	0	22	58	15	21	14	4	1.9	1
85	85_0	Bt2	0	23	62	15	21	14	4	1.9	1
12	12_0	Bt9	0	42	0	23	24	12	16	1.75	1
28	28_0	Bt2	0	23	66	15	21	14	4	1.9	1
16	16_0	Bt3	0	41	16	23	23	15	4	4.7	1
35	35_0	Bt2	0	39	20	18	21	14	4	1.9	1
88	88_0	Bt3	0	39	24	15	23	15	4	4.7	1
41	41_0	Bt3	0	39	28	15	23	15	4	4.7	1

