Name:				0007_BED-Amazon_n133_m261_bt34
Problem:			3L-CVRP
Number_of_used_Vehicles:	4
Total_Travel_Distance:		19186.3
Calculation_Time:		8599.934683561325

----------------------------------------
Tour_Id:			0
No_of_Customers:		10
No_of_Items:			0
Customer_Sequence:		96 46 88 20 32 105 4 112 12 100

CustId	Id	TypeId	Rotated	x	y	z	Length	Width	Height	mass	Fragility

----------------------------------------
Tour_Id:			1
No_of_Customers:		15
No_of_Items:			0
Customer_Sequence:		127 126 23 38 42 76 77 81 65 11 10 34 99 43 64

CustId	Id	TypeId	Rotated	x	y	z	Length	Width	Height	mass	Fragility

----------------------------------------
Tour_Id:			2
No_of_Customers:		40
No_of_Items:			0
Customer_Sequence:		131 82 14 37 113 41 25 55 67 7 36 90 13 60 91 47 39 31 50 83 63 18 24 3 133 114 75 121 26 78 117 110 51 33 61 92 56 97 5 125

CustId	Id	TypeId	Rotated	x	y	z	Length	Width	Height	mass	Fragility

----------------------------------------
Tour_Id:			3
No_of_Customers:		68
No_of_Items:			81
Customer_Sequence:		28 108 94 53 87 52 49 119 9 22 128 80 124 66 115 120 93 70 122 17 73 107 69 71 2 68 19 86 30 29 57 130 35 98 101 104 58 54 111 85 6 123 40 72 1 109 62 16 116 84 59 79 74 89 95 21 118 48 132 44 103 27 15 129 8 45 106 102

CustId	Id	TypeId	Rotated	x	y	z	Length	Width	Height	mass	Fragility
102	102_0	Bt1	0	0	0	0	10	10	10	14.15	1
106	106_0	Bt4	0	0	0	10	23	15	4	4.7	1
45	45_0	Bt4	0	0	4	10	23	15	4	4.7	1
45	45_1	Bt4	0	0	8	10	23	15	4	4.7	1
8	8_0	Bt4	0	0	12	10	23	15	4	4.7	1
129	129_0	Bt5	0	0	16	10	20	18	7	1.8	1
129	129_1	Bt3	0	0	23	10	21	14	4	1.9	1
15	15_0	Bt4	0	0	27	10	23	15	4	4.7	1
15	15_1	Bt4	0	0	31	10	23	15	4	4.7	1
27	27_0	Bt2	0	0	35	10	18	12	5	2.15	1
103	103_0	Bt4	0	15	0	0	23	15	4	4.7	1
44	44_0	Bt6	0	0	40	10	15	11	16	0.7	1
132	132_0	Bt3	0	15	4	0	21	14	4	1.9	1
132	132_1	Bt3	0	15	8	0	21	14	4	1.9	1
48	48_0	Bt6	0	0	56	10	15	11	16	0.7	1
118	118_0	Bt4	0	15	12	0	23	15	4	4.7	1
21	21_0	Bt4	0	15	0	23	23	15	4	4.7	1
95	95_0	Bt6	0	0	72	10	15	11	16	0.7	1
89	89_1	Bt6	0	0	88	10	15	11	16	0.7	1
89	89_0	Bt4	0	15	4	21	23	15	4	4.7	1
74	74_0	Bt6	0	18	16	0	15	11	16	0.7	1
74	74_1	Bt4	0	15	8	21	23	15	4	4.7	1
79	79_0	Bt3	0	15	12	23	21	14	4	1.9	1
59	59_0	Bt6	0	18	32	0	15	11	16	0.7	1
84	84_0	Bt3	0	18	16	15	21	14	4	1.9	1
116	116_0	Bt4	0	18	20	15	23	15	4	4.7	1
16	16_0	Bt8	0	15	24	15	20	14	13	7.3	1
62	62_0	Bt3	0	14	37	15	21	14	4	1.9	1
109	109_0	Bt4	0	12	41	15	23	15	4	4.7	1
1	1_0	Bt6	0	11	45	15	15	11	16	0.7	1
72	72_0	Bt6	0	11	61	15	15	11	16	0.7	1
72	72_1	Bt4	0	30	0	0	23	15	4	4.7	1
40	40_0	Bt4	0	30	4	0	23	15	4	4.7	1
40	40_1	Bt3	0	30	8	0	21	14	4	1.9	1
123	123_0	Bt11	0	30	0	23	24	12	16	1.75	1
6	6_0	Bt6	0	11	77	15	15	11	16	0.7	1
6	6_1	Bt3	0	42	0	23	21	14	4	1.9	1
85	85_0	Bt10	0	56	0	0	29	15	10	4.66	1
111	111_0	Bt2	0	11	93	15	18	12	5	2.15	1
54	54_0	Bt6	0	33	16	23	15	11	16	0.7	1
54	54_1	Bt4	0	56	10	0	23	15	4	4.7	1
58	58_0	Bt3	0	42	4	23	21	14	4	1.9	1
104	104_0	Bt4	0	56	14	0	23	15	4	4.7	1
101	101_0	Bt4	0	56	18	0	23	15	4	4.7	1
98	98_0	Bt6	0	32	32	21	15	11	16	0.7	1
98	98_1	Bt4	0	56	22	0	23	15	4	4.7	1
35	35_0	Bt4	0	56	26	0	23	15	4	4.7	1
130	130_0	Bt4	0	56	30	0	23	15	4	4.7	1
57	57_0	Bt4	0	56	34	0	23	15	4	4.7	1
29	29_0	Bt4	0	56	38	0	23	15	4	4.7	1
29	29_1	Bt4	0	56	42	0	23	15	4	4.7	1
30	30_0	Bt6	0	30	48	21	15	11	16	0.7	1
86	86_0	Bt4	0	56	46	0	23	15	4	4.7	1
19	19_0	Bt4	0	56	50	0	23	15	4	4.7	1
68	68_0	Bt4	0	56	54	0	23	15	4	4.7	1
2	2_0	Bt3	0	42	8	21	21	14	4	1.9	1
71	71_0	Bt8	0	44	12	23	20	14	13	7.3	1
69	69_0	Bt8	0	44	25	23	20	14	13	7.3	1
107	107_0	Bt4	0	43	38	23	23	15	4	4.7	1
73	73_0	Bt6	0	28	64	21	15	11	16	0.7	1
17	17_0	Bt4	0	43	42	23	23	15	4	4.7	1
122	122_0	Bt4	0	43	46	23	23	15	4	4.7	1
70	70_0	Bt6	0	27	80	21	15	11	16	0.7	1
93	93_0	Bt8	0	41	50	21	20	14	13	7.3	1
120	120_0	Bt4	0	41	63	21	23	15	4	4.7	1
115	115_0	Bt4	0	39	67	21	23	15	4	4.7	1
66	66_0	Bt3	0	39	71	21	21	14	4	1.9	1
124	124_0	Bt4	0	39	75	21	23	15	4	4.7	1
80	80_0	Bt4	0	39	79	21	23	15	4	4.7	1
80	80_1	Bt4	0	38	83	21	23	15	4	4.7	1
128	128_0	Bt8	0	38	87	21	20	14	13	7.3	1
22	22_0	Bt4	0	38	100	21	23	15	4	4.7	1
9	9_0	Bt4	0	55	58	0	23	15	4	4.7	1
119	119_0	Bt4	0	56	62	0	23	15	4	4.7	1
49	49_0	Bt4	0	56	66	0	23	15	4	4.7	1
52	52_0	Bt6	0	54	70	0	15	11	16	0.7	1
87	87_0	Bt6	0	53	86	0	15	11	16	0.7	1
53	53_0	Bt2	0	11	98	15	18	12	5	2.15	1
94	94_0	Bt4	0	56	0	29	23	15	4	4.7	1
108	108_0	Bt6	0	58	4	29	15	11	16	0.7	1
28	28_0	Bt6	0	58	20	28	15	11	16	0.7	1

