Name		0177_BED-Amazon_n123_m264_bt36
Number_of_Customers	123
Number_of_Items		264
Number_of_ItemTypes	36
Number_of_Vehicles	1
TimeWindows		0
Dist_type	manual

VEHICLE
Mass_Capacity	2071
CargoSpace_Length	174
CargoSpace_Width	61
CargoSpace_Height	84

CUSTOMERS
i	x	y	Demand	ReadyTime	DueDate	ServiceTime	DemandedMass	DemandedVolume
0	33.918699	-118.324843	0	0	0	0	0	0
1	34.008319	-118.442992	2	0	0	0	11.49	13520
2	34.003003	-118.447474	1	0	0	0	4.7	1380
3	34.007477	-118.436479	1	0	0	0	9.4	2760
4	34.012474	-118.448813	2	0	0	0	7.04	12683
5	34.002424	-118.446814	1	0	0	0	5.29	8075
6	34.004402	-118.440237	2	0	0	0	5.4	4020
7	34.010619	-118.43964	1	0	0	0	1.75	4608
8	34.003063	-118.448486	3	0	0	0	14.5	8998
9	34.010979	-118.444042	1	0	0	0	7.3	3640
10	34.011136	-118.440217	3	0	0	0	14.91	12282
11	34.001695	-118.448631	1	0	0	0	4.7	1380
12	34.014315	-118.442899	1	0	0	0	1.75	4608
13	34.010099	-118.445438	1	0	0	0	4.7	1380
14	34.009832	-118.442644	1	0	0	0	9.4	2760
15	34.008326	-118.438573	3	0	0	0	18.78	41601
16	34.0052	-118.438467	2	0	0	0	6.8	9300
17	34.006037	-118.444823	2	0	0	0	2.45	7248
18	34.00258	-118.43997	1	0	0	0	1.9	1176
19	34.01054	-118.44133	1	0	0	0	4.7	1380
20	34.00523	-118.446578	2	0	0	0	6.63	12176
21	34.005778	-118.447001	1	0	0	0	2.5	3978
22	34.008675	-118.442216	3	0	0	0	19.35	26210
23	34.010815	-118.445985	1	0	0	0	4.7	1380
24	34.002338	-118.447927	1	0	0	0	7.3	3640
25	34.00364	-118.450126	2	0	0	0	8.3	13619
26	34.004137	-118.446927	2	0	0	0	7.61	14900
27	34.00888	-118.437542	1	0	0	0	5.29	8075
28	34.007458	-118.441022	1	0	0	0	4.7	1380
29	34.006898	-118.438944	1	0	0	0	0.7	2640
30	34.008069	-118.449218	1	0	0	0	4.7	1380
31	34.010617	-118.444753	1	0	0	0	2.11	11745
32	34.003274	-118.440495	1	0	0	0	4.7	1380
33	34.004887	-118.447507	2	0	0	0	7.3	10178
34	34.004741	-118.450959	2	0	0	0	5.92	27758
35	34.007152	-118.448046	2	0	0	0	10.1	5400
36	34.005746	-118.449433	3	0	0	0	11.93	15358
37	34.005151	-118.43968	2	0	0	0	6.73	21120
38	34.0113	-118.450593	1	0	0	0	4.7	1380
39	34.012662	-118.44118	3	0	0	0	12.34	17560
40	34.005916	-118.44371	1	0	0	0	2.15	1080
41	34.009737	-118.438668	2	0	0	0	3.95	3600
42	34.007136	-118.442846	1	0	0	0	2.5	3978
43	34.003507	-118.448827	7	0	0	0	27.34	47788
44	34.013604	-118.44423	2	0	0	0	6.6	2556
45	34.00592	-118.440299	1	0	0	0	9.4	2760
46	34.007346	-118.439284	3	0	0	0	13.9	6196
47	34.006407	-118.441128	2	0	0	0	11.2	5280
48	34.011628	-118.440398	1	0	0	0	9.6	12400
49	34.006775	-118.442001	2	0	0	0	5.3	11736
50	34.004852	-118.435705	1	0	0	0	9.4	2760
51	34.01205	-118.449594	1	0	0	0	4.7	1380
52	34.012396	-118.444766	1	0	0	0	3.42	23780
53	34.00386	-118.438694	6	0	0	0	42.23	45656
54	34.011688	-118.444363	1	0	0	0	0.7	2640
55	34.006255	-118.44397	1	0	0	0	2.5	3978
56	34.00405	-118.444459	5	0	0	0	14.53	27474
57	34.009593	-118.438082	4	0	0	0	9.72	23232
58	34.00301	-118.440296	1	0	0	0	5.29	8075
59	34.003377	-118.440572	1	0	0	0	1.9	1176
60	34.009196	-118.443656	3	0	0	0	21.99	14475
61	34.008179	-118.43701	3	0	0	0	6.27	14848
62	34.01216	-118.449396	2	0	0	0	2.6	3816
63	34.0085	-118.437253	1	0	0	0	0.7	2640
64	34.013607	-118.441908	3	0	0	0	9.6	11532
65	34.005476	-118.436177	1	0	0	0	0.7	2640
66	34.013835	-118.447843	1	0	0	0	4.7	1380
67	34.011261	-118.443438	1	0	0	0	3.42	23780
68	34.00643	-118.438587	1	0	0	0	9.4	2760
69	34.013365	-118.444676	2	0	0	0	6.2	10660
70	34.008752	-118.443318	2	0	0	0	3.45	9880
71	34.013548	-118.445971	1	0	0	0	2.5	3978
72	34.006106	-118.447252	1	0	0	0	7.3	3640
73	34.010002	-118.442329	1	0	0	0	4.7	1380
74	34.011826	-118.445759	1	0	0	0	1.9	1176
75	34.00553	-118.442227	1	0	0	0	4.7	1380
76	34.005288	-118.444259	2	0	0	0	6.6	2556
77	34.010274	-118.440079	1	0	0	0	1.9	1176
78	34.008465	-118.43697	1	0	0	0	1.9	1176
79	34.002569	-118.449299	1	0	0	0	1.75	4608
80	34.009719	-118.43818	1	0	0	0	2.11	11745
81	34.002691	-118.447017	3	0	0	0	17.67	33520
82	34.005049	-118.435854	3	0	0	0	11.92	43128
83	34.00208	-118.446552	3	0	0	0	16.53	37270
84	34.008265	-118.441384	1	0	0	0	4.7	1380
85	34.012307	-118.447127	1	0	0	0	0.7	2640
86	34.008302	-118.439319	1	0	0	0	0.7	2640
87	34.004587	-118.436746	2	0	0	0	14.25	27096
88	34.009092	-118.444668	3	0	0	0	4.15	12520
89	34.007758	-118.436687	4	0	0	0	16.4	10174
90	34.014468	-118.444339	1	0	0	0	2.1	7920
91	34.004833	-118.441701	3	0	0	0	14.15	6100
92	34.007445	-118.448876	2	0	0	0	5.99	10715
93	34.007605	-118.439482	2	0	0	0	3.49	4576
94	34.007656	-118.448527	1	0	0	0	2.5	3978
95	34.011713	-118.446673	1	0	0	0	5.29	8075
96	34.01305	-118.443533	2	0	0	0	5.4	4020
97	34.00318	-118.44977	1	0	0	0	3.01	5544
98	34.006692	-118.447692	1	0	0	0	3.44	17100
99	34.005172	-118.437194	3	0	0	0	8.61	11460
100	34.004497	-118.442566	3	0	0	0	13.9	6196
101	34.004771	-118.446224	1	0	0	0	4.7	1380
102	34.011733	-118.442566	3	0	0	0	19.71	11944
103	34.010906	-118.440644	2	0	0	0	8.52	8980
104	34.005114	-118.450057	2	0	0	0	2.6	3816
105	34.004251	-118.441245	2	0	0	0	8.52	8980
106	34.003321	-118.447498	1	0	0	0	4.7	1380
107	34.011082	-118.445152	1	0	0	0	1.9	1176
108	34.014956	-118.442925	1	0	0	0	0.7	2640
109	34.006004	-118.441887	1	0	0	0	1.59	3400
110	34.004288	-118.448239	3	0	0	0	13.67	34780
111	34.003599	-118.44412	5	0	0	0	35.81	28408
112	34.011535	-118.441177	1	0	0	0	1.9	1176
113	34.008086	-118.448349	3	0	0	0	7.72	17838
114	34.009459	-118.439182	4	0	0	0	27.2	9544
115	34.009719	-118.43818	1	0	0	0	0.7	2640
116	34.003048	-118.444911	4	0	0	0	11.82	22020
117	34.004882	-118.440612	5	0	0	0	33.05	36124
118	34.011348	-118.445362	3	0	0	0	15.39	13475
119	34.00649	-118.444151	1	0	0	0	4.7	1380
120	34.00335	-118.442861	2	0	0	0	8.2	10596
121	34.01262	-118.444349	1	0	0	0	0.7	2640
122	34.003208	-118.446191	2	0	0	0	3.55	7128
123	34.013745	-118.442225	1	0	0	0	1.75	4608

ITEMS
Type	Length	Width	Height	Mass	Fragility	LoadBearingStrength
Bt1	10	10	10	14.15	1	0
Bt2	18	12	5	2.15	1	0
Bt3	21	14	4	1.9	1	0
Bt4	23	15	4	4.7	1	0
Bt5	20	18	7	1.8	1	0
Bt6	15	11	16	0.7	1	0
Bt7	34	10	10	1.59	1	0
Bt8	20	14	13	7.3	1	0
Bt9	17	13	18	2.5	1	0
Bt10	24	12	16	1.75	1	0
Bt11	28	22	9	3.01	1	0
Bt12	31	20	10	4.8	1	0
Bt13	40	19	10	3.82	1	0
Bt14	20	20	20	21.36	1	0
Bt15	25	19	17	5.29	1	0
Bt16	22	15	26	3.816	1	0
Bt17	34	16	16	1.55	1	0
Bt18	30	20	15	1.76	1	0
Bt19	28	18	18	2.75	1	0
Bt20	29	20	16	1.5	1	0
Bt21	29	25	13	1.77	1	0
Bt22	40	19	13	4.19	1	0
Bt23	50	20	10	4.73	1	0
Bt24	40	20	13	2.6	1	0
Bt25	29	24	15	4.26	1	0
Bt26	50	20	11	4.73	1	0
Bt27	29	27	15	2.11	1	0
Bt28	26	20	26	2.91	1	0
Bt29	39	27	16	7.63	1	0
Bt30	57	15	20	3.44	1	0
Bt31	35	26	19	10.65	1	0
Bt32	33	20	28	5.25	1	0
Bt33	53	21	21	6.45	1	0
Bt34	41	20	29	3.42	1	0
Bt35	39	39	16	4.85	1	0
Bt36	38	37	20	7.568	1	0

DEMANDS PER CUSTOMER
i	Type Quantity
1	Bt22 1	Bt8 1	
2	Bt4 1	
3	Bt4 2	
4	Bt10 1	Bt15 1	
5	Bt15 1	
6	Bt6 1	Bt4 1	
7	Bt10 1	
8	Bt8 1	Bt4 1	Bt9 1	
9	Bt8 1	
10	Bt9 1	Bt11 1	Bt4 2	
11	Bt4 1	
12	Bt10 1	
13	Bt4 1	
14	Bt4 2	
15	Bt33 1	Bt4 1	Bt29 1	
16	Bt6 3	Bt4 1	
17	Bt10 1	Bt6 1	
18	Bt3 1	
19	Bt4 1	
20	Bt3 1	Bt26 1	
21	Bt9 1	
22	Bt6 2	Bt31 1	Bt8 1	
23	Bt4 1	
24	Bt8 1	
25	Bt11 1	Bt15 1	
26	Bt28 1	Bt4 1	
27	Bt15 1	
28	Bt4 1	
29	Bt6 1	
30	Bt4 1	
31	Bt27 1	
32	Bt4 1	
33	Bt9 1	Bt12 1	
34	Bt9 1	Bt34 1	
35	Bt4 2	Bt6 1	
36	Bt9 1	Bt23 1	Bt4 1	
37	Bt13 1	Bt28 1	
38	Bt4 1	
39	Bt13 1	Bt4 1	Bt16 1	
40	Bt2 1	
41	Bt5 1	Bt2 1	
42	Bt9 1	
43	Bt4 2	Bt15 1	Bt21 1	Bt24 1	Bt10 1	Bt23 1	Bt5 1	
44	Bt4 1	Bt3 1	
45	Bt4 2	
46	Bt3 1	Bt8 1	Bt4 1	
47	Bt5 1	Bt4 2	
48	Bt12 2	
49	Bt5 1	Bt10 2	
50	Bt4 2	
51	Bt4 1	
52	Bt34 1	
53	Bt3 1	Bt4 3	Bt6 1	Bt16 1	Bt36 1	Bt1 1	
54	Bt6 1	
55	Bt9 1	
56	Bt16 2	Bt5 1	Bt9 1	Bt6 1	Bt3 1	
57	Bt11 1	Bt10 1	Bt6 1	Bt25 1	
58	Bt15 1	
59	Bt3 1	
60	Bt8 1	Bt4 2	Bt15 1	
61	Bt6 1	Bt13 1	Bt10 1	
62	Bt3 1	Bt6 1	
63	Bt6 1	
64	Bt4 1	Bt2 1	Bt19 1	
65	Bt6 1	
66	Bt4 1	
67	Bt34 1	
68	Bt4 2	
69	Bt20 1	Bt4 1	
70	Bt17 1	Bt3 1	
71	Bt9 1	
72	Bt8 1	
73	Bt4 1	
74	Bt3 1	
75	Bt4 1	
76	Bt4 1	Bt3 1	
77	Bt3 1	
78	Bt3 1	
79	Bt10 1	
80	Bt27 1	
81	Bt4 2	Bt36 1	Bt6 1	
82	Bt24 1	Bt36 1	Bt10 1	
83	Bt15 2	Bt32 1	Bt6 1	
84	Bt4 1	
85	Bt6 1	
86	Bt6 1	
87	Bt4 2	Bt35 1	
88	Bt17 1	Bt6 1	Bt3 1	
89	Bt8 1	Bt9 1	Bt4 1	Bt3 1	
90	Bt6 3	
91	Bt4 1	Bt8 1	Bt2 1	
92	Bt6 1	Bt15 1	
93	Bt7 1	Bt3 1	
94	Bt9 1	
95	Bt15 1	
96	Bt6 1	Bt4 1	
97	Bt11 1	
98	Bt30 1	
99	Bt2 1	Bt4 1	Bt18 1	
100	Bt3 1	Bt8 1	Bt4 1	
101	Bt4 1	
102	Bt4 2	Bt8 1	Bt11 1	
103	Bt13 1	Bt4 1	
104	Bt6 1	Bt3 1	
105	Bt13 1	Bt4 1	
106	Bt4 1	
107	Bt3 1	
108	Bt6 1	
109	Bt7 1	
110	Bt6 2	Bt36 1	Bt4 1	
111	Bt14 1	Bt4 2	Bt10 1	Bt24 1	Bt6 1	
112	Bt3 1	
113	Bt6 2	Bt9 1	Bt16 1	
114	Bt10 1	Bt4 2	Bt3 1	Bt1 1	
115	Bt6 1	
116	Bt6 1	Bt13 1	Bt24 1	Bt4 1	
117	Bt24 2	Bt4 5	Bt3 1	Bt10 1	Bt6 1	
118	Bt6 1	Bt4 2	Bt15 1	
119	Bt4 1	
120	Bt4 1	Bt10 2	
121	Bt6 1	
122	Bt10 1	Bt5 1	
123	Bt10 1	

DISTANCE MATRIX
0.0 1496.0 1571.1 1367.0 1676.6 1576.4 1454.1 1454.3 1578.7 1537.1 1485.1 1564.1 1536.3 1543.8 1517.1 1444.1 1427.4 1589.2 1437.1 1514.4 1577.2 1564.2 1479.2 1556.8 1573.2 1584.7 1577.5 1385.7 1465.0 1444.3 1633.1 1547.8 1451.9 1598.4 1614.9 1588.7 1601.6 1454.6 1673.4 1504.9 1550.7 1420.1 1577.7 1601.9 1561.3 1473.6 1450.9 1501.3 1476.8 1585.1 1376.3 1695.9 1585.5 1422.5 1564.1 1560.1 1500.3 1394.4 1446.3 1454.1 1515.7 1376.7 1691.0 1381.6 1555.7 1390.3 1659.1 1549.6 1432.6 1569.6 1505.7 1611.4 1559.7 1525.5 1606.9 1518.2 1557.1 1485.2 1379.9 1567.0 1395.8 1586.1 1380.7 1563.9 1478.1 1618.5 1431.5 1391.9 1525.5 1371.4 1609.4 1496.3 1605.5 1461.9 1613.9 1573.2 1615.3 1586.3 1575.9 1403.8 1509.5 1565.1 1531.5 1496.4 1623.7 1477.8 1585.9 1576.8 1544.5 1514.2 1616.4 1494.6 1484.1 1626.8 1430.1 1395.8 1534.3 1466.8 1587.4 1566.7 1501.3 1644.5 1571.7 1568.5
1701.7 0.0 166.6 132.1 164.4 189.8 191.6 87.0 170.9 89.4 117.8 200.8 181.2 64.4 89.2 125.9 178.2 124.5 221.0 123.9 99.2 84.8 51.3 77.4 199.3 147.0 130.7 112.0 83.4 129.1 153.7 51.8 206.2 107.0 166.1 109.3 122.2 169.1 194.0 131.7 123.4 110.8 125.4 161.6 156.2 169.0 118.0 125.1 109.5 157.4 199.2 183.7 127.7 204.3 106.3 114.0 112.3 103.2 211.8 204.0 19.6 120.0 178.8 116.3 145.9 197.6 146.9 117.4 140.8 144.2 9.7 147.7 80.3 97.6 110.8 146.1 148.1 117.9 118.2 171.7 101.8 180.1 203.6 190.0 73.9 106.3 105.6 220.3 46.1 126.8 178.9 165.4 126.1 109.6 134.5 93.8 168.8 155.6 96.5 208.4 170.6 111.3 135.5 129.1 144.3 178.7 157.2 80.7 212.7 138.0 126.7 122.0 144.8 147.4 100.0 101.8 160.4 179.6 91.3 107.4 177.6 142.7 163.1 174.9
1797.2 178.3 0.0 269.9 297.2 32.7 161.0 228.7 27.2 250.9 259.5 63.0 324.7 207.9 230.9 221.3 208.0 137.6 180.9 265.6 85.1 99.5 193.0 220.9 41.7 79.8 51.6 249.8 182.3 224.5 149.7 230.1 166.1 72.5 125.5 138.5 91.3 198.9 254.2 289.3 117.3 252.5 159.5 40.9 299.7 198.8 217.9 120.6 251.2 166.9 262.2 280.0 299.3 203.6 277.9 126.7 67.6 244.9 171.7 163.9 198.0 259.2 284.4 254.1 299.5 248.2 290.4 267.2 220.4 291.4 188.0 308.1 109.5 239.3 289.2 110.4 105.5 259.6 256.0 45.9 243.5 23.0 257.8 44.1 215.6 263.4 201.0 246.1 189.6 264.6 339.3 129.7 139.9 206.9 163.7 237.3 343.5 65.2 125.7 234.2 113.2 73.0 285.3 270.8 109.9 146.0 24.8 259.1 324.9 107.7 55.3 77.3 286.5 176.6 243.1 243.5 72.8 149.0 273.7 133.3 118.4 314.3 38.8 316.6
1570.8 128.9 249.5 0.0 280.2 268.9 112.4 87.2 283.8 170.0 118.0 306.9 144.1 176.7 147.6 74.7 82.1 234.6 154.1 147.3 248.6 197.1 112.1 189.7 291.3 259.3 248.9 18.6 137.3 72.9 266.0 180.7 148.3 259.5 278.4 221.6 240.2 102.3 306.3 121.9 186.5 53.0 206.3 290.5 169.1 102.2 84.0 129.9 109.7 213.7 67.0 296.0 218.4 125.4 197.0 195.9 192.8 27.3 153.9 146.1 148.6 11.0 291.1 14.5 136.1 65.4 259.2 182.5 61.2 177.4 138.6 219.2 192.6 158.4 239.8 171.2 195.9 118.1 12.8 295.5 28.7 275.5 71.4 256.4 111.0 218.6 105.0 92.7 158.4 4.3 217.2 156.0 238.4 90.5 246.8 206.1 211.9 314.8 208.8 88.0 169.6 236.5 164.4 129.3 256.6 137.5 257.3 209.7 152.3 142.8 287.8 187.1 117.0 259.7 64.4 28.7 226.8 125.1 224.3 202.5 160.2 233.4 256.1 165.1
1819.1 195.4 297.0 268.4 0.0 314.7 331.1 232.9 289.0 126.0 228.6 318.9 139.1 87.8 181.9 265.4 314.5 238.5 343.7 219.0 219.3 202.9 187.3 74.8 317.4 265.1 261.1 248.3 219.7 265.4 252.1 143.6 328.9 236.7 265.1 227.4 213.6 305.4 48.2 187.5 259.7 250.3 261.7 282.9 114.1 306.2 257.5 264.6 212.0 296.9 338.7 19.3 118.3 340.6 126.9 250.3 230.4 242.7 334.5 326.7 178.9 256.3 10.8 252.6 173.3 333.9 63.0 154.0 280.3 102.1 185.7 80.2 198.4 192.7 175.2 282.4 266.9 257.7 254.5 289.8 238.1 305.0 339.9 323.3 210.2 45.9 241.9 356.6 106.1 263.1 114.6 304.9 224.3 245.9 250.1 58.4 159.4 273.7 214.6 320.3 300.0 229.4 172.1 240.2 249.3 315.0 282.1 145.1 145.5 274.3 248.8 240.1 216.9 260.2 236.3 238.1 281.7 315.9 162.9 243.7 297.1 133.3 285.5 174.6
1802.5 189.8 42.7 285.3 304.9 0.0 186.7 240.2 70.0 262.4 271.0 81.8 336.2 219.4 242.4 247.0 218.8 163.3 186.2 277.1 110.8 119.3 204.5 232.4 73.3 122.6 77.3 265.2 208.0 250.2 175.4 241.6 171.4 98.2 168.3 164.2 99.0 212.8 261.9 300.8 143.0 264.0 185.2 83.7 311.2 224.5 243.6 146.3 262.7 192.6 267.5 287.7 310.8 208.9 289.4 152.4 97.3 256.4 177.0 169.2 209.5 274.6 292.1 269.5 311.0 253.5 315.4 278.7 246.1 302.9 199.5 319.6 135.2 250.8 300.7 136.1 131.2 271.1 271.4 88.7 255.0 9.6 263.1 11.3 227.1 271.1 226.7 251.4 201.1 280.0 350.8 155.4 161.8 232.6 187.6 248.8 355.0 108.0 151.4 239.5 138.9 98.7 296.8 282.3 152.7 171.7 32.5 270.6 336.4 133.4 63.0 101.3 298.0 200.5 254.6 255.0 85.8 174.7 281.2 159.0 144.1 325.8 64.5 328.1
1668.6 192.4 172.4 141.0 344.1 171.4 0.0 219.0 206.7 249.6 249.8 209.4 325.0 239.1 227.2 159.6 66.0 155.1 59.9 264.3 169.5 185.9 191.7 252.1 200.9 248.0 160.9 188.1 120.6 129.3 269.9 244.2 50.8 192.7 274.2 224.9 236.0 60.0 304.3 263.7 109.4 199.9 129.2 213.4 327.6 83.9 140.4 58.9 241.5 136.6 114.7 330.1 298.0 56.1 276.6 118.8 98.9 168.4 56.4 48.6 212.1 196.1 334.5 192.4 289.8 100.7 321.6 265.9 117.6 315.6 202.1 318.0 195.9 238.0 303.3 80.4 116.4 249.9 194.3 218.4 169.8 181.1 110.3 160.0 170.3 281.0 139.3 98.6 220.8 145.4 349.2 58.5 241.7 145.2 250.1 268.5 339.1 237.7 212.1 81.3 72.1 159.4 284.0 261.1 252.4 40.0 180.2 273.2 315.2 65.7 210.7 89.6 276.8 263.0 186.3 169.8 129.3 12.7 283.8 125.4 64.1 313.0 162.4 306.9
1666.3 73.3 223.3 96.7 221.1 246.5 209.2 0.0 234.6 114.4 30.7 257.5 105.9 121.1 94.4 118.0 178.9 165.8 250.9 60.0 155.9 141.5 56.5 134.1 256.0 200.2 187.4 76.6 103.8 127.1 210.4 125.1 245.1 163.7 222.8 166.0 178.9 194.0 250.7 60.5 164.7 75.4 166.7 211.4 130.9 193.9 120.5 150.0 22.4 198.7 163.8 240.4 162.8 222.2 133.7 155.3 169.0 67.8 250.7 242.9 93.0 86.0 235.5 80.9 70.7 162.2 203.6 105.2 138.8 139.2 83.0 181.0 137.0 86.3 184.2 187.4 189.4 24.7 82.8 228.4 66.4 236.8 168.2 246.7 84.5 163.0 103.6 189.5 102.8 91.4 161.0 206.7 182.8 109.5 191.2 150.5 134.6 212.3 153.2 184.8 205.9 168.0 87.1 42.0 201.0 223.0 213.9 154.1 96.1 162.9 183.4 178.7 57.7 204.1 85.4 66.4 217.1 204.5 168.7 148.7 237.8 163.8 219.8 87.8
1837.3 172.2 44.2 267.7 302.1 77.0 205.3 222.6 0.0 244.8 253.4 67.6 318.6 201.8 224.8 261.5 252.3 176.0 225.2 259.5 116.1 101.7 186.9 214.8 28.3 80.1 85.0 247.6 219.0 264.7 159.7 224.0 210.4 104.6 130.1 146.2 99.4 243.2 262.3 267.3 161.6 246.4 203.8 6.6 293.6 244.0 253.6 164.9 245.1 211.2 306.5 288.1 293.2 247.9 271.8 171.0 108.9 238.8 216.0 208.2 191.9 255.6 292.5 251.9 293.4 292.5 284.3 261.1 264.7 281.6 181.9 302.0 117.2 233.2 283.1 154.7 149.8 253.5 253.8 50.5 237.4 67.3 302.1 89.5 209.5 243.7 241.2 290.4 183.5 262.4 333.2 174.0 149.9 245.2 171.4 231.2 337.4 69.8 133.4 263.2 160.6 117.3 279.2 264.7 75.6 187.3 69.1 253.0 318.8 152.0 83.9 121.6 280.4 184.3 235.6 237.4 117.1 193.3 267.6 177.6 160.6 308.2 83.1 310.5
1748.6 95.0 245.0 179.0 140.4 268.2 254.6 108.1 256.3 0.0 103.8 279.2 102.9 137.0 58.2 172.8 240.8 187.5 284.0 92.9 177.6 163.2 61.2 124.0 277.7 221.9 209.1 158.9 146.4 176.0 232.1 47.6 269.2 185.4 244.5 187.7 200.6 232.1 188.6 56.9 186.4 157.7 188.4 233.1 77.9 232.0 169.4 188.1 87.2 220.4 246.1 159.7 48.3 267.3 26.9 177.0 194.7 150.1 274.8 267.0 79.7 168.3 154.8 163.2 104.7 244.5 116.0 12.2 187.7 69.6 89.7 68.3 158.7 66.6 79.2 209.1 211.1 132.9 165.1 250.1 148.7 258.5 250.5 268.4 133.4 93.4 152.5 267.2 124.5 173.7 99.5 228.4 204.5 158.4 212.9 107.6 92.5 234.0 174.9 255.3 227.6 189.7 30.3 110.9 222.7 244.7 235.6 49.1 130.1 201.0 205.1 200.4 90.8 225.8 148.3 148.7 238.8 242.6 59.7 170.4 259.5 63.3 241.5 121.8
1687.1 94.1 244.1 117.5 241.9 267.3 230.0 20.7 248.4 112.2 0.0 278.3 111.6 141.9 66.4 138.8 199.7 181.8 271.7 29.3 176.7 162.3 77.3 154.9 276.8 224.5 208.2 97.4 124.6 147.9 231.2 145.9 265.9 196.1 243.6 186.8 199.7 214.8 271.5 50.3 185.5 96.2 187.5 239.1 136.6 214.7 136.8 170.8 28.1 219.5 184.6 261.2 160.6 243.0 139.2 176.1 193.8 88.6 271.5 263.7 113.8 105.4 256.3 101.7 64.5 183.0 224.4 110.9 159.6 144.9 103.8 180.6 157.8 55.6 191.5 208.2 210.2 45.5 103.6 249.2 87.2 257.6 189.0 267.5 105.3 183.8 124.4 210.3 123.6 112.2 166.7 227.5 203.6 128.4 212.0 171.3 140.3 233.1 174.0 200.2 226.7 188.8 92.8 11.2 221.8 240.8 234.7 161.4 101.8 183.7 204.2 199.5 63.4 224.9 107.6 87.2 237.9 225.3 172.0 169.5 256.5 169.5 240.6 93.5
1839.7 210.0 53.0 305.5 327.0 85.8 214.1 260.4 60.6 282.6 291.2 0.0 356.4 239.6 262.6 274.4 256.0 190.7 223.4 297.3 138.2 139.5 224.7 252.6 55.1 64.8 104.7 285.4 235.4 277.6 202.8 261.8 208.6 125.6 110.5 191.6 144.4 250.0 284.0 321.0 170.4 284.2 212.6 74.3 331.4 251.9 271.0 173.7 282.9 220.0 304.7 309.8 331.0 246.1 309.6 179.8 120.7 276.6 214.2 206.4 229.7 294.8 314.2 289.7 331.2 290.7 322.1 298.9 273.5 323.1 219.7 339.8 162.6 271.0 320.9 163.5 158.6 291.3 291.6 30.9 275.2 76.1 300.3 88.5 247.3 293.2 254.1 288.6 221.3 300.2 371.0 182.8 193.0 260.0 216.8 269.0 375.2 50.2 178.8 276.7 166.3 126.1 317.0 302.5 143.3 199.1 77.9 290.8 356.6 160.8 108.4 130.4 318.2 229.7 274.8 275.2 123.0 202.1 305.4 186.4 171.5 346.0 91.9 348.3
1679.9 167.1 317.1 148.6 140.2 340.3 261.1 93.7 328.4 111.8 89.4 351.3 0.0 125.7 153.4 169.9 230.8 259.6 302.8 118.7 249.7 235.3 150.3 112.7 349.8 294.0 281.2 128.5 190.8 209.7 304.2 129.4 297.0 257.5 316.6 259.8 271.0 251.0 182.8 60.1 258.5 127.3 260.5 305.2 25.0 250.9 203.1 237.0 72.8 292.5 215.7 159.5 104.1 274.1 107.7 249.1 266.8 119.7 302.6 294.8 161.5 137.9 154.6 132.8 22.6 214.1 122.7 104.8 209.9 33.3 171.5 75.0 230.8 145.0 161.0 278.3 283.2 118.5 134.7 322.2 118.3 330.6 220.1 340.5 185.3 82.1 157.3 241.4 144.0 143.3 96.3 297.6 276.6 192.1 285.0 96.3 82.2 306.1 247.0 236.7 309.5 261.8 86.7 100.7 294.8 286.2 307.7 130.9 31.4 249.9 277.2 272.5 87.2 297.9 137.3 118.3 310.9 273.8 145.5 242.5 306.8 111.4 313.6 35.4
1750.1 85.0 196.8 180.5 99.9 220.0 240.0 135.4 208.1 116.9 166.2 231.0 116.7 0.0 137.6 174.3 226.6 155.4 255.8 172.3 129.4 115.0 99.7 13.0 229.5 173.7 160.9 160.4 131.8 177.5 183.9 134.5 241.0 137.2 196.3 139.5 152.4 217.5 142.5 176.9 171.8 159.2 173.8 194.4 91.7 217.4 170.9 173.5 157.9 205.8 247.6 119.2 109.2 252.7 117.8 162.4 146.5 151.6 246.6 238.8 104.7 169.8 114.3 164.7 139.4 246.0 82.4 144.9 189.2 83.4 94.7 100.1 110.5 146.0 166.1 194.5 179.0 166.3 166.6 201.9 150.2 210.3 252.0 220.2 122.3 41.8 154.0 268.7 18.3 175.2 131.3 213.8 156.3 159.9 164.7 29.3 153.4 185.8 126.7 256.8 206.1 141.5 163.0 177.5 174.5 230.1 187.4 136.0 148.2 186.4 156.9 152.2 204.0 177.6 149.8 150.2 190.6 228.0 146.6 155.8 211.3 124.2 193.3 152.2
1738.6 82.6 235.0 169.0 192.2 258.2 242.2 84.7 236.9 48.2 66.4 269.2 151.2 132.8 0.0 160.4 228.4 172.7 274.0 34.6 169.6 153.2 48.8 145.8 267.7 215.4 211.4 148.9 136.4 166.0 222.1 95.9 259.2 187.0 232.1 177.7 196.3 219.7 236.9 114.3 176.4 145.3 178.4 227.6 123.8 222.9 152.5 178.1 92.1 208.0 233.7 208.0 96.6 257.3 75.2 167.0 178.3 137.7 264.8 257.0 104.7 154.5 200.7 153.2 128.5 234.5 164.3 64.5 177.7 114.2 92.3 116.6 148.7 8.3 127.5 199.1 201.1 109.5 155.1 240.1 138.7 248.5 240.5 256.0 123.4 141.7 142.5 257.2 112.1 161.3 145.4 216.0 192.1 146.5 202.9 155.9 137.7 224.0 164.9 220.9 223.6 179.7 80.2 52.6 210.3 231.7 225.6 97.4 165.8 191.0 192.7 190.4 92.2 213.4 130.7 138.7 226.4 230.2 112.0 160.4 247.4 111.6 235.8 157.5
1642.3 131.5 229.5 71.4 282.8 265.2 150.4 123.2 263.8 172.6 154.0 292.6 229.2 179.3 152.6 0.0 105.9 195.0 201.1 183.3 226.6 199.7 114.7 192.3 271.3 258.4 218.0 51.3 63.7 82.6 268.6 183.3 186.3 249.8 281.0 224.2 237.1 115.0 308.9 167.9 166.5 104.1 186.3 270.5 250.6 114.9 71.5 109.9 145.7 193.7 110.5 298.6 221.0 150.2 199.6 175.9 193.2 63.0 191.9 184.1 151.2 59.3 293.7 55.6 194.0 96.5 261.8 188.9 73.9 242.3 141.2 241.0 195.2 161.0 242.4 151.2 175.9 154.1 57.5 275.5 64.4 255.5 106.1 272.0 97.0 221.2 30.2 119.9 161.0 66.1 272.2 170.5 241.0 65.0 249.4 208.7 257.9 294.8 211.4 100.9 182.4 216.5 207.0 165.3 259.2 178.9 237.3 212.3 219.4 122.8 267.8 202.9 181.0 262.3 90.5 64.4 236.3 163.1 226.9 182.5 196.1 236.0 240.4 211.1
1639.4 175.0 203.8 97.6 322.8 202.1 45.6 189.7 238.1 232.2 220.5 240.1 295.7 222.8 209.8 104.8 0.0 179.2 96.3 246.9 200.9 217.3 174.3 235.8 231.6 279.4 192.3 154.4 103.2 63.2 301.3 226.8 81.5 224.1 304.9 256.3 261.0 42.5 335.0 234.4 150.0 170.6 172.2 254.3 310.2 65.5 74.3 95.8 212.2 179.6 84.0 342.1 280.6 58.6 259.2 159.4 129.6 125.0 87.1 79.3 194.7 108.7 337.2 112.2 248.6 70.0 305.3 248.5 51.5 298.2 184.7 300.6 227.3 220.6 285.9 111.1 147.1 220.6 110.5 249.8 126.4 211.8 79.6 189.6 152.9 264.7 105.6 67.9 204.5 102.0 331.8 89.2 273.1 80.8 281.5 252.2 321.7 269.1 243.5 56.0 102.8 190.8 266.6 231.8 283.1 70.7 211.6 255.8 285.9 108.7 242.1 120.3 247.5 294.4 157.0 126.4 160.0 58.3 266.4 166.0 93.4 295.6 193.1 277.6
1781.2 131.5 113.7 211.6 268.1 149.4 140.4 166.5 152.8 188.7 197.3 176.8 272.5 163.1 166.3 189.2 187.4 0.0 154.3 203.4 110.8 127.2 130.8 176.1 155.5 189.3 102.2 191.5 134.7 192.4 185.8 183.3 139.5 123.7 198.2 141.4 160.0 178.3 228.3 204.6 79.1 184.2 107.1 162.1 248.3 174.3 181.3 100.0 189.0 132.5 240.4 254.1 237.1 177.0 215.7 69.7 77.4 176.1 145.1 137.3 144.6 192.9 258.5 195.8 225.4 221.6 245.6 205.0 195.0 242.9 141.2 257.1 112.4 177.1 242.4 85.0 28.3 197.4 197.7 159.7 181.3 144.5 236.0 161.0 125.2 205.0 168.9 224.3 144.8 199.7 288.3 104.3 158.2 172.9 166.6 192.5 278.2 179.0 128.6 192.3 93.8 100.7 216.5 208.6 176.4 117.6 121.5 212.3 262.7 82.3 152.0 87.1 224.3 179.5 164.0 181.3 120.5 128.4 216.3 63.1 72.9 252.1 124.6 254.4
1671.3 221.3 184.9 171.8 359.1 183.2 65.7 263.0 212.2 285.2 293.8 221.2 367.7 250.9 265.2 201.6 96.8 167.1 0.0 299.9 184.0 198.4 227.3 263.9 212.7 264.8 184.3 190.5 174.8 160.1 282.4 273.1 14.8 205.2 286.0 237.4 242.1 90.8 316.1 323.6 137.9 254.1 158.0 225.9 342.7 113.8 166.7 113.1 285.5 165.4 119.9 341.9 333.6 77.4 312.2 147.3 107.1 199.2 9.2 17.0 241.0 181.5 346.3 186.4 333.8 131.5 333.4 301.5 148.4 334.4 231.0 351.1 208.4 273.6 332.2 81.0 135.0 293.9 184.7 230.9 200.6 192.9 124.3 170.7 221.7 292.8 193.5 107.7 232.6 176.2 382.3 59.1 254.2 177.7 262.6 280.3 377.8 250.2 224.6 117.5 96.7 171.9 319.6 305.1 264.2 40.6 192.7 302.1 359.2 100.2 223.2 101.4 320.8 275.5 241.9 200.6 141.1 78.4 312.7 153.9 79.2 348.6 178.5 350.9
1716.4 119.7 269.7 146.8 223.4 292.9 259.3 50.0 281.0 82.9 29.3 303.9 140.9 167.5 34.6 168.1 229.0 212.2 301.0 0.0 202.3 187.9 85.9 180.5 302.4 246.6 233.8 126.7 153.9 177.2 256.8 130.6 293.9 210.1 269.2 212.4 225.3 244.1 271.6 95.5 211.1 125.5 213.1 257.8 160.9 244.0 170.6 200.1 57.4 245.1 213.9 242.7 131.3 272.3 109.9 201.7 219.4 117.9 299.5 291.7 139.4 136.1 237.8 131.0 105.7 212.3 199.0 99.2 188.9 152.6 129.4 151.3 183.4 26.3 162.2 233.8 235.8 74.8 132.9 274.8 116.5 283.2 218.3 293.1 134.6 176.4 153.7 239.6 149.2 141.5 182.5 253.1 229.2 159.6 237.6 190.6 169.6 258.7 199.6 234.9 252.3 214.4 117.3 18.0 247.4 269.4 260.3 132.1 131.1 213.0 229.8 225.1 92.7 250.5 135.5 116.5 263.5 254.6 146.7 195.1 284.2 146.3 266.2 122.8
1762.4 97.3 74.5 192.8 230.4 110.2 169.5 147.7 106.8 169.9 178.5 137.6 243.7 126.9 147.5 186.6 214.5 96.3 189.4 184.6 0.0 14.4 112.0 139.9 116.3 109.0 63.0 172.7 144.1 189.8 101.9 149.1 174.6 84.5 128.1 53.3 89.9 205.4 210.1 194.4 125.8 171.5 153.8 113.5 218.7 208.2 178.7 129.1 170.2 173.4 259.9 235.9 218.3 210.1 196.9 116.4 74.1 163.9 180.2 172.4 117.0 180.7 240.3 177.0 206.6 256.7 209.4 186.2 201.5 206.7 107.0 227.1 24.3 158.3 208.2 118.9 112.0 178.6 178.9 120.5 162.5 98.5 264.3 113.3 134.6 168.8 166.3 252.6 110.6 187.5 258.3 136.2 72.1 170.3 78.5 156.3 259.4 139.8 40.5 227.4 127.7 12.0 204.3 189.8 106.3 151.5 82.3 178.1 243.9 116.2 110.8 83.8 205.5 91.4 160.7 162.5 61.3 155.5 192.7 109.8 124.8 233.3 85.4 235.6
1748.0 82.9 88.9 178.4 212.5 124.6 183.9 133.3 116.2 155.5 164.1 152.0 229.3 112.5 135.5 172.2 219.7 86.7 187.1 170.2 14.4 0.0 97.6 125.5 130.7 91.1 88.3 158.3 129.7 175.4 87.5 134.7 172.3 54.6 113.7 38.9 69.8 213.7 195.7 193.9 111.4 157.1 139.4 129.9 204.3 215.3 168.8 143.5 155.8 171.4 245.5 221.5 203.9 209.8 182.5 102.0 73.8 149.5 177.9 170.1 102.6 167.7 225.9 162.6 204.1 243.9 195.0 171.8 187.1 196.0 92.6 212.7 9.9 143.9 193.8 133.3 110.3 164.2 164.5 134.9 148.1 114.9 249.9 129.7 120.2 154.4 151.9 252.3 94.2 173.1 243.9 152.6 55.7 157.8 64.1 141.9 248.1 103.2 26.1 240.4 136.1 26.5 189.9 175.4 91.9 168.9 96.7 163.7 229.5 130.6 74.3 83.5 191.1 77.0 147.7 148.1 77.7 171.9 178.3 95.4 141.3 218.9 95.5 221.2
1687.3 33.7 183.7 117.7 185.0 206.9 193.3 72.6 188.0 57.8 101.8 217.9 160.8 81.5 35.4 111.5 179.5 121.4 222.7 72.5 116.3 101.9 0.0 94.5 216.4 164.1 147.8 97.6 85.1 114.7 170.8 85.5 207.9 124.1 183.2 126.4 139.3 170.8 211.1 140.6 125.1 96.4 127.1 171.8 135.8 170.7 103.6 126.8 95.1 159.1 184.8 200.8 106.2 206.0 84.8 115.7 129.4 88.8 213.5 205.7 53.4 105.6 195.9 101.9 166.7 183.2 164.0 74.1 126.4 123.8 43.4 126.2 97.4 46.2 137.1 147.8 149.8 100.4 103.8 188.8 87.4 197.2 189.2 208.2 72.1 123.4 91.2 205.9 63.2 112.4 157.4 167.1 143.2 97.1 151.6 110.9 147.3 172.7 113.6 194.0 166.3 128.4 92.2 90.5 161.4 180.4 174.3 107.0 191.5 139.7 143.8 139.1 101.8 164.5 85.6 87.4 177.5 181.3 121.6 109.1 194.7 121.2 180.2 183.8
1763.1 98.0 209.8 193.5 86.9 233.0 253.0 148.4 221.1 103.9 193.2 244.0 103.7 13.0 162.2 187.3 239.6 168.4 268.8 196.9 142.4 128.0 112.7 0.0 242.5 186.7 173.9 173.4 144.8 190.5 196.9 121.5 254.0 150.2 209.3 152.5 165.4 230.5 129.5 163.9 184.8 172.2 186.8 197.9 78.7 230.4 183.9 186.5 176.6 218.8 260.6 106.2 96.2 265.7 104.8 175.4 155.5 164.6 259.6 251.8 117.7 182.8 101.3 177.7 126.4 259.0 69.4 131.9 202.2 70.4 107.7 87.1 123.5 170.6 153.1 207.5 192.0 179.3 179.6 214.9 163.2 223.3 265.0 233.2 135.3 28.8 167.0 281.7 31.3 188.2 118.3 226.8 169.3 172.9 177.7 16.3 140.4 198.8 139.7 269.8 219.1 154.5 150.0 204.5 187.5 243.1 200.4 123.0 135.2 199.4 169.9 165.2 191.0 190.6 162.8 163.2 203.6 241.0 137.6 168.8 224.3 111.2 206.3 139.2
1828.1 199.7 30.8 295.2 328.1 63.6 191.9 250.1 20.4 272.3 280.9 74.2 346.1 229.3 252.3 252.2 238.9 168.5 211.8 287.0 116.0 129.2 214.4 242.3 0.0 91.0 82.5 275.1 213.2 255.4 180.6 251.5 197.0 103.4 136.7 169.4 122.2 229.8 285.1 310.7 148.2 273.9 190.4 34.1 321.1 229.7 248.8 151.5 272.6 197.8 293.1 310.9 320.7 234.5 299.3 157.6 98.5 266.3 202.6 194.8 219.4 284.5 315.3 279.4 320.9 279.1 311.8 288.6 251.3 312.8 209.4 329.5 140.4 260.7 310.6 141.3 136.4 281.0 281.3 57.1 264.9 53.9 288.7 75.0 237.0 271.2 231.9 277.0 211.0 289.9 360.7 160.6 170.8 237.8 194.6 258.7 364.9 76.4 156.6 265.1 144.1 103.9 306.7 292.2 103.1 176.9 55.7 280.5 346.3 138.6 86.2 108.2 307.9 207.5 264.5 264.9 103.7 179.9 291.1 164.2 149.3 335.7 69.7 338.0
1810.2 145.1 82.2 240.6 275.0 115.0 243.3 195.5 73.1 217.7 226.3 57.2 291.5 174.7 195.3 234.4 281.9 144.1 249.3 232.4 91.0 74.6 164.1 187.7 84.3 0.0 101.9 220.5 191.9 237.6 132.6 196.9 234.5 77.5 49.9 123.4 78.0 275.9 235.2 240.2 173.6 219.3 201.6 66.4 266.5 278.4 226.5 202.9 218.0 233.6 312.0 261.0 266.1 272.0 244.7 164.2 136.0 216.0 240.1 232.3 169.1 232.8 265.4 224.8 258.7 306.1 257.2 234.0 249.3 254.5 154.8 274.9 90.1 206.1 256.0 192.7 176.8 226.4 226.7 28.2 210.3 105.3 312.1 122.9 182.4 216.6 214.1 314.5 160.7 235.3 306.1 208.5 122.8 218.1 144.3 204.1 307.2 12.1 106.3 287.3 201.5 101.1 256.4 241.9 66.5 225.3 87.3 225.9 291.7 190.0 56.8 145.7 253.3 161.5 208.5 210.3 152.4 227.8 240.5 157.6 197.2 281.1 125.4 283.4
1793.6 128.5 43.7 224.0 261.6 79.4 160.2 178.9 65.7 201.1 209.7 106.8 274.9 158.1 178.7 217.8 219.5 127.5 192.4 215.8 74.4 58.0 154.1 171.1 85.5 119.3 0.0 203.9 175.3 221.0 98.0 180.3 177.6 10.6 128.4 104.8 90.2 210.4 240.1 234.5 128.8 202.7 171.0 72.4 249.9 211.2 209.9 132.1 201.4 178.4 273.7 265.9 249.5 202.8 228.1 138.2 66.8 195.1 183.2 175.4 148.2 211.9 281.2 208.2 237.8 259.7 240.6 217.4 219.6 237.9 138.2 258.3 73.5 189.5 239.4 121.9 104.7 209.8 210.1 89.7 193.7 57.4 257.0 90.8 165.8 200.0 197.5 257.6 139.8 229.6 289.5 128.9 88.2 201.5 114.0 187.5 290.6 109.0 89.7 230.4 130.7 84.5 235.5 221.0 106.6 154.5 51.5 209.3 275.1 119.2 69.7 76.5 236.7 137.8 202.8 193.7 72.0 160.5 234.8 141.0 127.8 264.5 36.6 266.8
1590.9 110.2 269.6 20.0 258.0 289.0 132.5 68.5 296.9 151.3 99.3 327.0 125.4 158.0 131.3 94.8 102.2 248.1 174.2 128.6 192.8 178.4 93.4 171.0 311.4 237.1 269.0 0.0 79.2 93.0 247.3 162.0 168.4 200.6 259.7 202.9 215.8 122.4 287.6 119.1 206.6 34.3 226.4 310.6 150.4 122.3 99.6 150.0 91.0 233.8 87.1 277.3 199.7 145.5 178.3 216.0 216.5 8.6 174.0 166.2 129.9 9.4 272.4 4.3 129.3 85.5 240.5 163.8 81.3 158.7 119.9 200.5 173.9 139.7 221.1 191.3 216.0 99.4 6.1 315.6 10.0 295.6 91.5 276.5 92.3 199.9 45.7 112.8 139.7 14.7 198.5 176.1 219.7 110.6 228.1 187.4 193.2 249.2 190.1 108.1 195.7 256.6 145.7 110.6 237.9 157.6 277.4 191.0 133.6 162.9 220.3 207.2 98.3 241.0 44.3 10.0 246.9 145.2 201.6 222.6 178.2 214.7 276.2 146.4
1673.9 71.7 161.2 103.0 219.5 196.9 108.1 106.7 188.5 128.9 137.5 224.3 212.7 119.5 108.9 54.4 94.7 136.0 157.8 143.6 160.3 139.9 71.0 132.5 203.0 198.6 160.6 82.9 0.0 57.6 208.8 123.5 143.0 181.5 221.2 164.4 177.3 85.6 249.1 167.3 98.2 94.7 118.0 202.2 206.9 85.5 51.0 41.6 129.2 125.4 163.5 238.8 177.3 120.8 155.9 107.6 128.9 115.6 148.6 140.8 91.4 92.3 233.9 87.2 177.5 149.5 202.0 145.2 69.3 198.6 81.4 197.3 135.4 117.3 182.6 82.9 107.6 137.6 89.1 207.2 114.2 187.2 159.1 202.6 49.6 161.4 34.1 145.5 101.2 97.7 228.5 102.2 181.2 40.0 189.6 148.9 221.5 226.5 151.6 133.6 114.1 148.2 163.3 148.8 199.4 118.5 169.0 152.5 202.9 54.5 199.5 134.6 164.5 202.5 82.5 114.2 168.0 96.1 163.1 114.2 140.5 192.3 167.8 194.6
1654.0 134.7 221.0 111.2 282.5 256.7 110.4 126.4 248.3 175.8 157.2 284.1 232.4 182.5 155.8 62.6 64.7 199.5 161.1 186.5 220.1 202.9 117.9 195.5 262.8 261.6 220.4 91.1 66.9 0.0 271.8 186.5 146.3 241.3 284.2 227.4 240.3 73.8 312.1 187.0 158.0 107.3 177.8 262.0 253.8 73.7 6.6 101.4 148.9 185.2 109.1 301.8 224.2 109.0 202.8 167.4 184.7 128.2 151.9 144.1 154.4 100.5 296.9 95.4 197.2 95.1 265.0 192.1 11.6 245.5 144.4 244.2 198.4 164.2 245.6 142.7 167.4 157.3 97.3 267.0 126.8 247.0 104.7 254.4 100.2 224.4 42.3 91.1 164.2 105.9 275.4 154.0 244.2 17.5 252.6 211.9 261.1 286.3 214.6 79.2 173.6 208.0 210.2 168.5 262.4 135.5 228.8 215.5 222.6 114.3 259.3 185.1 184.2 265.5 95.1 126.8 224.8 123.1 226.1 174.0 156.1 239.2 227.6 214.3
1841.1 176.0 146.3 271.5 215.4 182.0 275.1 226.4 173.6 275.0 257.2 190.6 274.8 223.5 228.6 265.3 322.1 179.8 295.0 263.3 106.7 92.3 190.7 210.5 188.1 133.3 102.5 251.4 222.8 268.5 0.0 227.8 280.2 78.8 135.9 57.1 86.5 313.0 172.4 287.0 204.5 250.2 232.5 144.5 249.8 312.9 261.9 234.7 248.9 264.5 338.6 198.2 267.3 317.7 275.9 195.1 185.7 242.6 285.8 278.0 195.7 260.8 202.6 255.7 297.5 337.0 225.9 264.9 280.2 241.5 185.7 258.2 83.0 237.0 286.9 224.5 203.4 257.3 257.6 161.5 241.2 172.3 343.0 193.4 213.3 181.6 245.0 360.2 187.3 266.2 289.4 243.8 40.5 250.9 66.3 194.1 311.5 145.4 68.5 348.3 227.3 118.8 283.0 268.5 120.1 260.1 150.1 256.8 306.3 221.8 119.6 191.4 284.2 79.2 240.8 241.2 170.1 263.1 267.4 188.5 232.5 282.3 134.9 310.3
1753.5 51.8 218.4 183.9 168.0 241.6 243.4 161.6 229.7 37.6 157.3 252.6 130.5 116.2 95.9 177.7 230.0 176.3 272.8 130.6 151.0 136.6 98.9 129.2 251.1 195.3 182.5 163.8 135.2 180.9 205.5 0.0 258.0 158.8 217.9 161.1 174.0 220.9 216.2 110.3 175.2 162.6 177.2 206.5 105.5 220.8 174.3 176.9 140.7 209.2 251.0 187.3 75.9 256.1 54.5 165.8 168.1 155.0 263.6 255.8 32.1 173.2 182.4 168.1 150.0 249.4 143.6 65.6 192.6 97.2 42.0 95.9 132.1 104.3 59.0 197.9 199.9 186.4 170.0 223.5 153.6 231.9 255.4 241.8 125.7 121.0 157.4 272.1 97.9 178.6 127.1 217.2 177.9 163.3 186.3 135.2 120.1 207.4 148.3 260.2 216.4 163.1 83.7 148.6 196.1 233.5 209.0 28.9 161.2 189.8 178.5 173.8 128.5 199.2 153.2 153.6 212.2 231.4 43.5 159.2 232.9 90.9 214.9 166.0
1686.1 213.2 176.9 157.0 351.1 175.2 50.9 248.2 204.2 270.4 279.0 213.2 354.2 242.9 250.4 186.8 82.0 152.3 14.8 285.1 176.0 190.4 212.5 255.9 204.7 256.8 176.3 175.7 160.0 145.3 274.4 265.0 0.0 197.2 278.0 229.4 234.1 76.0 308.1 308.8 123.1 239.3 143.2 227.4 334.7 99.0 151.9 98.3 270.7 150.6 130.7 333.9 318.8 72.1 297.4 132.5 99.1 184.4 5.6 2.1 232.9 166.7 338.3 171.6 319.0 116.7 325.4 286.7 133.6 326.4 222.9 338.8 200.4 258.8 324.1 66.2 120.2 279.1 169.9 222.9 185.8 184.9 126.3 162.7 206.9 284.8 178.7 114.6 224.6 161.4 370.0 44.3 246.2 162.9 254.6 272.3 363.0 242.2 216.6 102.7 81.9 163.9 304.8 290.3 256.2 25.8 184.7 294.0 344.4 85.4 215.2 93.4 306.0 267.5 227.1 185.8 133.1 63.6 304.6 139.1 64.4 333.8 170.5 336.1
1772.7 107.6 67.4 203.1 240.7 103.1 184.6 158.0 90.1 180.2 199.1 130.5 254.0 137.2 157.8 196.9 231.6 106.6 211.8 194.9 53.5 37.1 122.3 150.2 109.2 88.4 36.0 183.0 154.4 200.1 77.1 159.4 197.0 0.0 107.5 83.9 69.3 234.1 219.2 202.7 136.1 192.1 164.1 96.8 229.0 234.9 189.0 144.2 180.5 196.1 280.5 245.0 228.6 227.2 207.2 126.7 98.5 184.5 202.6 194.8 137.6 201.3 249.4 187.3 216.9 268.6 219.7 196.5 211.8 217.0 117.3 237.4 52.6 168.6 218.5 145.6 129.1 188.9 189.2 113.4 172.8 81.8 281.4 114.5 144.9 179.1 176.6 269.7 129.2 197.8 268.6 153.3 67.3 180.6 93.1 166.6 269.7 97.0 68.8 249.8 154.4 63.6 224.9 200.1 96.0 178.2 75.2 188.4 254.2 142.9 68.1 100.9 215.8 106.0 171.0 172.8 96.4 172.6 209.3 120.1 151.5 243.6 60.3 245.9
1835.7 170.6 110.8 266.1 258.7 143.6 271.9 221.0 98.6 243.2 251.8 85.8 321.3 200.2 220.8 259.9 318.9 169.6 274.8 257.9 114.5 100.1 185.3 213.2 112.9 32.0 115.1 246.0 217.4 263.1 146.6 222.4 260.0 91.4 0.0 135.4 84.6 309.8 218.9 265.7 199.1 244.8 227.1 82.4 296.3 309.7 252.0 231.5 243.5 259.1 333.2 244.7 313.8 297.5 270.2 189.7 161.5 237.2 265.6 257.8 190.3 254.0 249.1 250.3 291.8 331.6 272.4 259.5 274.8 288.0 180.3 304.7 115.6 231.6 281.5 221.3 198.0 251.9 252.2 56.7 235.8 133.9 337.6 155.0 207.9 228.1 239.6 340.0 181.9 260.8 335.9 240.6 118.8 243.6 144.6 240.6 354.9 40.6 146.8 328.1 224.1 126.6 277.6 263.1 67.6 256.9 112.8 251.4 317.2 218.6 82.3 171.2 278.8 157.5 234.0 235.8 183.7 259.9 266.0 183.1 225.8 328.8 154.0 308.9
1788.7 123.6 124.1 219.1 212.4 159.8 219.1 174.0 139.2 196.2 204.8 169.1 275.0 153.2 176.2 212.9 266.1 122.6 239.0 210.9 49.5 35.1 138.3 166.2 165.9 115.3 112.6 199.0 170.4 216.1 48.5 175.4 224.2 75.3 134.4 0.0 81.8 257.0 172.6 218.7 152.1 197.8 180.1 129.9 250.0 256.9 205.0 178.7 196.5 225.0 286.2 198.4 267.5 261.7 223.2 142.7 129.7 190.2 229.8 222.0 143.3 207.0 202.8 203.3 232.9 284.6 226.1 212.5 227.8 241.7 133.3 258.4 25.9 184.6 234.5 168.5 163.6 204.9 205.2 140.0 188.8 150.1 290.6 164.9 160.9 181.8 192.6 304.2 134.9 213.8 289.6 187.8 16.7 196.6 25.1 194.3 308.6 123.9 11.4 292.3 177.3 61.6 230.6 216.1 112.6 201.1 131.9 204.4 270.2 165.8 95.0 135.4 231.8 38.0 187.0 188.8 112.9 207.1 219.0 136.1 176.5 282.5 130.7 261.9
1809.3 144.2 83.3 234.8 197.3 101.0 249.7 194.6 100.1 216.8 225.4 130.0 259.5 173.8 196.8 228.6 289.4 150.4 248.4 231.5 90.5 73.7 161.3 195.2 125.1 75.1 91.1 219.6 191.0 236.7 84.8 196.0 233.6 67.4 89.4 73.6 0.0 280.3 157.1 234.4 172.7 218.4 200.7 79.0 240.2 287.5 225.6 202.0 217.1 227.8 306.8 182.9 252.0 266.2 260.6 163.3 130.2 205.9 239.2 231.4 159.0 227.6 184.5 223.9 257.8 305.2 210.6 233.1 248.4 223.4 153.9 242.9 99.5 205.2 255.1 196.7 171.6 225.5 225.8 100.9 209.4 91.3 313.6 107.5 181.5 166.3 213.2 313.6 150.6 229.5 274.1 216.0 54.2 221.5 82.8 178.8 293.4 84.8 85.0 296.3 201.9 100.2 251.2 239.1 73.5 234.7 68.4 225.0 291.0 194.0 33.0 139.9 252.4 101.4 202.7 209.4 161.5 230.4 230.7 156.7 202.6 267.0 127.5 295.0
1663.0 167.0 198.3 107.8 314.8 196.6 40.1 193.6 232.6 224.2 224.4 234.6 299.6 214.8 201.8 115.0 49.3 180.3 90.8 238.9 195.4 211.8 166.3 227.8 226.1 273.9 186.8 162.7 95.2 73.4 295.8 218.8 76.0 208.3 299.4 250.8 264.0 0.0 329.5 238.3 144.4 174.5 164.2 239.3 302.2 22.9 84.5 87.8 216.1 171.6 111.7 334.1 272.6 35.1 251.2 153.8 120.5 135.2 81.6 73.8 186.7 118.9 329.2 167.0 264.4 97.7 297.3 240.5 61.7 290.2 176.7 292.6 221.8 212.6 277.9 105.6 141.6 224.5 120.7 244.3 136.6 206.3 107.3 184.1 144.9 256.7 113.9 95.6 196.5 112.2 323.8 83.7 267.6 91.0 276.0 244.2 313.7 263.6 238.0 83.7 97.3 185.3 258.6 235.7 277.6 65.2 206.1 247.8 289.8 100.7 236.6 114.8 251.4 288.9 160.9 136.6 154.5 52.8 258.4 160.4 89.3 287.6 187.6 281.5
1862.1 238.4 249.5 311.4 42.9 267.2 351.1 275.9 276.8 169.0 271.6 306.3 182.1 130.8 227.3 305.2 357.5 252.6 353.0 262.0 243.0 228.6 230.3 117.8 291.3 249.0 256.8 291.3 262.7 308.4 204.6 186.6 338.2 233.1 220.4 193.4 171.0 348.4 0.0 241.7 277.3 290.1 305.3 261.8 157.1 348.3 301.8 310.7 255.0 337.3 378.5 25.7 161.3 375.7 169.9 267.9 243.7 282.5 343.8 336.0 218.7 300.7 30.1 295.6 204.8 376.9 106.0 197.0 320.1 148.8 228.7 123.2 215.2 235.7 218.2 300.5 276.2 300.7 297.5 277.2 281.1 257.5 382.9 278.6 253.2 88.9 284.9 399.6 149.1 306.1 154.4 319.8 176.8 290.8 202.6 101.4 205.5 261.1 204.8 387.7 303.3 255.1 215.1 280.0 204.6 336.1 234.6 188.1 188.5 297.8 204.1 249.4 259.9 215.5 280.7 281.1 287.8 339.1 202.7 261.3 308.5 176.3 289.2 217.6
1708.5 118.7 268.7 137.6 201.5 291.9 250.1 45.3 273.0 68.6 41.0 302.9 61.2 166.5 107.4 158.9 219.8 211.2 291.8 70.3 203.3 186.9 101.9 174.0 301.4 249.1 232.8 117.5 149.2 172.5 255.8 122.1 286.0 209.1 268.2 211.4 224.3 240.0 244.1 0.0 210.1 116.3 212.1 256.8 86.2 240.8 161.4 195.4 24.4 244.1 204.7 220.8 122.8 263.1 89.0 200.7 214.4 108.7 291.6 283.8 138.4 125.5 215.9 121.8 14.1 203.1 184.0 56.4 198.9 98.2 128.4 136.3 182.4 96.6 153.7 232.8 234.8 70.1 123.7 273.8 107.3 282.2 209.1 292.1 129.9 143.4 146.3 230.4 148.2 132.3 116.3 252.1 228.2 153.0 236.6 157.6 89.9 257.7 198.6 225.7 257.3 213.4 38.3 52.3 246.4 275.2 259.3 123.6 51.4 208.3 228.8 224.1 38.8 249.5 127.7 107.3 262.5 262.8 134.2 194.1 295.8 119.1 265.2 43.1
1767.6 123.4 106.2 203.5 271.2 141.9 106.9 158.4 133.5 180.6 189.2 169.3 264.4 171.2 160.6 167.2 153.9 84.7 131.2 195.3 105.3 119.7 122.7 184.2 148.0 186.1 105.6 183.4 126.6 170.4 203.7 175.2 116.4 126.5 215.9 158.7 180.5 144.8 246.0 219.0 0.0 176.1 99.0 147.2 258.6 144.7 163.8 66.5 180.9 112.8 219.2 271.8 229.0 160.6 207.6 9.4 73.9 174.6 122.0 114.2 143.1 192.8 276.2 187.7 229.2 205.2 253.7 196.9 166.3 250.3 133.1 249.0 129.7 169.0 234.3 56.3 52.6 189.3 189.6 152.2 173.2 132.2 214.8 147.6 117.1 213.1 146.9 203.1 152.9 198.2 280.2 75.6 175.5 152.8 183.9 200.6 273.2 171.5 145.9 191.2 41.1 93.2 215.0 200.5 194.1 91.9 114.0 204.2 254.6 53.6 144.5 79.6 216.2 196.8 163.9 173.2 113.0 94.9 218.8 15.9 85.5 244.0 112.8 246.3
1620.6 110.4 257.7 49.7 258.2 293.4 162.2 102.1 292.0 151.5 132.9 320.8 208.1 158.2 129.1 71.0 131.9 186.2 203.9 162.2 193.0 178.6 93.6 171.2 299.5 240.8 224.5 29.6 91.9 110.8 247.5 162.2 198.1 200.8 259.9 203.1 216.0 152.1 287.8 146.8 185.1 0.0 187.1 258.0 229.5 152.0 99.7 138.1 124.6 219.1 116.8 277.5 199.9 175.2 178.5 175.7 225.4 20.8 203.7 195.9 130.1 37.6 272.6 33.9 161.0 115.2 240.7 167.8 111.0 217.5 120.1 219.9 174.1 139.9 221.3 179.4 204.1 133.0 35.8 265.5 19.4 283.7 121.2 299.1 57.9 200.1 58.4 142.5 139.9 44.4 251.1 198.7 219.9 91.3 228.3 187.6 236.8 249.4 190.3 137.8 216.6 205.1 185.9 144.2 238.1 187.3 265.5 191.2 198.3 151.0 220.5 231.1 159.9 241.2 11.3 19.4 264.5 174.9 201.8 169.1 210.0 214.9 264.3 190.0
1761.4 111.7 154.7 191.8 259.5 190.4 133.0 146.7 182.0 168.9 177.5 217.8 252.7 159.5 148.9 169.4 180.0 106.4 157.3 183.6 153.8 168.2 111.0 172.5 196.5 234.6 154.1 171.7 114.9 172.6 217.8 163.5 142.5 175.0 230.2 173.4 186.3 170.9 260.3 207.3 91.7 164.4 0.0 195.7 246.9 170.8 166.0 92.6 169.2 93.7 247.8 286.1 217.3 189.2 195.9 95.9 122.4 162.9 148.1 140.3 131.4 181.1 273.9 176.0 217.5 233.8 242.0 185.2 184.3 238.6 121.4 237.3 144.4 157.3 222.6 82.4 101.1 177.6 177.9 200.7 161.5 180.7 243.4 196.1 105.4 201.4 149.1 230.8 141.2 186.5 268.5 101.7 190.2 155.0 198.6 188.9 261.5 220.0 160.6 218.9 107.6 141.7 203.3 188.8 208.4 118.0 162.5 192.5 242.9 79.7 193.0 128.1 204.5 211.5 152.2 161.5 161.5 121.0 203.1 89.3 134.0 232.3 161.3 234.6
1828.0 162.9 50.9 258.4 292.5 83.7 212.0 206.4 6.6 228.6 237.2 74.3 302.4 192.5 215.7 245.3 259.0 161.9 231.9 243.3 99.9 85.5 170.7 198.6 35.0 96.3 100.5 231.4 202.8 258.0 143.5 207.8 226.6 97.9 99.2 130.0 98.4 259.4 246.1 258.0 168.3 230.2 210.5 0.0 277.4 253.3 237.4 171.6 228.9 227.4 313.2 271.9 277.0 264.1 262.5 175.1 132.1 229.5 225.3 224.4 175.7 239.4 276.3 235.7 265.3 299.2 268.1 244.9 260.2 265.4 165.7 292.7 101.0 226.5 266.9 161.4 166.0 237.3 237.6 66.7 228.1 74.0 308.8 96.2 193.3 227.5 225.0 297.1 167.3 246.2 323.9 180.7 133.7 229.0 162.1 224.5 321.2 76.5 117.2 289.3 173.7 112.0 263.0 258.0 66.3 194.0 75.8 236.8 302.6 161.3 67.7 128.3 264.2 168.1 219.4 228.1 133.3 202.6 256.9 168.5 169.4 292.0 96.7 294.3
1704.9 156.2 297.6 173.6 115.2 320.8 286.1 118.7 301.9 86.8 114.4 331.8 25.0 100.7 145.1 194.9 255.8 256.2 327.8 143.7 232.2 215.8 148.1 87.7 330.3 274.5 274.0 153.5 215.8 234.7 279.6 104.4 322.0 249.6 295.4 240.3 241.1 276.0 157.8 73.3 272.6 152.3 274.6 292.6 0.0 275.9 223.6 262.0 97.8 306.6 240.7 134.5 79.1 299.1 87.7 263.2 243.3 144.7 327.6 319.8 136.5 161.5 129.6 157.8 59.1 239.1 97.7 114.8 234.9 8.3 146.5 50.0 211.3 153.5 136.0 303.3 279.8 143.5 159.7 302.7 143.3 311.1 245.1 321.0 210.3 57.1 182.3 266.4 119.0 168.3 81.2 322.6 251.8 217.1 265.5 71.3 107.2 286.6 227.5 256.3 312.9 242.3 111.7 125.7 275.3 314.6 288.2 105.9 56.4 274.9 257.7 253.0 112.2 278.4 163.7 143.3 291.4 298.8 120.5 256.6 312.1 94.1 298.4 60.4
1690.2 194.2 228.6 136.4 345.5 226.9 70.4 220.8 264.3 251.4 251.6 264.9 326.8 242.0 229.0 142.2 77.9 210.6 121.1 266.1 225.7 242.1 193.5 255.0 256.4 304.2 217.1 189.9 122.4 100.6 326.1 246.0 106.3 238.6 329.7 281.1 291.5 30.2 359.8 266.9 171.6 201.7 191.4 269.6 329.4 0.0 113.1 115.0 243.3 200.2 142.0 361.3 299.8 65.4 278.4 181.0 150.8 162.4 111.9 104.1 213.9 146.1 356.4 194.2 279.7 128.0 324.5 267.7 88.9 317.4 203.9 319.8 252.1 239.8 305.1 135.9 171.9 251.7 147.9 274.6 163.8 236.6 137.6 216.9 172.1 283.9 141.1 125.9 225.1 139.4 352.4 114.0 297.9 120.1 306.3 271.4 340.9 293.9 268.3 98.7 127.6 215.6 285.8 264.3 307.9 98.9 236.4 275.0 317.0 127.9 266.9 145.1 278.6 320.6 189.5 163.8 184.8 83.1 289.6 187.6 119.6 314.8 217.9 308.7
1665.1 123.6 221.6 100.1 274.9 257.3 121.5 115.3 255.9 164.7 146.1 284.7 221.3 171.4 144.7 51.5 75.8 191.9 172.2 175.4 218.7 191.8 106.8 184.4 263.4 250.5 210.1 80.0 55.8 11.1 260.7 175.4 157.4 241.9 273.1 216.3 229.2 84.9 301.0 160.0 158.6 96.2 178.4 262.6 242.7 84.8 0.0 102.0 137.8 185.8 120.2 290.7 213.1 120.1 191.7 168.0 189.3 117.1 163.0 155.2 143.3 88.0 285.8 84.3 174.2 106.2 253.9 181.0 22.7 234.4 133.3 233.1 187.3 153.1 234.5 143.3 168.0 146.2 86.2 267.6 115.7 247.6 115.8 264.1 89.1 213.3 31.2 102.2 153.1 94.8 264.3 162.6 233.1 8.4 241.5 200.8 250.0 286.9 203.5 84.9 174.5 208.6 199.1 157.4 251.3 146.6 229.4 204.4 211.5 114.9 259.9 195.0 173.1 254.4 82.6 115.7 228.4 134.2 215.0 174.6 167.2 228.1 232.5 203.2
1701.0 133.4 119.5 149.2 281.2 155.2 66.4 160.0 153.8 190.6 190.8 182.6 266.0 181.2 168.2 100.6 87.3 104.6 116.1 205.3 116.6 133.0 132.7 194.2 161.3 195.1 108.0 129.1 61.6 103.8 217.0 185.2 101.3 129.5 245.1 172.0 193.8 78.2 268.7 204.7 56.5 140.9 76.3 160.5 268.6 78.1 92.7 0.0 182.5 83.7 156.1 294.5 239.0 113.4 217.6 65.9 83.2 161.8 106.9 99.1 153.1 137.1 298.9 133.4 230.8 142.1 263.7 206.9 99.7 256.6 143.1 259.0 143.0 179.0 244.3 41.2 65.9 190.9 135.3 165.5 160.4 145.5 151.7 160.9 111.3 223.1 80.3 138.1 162.9 143.9 290.2 60.5 188.8 84.3 197.2 210.6 280.1 184.8 159.2 128.1 72.4 106.5 225.0 202.1 229.5 73.8 127.3 214.2 256.2 12.8 157.8 92.9 217.8 210.1 127.3 160.4 126.3 54.4 224.8 72.5 96.7 254.0 130.4 247.9
1684.9 94.2 244.2 114.0 227.2 267.4 226.5 20.8 248.5 94.9 16.5 278.4 83.4 142.0 80.5 135.3 196.2 186.7 268.2 45.8 176.8 162.4 77.4 155.0 276.9 224.6 208.3 93.9 124.7 148.0 231.3 146.0 262.4 184.6 243.7 186.9 208.3 216.4 266.3 22.1 185.6 92.7 187.6 232.3 108.4 216.3 136.9 170.9 0.0 219.6 181.1 243.0 149.1 239.5 111.2 176.2 193.9 85.1 268.0 260.2 113.9 101.9 238.1 98.2 48.2 179.5 206.2 82.7 159.7 120.4 103.9 158.5 157.9 72.1 180.0 208.3 210.3 45.6 100.1 249.3 83.7 257.7 185.5 267.6 105.4 165.6 122.7 206.8 123.7 108.7 138.5 227.6 203.7 128.5 212.1 171.4 112.1 233.2 174.1 202.1 232.8 188.9 64.6 27.8 221.9 251.6 234.8 149.9 73.6 183.8 204.3 199.6 35.2 225.0 104.1 83.7 238.0 239.2 160.5 169.6 272.2 141.3 240.7 65.3
1786.2 136.5 154.9 216.6 284.3 190.6 133.2 171.5 189.2 193.7 202.3 218.0 277.5 184.3 171.3 193.5 180.2 131.2 157.5 208.4 152.0 168.4 135.8 197.3 196.7 234.8 154.3 196.5 139.7 196.7 252.4 188.3 142.7 164.9 255.0 207.4 211.1 171.1 285.1 216.2 91.9 189.2 66.5 195.9 271.7 171.0 185.6 92.8 194.0 0.0 248.0 310.9 242.1 189.4 220.7 101.3 118.6 187.7 148.3 140.5 156.2 204.5 298.7 200.8 230.4 234.0 266.8 210.0 192.6 259.7 146.2 262.1 178.4 182.1 247.4 82.6 101.3 202.4 202.7 200.9 186.3 180.9 243.6 196.3 130.2 226.2 173.2 231.0 166.0 211.3 293.3 101.9 224.2 177.2 232.6 213.7 283.2 220.2 194.6 204.7 107.8 141.9 228.1 213.6 233.2 115.2 162.7 217.3 267.7 79.9 193.2 128.3 229.3 245.5 175.6 186.3 161.7 121.2 227.9 107.9 130.7 257.1 161.5 259.4
1586.4 239.9 272.0 87.1 387.7 270.3 113.8 231.6 306.3 281.0 262.4 308.3 231.3 287.7 258.6 108.3 83.5 254.0 102.1 291.7 269.1 285.5 223.1 300.7 299.8 347.6 260.5 105.8 170.9 106.5 369.5 291.7 116.9 282.0 383.3 324.5 337.7 110.7 403.2 276.3 218.2 212.5 239.9 322.5 256.3 133.7 117.6 163.5 254.1 247.3 0.0 407.0 329.4 84.9 308.0 227.6 194.2 114.5 111.3 119.1 259.6 98.2 402.1 101.7 294.8 14.0 370.2 297.3 94.8 264.6 249.6 349.4 295.5 269.4 350.8 179.3 215.3 262.5 100.0 318.0 115.9 280.0 4.4 257.8 205.4 329.6 138.6 40.7 269.4 91.5 304.4 157.4 341.3 124.1 349.7 317.1 369.4 337.3 311.7 58.0 177.0 259.0 315.4 273.7 351.3 138.9 279.8 320.7 239.5 176.4 310.3 188.5 204.2 362.6 198.9 115.9 228.2 126.5 331.3 234.2 161.6 344.4 265.6 319.5
1836.3 212.6 278.4 285.6 17.1 296.1 345.1 250.1 305.7 143.2 245.8 335.2 156.3 105.0 201.5 279.4 331.7 260.5 360.9 236.2 234.5 220.1 204.5 92.0 320.2 277.9 266.0 265.5 236.9 282.6 233.5 160.8 346.1 242.3 249.3 222.3 199.9 322.6 28.9 215.9 276.9 264.3 278.9 290.7 131.3 322.5 276.0 278.6 229.2 310.9 352.7 0.0 135.5 357.8 144.1 267.5 251.6 256.7 351.7 343.9 192.9 274.9 4.3 269.8 179.0 351.1 80.2 171.2 294.3 123.0 202.9 97.4 215.6 209.9 192.4 299.6 284.1 274.9 271.7 306.1 255.3 286.4 357.1 307.5 227.4 63.1 259.1 373.8 123.3 280.3 128.6 318.9 205.7 265.0 231.5 75.6 179.7 290.0 231.8 361.9 311.2 246.6 189.3 254.2 233.5 335.2 263.5 162.3 162.7 291.5 233.0 257.3 234.1 244.4 254.9 255.3 295.7 333.1 176.9 260.9 316.4 150.5 298.4 191.8
1765.2 127.7 294.4 233.9 122.7 317.6 313.0 169.5 305.7 58.3 165.2 328.6 85.2 119.3 116.6 231.2 299.2 245.9 342.4 151.3 227.0 212.6 119.6 106.3 327.1 271.3 258.5 213.8 204.8 234.4 281.5 75.9 327.6 234.8 293.9 237.1 250.0 290.5 170.9 131.0 244.8 212.6 246.8 289.4 60.2 290.4 227.8 246.5 148.6 278.8 301.0 142.0 0.0 325.7 59.2 235.4 240.1 205.0 333.2 325.4 108.0 223.2 137.1 218.1 107.9 299.4 98.3 86.3 246.1 51.9 118.0 50.6 208.1 125.0 107.5 267.5 269.5 194.3 220.0 299.5 203.6 307.9 305.4 317.8 191.8 75.7 210.9 326.7 137.6 228.6 81.8 286.8 253.9 216.8 262.3 89.9 44.1 283.4 224.3 322.0 286.0 239.1 104.4 169.3 272.1 303.1 285.0 77.4 115.9 259.4 254.5 249.8 149.2 275.2 206.7 203.6 288.2 301.0 88.0 228.8 308.9 14.9 290.9 91.0
1654.1 202.2 214.4 134.1 353.5 212.7 56.2 228.8 248.7 259.4 259.6 250.7 334.8 250.0 237.0 150.2 59.1 196.4 57.4 274.1 211.5 227.9 201.5 263.0 242.2 290.0 202.9 152.8 130.4 108.6 311.9 254.0 72.2 224.4 315.5 266.9 271.6 35.1 345.6 273.5 160.6 209.7 185.5 264.9 337.4 58.1 119.7 115.2 251.3 192.9 102.7 371.4 307.8 0.0 286.4 170.0 136.6 161.5 66.6 74.4 221.9 145.2 375.8 148.7 292.0 93.8 332.5 275.7 96.9 325.4 211.9 327.8 237.9 247.8 313.1 121.7 157.7 259.7 147.0 260.4 162.9 222.4 103.4 200.2 180.1 291.9 149.1 90.5 231.7 138.5 359.0 99.8 283.7 128.1 292.1 279.4 352.0 279.7 254.1 64.5 119.4 201.4 293.8 270.9 293.7 81.3 222.2 283.0 325.0 122.0 252.7 130.9 286.6 305.0 196.1 162.9 170.6 68.9 293.6 176.6 101.9 322.8 203.7 316.7
1773.8 106.3 273.0 216.7 131.3 296.2 291.6 124.4 284.3 36.9 120.1 307.2 93.8 127.9 95.2 209.8 277.8 224.5 321.0 129.9 205.6 191.2 98.2 114.9 305.7 249.9 237.1 196.6 183.4 213.0 260.1 54.5 306.2 213.4 272.5 215.7 228.6 269.1 179.5 90.8 223.4 195.4 225.4 261.1 68.8 269.0 206.4 225.1 103.5 257.4 283.8 150.6 39.2 304.3 0.0 214.0 218.7 187.8 311.8 304.0 86.6 206.0 145.7 200.9 95.4 282.2 106.9 64.9 224.7 60.5 96.6 59.2 186.7 103.6 86.1 246.1 248.1 149.2 202.8 278.1 186.4 286.5 288.2 296.4 170.4 84.3 189.5 309.5 146.2 211.4 90.4 265.4 232.5 195.4 240.9 98.5 83.4 262.0 202.9 304.8 264.6 217.7 83.0 131.4 250.7 281.7 263.6 56.0 120.8 238.0 233.1 228.4 117.9 253.8 185.3 186.4 266.8 279.6 66.6 207.4 287.5 54.2 269.5 112.5
1763.7 114.0 115.6 194.1 261.8 151.3 116.3 149.0 142.9 171.2 179.8 178.7 255.0 161.8 151.2 171.7 163.3 82.7 140.6 185.9 114.7 129.1 113.3 174.8 157.4 195.5 115.0 174.0 117.2 174.9 194.1 165.8 125.8 135.9 206.5 149.7 162.6 154.2 236.6 209.6 9.4 166.7 89.6 166.1 249.2 154.1 168.3 75.9 171.5 121.6 228.6 262.4 219.6 170.0 198.2 0.0 83.3 165.2 131.4 123.6 133.7 183.4 266.8 178.3 219.8 214.6 244.3 187.5 175.7 240.9 123.7 239.6 120.7 159.6 224.9 65.7 62.0 179.9 180.2 161.6 163.8 141.6 224.2 157.0 107.7 203.7 151.4 212.5 143.5 188.8 270.8 85.0 166.5 157.3 174.9 191.2 263.8 180.9 136.9 200.6 50.5 102.6 205.6 191.1 184.7 101.3 123.4 194.8 245.2 63.0 153.9 89.0 206.8 187.8 154.5 163.8 122.4 104.3 209.4 6.5 94.9 234.6 122.2 236.9
1729.5 114.1 74.1 209.6 248.3 90.1 110.7 160.9 108.4 186.7 195.3 128.1 256.9 140.1 160.7 171.5 141.8 81.5 113.2 201.4 71.2 91.2 128.8 153.1 115.9 149.7 66.2 185.9 136.1 178.3 171.6 162.3 98.4 98.0 178.8 130.2 131.3 139.8 208.9 205.6 67.5 184.7 113.3 128.2 235.5 149.0 163.6 70.8 187.0 117.1 194.5 234.7 235.1 131.9 210.1 80.5 0.0 177.1 104.0 96.2 130.2 193.9 235.5 193.8 224.1 176.5 226.2 203.0 170.6 223.5 120.2 240.3 97.6 171.5 225.0 64.2 59.3 195.4 192.1 120.1 179.3 99.8 186.1 73.6 147.8 185.6 154.8 174.4 121.8 200.7 275.1 83.5 147.0 160.7 155.4 169.5 272.6 139.4 113.8 161.1 66.5 64.7 217.5 203.0 153.4 96.8 81.9 194.9 257.1 57.9 112.4 5.7 218.7 164.7 173.9 179.3 48.0 99.2 201.9 83.5 65.1 250.1 77.1 248.8
1599.7 101.5 236.8 28.8 249.3 272.5 141.3 59.8 271.1 142.6 90.6 299.9 116.7 149.3 120.2 50.1 111.0 202.3 183.0 119.9 233.9 169.7 84.7 162.3 278.6 228.4 225.3 8.7 71.0 89.9 238.6 153.3 177.2 246.8 251.0 194.2 207.1 131.2 278.9 94.5 173.8 25.6 193.6 277.8 141.7 131.1 78.8 117.2 82.3 201.0 95.9 268.6 191.0 154.3 169.6 183.2 200.5 0.0 182.8 175.0 121.2 16.7 263.7 13.0 108.7 94.3 231.8 155.1 90.1 153.7 111.2 191.8 165.2 131.0 212.4 158.5 183.2 90.7 14.9 282.8 1.3 262.8 100.3 279.3 104.3 191.2 37.5 121.6 131.0 23.5 189.8 177.8 211.0 72.3 219.4 178.7 184.5 240.5 181.4 111.5 192.8 223.8 137.0 101.9 229.2 169.8 244.6 182.3 124.9 130.1 211.6 210.2 89.6 232.3 37.0 1.3 243.6 154.0 192.9 189.8 187.0 206.0 243.4 137.7
1680.5 218.8 182.5 162.6 356.7 180.8 56.5 253.8 209.8 276.0 284.6 218.8 359.8 248.5 256.0 192.4 87.6 157.9 9.2 290.7 181.6 196.0 218.1 261.5 210.3 262.4 181.9 181.3 165.6 150.9 280.0 270.6 5.6 202.8 283.6 235.0 239.7 81.6 313.7 314.4 128.7 244.9 148.8 226.1 340.3 104.6 157.5 103.9 276.3 156.2 129.1 339.5 324.4 77.7 303.0 138.1 104.7 190.0 0.0 7.8 238.5 172.3 343.9 177.2 324.6 122.3 331.0 292.3 139.2 332.0 228.5 344.4 206.0 264.4 329.7 71.8 125.8 284.7 175.5 228.5 191.4 190.5 131.9 168.3 212.5 290.4 184.3 116.9 230.2 167.0 375.6 49.9 251.8 168.5 260.2 277.9 368.6 247.8 222.2 108.3 87.5 169.5 310.4 295.9 261.8 31.4 190.3 299.6 350.0 91.0 220.8 99.0 311.6 273.1 232.7 191.4 138.7 69.2 314.2 144.7 70.0 339.4 176.1 341.7
1683.9 211.0 174.7 154.8 348.9 173.0 48.7 246.0 202.0 268.2 276.8 211.0 352.0 240.7 248.2 184.6 79.8 150.1 17.0 282.9 173.8 188.2 210.3 253.7 202.5 254.6 174.1 173.5 157.8 143.1 272.2 262.8 2.1 195.0 275.8 227.2 231.9 73.8 305.9 306.6 120.9 237.1 141.0 225.2 332.5 96.8 149.7 96.1 268.5 148.4 128.5 331.7 316.6 69.9 295.2 130.3 96.9 182.2 7.8 0.0 230.7 164.5 336.1 169.4 316.8 114.5 323.2 284.5 131.4 324.2 220.7 336.6 198.2 256.6 321.9 64.0 118.0 276.9 167.7 220.7 183.6 182.7 124.1 160.5 204.7 282.6 176.5 112.4 222.4 159.2 367.8 42.1 244.0 160.7 252.4 270.1 360.8 240.0 214.4 100.5 79.7 161.7 302.6 288.1 254.0 23.6 182.5 291.8 342.2 83.2 213.0 91.2 303.8 265.3 224.9 183.6 130.9 61.4 306.4 136.9 62.2 331.6 168.3 333.9
1721.4 19.6 186.3 151.8 184.1 209.5 211.3 106.7 190.6 69.7 137.5 220.5 162.6 84.1 128.0 145.6 197.9 144.2 240.7 162.7 120.9 104.5 71.0 97.1 219.0 163.2 162.7 131.7 103.1 148.8 173.4 32.1 225.9 138.3 185.8 129.0 141.9 188.8 213.7 164.2 143.1 130.5 145.1 174.4 137.6 188.7 137.7 144.8 129.2 177.1 218.9 203.4 108.0 224.0 86.6 133.7 132.0 122.9 231.5 223.7 0.0 139.7 198.5 136.0 170.2 217.3 166.6 97.7 160.5 129.3 9.9 128.0 100.0 136.4 91.1 165.8 167.8 137.6 137.9 191.4 121.5 199.8 223.3 209.7 93.6 126.0 125.3 240.0 65.8 146.5 159.2 185.1 145.8 129.3 154.2 113.5 152.2 175.3 116.2 228.1 184.3 131.0 115.8 148.8 164.0 201.4 176.9 61.0 193.3 157.7 146.4 141.7 160.6 167.1 119.7 121.5 180.1 199.3 75.6 127.1 197.3 123.0 187.1 198.1
1582.9 117.8 261.6 12.0 265.6 281.0 124.5 76.1 295.9 158.9 106.9 319.0 133.0 165.6 136.5 86.8 94.2 240.1 166.2 136.2 200.4 186.0 101.0 178.6 303.4 248.2 250.1 7.6 86.8 85.0 254.9 169.6 160.4 208.2 267.3 210.5 229.1 114.4 295.2 110.8 198.6 41.9 218.4 302.6 158.0 114.3 96.1 142.0 98.6 225.8 79.1 284.9 207.3 137.5 185.9 208.0 204.9 16.2 166.0 158.2 137.5 0.0 280.0 3.5 129.3 77.5 248.1 171.4 73.3 170.0 127.5 208.1 181.5 147.3 228.7 183.3 208.0 107.0 1.7 307.6 17.6 287.6 83.5 269.6 99.9 207.5 53.3 104.8 147.3 6.7 206.1 168.1 227.3 104.5 235.7 195.0 200.8 256.8 197.7 100.1 181.7 248.6 153.3 118.2 245.5 153.0 269.4 198.6 141.2 154.9 227.9 199.2 105.9 248.6 53.3 17.6 238.9 137.2 209.2 214.6 172.3 222.3 272.0 154.0
1831.9 208.2 283.3 281.2 9.6 301.0 340.7 245.7 304.9 138.8 241.4 340.1 151.9 100.6 194.7 275.0 327.3 256.1 356.5 231.8 232.1 215.7 200.1 87.6 325.1 282.8 273.9 261.1 232.5 278.2 238.4 156.4 341.7 249.5 254.2 227.2 204.8 318.2 33.8 200.3 272.5 259.9 274.5 288.7 126.9 318.1 267.1 274.2 224.8 306.5 348.3 4.9 131.1 353.4 139.7 263.1 243.2 252.3 347.3 339.5 188.5 269.1 0.0 265.4 186.1 346.7 75.8 166.8 289.9 114.9 198.5 93.0 211.2 205.5 188.0 295.2 279.7 270.5 267.3 311.0 250.9 291.3 352.7 312.4 223.0 58.7 254.7 369.4 118.9 275.9 124.2 314.5 210.6 258.7 236.4 71.2 172.2 294.9 227.4 352.1 312.8 242.2 184.9 249.8 238.4 330.8 268.4 157.9 158.3 287.1 237.9 252.9 229.7 249.3 249.1 250.9 291.3 328.7 168.5 256.5 312.0 146.1 298.3 187.4
1586.6 114.3 265.3 15.7 262.1 284.7 128.2 72.6 292.6 155.4 103.4 322.7 129.5 162.1 135.4 90.5 97.9 243.8 169.9 132.7 196.9 182.5 97.5 175.1 307.1 241.2 264.7 4.1 83.3 88.7 251.4 166.1 164.1 204.7 263.8 207.0 219.9 118.1 291.7 123.2 202.3 38.4 222.1 306.3 154.5 118.0 95.3 145.7 95.1 229.5 82.8 281.4 203.8 141.2 182.4 211.7 208.6 12.7 169.7 161.9 134.0 5.0 276.5 0.0 133.4 81.2 244.6 167.9 77.0 162.8 124.0 204.6 178.0 143.8 225.2 187.0 211.7 103.5 1.8 311.3 14.1 291.3 87.2 272.2 96.4 204.0 49.8 108.5 143.8 10.4 202.6 171.8 223.8 106.3 232.2 191.5 197.3 253.3 194.2 103.8 191.4 252.3 149.8 114.7 242.0 153.3 273.1 195.1 137.7 158.6 224.4 202.9 102.4 245.1 48.4 14.1 242.6 140.9 209.7 218.3 173.9 218.8 271.9 150.5
1699.4 144.4 287.2 160.5 183.0 310.4 264.3 63.8 291.5 87.1 66.7 321.4 42.7 168.5 123.5 173.1 234.0 229.7 310.3 88.8 219.8 205.4 116.1 155.5 319.9 264.1 251.3 136.0 167.7 191.0 274.3 132.4 304.5 227.6 282.4 229.9 248.5 258.5 225.6 14.1 228.6 130.5 230.6 289.4 72.0 258.4 175.6 209.6 50.1 258.3 218.9 202.3 112.8 281.6 77.8 219.2 228.6 131.6 310.1 302.3 164.1 139.7 197.4 140.3 0.0 221.6 165.5 74.9 213.1 76.0 154.1 117.8 200.9 115.1 164.0 251.3 249.0 88.6 142.2 292.3 125.8 296.4 232.0 306.3 148.4 124.9 164.8 244.6 162.4 146.5 97.8 266.3 242.4 173.4 255.1 139.1 71.4 276.2 217.1 238.8 272.9 231.9 64.0 70.8 272.1 293.7 277.8 133.9 32.9 226.8 243.0 238.3 57.3 263.7 141.9 125.8 288.2 281.3 140.2 212.6 305.4 100.6 283.7 24.6
1600.4 225.9 258.0 73.1 373.7 256.3 99.8 217.6 285.3 267.0 248.4 294.3 217.3 273.7 247.0 94.3 69.5 233.4 116.1 277.7 257.1 271.5 209.1 286.7 285.8 337.9 257.4 91.8 156.9 92.5 355.5 277.7 130.9 278.3 359.1 310.5 315.2 96.7 389.2 278.2 204.2 198.5 225.9 299.0 242.3 119.7 99.1 149.5 240.1 233.3 14.0 393.0 315.4 98.9 294.0 213.6 180.2 100.5 125.3 133.1 245.6 82.8 388.1 87.7 288.4 0.0 356.2 283.3 80.8 250.6 235.6 335.4 281.5 255.4 336.8 165.3 201.3 248.5 86.0 304.0 101.9 266.0 9.5 243.8 191.4 315.6 124.6 54.7 255.4 77.5 290.4 143.4 327.3 110.1 335.7 303.1 352.3 323.3 297.7 66.6 163.0 245.0 301.4 259.7 337.3 124.9 265.8 306.7 225.5 162.4 296.3 174.5 190.2 348.6 186.3 101.9 214.2 112.5 321.3 220.2 145.5 330.4 251.6 305.5
1803.6 175.2 301.4 272.3 64.9 319.1 332.3 217.4 300.4 105.8 213.1 323.3 123.6 92.2 164.1 266.6 318.9 247.7 348.1 198.8 221.7 207.3 167.1 79.2 321.8 266.0 253.2 252.2 224.1 269.8 256.5 123.4 333.3 229.5 272.3 231.8 222.9 309.8 113.1 178.5 264.1 251.0 266.1 277.2 98.6 309.7 263.2 265.8 196.5 298.1 339.4 84.2 98.1 345.0 106.7 254.7 234.8 243.4 338.9 331.1 155.5 261.6 79.3 256.5 146.3 337.8 0.0 133.8 281.5 90.3 165.5 60.0 202.8 172.5 155.0 286.8 271.3 242.2 258.4 294.2 242.0 309.4 343.8 312.5 214.6 50.3 246.3 365.1 110.5 267.0 91.2 306.1 228.7 252.2 254.5 62.8 142.3 278.1 219.0 360.4 298.4 233.8 151.9 216.8 256.5 322.4 286.5 124.9 125.3 278.7 256.0 244.5 196.7 267.4 242.1 242.0 282.9 320.3 139.5 248.1 303.6 113.1 285.6 159.1
1759.1 117.4 271.3 188.2 158.4 294.5 280.9 95.9 282.6 12.2 91.6 305.5 120.9 155.0 84.5 209.5 270.4 213.8 310.3 119.2 203.9 189.5 87.5 142.0 304.0 248.2 235.4 168.1 172.7 202.3 258.4 65.6 295.5 211.7 270.8 214.0 226.9 258.4 206.6 44.7 212.7 166.9 214.7 259.4 95.9 258.3 195.7 214.4 75.0 246.7 255.3 177.7 66.3 293.6 44.9 203.3 217.0 159.3 301.1 293.3 97.7 177.5 172.8 172.4 92.5 253.7 134.0 0.0 214.0 87.6 107.7 86.3 185.0 92.9 97.2 235.4 237.4 120.7 174.3 276.4 157.9 284.8 259.7 294.7 159.7 111.4 178.8 281.0 150.8 182.9 117.5 254.7 230.8 184.7 239.2 125.6 110.5 260.3 201.2 276.3 253.9 216.0 18.1 102.9 249.0 271.0 261.9 67.1 117.9 227.3 231.4 226.7 89.4 252.1 176.9 157.9 265.1 268.9 81.7 196.7 285.8 81.3 267.8 109.6
1642.3 146.4 209.3 122.9 297.7 245.0 98.7 138.1 243.6 187.5 168.9 272.4 244.1 194.2 165.1 74.3 53.0 194.4 149.4 198.2 208.4 222.8 129.6 207.2 251.1 289.2 208.7 102.8 78.6 11.6 283.5 198.2 134.6 219.3 295.9 239.1 257.7 62.1 323.8 182.8 146.3 119.0 166.1 259.8 265.5 62.9 22.7 89.7 160.6 173.5 97.4 313.5 235.9 97.3 214.5 155.7 177.0 139.9 140.2 132.4 166.1 110.8 308.6 107.1 208.9 83.4 276.7 203.8 0.0 257.2 156.1 255.9 210.1 175.9 257.3 131.0 155.7 169.0 109.0 255.3 138.5 235.3 93.0 242.7 111.9 236.1 54.0 79.4 175.9 117.6 287.1 142.3 255.9 29.2 264.3 223.6 272.8 274.6 226.3 70.2 161.9 196.3 221.9 180.2 274.1 123.8 217.1 227.2 234.3 102.6 247.6 173.4 195.9 277.2 105.4 138.5 213.1 111.4 241.8 162.3 144.4 250.9 220.2 226.0
1713.2 144.2 289.3 185.6 110.4 312.5 298.1 127.0 289.9 78.5 122.7 323.5 33.3 92.4 134.4 203.2 264.1 243.1 336.1 152.0 223.9 207.5 136.1 79.4 322.0 269.7 265.7 161.8 224.1 243.0 271.3 96.1 330.3 241.3 283.4 232.0 232.8 288.0 149.5 81.6 264.3 160.6 266.3 283.2 8.3 285.1 235.6 274.0 106.1 298.3 249.0 126.2 70.8 307.4 79.4 254.9 231.3 153.0 335.9 328.1 128.2 169.8 121.3 166.1 67.4 247.4 89.4 106.5 243.2 0.0 138.2 41.7 203.0 145.2 127.7 287.0 267.8 151.8 168.0 294.4 151.6 299.1 257.1 312.7 218.6 48.8 190.6 274.7 107.0 176.6 72.9 306.3 243.5 223.5 257.2 63.0 111.9 278.3 219.2 233.8 304.6 234.0 120.0 137.7 267.0 322.9 279.9 97.6 64.7 283.2 245.7 241.0 120.5 266.4 172.0 151.6 283.1 307.1 112.2 248.3 301.7 85.8 290.1 68.7
1711.4 9.7 176.3 141.8 177.6 199.5 201.3 96.7 180.6 79.7 127.5 210.5 172.6 74.1 96.5 135.6 187.9 129.4 230.7 133.6 108.9 94.5 61.0 87.1 209.0 153.2 152.7 121.7 93.1 138.8 163.4 42.0 215.9 128.3 175.8 119.0 137.6 178.8 203.7 141.4 133.1 120.5 135.1 164.4 147.6 178.7 127.7 134.8 119.2 167.1 208.9 193.4 118.0 214.0 96.6 123.7 122.0 112.9 221.5 213.7 9.9 129.7 188.5 126.0 192.1 207.3 156.6 107.7 150.5 139.3 0.0 138.0 90.0 107.3 101.1 155.8 157.8 127.6 127.9 181.4 111.5 189.8 213.3 200.8 83.6 116.0 115.3 230.0 55.8 136.5 169.2 175.1 135.8 121.2 144.2 103.5 162.2 165.3 106.2 193.7 177.4 121.0 125.8 138.8 154.0 188.4 166.9 71.0 203.3 147.7 136.4 131.7 170.6 157.1 109.7 111.5 170.1 189.3 81.6 117.1 187.3 133.0 177.1 208.1
1765.1 149.4 308.8 233.8 86.3 332.0 346.3 160.9 320.1 80.0 156.6 343.0 88.4 111.9 138.3 255.1 316.0 267.4 364.1 173.0 241.4 227.0 141.3 98.9 341.5 285.7 272.9 213.7 226.5 256.1 290.8 97.6 349.3 249.2 306.6 251.5 257.2 312.2 134.5 127.3 266.5 212.5 268.5 296.9 72.8 312.1 249.5 268.2 140.0 300.5 300.9 105.6 72.3 359.3 80.9 257.1 258.5 204.9 354.9 347.1 129.7 223.1 100.7 218.0 89.8 299.3 61.9 108.0 267.8 64.5 139.7 0.0 222.5 146.7 129.2 289.2 291.0 185.7 219.9 313.9 203.5 322.3 305.3 332.2 213.5 68.3 242.5 326.6 130.2 228.5 31.2 308.5 263.0 238.5 276.7 82.5 116.5 297.8 238.7 321.9 307.7 253.5 126.1 167.9 286.5 324.8 299.4 99.1 65.2 281.1 268.9 264.2 154.4 289.6 222.5 203.5 302.6 322.7 113.7 250.5 323.3 87.3 305.3 102.6
1762.8 97.7 98.2 193.2 244.6 133.9 193.2 148.1 125.5 170.3 178.9 143.2 244.1 127.3 150.3 187.0 240.2 101.5 213.1 185.0 23.6 9.2 112.4 140.3 140.0 85.9 73.1 173.1 144.5 190.2 77.5 149.5 198.3 49.4 108.5 28.9 64.6 231.1 201.6 208.7 126.2 171.9 154.2 97.1 219.1 231.0 183.6 152.8 170.6 199.1 260.3 227.4 218.7 235.8 197.3 116.8 99.8 164.3 203.9 196.1 117.4 182.5 231.8 177.4 218.9 258.7 209.8 186.6 201.9 210.8 107.4 227.5 0.0 158.7 208.6 142.6 137.7 179.0 179.3 114.1 162.9 124.2 264.7 139.0 135.0 169.2 166.7 278.3 109.0 187.9 258.7 161.9 45.7 172.6 54.1 156.7 262.9 98.0 16.1 266.4 145.4 35.7 204.7 190.2 86.7 178.2 106.0 178.5 244.3 139.9 69.1 109.5 205.9 67.0 162.5 162.9 87.0 181.2 193.1 110.2 150.6 233.7 104.8 236.0
1742.7 93.4 243.4 173.1 197.1 266.6 253.0 76.3 254.7 56.6 55.6 277.6 159.6 141.2 8.3 171.2 239.2 185.9 282.4 26.3 176.0 161.6 59.6 154.2 276.1 220.3 207.5 153.0 144.8 174.4 230.5 104.3 267.6 183.8 242.9 186.1 199.0 230.5 245.3 117.6 184.8 151.8 186.8 231.5 134.6 230.4 167.8 186.5 83.7 218.8 240.2 216.4 105.0 265.7 83.6 175.4 193.1 144.2 273.2 265.4 113.1 162.4 211.5 157.3 132.0 238.6 172.7 72.9 186.1 126.3 103.1 125.0 157.1 0.0 135.9 207.5 209.5 101.1 159.2 248.5 142.8 256.9 244.6 266.8 131.8 150.1 150.9 265.6 122.9 167.8 156.2 226.8 202.9 156.8 211.3 164.3 149.2 232.4 173.3 253.7 226.0 188.1 91.0 44.3 221.1 243.1 234.0 105.8 157.4 199.4 203.5 198.8 100.6 224.2 146.7 142.8 237.2 241.0 120.4 168.8 257.9 120.0 239.9 149.1
1799.8 98.0 264.7 230.2 206.8 287.9 289.7 200.4 276.0 76.4 196.1 298.9 169.3 162.5 134.7 224.0 276.3 222.6 319.1 169.4 197.3 182.9 137.7 175.5 297.4 241.6 228.8 210.1 181.5 227.2 251.8 46.2 304.3 205.1 264.2 207.4 220.3 267.2 255.0 149.1 221.5 208.9 223.5 259.7 144.3 267.1 220.6 223.2 179.5 255.5 297.3 226.1 114.7 302.4 93.3 212.1 210.4 201.3 309.9 302.1 78.3 219.5 221.2 214.4 188.8 295.7 182.4 104.4 238.9 136.0 88.3 134.7 178.4 143.1 0.0 244.2 246.2 225.2 216.3 269.8 199.9 278.2 301.7 288.1 172.0 159.8 203.7 318.4 144.2 224.9 165.9 263.5 224.2 209.6 232.6 174.0 158.9 253.7 194.6 306.5 262.7 209.4 122.5 187.4 242.4 279.8 255.3 27.7 200.0 236.1 224.8 220.1 167.3 245.5 199.5 199.9 258.5 277.7 17.9 205.5 279.2 129.7 261.2 204.8
1729.5 146.9 120.1 181.3 294.7 155.8 72.4 181.9 147.4 204.1 212.7 183.2 287.9 194.7 184.1 132.7 119.4 98.6 74.8 218.8 119.2 133.6 146.2 207.7 161.9 200.0 119.5 161.2 93.7 135.9 217.6 198.7 60.0 140.4 245.7 172.6 194.4 110.3 269.3 242.5 57.1 173.0 76.9 161.1 282.1 110.2 129.3 32.0 204.4 84.3 174.1 295.1 252.5 115.5 231.1 66.5 83.8 193.9 65.6 57.8 166.6 170.6 299.5 165.5 252.7 160.1 277.2 220.4 131.8 273.8 156.6 272.5 143.6 192.5 257.8 0.0 66.5 212.8 167.4 166.1 192.5 146.1 169.7 161.5 140.6 236.6 112.4 158.0 176.4 176.0 303.7 19.2 189.4 118.3 197.8 224.1 296.7 185.4 159.8 146.1 73.0 107.1 238.5 224.0 230.1 35.6 127.9 227.7 278.1 19.1 158.4 93.5 239.7 210.7 160.8 192.5 126.9 60.4 242.3 73.1 87.8 267.5 126.7 269.8
1767.4 144.5 90.1 220.9 282.3 125.8 112.0 194.9 124.4 217.1 225.7 153.2 290.9 174.1 194.7 172.3 159.0 32.1 130.7 231.8 89.2 103.6 159.2 187.1 131.9 170.0 89.5 200.8 133.3 175.5 187.6 196.3 115.9 100.1 215.7 142.6 170.1 149.9 239.3 239.6 68.3 212.6 110.5 131.1 265.9 149.8 164.4 71.6 217.4 117.9 212.0 265.1 265.5 153.4 244.1 77.7 57.8 211.1 121.5 113.7 164.2 208.8 269.5 205.1 265.7 198.0 256.6 233.4 171.4 257.6 154.2 274.3 113.6 205.5 255.4 61.4 0.0 225.8 207.0 136.1 209.7 116.1 207.6 131.5 157.3 216.0 152.0 195.9 155.8 215.6 305.5 80.7 159.4 156.0 167.8 203.5 306.6 155.4 129.8 184.0 64.2 77.1 251.5 237.0 200.1 97.0 97.9 225.3 291.1 58.7 128.4 63.5 252.7 180.7 199.0 209.7 96.9 100.0 235.9 84.3 49.3 280.5 96.7 282.8
1687.2 94.2 244.2 117.6 242.0 267.4 230.1 34.7 255.5 135.3 65.5 278.4 140.7 142.0 115.3 138.9 199.8 186.7 271.8 94.8 176.8 162.4 77.4 155.0 276.9 221.1 208.3 97.5 124.7 148.0 231.3 146.0 266.0 184.6 243.7 186.9 199.8 214.9 271.6 95.3 185.6 96.3 187.6 232.3 165.7 214.8 141.4 170.9 57.2 219.6 184.7 261.3 183.7 243.1 162.3 176.2 193.9 88.7 271.6 263.8 113.9 106.9 256.4 101.8 105.5 183.1 224.5 140.0 159.7 174.0 103.9 203.7 157.9 121.1 205.1 208.3 210.3 0.0 103.7 249.3 87.3 257.7 189.1 267.6 105.4 183.9 124.5 210.4 123.7 112.3 195.8 227.6 203.7 130.4 212.1 171.4 169.4 233.2 174.1 205.7 226.8 188.9 121.9 76.8 221.9 243.9 234.8 175.0 130.9 183.8 204.3 199.6 92.5 225.0 106.3 87.3 238.0 225.4 185.6 169.6 258.7 198.6 240.7 122.6
1584.7 116.0 263.4 13.8 263.8 282.8 126.3 74.3 290.7 157.1 105.1 320.8 131.2 163.8 137.1 88.6 96.0 241.9 168.0 134.4 198.6 184.2 99.2 176.8 305.2 242.9 262.8 5.8 85.0 86.8 253.1 167.8 162.2 206.4 265.5 208.7 221.6 116.2 293.4 124.9 200.4 40.1 220.2 304.4 156.2 116.1 93.4 143.8 96.8 227.6 80.9 283.1 205.5 139.3 184.1 209.8 210.3 14.4 167.8 160.0 135.7 3.2 278.2 1.7 135.1 79.3 246.3 169.6 75.1 164.5 125.7 206.3 179.7 145.5 226.9 185.1 209.8 105.2 0.0 309.4 15.8 289.4 85.3 270.3 98.1 205.7 51.5 106.6 145.5 8.5 204.3 169.9 225.5 104.4 233.9 193.2 199.0 255.0 195.9 101.9 189.5 250.4 151.5 116.4 243.7 151.4 271.2 196.8 139.4 156.7 226.1 201.0 104.1 246.8 50.1 15.8 240.7 139.0 211.4 216.4 172.0 220.5 270.0 152.2
1844.1 179.0 54.0 274.5 308.0 86.8 215.1 229.4 61.6 251.6 260.2 29.0 325.4 208.6 231.6 268.3 262.1 182.8 235.0 266.3 122.9 108.5 193.7 221.6 56.1 33.8 105.7 254.4 225.8 271.5 166.5 230.8 220.2 99.8 79.5 153.0 106.2 253.0 265.0 290.0 171.4 253.2 213.6 75.3 300.4 252.9 264.9 174.7 251.9 221.0 316.3 290.8 300.0 257.7 278.6 180.8 121.7 245.6 225.8 218.0 198.7 263.8 295.2 258.7 300.2 302.3 291.1 267.9 274.5 292.1 188.7 308.8 124.0 240.0 289.9 164.5 159.6 260.3 260.6 0.0 244.2 77.1 311.9 98.2 216.3 250.5 248.0 300.2 190.3 269.2 340.0 183.8 156.7 253.9 178.2 238.0 344.2 19.3 140.2 288.3 167.3 127.1 286.0 271.5 100.4 200.1 78.9 259.8 325.6 161.8 90.7 131.4 287.2 191.1 243.8 244.2 126.9 203.1 274.4 187.4 172.5 315.0 92.9 317.3
1601.1 100.1 238.2 30.2 247.9 273.9 142.7 58.4 265.5 141.2 89.2 301.3 115.3 147.9 121.2 51.5 112.4 208.5 184.4 118.5 237.3 168.3 83.3 160.9 280.0 227.0 237.6 10.1 72.4 91.3 237.2 151.9 178.6 190.5 249.6 192.8 205.7 132.6 277.5 109.0 175.2 24.2 195.0 288.7 140.3 132.5 84.7 118.6 80.9 202.4 97.3 267.2 189.6 155.7 168.2 184.6 201.9 1.3 184.2 176.4 119.8 19.5 262.3 14.4 119.2 95.7 230.4 153.7 91.5 148.6 109.8 190.4 163.8 129.6 211.0 159.9 184.6 89.3 16.3 284.2 0.0 264.2 101.7 280.7 105.7 189.8 38.9 123.0 129.6 24.9 188.4 179.2 209.6 73.7 218.0 177.3 183.1 239.1 180.0 118.3 191.1 225.2 135.6 100.5 227.8 167.8 246.0 180.9 123.5 131.5 210.2 211.6 88.2 230.9 34.2 0.0 245.0 155.4 195.5 191.2 188.4 204.6 244.8 136.3
1812.2 180.1 33.0 275.6 292.0 9.6 177.0 230.5 67.3 252.7 261.3 91.5 326.5 209.7 232.7 237.3 224.0 160.2 195.9 267.4 99.1 109.6 194.8 222.7 74.8 112.9 56.7 255.5 198.3 240.5 165.7 231.9 181.1 88.5 158.6 154.5 89.3 214.9 252.2 275.2 133.3 254.3 175.5 74.0 301.5 214.8 229.4 136.6 253.0 182.9 277.2 278.0 301.1 218.6 279.7 142.7 83.6 246.7 186.7 178.9 199.8 263.5 282.4 259.8 289.4 263.2 305.7 269.0 236.4 289.5 189.8 309.9 125.5 241.1 291.0 126.4 121.5 261.4 261.7 79.0 245.3 0.0 272.8 21.0 217.4 261.4 217.0 261.1 191.4 270.3 341.1 145.7 152.1 221.0 177.9 239.1 345.3 98.3 141.7 249.2 129.2 89.0 287.1 272.6 143.0 162.0 22.8 260.9 326.7 123.7 53.3 93.3 288.3 190.8 243.5 245.3 88.8 165.0 275.5 149.3 130.9 316.1 59.1 318.4
1590.8 235.5 267.6 82.7 386.8 265.9 109.4 227.2 301.9 276.6 258.0 303.9 226.9 283.3 256.6 103.9 79.1 249.6 106.5 287.3 264.7 281.1 218.7 296.3 295.4 347.5 256.1 101.4 166.5 102.1 365.1 287.3 121.3 277.6 368.7 320.1 330.5 106.3 398.8 271.9 213.8 208.1 235.5 308.6 251.9 129.3 113.2 159.1 249.7 242.9 4.4 402.6 325.0 89.3 303.6 223.2 193.4 110.1 115.7 123.5 255.2 93.8 397.7 97.3 298.0 9.5 365.8 292.9 90.4 260.2 245.2 345.0 291.1 265.0 346.4 174.9 210.9 258.1 95.6 313.6 111.5 275.6 0.0 253.4 201.0 325.2 134.2 45.1 265.0 87.1 300.0 153.0 336.9 121.6 345.3 312.7 361.9 332.9 307.3 48.8 169.5 254.6 311.0 269.3 346.9 137.9 275.4 316.3 235.1 172.0 305.9 184.1 199.8 358.2 194.5 111.5 223.8 122.1 330.9 229.8 155.1 340.0 256.9 315.1
1790.0 201.2 54.1 296.7 313.1 11.3 176.3 251.6 88.3 273.8 282.4 69.3 347.6 230.8 251.4 258.4 206.3 179.7 173.7 288.5 120.2 130.7 217.0 243.8 60.8 129.9 88.7 276.6 219.4 261.6 186.8 253.0 160.0 99.3 176.5 176.7 110.4 200.3 273.3 296.3 154.4 275.4 196.6 97.6 322.6 224.2 250.5 157.7 274.1 204.0 256.1 299.1 322.2 196.4 300.8 163.8 98.1 267.8 164.5 156.7 220.9 284.6 304.6 280.9 322.4 241.0 326.8 290.1 257.9 314.3 210.9 331.0 146.6 262.2 312.1 147.5 142.6 282.5 282.8 100.1 266.4 21.0 250.6 0.0 238.5 282.5 238.1 240.0 212.5 291.4 362.2 166.8 173.2 242.1 200.1 260.2 363.3 119.4 162.8 227.0 150.3 110.1 308.2 293.7 164.1 168.1 43.9 282.0 347.8 144.8 74.4 88.8 309.4 211.9 264.6 266.4 73.3 186.1 296.6 170.4 135.1 337.2 74.9 339.5
1679.6 63.9 222.1 108.7 211.7 257.8 179.5 96.0 249.4 121.1 126.8 248.1 202.0 111.7 101.1 89.2 157.2 128.2 224.7 135.8 146.5 132.1 63.2 124.7 263.9 190.8 178.0 88.6 69.1 92.4 201.0 115.7 209.9 154.3 213.4 156.6 169.5 157.0 241.3 156.6 127.1 58.9 129.1 202.0 199.1 156.9 85.8 113.0 118.5 161.1 175.8 231.0 169.5 192.2 148.1 117.7 170.2 79.8 215.5 207.7 83.6 98.0 226.1 92.9 166.8 174.2 194.2 137.4 104.1 190.8 73.6 189.5 127.6 109.5 174.8 149.8 151.8 126.9 94.8 219.0 78.4 248.1 180.2 249.0 0.0 153.6 68.9 183.6 93.4 103.4 220.7 169.1 173.4 74.8 181.8 141.1 213.7 202.9 143.8 171.7 168.3 158.6 155.5 138.1 191.6 185.4 229.9 144.7 192.2 125.9 174.0 179.9 153.8 194.7 46.7 78.4 218.3 167.5 155.3 111.1 201.4 184.5 228.7 183.9
1773.1 126.9 238.7 222.4 58.0 261.9 281.9 186.9 250.0 93.3 182.6 272.9 93.1 41.8 151.6 216.2 268.5 197.3 297.7 186.3 171.3 156.9 154.6 28.8 271.4 215.6 202.8 202.3 173.7 219.4 222.4 110.9 282.9 179.1 238.2 181.4 188.8 259.4 100.6 153.3 213.7 201.1 215.7 226.8 68.1 259.3 212.8 215.4 166.0 247.7 289.5 77.3 85.6 294.6 94.2 204.3 184.4 193.5 288.5 280.7 143.0 211.7 72.4 206.6 115.8 287.9 40.5 121.3 231.1 59.8 153.0 75.7 152.4 160.0 142.5 236.4 220.9 211.7 208.5 243.8 192.1 252.2 293.9 262.1 164.2 0.0 195.9 310.6 60.1 217.1 106.9 255.7 194.6 201.8 206.6 12.4 129.8 227.7 168.6 298.7 248.0 183.4 139.4 193.9 216.4 272.0 229.3 112.4 124.6 228.3 198.8 194.1 180.4 219.5 191.7 192.1 232.5 269.9 123.0 197.7 253.2 100.6 235.2 128.6
1639.7 101.2 199.2 68.8 249.0 234.9 146.1 92.9 226.5 142.3 123.7 262.3 198.9 149.0 122.3 20.2 117.1 169.5 195.8 153.0 198.3 169.4 84.4 162.0 241.0 228.1 198.6 48.7 33.4 52.3 238.3 153.0 181.0 219.5 250.7 193.9 206.8 123.6 278.6 153.5 136.2 73.8 156.0 240.2 220.3 123.5 45.7 79.6 115.4 163.4 130.8 268.3 190.7 158.8 169.3 145.6 162.9 94.7 186.6 178.8 120.9 58.1 263.4 53.0 163.7 116.8 231.5 158.6 64.0 212.0 110.9 210.7 164.9 130.7 212.1 120.9 145.6 123.8 54.9 245.2 93.3 225.2 126.4 240.6 66.7 190.9 0.0 140.2 130.7 63.5 241.9 140.2 210.7 34.7 219.1 178.4 227.6 264.5 181.1 128.3 152.1 186.2 176.7 135.0 228.9 156.5 207.0 182.0 189.1 92.5 237.5 172.6 150.7 232.0 61.6 93.3 206.0 134.1 192.6 152.2 178.5 205.7 205.8 180.8
1612.6 225.0 255.9 107.6 376.3 254.2 97.7 216.7 290.2 266.1 247.5 292.2 322.7 272.8 243.7 119.4 67.4 237.9 90.4 276.8 253.0 269.4 208.2 285.8 283.7 331.5 244.4 170.8 154.6 90.2 353.4 276.8 105.2 265.9 357.0 308.4 321.6 94.6 387.1 261.4 202.1 197.6 223.6 296.9 344.1 117.6 101.3 147.2 239.2 231.0 61.2 392.1 314.5 73.2 293.1 211.5 178.1 135.0 99.6 107.4 244.7 118.7 387.2 122.2 275.6 67.3 355.3 282.4 78.5 332.1 234.7 334.5 279.4 254.5 335.9 163.2 199.2 247.6 120.5 301.9 136.4 263.9 65.6 241.7 190.5 314.7 132.6 0.0 254.5 112.0 365.7 141.3 325.2 107.8 333.6 302.2 354.5 321.2 295.6 38.0 160.9 242.9 300.5 258.8 335.2 122.8 263.7 305.8 312.9 160.1 294.2 172.4 274.5 346.5 184.0 136.4 212.1 110.4 320.4 218.1 143.4 329.5 249.5 304.6
1731.8 66.7 178.5 162.2 121.7 201.7 221.7 117.1 182.8 135.2 147.9 212.7 135.0 18.3 116.9 156.0 208.3 137.1 237.5 154.0 113.1 96.7 81.4 31.3 211.2 155.4 154.9 142.1 113.5 159.2 165.6 118.5 222.7 130.5 178.0 121.2 134.1 199.2 160.8 183.4 153.5 140.9 155.5 166.6 110.0 200.0 148.1 155.2 139.6 187.5 229.3 137.5 127.5 234.4 136.1 144.1 128.2 133.3 228.3 220.5 86.4 150.1 132.6 146.4 164.9 227.7 100.7 163.2 170.9 98.0 76.4 118.4 92.2 127.7 184.4 176.2 160.7 148.0 148.3 183.6 131.9 192.0 233.7 201.9 104.0 60.1 135.7 250.4 0.0 158.8 149.6 195.5 138.0 141.6 146.4 47.6 168.6 167.5 108.4 233.1 193.8 123.2 181.3 159.2 156.2 208.8 169.1 154.3 166.5 168.1 138.6 133.9 174.9 159.3 130.1 131.9 172.3 209.7 168.9 137.5 193.0 142.5 179.3 170.5
1575.1 123.5 253.8 4.2 271.3 273.2 116.7 81.8 288.1 164.6 112.6 311.2 138.7 171.3 142.2 79.0 86.4 232.3 158.4 141.9 252.9 191.7 106.7 184.3 295.6 250.4 242.3 13.2 92.5 77.2 260.6 175.3 152.6 263.8 273.0 216.2 229.1 106.6 300.9 116.5 190.8 47.6 210.6 297.4 163.7 106.5 88.3 134.2 104.3 218.0 71.3 290.6 213.0 129.7 191.6 200.2 197.1 21.9 158.2 150.4 143.2 5.6 285.7 9.1 130.7 69.7 253.8 177.1 65.5 172.0 133.2 213.8 187.2 153.0 234.4 175.5 200.2 112.7 7.4 299.8 23.3 279.8 75.7 260.7 105.6 213.2 59.0 97.0 153.0 0.0 211.8 160.3 233.0 96.7 241.4 200.7 206.5 319.1 203.4 86.9 173.9 240.8 159.0 123.9 251.2 141.8 261.6 204.3 146.9 147.1 292.1 191.4 111.6 254.3 59.0 23.3 231.1 129.4 214.9 206.8 162.4 228.0 260.4 159.7
1733.9 203.1 353.1 202.6 146.0 376.3 315.1 129.7 357.4 139.7 125.4 387.3 57.2 171.6 189.4 223.9 284.8 290.8 356.8 154.7 285.7 271.3 186.3 158.6 385.8 330.0 329.5 182.5 244.8 263.7 340.2 157.3 351.0 305.1 352.6 295.8 312.0 305.0 194.2 84.3 294.5 181.3 296.5 341.2 82.2 304.9 252.6 291.0 108.8 328.5 269.7 165.3 132.0 328.1 140.6 285.1 298.8 173.7 356.6 348.8 189.4 190.5 160.4 186.8 65.8 268.1 121.6 140.8 263.9 90.5 199.4 59.6 266.8 181.0 188.9 317.2 319.2 154.5 188.7 358.2 172.3 366.6 274.1 376.5 214.3 128.0 211.3 295.4 189.9 197.3 0.0 336.5 312.6 244.2 321.0 142.2 121.3 342.1 283.0 290.7 338.8 297.8 122.7 136.7 330.8 340.2 343.7 158.8 34.0 303.9 313.2 308.5 123.2 333.9 192.7 172.3 346.9 327.8 169.4 278.5 360.8 147.0 353.9 71.4
1710.2 168.8 142.0 203.2 331.0 177.7 75.0 203.8 176.3 226.0 234.6 205.1 309.8 216.6 203.6 154.6 106.1 120.5 55.5 240.7 139.1 155.5 168.1 229.6 183.8 217.6 130.5 183.1 115.6 157.8 239.5 220.6 40.7 152.0 267.6 194.5 216.3 100.1 291.2 248.5 79.0 194.9 98.8 192.5 304.0 123.1 146.7 53.9 226.3 106.2 154.8 317.0 274.4 96.2 253.0 88.4 105.7 215.8 46.3 38.5 188.5 191.1 321.4 187.4 274.6 140.8 299.1 242.3 153.7 292.0 178.5 294.4 165.5 214.4 279.7 21.8 88.4 234.7 189.3 188.0 214.4 168.0 150.4 166.8 162.5 258.5 134.3 138.7 198.3 197.9 325.6 0.0 211.3 138.3 219.7 246.0 315.5 207.3 181.7 121.4 80.0 129.0 260.4 245.9 252.0 16.3 149.8 249.6 300.0 41.0 180.3 97.5 261.6 232.6 181.3 214.4 137.2 82.3 264.2 95.0 72.0 289.4 152.9 291.7
1805.3 140.2 140.7 235.7 195.6 166.1 235.7 190.6 170.0 212.8 221.4 185.7 258.2 169.8 192.8 229.5 282.7 144.0 255.6 227.5 66.1 51.7 154.9 193.9 182.5 128.4 116.2 215.6 187.0 232.7 31.7 192.0 240.8 80.2 119.3 16.5 65.0 273.6 155.8 235.3 168.7 214.4 196.7 160.7 233.2 273.5 221.6 195.3 213.1 241.6 302.8 181.6 250.7 278.3 259.3 159.3 146.3 206.8 246.4 238.6 159.9 223.6 186.0 219.9 280.9 301.2 209.3 229.1 244.4 224.9 149.9 241.6 42.4 201.2 251.1 185.1 180.2 221.5 221.8 156.6 205.4 156.4 307.2 177.5 177.5 165.0 209.2 320.8 151.5 230.4 272.8 204.4 0.0 213.2 25.7 177.5 291.8 140.5 27.9 308.9 193.9 78.2 247.2 232.7 103.5 217.7 133.5 221.0 289.7 182.4 103.0 152.0 248.4 38.6 203.6 205.4 129.5 223.7 235.6 152.7 193.1 265.7 136.3 293.7
1664.5 115.2 215.1 91.7 268.4 250.8 128.0 108.8 249.4 158.2 137.7 278.2 214.8 164.9 135.8 43.1 82.3 180.6 178.7 168.9 212.2 185.3 98.4 177.9 256.9 247.5 203.6 73.5 49.3 17.5 254.2 168.9 163.9 225.1 264.7 209.8 228.4 91.4 294.5 151.6 152.1 89.7 171.9 256.1 234.3 92.2 8.4 93.6 129.4 177.4 128.6 284.2 206.6 128.5 185.2 161.5 176.9 108.7 169.5 161.7 136.8 81.5 277.4 77.8 167.7 112.7 247.4 174.5 29.2 224.2 124.9 226.6 180.8 146.6 228.0 136.8 161.5 139.7 79.7 261.1 109.2 241.1 122.3 256.5 82.6 206.8 24.7 108.7 146.6 88.3 257.8 154.2 224.7 0.0 235.0 194.3 246.6 280.4 197.0 99.5 174.0 202.1 192.6 149.0 242.9 156.5 222.9 197.9 205.0 108.4 251.5 186.6 166.6 247.9 74.2 109.2 220.0 140.7 208.5 168.1 175.8 221.6 226.0 196.7
1823.1 158.0 158.5 253.5 214.0 181.3 253.5 208.4 185.8 230.6 239.2 203.5 273.4 187.6 210.6 247.3 300.5 161.8 273.4 245.3 83.9 69.5 172.7 209.1 200.3 146.2 119.1 233.4 204.8 250.5 46.9 209.8 258.6 95.4 134.5 34.3 85.1 291.4 171.0 269.0 186.5 232.2 214.5 169.0 248.4 291.3 243.9 213.1 230.9 259.4 320.6 196.8 265.9 296.1 274.5 177.1 160.1 224.6 264.2 256.4 177.7 242.8 201.2 237.7 296.1 319.0 224.5 246.9 262.2 240.1 167.7 256.8 60.2 219.0 268.9 202.9 198.0 239.3 239.6 174.4 223.2 171.6 325.0 192.7 195.3 180.2 227.0 338.6 169.3 248.2 288.0 222.2 15.1 232.9 0.0 192.7 310.1 158.3 45.7 326.7 205.7 96.0 265.0 250.5 118.7 238.5 148.7 238.8 304.9 200.2 118.2 169.8 266.2 12.9 222.8 223.2 147.3 241.5 249.4 170.5 210.9 280.9 151.5 308.9
1767.3 114.4 226.2 209.9 70.5 249.4 269.4 181.1 237.5 87.5 176.8 260.4 87.3 29.3 145.8 203.7 256.0 184.8 285.2 180.5 158.8 144.4 148.8 16.3 258.9 203.1 190.3 189.8 161.2 206.9 213.3 105.1 270.4 166.6 225.7 168.9 181.8 246.9 113.1 147.5 201.2 188.6 203.2 214.3 62.3 246.8 200.3 202.9 160.2 235.2 277.0 89.8 79.8 282.1 88.4 191.8 171.9 181.0 276.0 268.2 137.2 199.2 84.9 194.1 110.0 275.4 53.0 115.5 218.6 54.0 147.2 70.7 139.9 154.2 136.7 223.9 208.4 205.9 196.0 231.3 179.6 239.7 281.4 249.6 151.7 12.4 183.4 298.1 47.6 204.6 101.9 243.2 185.7 189.3 194.1 0.0 124.0 215.2 156.1 286.2 235.5 170.9 133.6 188.1 203.9 259.5 216.8 106.6 118.8 215.8 186.3 181.6 174.6 207.0 179.2 179.6 220.0 257.4 121.2 185.2 240.7 94.8 222.7 122.8
1761.8 168.8 338.6 217.6 170.4 361.8 330.1 125.3 339.8 102.5 121.0 372.8 105.1 163.5 158.4 242.0 299.8 285.3 371.8 150.3 273.2 256.8 160.7 150.5 371.3 319.0 315.0 197.5 229.2 252.5 325.7 120.1 366.0 290.6 338.1 281.3 299.9 320.0 215.1 83.0 289.0 196.3 291.0 323.6 104.4 320.8 241.4 275.4 104.4 323.0 284.7 186.2 44.1 343.1 103.4 279.6 288.3 188.7 371.6 363.8 152.2 208.6 178.2 201.8 65.7 283.1 142.5 130.5 282.0 92.4 162.2 94.8 252.3 169.2 151.7 311.7 313.7 150.1 203.7 343.7 187.3 352.1 289.1 360.0 209.9 119.9 226.3 313.5 178.7 212.3 122.9 331.0 298.1 233.0 306.5 134.1 0.0 327.6 268.5 269.5 330.2 283.3 121.4 132.3 313.2 358.6 329.2 121.6 95.3 288.3 295.6 290.9 118.8 316.3 207.7 187.3 329.3 345.9 136.2 273.0 351.0 29.1 339.4 46.8
1824.8 159.7 70.1 255.2 289.3 102.9 231.2 210.1 77.7 232.3 240.9 45.1 306.1 189.3 212.3 249.0 278.2 163.5 251.1 247.0 103.6 89.2 174.4 202.3 72.2 14.5 104.2 235.1 206.5 252.2 147.2 211.5 236.3 80.5 60.2 133.7 86.9 269.1 249.8 270.7 187.5 233.9 216.2 71.5 281.1 269.0 245.6 190.8 232.6 237.1 322.3 275.6 280.7 273.8 259.3 178.8 137.8 226.3 241.9 234.1 179.4 244.5 280.0 239.4 280.9 318.4 271.8 248.6 263.9 272.8 169.4 289.5 104.7 220.7 270.6 180.6 175.7 241.0 241.3 16.1 224.9 93.2 326.7 114.3 197.0 231.2 228.7 316.3 171.0 249.9 320.7 199.9 137.4 234.6 158.9 218.7 324.9 0.0 120.9 304.4 183.4 115.7 266.7 252.2 81.1 216.2 95.0 240.5 306.3 177.9 71.4 147.5 267.9 171.8 224.5 224.9 143.0 219.2 251.1 172.2 188.6 295.7 109.0 298.0
1777.3 112.2 112.7 207.7 228.4 148.4 207.7 162.6 140.0 184.8 193.4 157.7 287.8 141.8 164.8 201.5 254.7 116.0 227.6 199.5 38.1 23.7 126.9 154.8 154.5 100.4 87.6 187.6 159.0 204.7 61.3 164.0 212.8 63.9 123.0 12.8 79.1 245.6 185.4 223.2 140.7 186.4 168.7 111.6 262.8 245.5 198.1 167.3 185.1 213.6 274.8 211.2 233.2 250.3 211.8 131.3 114.3 178.8 218.4 210.6 131.9 197.0 215.6 191.9 233.4 273.2 238.9 201.1 216.4 254.5 121.9 271.2 14.4 173.2 223.1 157.1 152.2 193.5 193.8 128.6 177.4 138.7 279.2 153.5 149.5 194.6 181.2 292.8 123.5 202.4 302.4 176.4 29.5 187.1 37.9 171.2 277.4 112.5 0.0 280.9 159.9 50.2 219.2 204.7 101.2 192.7 120.5 193.0 258.8 154.4 83.6 124.0 220.4 50.8 177.0 177.4 101.5 195.7 203.6 124.7 165.1 248.2 119.3 250.5
1619.4 205.3 238.6 90.3 355.5 236.9 80.4 199.4 272.9 248.8 228.3 274.9 305.4 255.5 228.8 100.2 50.1 214.0 107.7 259.5 237.7 252.1 196.3 268.5 266.4 318.5 238.0 153.5 137.3 72.9 336.1 259.5 116.3 258.9 345.1 296.5 301.2 57.4 369.8 242.2 184.8 185.7 206.3 289.1 332.2 100.3 82.1 129.9 227.3 197.2 64.0 375.7 297.2 90.5 275.8 194.2 160.8 96.9 111.5 114.1 225.0 101.4 369.9 104.9 263.7 50.0 338.0 265.1 66.6 318.5 217.4 317.2 262.1 237.2 318.6 145.9 162.0 230.3 103.2 284.6 119.1 226.7 65.0 224.4 173.2 297.4 115.3 11.8 234.8 100.1 353.8 104.1 288.0 90.5 316.3 284.9 334.1 303.9 278.3 0.0 140.5 225.6 288.6 241.5 298.0 105.5 246.4 288.5 295.6 142.8 257.0 160.5 257.2 329.2 164.8 119.1 200.2 98.5 296.7 200.8 128.2 312.2 232.2 287.3
1730.3 170.6 125.2 217.7 317.4 160.9 98.2 202.7 162.4 224.9 230.4 188.3 308.7 209.2 204.9 163.1 129.3 103.7 93.6 239.6 124.3 138.7 163.9 222.2 167.0 205.1 124.6 194.7 127.2 169.4 222.7 219.5 78.8 145.5 250.8 177.7 204.9 120.2 274.4 244.3 44.2 209.4 104.4 172.6 297.9 143.2 161.2 65.5 225.2 108.7 178.0 300.2 273.3 119.4 251.9 53.6 91.8 215.8 84.4 76.6 184.3 199.6 304.6 199.0 265.9 160.9 291.7 241.2 168.2 292.7 177.4 293.3 148.7 213.3 278.6 55.3 74.5 233.6 200.9 171.2 217.5 154.1 170.5 160.6 161.4 251.1 145.9 161.9 193.8 206.4 321.4 74.6 194.5 151.8 202.9 238.6 314.4 190.5 164.9 141.5 0.0 112.2 256.2 241.7 232.1 88.0 133.0 248.5 298.9 52.6 163.5 87.3 260.5 212.7 192.9 217.5 128.9 96.8 256.0 60.2 63.3 288.3 131.8 290.6
1774.5 109.4 62.4 204.9 239.0 98.1 157.4 159.8 89.7 182.0 190.6 125.5 255.8 139.0 162.0 198.7 204.4 113.2 177.3 196.7 12.0 26.5 124.1 152.0 104.2 142.3 61.8 184.8 156.2 201.9 114.0 161.2 162.5 82.7 140.2 65.4 96.3 195.3 222.2 220.4 113.7 183.6 155.9 103.4 230.8 195.2 195.3 117.0 182.3 163.3 258.6 248.0 230.4 200.0 209.0 123.1 64.0 176.0 168.1 160.3 129.1 194.2 252.4 189.1 230.6 244.6 221.5 198.3 213.6 222.5 119.1 239.2 36.4 170.4 220.3 106.8 101.9 190.7 191.0 108.4 174.6 88.4 254.2 104.3 146.7 180.9 178.4 242.5 120.7 199.6 270.4 126.1 82.2 184.3 90.6 168.4 274.6 127.7 52.6 230.6 109.6 0.0 216.4 201.9 118.4 142.4 70.2 190.2 256.0 104.1 100.7 73.7 217.6 103.5 174.2 174.6 51.2 145.4 200.8 121.9 114.8 245.4 69.0 247.7
1741.0 135.5 289.4 170.1 176.5 312.6 282.6 77.8 293.7 30.3 73.5 323.6 109.6 173.1 100.2 191.4 252.3 227.1 324.3 102.8 224.0 207.6 105.6 160.1 322.1 266.3 265.8 150.0 181.7 205.0 276.5 83.7 318.5 241.4 288.9 232.1 253.5 272.5 224.7 48.3 230.8 148.8 232.8 277.5 114.0 272.4 193.9 227.9 56.9 264.8 237.2 195.8 84.4 295.6 63.0 221.4 235.1 141.2 324.1 316.3 115.8 158.0 190.9 154.3 74.4 235.6 152.1 18.1 231.4 105.7 125.8 104.4 203.1 111.0 115.3 253.5 255.5 102.6 156.2 294.5 139.8 302.9 241.6 312.8 162.4 129.5 178.8 262.9 168.9 164.8 135.6 272.8 248.9 185.5 257.3 143.7 128.6 278.4 219.3 258.2 272.0 234.1 0.0 84.8 267.1 289.1 280.0 85.2 99.8 240.8 249.5 244.8 71.3 270.2 160.2 139.8 283.2 295.3 99.8 214.8 300.4 99.4 290.2 91.5
1698.4 105.4 255.4 128.8 241.4 278.6 241.3 32.0 259.7 100.9 11.2 289.6 122.9 153.2 52.6 150.1 211.0 193.1 283.0 18.0 188.0 173.6 88.6 166.2 288.1 232.3 219.5 108.7 135.9 159.2 242.5 148.6 277.2 195.8 254.9 198.1 216.7 226.1 282.8 61.6 196.8 107.5 198.8 243.5 147.9 226.0 148.1 182.1 39.4 230.8 195.9 260.7 149.3 254.3 127.9 187.4 201.1 99.9 282.8 275.0 125.1 116.7 255.8 113.0 80.1 194.3 217.0 117.2 170.9 156.2 115.1 169.3 169.1 44.3 180.2 219.5 221.5 56.8 114.9 260.5 98.5 268.9 200.3 278.8 116.6 194.4 135.7 221.6 134.9 123.5 178.0 238.8 214.9 139.7 223.3 182.6 154.7 244.4 185.3 216.9 241.1 200.1 104.1 0.0 233.1 252.1 246.0 150.1 113.1 195.0 215.5 210.8 74.7 236.2 118.9 98.5 249.2 236.6 160.7 180.8 266.4 164.3 256.2 104.8
1821.5 156.4 110.7 251.9 241.5 143.5 271.8 206.8 66.4 229.0 237.6 114.3 304.1 186.0 209.0 245.7 293.2 160.2 260.6 243.7 100.3 85.9 171.1 199.0 94.8 57.0 113.2 231.8 203.2 248.9 129.4 208.2 245.8 88.8 79.6 118.2 67.4 287.2 201.7 251.5 184.9 230.6 212.9 50.2 279.1 288.8 237.8 231.4 229.3 244.9 319.0 227.5 296.6 283.3 256.0 175.5 147.3 223.0 251.4 243.6 176.1 239.8 231.9 236.1 265.7 317.4 255.2 245.3 260.6 267.1 166.1 287.5 101.4 217.4 267.3 221.2 183.8 237.7 238.0 85.2 221.6 133.8 323.4 154.9 193.7 210.9 225.4 325.8 167.7 246.6 318.7 240.5 101.6 229.4 127.4 223.4 337.7 69.1 129.6 313.9 224.0 112.4 263.4 248.9 0.0 256.8 98.6 237.2 303.0 218.5 68.1 157.0 264.6 140.3 219.8 221.6 163.7 259.8 251.8 168.9 225.7 311.6 137.6 294.7
1693.9 187.3 160.5 164.8 335.7 163.0 58.7 222.3 194.8 244.5 249.7 201.0 328.3 230.7 222.1 169.7 92.8 145.6 39.2 259.2 157.6 174.0 186.6 243.7 192.5 236.1 149.0 201.6 134.1 153.1 258.0 239.1 24.4 170.5 265.8 209.6 240.5 83.8 295.9 267.0 97.5 210.0 117.3 198.1 322.5 107.7 161.8 72.4 241.4 121.3 138.5 321.7 292.9 79.9 271.5 106.9 93.5 234.3 30.0 22.2 203.6 209.6 329.1 205.9 281.2 124.5 313.2 260.8 144.4 310.5 193.6 312.9 184.0 232.9 298.2 40.3 106.9 253.2 207.8 206.5 232.9 172.7 137.1 153.5 181.0 272.6 152.8 122.4 212.4 169.2 344.1 18.5 226.4 156.8 238.2 260.1 334.0 225.8 200.2 95.2 63.7 147.5 275.5 264.4 244.0 0.0 168.3 268.1 318.5 59.5 195.4 81.2 280.1 251.1 196.4 232.9 120.9 71.4 282.7 113.5 54.3 307.9 154.0 310.2
1815.0 157.2 14.8 252.7 272.3 32.5 178.8 207.6 42.1 229.8 238.4 77.9 303.6 186.8 209.8 239.1 225.8 155.4 198.7 244.5 101.1 86.7 171.9 199.8 56.6 94.7 69.4 232.6 200.1 242.3 157.0 209.0 183.9 78.0 140.4 145.8 66.4 216.7 229.3 268.2 135.1 231.4 177.3 65.3 278.6 216.6 235.7 138.4 230.1 184.7 280.0 255.1 278.2 221.4 256.8 144.5 89.4 223.8 189.5 181.7 176.9 242.0 259.5 236.9 278.4 266.0 282.8 246.1 238.2 270.3 166.9 287.0 102.2 218.2 268.1 128.2 123.3 238.5 238.8 60.8 222.4 22.8 275.6 43.9 194.5 238.5 218.8 263.9 168.5 247.4 318.2 147.5 129.2 224.7 155.0 216.2 322.4 80.1 118.4 252.0 131.0 90.8 264.2 249.7 106.5 163.8 0.0 238.0 303.8 125.5 30.5 95.1 265.4 167.9 222.0 222.4 90.6 166.8 248.6 151.1 136.2 293.2 56.6 295.5
1772.0 70.2 236.9 202.4 179.0 260.1 261.9 172.6 248.2 48.6 168.3 271.1 141.5 134.7 106.9 196.2 248.5 194.8 291.3 141.6 169.5 155.1 109.9 147.7 269.6 213.8 201.0 182.3 153.7 199.4 224.0 18.4 276.5 177.3 236.4 179.6 192.5 239.4 227.2 121.3 193.7 181.1 195.7 225.0 116.5 239.3 192.8 195.4 151.7 227.7 269.5 198.3 86.9 274.6 65.5 184.3 186.6 173.5 282.1 274.3 50.5 191.7 193.4 186.6 161.0 267.9 154.6 76.6 211.1 108.2 60.5 106.9 150.6 115.3 30.1 216.4 218.4 197.4 188.5 242.0 172.1 250.4 273.9 260.3 144.2 132.0 175.9 290.6 116.4 197.1 138.1 235.7 196.4 181.8 204.8 146.2 131.1 225.9 166.8 278.7 234.9 181.6 94.7 159.6 214.6 252.0 227.5 0.0 172.2 208.3 197.0 192.3 139.5 217.7 171.7 172.1 230.7 249.9 10.5 177.7 251.4 101.9 233.4 177.0
1699.8 169.0 319.0 168.5 163.4 342.2 281.0 95.6 330.3 118.9 91.3 353.2 23.1 148.9 155.3 189.8 250.7 261.5 322.7 120.6 251.6 237.2 152.2 135.9 351.7 295.9 283.1 148.4 210.7 229.6 306.1 152.6 316.9 259.4 318.5 261.7 274.6 270.9 206.0 62.0 260.4 147.2 262.4 307.1 48.1 270.8 223.0 256.9 74.7 294.4 235.6 182.7 127.3 294.0 109.6 251.0 264.7 139.6 322.5 314.7 184.7 157.8 177.8 152.7 24.5 234.0 145.9 106.7 229.8 56.4 178.7 98.2 232.7 146.9 184.2 283.1 285.1 120.4 154.6 324.1 138.2 332.5 240.0 342.4 180.2 105.3 177.2 261.3 167.2 163.2 64.8 302.4 278.5 212.0 286.9 119.5 84.1 308.0 248.9 256.6 301.6 263.7 88.6 102.6 296.7 306.1 309.6 154.1 0.0 269.8 279.1 274.4 89.1 299.8 157.2 138.2 312.8 293.7 168.7 244.4 326.7 113.3 315.5 37.3
1713.9 133.4 106.6 162.1 281.2 142.3 53.2 168.4 133.9 190.6 199.2 169.7 274.4 181.2 170.6 113.5 100.2 85.1 103.2 205.3 105.7 120.1 132.7 194.2 148.4 186.5 106.0 142.0 74.5 116.7 204.1 185.2 88.4 126.9 232.2 159.1 180.9 91.1 255.8 229.0 43.6 153.8 63.4 147.6 268.6 91.0 110.1 12.8 190.9 70.8 168.0 281.6 239.0 109.4 217.6 53.0 74.3 174.7 94.0 86.2 153.1 151.4 286.0 146.3 239.2 154.0 263.7 206.9 112.6 260.3 143.1 259.0 130.1 179.0 244.3 28.3 53.0 199.3 148.2 152.6 173.3 132.6 163.6 148.0 124.2 223.1 93.2 151.0 162.9 156.8 290.2 47.6 175.9 99.1 184.3 210.6 283.2 171.9 146.3 139.1 59.5 93.6 225.0 210.5 216.6 63.9 114.4 214.2 264.6 0.0 144.9 80.0 226.2 197.2 141.6 173.3 113.4 41.2 224.8 59.6 85.9 254.0 113.2 256.3
1791.8 126.7 45.3 222.2 238.6 63.0 209.3 177.1 79.6 199.3 207.9 108.4 273.1 156.3 176.9 216.0 256.3 130.5 229.2 214.0 70.6 56.2 141.4 169.3 87.1 75.2 71.2 202.1 173.5 219.2 126.5 178.5 214.4 47.5 97.8 115.3 35.9 247.2 198.8 221.8 155.2 200.9 183.2 86.3 248.1 247.1 208.1 168.9 199.6 215.2 289.3 224.6 247.7 251.9 226.3 145.8 115.9 193.3 220.0 212.2 146.4 210.1 229.0 206.4 236.0 287.7 252.3 215.6 230.9 236.1 136.4 256.5 71.7 187.7 237.6 158.7 153.8 208.0 208.3 91.3 191.9 53.3 293.7 74.4 164.0 208.0 195.7 294.4 138.0 216.9 287.7 178.0 98.7 199.7 124.5 185.7 288.8 110.6 87.9 267.2 164.6 82.7 233.7 219.2 76.0 194.3 30.5 207.5 273.3 156.0 0.0 125.6 234.9 137.4 190.1 191.9 121.1 197.3 218.1 139.2 163.2 262.7 87.1 265.0
1719.8 119.8 83.4 215.3 257.6 80.4 105.0 170.2 117.7 192.4 201.0 118.4 266.2 149.4 170.0 180.8 136.1 90.8 103.5 207.1 80.5 96.9 134.5 162.4 109.9 163.3 71.9 195.2 141.8 184.0 180.9 171.6 88.7 103.7 184.5 135.9 140.6 130.1 214.6 214.9 76.8 194.0 119.0 133.9 241.2 153.1 172.9 80.1 192.7 126.4 184.8 240.4 240.8 126.2 219.4 86.2 5.7 186.4 94.3 86.5 139.5 203.2 244.8 199.5 229.1 170.8 231.9 208.7 179.9 229.2 129.5 249.6 106.9 180.8 230.7 69.9 65.0 201.1 201.4 129.4 185.0 90.1 180.4 67.9 157.1 191.3 160.5 168.7 131.1 210.0 280.8 89.2 152.7 164.5 161.1 178.8 281.9 148.7 123.1 141.5 72.7 70.4 226.8 212.3 162.7 97.9 91.2 200.6 266.4 67.2 121.7 0.0 228.0 174.0 183.2 185.0 38.3 108.5 211.2 92.8 64.9 255.8 71.4 258.1
1690.5 118.7 268.7 119.6 221.3 291.9 232.1 45.3 280.0 80.8 41.0 302.9 107.0 166.5 105.0 140.9 201.8 211.2 273.8 70.3 201.3 186.9 101.9 179.5 301.4 245.6 232.8 99.5 161.8 180.7 255.8 128.5 268.0 209.1 268.2 211.4 224.3 222.0 269.5 61.6 210.1 98.3 212.1 256.8 132.0 221.9 174.1 208.0 24.4 244.1 186.7 240.6 129.2 245.1 107.8 200.7 218.4 90.7 273.6 265.8 138.4 108.9 235.7 103.8 71.8 185.1 196.9 97.1 180.9 140.3 128.4 149.2 182.4 96.6 160.1 232.8 234.8 70.1 105.7 273.8 89.3 282.2 191.1 292.1 129.9 174.3 128.3 212.4 148.2 114.3 162.1 252.1 228.2 163.1 236.6 188.5 135.7 257.7 198.6 207.7 251.3 213.4 88.2 52.3 246.4 257.2 259.3 130.0 97.2 220.9 228.8 224.1 0.0 249.5 108.3 89.3 262.5 244.8 144.6 194.1 277.8 144.2 265.2 88.9
1835.1 170.0 170.5 265.5 226.0 193.3 265.5 220.4 197.2 242.6 251.2 215.5 285.4 199.6 220.2 259.3 312.5 169.0 285.4 257.3 97.9 81.5 184.7 221.1 212.3 161.7 131.1 245.4 216.8 262.5 58.9 221.8 270.6 107.4 146.5 46.3 97.1 303.4 183.0 265.1 198.5 244.2 226.5 187.9 260.4 304.2 251.4 225.1 242.9 271.4 332.6 208.8 277.9 308.1 286.5 189.1 172.1 236.6 276.2 268.4 189.7 253.4 213.2 249.7 308.1 331.0 236.5 258.9 274.2 248.4 179.7 268.8 72.2 231.0 280.9 214.9 210.0 251.3 251.6 186.4 235.2 183.6 337.0 204.7 207.3 192.2 239.0 350.6 181.3 260.2 300.0 234.2 27.1 243.0 12.0 204.7 322.1 170.3 57.7 323.4 217.7 108.0 277.0 262.5 130.7 250.5 160.7 250.8 316.9 212.2 130.2 181.8 278.2 0.0 233.4 235.2 159.3 253.5 265.4 182.5 219.4 292.9 163.5 320.9
1634.2 99.0 249.6 63.3 246.8 285.3 175.8 90.7 253.3 140.1 121.5 312.7 196.7 146.8 117.7 84.6 145.5 170.0 217.5 150.8 181.6 167.2 82.2 159.8 291.4 225.9 238.1 43.2 83.8 107.1 236.1 150.8 211.7 201.0 248.5 191.7 204.6 165.7 276.4 135.4 173.7 13.5 175.7 237.1 218.1 166.5 96.0 130.0 113.2 207.7 130.4 266.1 188.5 188.8 167.1 164.3 213.3 34.4 217.3 209.5 118.7 51.2 261.2 47.5 161.5 128.8 229.3 156.4 118.8 206.1 108.7 208.5 162.7 128.5 209.9 171.3 196.0 121.6 49.4 254.1 33.0 275.6 134.8 291.0 46.5 188.7 72.0 156.1 128.5 58.0 239.7 190.6 208.5 87.6 216.9 176.2 225.4 238.0 178.9 146.0 202.5 193.7 174.5 132.8 226.7 200.9 257.4 179.8 186.9 142.9 209.1 223.0 148.5 229.8 0.0 33.0 256.4 184.5 190.4 157.7 223.6 203.5 256.2 178.6
1601.1 100.1 238.2 30.2 247.9 273.9 142.7 58.4 265.5 141.2 89.2 301.3 115.3 147.9 121.2 51.5 112.4 208.5 184.4 118.5 237.3 168.3 83.3 160.9 280.0 227.0 237.6 10.1 72.4 91.3 237.2 151.9 178.6 190.5 249.6 192.8 205.7 132.6 277.5 109.0 175.2 24.2 195.0 288.7 140.3 132.5 84.7 118.6 80.9 202.4 97.3 267.2 189.6 155.7 168.2 184.6 201.9 1.3 184.2 176.4 119.8 19.5 262.3 14.4 119.2 95.7 230.4 153.7 91.5 148.6 109.8 190.4 163.8 129.6 211.0 159.9 184.6 89.3 16.3 284.2 0.0 264.2 101.7 280.7 105.7 189.8 38.9 123.0 129.6 24.9 188.4 179.2 209.6 73.7 218.0 177.3 183.1 239.1 180.0 118.3 191.1 225.2 135.6 100.5 227.8 167.8 246.0 180.9 123.5 131.5 210.2 211.6 88.2 230.9 34.2 0.0 245.0 155.4 195.5 191.2 188.4 204.6 244.8 136.3
1759.0 162.8 84.3 258.3 292.4 64.4 144.2 213.2 118.6 235.4 244.0 102.4 309.2 192.4 213.0 219.6 175.3 142.5 142.7 250.1 65.4 79.8 177.5 205.4 93.9 164.2 72.8 238.2 180.6 222.8 167.4 214.6 127.9 104.6 193.6 118.8 164.3 169.3 271.4 257.9 115.6 237.0 157.8 134.8 284.2 192.3 211.7 118.9 235.7 165.2 224.0 297.2 283.8 165.4 262.4 125.0 65.9 229.4 133.5 125.7 182.5 246.2 301.6 242.5 272.1 210.0 274.9 251.7 218.7 272.2 172.5 292.6 89.8 223.8 273.7 108.7 103.8 244.1 244.4 130.3 228.0 74.1 219.6 51.9 200.1 234.3 199.3 207.9 174.1 253.0 323.8 128.0 135.6 203.3 144.0 221.8 328.0 149.6 106.0 180.7 114.6 53.3 269.8 255.3 171.8 137.1 92.1 243.6 309.4 106.0 122.6 57.8 271.0 156.9 226.2 228.0 0.0 147.3 258.2 131.6 104.1 298.8 59.7 301.1
1680.6 179.7 159.7 195.5 327.5 183.4 12.0 206.3 194.0 236.9 237.1 221.4 312.3 227.5 214.5 146.9 78.0 138.2 71.9 251.6 156.8 173.2 179.0 240.5 201.5 235.3 159.1 175.4 107.9 141.3 257.2 231.5 62.8 169.7 285.3 212.2 234.0 72.0 308.9 251.0 96.7 187.2 116.5 200.7 314.9 95.9 139.0 46.2 228.8 123.9 126.7 334.7 285.3 68.1 263.9 106.1 107.3 208.1 68.4 60.6 199.4 183.4 339.1 179.7 265.2 112.7 310.0 253.2 129.6 302.9 189.4 305.3 183.2 225.3 290.6 81.4 106.1 237.2 181.6 205.7 206.7 185.7 122.3 170.9 157.6 269.4 126.6 110.6 209.2 190.2 336.5 70.5 229.0 130.6 237.4 256.9 326.4 225.0 199.4 98.7 90.1 146.7 271.3 248.4 269.7 52.0 167.5 260.5 302.5 53.0 198.0 101.6 264.1 250.3 173.6 206.7 141.3 0.0 271.1 112.7 72.6 300.3 166.3 294.2
1785.5 80.0 250.4 212.2 192.3 273.6 275.4 186.1 251.0 58.4 178.1 280.9 155.0 144.5 120.4 209.7 258.3 208.3 304.8 155.1 185.0 168.6 123.4 161.2 283.1 227.1 210.8 192.1 163.5 209.2 233.8 28.2 290.0 202.4 249.9 193.1 202.3 249.2 240.7 152.9 203.5 194.6 209.2 234.8 130.0 249.1 201.8 208.9 161.5 241.2 283.0 208.1 96.7 288.1 75.3 194.1 192.4 187.0 291.9 284.1 64.0 200.1 203.2 200.1 162.6 281.4 168.1 90.1 224.6 118.0 74.0 120.4 160.4 128.8 19.5 226.2 228.2 210.9 202.0 251.8 185.6 260.2 283.7 273.8 154.0 145.5 185.7 304.1 129.9 206.9 147.9 249.2 209.9 193.4 218.3 156.0 144.6 235.7 176.6 288.5 244.7 195.1 104.5 169.4 224.4 265.5 241.0 9.7 185.7 218.1 206.8 202.1 153.0 227.5 180.1 185.6 240.5 259.7 0.0 187.5 257.7 115.4 243.2 186.8
1757.1 107.4 122.2 187.5 255.2 157.9 122.9 142.4 149.5 164.6 173.2 185.3 248.4 155.2 144.6 165.1 169.9 76.1 147.2 179.3 121.3 135.7 106.7 168.2 164.0 202.1 121.6 167.4 110.6 168.3 187.5 159.2 132.4 142.5 199.9 143.1 156.0 160.8 230.0 203.0 15.9 160.1 83.0 163.2 242.6 160.7 161.7 82.5 164.9 115.0 235.2 255.8 213.0 176.6 191.6 6.5 89.9 158.6 138.0 130.2 127.1 176.8 260.2 171.7 213.2 221.2 237.7 180.9 180.0 234.3 117.1 233.0 114.1 153.0 218.3 72.3 68.6 173.3 173.6 168.2 157.2 148.2 230.8 163.6 101.1 197.1 144.8 219.1 136.9 182.2 264.2 91.6 159.9 150.7 168.3 184.6 257.2 187.5 130.3 207.2 57.1 109.2 199.0 184.5 178.1 107.9 130.0 188.2 238.6 69.6 160.5 95.6 200.2 181.2 147.9 157.2 129.0 110.9 202.8 0.0 101.5 228.0 128.8 230.3
1718.0 169.5 125.2 186.8 310.8 133.5 80.7 222.0 161.6 244.2 250.7 171.5 318.0 201.2 225.6 186.0 111.8 84.3 81.3 258.9 122.9 138.7 187.7 214.2 163.0 203.7 123.2 215.9 148.4 177.2 222.7 223.4 66.5 144.1 249.4 176.3 205.2 105.8 266.4 264.6 83.4 226.3 125.6 168.3 290.9 132.3 178.1 85.3 242.4 131.6 160.5 292.2 292.6 101.9 271.2 92.8 58.8 236.1 72.1 64.3 192.7 223.9 296.6 220.2 285.2 148.6 283.7 260.5 163.4 286.1 179.2 301.4 148.7 232.6 282.5 76.5 52.2 252.9 222.1 171.2 236.8 144.6 156.1 122.1 189.3 243.1 167.1 144.4 180.8 229.3 330.5 94.2 193.1 171.6 202.9 230.6 338.2 190.5 164.9 129.2 81.0 112.2 280.0 264.1 212.4 77.1 133.0 252.4 318.2 73.8 162.1 49.6 279.8 214.4 214.1 236.8 89.3 96.9 260.9 99.4 0.0 307.6 130.2 309.9
1780.2 142.7 309.4 246.8 137.7 332.6 328.0 154.5 320.7 73.3 150.2 343.6 100.2 134.3 131.6 246.2 329.0 260.9 357.4 166.3 242.0 227.6 134.6 121.3 342.1 286.3 273.5 226.7 219.8 249.4 296.5 90.9 342.6 249.8 308.9 252.1 265.0 305.5 185.9 120.9 259.8 225.5 261.8 297.5 75.2 305.4 242.8 261.5 133.6 293.8 313.9 157.0 14.9 340.7 74.2 250.4 259.1 217.9 348.2 340.4 123.0 236.1 152.1 231.0 99.1 312.3 113.3 101.3 261.1 66.9 133.0 65.6 223.1 140.0 122.5 282.5 284.5 179.3 232.9 314.5 216.5 322.9 318.3 332.8 206.8 90.7 225.9 339.6 152.6 241.5 96.8 301.8 268.9 231.8 277.3 104.9 29.1 298.4 239.3 334.9 301.0 254.1 119.4 161.5 287.1 318.1 300.0 92.4 124.5 274.4 269.5 264.8 148.0 290.2 235.5 216.5 303.2 316.0 107.0 243.8 323.9 0.0 305.9 76.0
1793.8 163.1 48.8 258.6 291.9 71.7 161.9 209.2 83.1 231.4 240.0 109.7 305.2 188.4 209.0 217.9 204.6 140.8 177.5 246.1 79.7 88.3 177.8 201.4 90.6 128.7 19.3 234.2 178.9 221.1 128.3 210.6 162.7 40.8 163.0 139.4 128.8 195.5 269.7 253.9 113.9 233.0 156.1 96.7 280.2 196.3 210.0 121.5 236.0 163.5 258.8 295.5 279.8 199.9 258.4 123.3 64.2 225.4 168.3 160.5 178.5 242.2 304.2 238.5 272.4 244.8 270.9 247.7 217.0 268.2 168.5 288.6 106.1 219.8 269.7 107.0 106.4 240.1 240.4 94.8 224.0 74.8 254.4 56.0 196.1 230.3 197.6 242.7 170.1 249.0 324.1 130.6 122.8 201.6 144.3 217.8 320.9 114.1 122.3 215.5 115.8 69.6 265.8 251.3 136.9 139.6 56.6 239.6 305.4 104.3 87.1 73.9 267.0 161.5 226.5 224.0 73.7 145.6 250.2 129.9 112.9 294.8 0.0 297.1
1715.0 151.9 301.9 170.8 198.6 325.1 283.3 78.5 313.2 101.8 74.2 336.1 58.3 184.1 138.2 192.1 253.0 244.4 325.0 103.5 234.5 220.1 135.1 171.1 334.6 278.8 266.0 150.7 182.4 205.7 289.0 147.1 319.2 242.3 301.4 244.6 257.5 273.2 241.2 44.9 243.3 149.5 245.3 290.0 83.3 273.1 199.1 228.6 57.6 277.3 237.9 217.9 91.0 296.3 92.5 233.9 251.6 141.9 324.8 317.0 171.6 160.1 213.0 155.0 23.1 236.3 181.1 89.6 232.1 91.6 161.6 133.4 215.6 129.8 178.7 266.0 268.0 103.3 156.9 307.0 140.5 315.4 242.3 325.3 163.1 140.5 179.5 263.6 181.4 165.5 113.4 285.3 261.4 188.1 269.8 154.7 46.8 290.9 231.8 258.9 284.5 246.6 71.5 85.5 279.6 308.4 292.5 148.6 48.5 241.5 262.0 257.3 72.0 282.7 159.5 140.5 295.7 296.0 163.2 227.3 329.0 76.0 298.4 0.0
