Name		0271_BED-Amazon_n69_m166_bt23
Number_of_Customers	69
Number_of_Items		166
Number_of_ItemTypes	23
Number_of_Vehicles	1
TimeWindows		0
Dist_type	manual

VEHICLE
Mass_Capacity	1693
CargoSpace_Length	160
CargoSpace_Width	70
CargoSpace_Height	72

CUSTOMERS
i	x	y	Demand	ReadyTime	DueDate	ServiceTime	DemandedMass	DemandedVolume
0	34.007369	-118.143927	0	0	0	0	0	0
1	34.095278	-118.323348	1	0	0	0	1.75	4608
2	34.091537	-118.324451	1	0	0	0	0.7	2640
3	34.099287	-118.316023	5	0	0	0	20.47	30023
4	34.098931	-118.321891	2	0	0	0	5.4	4020
5	34.095732	-118.319049	3	0	0	0	6.67	12300
6	34.088928	-118.323724	1	0	0	0	0.7	2640
7	34.091811	-118.327721	1	0	0	0	1.9	1176
8	34.093691	-118.321185	1	0	0	0	4.7	1380
9	34.091414	-118.328873	1	0	0	0	1.9	1176
10	34.092657	-118.32119	1	0	0	0	5.29	8075
11	34.099667	-118.316575	2	0	0	0	7.81	11744
12	34.095984	-118.320093	1	0	0	0	1.8	2520
13	34.099289	-118.316655	1	0	0	0	2.5	3978
14	34.093376	-118.319044	1	0	0	0	4.7	1380
15	34.099677	-118.321613	1	0	0	0	4.8	6200
16	34.0962	-118.32413	2	0	0	0	2.85	3720
17	34.087112	-118.324939	1	0	0	0	2.15	1080
18	34.087119	-118.323276	2	0	0	0	6.0	13194
19	34.093824	-118.32887	3	0	0	0	12.44	28379
20	34.093719	-118.329903	2	0	0	0	7.64	16284
21	34.095405	-118.320089	2	0	0	0	6.6	2556
22	34.088924	-118.325768	2	0	0	0	25.25	11508
23	34.094364	-118.325296	1	0	0	0	4.7	1380
24	34.091803	-118.321185	2	0	0	0	2.45	7248
25	34.092893	-118.320083	4	0	0	0	10.41	24018
26	34.088012	-118.324654	2	0	0	0	6.32	11578
27	34.094379	-118.323648	2	0	0	0	7.19	9251
28	34.089834	-118.326098	1	0	0	0	0.7	2640
29	34.089846	-118.324867	1	0	0	0	0.7	2640
30	34.08985	-118.323893	1	0	0	0	14.15	1000
31	34.099484	-118.317982	3	0	0	0	7.55	5100
32	34.094384	-118.32298	3	0	0	0	11.61	25740
33	34.099761	-118.317988	5	0	0	0	28.75	9836
34	34.089851	-118.323444	1	0	0	0	4.7	1380
35	34.088926	-118.325395	1	0	0	0	4.7	1380
36	34.095147	-118.324144	1	0	0	0	3.8	2352
37	34.090286	-118.327737	1	0	0	0	2.15	1080
38	34.099283	-118.317313	4	0	0	0	23.02	17978
39	34.093701	-118.326633	3	0	0	0	17.25	14028
40	34.100461	-118.320862	2	0	0	0	3.2	6618
41	34.093646	-118.323358	3	0	0	0	14.5	8998
42	34.093701	-118.326633	3	0	0	0	13.45	5016
43	34.087321	-118.324429	1	0	0	0	4.7	1380
44	34.093879	-118.319049	1	0	0	0	4.7	1380
45	34.091421	-118.322044	3	0	0	0	11.4	8756
46	34.099477	-118.319619	1	0	0	0	1.9	1176
47	34.094072	-118.32229	1	0	0	0	4.7	1380
48	34.096871	-118.325375	1	0	0	0	3.82	7600
49	34.088014	-118.325259	1	0	0	0	4.7	1380
50	34.098684	-118.317201	4	0	0	0	16.65	10078
51	34.092558	-118.328115	4	0	0	0	16.5	16596
52	34.093456	-118.329161	3	0	0	0	11.39	14735
53	34.088015	-118.325779	1	0	0	0	0.7	2640
54	34.100459	-118.321189	1	0	0	0	4.7	1380
55	34.099686	-118.320695	2	0	0	0	11.3	3936
56	34.092984	-118.329909	1	0	0	0	0.7	2640
57	34.100466	-118.317379	5	0	0	0	17.45	13324
58	34.092572	-118.322085	1	0	0	0	9.4	2760
59	34.093714	-118.320085	3	0	0	0	8.6	10638
60	34.088011	-118.322952	1	0	0	0	5.29	8075
61	34.086219	-118.323915	1	0	0	0	0.7	2640
62	34.099832	-118.319619	5	0	0	0	21.48	64716
63	34.099283	-118.322936	2	0	0	0	12.0	5020
64	34.100468	-118.316839	4	0	0	0	18.75	10380
65	34.092544	-118.330371	1	0	0	0	2.5	3978
66	34.091976	-118.319036	1	0	0	0	5.7	14212
67	34.10046	-118.320031	7	0	0	0	22.25	47997
68	34.09351	-118.324844	4	0	0	0	21.35	24788
69	34.093027	-118.326629	1	0	0	0	1.9	1176

ITEMS
Type	Length	Width	Height	Mass	Fragility	LoadBearingStrength
Bt1	10	10	10	14.15	1	0
Bt2	18	12	5	2.15	1	0
Bt3	21	14	4	1.9	1	0
Bt4	23	15	4	4.7	1	0
Bt5	20	18	7	1.8	1	0
Bt6	15	11	16	0.7	1	0
Bt7	20	14	13	7.3	1	0
Bt8	17	13	18	2.5	1	0
Bt9	24	12	16	1.75	1	0
Bt10	40	15	9	4.21	1	0
Bt11	28	22	9	3.01	1	0
Bt12	31	20	10	4.8	1	0
Bt13	40	19	10	3.82	1	0
Bt14	25	19	17	5.29	1	0
Bt15	22	15	26	3.816	1	0
Bt16	28	18	18	2.75	1	0
Bt17	40	20	13	2.6	1	0
Bt18	29	24	15	4.26	1	0
Bt19	38	22	17	5.7	1	0
Bt20	27	23	24	2.94	1	0
Bt21	39	27	16	7.63	1	0
Bt22	57	22	14	7.9	1	0
Bt23	43	31	16	4.0	1	0

DEMANDS PER CUSTOMER
i	Type Quantity
1	Bt9 1	
2	Bt6 1	
3	Bt14 1	Bt4 1	Bt6 1	Bt21 1	Bt2 1	
4	Bt4 1	Bt6 1	
5	Bt2 1	Bt15 1	Bt6 1	
6	Bt6 1	
7	Bt3 1	
8	Bt4 1	
9	Bt3 1	
10	Bt14 1	
11	Bt12 1	Bt11 1	
12	Bt5 1	
13	Bt8 1	
14	Bt4 1	
15	Bt12 1	
16	Bt2 1	Bt6 1	
17	Bt2 1	
18	Bt9 2	Bt8 1	
19	Bt10 1	Bt20 1	Bt14 1	
20	Bt20 1	Bt4 1	
21	Bt3 1	Bt4 1	
22	Bt4 5	Bt9 1	
23	Bt4 1	
24	Bt9 1	Bt6 1	
25	Bt6 2	Bt8 1	Bt11 1	Bt9 2	
26	Bt13 1	Bt8 1	
27	Bt3 1	Bt14 1	
28	Bt6 1	
29	Bt6 1	
30	Bt1 1	
31	Bt2 1	Bt6 1	Bt4 1	
32	Bt22 1	Bt6 1	Bt11 1	
33	Bt3 1	Bt4 1	Bt7 1	Bt1 1	Bt6 1	
34	Bt4 1	
35	Bt4 1	
36	Bt3 2	
37	Bt2 1	
38	Bt13 1	Bt7 1	Bt4 2	Bt8 1	
39	Bt6 2	Bt9 1	Bt4 3	
40	Bt6 1	Bt8 1	
41	Bt4 1	Bt8 1	Bt7 1	
42	Bt2 1	Bt4 2	Bt3 1	
43	Bt4 1	
44	Bt4 1	
45	Bt12 1	Bt3 1	Bt4 1	
46	Bt3 1	
47	Bt4 1	
48	Bt13 1	
49	Bt4 1	
50	Bt4 1	Bt2 1	Bt8 1	Bt7 1	
51	Bt7 1	Bt4 1	Bt3 1	Bt17 1	
52	Bt6 2	Bt4 1	Bt14 1	
53	Bt6 1	
54	Bt4 1	
55	Bt4 2	Bt3 1	
56	Bt6 1	
57	Bt5 1	Bt4 1	Bt7 1	Bt3 1	Bt9 1	
58	Bt4 2	
59	Bt6 2	Bt4 1	Bt8 1	
60	Bt14 1	
61	Bt6 1	
62	Bt23 2	Bt4 1	Bt13 1	Bt18 1	Bt6 1	
63	Bt4 1	Bt7 1	
64	Bt4 3	Bt5 1	Bt2 1	Bt6 1	
65	Bt8 1	
66	Bt19 1	
67	Bt3 2	Bt8 1	Bt11 1	Bt17 2	Bt14 1	Bt9 1	Bt6 1	
68	Bt4 3	Bt17 1	Bt16 1	Bt3 1	
69	Bt3 1	

DISTANCE MATRIX
0.0 1731.0 1821.2 1644.4 1691.2 1655.3 1848.3 1883.8 1731.6 1894.2 1758.0 1605.5 1721.5 1593.7 1736.1 1683.0 1725.9 1884.5 1857.9 1885.7 1875.6 1711.0 1888.6 1761.2 1775.8 1750.1 1879.0 1739.1 1893.7 1866.5 1843.1 1606.8 1729.2 1612.5 1832.4 1881.7 1753.3 1882.6 1606.2 1829.6 1702.6 1763.5 1832.6 1884.9 1697.0 1798.8 1641.7 1727.9 1768.5 1889.1 1617.7 1888.7 1904.2 1897.7 1709.0 1658.9 1892.2 1643.1 1769.1 1716.4 1843.6 1855.6 1649.6 1717.0 1629.2 1938.7 1739.5 1686.4 1797.5 1880.3
1891.9 0.0 114.7 248.7 124.5 153.2 178.7 201.6 101.3 191.9 129.8 288.5 139.8 234.3 136.3 146.4 64.7 214.9 188.3 154.7 182.2 129.3 203.8 67.8 138.4 143.9 202.3 75.8 197.0 169.8 173.5 211.1 65.9 255.0 162.8 196.9 34.5 250.3 224.4 144.0 179.4 100.2 141.0 210.2 124.8 120.5 230.3 58.3 131.5 212.4 227.1 176.4 169.1 221.0 173.0 165.9 198.8 253.1 97.7 114.7 174.0 222.1 222.4 129.0 265.0 221.0 167.3 195.6 86.1 158.0
1975.2 113.9 0.0 320.3 207.8 191.7 88.6 112.5 132.0 122.9 104.6 331.7 178.3 305.9 158.1 229.7 132.5 112.4 135.2 158.1 184.8 167.8 89.0 91.1 110.5 135.5 87.5 81.5 82.2 55.0 68.5 282.7 92.8 288.4 79.2 82.1 85.6 139.4 296.0 109.3 262.7 84.0 106.3 95.4 163.3 110.6 313.6 114.8 199.3 97.6 298.7 114.5 192.8 106.2 256.3 249.2 168.2 319.0 69.8 153.2 128.9 147.7 305.7 196.8 330.9 164.5 141.5 278.9 67.5 95.3
1745.7 240.0 320.1 0.0 200.2 193.7 347.3 385.9 266.8 393.1 240.1 64.5 256.7 10.4 200.0 192.0 234.9 386.6 356.9 338.5 410.8 201.4 387.6 296.4 263.9 232.2 378.0 229.2 392.7 371.6 345.2 45.9 264.4 51.6 331.4 380.7 264.1 384.7 66.4 298.7 211.6 298.7 341.6 384.4 233.3 297.7 144.2 236.9 280.7 388.1 70.3 389.6 352.9 396.7 218.0 167.9 427.4 103.2 262.8 206.8 345.7 393.8 136.3 226.0 45.9 404.8 221.6 195.4 332.7 352.4
1881.9 115.4 207.7 233.9 0.0 160.3 232.7 276.6 155.3 296.5 183.8 201.2 133.4 216.7 190.3 59.1 110.3 268.9 242.3 238.8 266.3 143.0 273.0 151.9 192.4 197.9 263.4 129.8 278.1 250.9 227.5 173.3 119.9 167.7 216.8 266.1 143.1 325.3 202.3 199.0 92.1 154.2 243.1 269.8 178.8 174.5 143.0 112.3 195.1 273.5 227.0 251.4 297.8 282.1 85.7 64.0 282.9 165.8 130.3 168.7 228.0 276.1 135.1 119.4 177.7 301.4 221.3 108.3 188.2 233.0
1802.8 136.4 184.4 156.4 176.5 0.0 218.3 271.0 89.9 281.5 117.4 171.0 79.8 145.2 49.9 153.7 153.3 254.5 224.9 203.4 233.9 72.5 270.5 119.5 140.0 100.9 249.0 97.4 266.7 239.5 213.1 118.8 90.7 130.7 202.4 266.6 129.0 269.9 131.1 166.6 176.3 121.8 207.7 255.4 38.4 160.1 112.4 97.9 245.7 259.1 134.8 242.8 224.0 267.7 179.7 132.6 250.5 161.3 128.5 71.7 213.6 261.7 117.1 184.5 167.0 272.7 80.9 160.1 159.0 180.2
1977.7 197.6 83.6 368.7 246.8 240.1 0.0 156.8 188.2 153.7 161.6 380.1 226.7 354.3 215.1 268.7 216.2 81.6 83.0 190.3 233.7 216.2 40.2 174.8 167.5 192.5 56.7 165.2 89.0 61.8 55.3 331.1 176.5 336.8 66.0 33.3 169.3 115.5 344.4 156.6 301.7 167.7 153.6 64.6 211.7 110.1 352.6 140.5 264.2 66.8 347.1 189.0 241.7 75.4 295.3 288.2 217.1 375.4 126.8 201.6 68.7 116.8 344.7 280.5 387.3 231.4 198.5 317.9 151.2 142.6
2005.0 194.6 113.5 390.2 270.5 272.4 172.3 0.0 194.7 78.2 167.3 401.6 259.0 375.8 220.8 292.4 213.2 202.8 232.9 90.0 116.7 248.5 132.8 171.8 173.2 198.2 189.2 162.2 120.2 145.7 168.5 352.6 173.5 358.3 179.2 139.7 166.3 48.6 365.9 91.7 325.4 146.7 88.7 197.1 233.6 173.3 376.3 164.2 199.3 199.3 368.6 46.4 129.0 207.9 319.0 311.9 100.1 388.9 132.5 233.3 226.8 249.4 368.4 277.5 400.8 96.4 204.2 341.6 148.2 77.7
1894.2 109.1 129.1 223.1 152.2 94.5 172.1 198.0 0.0 230.5 28.4 234.5 81.1 208.7 77.6 174.1 126.0 208.3 181.7 216.4 206.6 70.6 218.2 92.2 50.0 85.2 216.7 70.1 211.4 184.2 166.9 185.5 60.2 191.2 156.2 211.3 104.7 246.7 198.8 168.4 207.1 94.5 165.4 209.2 66.1 113.9 203.8 84.8 218.4 226.8 201.5 172.8 193.5 235.4 200.7 193.6 223.2 221.8 53.2 56.0 167.4 215.5 250.1 215.9 233.7 222.8 99.0 223.3 128.5 154.4
2000.9 188.4 130.6 381.7 277.8 253.1 160.7 68.7 201.2 0.0 184.4 393.1 239.7 367.3 236.2 299.7 186.2 169.0 199.1 36.5 104.3 229.2 121.2 118.8 190.3 215.3 160.4 142.9 111.1 127.9 141.4 344.1 154.2 349.8 152.1 128.1 165.0 62.5 357.4 109.5 332.7 163.8 112.5 168.3 224.7 190.4 383.6 176.2 206.2 170.5 360.1 35.2 48.8 179.1 326.3 319.2 87.7 380.4 149.6 214.6 189.5 220.6 375.7 276.2 392.3 102.0 221.3 348.9 165.3 84.0
1921.6 119.5 100.6 250.5 162.6 121.9 143.6 169.5 27.3 202.0 0.0 261.9 108.5 236.1 87.1 184.5 136.4 179.8 153.2 187.9 214.6 98.0 189.7 119.6 21.5 64.5 188.2 97.5 182.9 155.7 138.4 212.9 87.6 218.6 127.7 182.8 132.1 218.2 226.2 139.9 217.5 77.2 136.9 180.7 93.5 85.4 268.4 56.3 221.2 198.3 228.9 144.3 226.9 206.9 211.1 204.0 198.0 249.2 24.7 83.4 138.9 187.0 260.5 218.7 261.1 194.3 70.5 233.7 115.3 125.9
1816.1 279.4 321.5 32.6 201.1 195.7 355.4 392.4 227.0 402.8 245.1 0.0 216.9 15.4 205.0 196.4 274.3 391.6 361.5 340.0 371.0 202.9 407.1 256.6 268.9 233.7 386.1 234.2 403.8 376.6 350.2 50.9 224.6 56.6 339.5 403.7 265.6 391.2 25.6 347.9 114.1 258.9 344.3 392.5 193.5 297.2 121.9 235.0 281.9 396.2 102.7 372.3 402.5 404.8 116.7 177.9 387.6 38.6 267.8 208.3 350.7 398.8 114.0 226.9 27.4 409.8 226.6 97.9 289.4 357.4
1819.6 126.4 174.4 176.4 169.5 103.2 208.3 261.0 79.9 233.6 108.4 187.8 0.0 162.0 86.3 134.9 143.3 244.5 217.9 196.4 223.9 9.6 263.5 109.5 130.0 75.9 239.0 87.4 256.7 229.5 203.1 138.8 77.5 144.5 192.4 256.6 122.0 309.7 152.1 156.6 224.4 111.8 200.7 245.4 74.8 150.1 212.5 87.9 235.7 249.1 154.8 235.8 210.8 257.7 218.0 110.8 240.5 175.1 129.1 46.7 203.6 251.7 220.4 168.9 187.0 262.7 117.3 240.6 145.8 170.2
1756.9 258.0 306.0 14.3 189.1 186.4 339.9 376.9 211.5 387.3 229.6 25.7 201.4 0.0 189.5 180.9 223.8 376.1 349.5 328.0 355.5 190.9 395.1 241.1 255.5 221.7 370.6 219.0 388.3 361.1 334.7 35.4 209.1 41.1 324.0 388.2 253.6 375.7 12.4 288.2 136.1 243.4 332.3 377.0 178.0 281.7 147.7 219.5 266.4 380.7 84.7 360.3 387.0 389.3 142.5 156.8 372.1 64.4 240.7 196.3 335.2 383.3 139.8 214.9 49.4 394.3 211.1 119.9 277.4 341.9
1855.4 145.3 154.4 202.3 188.4 55.7 197.4 221.1 94.8 231.5 67.4 213.7 88.7 187.9 0.0 210.3 162.2 233.6 207.0 241.7 242.8 78.2 243.5 128.4 93.3 59.5 242.0 106.3 236.7 209.5 192.2 164.7 96.4 170.4 181.5 236.6 140.9 219.9 178.0 193.7 243.3 130.7 190.7 234.5 12.7 136.1 165.0 110.1 254.6 252.1 180.7 198.1 274.3 260.7 236.9 182.2 251.8 201.0 78.5 83.6 192.7 240.8 172.9 252.1 212.9 248.1 30.9 209.7 164.7 179.7
1859.7 128.8 221.1 214.9 76.2 157.1 246.1 290.0 168.7 309.9 197.2 179.0 130.2 194.5 203.7 0.0 123.7 282.3 255.7 252.2 279.7 139.8 286.4 165.3 205.8 211.3 276.8 143.2 291.5 264.3 240.9 151.1 133.3 145.5 230.2 279.5 156.5 338.7 181.1 212.4 69.9 167.6 256.5 283.2 192.2 187.9 120.8 125.7 208.5 286.9 204.8 264.8 266.6 295.5 63.5 19.4 296.3 143.6 165.1 182.1 241.4 289.5 112.9 121.5 155.5 314.8 234.7 86.1 201.6 246.4
1903.3 68.8 117.4 256.9 126.2 184.9 202.4 204.3 139.2 194.6 167.7 290.2 177.7 245.7 174.2 148.1 0.0 229.9 212.0 157.4 184.9 167.2 206.5 70.5 160.0 181.8 205.0 80.9 199.7 172.5 186.0 222.5 89.6 256.7 186.5 199.6 37.2 253.0 234.8 143.7 181.1 103.8 143.7 212.9 162.7 144.2 232.0 82.0 109.2 215.1 238.5 179.1 216.4 223.7 174.7 162.7 201.5 254.8 121.4 152.6 197.7 245.8 224.1 106.7 266.7 223.7 205.2 197.3 88.8 160.7
2002.4 241.2 127.2 406.7 284.8 278.1 81.4 171.5 226.2 169.3 199.6 418.1 264.7 392.3 253.1 306.7 259.8 0.0 30.0 205.9 249.9 254.2 92.7 206.2 205.5 230.5 61.7 208.8 102.5 105.4 98.9 369.1 220.1 374.8 109.6 94.9 212.9 130.2 382.4 168.0 339.7 211.3 165.0 28.1 249.7 148.1 390.6 178.5 275.6 71.8 385.1 204.6 257.9 74.0 333.3 326.2 233.3 413.4 164.8 239.6 83.1 60.5 382.7 324.1 425.3 247.6 236.5 355.9 194.8 154.0
1972.3 240.5 126.5 373.4 254.7 241.8 80.7 198.1 196.1 195.9 169.5 384.2 234.6 362.2 223.0 276.6 228.5 26.5 0.0 227.7 276.5 224.1 101.1 217.7 173.3 200.4 61.0 208.1 129.1 104.7 98.2 339.0 180.7 344.7 108.9 94.2 212.2 156.8 351.3 193.6 309.6 210.6 191.6 27.4 219.6 118.0 360.5 148.4 302.2 71.1 355.0 231.2 288.8 79.7 303.2 291.2 259.9 383.3 128.4 209.5 82.4 75.7 352.6 323.4 395.2 274.2 206.4 325.8 194.1 180.6
2016.2 151.8 160.8 345.0 241.2 215.1 197.9 82.8 164.6 37.1 193.1 361.3 203.1 330.7 199.6 263.1 154.4 206.2 269.5 0.0 39.3 192.6 158.4 82.2 219.5 207.2 197.6 111.1 148.3 165.1 178.6 307.5 122.4 313.1 189.3 165.3 128.4 99.7 324.6 73.8 296.1 129.2 75.8 205.5 188.1 201.8 347.0 139.6 169.6 207.7 323.5 49.3 18.4 215.1 289.7 282.5 52.4 343.7 196.7 177.9 255.3 257.8 339.0 239.5 355.7 55.0 230.6 312.2 132.2 86.5
2039.7 180.2 178.5 368.6 264.7 240.0 242.5 116.6 188.1 78.3 216.6 376.2 226.6 354.2 223.1 286.6 192.5 276.6 293.1 48.3 0.0 216.1 203.0 105.7 236.1 230.7 259.4 129.8 189.5 233.6 247.1 331.0 141.1 336.7 257.8 209.9 151.9 165.3 343.3 96.4 319.6 152.7 99.4 267.3 211.6 225.3 370.5 163.1 193.1 269.5 347.0 83.1 35.7 278.1 313.2 306.1 16.5 367.3 197.5 201.5 278.8 319.6 362.6 263.1 379.2 38.7 254.1 335.8 155.7 110.0
1830.1 116.8 164.8 186.9 159.9 90.4 198.7 251.4 70.3 224.0 98.8 194.5 10.4 172.5 76.7 181.8 133.7 234.9 208.3 186.8 214.3 0.0 253.9 99.9 120.4 66.3 229.4 77.5 247.1 219.9 193.5 149.3 67.9 155.0 182.8 247.0 112.4 300.1 161.6 191.2 214.8 102.2 191.1 235.8 65.2 140.5 202.9 78.3 226.1 239.5 165.3 226.2 201.2 248.1 208.4 121.3 230.9 185.6 96.3 37.1 194.0 242.1 210.8 223.6 197.5 253.1 107.7 231.0 136.2 160.6
1997.3 217.2 103.2 417.4 286.3 288.8 39.4 116.5 235.3 113.4 207.9 425.0 275.4 403.0 261.4 308.2 213.2 81.2 104.0 145.2 193.4 264.9 0.0 154.5 211.7 238.8 56.3 178.8 50.8 76.3 74.9 379.8 189.9 385.5 85.6 6.8 188.9 75.2 392.1 112.9 341.2 187.3 113.3 64.2 260.4 149.6 392.1 180.0 223.9 66.4 395.8 148.7 201.4 75.0 334.8 322.8 176.8 414.9 160.0 250.3 97.7 116.5 384.2 300.1 426.8 191.1 244.8 357.4 159.8 102.3
1933.9 74.4 78.5 262.8 158.9 134.2 167.2 165.4 82.3 124.0 110.8 274.2 120.8 248.4 117.3 180.8 93.0 191.0 187.3 86.8 114.3 110.3 167.6 0.0 132.4 124.9 166.1 24.0 160.8 133.6 147.1 225.2 35.3 230.9 157.8 160.7 46.1 214.1 238.5 47.0 213.8 46.9 50.0 174.0 105.8 119.5 264.7 57.3 123.7 176.2 241.2 140.2 145.8 184.8 207.4 200.3 130.9 261.5 109.6 95.7 173.0 221.1 256.8 157.3 273.4 153.1 148.3 230.0 49.9 60.6
1921.6 143.4 107.4 257.2 184.6 135.3 134.6 170.0 46.9 180.4 19.5 268.0 128.1 246.0 91.0 208.4 160.3 170.8 144.2 211.9 236.6 115.7 211.7 139.2 0.0 66.5 210.2 116.8 206.8 179.6 129.4 220.9 105.3 226.6 118.7 206.7 149.8 168.8 235.1 160.9 241.4 99.2 160.8 171.7 103.8 85.0 292.3 80.2 245.1 175.4 236.9 168.2 248.9 184.0 235.0 223.0 221.9 257.2 60.2 101.1 129.9 178.0 282.5 240.7 269.1 218.2 74.4 255.7 137.7 149.8
1902.8 147.9 129.0 239.9 191.0 108.3 172.0 197.9 69.4 215.2 42.0 250.7 83.1 228.7 76.7 212.9 164.8 208.2 181.6 211.5 243.0 72.6 218.1 140.8 65.8 0.0 216.6 118.4 211.3 184.1 166.8 205.5 108.8 211.2 156.1 211.2 153.3 246.6 217.8 164.9 245.9 105.6 165.3 209.1 86.1 113.8 223.8 84.7 249.6 226.7 221.5 172.7 251.0 235.3 239.5 227.5 226.4 241.8 64.7 35.0 167.3 215.4 231.7 247.1 253.7 222.7 60.1 262.1 143.7 154.3
1996.2 216.1 102.1 402.7 280.8 274.1 56.3 193.3 234.2 190.2 206.8 410.3 260.7 388.3 260.3 302.7 234.7 41.5 64.3 226.8 270.2 250.2 76.7 193.3 210.6 237.7 0.0 183.9 96.0 80.3 73.8 365.1 195.0 370.8 84.5 69.8 187.8 152.0 377.4 160.5 335.7 186.2 158.5 24.5 245.7 144.1 386.6 174.5 269.1 10.0 381.1 216.7 282.5 18.6 329.3 322.2 253.6 409.4 154.5 235.6 40.0 76.8 378.7 299.0 421.3 266.7 243.7 351.9 169.7 147.5
1909.8 62.8 86.9 235.3 134.6 103.9 153.6 172.0 58.2 146.1 86.7 246.3 96.7 224.3 93.2 156.7 81.7 189.8 163.2 108.9 136.4 86.0 176.3 22.0 106.2 100.6 174.8 0.0 169.2 142.0 148.4 200.9 11.0 206.6 137.7 169.1 34.5 220.7 213.2 113.3 189.7 22.8 113.2 182.4 81.7 95.2 240.6 33.2 148.2 184.6 216.9 146.8 123.6 193.2 183.3 171.3 153.0 237.2 51.2 71.4 148.9 197.0 232.7 145.7 249.1 175.2 124.2 205.9 58.6 82.7
1983.5 201.8 94.5 398.6 283.5 270.0 86.3 98.4 218.1 101.9 191.1 410.0 256.6 384.2 244.6 305.4 194.4 110.1 132.9 138.5 215.2 246.1 86.7 135.7 197.0 222.0 85.2 159.8 0.0 25.5 48.2 361.0 171.1 366.7 58.9 79.8 180.2 57.1 374.3 97.5 338.4 170.5 94.5 93.1 241.6 146.8 389.3 177.2 205.1 95.3 377.0 137.2 154.9 103.9 332.0 324.9 198.6 397.3 156.3 231.5 126.6 145.4 381.4 291.4 409.2 194.9 228.0 354.6 141.0 83.5
1963.1 183.0 69.0 355.0 258.0 260.8 60.8 125.6 201.1 129.1 173.7 366.4 247.4 340.6 227.2 279.9 201.6 84.6 107.4 165.7 242.4 236.9 61.2 160.2 179.6 204.6 59.7 150.6 27.2 0.0 22.7 317.4 161.9 323.1 33.4 54.3 154.7 84.3 330.7 124.7 312.9 153.1 121.7 67.6 232.4 121.3 363.8 151.7 232.3 69.8 333.4 164.4 178.0 78.4 306.5 299.4 225.8 353.7 138.9 222.3 101.1 119.9 355.9 265.9 365.6 222.1 210.6 329.1 136.6 110.7
1957.2 177.1 63.1 357.1 235.2 228.5 74.9 149.0 176.6 152.5 150.0 368.5 215.1 342.7 203.5 257.1 195.7 98.7 99.4 189.1 248.0 204.6 75.3 154.3 155.9 180.9 73.8 144.7 50.5 23.3 0.0 319.5 156.0 325.2 10.6 68.4 148.8 107.7 332.8 148.1 290.1 147.2 145.1 81.7 200.1 98.5 341.0 128.9 262.5 83.9 335.5 177.7 201.4 92.5 283.7 276.6 231.4 363.8 115.2 190.0 85.1 133.2 333.1 260.0 375.7 227.7 186.9 306.3 130.7 134.1
1774.5 219.2 267.2 51.0 150.3 141.4 301.1 338.1 172.7 348.5 190.8 75.1 162.6 39.8 150.7 142.1 185.0 337.3 310.7 289.2 316.7 152.1 356.3 202.3 216.7 182.9 331.8 180.2 349.5 322.3 295.9 0.0 170.3 5.6 285.2 349.4 214.8 336.9 28.9 293.1 86.7 204.6 293.5 338.2 139.2 242.9 100.8 180.7 227.6 341.9 53.6 321.5 348.2 350.5 93.1 118.0 333.3 36.2 201.9 157.5 296.4 344.5 90.4 176.1 48.1 355.5 172.3 70.5 238.6 303.1
1898.5 72.7 96.8 224.2 123.5 98.8 142.3 183.4 46.9 156.0 75.4 235.0 85.4 213.0 81.9 145.4 91.3 178.5 151.9 118.8 146.3 74.9 182.6 31.9 97.0 89.5 173.0 9.8 179.1 151.9 137.1 189.8 0.0 195.5 126.4 175.7 44.4 232.1 202.1 123.2 178.4 34.2 123.1 179.4 70.4 84.1 229.3 21.9 158.1 183.1 205.8 158.2 177.8 191.7 172.0 160.0 162.9 226.1 61.3 60.3 137.6 185.7 221.4 155.6 238.0 185.1 112.9 194.6 68.2 92.6
1768.8 224.8 272.8 56.6 155.9 147.0 306.7 343.7 178.3 354.1 196.4 65.9 168.2 45.4 156.3 147.7 190.6 342.9 316.3 294.8 322.3 157.7 361.9 207.9 220.2 188.5 337.4 185.8 355.1 327.9 301.5 5.5 175.9 0.0 290.8 355.0 220.4 342.5 32.8 256.0 81.0 210.2 299.1 343.8 144.8 248.5 106.4 186.3 233.2 347.5 59.2 327.1 353.8 356.1 87.4 129.2 338.9 30.5 219.1 163.1 302.0 350.1 84.7 181.7 42.4 361.1 177.9 64.8 244.2 308.7
1942.1 187.8 73.8 346.4 224.5 217.8 79.1 159.7 165.9 163.2 139.3 357.8 204.4 332.0 192.8 246.4 206.4 109.4 88.7 199.8 258.7 193.9 86.0 165.0 145.2 170.2 84.5 155.4 61.2 34.0 10.6 308.8 166.7 314.5 0.0 79.1 159.5 118.4 322.1 158.8 279.4 157.9 155.8 92.4 189.4 87.8 330.3 118.2 273.2 94.6 324.8 188.4 216.2 103.2 273.0 265.9 242.1 353.1 104.5 179.3 74.4 122.5 322.4 270.7 365.0 238.4 176.2 295.6 141.4 144.8
1990.4 210.3 96.3 382.3 279.4 272.7 32.5 123.4 228.4 120.3 201.0 393.7 259.3 367.9 254.5 301.3 220.1 74.3 97.1 156.9 200.3 248.8 6.8 161.4 206.9 231.9 49.4 177.9 57.7 74.5 68.0 344.7 189.2 350.4 78.7 0.0 182.0 82.1 358.0 123.2 334.3 180.4 120.2 57.3 244.3 142.7 385.2 173.1 230.8 59.5 360.7 155.6 208.3 68.1 327.9 320.8 183.7 408.0 166.2 234.2 90.8 109.6 377.3 293.2 419.9 198.0 237.9 350.5 163.9 109.2
1907.7 28.2 80.1 282.4 148.6 153.8 168.8 167.0 101.9 157.3 130.4 290.0 140.4 268.0 136.9 170.5 46.8 192.6 206.9 120.1 147.6 129.9 169.2 33.2 152.0 144.5 167.7 43.8 162.4 135.2 148.7 244.8 54.9 250.5 159.4 162.3 0.0 215.7 257.1 106.4 203.5 66.5 106.4 175.6 125.4 139.1 254.4 76.9 113.6 177.8 260.8 141.8 179.1 186.4 197.1 185.1 164.2 277.2 117.1 115.3 192.6 227.9 246.5 111.1 289.1 186.4 167.9 219.7 51.5 123.4
1976.4 235.9 154.8 368.3 276.8 313.7 123.6 41.2 236.0 83.5 208.6 379.7 300.3 353.9 214.2 298.7 205.3 154.1 179.3 120.1 158.0 289.8 84.1 146.6 153.0 194.1 135.9 203.5 71.5 97.0 116.9 330.7 214.8 336.4 127.6 91.0 207.6 0.0 344.0 108.4 331.7 188.0 105.4 143.8 227.0 140.1 382.6 170.5 216.0 146.0 346.7 87.7 170.3 154.6 325.3 318.2 141.4 367.0 173.8 229.2 165.0 196.1 374.7 318.8 378.9 137.7 180.8 347.9 189.5 94.4
1796.3 244.3 292.3 22.0 175.4 166.5 326.2 363.2 197.8 373.6 215.9 32.8 187.7 10.9 175.8 167.2 210.1 362.4 335.8 314.3 341.8 177.2 381.4 227.4 241.8 205.8 356.9 205.3 374.6 347.4 321.0 21.7 195.4 27.4 310.3 374.5 239.9 362.0 0.0 318.2 108.5 229.7 318.6 363.3 164.3 268.0 120.1 205.8 252.7 367.0 78.7 346.6 328.7 375.6 114.9 143.1 358.4 58.0 227.0 182.6 321.5 369.6 112.2 201.2 60.3 380.6 197.4 92.3 263.7 328.2
1972.1 104.2 116.7 301.9 197.1 169.2 205.4 86.6 120.5 128.1 149.0 308.6 159.0 286.6 155.5 219.0 96.8 170.9 225.5 69.8 128.7 148.5 128.9 38.1 171.5 163.1 159.9 62.4 107.2 171.8 185.3 263.4 73.5 269.1 196.0 136.8 84.3 130.3 276.7 0.0 255.0 88.0 0.0 212.2 144.0 160.7 302.9 95.5 107.5 151.7 280.3 58.0 81.6 142.2 245.6 238.5 115.1 300.7 113.5 133.9 211.2 207.2 295.0 195.5 314.5 111.4 186.5 269.2 91.5 13.5
1829.9 169.0 261.3 144.9 178.4 169.5 286.3 330.2 208.9 350.1 237.4 112.5 243.8 124.5 231.9 97.1 163.9 322.5 295.9 292.4 319.9 233.3 326.6 205.5 243.9 264.1 317.0 183.1 331.7 304.5 281.1 81.1 173.5 75.5 270.4 319.7 196.7 378.9 110.1 296.7 0.0 207.8 296.7 323.4 220.4 228.1 50.8 165.9 248.0 327.1 134.8 305.0 306.8 335.7 6.3 113.2 336.5 73.6 205.3 238.7 281.6 329.7 42.9 154.8 85.5 355.0 253.5 16.2 241.8 286.6
1928.8 100.3 80.2 257.7 153.8 129.1 161.6 149.1 77.2 187.0 97.4 265.3 115.7 243.3 112.2 175.7 118.9 192.7 171.2 167.6 173.9 105.2 169.3 59.5 101.2 119.8 167.8 37.1 162.5 135.3 148.8 220.1 30.2 225.8 145.7 162.4 72.0 197.8 232.4 116.1 208.7 0.0 116.5 175.7 100.7 103.4 259.6 52.2 185.7 177.9 236.1 123.9 160.8 186.5 202.3 195.2 177.6 256.4 70.2 90.6 156.9 205.0 251.7 183.2 268.3 173.9 134.3 224.9 94.9 105.5
1975.1 107.2 119.7 300.8 200.1 169.2 208.4 83.6 123.5 125.1 152.0 315.4 162.0 289.6 158.5 222.0 99.8 167.9 228.5 69.8 128.7 151.5 126.9 41.1 171.5 166.1 159.9 65.4 104.2 129.7 188.3 266.4 76.5 272.1 199.0 133.8 87.3 127.3 278.7 0.0 255.0 88.1 0.0 215.2 147.0 160.7 305.9 98.5 110.5 148.7 282.4 58.4 82.0 139.2 248.6 236.6 112.1 302.7 116.5 136.9 214.2 204.2 298.0 198.5 314.6 108.4 189.5 271.2 91.1 10.5
1993.1 213.0 99.0 385.0 294.5 290.8 53.2 188.5 231.1 186.3 203.7 396.4 277.4 370.6 257.2 316.4 231.6 16.9 39.7 222.9 266.9 266.9 73.6 190.2 209.6 234.6 33.5 180.6 104.4 77.2 70.7 347.4 191.9 353.1 81.4 66.7 184.7 147.2 360.7 185.0 349.4 183.1 182.0 0.0 262.4 157.8 400.3 188.2 298.4 43.6 363.4 213.6 274.9 52.2 343.0 335.9 250.3 383.7 168.9 252.3 54.9 52.2 392.4 295.9 395.6 263.6 240.6 365.6 166.6 171.0
1842.6 132.5 165.9 189.5 175.6 42.9 208.9 232.6 86.0 243.0 78.9 200.9 75.9 175.1 11.4 197.5 149.4 245.1 218.5 202.5 230.0 65.4 255.0 115.6 104.8 71.0 253.5 93.5 248.2 221.0 203.7 151.9 83.6 157.6 193.0 248.1 128.1 231.4 165.2 205.2 230.5 117.9 202.2 246.0 0.0 147.6 152.2 94.0 241.8 263.6 167.9 209.6 216.9 272.2 224.1 169.4 246.6 188.2 90.0 70.8 204.2 252.3 160.1 239.3 200.1 259.6 42.4 196.9 151.9 191.2
1929.6 119.1 94.5 280.9 162.2 149.3 103.7 157.1 103.6 167.5 77.0 291.7 142.1 269.7 130.5 184.1 136.0 139.9 113.3 199.3 232.2 131.6 144.0 120.2 80.8 107.9 134.4 97.8 149.1 121.9 98.5 246.5 88.2 252.2 87.8 137.1 132.7 155.9 258.8 154.1 217.1 94.8 154.5 140.8 127.1 0.0 268.0 55.9 220.8 144.5 262.5 161.9 240.2 153.1 210.7 198.7 215.6 290.8 42.2 117.0 99.0 147.1 260.1 218.3 302.7 211.9 113.9 233.3 132.9 143.5
1831.5 167.3 259.6 146.5 127.5 112.4 284.6 328.5 205.6 348.4 273.6 110.6 195.5 126.1 165.6 119.3 162.2 320.8 294.2 323.0 318.2 185.0 324.9 203.8 299.5 219.6 315.3 181.7 330.0 302.8 279.4 82.7 171.8 77.1 268.7 318.0 189.6 377.2 112.7 265.9 60.8 206.1 268.9 321.7 154.1 226.4 0.0 164.2 204.8 325.4 136.4 303.3 337.4 334.0 67.2 95.2 334.8 75.2 203.6 190.4 279.9 328.0 7.8 153.3 87.1 353.3 196.6 44.6 240.1 279.5
1873.6 63.1 95.3 228.1 106.2 99.5 120.3 164.2 47.6 184.1 76.1 239.5 86.1 213.7 82.6 128.1 80.0 156.5 129.9 182.6 178.6 75.6 160.6 64.2 80.0 90.2 151.0 42.1 165.7 138.5 115.1 190.5 32.2 196.2 104.4 153.7 76.7 212.9 203.8 134.6 161.1 71.9 131.6 157.4 71.1 62.1 212.0 0.0 164.8 161.1 206.5 139.0 217.3 169.7 154.7 147.6 192.7 234.8 39.3 61.0 115.6 163.7 204.1 162.3 246.7 189.0 113.6 177.3 110.0 120.6
1922.0 124.3 172.9 278.8 199.7 225.2 261.6 259.8 194.7 250.1 223.2 290.2 198.3 264.4 229.7 205.1 77.9 285.4 285.5 206.7 240.4 207.9 262.0 126.0 244.8 237.3 260.5 136.4 255.2 228.0 241.5 241.2 147.7 246.9 252.2 255.1 92.7 308.5 254.5 133.9 231.2 159.3 136.9 268.4 218.2 217.7 282.1 155.5 0.0 270.6 257.2 234.6 227.3 279.2 224.8 224.6 257.0 304.9 194.9 208.1 271.2 319.3 274.2 125.4 316.8 279.2 260.7 247.4 144.3 147.5
2007.4 227.3 113.3 413.9 292.0 285.3 67.5 158.9 245.4 201.4 218.0 425.3 271.9 399.5 271.5 313.9 245.9 52.7 75.5 238.0 281.4 261.4 76.1 189.6 223.9 248.9 11.1 194.9 85.9 91.5 85.0 376.3 206.2 382.0 95.7 81.0 199.0 163.2 389.6 151.4 346.9 197.4 148.4 35.7 256.9 155.3 397.8 185.7 259.0 0.0 392.3 173.8 289.4 8.6 340.5 333.4 264.8 420.6 183.2 246.8 51.2 88.0 389.9 310.2 432.5 223.8 254.9 363.1 180.9 137.4
1818.6 245.6 293.6 78.4 176.7 167.8 327.5 364.5 199.1 374.9 217.2 89.2 189.0 67.2 177.1 168.5 211.4 363.7 337.1 315.6 343.1 178.5 382.7 228.7 241.0 209.3 358.2 206.6 375.9 348.7 322.3 44.0 196.7 49.7 311.6 375.8 241.2 363.3 56.3 276.8 130.8 231.0 319.9 364.6 165.6 269.3 127.2 207.1 254.0 368.3 0.0 347.9 330.0 376.9 137.2 107.0 359.7 80.3 228.3 183.9 322.8 370.9 134.5 202.5 92.2 381.9 198.7 114.6 265.0 329.5
2019.7 176.4 95.3 368.8 252.3 248.0 184.0 33.4 176.5 50.0 149.1 379.6 240.8 357.6 202.6 274.2 193.2 207.8 222.9 38.7 70.2 230.3 166.3 125.8 152.9 180.0 182.9 144.0 153.7 150.4 163.9 334.4 155.3 340.1 174.6 173.2 148.1 82.1 346.7 70.1 307.2 128.5 70.5 190.8 215.4 155.1 358.1 146.0 181.1 193.0 350.4 0.0 82.5 201.6 300.8 288.8 53.6 370.7 114.3 215.1 208.6 243.1 350.2 259.3 382.6 49.9 186.0 323.4 130.0 91.0
2064.7 201.1 195.9 386.3 289.7 257.7 203.3 88.2 209.0 42.5 241.6 400.9 251.6 379.2 248.1 307.5 217.5 211.6 241.7 69.2 24.9 241.1 168.1 130.7 209.8 251.6 203.0 150.9 153.7 170.5 184.0 356.0 162.0 361.7 194.7 170.7 176.9 105.1 364.2 122.3 344.6 177.7 124.4 210.9 232.5 250.3 395.5 184.0 218.1 217.4 367.9 100.5 0.0 226.0 338.2 322.1 33.9 388.2 169.1 226.5 232.1 267.5 387.6 288.1 400.1 56.1 275.0 356.7 176.6 82.3
2016.9 236.8 122.8 423.4 301.5 294.8 77.0 150.3 254.9 157.9 227.5 434.8 281.4 409.0 281.0 323.4 239.7 62.2 85.0 194.5 230.0 270.9 67.5 181.0 233.4 258.4 20.7 204.4 77.3 101.0 94.5 385.8 215.7 391.5 105.2 74.4 208.5 119.7 399.1 142.8 356.4 206.9 139.8 45.2 266.4 164.8 407.3 195.2 250.4 9.5 401.8 165.2 242.3 0.0 350.0 342.9 213.4 430.1 192.7 256.3 60.7 97.5 399.4 319.7 442.0 215.2 264.4 372.6 186.3 128.8
1836.3 162.6 254.9 151.3 184.8 169.7 279.9 323.8 202.5 343.7 231.0 115.4 186.5 130.9 238.3 90.7 157.5 316.1 289.5 286.0 313.5 239.7 320.2 199.1 239.6 270.5 310.6 177.0 325.3 298.1 274.7 87.5 167.1 81.9 264.0 313.3 190.3 372.5 117.5 246.2 6.3 201.4 290.3 317.0 226.8 221.7 57.2 159.5 241.6 320.7 141.2 298.6 345.0 329.3 0.0 110.2 330.1 80.0 198.9 245.1 275.2 323.3 49.3 148.4 91.9 348.6 259.9 22.6 235.4 280.2
1878.2 149.1 241.4 230.2 56.7 143.8 266.4 310.3 189.0 330.2 217.5 199.3 114.1 214.8 194.2 20.2 144.0 302.6 274.2 270.7 298.2 120.3 304.9 185.6 226.1 186.7 297.1 163.5 311.8 284.6 261.2 169.6 153.6 164.0 250.5 299.8 176.8 359.0 200.4 232.7 88.4 186.1 275.0 303.5 182.7 206.4 141.1 146.0 227.0 307.2 225.1 288.9 290.7 315.8 83.8 0.0 316.6 162.1 185.4 160.9 261.7 309.8 131.4 140.0 175.8 335.1 225.2 106.4 225.7 266.7
2056.3 196.8 161.9 385.2 281.3 256.6 225.9 100.0 204.7 71.4 215.7 396.6 243.2 370.8 239.7 303.2 209.1 260.0 289.5 64.9 16.5 232.7 186.4 122.3 221.6 246.6 242.8 146.4 220.3 217.0 230.5 347.6 157.7 353.3 241.2 193.3 168.5 148.7 360.9 113.0 336.2 169.3 116.0 250.7 228.2 221.7 387.1 179.7 209.7 252.9 363.6 66.5 24.5 261.5 329.8 322.7 0.0 383.9 180.9 218.1 275.2 303.0 379.2 279.7 395.8 22.1 252.6 352.4 172.3 126.6
1777.4 240.7 315.9 68.0 210.8 193.1 358.0 386.8 221.4 397.2 239.5 35.3 211.3 50.8 199.4 168.8 235.6 394.2 367.6 337.9 365.4 200.8 398.3 251.0 263.3 231.6 388.7 228.9 398.2 371.0 352.8 48.6 219.0 43.0 342.1 391.4 263.5 385.6 64.5 298.1 71.6 253.3 342.2 395.1 187.9 299.8 83.2 237.6 288.1 398.8 102.3 370.2 352.3 407.4 78.0 178.5 382.0 0.0 250.6 206.2 353.3 401.4 75.3 226.5 11.9 404.2 221.0 55.4 287.3 351.8
1905.2 94.7 75.8 257.6 137.8 124.9 118.8 144.7 62.1 182.6 34.7 265.2 117.7 243.2 88.2 159.7 100.0 155.0 128.4 163.2 189.8 107.2 164.9 95.8 38.5 65.6 163.4 73.4 158.1 130.9 113.6 210.5 52.2 225.7 102.9 158.0 108.6 193.4 232.3 112.2 192.7 52.4 112.1 155.9 101.0 60.6 243.6 31.5 196.4 173.5 226.5 121.0 202.1 182.1 186.3 174.3 173.2 266.4 0.0 81.0 114.1 162.2 224.1 193.9 266.7 169.5 71.6 197.3 90.5 101.1
1867.7 122.6 158.2 204.8 165.7 73.2 201.2 227.1 76.1 244.4 71.2 219.4 48.0 193.6 62.5 187.6 139.5 237.4 210.8 192.6 220.1 37.5 247.3 105.7 97.1 29.1 245.8 83.3 240.5 213.3 196.0 170.4 73.7 176.1 185.3 240.4 118.2 275.8 182.7 194.5 220.6 108.0 194.5 238.3 51.0 143.0 188.7 84.1 231.9 255.9 186.4 201.9 251.6 264.5 214.2 202.2 236.7 206.7 82.3 0.0 196.5 244.6 196.6 229.4 218.6 251.9 89.3 236.8 142.0 183.5
1958.3 197.6 118.8 362.6 240.7 234.0 73.0 210.0 182.1 206.9 155.5 374.0 220.6 348.2 209.0 262.6 214.5 78.2 52.7 243.5 286.9 210.1 93.4 210.0 161.4 186.4 35.3 200.4 124.2 97.0 90.5 325.0 166.7 330.7 101.2 86.5 204.5 168.7 338.3 196.9 295.6 202.9 193.9 61.2 205.6 104.0 346.5 134.4 304.5 45.4 341.0 233.4 299.2 54.0 289.2 282.1 270.3 369.3 120.7 195.5 0.0 86.5 338.6 315.7 381.2 283.4 192.4 311.8 186.4 182.9
2006.8 254.1 140.1 411.1 289.2 282.5 94.3 229.7 230.6 227.5 204.0 422.5 269.1 396.7 257.5 311.1 272.7 58.1 60.9 264.1 308.1 258.6 114.7 231.3 209.9 234.9 74.6 221.7 142.6 118.3 111.8 373.5 233.0 379.2 122.5 107.8 225.8 188.4 386.8 208.1 344.1 224.2 205.1 41.0 254.1 152.5 395.0 182.9 315.7 84.7 389.5 254.7 320.4 93.3 337.7 330.6 291.5 417.8 169.2 244.0 96.0 0.0 387.1 337.0 429.7 304.7 240.9 360.3 207.7 194.1
1823.6 175.2 267.5 135.4 135.4 120.3 292.5 336.4 247.6 356.3 265.7 106.2 237.5 118.2 173.5 127.2 170.1 328.7 302.1 330.9 326.1 227.0 332.8 211.7 289.5 257.8 323.2 189.3 337.9 310.7 287.3 74.8 179.7 69.2 276.6 325.9 197.5 385.1 103.8 273.8 52.9 214.0 276.8 329.6 162.0 234.3 7.8 172.1 212.7 333.3 128.5 311.2 345.3 341.9 59.3 103.1 342.7 67.3 211.5 232.4 287.8 335.9 0.0 161.2 79.2 361.2 247.2 36.7 248.0 287.4
1909.4 159.8 208.4 281.0 186.2 217.9 297.1 295.3 230.2 285.6 258.7 248.6 184.8 260.6 265.2 109.9 113.4 320.9 308.7 248.4 275.9 194.4 297.5 161.5 256.7 272.8 296.0 171.9 290.7 263.5 277.0 232.1 183.2 226.5 283.2 290.6 128.2 344.0 261.1 234.7 136.0 194.8 234.7 303.9 253.7 240.9 186.9 178.7 143.4 306.1 285.8 270.1 307.4 314.7 129.6 129.4 292.5 209.7 218.1 243.6 294.4 342.5 179.0 0.0 221.6 314.7 296.2 152.2 179.8 251.7
1792.4 255.7 330.9 56.1 225.8 205.1 373.0 401.8 236.4 412.2 254.5 23.4 226.3 38.9 214.4 183.8 250.6 409.2 382.6 352.9 380.4 215.8 413.3 266.0 278.3 246.6 403.7 243.9 413.2 386.0 367.8 74.4 234.0 58.0 357.1 406.4 278.5 400.6 52.6 313.1 86.6 268.3 357.2 410.1 202.9 314.8 98.2 252.6 303.1 413.8 117.3 385.2 367.3 422.4 93.0 193.5 397.0 14.9 265.6 221.2 368.3 416.4 90.3 241.5 0.0 419.2 236.0 70.4 302.3 366.8
2073.7 230.1 149.3 418.5 306.3 289.9 231.3 87.4 230.5 59.7 203.1 429.9 276.5 404.1 256.6 328.2 242.4 261.8 276.9 98.2 49.8 266.0 191.8 155.6 209.0 234.0 236.9 179.7 207.7 204.4 217.9 380.9 191.0 386.6 228.6 198.7 201.8 136.1 394.2 146.3 361.2 182.5 149.3 244.8 261.5 209.1 412.1 213.0 235.1 247.0 396.9 53.9 57.8 255.6 354.8 347.7 33.2 417.2 168.3 251.4 262.6 297.1 404.2 313.0 429.1 0.0 240.0 377.4 184.0 113.5
1888.8 178.7 127.5 220.7 221.8 89.1 154.7 190.1 100.6 200.5 73.2 232.1 122.1 206.3 33.3 243.7 195.6 190.9 164.3 237.1 269.8 111.6 195.0 161.8 82.1 65.3 185.4 139.7 242.5 215.3 149.5 183.1 129.8 188.8 138.8 188.1 174.3 188.9 196.4 199.5 276.7 136.8 196.5 191.8 46.1 105.1 198.4 115.9 288.0 195.5 199.1 203.9 282.1 204.1 270.3 215.6 253.2 219.4 84.3 100.4 150.0 198.1 206.3 285.5 231.3 253.9 0.0 253.7 174.9 185.5
1813.7 185.2 277.5 128.7 162.2 147.1 302.5 346.4 237.7 366.3 255.8 92.8 227.6 108.3 215.7 113.3 180.1 338.7 312.1 308.6 336.1 217.1 342.8 221.7 279.6 247.9 333.2 199.3 347.9 320.7 297.3 64.9 189.7 59.3 286.6 335.9 212.9 395.1 93.9 268.8 16.2 224.0 312.9 339.6 204.2 244.3 34.6 182.1 264.2 343.3 118.6 321.2 323.0 351.9 22.6 129.9 352.7 57.4 200.1 222.5 297.8 345.9 26.7 171.0 69.3 371.2 237.3 0.0 258.0 302.8
1970.9 93.4 55.6 296.6 195.9 165.0 144.3 142.5 119.3 178.6 127.4 307.4 157.8 285.4 154.3 217.8 112.0 168.1 190.9 160.9 185.0 147.3 144.7 70.6 131.2 158.3 143.2 61.2 137.9 110.7 124.2 262.2 72.3 267.9 134.9 137.8 65.1 191.2 274.5 54.4 250.8 83.9 54.8 151.1 142.8 133.4 301.7 94.3 165.4 153.3 278.2 117.3 195.6 161.9 244.4 232.4 171.0 298.5 112.3 132.7 184.6 203.4 293.8 176.3 310.4 167.3 164.3 267.0 0.0 98.9
1985.1 117.2 112.1 314.0 210.1 185.4 154.8 72.0 133.5 113.5 162.0 325.4 172.0 299.6 168.5 232.0 109.8 156.3 186.4 90.4 117.1 161.5 115.3 51.1 183.6 176.1 148.3 75.2 92.6 118.1 180.7 276.4 86.5 282.1 191.4 122.2 97.3 115.7 289.7 12.9 265.0 98.1 9.9 207.6 157.0 170.7 315.9 108.5 120.5 137.1 292.4 46.8 129.4 127.6 258.6 251.5 100.5 312.7 103.2 146.9 224.2 192.6 308.0 208.5 324.6 96.8 199.5 281.2 56.4 0.0
