Name		0293_BED-Amazon_n84_m271_bt34
Number_of_Customers	84
Number_of_Items		271
Number_of_ItemTypes	34
Number_of_Vehicles	1
TimeWindows		0
Dist_type	manual

VEHICLE
Mass_Capacity	2071
CargoSpace_Length	174
CargoSpace_Width	61
CargoSpace_Height	84

CUSTOMERS
i	x	y	Demand	ReadyTime	DueDate	ServiceTime	DemandedMass	DemandedVolume
0	41.840375	-87.683736	0	0	0	0	0	0
1	41.924255	-87.66575	4	0	0	0	20.62	19800
2	41.932156	-87.665954	2	0	0	0	12.0	5020
3	41.929337	-87.663476	3	0	0	0	8.34	18924
4	41.926759	-87.660549	1	0	0	0	1.9	1176
5	41.925243	-87.662378	8	0	0	0	59.31	67520
6	41.930231	-87.665859	2	0	0	0	14.8	6780
7	41.927376	-87.663376	1	0	0	0	0.7	2640
8	41.923308	-87.666739	1	0	0	0	0.7	2640
9	41.927932	-87.664376	2	0	0	0	2.6	3816
10	41.920094	-87.663141	1	0	0	0	7.3	3640
11	41.928842	-87.664199	1	0	0	0	14.6	7280
12	41.928785	-87.667983	3	0	0	0	10.27	14568
13	41.930327	-87.663483	1	0	0	0	1.75	4608
14	41.931641	-87.659866	5	0	0	0	31.19	27431
15	41.931571	-87.664721	2	0	0	0	3.67	23280
16	41.923599	-87.665728	4	0	0	0	15.9	10708
17	41.930899	-87.665907	1	0	0	0	7.3	3640
18	41.931778	-87.662329	2	0	0	0	6.45	5988
19	41.926119	-87.663334	2	0	0	0	7.2	5358
20	41.925432	-87.664575	4	0	0	0	15.65	18944
21	41.928307	-87.665823	1	0	0	0	1.9	1176
22	41.929708	-87.664774	2	0	0	0	12.41	8304
23	41.922176	-87.663186	2	0	0	0	2.6	3816
24	41.931509	-87.664718	1	0	0	0	2.15	1080
25	41.929503	-87.659809	6	0	0	0	29.44	41163
26	41.928929	-87.658762	4	0	0	0	14.5	10180
27	41.927921	-87.664848	1	0	0	0	1.4	5280
28	41.928231	-87.659185	3	0	0	0	7.3	5196
29	41.931677	-87.661086	3	0	0	0	22.32	27683
30	41.931586	-87.665927	2	0	0	0	5.4	4020
31	41.930926	-87.662288	1	0	0	0	3.44	17100
32	41.929296	-87.66586	3	0	0	0	6.59	26988
33	41.931197	-87.659853	6	0	0	0	24.88	30488
34	41.929485	-87.65615	1	0	0	0	4.7	1380
35	41.93248	-87.664705	2	0	0	0	4.25	8586
36	41.929328	-87.662237	3	0	0	0	14.33	24224
37	41.929843	-87.65726	1	0	0	0	4.8	6200
38	41.921441	-87.663163	2	0	0	0	9.39	19808
39	41.924367	-87.663275	4	0	0	0	9.22	32954
40	41.929102	-87.659792	2	0	0	0	4.76	10152
41	41.930928	-87.665908	3	0	0	0	8.4	27418
42	41.927759	-87.662186	2	0	0	0	6.55	10808
43	41.93017	-87.66226	3	0	0	0	18.35	12726
44	41.93117	-87.663494	2	0	0	0	19.0	15160
45	41.927531	-87.662186	3	0	0	0	7.11	11598
46	41.92708	-87.659863	1	0	0	0	4.7	1380
47	41.928842	-87.664191	1	0	0	0	5.33	18734
48	41.930395	-87.663483	1	0	0	0	4.7	1380
49	41.931219	-87.662302	1	0	0	0	1.9	1176
50	41.923405	-87.664407	5	0	0	0	30.7	25556
51	41.929761	-87.662247	5	0	0	0	14.3	28284
52	41.925283	-87.660383	1	0	0	0	7.64	15200
53	41.923873	-87.664517	2	0	0	0	6.1	6660
54	41.92982	-87.658227	2	0	0	0	6.6	2556
55	41.926494	-87.66462	8	0	0	0	50.07	34982
56	41.928883	-87.661276	7	0	0	0	26.35	50671
57	41.929168	-87.664906	2	0	0	0	3.2	6618
58	41.932257	-87.662352	4	0	0	0	17.48	19918
59	41.929767	-87.663482	2	0	0	0	14.8	6780
60	41.928954	-87.657292	5	0	0	0	26.97	28868
61	41.922682	-87.665874	1	0	0	0	4.7	1380
62	41.930484	-87.659833	3	0	0	0	26.15	6020
63	41.921638	-87.662726	2	0	0	0	8.52	9960
64	41.927099	-87.658936	4	0	0	0	17.4	15578
65	41.928836	-87.664451	2	0	0	0	5.4	4020
66	41.931633	-87.664723	1	0	0	0	2.15	1080
67	41.927647	-87.665801	1	0	0	0	5.0	7956
68	41.924212	-87.662065	2	0	0	0	15.5	9420
69	41.932472	-87.665732	1	0	0	0	0.7	2640
70	41.928217	-87.659933	1	0	0	0	0.7	2640
71	41.93064	-87.658625	3	0	0	0	12.0	11558
72	41.927714	-87.658524	5	0	0	0	14.73	39168
73	41.932553	-87.660545	2	0	0	0	19.39	12215
74	41.931222	-87.663495	5	0	0	0	23.03	30336
75	41.931084	-87.661069	4	0	0	0	10.79	22994
76	41.927051	-87.662217	4	0	0	0	12.54	21726
77	41.930879	-87.665906	3	0	0	0	7.15	8628
78	41.932519	-87.661909	2	0	0	0	5.99	10715
79	41.931551	-87.658661	1	0	0	0	4.7	1380
80	41.930769	-87.657175	3	0	0	0	11.89	10631
81	41.927798	-87.663395	2	0	0	0	7.61	14900
82	41.928522	-87.663441	1	0	0	0	4.7	1380
83	41.925198	-87.665476	2	0	0	0	8.5	3732
84	41.921793	-87.664629	3	0	0	0	7.89	11891

ITEMS
Type	Length	Width	Height	Mass	Fragility	LoadBearingStrength
Bt1	10	10	10	14.15	1	0
Bt2	18	12	5	2.15	1	0
Bt3	21	14	4	1.9	1	0
Bt4	23	15	4	4.7	1	0
Bt5	20	18	7	1.8	1	0
Bt6	15	11	16	0.7	1	0
Bt7	34	10	10	1.59	1	0
Bt8	20	14	13	7.3	1	0
Bt9	17	13	18	2.5	1	0
Bt10	29	15	10	4.66	1	0
Bt11	24	12	16	1.75	1	0
Bt12	28	22	9	3.01	1	0
Bt13	31	20	10	4.8	1	0
Bt14	40	19	10	3.82	1	0
Bt15	23	16	21	2.1	1	0
Bt16	20	20	20	21.36	1	0
Bt17	25	19	17	5.29	1	0
Bt18	44	16	12	3.24	1	0
Bt19	22	15	26	3.816	1	0
Bt20	37	24	10	2.72	1	0
Bt21	30	20	15	1.76	1	0
Bt22	29	21	15	1.85	1	0
Bt23	50	20	10	4.73	1	0
Bt24	40	20	13	2.6	1	0
Bt25	40	13	21	2.98	1	0
Bt26	39	28	11	3.53	1	0
Bt27	26	20	26	2.91	1	0
Bt28	35	17	24	1.908	1	0
Bt29	27	23	24	2.94	1	0
Bt30	39	27	16	7.63	1	0
Bt31	57	15	20	3.44	1	0
Bt32	33	20	28	5.25	1	0
Bt33	58	19	17	5.33	1	0
Bt34	41	20	29	3.42	1	0

DEMANDS PER CUSTOMER
i	Type Quantity
1	Bt19 1	Bt13 1	Bt4 1	Bt8 1	
2	Bt8 1	Bt4 1	
3	Bt4 1	Bt6 1	Bt29 1	
4	Bt3 1	
5	Bt4 5	Bt9 2	Bt6 2	Bt30 1	Bt3 3	Bt11 1	Bt13 2	Bt23 1	
6	Bt4 3	Bt6 1	
7	Bt6 1	
8	Bt6 1	
9	Bt3 1	Bt6 1	
10	Bt8 1	
11	Bt8 2	
12	Bt4 1	Bt19 1	Bt11 1	
13	Bt11 1	
14	Bt4 3	Bt3 1	Bt17 1	Bt8 1	Bt24 1	
15	Bt28 1	Bt21 1	
16	Bt11 1	Bt8 1	Bt2 1	Bt4 1	
17	Bt8 1	
18	Bt11 1	Bt4 1	
19	Bt4 1	Bt9 1	
20	Bt4 2	Bt3 1	Bt24 1	Bt11 1	
21	Bt3 1	
22	Bt12 1	Bt4 2	
23	Bt6 1	Bt3 1	
24	Bt2 1	
25	Bt19 1	Bt6 1	Bt8 1	Bt17 1	Bt4 1	Bt30 1	
26	Bt4 1	Bt8 1	Bt6 1	Bt5 1	
27	Bt6 2	
28	Bt4 1	Bt3 1	Bt6 1	
29	Bt30 1	Bt17 1	Bt4 2	
30	Bt4 1	Bt6 1	
31	Bt31 1	
32	Bt6 2	Bt31 1	Bt11 1	
33	Bt7 1	Bt4 2	Bt29 1	Bt11 1	Bt3 1	Bt8 1	
34	Bt4 1	
35	Bt11 1	Bt9 1	
36	Bt13 1	Bt30 1	Bt3 1	
37	Bt13 1	
38	Bt14 2	Bt11 1	
39	Bt27 1	Bt28 1	Bt3 1	Bt9 1	
40	Bt12 1	Bt11 1	
41	Bt24 2	Bt6 1	Bt9 1	
42	Bt13 1	Bt11 1	
43	Bt4 3	Bt9 1	Bt11 1	
44	Bt13 2	Bt4 2	
45	Bt10 1	Bt11 1	Bt6 1	
46	Bt4 1	
47	Bt33 1	
48	Bt4 1	
49	Bt3 1	
50	Bt3 1	Bt13 1	Bt24 1	Bt4 3	Bt8 1	
51	Bt6 1	Bt32 1	Bt3 1	Bt4 1	Bt11 1	
52	Bt14 2	
53	Bt4 1	Bt6 2	
54	Bt3 1	Bt4 1	
55	Bt6 2	Bt3 2	Bt9 1	Bt4 3	Bt11 1	Bt12 1	Bt16 1	Bt2 1	
56	Bt3 1	Bt4 2	Bt17 1	Bt24 1	Bt2 1	Bt7 1	Bt34 1	
57	Bt9 1	Bt6 1	
58	Bt4 1	Bt9 1	Bt8 1	Bt25 1	
59	Bt6 1	Bt4 3	
60	Bt20 1	Bt5 2	Bt13 1	Bt4 3	Bt11 1	
61	Bt4 1	
62	Bt8 1	Bt1 1	Bt4 1	
63	Bt19 1	Bt4 1	
64	Bt4 2	Bt13 1	Bt9 1	Bt6 1	
65	Bt6 1	Bt4 1	
66	Bt2 1	
67	Bt9 2	
68	Bt6 2	Bt4 3	
69	Bt6 1	
70	Bt6 1	
71	Bt9 1	Bt4 1	Bt13 1	
72	Bt11 1	Bt4 1	Bt29 1	Bt31 1	Bt3 1	
73	Bt4 3	Bt17 1	
74	Bt4 3	Bt3 1	Bt6 2	Bt15 1	Bt26 1	
75	Bt17 1	Bt22 1	Bt3 1	Bt11 1	
76	Bt4 1	Bt6 3	Bt18 1	Bt9 1	
77	Bt4 1	Bt11 1	Bt6 1	
78	Bt6 1	Bt17 1	
79	Bt4 1	
80	Bt3 1	Bt4 1	Bt17 1	
81	Bt4 1	Bt27 1	
82	Bt4 1	
83	Bt3 2	Bt4 1	
84	Bt6 1	Bt17 1	Bt3 1	

DISTANCE MATRIX
0.0 1636.5 1742.4 1744.5 1775.0 1703.0 1729.5 1731.4 1569.7 1719.5 1623.1 1709.2 1655.6 1760.5 1848.6 1776.7 1622.8 1747.3 1809.9 1703.2 1735.5 1698.4 1768.2 1620.9 1796.7 1816.2 1809.4 1710.7 1855.5 1823.7 1755.2 1815.2 1722.4 1848.5 1877.1 1746.9 1767.7 1887.7 1604.2 1714.0 1807.8 1743.3 1768.9 1795.0 1775.7 1757.8 1774.7 1709.3 1762.5 1823.0 1735.1 1784.8 1735.9 1708.1 1869.8 1705.9 1763.5 1773.6 1794.5 1752.2 1833.4 1581.9 1836.9 1603.0 1796.9 1704.9 1775.3 1681.0 1690.0 1734.5 1888.2 1882.4 1848.4 1808.0 1770.2 1808.4 1734.3 1741.6 1788.8 1891.0 1900.4 1746.1 1734.2 1644.6 1612.3
1636.9 0.0 220.1 171.7 194.8 96.0 174.6 140.1 227.6 152.3 201.0 172.3 167.9 185.9 300.3 281.3 242.2 192.4 259.3 108.1 168.3 131.2 225.4 138.3 276.6 259.6 252.8 138.0 268.8 278.4 203.1 240.3 155.8 291.3 297.2 251.5 211.1 296.2 162.0 100.4 251.2 188.4 188.7 237.0 201.1 182.6 194.5 172.4 187.9 248.8 126.4 228.2 122.3 97.4 289.5 138.7 206.9 210.0 269.6 177.6 262.0 214.3 275.2 174.8 210.4 168.0 279.9 113.8 184.0 239.1 296.7 290.9 220.7 283.1 195.6 265.5 154.1 186.4 261.3 299.5 306.0 140.7 156.9 44.1 195.2
1665.5 366.8 0.0 107.7 237.6 224.9 42.0 157.2 338.5 131.5 311.9 111.5 120.4 90.6 130.7 64.0 353.1 44.7 96.9 169.7 198.1 85.1 134.3 249.2 81.1 181.8 209.9 121.3 243.7 108.1 12.7 115.9 49.1 142.5 198.7 27.7 154.0 214.8 272.9 211.3 190.2 28.3 178.8 136.1 75.6 186.5 237.3 111.6 88.6 107.4 274.0 146.3 251.2 245.0 204.1 168.5 165.8 118.9 78.9 97.8 224.1 325.2 161.1 285.7 250.6 98.3 59.7 104.8 294.9 18.9 271.6 161.5 226.3 92.4 74.9 121.2 196.9 29.0 73.2 148.6 193.8 136.9 124.0 180.2 306.1
1640.0 259.0 136.7 0.0 120.4 117.1 91.2 49.4 230.7 48.7 204.1 28.1 97.2 14.1 128.5 200.8 245.3 109.0 90.1 58.6 124.0 82.5 97.0 136.7 104.8 124.1 109.4 62.1 158.4 106.6 120.9 68.5 72.4 121.8 190.0 97.0 67.7 175.3 161.1 103.5 107.8 105.0 78.5 65.2 29.3 84.2 120.1 28.0 16.1 77.0 199.9 75.4 143.4 170.9 168.6 94.4 63.5 84.2 97.8 7.2 130.9 217.4 103.4 177.9 136.0 32.7 196.5 97.5 187.1 155.7 186.3 134.2 141.0 111.3 23.8 93.7 79.7 103.0 89.5 142.8 134.2 28.1 16.2 130.7 198.3
1659.4 282.3 312.4 176.3 0.0 81.0 266.9 146.5 254.0 183.6 227.4 197.9 254.9 192.3 241.1 373.6 268.6 284.7 268.3 118.3 224.8 223.5 277.6 164.7 283.0 191.6 157.7 191.9 154.9 284.8 295.4 246.7 248.1 223.0 193.2 275.2 217.5 187.1 184.4 126.8 183.2 280.7 195.1 243.4 207.5 184.0 135.8 197.8 194.3 255.2 190.3 234.6 59.3 163.3 169.2 195.2 213.3 254.0 276.0 184.0 164.5 240.7 212.3 182.6 96.3 202.5 372.2 206.1 213.7 331.4 187.6 181.8 147.8 289.5 202.0 240.2 160.5 279.0 270.3 190.4 199.8 148.1 163.3 151.1 220.2
1629.1 248.1 238.1 103.8 126.9 0.0 192.6 72.2 219.8 109.3 153.1 123.6 192.0 118.0 232.4 299.3 234.4 210.4 194.0 40.2 150.5 149.2 192.5 85.7 208.7 191.7 184.9 117.6 172.7 210.5 221.1 172.4 173.8 225.7 201.1 200.9 143.2 200.1 110.1 52.5 183.3 206.4 120.8 169.1 133.2 114.7 126.6 123.5 120.0 180.9 120.9 160.3 26.2 91.9 193.4 120.9 139.0 179.7 201.7 109.7 197.3 206.5 207.3 139.6 142.5 128.2 297.9 128.4 136.1 257.1 200.6 194.8 124.6 215.2 134.1 165.9 86.2 204.4 193.4 203.4 238.1 72.8 89.0 76.8 187.4
1623.4 337.2 45.4 106.5 195.5 190.0 0.0 127.6 261.2 89.4 282.3 69.4 75.7 120.7 176.2 106.6 323.5 17.7 139.8 136.8 156.0 43.0 92.2 219.6 126.6 176.4 169.6 84.7 218.6 153.6 28.4 161.4 18.7 188.0 237.3 73.2 137.3 234.2 241.1 181.7 168.0 13.7 136.7 155.2 121.1 144.4 195.2 69.5 134.1 152.9 231.9 145.0 216.3 202.9 216.3 126.4 123.7 76.8 124.4 112.4 193.1 295.6 197.1 256.1 211.1 56.2 105.2 59.3 265.3 64.4 246.5 216.3 201.2 137.9 120.4 168.6 154.8 11.7 116.1 194.1 233.8 106.3 94.4 138.1 276.5
1620.3 239.3 169.7 39.5 92.3 90.8 124.2 0.0 211.0 46.8 184.4 61.1 118.1 55.5 173.4 230.9 225.6 142.0 131.5 38.9 104.3 88.7 140.8 121.7 146.2 129.2 122.4 55.1 166.6 148.0 152.7 109.9 105.4 155.3 190.1 138.4 80.7 187.0 141.4 83.8 120.8 138.0 86.2 106.6 70.7 75.1 92.0 61.0 57.5 118.4 175.3 97.8 123.7 148.3 169.1 74.7 76.5 117.2 139.2 48.6 146.4 197.7 144.8 158.2 125.9 65.7 229.5 89.0 170.7 158.0 199.3 175.6 177.7 152.7 65.2 103.4 51.6 136.3 133.5 184.2 175.6 11.3 26.5 126.1 177.2
1501.1 66.7 240.8 242.9 273.4 159.9 227.9 201.3 0.0 217.9 91.7 207.6 154.0 258.9 347.0 275.1 53.0 245.7 308.3 173.1 233.9 196.8 266.6 119.9 295.1 314.6 307.8 209.1 352.0 322.1 253.6 313.6 209.1 346.9 375.5 245.3 266.1 372.4 92.8 170.9 306.2 241.7 267.3 293.4 274.1 256.2 273.1 207.7 260.9 321.4 89.1 283.2 192.8 165.0 354.5 204.3 261.9 272.0 292.9 250.6 331.8 12.1 335.3 91.6 307.0 203.3 273.7 179.4 150.9 232.9 384.7 375.5 363.1 306.4 288.9 329.2 232.7 240.0 287.2 362.6 385.2 244.5 232.6 101.5 42.5
1641.4 264.5 130.7 64.6 121.8 118.5 81.4 50.8 232.1 0.0 205.5 82.9 109.2 78.8 193.2 194.8 246.7 103.0 152.2 63.3 129.5 41.8 136.0 138.1 169.5 156.6 145.7 13.3 194.7 171.3 114.9 133.2 62.6 190.6 213.4 158.5 109.1 210.3 166.5 104.9 144.1 99.0 112.8 129.9 98.1 113.7 121.5 83.0 80.8 141.7 194.9 121.1 144.8 176.4 203.6 95.8 99.8 120.6 162.5 74.6 158.7 218.8 168.1 179.3 137.4 69.7 190.5 52.1 192.6 149.7 222.6 187.1 177.3 176.0 99.0 162.5 81.1 93.2 154.2 207.5 201.6 30.5 49.8 123.1 203.8
1550.1 163.1 332.4 202.2 227.1 139.7 286.9 172.4 134.8 209.5 0.0 223.8 280.8 218.2 336.1 393.6 149.4 304.7 294.2 144.2 250.7 251.4 303.5 61.9 308.9 291.9 285.1 217.8 329.3 310.7 315.4 272.6 268.1 318.0 352.8 301.1 243.4 349.7 44.4 100.2 283.5 300.7 221.0 269.3 233.4 209.9 226.8 223.7 220.2 281.1 185.5 260.5 172.6 257.7 331.8 221.1 239.2 279.9 301.9 209.9 309.1 121.5 307.5 62.0 260.7 228.4 392.2 235.4 140.0 320.7 362.0 338.3 340.4 315.4 227.9 297.8 186.4 299.0 296.2 346.9 338.3 174.0 189.2 195.0 101.0
1648.7 267.7 108.5 37.0 140.5 125.8 63.0 58.1 239.4 57.4 212.8 0.0 56.9 51.2 153.8 169.7 254.0 80.8 124.9 67.3 132.7 54.3 68.8 145.4 141.9 106.9 100.1 65.7 149.1 134.4 91.5 105.9 44.2 144.8 167.8 136.3 58.4 164.7 169.8 112.2 98.5 76.8 67.2 85.7 66.4 74.9 140.2 0.1 53.2 114.4 208.6 75.5 152.1 179.6 146.8 103.1 54.2 56.0 142.9 42.9 112.5 226.1 127.6 186.6 156.0 4.5 168.3 74.0 195.8 127.5 177.0 165.7 131.7 148.4 67.3 121.5 92.7 74.8 129.2 168.0 177.5 36.8 24.9 144.1 207.0
1547.6 321.3 122.3 102.7 206.2 194.1 88.5 123.8 156.4 110.3 278.5 65.6 0.0 116.9 226.2 156.6 322.3 103.7 192.4 135.6 170.2 57.2 130.7 218.4 179.2 160.5 165.8 101.5 202.7 200.1 117.0 171.6 66.7 198.4 233.5 126.8 126.7 230.4 237.3 165.8 152.1 99.7 137.5 139.3 132.1 128.5 205.9 65.7 118.9 180.1 234.0 129.1 217.8 205.0 215.1 128.5 107.8 130.0 177.0 96.5 192.4 168.6 193.3 240.2 224.3 63.9 157.8 76.1 261.5 117.0 242.7 219.3 197.4 202.6 129.2 164.8 161.0 97.7 168.7 244.1 245.8 105.1 90.6 152.3 260.6
1657.1 276.1 153.8 19.5 137.5 127.6 108.3 66.5 247.8 65.8 221.2 45.2 102.2 0.0 117.8 215.0 262.4 126.1 75.9 75.7 141.1 99.6 124.9 158.5 90.6 109.9 126.5 74.1 178.0 92.4 136.8 54.3 89.5 99.7 175.8 82.8 78.3 161.1 178.2 120.6 118.3 122.1 95.6 51.0 15.1 106.1 137.2 45.1 1.9 62.8 212.1 61.2 160.5 185.1 143.2 111.5 80.6 101.3 83.6 6.9 150.5 234.5 89.2 195.0 184.3 49.8 213.6 114.6 207.5 102.4 210.7 120.0 189.1 97.1 9.6 47.8 96.8 120.4 77.9 128.6 120.0 45.2 33.3 162.9 214.0
1771.5 390.5 250.2 139.8 194.5 244.0 204.7 180.9 362.2 180.2 335.6 141.6 218.9 115.5 0.0 161.6 376.8 228.1 98.4 193.4 261.1 196.0 210.5 268.2 183.1 45.4 98.1 193.6 136.3 76.5 233.2 79.4 197.6 6.2 129.3 110.0 114.0 114.6 292.6 235.0 53.8 224.1 144.6 96.1 107.6 157.9 163.4 141.5 113.5 87.9 326.5 106.3 215.9 302.4 96.7 225.9 87.3 197.7 116.4 128.3 108.2 354.5 24.7 335.5 143.2 161.5 151.3 212.3 321.9 129.6 164.2 67.3 124.5 47.4 102.1 53.6 170.1 222.1 65.5 76.2 73.5 160.6 147.7 258.8 329.8
1751.6 370.6 142.2 114.1 232.0 228.7 131.8 161.0 342.3 164.1 315.7 139.7 169.6 94.4 134.5 0.0 356.9 96.5 100.7 173.5 235.6 136.9 186.1 248.3 18.4 185.6 216.3 173.1 250.1 111.9 49.7 119.7 112.6 146.3 202.5 46.9 161.0 218.6 276.7 215.1 194.0 110.5 199.3 139.9 82.0 209.6 231.7 139.6 92.4 111.2 311.5 152.7 257.6 282.5 225.3 206.0 185.6 170.7 82.7 104.2 241.2 329.0 164.9 289.5 257.0 150.1 1.1 156.6 298.7 90.8 275.4 172.9 230.1 96.2 78.7 146.8 193.9 104.0 77.0 152.4 194.9 140.7 127.8 233.3 312.5
1650.6 13.7 233.8 185.4 208.5 109.7 188.3 153.8 241.3 161.9 214.7 186.0 196.3 199.6 320.0 295.0 0.0 206.1 273.0 121.8 182.0 144.9 239.1 147.3 290.3 273.3 266.5 151.7 282.5 292.1 216.8 254.0 169.5 305.0 310.9 261.6 224.8 309.9 171.7 114.1 264.9 202.1 202.4 250.7 214.8 196.3 208.2 186.1 201.6 262.5 140.1 241.9 136.0 111.1 292.0 152.4 220.6 223.7 283.3 192.7 276.3 228.0 288.9 188.5 224.1 172.8 293.6 124.1 197.7 252.8 310.4 295.5 234.4 296.8 209.3 247.5 167.8 200.1 275.0 313.2 322.4 154.4 170.6 69.0 208.9
1651.2 365.0 38.1 132.5 223.3 211.2 27.7 155.4 289.0 121.3 310.1 97.2 91.4 128.8 171.2 99.3 351.3 0.0 132.5 164.6 183.8 70.8 107.9 247.4 103.8 204.2 197.4 112.5 241.6 146.3 21.1 154.1 34.8 188.0 236.9 69.5 155.7 253.0 267.1 209.5 195.8 6.4 166.5 174.3 113.8 177.0 223.0 97.3 126.8 145.6 254.8 172.8 244.1 227.8 242.3 154.2 151.5 104.6 117.1 136.0 221.4 323.4 199.3 283.9 247.9 92.9 97.9 87.1 296.4 57.1 274.3 199.7 252.7 130.6 113.1 181.2 182.6 0.0 111.4 186.8 232.0 134.1 122.2 160.6 302.9
1736.3 352.7 123.0 96.2 174.4 246.1 176.6 145.7 327.0 148.8 300.4 113.5 185.2 79.1 97.8 122.7 339.0 197.0 0.0 158.2 224.5 170.5 185.0 233.0 146.7 116.0 152.0 158.4 188.9 69.6 208.9 21.5 160.4 104.0 160.2 81.8 62.8 176.3 261.4 197.2 124.4 193.0 101.1 41.7 68.6 106.2 174.1 116.0 77.1 13.1 300.4 49.3 268.5 274.0 163.1 194.9 103.5 169.6 17.9 86.0 165.0 313.7 97.9 274.2 187.4 130.4 118.4 190.2 280.8 96.7 219.4 116.9 171.5 56.5 65.7 56.5 124.0 191.0 34.7 110.1 131.4 125.4 112.5 218.0 292.0
1581.3 200.3 188.1 59.7 82.8 55.1 146.4 28.1 172.0 69.0 145.4 83.3 148.6 73.9 192.1 252.2 183.3 160.4 147.3 0.0 106.4 107.1 152.2 78.0 164.6 147.6 144.6 78.6 193.6 166.4 172.3 128.3 123.8 185.4 208.5 161.5 104.2 205.4 106.4 41.5 139.2 160.2 78.9 128.8 89.1 74.4 82.5 79.4 75.9 136.8 131.2 120.0 81.4 98.9 198.7 76.8 98.7 139.4 161.4 65.6 166.1 158.7 163.2 115.9 98.4 93.8 247.9 87.7 128.4 176.4 217.7 182.2 132.2 171.1 83.6 153.5 42.1 158.2 149.3 202.6 196.7 28.7 44.9 63.0 136.3
1599.0 218.0 211.0 193.6 198.7 63.4 165.5 162.0 189.7 139.1 182.4 163.2 162.3 207.8 323.1 272.2 204.3 183.3 288.2 154.9 0.0 122.1 216.3 115.0 292.2 270.2 263.4 128.9 312.4 297.7 194.0 269.2 146.7 308.1 329.9 238.8 226.8 323.6 139.4 67.8 261.8 179.3 192.6 249.0 223.0 186.5 198.4 163.3 209.8 277.7 75.8 238.8 89.7 46.8 305.7 129.6 217.5 200.9 290.0 199.5 275.8 176.4 290.9 156.2 214.3 150.0 270.8 101.3 147.4 230.0 340.3 309.2 248.1 303.5 217.5 284.8 158.0 177.3 281.7 326.9 340.8 172.8 188.2 34.6 157.3
1594.7 308.8 88.8 76.3 152.4 140.3 43.3 99.2 218.1 50.4 253.9 41.0 55.2 92.3 198.4 150.0 295.1 61.1 168.6 108.4 112.9 0.0 82.0 191.2 170.0 148.0 141.2 41.6 185.4 175.5 71.8 147.0 24.5 180.3 208.9 120.2 99.5 205.8 210.9 153.3 139.6 57.1 110.3 126.8 107.5 120.8 152.1 41.1 94.3 155.5 183.9 116.6 173.2 156.9 187.9 83.3 95.3 78.7 167.8 84.0 165.2 267.2 168.7 227.7 186.0 36.7 148.6 16.2 240.2 107.8 218.1 200.5 196.5 181.3 102.0 162.6 111.7 55.4 162.1 209.1 218.6 77.9 66.0 89.7 246.7
1668.5 336.2 112.0 105.5 209.0 194.3 66.5 126.6 307.9 129.7 281.3 68.4 108.7 119.7 228.3 176.1 322.5 84.3 193.4 135.8 201.1 88.1 0.0 218.6 193.2 175.4 168.6 129.8 217.6 202.9 96.2 174.4 59.4 213.3 236.3 139.8 132.0 233.2 238.3 180.7 167.0 80.3 137.7 154.2 134.9 143.4 208.7 68.5 121.7 182.9 277.0 144.0 220.6 248.0 226.5 171.5 122.7 47.4 191.0 112.8 192.1 294.6 196.1 255.1 224.5 61.3 171.8 104.4 264.3 131.0 245.5 227.9 200.2 204.5 129.4 190.0 161.2 78.3 185.3 236.5 246.0 105.3 93.4 198.9 275.5
1498.5 122.2 265.7 137.3 165.1 79.6 224.9 110.4 89.2 151.3 62.6 161.8 231.2 156.2 265.9 334.5 103.8 242.7 229.6 78.4 184.0 189.4 226.0 0.0 246.9 225.2 218.4 160.9 272.1 244.0 254.6 210.6 217.8 256.9 290.8 239.1 186.5 287.7 23.6 33.5 216.8 234.0 161.2 202.6 171.4 152.9 164.8 161.7 158.2 219.1 131.5 193.8 105.9 219.7 281.0 154.4 172.5 217.9 235.2 144.6 242.4 75.9 240.8 41.1 176.0 176.1 330.2 170.0 70.0 258.7 300.0 264.5 209.8 248.7 161.2 199.4 124.4 232.0 231.6 284.9 279.0 111.0 127.2 108.9 56.8
1756.9 375.9 142.3 119.3 237.3 227.4 131.9 166.3 347.6 165.6 321.0 145.0 195.6 99.7 146.3 8.0 362.2 104.1 107.6 175.5 240.9 175.0 212.1 258.3 0.0 195.1 223.2 173.9 252.2 121.4 125.3 129.2 139.0 163.1 212.0 44.6 176.7 228.1 278.0 220.4 203.5 110.6 195.4 149.4 88.9 205.9 237.0 144.9 97.7 120.7 311.9 159.6 260.3 284.9 217.4 211.3 192.5 208.8 92.2 106.9 245.7 334.3 174.4 294.8 258.5 149.6 10.6 191.3 307.3 71.3 284.9 174.8 263.3 105.7 88.2 156.3 196.6 104.1 86.5 161.9 207.1 145.0 133.1 262.7 313.8
1726.0 345.0 204.7 94.3 148.6 203.7 159.2 135.4 316.7 134.7 290.1 96.1 165.2 108.5 46.8 265.9 331.3 177.0 115.4 144.6 210.0 150.5 165.0 227.4 199.2 0.0 47.0 143.0 96.0 87.9 187.7 96.4 140.4 37.8 114.7 162.9 70.3 111.6 247.1 189.5 8.4 173.0 99.1 97.6 123.7 106.8 117.5 96.0 110.5 104.9 285.9 87.4 175.6 256.9 104.9 180.4 41.8 152.2 133.4 100.2 70.5 303.4 20.6 263.9 102.9 100.7 264.5 166.8 273.1 223.7 123.9 60.4 78.6 123.3 124.6 70.6 124.6 171.0 150.2 79.1 70.5 114.1 102.2 207.7 284.3
1760.8 356.6 204.7 94.3 101.5 156.6 159.2 135.4 328.3 138.5 290.1 96.1 153.1 108.5 80.7 265.9 342.9 177.0 136.8 144.6 210.3 150.5 165.0 227.4 199.2 33.8 0.0 148.1 48.9 101.3 187.7 117.8 152.1 71.7 67.6 232.5 70.3 64.5 262.7 189.5 25.4 173.0 99.1 97.6 123.7 106.8 70.4 96.0 110.5 126.3 286.2 87.4 128.5 257.2 57.8 180.7 41.8 152.2 154.8 100.2 12.3 315.0 54.5 248.1 55.8 100.7 264.5 170.2 273.1 223.7 76.8 50.1 31.5 136.7 118.2 88.4 109.8 171.0 171.6 67.8 77.2 114.1 102.2 233.5 295.9
1650.2 274.7 122.4 73.4 130.6 132.8 76.9 59.6 240.9 4.7 214.3 74.6 100.9 87.6 202.0 186.5 261.0 94.7 161.0 72.1 132.0 33.5 122.6 146.9 178.3 161.3 169.7 0.0 218.7 185.6 106.6 142.0 64.7 193.0 222.2 150.2 117.9 219.1 175.3 113.7 152.9 85.6 121.6 138.7 108.3 123.9 130.3 74.7 89.6 150.5 207.9 129.9 153.6 178.9 212.4 102.4 108.6 112.3 176.8 80.7 167.5 227.6 176.9 193.6 146.2 61.4 182.2 43.8 202.8 141.4 231.4 195.9 201.3 184.8 97.3 135.5 89.9 88.7 163.0 216.3 213.2 39.3 58.6 131.9 208.5
1759.4 355.2 299.9 180.2 100.1 155.2 254.4 148.6 326.9 185.7 307.0 161.7 230.8 194.4 145.4 361.1 341.5 272.2 196.0 161.5 208.9 211.0 230.6 244.3 285.1 99.4 65.5 194.0 0.0 166.9 282.9 177.0 235.6 136.4 116.0 282.0 135.9 94.9 261.3 206.4 91.0 268.2 130.1 163.2 209.6 124.0 69.0 161.6 196.4 185.5 284.8 153.0 127.1 255.8 88.2 179.3 107.4 217.8 214.0 186.1 64.0 313.6 120.1 246.7 54.4 176.0 359.7 193.6 294.8 318.9 27.9 80.5 30.1 202.3 204.1 154.0 108.4 266.2 233.4 98.2 107.6 149.2 165.4 232.1 294.5
1753.9 372.9 136.5 123.5 201.6 270.2 188.4 163.3 344.6 162.6 318.0 125.3 194.4 96.7 73.6 133.3 359.2 206.2 79.6 172.5 237.9 179.7 194.2 250.6 164.3 89.6 116.2 170.9 162.5 0.0 216.9 60.6 169.6 85.0 141.6 90.6 98.4 140.8 275.0 217.4 98.0 202.2 128.3 77.3 88.8 136.0 184.0 125.2 94.7 69.1 313.8 87.5 242.1 284.8 134.1 208.3 71.0 181.4 97.6 103.6 128.6 331.3 68.9 291.8 169.4 129.9 131.9 196.0 301.0 110.2 190.4 104.4 145.1 35.3 83.3 34.8 153.8 200.2 46.1 91.5 99.7 142.0 130.1 235.6 312.2
1651.5 366.5 15.7 123.5 223.6 218.1 28.0 155.7 289.3 117.5 310.4 97.5 103.8 106.4 146.5 50.4 352.8 30.7 112.7 168.2 184.1 71.1 120.3 243.0 67.5 197.6 197.7 107.3 246.7 123.9 0.0 131.7 48.0 160.4 214.5 43.5 161.1 230.6 271.4 209.8 196.1 14.3 164.8 151.9 91.4 172.5 223.3 97.6 104.4 123.2 260.0 162.1 244.4 232.2 219.9 154.5 151.8 104.9 94.7 113.6 210.7 323.7 176.9 284.2 239.2 84.3 59.6 90.8 293.4 34.7 274.6 184.9 229.3 108.2 96.7 137.0 184.1 16.2 89.0 164.4 209.6 135.4 122.5 209.8 304.6
1714.7 333.7 203.1 90.9 152.8 233.9 157.6 124.1 305.4 123.4 278.8 94.5 151.5 57.5 104.9 141.4 320.0 175.4 21.5 133.3 205.5 148.9 174.2 216.1 125.1 97.0 130.4 131.7 165.1 79.5 186.1 0.0 138.8 86.8 162.9 98.7 47.4 148.2 235.8 178.2 105.4 171.4 81.5 20.1 49.6 92.0 152.5 94.4 55.5 8.4 276.5 30.3 249.5 249.5 130.3 175.9 84.5 150.6 36.9 64.7 154.4 292.1 76.3 252.6 171.4 99.1 140.0 165.2 265.1 118.3 197.8 107.1 176.2 75.5 44.1 66.6 105.0 169.7 56.3 115.7 107.1 102.8 90.9 220.5 271.6
1616.3 330.1 64.2 99.4 176.7 171.2 18.7 120.5 242.4 86.4 275.2 50.6 68.6 113.6 195.0 128.3 304.7 24.8 161.2 121.3 137.2 24.2 85.1 200.8 145.4 169.3 162.5 72.1 211.5 160.7 48.4 168.3 0.0 195.5 218.5 80.3 130.2 227.1 224.5 162.9 160.9 32.5 129.6 136.4 128.2 137.3 176.4 50.7 115.6 160.0 224.8 137.9 209.2 184.1 208.7 107.6 104.9 69.7 131.5 105.3 163.2 288.5 178.3 249.0 192.3 49.1 112.3 40.5 258.2 83.2 227.7 201.0 194.1 145.0 133.5 161.5 136.0 18.8 137.5 201.2 228.2 88.5 75.6 162.9 257.7
1763.2 384.3 241.9 131.5 180.6 237.8 196.4 172.6 353.9 171.9 327.3 133.3 192.4 107.2 6.6 165.4 368.5 214.2 92.2 181.8 247.2 187.7 202.2 259.9 174.8 37.1 84.2 180.2 128.0 64.7 224.9 71.1 177.6 0.0 121.0 129.7 105.7 106.3 288.3 226.7 45.5 210.2 136.3 87.8 99.3 144.0 149.5 133.2 105.2 79.6 323.1 98.0 207.6 294.1 99.6 217.6 79.0 189.4 108.1 114.4 103.5 340.6 16.4 327.2 134.9 137.9 164.0 204.0 312.4 142.3 155.9 65.2 110.6 98.0 100.2 45.3 161.8 208.2 78.2 73.8 65.2 153.4 139.4 256.0 321.5
1820.2 401.6 261.3 149.1 150.7 206.6 215.8 192.0 373.3 191.3 346.7 152.7 209.7 165.1 138.8 322.5 387.9 233.6 188.5 201.2 259.5 207.1 232.4 284.0 255.8 90.4 56.5 199.6 103.5 157.9 244.3 166.9 208.7 120.7 0.0 292.7 126.9 41.7 303.7 246.1 82.0 229.6 157.7 154.2 180.3 168.2 119.6 152.6 167.1 175.4 330.5 144.0 171.7 303.5 59.6 229.9 98.4 208.8 203.9 156.8 33.6 360.0 111.1 307.5 109.8 157.3 321.1 223.4 333.0 280.3 136.2 96.7 114.6 193.3 174.8 145.0 159.0 227.9 223.3 105.3 68.7 170.7 158.8 276.7 339.5
1660.4 339.0 41.1 76.3 196.8 193.5 83.2 125.8 307.1 128.9 280.5 104.5 173.6 59.2 99.3 45.5 321.7 90.6 65.5 138.3 200.4 158.9 177.0 213.1 62.6 150.4 178.5 138.5 215.9 76.7 58.6 84.5 90.3 111.1 167.3 0.0 125.8 183.4 241.5 179.9 162.4 69.5 164.1 104.7 44.2 171.8 196.5 104.4 57.2 76.0 276.3 114.9 219.8 250.9 190.1 170.8 147.8 160.6 51.1 66.4 206.0 293.8 129.7 257.9 219.2 118.8 41.2 177.3 263.5 19.5 240.2 137.7 194.9 64.6 43.5 89.8 156.1 74.9 39.2 117.2 159.7 105.5 92.6 198.1 274.7
1682.0 295.9 160.7 45.2 110.4 179.6 115.2 91.4 272.7 95.0 246.1 56.4 118.7 64.5 131.4 226.2 291.6 133.0 59.6 104.9 163.1 106.5 115.9 187.7 155.2 99.1 82.9 99.0 131.9 97.3 148.0 41.2 96.4 107.0 155.7 136.8 0.0 152.6 204.9 140.4 81.3 129.0 43.4 17.8 74.6 39.7 110.1 52.0 66.5 49.7 233.9 7.6 169.8 204.9 139.0 128.4 37.0 112.5 75.0 51.1 116.3 259.4 100.3 224.2 130.3 61.0 215.4 127.1 224.0 179.7 164.9 119.3 114.5 113.6 69.1 58.9 57.5 131.3 94.4 133.5 127.6 74.4 58.2 172.7 235.2
1813.8 409.6 272.9 160.7 154.5 216.4 227.4 203.0 381.3 202.9 358.3 164.3 221.3 176.7 114.2 334.1 395.9 245.2 163.9 212.8 263.3 218.7 244.0 295.6 246.0 102.0 68.1 211.2 97.1 133.8 255.9 142.3 208.6 96.1 31.3 224.5 138.5 0.0 315.3 257.7 93.6 241.2 169.3 159.0 170.5 173.4 123.4 164.2 178.7 150.8 334.3 155.6 181.5 307.3 17.8 233.7 110.0 220.4 179.3 168.4 65.0 368.0 105.6 301.1 103.4 168.9 332.7 235.0 352.5 244.1 129.8 54.9 108.2 169.2 165.0 120.9 162.8 239.5 198.7 63.5 72.9 182.3 170.4 286.5 347.5
1499.6 128.8 290.9 162.5 185.6 101.8 253.9 130.9 98.7 168.0 42.9 179.3 238.1 176.7 288.1 352.1 80.1 263.2 252.7 102.7 206.2 209.9 259.7 20.4 267.4 258.9 240.6 176.3 289.6 266.2 273.9 231.1 226.6 290.6 311.3 259.6 208.3 308.2 0.0 67.2 242.0 256.2 179.5 224.8 200.4 170.4 185.3 182.2 178.7 239.6 103.1 227.5 128.1 224.5 290.3 176.6 194.7 235.4 257.4 165.4 265.1 85.4 263.0 17.5 198.2 186.9 347.7 193.9 94.7 279.2 317.5 293.5 232.0 270.9 192.8 256.3 144.9 257.2 254.7 305.4 299.5 132.5 147.7 150.5 33.1
1536.4 155.4 232.1 103.7 126.8 46.0 186.6 72.1 127.1 109.2 100.5 123.5 192.6 117.9 238.3 293.3 141.7 204.4 193.9 40.1 150.4 151.1 192.4 33.1 208.6 191.6 184.8 117.5 233.8 210.4 216.3 172.3 167.8 225.6 252.5 200.8 143.1 249.4 57.5 0.0 183.2 200.4 120.7 169.0 133.1 114.6 126.5 123.4 119.9 180.8 164.7 160.2 72.3 109.8 231.5 120.8 138.9 179.6 201.6 109.6 197.2 113.8 207.2 74.3 142.4 128.1 291.9 131.7 83.5 220.4 261.7 226.2 176.2 215.1 134.0 197.5 86.1 198.4 193.3 246.6 238.0 72.7 88.9 70.6 94.7
1717.6 336.6 196.3 85.9 140.2 195.3 150.8 127.0 308.3 130.1 281.7 87.7 144.7 100.1 55.2 257.5 322.9 168.6 123.8 136.2 201.6 142.1 156.6 219.0 190.8 8.4 38.6 139.7 87.6 92.9 179.3 104.8 132.0 46.2 106.3 176.0 67.0 103.2 240.5 181.1 0.0 164.6 90.7 89.2 115.3 98.4 109.1 87.6 102.1 113.3 277.5 79.0 167.2 248.5 96.5 172.0 33.4 143.8 141.8 91.8 51.0 295.0 29.0 255.5 94.5 92.3 256.1 161.8 264.7 215.3 115.5 67.1 70.2 128.3 109.8 80.0 116.2 162.6 161.2 87.5 81.6 105.7 93.8 208.3 275.9
1637.1 350.9 31.6 120.2 209.2 203.7 13.6 141.3 274.9 103.1 296.0 83.1 89.4 122.3 162.4 95.7 337.2 16.3 128.6 150.5 169.7 56.7 105.9 228.6 112.8 190.1 183.3 98.4 232.3 139.8 14.6 147.6 32.4 174.2 230.4 59.4 141.6 246.5 257.0 195.4 181.7 0.0 150.4 167.8 107.3 158.1 208.9 83.2 120.3 139.1 245.6 158.7 230.0 213.7 230.0 140.1 137.4 90.5 110.6 129.5 195.7 309.3 192.8 269.8 224.8 69.9 91.4 73.0 279.0 50.6 260.2 193.2 214.9 124.1 106.6 174.7 168.5 0.6 102.3 180.3 225.5 121.0 108.1 195.4 290.2
1657.9 276.9 187.8 77.4 71.2 145.5 144.5 63.6 248.6 104.5 222.0 81.4 150.5 93.8 154.8 254.1 263.2 162.3 104.1 79.8 123.9 126.0 148.1 154.6 184.5 101.9 97.3 114.1 144.1 129.4 174.2 85.1 137.4 139.8 165.0 217.8 42.7 161.9 183.0 121.4 93.5 156.1 0.0 64.9 106.8 5.6 70.9 81.3 95.8 93.6 199.8 52.5 130.6 170.8 155.2 96.3 51.4 137.5 122.1 83.3 116.6 235.3 122.6 195.8 86.8 95.7 249.8 105.2 205.0 209.0 174.2 157.0 128.9 160.7 101.3 96.6 25.4 156.3 138.9 165.2 171.5 64.2 80.4 149.6 216.2
1704.2 323.2 182.9 72.5 132.6 206.9 137.4 113.6 294.9 112.9 268.3 74.3 131.3 86.7 98.1 244.1 309.5 155.2 41.7 122.8 185.3 128.7 143.2 200.9 141.8 93.7 110.2 121.2 159.2 76.2 165.9 20.1 130.3 89.1 159.6 123.6 17.8 144.9 225.3 167.7 102.1 151.2 59.3 0.0 66.3 67.0 132.3 74.2 72.2 28.6 261.2 10.2 192.0 232.2 138.2 155.7 64.3 130.4 57.1 78.4 129.5 281.6 73.0 242.1 148.2 88.6 242.7 145.0 251.3 138.5 187.1 103.8 141.8 95.7 67.2 31.6 84.8 149.2 73.9 112.4 103.8 92.3 80.4 194.9 262.5
1672.1 291.1 168.8 32.0 152.5 149.2 123.3 81.5 262.8 80.8 236.2 60.2 129.3 14.9 120.2 113.2 277.4 141.1 86.4 90.7 156.1 114.6 129.1 168.8 67.3 121.8 141.5 89.1 190.5 97.6 151.8 66.2 104.5 132.0 188.2 67.6 80.8 173.0 193.2 135.6 130.2 137.1 108.6 62.9 0.0 116.3 152.2 60.1 12.9 74.7 232.0 73.1 175.5 203.0 155.1 126.5 95.6 116.3 68.4 21.8 165.5 249.5 101.1 210.0 168.1 64.8 108.9 129.6 219.2 87.2 218.4 151.0 173.1 81.9 0.8 59.7 111.8 135.1 60.1 138.1 131.9 60.2 48.3 162.8 230.4
1652.2 271.2 196.1 85.7 65.5 139.8 150.6 57.9 242.9 98.8 216.3 87.5 144.5 99.9 163.1 260.2 257.5 168.4 112.8 74.1 118.2 120.3 156.4 153.6 190.6 110.2 103.4 108.4 152.4 137.7 179.1 91.2 131.8 148.1 171.1 227.5 43.7 168.0 173.3 115.7 101.8 164.4 8.2 71.0 115.1 0.0 65.2 87.4 101.9 99.7 194.1 60.8 124.9 165.1 150.1 88.6 57.5 143.6 128.2 91.6 128.7 229.6 130.9 190.1 81.1 92.1 255.9 99.5 199.3 215.1 180.3 162.7 114.9 166.8 109.6 124.8 17.7 162.4 145.0 171.3 174.9 58.5 74.7 143.9 210.5
1673.8 292.8 230.8 109.3 31.0 112.1 185.3 79.5 264.5 116.6 237.9 142.5 197.2 125.3 179.1 292.0 279.1 203.1 167.8 92.4 139.8 141.9 222.2 175.2 216.0 129.6 95.7 124.9 92.9 192.7 213.8 146.2 178.2 161.0 131.4 208.2 98.7 125.1 194.9 137.3 121.2 199.1 61.0 126.0 140.5 49.9 0.0 142.4 127.3 154.7 210.8 115.8 111.9 183.8 107.2 110.2 112.5 198.6 183.2 117.0 102.5 251.2 150.3 231.5 33.8 147.1 290.6 124.5 224.2 249.8 125.6 119.8 85.8 221.8 135.0 179.8 39.3 197.4 202.6 128.4 137.8 81.1 96.3 175.8 230.7
1648.6 267.6 108.6 35.1 140.4 119.1 63.1 58.0 239.3 57.3 212.7 0.1 57.0 51.1 157.2 169.8 253.9 80.9 127.4 67.2 132.6 54.4 79.7 150.0 141.8 106.8 100.0 65.6 144.2 134.3 91.6 105.8 56.0 139.1 167.7 140.0 58.3 164.6 169.7 112.1 98.4 76.9 69.1 85.6 66.3 79.6 140.1 0.0 53.1 114.3 203.6 75.4 152.0 176.6 146.7 103.0 54.1 56.1 142.8 42.8 124.0 226.0 127.5 186.5 150.5 4.6 168.4 70.7 199.0 127.6 176.9 159.3 155.3 148.3 67.2 121.4 92.6 75.2 129.1 167.9 177.4 36.7 24.8 144.2 205.5
1659.1 278.1 155.8 21.5 139.5 129.6 110.3 68.5 249.8 67.8 223.2 47.2 104.2 1.9 115.8 123.5 264.4 128.1 73.9 77.7 143.1 101.6 126.9 160.5 88.6 107.9 128.5 76.1 176.0 90.4 138.8 52.3 91.5 97.7 173.8 80.8 76.3 159.1 180.2 122.6 116.3 124.1 110.4 49.0 13.1 120.9 139.2 47.1 0.0 60.8 214.1 59.2 162.5 187.1 141.2 113.5 82.6 103.3 81.6 8.8 152.5 236.5 87.2 197.0 182.3 51.8 122.1 116.6 209.5 100.4 208.7 118.0 187.1 95.1 7.6 45.8 98.8 122.4 75.9 126.6 118.0 47.2 35.3 164.9 216.0
1723.2 342.2 211.6 99.4 161.3 242.4 166.1 132.6 313.9 131.9 287.3 103.0 160.0 66.0 107.6 132.9 328.5 183.9 13.1 141.8 214.0 157.4 182.7 224.6 133.6 105.5 138.9 140.2 173.6 82.7 194.6 8.4 147.3 95.3 171.4 90.2 55.9 156.7 244.3 186.7 113.9 179.9 90.0 28.6 58.1 100.5 161.0 102.9 64.0 0.0 285.0 38.8 258.0 258.0 138.8 184.4 93.0 159.1 28.4 72.9 162.9 300.6 84.8 261.1 179.9 107.6 131.5 173.7 273.6 109.8 206.3 115.6 184.7 67.0 52.6 43.4 113.5 178.2 47.8 123.2 115.6 111.3 99.4 229.0 280.1
1542.4 161.4 285.2 156.8 179.9 99.1 239.7 125.2 133.1 162.3 106.5 176.6 233.6 171.0 285.4 346.4 147.7 257.5 244.4 97.0 203.5 204.2 245.5 39.1 261.7 244.7 237.9 170.6 286.9 263.5 268.2 225.4 232.6 276.4 305.6 258.6 196.2 290.7 65.3 53.0 236.3 253.5 173.8 222.1 186.2 167.7 179.6 176.5 173.0 233.9 0.0 213.3 125.4 162.9 272.8 173.9 192.0 232.7 254.7 162.7 257.2 119.8 260.3 80.3 195.5 181.2 345.0 184.8 71.5 273.5 314.8 281.0 215.2 268.2 180.7 218.9 139.2 251.5 246.4 294.0 291.1 125.8 142.0 132.7 100.7
1694.0 313.0 172.7 62.3 122.4 196.7 127.2 103.4 284.7 106.5 258.1 64.1 133.2 76.5 108.3 233.9 299.3 145.0 49.3 112.6 175.1 118.5 133.0 195.4 152.0 103.9 100.0 116.1 149.0 86.4 155.7 30.3 120.1 99.3 167.7 129.1 7.6 155.1 216.9 157.5 98.4 141.0 49.1 10.2 76.5 56.8 122.1 64.0 78.5 38.8 251.0 0.0 181.8 222.0 137.2 145.5 54.1 120.2 67.3 68.2 112.4 271.4 83.2 231.9 138.0 68.7 232.5 138.2 241.1 191.7 176.9 102.2 131.6 105.9 71.0 73.5 74.6 139.0 84.1 122.6 114.0 82.1 70.2 175.7 250.9
1699.0 236.1 266.2 131.9 155.0 28.0 220.7 100.3 207.8 137.4 181.2 151.7 208.7 146.1 260.5 330.3 222.4 238.5 219.5 72.1 178.6 177.3 220.6 113.8 236.8 219.8 144.4 145.7 146.4 238.6 249.2 200.5 201.9 251.5 174.8 233.7 176.4 173.8 138.2 80.6 211.4 234.5 148.9 197.2 161.3 142.8 154.7 151.6 148.1 209.0 149.0 188.4 0.0 120.0 155.9 149.0 167.1 207.8 229.8 137.8 139.6 194.5 235.4 136.4 107.9 156.3 326.0 156.5 164.2 285.2 174.3 168.5 98.3 243.3 162.2 225.7 114.3 232.5 224.1 177.1 192.0 100.9 117.1 104.9 175.4
1552.1 171.1 314.2 185.8 208.9 128.1 268.7 154.2 142.8 195.1 135.5 205.6 262.6 200.0 320.4 378.3 157.4 286.5 273.4 122.2 232.5 233.2 274.5 72.8 290.7 273.7 266.9 199.6 315.9 292.5 297.2 254.4 249.9 305.4 334.6 282.9 225.2 319.7 96.5 82.0 265.3 282.5 205.0 251.1 215.2 196.7 208.6 205.5 202.0 262.9 28.9 242.3 154.4 0.0 313.0 202.9 221.0 261.7 283.7 193.1 288.4 129.5 289.3 109.3 224.5 210.2 374.0 217.2 100.5 302.5 343.8 308.3 244.2 297.2 209.7 247.9 168.2 280.5 275.4 323.0 320.1 154.8 171.0 161.7 110.4
1795.9 402.9 266.2 144.6 136.6 202.9 209.5 185.1 363.4 188.8 340.4 146.4 215.5 158.8 98.8 319.1 389.2 227.3 143.4 198.2 256.6 200.8 226.5 273.0 228.1 84.1 50.2 198.4 84.0 115.9 239.2 124.4 201.9 97.3 49.2 211.3 125.7 17.8 297.8 239.8 75.7 234.5 149.4 152.3 152.6 168.3 105.5 146.3 160.8 132.9 321.3 137.7 163.6 292.3 0.0 227.0 103.3 202.5 161.4 161.7 93.9 350.1 98.9 283.2 90.9 160.7 314.8 220.5 342.5 226.2 111.9 30.4 66.6 162.5 164.7 98.6 144.9 221.3 178.2 45.6 57.7 165.4 152.5 244.5 331.0
1628.6 247.6 240.6 223.2 228.3 93.0 195.1 191.6 219.3 172.8 212.0 192.8 194.5 237.4 346.7 301.8 233.9 212.9 320.4 184.5 29.5 151.7 245.9 149.3 321.8 299.8 293.0 164.0 342.0 327.3 224.8 298.8 176.3 332.7 359.5 268.4 256.4 353.2 169.0 97.4 291.4 208.9 224.4 278.6 252.6 211.1 228.0 192.9 239.4 307.3 105.4 268.4 119.3 76.4 335.3 0.0 247.1 230.5 319.6 229.1 309.5 206.0 320.5 185.8 243.9 179.6 300.4 130.9 177.0 259.6 369.9 342.9 277.7 333.1 257.6 314.4 187.6 206.9 311.3 356.5 370.4 202.4 217.8 64.2 186.9
1684.1 303.1 162.8 52.4 130.5 202.5 117.3 93.5 274.8 96.6 248.2 54.2 111.2 66.6 99.5 224.0 289.4 135.1 97.5 102.7 168.1 108.6 123.1 180.8 157.3 52.6 45.8 101.1 94.8 80.1 145.8 75.9 98.5 90.5 113.5 194.2 33.5 110.4 205.2 147.6 44.2 131.1 57.2 55.7 81.8 64.9 116.3 54.1 68.6 84.4 244.0 45.5 174.4 215.0 103.7 138.5 0.0 110.3 112.9 58.3 58.2 261.5 73.3 222.0 101.7 68.5 222.6 128.3 231.2 181.8 122.7 96.0 77.4 115.5 76.3 67.2 82.7 129.1 129.7 113.7 128.7 72.2 60.3 198.4 242.4
1705.0 324.0 116.6 93.3 196.8 182.1 71.1 114.4 295.7 113.7 269.1 56.2 113.6 107.5 210.1 177.8 310.3 88.9 181.2 123.6 189.0 92.7 48.4 201.7 197.8 163.2 156.4 122.0 205.4 190.7 99.6 162.2 64.0 201.1 224.1 144.4 114.7 221.0 226.1 168.5 154.8 84.9 123.5 142.0 122.7 131.2 196.5 56.3 109.5 170.7 264.9 131.8 208.4 235.9 203.1 159.4 110.5 0.0 195.6 99.2 168.8 282.4 183.9 242.9 212.3 49.1 176.4 112.4 252.1 135.6 233.3 222.0 188.0 209.1 117.2 177.8 149.0 82.9 187.3 224.3 233.8 93.1 81.2 186.7 263.3
1751.7 370.7 107.6 111.6 189.8 264.1 194.6 161.1 342.4 160.4 315.8 131.5 200.6 94.5 76.8 104.4 357.0 212.4 17.9 170.3 242.5 185.9 200.4 248.4 162.1 127.9 156.0 168.7 189.8 54.2 120.4 36.9 187.5 88.6 144.8 66.4 75.0 160.9 272.8 215.2 136.3 208.4 116.5 57.1 86.6 124.2 189.5 131.4 92.5 28.4 318.4 67.3 269.4 289.4 150.2 212.9 121.5 187.6 0.0 101.4 177.2 329.1 107.2 289.6 196.7 136.1 103.0 202.2 298.8 81.3 217.7 115.2 172.4 38.5 81.1 67.3 142.0 206.4 16.7 94.7 137.2 139.8 127.9 257.5 310.0
1648.8 267.8 145.5 8.7 129.2 125.9 100.0 58.2 240.9 57.5 212.9 36.9 106.0 6.9 121.2 208.1 254.1 117.8 80.5 72.1 132.8 91.3 105.8 145.5 97.8 116.8 118.2 72.3 168.6 99.6 128.5 61.2 81.2 112.5 182.7 89.7 75.8 168.3 169.9 112.3 125.2 113.8 88.7 57.9 22.3 93.0 128.9 36.8 8.8 69.7 208.7 68.4 152.2 179.7 161.3 103.2 72.3 93.0 90.8 0.0 130.6 226.2 96.4 186.7 144.8 41.5 205.3 106.3 195.9 109.3 195.1 115.4 149.8 104.3 16.8 54.7 88.5 113.2 82.2 135.5 129.9 36.9 25.0 130.5 207.1
1786.5 356.3 225.1 116.7 127.2 170.7 170.5 158.3 339.6 158.9 313.0 107.4 188.1 131.4 104.9 291.7 355.5 199.9 159.7 159.2 221.3 173.4 187.9 245.6 222.1 56.2 11.2 171.0 66.3 121.7 211.8 140.7 160.8 83.6 43.6 250.7 98.3 70.2 269.3 211.9 36.7 184.9 121.5 108.9 135.0 129.2 96.1 118.9 133.4 149.2 297.8 98.7 142.6 268.2 63.5 196.7 53.1 163.5 166.1 122.6 0.0 326.3 77.4 262.2 76.8 133.3 287.4 193.1 287.7 246.6 102.5 53.3 58.5 160.9 145.0 99.7 135.9 193.4 194.5 73.5 74.6 138.0 125.1 230.6 295.6
1488.9 54.5 254.1 218.9 286.7 173.2 241.2 189.1 13.2 231.2 79.5 220.9 167.3 234.9 360.3 288.4 40.8 259.0 321.6 160.9 247.2 210.1 279.9 107.7 308.4 327.9 321.1 222.4 365.3 335.4 266.9 326.9 234.1 360.2 388.8 258.6 279.4 385.7 80.6 116.9 319.5 255.0 280.6 306.7 250.1 269.5 286.4 221.0 236.9 334.7 76.9 296.5 206.1 178.3 367.8 217.6 275.2 285.3 306.2 226.6 345.1 0.0 348.6 79.4 320.3 216.6 287.0 192.7 138.7 246.2 398.0 388.8 376.4 319.7 244.6 282.8 246.0 253.3 300.5 375.9 398.5 190.7 245.9 114.8 30.3
1746.7 365.7 225.4 115.0 165.2 220.3 179.9 156.1 337.4 155.4 310.8 116.8 173.8 111.8 32.1 184.9 352.0 197.7 97.3 168.6 230.7 171.2 185.7 248.1 179.4 20.6 67.7 168.8 112.6 67.2 208.4 75.7 161.1 17.1 105.6 146.9 96.1 90.9 267.8 210.2 29.0 193.7 121.8 92.4 103.9 127.5 134.1 116.7 109.8 84.2 306.6 102.6 192.2 277.6 73.0 201.1 62.5 172.9 112.7 120.9 91.7 324.1 0.0 311.8 119.5 121.4 183.5 187.5 293.8 161.8 140.5 38.0 95.2 102.6 98.4 49.9 145.3 191.7 129.5 58.4 49.8 134.8 122.9 228.4 305.0
1489.4 108.4 295.7 167.3 190.4 109.6 250.2 135.7 80.1 176.6 71.5 187.1 234.2 181.5 295.9 355.3 94.7 268.0 257.5 107.5 214.0 214.7 256.0 25.2 272.2 255.2 248.4 186.2 297.4 274.0 278.7 235.9 243.1 289.2 316.1 264.4 216.1 297.7 28.5 63.5 246.8 264.0 184.3 232.6 196.7 178.2 190.1 187.0 183.5 244.4 117.7 223.8 135.9 205.9 291.0 184.4 202.5 243.2 265.2 173.2 260.8 66.8 270.8 0.0 206.0 201.4 353.9 195.3 83.6 313.1 325.3 289.8 222.2 278.7 197.6 229.4 149.7 262.0 256.9 301.0 304.3 136.3 152.5 152.6 47.7
1728.3 307.4 245.4 125.7 45.6 119.9 199.9 94.1 279.1 131.2 252.5 157.1 217.0 139.9 159.7 306.6 293.7 217.7 179.8 107.0 154.4 156.5 226.0 185.1 230.6 113.7 79.8 139.5 81.8 207.3 228.4 160.8 192.8 150.7 115.5 227.5 113.3 109.2 213.5 151.9 105.3 213.7 77.8 140.6 155.1 69.5 14.5 157.0 141.9 169.3 230.3 130.4 96.0 201.3 102.5 124.8 127.1 213.2 197.8 131.6 75.0 265.8 134.4 215.6 0.0 161.7 305.2 135.7 235.5 264.4 109.7 97.3 33.7 236.4 149.6 194.4 53.9 211.7 214.6 112.5 121.9 94.7 110.9 172.7 246.7
1653.0 272.0 94.2 41.3 144.8 130.1 48.7 62.4 243.7 65.5 217.1 4.2 64.4 55.5 164.1 168.0 258.3 76.2 129.2 74.9 137.0 49.7 81.4 149.7 146.2 111.2 104.4 75.1 153.4 138.7 88.1 110.2 41.6 160.3 172.1 131.7 67.8 169.0 178.1 116.5 102.8 72.2 71.5 90.0 70.7 88.1 144.5 4.3 57.5 118.7 212.9 88.7 156.4 192.8 162.3 107.4 67.4 68.6 147.2 48.6 117.4 230.4 140.8 190.9 160.3 0.0 163.7 69.4 200.1 122.9 181.3 170.0 136.0 152.7 65.2 112.3 97.0 70.2 130.9 172.3 184.5 42.1 29.2 134.7 211.3
1750.4 369.4 86.9 112.8 230.8 220.9 201.6 159.8 341.1 159.1 314.5 138.5 195.5 93.2 135.6 1.3 355.7 93.8 96.9 169.0 234.4 192.9 218.2 251.8 21.3 184.4 212.5 167.4 241.5 110.7 99.7 118.5 194.5 152.4 201.3 33.9 166.0 217.4 271.5 213.9 192.8 115.3 200.1 138.7 78.2 210.6 230.5 138.4 91.2 110.0 305.4 148.9 253.8 278.4 206.7 204.8 181.8 194.6 81.5 100.1 235.0 327.8 163.7 288.3 247.8 143.1 0.0 207.9 300.8 60.6 274.2 164.1 252.6 95.0 77.5 145.6 190.1 115.6 75.8 151.2 196.4 138.5 126.6 256.2 307.3
1578.4 289.3 106.2 98.9 136.1 130.6 64.1 89.3 201.8 34.3 237.8 58.4 84.7 109.7 215.7 170.3 275.6 78.5 183.4 95.6 96.6 17.3 114.9 170.4 187.4 165.4 162.0 24.1 211.0 192.9 90.4 164.4 41.9 203.3 226.3 134.0 122.0 223.2 198.8 133.8 160.4 74.5 125.7 144.2 128.3 123.9 135.8 58.5 111.7 172.9 169.1 137.4 153.5 140.1 216.5 67.0 112.7 96.1 185.2 104.8 171.6 251.1 186.1 208.2 148.3 45.2 166.0 0.0 220.8 125.2 235.5 224.2 193.6 202.1 129.2 161.0 92.0 75.9 176.9 226.5 238.7 69.0 83.4 122.3 232.0
1663.7 282.7 289.8 155.5 178.6 51.6 244.3 123.9 254.4 161.0 245.8 175.3 232.3 169.7 284.1 353.9 269.0 262.1 243.1 91.9 202.2 200.9 244.2 199.5 260.4 243.4 205.3 169.3 207.3 262.2 272.8 224.1 225.5 275.1 235.7 257.3 194.9 234.7 202.8 104.2 235.0 258.1 169.2 220.8 184.9 166.4 178.3 175.2 171.7 232.6 172.6 212.0 60.8 143.6 216.8 172.6 190.7 231.4 253.4 161.4 200.5 241.1 259.0 174.2 168.8 179.9 349.6 180.1 0.0 308.8 235.2 229.4 159.2 266.9 179.4 217.6 137.9 256.1 245.1 238.0 247.4 124.5 140.7 128.5 222.0
1640.8 347.8 26.2 91.2 209.2 199.3 68.3 138.2 319.5 137.5 292.9 116.9 173.9 71.6 114.0 42.1 334.1 71.0 75.3 147.4 212.8 111.4 148.5 230.2 62.1 162.8 190.9 145.8 219.9 89.1 39.0 96.9 75.4 130.8 179.7 12.3 144.4 195.8 249.9 192.3 171.2 54.6 178.5 117.1 56.6 189.0 208.9 116.8 69.6 88.4 283.8 127.3 232.2 256.8 185.1 183.2 160.2 173.0 59.9 78.5 213.4 306.2 142.1 266.7 226.2 121.5 40.7 127.7 279.2 0.0 252.6 142.5 231.0 73.4 55.9 124.0 168.5 54.9 54.2 129.6 174.8 116.9 105.0 234.6 285.7
1778.0 373.8 318.5 197.0 118.7 180.6 273.0 167.2 345.5 204.3 325.6 180.3 237.3 213.0 167.5 379.7 360.1 290.8 217.2 180.1 227.5 229.6 260.0 262.9 303.7 118.0 84.1 212.6 21.7 185.5 301.5 195.6 265.9 149.4 134.6 295.9 154.5 113.5 282.6 225.0 109.6 286.8 148.7 181.8 228.2 137.6 87.6 180.2 215.0 204.1 298.5 171.6 145.7 271.5 95.6 197.9 126.0 236.4 232.6 204.7 90.9 332.2 138.7 265.3 67.6 184.9 378.3 212.2 316.7 337.5 0.0 108.2 72.4 220.9 229.1 169.8 127.0 285.1 252.0 116.8 126.2 168.8 184.0 250.7 311.7
1786.4 389.8 245.5 133.4 127.1 180.5 200.0 175.6 353.9 173.8 330.9 144.5 206.0 147.6 68.3 305.0 366.8 217.8 118.0 183.7 234.2 191.3 204.1 266.5 197.6 66.8 39.0 182.1 72.8 78.2 226.8 93.9 192.9 46.1 82.8 178.6 118.7 52.8 288.3 228.6 64.5 212.1 140.2 103.4 114.9 145.9 96.0 136.8 149.6 102.4 310.1 128.2 152.4 290.4 33.2 204.6 80.9 200.6 130.9 129.7 65.8 340.6 50.0 272.0 79.7 139.8 303.6 205.9 320.1 195.7 102.4 0.0 64.7 113.6 109.4 65.3 135.4 219.4 152.8 15.1 30.0 153.2 143.0 244.0 321.5
1729.2 325.0 250.8 150.0 69.9 125.0 205.3 118.4 296.7 155.5 276.8 142.2 199.2 164.2 131.9 312.0 311.3 223.1 176.5 131.3 178.7 180.8 211.1 209.4 254.9 79.9 46.0 163.8 48.0 147.4 233.8 157.5 198.2 116.9 96.5 278.6 116.4 75.4 231.1 176.2 71.5 219.1 99.9 143.7 179.4 93.8 38.8 142.1 166.2 166.0 254.6 133.5 96.9 225.6 68.7 149.1 87.9 198.3 194.5 155.9 54.1 283.4 100.6 216.5 24.2 146.8 310.6 160.0 264.6 269.8 75.9 70.1 0.0 182.8 173.9 131.7 78.2 217.1 211.3 78.7 90.8 119.0 135.2 201.9 264.3
1721.8 370.0 107.2 110.9 202.6 257.7 149.3 160.4 341.7 159.7 315.1 139.1 196.1 93.8 37.0 104.0 356.3 152.0 60.0 169.6 235.0 192.4 208.0 252.4 124.0 88.1 116.2 168.0 150.0 41.7 120.0 122.1 156.4 48.8 105.0 66.0 156.7 121.1 272.1 214.5 96.5 135.6 187.3 138.8 78.8 195.0 171.5 139.0 91.8 73.1 310.9 149.0 229.6 281.9 110.4 201.3 130.0 195.2 44.6 100.7 131.4 328.4 67.4 288.9 156.9 153.4 102.6 208.5 298.1 80.9 177.9 67.8 132.6 0.0 78.1 96.3 210.9 136.3 16.8 54.9 97.4 139.1 127.2 256.8 309.3
1666.8 291.8 163.5 32.7 147.2 143.9 118.0 76.2 257.5 75.5 230.9 54.9 130.0 9.6 131.3 109.4 272.1 135.8 82.9 85.4 150.8 109.3 129.8 163.5 68.0 116.5 136.2 89.8 185.2 96.7 146.5 66.9 99.2 131.1 193.7 66.7 75.5 167.7 193.9 130.3 130.9 131.8 103.3 57.6 0.6 111.0 146.9 54.8 7.6 69.4 226.7 67.8 170.2 197.7 161.0 139.2 90.3 111.0 67.5 22.5 161.5 244.2 101.8 204.7 162.8 65.5 108.0 130.3 213.9 92.7 213.1 114.8 167.8 81.0 0.0 60.4 106.5 135.8 65.6 137.2 138.1 54.9 43.0 163.5 225.1
1740.8 338.0 224.3 78.9 188.5 257.1 178.8 128.4 331.5 153.3 304.9 112.2 169.2 83.6 66.4 146.2 324.3 193.1 66.5 137.6 224.8 170.1 184.6 242.2 129.4 76.5 101.1 136.0 149.4 12.8 208.5 25.7 168.2 71.9 142.4 121.6 69.7 113.2 261.9 204.3 84.9 192.6 101.8 64.2 75.7 122.9 170.9 112.1 81.6 56.0 300.7 74.4 229.0 249.9 121.0 195.2 57.9 168.3 84.5 90.8 128.4 296.4 41.3 256.9 141.8 120.3 144.8 186.4 266.1 123.1 177.3 72.1 132.0 48.2 70.2 0.0 140.7 190.6 82.1 104.4 72.1 128.9 117.0 256.4 299.1
1634.4 253.4 191.4 71.7 40.6 114.9 145.9 40.1 225.1 81.0 198.5 91.5 160.4 85.9 185.6 252.6 239.7 163.7 138.7 56.3 100.4 102.5 160.4 131.1 176.6 138.7 131.9 90.6 138.1 166.2 174.4 119.7 138.8 176.6 171.8 168.8 72.2 165.5 155.5 97.9 130.3 159.7 34.5 99.5 101.1 28.4 40.3 91.4 87.9 128.2 176.3 89.3 100.0 147.3 147.6 70.8 86.0 147.6 156.7 77.6 155.9 211.8 159.4 172.3 56.2 96.1 251.2 81.7 181.5 210.4 166.0 160.2 90.0 183.1 102.0 153.3 0.0 157.7 161.3 168.8 178.2 40.7 56.9 136.4 192.7
1635.2 349.0 32.4 118.3 207.3 201.8 11.7 139.4 273.0 101.2 294.1 81.2 90.1 123.1 163.2 96.5 335.3 0.0 126.8 148.6 167.8 54.8 104.0 231.4 103.8 188.2 181.4 91.0 230.4 140.6 16.6 148.4 18.8 175.0 231.2 60.2 139.7 247.3 255.1 193.5 179.8 0.7 148.5 167.0 108.1 156.2 207.0 81.3 121.1 139.9 243.7 156.8 228.1 214.7 228.1 138.2 135.5 88.6 111.4 130.0 193.8 307.4 193.6 267.9 222.9 68.0 92.2 74.5 277.1 51.4 258.3 194.0 213.0 124.9 107.4 153.7 166.6 0.0 105.7 181.1 226.3 118.1 106.2 193.5 288.3
1704.9 353.1 88.3 92.0 223.0 278.1 130.4 143.5 324.8 146.6 298.2 160.2 231.9 76.9 65.6 90.0 337.4 135.1 45.7 156.0 218.1 214.6 231.7 230.8 107.1 108.5 136.6 156.2 170.4 34.8 101.1 95.5 137.5 69.2 125.4 49.1 133.3 141.5 259.2 195.6 116.9 116.7 163.2 112.2 59.9 170.9 191.9 160.1 74.9 56.2 294.0 122.4 250.0 265.0 148.2 186.5 105.9 216.3 25.7 81.8 164.1 311.5 90.4 272.0 177.3 174.5 85.7 234.3 279.2 64.0 198.3 95.8 153.0 19.1 65.2 72.3 188.7 117.4 0.0 75.3 117.8 123.2 110.3 215.8 290.4
1806.9 402.7 266.0 153.8 147.6 209.5 220.5 196.1 374.4 196.0 351.4 157.4 214.4 135.7 71.5 224.5 389.0 238.3 121.2 205.9 256.4 211.8 237.1 288.7 203.3 83.6 61.2 204.3 90.2 91.1 249.0 99.6 201.7 53.4 109.0 181.8 131.6 73.3 308.4 250.8 86.7 234.3 162.4 116.3 127.8 166.5 116.5 157.3 133.7 108.1 327.4 126.5 174.6 300.4 55.4 226.8 103.1 213.5 136.6 142.6 88.0 361.1 62.9 294.2 96.5 162.0 223.1 228.1 345.6 201.4 122.9 12.8 101.3 126.5 128.7 73.8 155.9 232.6 156.0 0.0 50.2 175.4 163.5 279.6 340.6
1826.1 410.4 289.6 151.3 166.8 224.7 241.4 203.5 384.8 205.6 358.2 178.3 250.0 136.9 66.5 228.5 396.7 261.9 125.2 215.5 272.9 235.4 247.2 298.3 204.5 82.1 77.7 213.9 111.5 89.6 275.4 100.8 225.3 65.3 53.0 185.8 138.6 69.1 317.0 257.6 96.0 255.2 181.7 114.8 129.0 181.9 135.7 180.9 134.9 109.3 354.3 130.5 193.8 322.5 84.2 248.8 129.5 234.4 137.8 141.4 97.7 371.5 64.1 313.4 121.1 188.4 224.3 254.5 344.0 202.6 142.1 38.6 96.8 130.5 129.9 72.3 177.9 258.7 160.0 40.0 2.7 185.0 170.3 283.7 352.4
1611.8 229.8 158.3 29.9 92.2 87.9 112.8 21.2 202.5 39.2 175.9 49.7 118.8 44.1 164.5 222.4 216.1 130.6 117.5 33.7 95.8 77.3 118.6 108.5 134.8 128.9 112.0 48.8 160.0 136.6 142.5 98.5 105.7 149.5 178.7 131.7 74.4 175.6 136.9 75.3 109.4 126.6 78.1 96.2 59.3 85.8 91.9 49.6 46.1 107.0 170.7 86.4 114.2 141.7 168.9 65.2 65.1 105.8 128.8 35.8 124.0 189.2 133.4 148.7 106.8 64.0 218.1 77.1 157.9 146.6 187.9 152.4 142.6 141.3 53.8 124.7 50.5 124.6 119.5 172.8 166.9 0.0 15.1 93.5 169.1
1623.7 242.7 143.1 12.9 104.1 94.2 97.6 33.1 214.4 32.4 187.8 34.5 91.5 28.9 146.8 204.3 229.0 115.4 104.9 42.3 107.7 74.3 114.2 125.1 119.6 102.6 95.8 40.7 140.0 121.4 126.1 83.3 90.5 128.7 163.5 111.8 54.1 160.4 144.8 87.2 94.2 111.4 64.9 80.0 44.1 75.4 103.8 34.4 30.9 91.8 178.7 71.2 127.1 151.7 142.5 78.1 49.9 90.6 112.6 20.6 119.8 201.1 118.2 161.6 146.3 39.1 202.9 81.2 174.1 131.4 172.7 149.0 151.1 126.1 38.6 108.5 63.4 109.7 106.9 157.6 149.0 11.8 0.0 129.5 180.6
1523.3 224.8 176.3 140.6 173.0 64.9 130.8 95.9 177.4 108.5 156.8 128.5 130.2 141.7 288.4 237.5 192.0 157.6 256.1 67.7 133.5 96.4 210.5 94.1 266.5 264.4 257.6 99.7 237.7 291.9 159.3 209.2 132.7 302.3 266.1 207.7 201.1 252.0 115.6 69.3 256.0 173.5 157.9 243.2 170.0 160.8 172.7 137.6 143.7 217.7 76.2 233.0 72.1 66.3 234.1 103.9 191.8 195.1 264.3 128.8 252.7 170.1 256.2 130.6 208.5 124.2 245.1 70.0 133.8 204.3 265.6 240.7 170.5 268.8 164.5 259.1 152.2 171.5 249.6 255.3 277.6 138.1 125.8 0.0 164.1
1460.6 60.6 273.2 226.8 249.9 156.7 260.3 195.2 32.3 232.3 51.2 240.0 171.7 241.0 355.4 307.5 46.9 278.1 314.4 163.2 266.3 229.2 317.2 113.8 327.5 314.7 307.9 241.5 356.9 333.5 286.0 295.4 241.5 348.7 375.6 274.1 266.2 360.7 40.0 123.0 306.3 274.1 243.8 292.1 256.2 237.7 249.6 240.1 243.0 303.9 69.9 283.3 183.0 158.1 354.0 236.7 262.0 304.4 324.7 234.1 320.3 19.0 330.3 51.1 265.5 226.8 306.1 208.4 141.5 265.3 384.8 355.4 285.2 338.2 257.1 320.6 209.2 272.1 316.4 364.0 361.1 195.8 212.0 133.9 0.0
