Name		0340_BED-Amazon_n99_m272_bt43
Number_of_Customers	99
Number_of_Items		272
Number_of_ItemTypes	43
Number_of_Vehicles	1
TimeWindows		0
Dist_type	manual

VEHICLE
Mass_Capacity	1208
CargoSpace_Length	174
CargoSpace_Width	97
CargoSpace_Height	105

CUSTOMERS
i	x	y	Demand	ReadyTime	DueDate	ServiceTime	DemandedMass	DemandedVolume
0	42.233353	-71.141617	0	0	0	0	0	0
1	42.333095	-71.036124	4	0	0	0	14.81	38515
2	42.331504	-71.03339	3	0	0	0	8.32	16440
3	42.332576	-71.029127	6	0	0	0	26.29	41387
4	42.335755	-71.028831	2	0	0	0	6.45	5988
5	42.330425	-71.035218	2	0	0	0	8.52	8980
6	42.332439	-71.041457	3	0	0	0	16.8	11220
7	42.333006	-71.04188	2	0	0	0	9.05	8248
8	42.334525	-71.034115	5	0	0	0	22.75	41020
9	42.331491	-71.034288	1	0	0	0	5.98	42480
10	42.334245	-71.037373	1	0	0	0	1.75	4608
11	42.333819	-71.042085	5	0	0	0	27.24	38064
12	42.334743	-71.037571	2	0	0	0	12.0	5020
13	42.337432	-71.029583	4	0	0	0	19.13	25720
14	42.334072	-71.027573	1	0	0	0	4.7	1380
15	42.334846	-71.030025	2	0	0	0	5.4	4020
16	42.333215	-71.028746	1	0	0	0	9.4	2760
17	42.334781	-71.034553	1	0	0	0	1.75	4608
18	42.334814	-71.03255	4	0	0	0	13.82	35756
19	42.332367	-71.030773	4	0	0	0	11.53	19490
20	42.331064	-71.030719	1	0	0	0	4.7	1380
21	42.33427	-71.029176	2	0	0	0	2.47	12065
22	42.335249	-71.038821	1	0	0	0	1.4	5280
23	42.332713	-71.033244	2	0	0	0	7.44	9155
24	42.333389	-71.043288	8	0	0	0	34.09	66459
25	42.33309	-71.036524	1	0	0	0	7.3	3640
26	42.333133	-71.034171	1	0	0	0	4.7	1380
27	42.334857	-71.029485	1	0	0	0	4.7	1380
28	42.330719	-71.031455	1	0	0	0	4.8	6200
29	42.332973	-71.043097	1	0	0	0	0.7	2640
30	42.332355	-71.031618	9	0	0	0	46.26	88756
31	42.332173	-71.04216	2	0	0	0	5.9	18648
32	42.3332	-71.03025	1	0	0	0	0.7	2640
33	42.336579	-71.030404	4	0	0	0	9.65	19392
34	42.335771	-71.027652	1	0	0	0	4.7	1380
35	42.332586	-71.035282	2	0	0	0	8.52	8980
36	42.336308	-71.031287	1	0	0	0	0.7	2640
37	42.333121	-71.034772	1	0	0	0	4.7	1380
38	42.333478	-71.041494	1	0	0	0	0.7	2640
39	42.333113	-71.035177	1	0	0	0	1.75	4608
40	42.332402	-71.028543	5	0	0	0	15.05	24575
41	42.332763	-71.026476	2	0	0	0	5.0	4800
42	42.333205	-71.029883	4	0	0	0	23.74	19083
43	42.333625	-71.030755	5	0	0	0	18.35	21526
44	42.332955	-71.043667	1	0	0	0	4.7	1380
45	42.334089	-71.026305	2	0	0	0	6.9	14120
46	42.331801	-71.02916	1	0	0	0	2.5	3978
47	42.33334	-71.04099	1	0	0	0	4.7	1380
48	42.333843	-71.040631	2	0	0	0	8.52	8980
49	42.332494	-71.04097	1	0	0	0	1.9	1176
50	42.330684	-71.033724	1	0	0	0	9.4	2760
51	42.332689	-71.031888	1	0	0	0	1.8	2520
52	42.330158	-71.032846	1	0	0	0	0.7	2640
53	42.335278	-71.029206	1	0	0	0	4.7	1380
54	42.332191	-71.040766	2	0	0	0	7.71	6924
55	42.331976	-71.041443	1	0	0	0	4.7	1380
56	42.334738	-71.03777	1	0	0	0	0.7	2640
57	42.332308	-71.034647	4	0	0	0	14.34	19420
58	42.335725	-71.030191	1	0	0	0	5.0	7956
59	42.331492	-71.034664	2	0	0	0	3.67	10601
60	42.331973	-71.028739	1	0	0	0	4.7	1380
61	42.333888	-71.032375	2	0	0	0	10.1	5400
62	42.333237	-71.02747	1	0	0	0	4.7	1380
63	42.33388	-71.027112	1	0	0	0	4.7	1380
64	42.334412	-71.036014	2	0	0	0	6.32	11578
65	42.333527	-71.024998	3	0	0	0	23.65	8580
66	42.334689	-71.025026	1	0	0	0	1.87	11310
67	42.332288	-71.035952	2	0	0	0	5.57	12208
68	42.330681	-71.034173	1	0	0	0	2.75	9072
69	42.334415	-71.031242	2	0	0	0	3.2	6618
70	42.335718	-71.030584	1	0	0	0	1.9	1176
71	42.334756	-71.036146	1	0	0	0	5.29	8075
72	42.335791	-71.026284	2	0	0	0	2.85	3720
73	42.331508	-71.032739	2	0	0	0	6.75	12564
74	42.334188	-71.041523	3	0	0	0	9.48	8181
75	42.333613	-71.03531	1	0	0	0	1.9	1176
76	42.333493	-71.044203	1	0	0	0	9.4	2760
77	42.331491	-71.034288	2	0	0	0	10.56	36220
78	42.334051	-71.028613	1	0	0	0	1.4	5280
79	42.333381	-71.033268	4	0	0	0	19.7	22452
80	42.333189	-71.030823	3	0	0	0	26.8	34480
81	42.33352	-71.036738	2	0	0	0	10.72	12468
82	42.334829	-71.031553	7	0	0	0	44.0	66480
83	42.334915	-71.02578	2	0	0	0	11.9	6738
84	42.335146	-71.037409	1	0	0	0	4.66	4350
85	42.334893	-71.027002	2	0	0	0	5.4	4020
86	42.331497	-71.033702	5	0	0	0	21.6	36332
87	42.334034	-71.029542	6	0	0	0	21.65	25346
88	42.331776	-71.040859	1	0	0	0	4.7	1380
89	42.336629	-71.026616	1	0	0	0	1.4	5280
90	42.331973	-71.028739	1	0	0	0	2.94	14904
91	42.331383	-71.040797	1	0	0	0	0.81	5280
92	42.334001	-71.031693	1	0	0	0	2.91	13520
93	42.334886	-71.027577	6	0	0	0	30.3	34574
94	42.334056	-71.033283	2	0	0	0	6.85	2460
95	42.333929	-71.036127	6	0	0	0	29.3	58084
96	42.333267	-71.026202	2	0	0	0	10.15	42835
97	42.335738	-71.02961	1	0	0	0	0.7	2640
98	42.333522	-71.039935	4	0	0	0	25.71	36464
99	42.333267	-71.026202	1	0	0	0	2.11	11745

ITEMS
Type	Length	Width	Height	Mass	Fragility	LoadBearingStrength
Bt1	10	10	10	14.15	1	0
Bt2	18	12	5	2.15	1	0
Bt3	21	14	4	1.9	1	0
Bt4	23	15	4	4.7	1	0
Bt5	20	18	7	1.8	1	0
Bt6	15	11	16	0.7	1	0
Bt7	34	10	10	1.59	1	0
Bt8	20	14	13	7.3	1	0
Bt9	17	13	18	2.5	1	0
Bt10	29	15	10	4.66	1	0
Bt11	24	12	16	1.75	1	0
Bt12	30	11	16	0.81	1	0
Bt13	40	15	9	4.21	1	0
Bt14	28	22	9	3.01	1	0
Bt15	25	15	15	2.881	1	0
Bt16	29	16	13	2.1	1	0
Bt17	31	20	10	4.8	1	0
Bt18	30	17	13	2.08	1	0
Bt19	40	19	10	3.82	1	0
Bt20	41	12	16	2.61	1	0
Bt21	25	19	17	5.29	1	0
Bt22	22	15	26	3.816	1	0
Bt23	28	18	18	2.75	1	0
Bt24	29	25	13	1.77	1	0
Bt25	50	20	10	4.73	1	0
Bt26	40	20	13	2.6	1	0
Bt27	39	29	10	1.866	1	0
Bt28	29	27	15	2.11	1	0
Bt29	27	23	20	2.92	1	0
Bt30	26	20	26	2.91	1	0
Bt31	34	17	24	1.8	1	0
Bt32	39	24	15	4.15	1	0
Bt33	27	23	24	2.94	1	0
Bt34	40	29	14	2.71	1	0
Bt35	39	27	16	7.63	1	0
Bt36	32	32	19	5.4	1	0
Bt37	37	20	27	7.85	1	0
Bt38	30	20	35	6.678	1	0
Bt39	41	29	18	4.295	1	0
Bt40	41	20	29	3.42	1	0
Bt41	58	40	11	12.6	1	0
Bt42	39	29	32	7.63	1	0
Bt43	59	40	18	5.982	1	0

DEMANDS PER CUSTOMER
i	Type Quantity
1	Bt21 1	Bt40 1	Bt6 2	Bt4 1	
2	Bt6 1	Bt29 1	Bt4 1	
3	Bt26 1	Bt17 1	Bt16 1	Bt4 2	Bt6 3	Bt21 1	
4	Bt11 1	Bt4 1	
5	Bt19 1	Bt4 1	
6	Bt17 1	Bt8 1	Bt4 1	
7	Bt11 1	Bt8 1	
8	Bt26 1	Bt6 1	Bt2 1	Bt4 1	Bt41 1	
9	Bt43 1	
10	Bt11 1	
11	Bt33 1	Bt4 2	Bt6 4	Bt8 1	Bt17 1	
12	Bt8 1	Bt4 1	
13	Bt8 1	Bt9 2	Bt14 1	Bt22 1	
14	Bt4 1	
15	Bt6 1	Bt4 1	
16	Bt4 2	
17	Bt11 1	
18	Bt9 2	Bt4 1	Bt40 1	Bt6 1	
19	Bt26 1	Bt4 1	Bt2 1	Bt18 1	
20	Bt4 1	
21	Bt24 1	Bt6 1	
22	Bt6 2	
23	Bt2 1	Bt21 1	
24	Bt7 1	Bt4 1	Bt21 1	Bt35 1	Bt6 2	Bt38 1	Bt9 2	Bt5 1	
25	Bt8 1	
26	Bt4 1	
27	Bt4 1	
28	Bt17 1	
29	Bt6 1	
30	Bt17 1	Bt6 1	Bt4 2	Bt43 1	Bt30 1	Bt22 1	Bt1 1	Bt3 1	Bt26 1	
31	Bt32 1	Bt11 1	
32	Bt6 1	
33	Bt6 3	Bt2 1	Bt11 2	Bt3 1	
34	Bt4 1	
35	Bt4 1	Bt19 1	
36	Bt6 1	
37	Bt4 1	
38	Bt6 1	
39	Bt11 1	
40	Bt21 1	Bt4 1	Bt11 1	Bt6 1	Bt20 1	
41	Bt6 1	Bt2 2	
42	Bt4 2	Bt8 1	Bt21 1	Bt11 1	
43	Bt9 1	Bt8 1	Bt4 1	Bt11 1	Bt6 3	
44	Bt4 1	
45	Bt17 1	Bt6 3	
46	Bt9 1	
47	Bt4 1	
48	Bt19 1	Bt4 1	
49	Bt3 1	
50	Bt4 2	
51	Bt5 1	
52	Bt6 1	
53	Bt4 1	
54	Bt4 1	Bt14 1	
55	Bt4 1	
56	Bt6 1	
57	Bt25 1	Bt13 1	Bt6 1	Bt4 1	
58	Bt9 2	
59	Bt24 1	Bt3 1	
60	Bt4 1	
61	Bt6 1	Bt4 2	
62	Bt4 1	
63	Bt4 1	
64	Bt19 1	Bt9 1	
65	Bt17 1	Bt4 1	Bt1 1	
66	Bt27 1	
67	Bt19 1	Bt11 1	
68	Bt23 1	
69	Bt6 1	Bt9 1	
70	Bt3 1	
71	Bt21 1	
72	Bt2 1	Bt6 1	
73	Bt9 2	Bt11 1	
74	Bt15 1	Bt4 1	Bt3 1	
75	Bt3 1	
76	Bt4 2	
77	Bt34 1	Bt37 1	
78	Bt6 2	
79	Bt4 2	Bt9 2	Bt11 2	Bt5 1	
80	Bt17 1	Bt4 2	Bt41 1	
81	Bt14 2	Bt4 1	
82	Bt6 2	Bt4 3	Bt39 1	Bt5 1	Bt8 1	Bt41 1	Bt9 1	
83	Bt4 2	Bt9 1	
84	Bt10 1	
85	Bt4 1	Bt6 1	
86	Bt11 2	Bt36 1	Bt6 1	Bt8 1	Bt4 1	
87	Bt6 2	Bt4 2	Bt17 1	Bt5 1	Bt11 1	Bt9 1	
88	Bt4 1	
89	Bt6 2	
90	Bt33 1	
91	Bt12 1	
92	Bt30 1	
93	Bt4 3	Bt31 1	Bt8 1	Bt14 1	Bt9 1	Bt7 1	
94	Bt2 1	Bt4 1	
95	Bt8 1	Bt3 1	Bt14 2	Bt11 1	Bt4 1	Bt42 1	
96	Bt28 3	Bt19 1	
97	Bt6 1	
98	Bt4 2	Bt14 1	Bt6 1	Bt41 1	
99	Bt28 1	

DISTANCE MATRIX
0.0 2299.2 2268.8 2341.9 2389.9 2206.9 2396.8 2393.2 2331.6 2253.1 2414.1 2371.4 2409.1 2429.7 2383.7 2356.5 2339.3 2327.4 2359.6 2277.8 2240.4 2388.7 2370.0 2322.7 2363.5 2303.7 2291.1 2364.9 2241.9 2361.6 2289.4 2355.3 2312.6 2395.8 2403.4 2256.6 2369.6 2280.6 2367.7 2273.6 2313.4 2291.3 2318.5 2322.7 2352.3 2356.3 2264.8 2439.4 2392.0 2419.0 2245.5 2349.9 2217.7 2400.9 2385.8 2380.2 2415.0 2265.4 2373.5 2246.5 2259.3 2366.5 2366.3 2401.2 2450.0 2307.6 2325.2 2278.2 2236.3 2322.1 2369.0 2335.2 2422.3 2280.3 2352.2 2281.4 2315.8 2253.1 2364.4 2337.6 2300.3 2428.8 2352.7 2352.7 2391.3 2378.3 2261.5 2346.1 2405.4 2408.0 2259.3 2328.9 2335.1 2407.5 2367.0 2315.5 2348.6 2380.1 2351.0 2348.6
2182.9 0.0 100.4 151.1 195.7 83.7 131.0 101.8 98.4 123.5 224.9 151.6 128.3 235.5 197.6 170.4 133.9 91.1 122.0 134.7 190.3 202.6 180.8 67.1 259.0 7.4 36.8 178.8 181.0 122.9 113.6 149.8 108.5 201.6 217.3 32.1 183.5 26.3 165.3 19.3 164.7 202.4 116.8 128.5 132.8 226.2 178.9 195.6 125.1 157.6 128.2 98.6 158.0 214.8 125.0 136.8 135.5 63.0 179.3 83.8 193.4 106.7 162.2 215.1 151.1 262.4 276.2 47.7 145.6 136.0 182.9 98.9 236.2 115.3 195.5 45.1 215.5 122.2 178.3 104.8 96.2 192.3 165.3 288.3 202.1 311.2 105.2 138.5 159.0 290.6 193.4 143.6 149.0 209.0 130.7 171.1 177.4 194.0 78.5 185.5
2150.7 105.3 0.0 158.2 196.0 117.2 246.4 224.8 148.2 14.9 203.9 259.5 182.5 235.8 189.8 162.6 145.4 144.0 176.2 83.9 78.3 192.1 282.6 139.3 368.2 120.3 107.7 171.0 87.0 245.9 103.9 243.6 118.7 201.9 209.5 73.7 175.7 97.2 270.3 90.2 120.7 133.3 128.3 128.8 255.8 215.3 86.8 300.6 228.9 215.6 42.3 156.0 64.0 207.0 191.2 218.8 188.4 82.8 179.6 24.1 93.6 172.6 172.4 207.3 202.3 188.1 206.3 94.8 51.6 128.2 175.1 151.8 228.4 11.4 292.9 98.0 320.5 10.6 177.0 165.8 106.4 224.2 158.8 280.5 307.1 300.0 4.8 141.6 217.0 280.3 93.6 142.8 141.2 202.5 141.3 136.2 189.9 186.2 187.7 189.9
2172.8 170.4 107.4 0.0 170.0 133.6 301.5 279.9 206.3 122.4 266.8 314.6 245.4 209.8 163.8 136.6 119.4 186.9 150.4 36.2 57.8 166.1 344.1 149.1 423.3 185.4 140.8 145.0 70.8 301.0 51.5 254.1 92.7 175.9 183.5 131.3 149.7 152.0 325.4 148.3 28.2 65.9 98.6 149.3 310.9 189.3 30.8 355.7 284.0 255.9 114.3 130.0 93.3 181.0 223.3 259.1 251.3 137.6 153.6 130.8 45.3 146.6 146.4 181.3 266.9 120.7 138.9 134.9 123.6 101.9 149.1 214.7 202.4 96.2 351.2 156.1 352.2 118.0 144.5 173.1 80.4 288.0 132.8 255.7 365.4 274.0 112.2 115.6 257.3 256.8 45.3 224.2 115.2 176.5 197.4 203.8 122.5 160.2 246.0 122.5
2284.9 176.9 229.3 106.1 0.0 251.4 285.1 281.5 206.9 244.3 180.3 263.2 176.9 72.3 80.9 98.5 129.2 118.8 144.5 179.8 179.7 56.9 186.9 146.6 332.3 191.9 156.3 93.3 192.7 302.6 195.1 341.3 109.3 69.9 13.4 176.6 45.3 167.5 256.0 175.0 143.9 129.3 99.7 164.3 312.5 98.4 152.7 319.9 248.2 321.3 236.2 173.5 207.6 31.1 288.7 298.5 182.8 216.3 15.8 252.7 145.9 144.3 102.2 72.4 197.1 89.8 72.3 200.3 245.5 117.6 20.1 146.6 32.3 218.1 238.7 155.8 304.6 244.3 101.5 128.2 121.6 240.9 126.9 81.7 157.5 107.3 234.1 74.0 322.7 93.4 145.9 336.3 112.9 58.5 123.6 168.0 116.4 9.5 267.3 116.4
2099.1 81.7 67.5 195.3 232.4 0.0 236.1 216.0 130.3 46.1 180.3 243.5 164.6 293.4 230.6 198.7 188.2 120.4 152.6 133.0 108.7 226.0 272.3 121.4 352.2 96.7 84.1 204.9 93.7 235.6 110.6 233.3 155.8 259.5 245.9 50.1 227.6 73.6 260.0 66.6 164.1 187.9 164.1 221.8 245.5 256.1 135.7 290.3 218.6 205.3 44.2 145.9 88.7 243.4 180.9 208.5 164.8 56.0 216.0 40.0 142.5 155.4 209.5 248.1 178.7 185.7 203.9 76.9 29.3 183.0 211.5 128.2 268.3 73.3 282.6 74.4 286.8 49.0 217.8 142.2 151.2 196.8 170.2 318.1 296.8 336.4 54.5 193.0 206.7 332.2 142.5 150.5 154.1 236.4 117.7 112.6 232.8 222.6 177.4 232.8
2110.5 158.8 194.7 310.0 343.4 188.8 0.0 141.2 238.7 179.0 246.3 175.9 241.3 393.3 347.3 320.1 297.2 234.5 266.7 223.4 271.0 352.3 202.2 230.4 284.6 154.0 198.8 328.5 256.0 162.3 192.5 56.1 270.5 359.4 356.9 193.5 333.2 188.3 186.7 181.3 260.2 297.9 276.2 332.8 172.2 372.8 280.8 217.0 145.3 70.1 200.8 260.6 251.0 354.4 36.9 13.3 247.2 155.3 327.0 172.9 288.4 276.8 324.2 364.8 280.5 352.7 415.8 125.5 191.6 285.4 322.5 275.4 379.3 206.2 209.3 220.0 236.9 179.0 328.0 263.8 258.2 172.0 316.3 425.2 223.5 450.8 187.4 299.1 56.5 440.3 288.4 54.3 275.7 360.0 274.1 191.3 347.5 333.6 104.1 347.5
2122.3 111.4 211.9 252.9 304.3 192.8 25.8 0.0 200.2 204.2 205.7 135.3 200.7 347.0 301.0 276.0 240.1 194.5 226.7 240.9 293.7 303.3 158.4 171.8 211.5 95.4 140.2 282.2 281.9 21.0 225.1 82.0 211.9 313.1 316.3 134.9 286.9 129.7 146.1 122.7 276.2 315.4 220.2 288.0 30.9 328.0 282.3 176.4 104.7 96.0 226.7 202.0 261.4 313.8 54.9 39.2 206.6 170.5 286.4 198.1 296.8 218.2 265.6 318.5 239.9 365.8 375.2 145.4 217.5 239.1 281.9 234.8 338.7 226.8 168.7 179.4 72.2 207.1 288.2 224.7 201.6 173.5 270.0 388.5 182.9 406.8 212.6 263.4 82.4 391.5 296.8 80.2 235.1 324.8 198.7 150.7 288.9 293.0 65.0 288.9
2246.9 109.9 110.7 168.2 148.3 213.4 241.0 219.4 0.0 125.7 186.6 211.7 165.2 188.1 158.6 96.9 155.4 126.7 158.9 138.2 192.5 129.1 256.0 70.6 320.4 124.9 80.3 105.3 183.2 240.5 107.3 256.8 128.7 154.2 161.8 134.5 128.0 91.5 222.5 99.0 175.0 212.7 134.6 144.1 250.4 184.1 195.6 252.8 181.1 258.6 138.5 118.8 160.2 159.3 226.0 254.4 171.1 140.3 131.9 134.1 207.8 77.7 182.4 176.1 185.0 223.4 220.7 137.6 147.8 114.7 127.4 134.5 184.2 125.6 263.1 120.6 272.7 121.3 145.8 52.2 116.4 143.0 70.6 230.1 277.3 252.3 115.5 110.4 260.0 232.6 207.8 253.6 82.1 136.8 35.3 100.9 205.7 138.5 200.3 205.7
2166.4 100.8 15.6 163.7 211.7 68.0 231.4 209.8 133.2 0.0 188.9 241.0 167.5 251.5 205.5 178.3 161.1 129.0 161.2 99.6 94.0 210.5 270.8 124.3 353.2 105.3 92.7 186.7 102.7 230.9 111.2 198.8 134.4 217.6 225.2 58.2 191.4 82.2 255.3 75.2 137.2 148.3 140.3 144.5 240.8 231.0 102.5 285.6 215.1 200.6 58.0 154.5 79.7 222.7 168.0 203.8 173.4 67.0 195.3 9.1 109.3 158.3 188.1 223.0 189.0 204.4 222.0 79.8 67.3 143.9 190.8 136.8 244.1 27.1 279.7 83.0 305.5 0.0 186.2 139.2 122.1 163.3 174.5 293.5 292.1 319.1 8.3 167.9 202.0 298.5 109.3 127.8 156.9 229.3 168.6 117.1 205.6 201.9 174.1 205.6
2215.6 68.0 169.7 209.0 237.0 153.0 136.4 114.8 124.8 154.0 0.0 97.8 184.7 276.8 212.8 203.6 206.4 120.6 152.8 191.6 248.1 235.8 145.6 139.6 210.0 63.2 108.0 212.0 233.7 135.9 160.7 150.8 179.7 242.9 250.5 101.4 216.7 97.5 112.1 90.5 229.2 265.4 185.6 207.8 145.8 238.3 249.0 142.4 71.9 152.6 178.5 169.8 223.4 248.0 120.0 149.8 190.6 122.7 220.6 147.4 263.4 131.9 233.4 230.3 225.6 277.0 309.4 93.7 169.3 169.2 216.1 128.4 269.4 181.2 154.5 80.6 162.3 154.0 193.5 112.8 169.4 14.6 199.8 318.8 166.9 344.4 162.4 164.6 154.0 323.8 263.4 138.6 136.3 243.5 160.2 57.3 256.7 227.2 97.1 256.7
2142.2 146.9 249.3 296.5 289.9 226.6 54.5 50.9 192.7 233.6 192.8 0.0 187.8 344.7 280.7 271.5 285.3 188.5 220.7 277.5 325.6 301.0 145.5 210.7 108.6 142.1 186.9 279.9 310.6 72.0 263.2 110.7 258.6 324.6 303.4 169.3 284.6 176.4 25.4 169.4 314.3 352.0 264.5 266.2 81.9 306.2 327.4 79.1 31.7 124.7 255.4 248.7 300.3 300.9 83.6 67.9 193.7 208.6 273.5 227.0 341.9 199.8 312.3 298.2 228.7 345.5 362.3 179.6 246.2 237.1 269.0 221.9 322.3 260.8 155.8 148.5 80.9 233.6 261.4 192.3 246.3 100.5 267.7 374.4 170.0 393.9 243.9 232.5 111.1 389.2 341.9 108.9 204.2 311.4 228.1 119.8 335.6 280.1 110.2 335.6
2250.7 100.2 184.8 223.5 193.5 157.2 159.8 138.2 83.6 177.4 23.3 124.7 0.0 233.3 225.7 144.3 228.7 66.0 98.2 212.3 266.6 171.6 169.0 144.7 233.4 86.6 131.4 150.5 257.1 159.3 198.0 204.0 202.8 199.4 207.0 99.3 173.2 120.9 135.5 113.9 249.1 286.8 208.7 193.2 169.2 251.2 254.4 165.8 94.1 176.0 201.9 192.9 234.3 204.5 151.6 173.2 5.8 143.7 177.1 170.8 268.9 151.8 255.7 233.6 41.1 283.4 265.9 117.1 192.7 188.8 172.6 36.0 225.9 199.7 176.1 79.1 185.7 177.4 212.9 126.3 192.5 80.1 115.8 275.3 190.3 297.5 185.8 184.5 177.4 280.3 268.9 162.0 156.2 193.1 121.7 75.3 279.0 183.7 119.1 279.0
2313.7 256.2 248.3 140.8 115.6 274.5 379.7 358.1 266.2 263.3 252.1 347.0 230.7 0.0 143.0 89.7 146.0 172.2 135.7 177.1 198.7 88.9 236.4 218.0 385.0 263.6 219.0 84.5 211.7 379.2 192.4 424.8 144.0 59.8 102.7 272.2 74.6 230.2 308.7 237.7 169.1 193.5 134.4 199.0 389.1 168.1 171.7 388.1 316.4 396.8 255.2 208.2 234.2 65.8 364.2 393.1 236.6 278.5 68.5 271.7 186.2 179.0 171.9 142.1 250.5 153.4 136.5 275.8 264.5 152.6 72.8 200.0 136.5 237.1 291.4 208.5 357.3 258.9 130.2 199.6 154.3 266.8 118.1 145.9 210.2 168.1 253.1 108.7 398.2 91.3 186.2 365.1 147.6 128.2 182.9 236.2 180.6 62.2 339.0 180.6
2229.9 205.6 174.3 80.5 152.3 196.4 318.8 304.6 198.1 189.3 249.1 275.4 227.7 192.1 0.0 118.9 74.2 169.2 132.7 124.8 124.7 151.1 323.2 155.8 387.6 210.1 165.5 127.3 137.7 325.7 140.1 334.3 93.9 158.2 165.8 219.2 132.0 176.7 289.7 184.2 88.1 86.0 88.0 148.9 335.6 25.4 97.7 320.0 249.5 336.1 181.2 158.1 152.6 163.3 303.5 332.2 233.6 196.5 135.9 198.5 90.9 110.9 47.2 17.4 249.2 64.1 74.2 222.8 190.5 84.5 131.4 197.0 184.7 163.1 332.1 205.8 339.9 189.3 20.5 125.8 104.2 210.2 115.1 101.7 344.5 127.3 179.1 40.6 337.5 239.1 90.9 281.3 79.5 169.9 179.7 164.0 64.0 142.5 286.9 64.0
2254.2 165.7 168.3 79.1 81.7 215.0 296.8 276.7 186.7 181.5 160.5 261.9 139.1 121.5 83.5 0.0 84.3 80.6 45.9 115.4 139.2 29.4 303.0 128.2 370.6 180.7 136.1 8.4 152.2 296.3 130.7 341.2 84.5 87.6 95.2 190.3 61.4 147.3 272.7 154.8 107.4 145.1 76.2 137.3 306.2 106.8 112.2 303.0 231.3 313.2 193.5 148.7 174.7 92.7 288.8 310.2 145.0 170.1 65.3 189.9 126.7 117.3 113.5 91.4 158.9 146.1 154.1 193.4 203.6 92.8 60.8 108.4 117.6 177.6 315.1 176.4 342.9 177.1 70.7 108.0 96.8 217.3 26.5 167.4 191.6 185.7 173.1 47.0 314.6 166.0 126.7 299.2 88.1 37.6 103.4 156.7 134.6 71.9 256.1 136.8
2214.3 131.2 148.9 41.4 148.8 180.8 262.3 240.7 192.1 163.9 245.6 293.4 224.2 188.6 142.6 115.4 0.0 165.7 129.2 77.7 99.3 144.9 316.5 109.9 402.1 146.2 101.6 123.8 112.3 261.8 101.4 288.7 26.6 154.7 162.3 172.8 128.5 112.8 304.2 120.3 69.7 86.1 17.0 128.1 271.7 168.1 72.3 334.5 264.0 296.5 155.8 90.8 134.8 159.8 272.1 275.7 230.1 153.1 132.4 172.3 86.8 103.0 27.0 160.1 244.0 91.4 109.6 176.4 165.1 80.7 127.9 193.5 184.7 137.7 326.8 141.9 313.0 163.9 129.8 151.9 36.9 224.7 111.6 137.1 341.0 162.7 153.7 105.0 297.9 233.1 86.8 265.7 94.0 166.4 176.2 182.6 50.2 139.0 221.6 50.2
2254.9 128.4 118.7 147.2 127.4 129.6 216.3 194.7 120.7 133.7 79.8 177.7 58.4 167.2 159.6 76.0 162.6 0.0 32.1 146.2 200.5 108.2 225.5 78.6 289.9 132.9 88.3 84.4 191.2 215.8 131.9 230.7 136.7 133.3 140.9 78.0 107.1 99.5 192.0 107.0 183.8 220.0 142.6 164.8 225.7 185.1 188.3 222.3 151.8 232.5 146.5 126.8 168.2 138.4 199.9 229.7 64.3 119.3 111.0 142.9 202.8 85.7 189.6 167.5 79.9 216.7 199.8 145.6 155.8 123.0 106.5 27.7 159.8 133.6 234.4 57.2 242.2 133.7 140.3 48.6 124.4 94.5 49.7 209.2 125.5 234.8 123.5 118.4 233.9 214.2 202.8 218.5 90.1 115.9 43.3 104.8 212.9 117.6 177.0 212.9
2258.5 129.1 122.3 125.2 95.2 171.8 252.6 232.5 142.5 137.3 116.3 217.7 94.9 135.0 127.4 43.8 130.4 36.4 0.0 149.8 183.1 73.3 258.8 82.2 326.4 136.5 91.9 52.2 194.8 252.1 135.5 297.0 128.4 101.1 108.7 145.6 74.9 103.1 228.5 110.6 154.5 191.2 122.2 168.4 262.0 152.9 156.1 258.8 187.1 269.0 150.1 130.4 171.8 106.2 236.4 266.0 100.8 151.9 78.8 145.7 170.6 89.3 157.4 135.3 114.7 185.1 167.6 149.2 159.4 126.3 74.3 64.2 131.1 137.2 269.1 132.2 298.7 137.3 114.6 63.8 128.0 131.0 17.5 177.0 162.0 202.6 127.1 103.7 270.4 179.5 170.6 255.0 93.7 83.7 59.2 112.5 180.7 85.4 211.9 180.7
2199.3 134.1 89.7 95.9 133.7 160.1 265.2 243.6 170.0 104.7 230.5 278.3 209.1 173.5 127.5 100.3 83.1 150.6 114.1 0.0 84.3 129.8 304.6 112.8 387.0 149.1 104.5 108.7 97.3 264.7 32.8 217.8 56.4 139.6 147.2 95.5 113.4 115.7 289.1 112.0 36.7 74.4 64.7 66.5 274.6 153.0 57.3 319.4 248.9 219.6 117.5 93.7 119.8 144.7 187.0 222.8 215.0 101.3 117.3 113.9 71.8 110.3 110.1 145.0 228.9 129.2 147.4 98.6 126.8 65.9 112.8 178.4 169.6 104.6 314.9 119.8 315.9 104.7 114.7 136.8 44.1 209.6 96.5 219.4 329.1 241.1 94.5 79.3 221.0 218.0 71.8 223.6 78.9 140.2 161.1 167.5 131.0 123.9 209.7 131.0
2148.2 183.0 80.4 124.1 172.1 114.7 285.2 263.6 208.1 95.4 268.9 294.8 247.5 211.9 165.9 138.7 121.5 189.0 152.5 60.0 0.0 170.9 324.6 151.2 407.0 187.5 142.9 147.1 12.9 284.7 71.6 252.6 94.8 178.0 185.6 133.1 151.8 154.1 309.1 150.1 97.6 72.7 100.7 104.9 294.6 191.4 26.9 339.4 268.9 254.4 56.4 132.1 35.4 183.1 221.8 257.6 253.4 128.7 155.7 104.6 33.7 148.7 148.5 183.4 269.0 128.8 146.4 155.0 65.7 104.3 151.2 216.8 204.5 69.2 333.5 157.9 359.3 95.4 146.6 163.6 82.5 248.0 134.9 253.9 345.9 279.5 85.2 128.3 255.8 258.9 33.7 199.6 117.3 178.6 199.5 201.8 130.0 162.3 227.9 130.0
2222.0 156.9 156.6 49.1 128.7 182.8 288.0 267.9 177.2 171.6 225.5 258.0 204.1 168.5 51.3 97.5 57.0 145.6 109.1 88.1 107.0 0.0 296.4 132.2 364.0 171.9 127.3 103.7 120.0 287.5 100.7 333.1 52.3 134.6 142.2 181.0 108.4 138.5 266.1 146.0 77.4 115.1 44.0 107.3 297.4 76.8 80.0 296.4 224.7 305.1 163.5 116.5 142.5 139.7 280.7 301.4 210.0 160.8 112.3 180.0 94.5 90.0 81.3 68.8 223.9 118.8 125.6 184.1 172.8 60.6 107.8 173.4 164.6 145.4 306.7 167.6 336.3 167.2 38.5 113.8 64.6 228.7 91.5 213.2 320.9 232.7 161.4 43.0 306.5 213.0 94.5 273.4 55.9 137.9 91.2 144.5 104.6 118.9 250.0 104.6
2262.1 125.7 216.2 260.6 233.8 194.3 186.1 162.8 120.7 200.5 46.4 147.8 42.2 270.4 259.3 181.4 256.1 103.1 138.5 241.3 294.6 208.7 0.0 185.0 256.5 109.7 154.5 187.6 280.2 182.4 227.0 227.1 226.2 236.5 244.1 136.4 210.3 144.0 158.6 137.0 274.9 312.6 234.5 257.5 192.3 288.0 291.5 188.9 117.2 199.1 225.0 216.3 269.9 241.6 174.7 196.3 44.9 170.0 217.4 194.4 306.0 178.4 279.9 270.7 78.2 320.5 303.0 140.2 215.8 215.4 209.7 73.1 266.5 227.7 202.4 116.2 228.8 203.4 246.5 163.4 217.1 103.2 152.9 316.3 213.4 334.6 208.9 224.9 200.5 314.9 306.0 185.1 182.8 230.2 146.4 98.4 303.2 220.8 145.4 303.2
2176.2 101.8 40.0 159.8 197.6 137.0 236.7 216.6 138.3 55.0 194.0 249.8 172.6 237.4 191.4 164.2 147.0 134.1 166.3 67.5 121.8 193.7 272.9 0.0 358.5 110.4 97.8 172.6 112.5 236.2 36.6 186.1 120.3 203.5 211.1 63.8 177.3 87.3 260.6 80.3 104.3 142.0 128.6 130.4 246.1 216.9 124.9 290.9 219.2 187.9 67.8 116.2 89.5 208.6 155.3 191.1 178.5 40.6 181.2 64.2 137.1 132.4 174.0 208.9 192.4 196.8 215.0 66.9 77.1 129.8 176.7 141.9 233.5 54.9 283.2 88.1 310.8 50.6 178.6 155.9 108.0 168.4 160.4 282.1 297.4 305.0 44.8 143.2 189.3 281.9 137.1 182.9 142.8 204.1 131.4 126.3 197.3 187.8 178.0 197.3
2201.5 183.3 285.7 334.5 385.9 270.2 90.9 87.3 281.8 270.0 288.8 218.4 283.8 430.1 384.1 356.9 321.7 277.6 309.8 314.4 362.0 386.4 241.5 254.9 0.0 178.5 223.3 365.3 347.0 108.4 283.5 112.1 295.0 396.2 399.4 218.6 370.0 212.8 229.2 205.8 351.2 388.9 277.9 323.1 118.3 409.6 365.4 259.5 187.8 161.1 291.8 285.1 342.0 396.9 120.0 104.3 289.7 278.3 369.5 263.9 379.4 301.3 348.7 401.6 323.0 448.9 458.3 216.5 282.6 322.5 365.0 317.9 418.3 297.2 251.8 262.5 252.7 270.0 364.8 306.3 282.7 256.6 353.1 467.7 266.0 489.9 278.4 323.2 147.5 474.6 379.4 145.3 318.2 396.8 281.8 230.7 372.0 376.1 146.6 372.0
2190.8 4.8 116.4 145.7 211.7 91.6 116.0 94.4 103.2 131.4 217.5 143.6 212.5 251.5 205.5 178.3 143.1 99.0 131.2 143.9 198.2 210.5 173.4 76.3 255.8 0.0 44.7 186.7 188.9 115.5 129.6 142.4 116.4 217.6 225.2 40.0 191.4 34.2 157.9 27.2 181.5 217.7 122.3 144.5 125.4 231.0 186.8 188.2 117.7 150.2 144.2 106.5 165.9 222.7 117.6 129.4 218.4 70.9 195.3 91.7 201.3 122.7 170.1 223.0 159.0 269.7 284.1 63.7 153.5 143.9 190.8 106.8 244.1 131.3 182.3 53.0 208.1 131.4 186.2 109.2 104.1 143.2 174.5 293.5 194.7 319.1 121.2 167.9 151.6 298.5 201.3 136.2 156.9 229.3 138.6 167.9 193.4 201.9 76.7 193.4
2207.8 40.0 71.6 100.9 166.9 98.8 160.6 139.0 90.4 86.6 146.1 188.2 124.7 206.7 160.7 133.5 98.3 86.2 118.4 99.1 153.4 165.7 218.0 31.5 300.4 44.5 0.0 141.9 144.1 160.1 68.2 187.0 71.6 172.8 180.4 47.2 146.6 11.1 202.5 18.6 136.7 172.9 77.5 99.7 170.0 186.2 142.0 232.8 162.3 194.8 99.4 61.7 121.1 177.9 162.2 174.0 130.6 72.2 150.5 95.8 156.5 77.9 125.3 178.2 146.2 224.9 239.3 98.5 108.7 99.1 146.0 94.0 199.3 86.5 226.9 40.2 252.7 86.6 141.4 96.4 59.3 120.5 129.7 248.7 239.3 274.3 76.4 112.5 196.2 253.7 156.5 180.8 112.1 173.4 125.8 74.3 148.6 157.1 121.3 148.6
2245.8 183.2 173.5 62.7 88.7 212.3 303.8 282.2 193.7 188.5 167.5 265.4 146.1 128.5 75.1 6.9 78.1 87.6 51.1 109.2 130.8 23.7 313.2 133.4 377.6 187.7 143.1 0.0 143.8 303.3 132.9 318.4 76.1 94.6 102.2 196.8 68.4 154.3 279.7 161.8 102.0 138.2 70.2 131.1 313.2 100.6 103.8 310.0 239.5 320.2 187.3 140.3 166.3 99.7 287.6 317.2 152.0 174.1 72.3 197.7 118.3 111.1 105.1 83.0 167.6 139.3 161.1 200.4 196.6 84.7 67.8 115.4 121.1 169.2 322.1 183.4 329.9 188.5 55.8 103.4 88.4 182.2 33.5 170.5 198.6 196.1 178.3 40.8 321.6 175.5 118.3 297.2 79.7 42.5 98.1 159.6 128.4 78.9 264.5 128.4
2138.5 193.3 81.1 134.4 182.4 102.5 275.5 253.9 195.1 96.1 279.2 285.1 257.8 222.2 176.2 149.0 131.8 190.9 162.8 70.3 14.9 181.2 314.9 161.5 397.3 197.8 153.2 157.4 0.0 275.0 99.5 242.9 105.1 188.3 195.9 120.1 162.1 144.1 299.4 137.1 107.9 87.7 111.0 115.2 284.9 201.7 41.9 329.7 259.2 244.7 43.4 142.4 22.4 193.4 212.1 247.9 263.7 128.9 166.0 105.3 48.7 159.0 158.8 193.7 279.3 143.8 161.4 165.3 52.7 114.6 161.5 227.1 214.8 69.9 323.8 144.9 349.6 96.1 156.9 173.9 92.8 258.3 145.2 264.2 336.2 289.8 85.9 128.0 246.1 269.2 48.7 189.9 127.6 200.0 209.8 212.1 145.0 172.6 218.2 145.0
2101.2 121.2 232.9 262.2 323.8 208.1 46.8 20.9 219.7 225.2 226.7 152.8 221.7 368.0 322.0 294.8 259.6 215.5 247.7 260.4 314.7 327.0 182.6 192.8 191.9 116.4 161.2 303.2 302.9 0.0 229.5 73.2 232.9 334.1 337.3 156.5 307.9 150.7 167.1 143.7 298.0 334.2 238.8 261.0 9.9 347.5 303.3 197.4 126.9 117.0 247.7 223.0 282.4 334.8 83.8 60.2 227.6 193.9 307.4 218.6 317.8 239.2 286.6 339.5 262.6 386.2 396.2 164.9 238.5 260.4 302.9 255.8 356.2 247.8 191.5 200.4 144.2 225.2 302.7 232.6 220.6 152.4 291.0 405.6 203.9 431.2 233.6 273.8 103.4 415.0 317.8 101.2 256.1 334.7 255.1 177.1 309.9 314.0 85.9 309.9
2210.6 127.4 66.0 123.1 160.9 129.2 235.5 230.5 154.7 71.8 192.8 257.8 171.4 184.1 138.1 129.7 101.8 132.9 132.8 14.2 98.6 140.4 289.3 99.7 357.3 130.3 83.0 135.9 128.2 235.0 0.0 194.1 67.0 150.2 165.9 71.3 132.1 102.6 259.4 96.7 51.0 96.8 75.3 131.7 261.5 163.6 71.6 289.7 227.2 195.9 102.2 76.8 106.3 163.4 162.3 199.1 225.6 38.4 136.0 97.8 102.7 101.4 128.8 163.7 192.9 160.1 161.7 65.7 103.1 76.5 131.5 140.7 193.3 89.3 291.2 96.1 294.4 76.6 133.4 147.4 64.8 262.3 107.1 226.1 296.2 256.4 61.6 89.9 197.3 228.6 102.7 199.9 97.6 150.8 130.2 134.3 144.0 134.5 194.4 160.6
2102.4 163.5 192.6 303.5 336.9 192.4 202.7 136.2 232.2 190.5 239.8 169.4 281.2 386.8 340.8 315.8 337.1 228.0 260.2 216.9 282.5 343.1 192.5 270.3 324.5 147.5 192.3 322.0 267.5 155.8 194.5 0.0 264.0 352.9 350.4 187.0 326.7 181.8 180.2 174.8 313.4 291.4 272.3 321.5 165.7 408.0 274.3 210.5 138.8 63.6 216.7 254.1 256.9 347.9 22.5 24.8 240.7 145.6 320.5 184.4 288.8 316.7 317.7 358.3 274.0 380.8 409.3 183.4 203.1 278.9 316.0 268.9 372.8 217.7 249.2 213.5 207.0 193.4 328.0 257.3 298.1 207.6 309.8 422.6 217.0 440.9 198.9 292.6 50.0 431.3 288.8 65.8 269.2 353.5 232.8 231.2 341.0 327.1 144.0 341.0
2212.3 115.0 123.3 29.2 122.1 178.8 235.6 214.0 165.4 138.3 218.9 263.2 197.5 161.9 115.9 88.7 26.6 139.0 102.5 75.7 97.3 120.9 293.0 83.2 375.4 119.5 74.9 97.1 110.3 235.1 83.9 262.0 0.0 128.0 135.6 146.6 101.8 86.1 277.5 93.6 68.5 104.7 5.8 54.9 245.0 141.4 70.3 307.8 237.3 269.8 151.1 64.1 132.8 133.1 237.2 249.0 203.4 123.9 105.7 147.5 84.8 76.3 53.6 133.4 219.0 118.7 136.3 150.2 160.4 54.3 101.2 166.8 154.5 135.7 301.9 115.2 327.7 138.3 96.6 113.6 10.2 198.0 84.9 203.9 314.3 229.5 128.1 67.7 271.2 208.9 84.8 255.8 67.3 128.6 149.5 151.8 76.9 112.3 196.3 76.9
2306.7 248.0 241.3 133.8 65.8 267.5 318.2 352.6 259.2 256.3 245.1 340.0 223.7 75.2 136.0 82.7 139.0 165.2 128.7 170.1 191.7 81.9 216.8 211.0 365.4 256.6 212.0 77.5 204.7 372.2 185.4 417.8 137.0 0.0 107.7 209.7 40.9 223.2 289.1 230.7 162.1 199.8 128.7 192.0 382.1 161.5 164.7 381.1 309.4 389.8 248.2 201.2 227.2 58.8 357.2 331.6 229.6 271.5 61.5 264.7 179.2 172.0 166.0 147.1 243.5 165.1 147.6 268.8 257.5 145.6 65.8 193.0 98.2 230.1 271.8 188.9 337.7 256.3 116.7 192.6 147.3 259.8 111.1 160.9 190.6 179.2 246.1 101.7 391.2 78.3 179.2 358.1 140.6 110.3 175.9 229.2 189.3 55.2 332.0 189.3
2271.4 200.3 215.8 143.9 12.9 237.9 298.0 294.4 219.8 230.8 193.2 272.6 226.0 85.2 67.4 86.8 115.7 167.5 131.0 166.3 166.2 104.9 199.8 159.5 345.2 204.8 169.2 79.8 179.2 315.5 199.2 324.4 142.4 82.8 0.0 189.5 58.2 180.4 268.9 187.9 129.6 117.5 136.5 197.4 325.4 84.9 139.2 332.8 262.3 377.6 222.7 206.6 194.1 44.0 345.0 311.4 231.9 238.7 28.7 240.0 132.4 178.4 88.7 58.9 247.5 75.7 58.8 213.2 232.0 152.0 33.0 195.3 18.8 204.6 253.4 168.7 297.5 230.8 88.0 129.5 152.7 207.9 113.4 68.2 170.4 93.8 220.6 108.1 379.0 108.8 132.4 322.8 147.0 45.0 124.2 176.8 102.9 22.4 281.6 102.9
2150.7 32.0 105.6 145.6 182.2 57.2 193.4 173.3 74.9 58.2 130.6 206.5 108.7 237.5 180.9 149.0 132.3 70.7 102.4 133.6 187.9 176.3 229.6 65.5 315.8 47.0 34.4 155.2 178.6 192.9 102.7 172.6 106.1 203.6 196.2 0.0 177.9 23.9 217.3 16.9 169.9 208.1 111.8 133.7 202.8 205.9 176.5 247.6 175.9 144.6 87.8 96.2 155.6 193.7 120.2 147.8 115.1 28.4 165.8 52.1 191.0 99.5 159.8 198.4 129.0 245.7 255.1 24.2 78.0 133.3 161.8 78.5 218.6 120.5 240.5 24.7 244.1 61.1 168.1 92.0 93.3 147.1 120.5 268.4 158.3 286.7 66.6 132.7 146.0 282.5 191.0 129.3 104.4 197.8 68.0 62.4 182.6 172.9 134.7 183.1
2332.9 179.5 178.8 149.8 59.7 220.3 277.2 273.6 199.0 193.8 172.4 251.8 169.0 60.0 162.2 110.7 165.2 110.9 154.9 196.3 217.9 110.8 179.0 138.7 324.4 184.0 148.4 103.7 230.9 294.7 175.4 303.6 163.2 26.1 73.2 168.7 0.0 159.6 248.1 167.1 189.1 225.3 157.3 218.2 304.6 187.7 190.9 312.0 241.5 313.4 206.6 227.4 253.4 85.0 280.8 290.6 174.9 179.4 87.7 203.0 205.4 198.2 192.2 173.3 190.9 190.7 173.8 192.4 215.9 171.8 38.8 138.7 92.1 193.7 232.6 147.9 276.7 193.8 142.9 108.7 173.5 187.1 137.3 183.2 149.6 208.8 183.6 138.5 314.8 107.0 205.4 298.1 166.8 136.5 103.4 156.0 215.5 81.4 260.8 215.5
2218.3 28.8 82.1 111.4 177.4 87.6 149.4 127.8 79.2 97.1 134.9 177.0 113.5 217.2 171.2 144.0 108.8 75.0 107.2 109.6 163.9 176.2 206.8 42.0 289.2 33.3 10.4 152.4 154.6 148.9 78.7 175.8 82.1 183.3 190.9 36.0 157.1 0.0 191.3 7.5 147.2 183.4 88.0 110.2 158.8 196.7 152.5 221.6 151.1 183.6 109.9 72.2 131.6 188.4 151.0 162.8 119.4 82.7 161.0 106.3 167.0 88.4 135.8 188.7 135.0 235.4 249.8 59.7 119.2 109.6 156.5 82.8 209.8 97.0 215.7 29.0 241.5 97.1 151.9 85.2 69.8 109.3 124.8 259.2 228.1 284.8 86.9 133.6 185.0 264.2 167.0 169.6 108.7 195.0 114.6 63.1 159.1 167.6 110.1 159.1
2139.6 121.4 223.8 262.4 324.0 208.3 29.0 25.4 219.9 208.1 226.9 153.0 221.9 368.2 322.2 295.0 259.8 215.7 247.9 252.5 300.1 327.2 182.8 193.0 238.5 116.6 161.4 303.4 285.1 46.5 230.1 55.4 233.1 334.3 337.5 156.7 308.1 150.9 0.0 143.9 290.1 326.3 239.0 261.2 56.4 347.7 303.5 197.6 127.1 99.2 229.9 223.2 280.1 335.0 66.0 42.4 227.8 183.6 307.6 201.5 317.5 239.4 286.8 339.7 262.8 386.4 396.4 154.6 220.7 260.6 303.1 256.0 356.4 235.3 191.7 200.6 190.8 208.1 302.9 232.8 220.8 152.6 291.2 405.8 204.1 431.4 216.5 274.0 85.6 415.2 317.5 83.4 256.3 334.9 255.3 177.3 310.1 314.2 86.1 310.1
2179.3 21.3 89.1 118.4 179.5 80.1 141.9 120.3 71.7 104.1 127.4 169.5 106.0 224.2 177.7 143.6 115.8 67.5 99.7 116.6 170.9 175.8 199.3 49.0 281.7 25.8 17.5 152.0 161.6 141.4 102.3 168.3 89.1 190.3 193.0 28.5 164.1 7.0 183.8 0.0 154.2 190.4 95.0 117.2 151.3 203.2 159.5 214.1 143.6 176.1 116.9 79.2 138.6 190.5 143.5 155.3 111.9 89.7 163.1 113.3 174.0 95.4 142.8 195.2 127.5 241.9 251.9 52.2 126.2 116.6 158.6 75.3 211.9 104.0 208.2 21.5 234.0 104.1 158.4 77.7 76.8 101.8 117.3 261.3 220.6 286.9 93.9 129.5 177.5 271.2 174.0 162.1 101.2 194.6 107.1 55.6 166.1 169.7 102.6 166.1
2190.4 170.0 125.0 131.8 169.6 151.2 301.1 281.0 205.9 140.0 266.4 314.2 245.0 209.4 163.4 136.2 119.0 186.5 151.1 35.8 75.4 165.7 340.5 148.7 422.9 185.0 140.4 144.6 88.4 300.6 51.1 283.5 92.3 175.5 183.1 130.9 149.3 151.6 325.0 147.9 0.0 37.6 99.3 148.9 310.5 188.9 48.4 355.3 284.8 255.5 131.9 129.6 110.9 180.6 231.1 258.7 250.9 108.2 153.2 149.2 62.9 146.2 120.1 180.9 264.8 92.4 110.6 134.5 141.2 101.5 148.7 214.3 202.0 113.8 350.8 155.7 375.2 135.6 144.1 172.7 82.0 291.4 132.4 138.1 365.0 160.3 129.8 115.2 256.9 256.4 62.9 241.8 114.8 176.1 197.0 203.4 94.2 159.8 245.6 94.2
2196.6 218.2 123.0 149.9 207.3 163.1 333.6 313.5 243.6 138.0 304.1 346.7 282.7 247.1 201.1 176.1 108.4 224.2 187.7 73.5 73.4 203.4 373.0 186.4 455.4 222.7 178.1 182.3 86.4 333.1 97.2 321.2 130.0 213.2 220.8 169.1 187.0 189.3 357.5 185.6 37.6 0.0 129.2 140.1 343.0 103.0 46.4 387.8 317.3 293.2 129.9 167.3 108.9 218.3 268.8 296.4 288.6 174.9 190.9 147.2 39.6 183.9 81.4 218.6 304.2 53.7 71.9 172.2 139.2 139.5 186.4 252.0 121.8 111.8 380.1 193.4 407.7 138.0 188.3 210.4 117.7 325.3 170.1 99.4 394.3 121.6 127.8 163.5 294.6 154.7 39.6 248.0 152.5 224.9 234.7 241.1 55.5 197.5 274.9 55.5
2206.1 124.6 129.2 29.8 128.0 173.1 241.5 219.7 173.7 144.5 225.1 272.6 203.4 167.8 122.1 94.4 17.0 145.2 108.7 66.1 91.1 126.6 298.7 89.1 386.8 125.7 81.1 103.3 104.1 241.3 89.8 267.7 6.2 133.9 141.8 152.8 108.0 92.3 283.7 99.8 58.1 97.1 0.0 60.6 251.2 147.3 64.1 314.0 243.0 276.0 144.2 70.3 126.6 139.3 242.9 255.2 209.6 129.6 111.4 153.2 78.6 82.0 47.4 139.6 224.7 108.5 130.1 156.1 156.9 60.2 107.4 173.0 160.2 129.8 305.8 121.4 333.4 144.0 102.3 130.9 15.9 246.3 90.6 213.5 320.5 235.7 134.0 73.6 277.4 214.6 78.6 257.5 73.5 136.9 155.2 164.2 67.3 118.5 200.8 70.7
2203.1 138.0 201.7 30.2 219.6 227.9 333.1 249.0 262.9 216.7 316.4 300.2 231.0 259.4 149.4 122.2 35.4 172.5 200.0 130.5 152.1 154.4 387.3 116.7 408.9 217.0 108.4 194.6 101.1 268.6 145.8 314.2 97.4 161.5 169.1 225.6 135.3 119.6 311.0 191.1 58.5 160.2 23.8 0.0 278.5 238.9 125.1 405.3 333.6 350.2 208.6 161.6 123.6 166.6 325.8 346.5 236.9 137.9 203.2 225.9 75.6 173.8 126.4 166.9 250.8 126.9 209.1 165.2 153.9 114.4 198.7 264.3 191.5 126.5 397.6 148.7 319.8 212.3 194.1 158.7 107.7 295.5 182.4 301.4 347.8 323.6 142.5 165.2 351.6 303.9 75.6 318.5 100.8 162.1 200.1 189.4 149.7 209.8 292.4 85.7
2091.3 130.5 242.2 271.5 333.1 217.4 56.1 30.2 229.0 234.5 236.0 162.1 231.0 377.3 331.3 304.1 268.9 224.8 257.0 269.7 324.0 336.3 191.9 202.1 182.0 125.7 170.5 312.5 312.2 9.3 238.8 82.5 242.2 343.4 346.6 165.8 317.2 160.0 176.4 153.0 307.3 343.5 248.1 270.3 0.0 356.8 312.6 206.7 136.2 126.3 257.0 232.3 291.7 344.1 93.1 69.5 236.9 203.2 316.7 227.9 327.1 248.5 295.9 348.8 271.9 395.5 405.5 174.2 247.8 269.7 312.2 265.1 365.5 257.1 170.7 209.7 134.3 234.5 312.0 241.9 229.9 161.7 300.3 414.9 213.2 440.5 242.9 293.7 112.7 424.3 327.1 110.5 265.4 355.1 264.4 186.4 319.2 323.3 95.2 319.2
2241.8 228.7 192.3 116.7 178.3 208.3 344.8 332.1 224.1 207.3 275.1 304.9 253.7 218.1 25.9 144.9 92.2 195.2 158.7 142.8 142.7 177.1 346.0 181.8 413.6 236.1 191.5 153.3 154.6 351.7 166.5 376.0 118.9 184.2 191.8 237.9 158.0 202.7 315.7 210.2 106.9 78.7 109.3 173.9 361.6 0.0 115.7 346.0 275.5 348.0 198.1 183.1 164.5 189.3 323.6 351.2 259.6 218.2 161.9 216.5 108.9 136.9 65.2 35.4 275.2 39.2 48.7 241.5 207.4 110.2 157.4 223.0 98.6 181.1 356.3 231.8 385.9 202.9 46.5 163.4 129.2 236.2 141.1 76.2 370.5 98.4 197.1 66.6 349.4 131.5 108.9 293.2 105.5 195.9 140.8 194.1 65.8 168.5 311.5 65.8
2152.2 197.1 76.5 138.2 186.2 118.7 289.2 267.6 224.8 91.5 283.0 298.8 261.6 226.0 180.0 152.8 135.6 203.1 166.6 74.1 26.9 185.0 328.6 165.3 411.0 201.6 157.0 161.2 39.9 288.7 103.3 256.6 108.9 192.1 199.7 149.8 165.9 168.2 313.1 166.8 111.7 45.7 114.8 119.0 298.6 205.5 0.0 343.4 272.9 258.4 83.4 146.2 62.4 197.2 225.8 261.6 267.5 142.8 169.8 100.7 6.7 162.8 128.9 197.5 283.1 101.8 119.4 169.1 92.7 118.4 165.3 230.9 218.6 65.3 337.5 174.6 363.3 91.5 160.7 177.7 96.6 262.1 149.0 146.9 349.9 172.5 81.3 131.8 259.8 273.0 6.7 203.6 131.4 192.7 213.6 215.9 103.0 176.4 231.9 103.0
2218.1 171.7 268.6 304.1 307.7 238.7 115.7 112.1 210.5 257.7 210.6 72.3 205.6 362.5 298.5 289.3 310.1 206.3 238.5 295.3 350.4 321.5 166.5 228.5 184.5 166.9 211.7 297.7 337.4 133.2 264.4 142.1 283.4 328.6 321.2 187.1 302.4 201.2 86.6 194.2 332.9 369.1 289.3 311.5 143.1 324.0 345.2 0.0 49.5 185.9 282.2 273.5 318.1 318.7 152.7 129.1 211.5 226.4 291.3 251.1 359.7 217.6 337.1 316.0 246.5 362.7 380.1 197.4 273.0 254.9 286.8 239.7 340.1 283.5 175.4 166.3 136.8 257.7 279.2 198.5 273.1 118.3 285.5 389.5 187.8 415.1 266.1 260.9 172.3 409.5 359.7 170.1 222.0 329.2 245.9 143.0 360.4 297.9 172.8 360.4
2171.6 133.3 217.8 263.5 256.9 194.8 69.2 67.1 160.9 208.1 161.0 29.3 154.8 311.7 248.9 241.9 259.3 156.7 188.9 244.5 300.8 269.2 113.7 177.7 138.0 117.3 162.1 248.1 287.8 86.7 230.2 125.4 233.8 277.8 271.6 136.9 252.8 151.6 40.1 144.6 281.3 320.2 242.1 260.7 96.6 274.4 295.6 70.4 0.0 139.4 232.6 223.9 268.5 269.1 98.3 82.6 161.9 174.4 240.5 202.0 310.1 168.0 287.5 266.4 195.2 312.5 330.5 146.6 223.4 205.0 237.2 190.1 294.0 232.7 122.8 116.7 110.3 211.0 236.1 160.5 220.3 110.8 235.9 342.6 138.2 362.1 218.4 199.5 125.8 357.4 310.1 123.6 172.4 289.5 136.0 86.8 309.6 248.3 126.1 310.8
2147.1 155.4 210.5 296.4 340.0 189.8 159.4 137.8 235.3 200.4 242.9 169.0 237.9 389.9 343.9 316.7 293.8 231.1 263.3 220.0 292.3 348.9 198.8 227.0 281.2 150.6 195.4 325.1 280.1 158.9 197.6 44.9 267.1 356.0 353.5 190.7 329.8 184.9 183.3 177.9 257.6 293.8 273.0 282.9 168.8 369.4 277.4 213.6 143.1 0.0 224.9 257.2 260.0 351.0 33.5 49.9 243.8 151.1 323.6 193.8 291.9 273.4 320.8 361.4 278.8 349.9 412.4 122.1 215.7 282.3 319.1 272.0 372.4 225.4 207.7 216.6 233.5 200.4 324.6 248.8 256.8 168.6 312.9 421.8 220.1 447.4 208.8 295.7 53.1 436.9 291.9 85.0 272.3 356.6 270.7 193.3 344.1 330.2 102.1 344.1
2136.8 108.7 88.8 199.8 237.6 49.8 252.0 230.4 151.6 73.1 207.3 265.1 185.9 277.4 231.4 204.2 187.0 147.4 179.6 125.5 70.1 233.7 288.2 142.7 373.8 123.7 111.1 212.6 55.1 251.5 131.9 249.2 160.3 243.5 251.1 76.6 217.3 100.6 275.9 93.6 162.3 143.6 166.5 170.4 261.4 256.9 97.1 306.2 234.5 221.2 0.0 172.9 50.1 248.6 196.8 224.4 191.8 86.2 221.2 66.5 103.9 176.7 214.0 248.9 205.7 198.4 216.6 98.2 9.2 169.8 216.7 155.2 273.5 83.1 298.5 101.4 302.7 73.1 218.6 169.2 148.0 227.6 197.2 322.1 312.7 345.0 81.5 193.8 222.6 321.9 103.9 166.4 181.1 244.1 144.7 139.6 200.2 227.8 193.3 200.2
2222.0 142.9 85.8 128.0 176.0 140.6 263.5 241.9 166.1 100.8 221.8 274.1 200.4 215.8 169.8 142.6 125.4 161.9 156.4 45.9 130.3 174.8 303.9 111.1 386.3 147.4 102.8 151.0 143.3 263.0 19.7 213.9 98.7 181.9 189.5 91.1 155.7 114.0 288.4 108.1 83.5 119.7 104.6 108.8 272.9 195.3 103.3 318.7 248.2 215.7 113.6 0.0 135.3 187.0 183.1 218.9 206.3 68.4 159.6 110.0 117.8 112.8 152.4 187.3 221.9 175.8 193.4 94.7 122.9 108.2 155.1 169.7 208.4 100.7 312.8 115.9 338.6 100.8 150.5 167.5 88.4 196.2 138.8 257.8 325.2 283.4 90.6 132.2 217.1 262.8 117.8 219.7 121.2 193.6 201.5 150.0 175.7 166.2 207.2 175.7
2125.9 172.3 104.3 158.6 206.6 80.0 262.9 241.3 204.7 119.3 303.4 272.5 282.0 246.4 200.4 173.2 156.0 200.5 187.0 94.5 39.1 205.4 302.3 185.7 384.7 176.8 164.2 181.6 24.1 262.4 106.1 230.3 129.3 212.5 220.1 129.7 186.3 153.7 286.8 146.7 132.1 111.9 135.2 139.4 272.3 225.9 66.1 317.1 246.6 232.1 66.6 166.6 0.0 217.6 199.5 235.3 287.9 138.5 190.2 119.6 72.9 183.2 183.0 217.9 303.5 168.0 185.6 189.5 75.9 138.8 185.7 251.3 239.0 93.1 311.2 154.5 337.0 119.3 181.1 198.1 117.0 272.1 169.4 288.4 323.6 314.0 109.1 162.8 233.5 293.4 72.9 177.3 151.8 224.2 234.0 188.6 169.2 196.8 205.6 169.2
2247.8 193.2 182.4 64.7 107.4 214.3 313.8 292.2 200.3 197.4 186.2 277.6 164.8 147.2 77.1 25.6 80.1 106.3 69.8 111.2 132.8 25.7 325.4 152.1 389.8 197.7 153.1 18.6 145.8 313.3 134.9 329.1 78.1 113.3 120.9 206.3 87.1 164.3 291.9 171.8 104.0 140.2 72.2 133.1 323.2 102.6 105.8 322.2 251.7 330.9 189.3 142.3 168.3 0.0 298.3 327.2 170.7 183.6 91.0 206.6 120.3 113.1 107.1 94.6 186.3 141.3 179.8 209.9 198.6 86.7 86.5 134.1 139.8 171.2 334.3 193.4 342.1 197.4 57.8 122.1 88.4 200.9 52.2 189.2 217.3 214.8 187.2 42.8 332.3 194.2 120.3 299.2 81.7 51.4 116.8 166.2 130.4 97.6 274.5 130.4
2132.9 133.0 176.9 280.9 306.4 161.9 125.8 105.7 201.7 166.8 209.3 138.9 212.2 356.3 310.3 285.3 260.2 197.5 237.6 194.3 258.7 312.6 162.0 193.4 247.6 117.0 161.8 291.5 246.5 125.3 163.4 60.5 233.5 322.4 319.9 156.5 296.2 151.3 149.7 144.3 231.1 260.9 241.8 257.2 135.2 343.7 243.8 180.0 108.3 32.5 199.2 223.6 226.4 317.4 0.0 35.7 210.2 115.1 297.9 160.7 258.3 247.7 287.2 327.8 243.5 323.6 378.8 88.5 182.1 248.4 285.5 238.4 342.3 199.7 180.2 183.0 176.5 169.7 297.5 226.8 229.1 177.1 287.2 392.1 186.5 410.4 175.2 262.1 33.9 400.8 258.3 65.8 238.7 323.0 202.3 162.2 310.5 296.6 75.0 310.5
2097.1 187.4 181.3 328.4 372.0 169.7 191.4 169.8 262.1 165.6 274.9 201.0 269.9 417.2 371.2 344.0 325.8 257.9 290.1 265.3 257.6 376.2 230.8 259.0 313.2 182.6 227.4 352.4 242.6 190.9 239.1 90.9 299.1 383.3 385.5 222.7 357.1 216.9 215.3 209.9 302.9 314.0 305.0 310.2 200.8 396.7 268.2 245.6 175.1 154.6 187.4 289.2 237.6 383.0 115.7 0.0 275.8 201.1 355.6 159.0 275.0 305.4 352.8 388.7 310.8 370.1 387.7 172.1 178.2 309.6 351.1 304.0 404.4 192.8 239.7 248.6 265.5 165.6 351.9 280.8 288.8 200.6 340.2 453.8 252.1 479.4 174.0 323.0 141.0 464.2 275.0 40.9 304.3 395.0 297.5 225.3 371.3 362.2 134.1 371.3
2258.0 98.7 192.1 220.6 200.8 158.8 167.1 145.5 90.9 184.7 30.6 128.5 7.3 240.6 233.0 149.4 236.0 73.3 105.5 219.6 273.9 181.6 176.3 152.0 240.7 93.9 138.7 157.8 264.4 166.6 197.2 181.5 210.1 206.7 214.3 107.2 180.5 128.2 142.8 121.2 257.2 293.4 216.0 238.2 176.5 258.5 261.7 173.1 102.6 183.3 209.2 200.2 241.6 211.8 150.7 180.5 0.0 153.4 184.4 178.1 276.2 159.1 263.0 240.9 50.1 290.1 273.2 124.4 200.0 196.4 179.9 43.3 233.2 207.0 185.2 86.4 193.0 184.7 213.7 122.0 197.8 45.3 123.1 282.6 197.6 308.2 193.1 198.7 184.7 287.6 276.2 169.3 163.5 200.4 116.7 88.0 286.3 191.0 127.8 286.3
2195.5 54.7 58.5 161.1 201.3 77.8 193.0 175.9 97.6 74.3 153.3 209.1 176.2 259.2 192.7 167.7 168.8 93.4 125.6 68.8 141.1 195.0 232.2 88.7 314.8 69.7 57.1 173.9 131.8 195.5 54.5 175.2 121.6 204.8 212.4 23.1 178.6 46.6 219.9 39.6 105.6 163.8 129.9 130.9 205.4 238.7 126.2 250.2 178.5 147.2 89.5 117.5 108.8 209.9 122.8 150.4 137.8 0.0 184.9 82.7 140.7 132.9 175.3 210.2 151.7 198.1 216.3 26.2 96.4 130.8 178.0 101.2 234.8 73.4 239.5 47.4 246.7 69.9 179.9 159.5 129.8 169.8 140.2 284.6 256.7 302.9 63.3 143.7 148.6 283.2 140.7 151.2 127.1 204.6 90.7 129.9 198.6 189.1 134.3 198.6
2275.2 161.0 209.8 102.3 16.3 241.7 269.2 265.6 227.7 224.8 164.4 247.3 192.2 89.5 97.3 51.2 107.5 133.7 97.2 138.6 160.2 50.4 171.0 130.7 316.4 176.0 180.5 46.0 173.2 286.7 162.3 325.4 105.5 55.6 29.8 160.7 29.4 191.7 240.1 199.2 130.6 145.7 97.2 160.5 296.6 114.8 133.2 304.0 232.3 305.4 216.7 169.7 195.7 27.3 272.8 282.6 198.1 240.0 0.0 233.2 147.7 140.5 118.6 88.8 212.0 106.2 88.7 184.4 226.0 113.8 4.3 161.5 48.7 198.6 222.8 139.9 288.7 224.8 91.7 112.3 115.8 225.0 79.6 98.1 141.6 120.3 214.6 70.2 306.8 136.5 147.7 326.6 109.1 74.9 144.4 152.1 132.8 6.6 251.4 132.8
2173.0 81.1 21.7 180.5 217.8 64.5 222.2 202.1 124.8 6.5 179.7 235.3 158.3 257.6 212.1 187.1 167.2 119.8 152.0 105.7 100.6 214.4 258.4 115.9 344.8 96.1 83.5 193.3 109.3 221.7 96.6 219.4 141.0 224.2 231.8 49.5 198.0 73.0 246.1 66.0 142.5 155.6 146.7 197.6 231.6 237.1 109.1 276.4 204.7 191.4 64.6 145.3 86.3 229.3 167.0 194.6 164.2 58.6 201.9 0.0 115.9 149.1 194.7 229.6 178.1 210.4 228.6 70.6 73.9 150.2 197.4 127.6 254.2 33.7 268.7 73.8 272.9 9.4 199.3 141.6 128.7 196.2 169.6 304.0 282.9 322.3 16.8 163.9 192.8 302.6 115.9 118.6 153.5 224.8 117.1 112.0 211.7 208.5 164.3 212.2
2166.7 203.9 83.3 145.0 193.0 133.2 303.7 282.1 231.6 98.3 289.8 313.3 268.4 232.8 186.8 159.6 142.4 209.9 173.4 80.9 33.7 191.8 343.1 172.1 425.5 208.4 163.8 168.0 46.7 303.2 100.9 271.1 115.7 198.9 206.5 156.6 172.7 175.0 327.6 173.6 118.5 38.9 121.6 125.8 313.1 212.3 6.7 357.9 287.4 272.9 90.2 153.0 69.2 204.0 240.3 276.1 274.3 149.6 176.6 107.5 0.0 169.6 122.1 204.3 289.9 95.0 112.6 175.9 99.5 125.2 172.1 237.7 225.4 72.1 352.0 181.4 377.8 98.3 167.5 184.5 105.4 268.9 155.8 140.1 364.4 165.7 88.1 138.6 274.3 279.8 0.0 218.1 138.2 199.5 220.4 222.7 96.2 183.2 246.4 96.2
2256.2 101.2 120.0 114.7 123.1 217.0 232.3 210.7 125.2 135.0 219.9 206.0 198.5 162.9 98.9 89.7 113.4 121.0 103.5 122.8 172.6 121.9 250.3 79.9 314.7 116.2 71.6 98.1 185.6 231.8 96.6 288.5 86.7 129.0 136.6 143.8 102.8 82.8 216.8 90.3 143.0 180.7 96.3 114.8 241.7 124.4 145.6 247.1 176.6 266.5 147.8 76.8 169.5 134.1 233.9 245.7 204.4 149.6 106.7 144.2 160.1 0.0 140.4 116.4 218.3 163.7 195.5 146.9 157.1 55.0 102.2 167.8 155.5 134.9 257.4 111.9 283.0 130.6 86.1 64.5 74.4 137.3 85.9 204.9 271.6 227.1 124.8 50.7 267.9 209.9 160.1 252.5 22.4 129.6 41.9 95.2 163.0 113.3 191.6 163.0
2207.1 168.7 151.5 58.2 175.8 173.6 289.3 267.7 219.1 166.5 272.6 316.9 251.2 215.6 169.6 142.4 27.0 192.7 156.2 102.0 101.9 174.6 346.7 136.9 429.1 173.2 128.6 150.8 114.9 288.8 134.9 311.5 53.6 181.7 189.3 197.1 155.5 139.8 331.2 147.3 65.3 60.8 47.7 108.6 298.7 195.1 74.9 361.5 291.0 313.3 158.4 117.8 129.8 186.8 280.7 302.7 257.1 174.4 159.4 175.7 68.1 130.0 0.0 187.1 272.7 65.0 82.6 200.7 167.7 108.0 154.9 220.5 208.2 140.3 355.6 168.9 381.4 166.5 150.3 167.3 65.9 251.7 138.6 110.1 368.0 135.7 156.3 132.0 314.7 165.4 68.1 258.5 121.0 193.4 203.2 205.5 23.2 166.0 250.0 23.2
2212.4 198.5 156.8 88.0 205.6 178.9 319.1 297.5 248.9 171.8 302.4 346.7 281.0 245.4 199.4 172.2 56.7 222.5 186.0 107.3 107.2 204.4 376.5 166.7 458.9 203.0 158.4 180.6 120.2 318.6 131.0 316.8 83.4 211.5 219.1 202.4 185.3 169.6 361.0 177.1 70.6 68.5 77.5 138.4 328.5 224.9 80.2 391.3 320.8 318.6 163.7 147.6 135.1 216.6 286.0 321.8 286.9 179.7 189.2 181.0 73.4 159.8 29.7 0.0 302.5 88.3 105.9 206.0 173.0 137.8 184.7 250.3 238.0 145.6 385.4 198.7 411.2 171.8 180.1 197.1 93.7 281.5 168.4 133.4 397.8 159.0 161.6 161.8 320.0 188.7 73.4 263.8 150.8 212.1 233.0 235.3 46.5 195.8 279.8 46.5
2207.8 57.3 153.2 209.0 189.1 114.3 188.4 168.3 40.7 115.3 114.4 160.9 93.0 228.9 199.4 139.9 196.2 54.5 88.4 180.7 233.3 167.2 200.3 113.1 267.9 72.3 121.1 146.1 224.0 187.9 164.7 229.7 169.5 195.0 202.6 56.4 168.8 69.2 170.0 62.2 215.8 253.5 177.8 197.6 197.8 224.9 236.4 200.3 128.6 201.7 179.3 159.6 201.0 200.1 177.3 201.8 98.9 85.5 172.7 109.2 248.6 120.2 223.2 216.9 0.0 264.2 261.5 80.7 135.1 155.5 168.2 62.3 225.0 168.1 210.6 36.2 239.1 162.1 186.6 94.7 160.9 132.6 113.1 274.8 224.8 293.1 158.0 161.8 203.1 273.4 248.6 186.4 122.9 177.6 88.4 48.4 246.5 179.3 147.7 246.5
2202.5 217.1 163.5 120.9 103.2 169.0 339.5 317.9 271.6 178.5 325.1 352.6 303.7 168.2 75.2 124.6 79.4 245.2 208.7 114.0 107.0 142.7 378.9 189.4 461.3 225.7 181.1 117.6 115.3 339.0 129.3 336.7 106.1 173.2 90.3 209.1 148.6 192.3 363.4 199.8 78.1 39.4 96.5 161.1 348.9 49.2 86.9 393.7 323.2 308.7 158.8 170.3 125.2 134.4 276.1 311.9 309.6 186.4 119.1 186.9 80.1 182.5 52.4 84.7 323.5 0.0 18.1 212.7 168.1 160.5 123.4 273.0 68.0 152.3 386.0 221.4 390.2 178.5 89.0 231.4 116.4 346.3 191.1 45.6 260.8 67.8 168.3 115.9 310.1 100.9 80.1 253.9 173.5 82.8 208.8 262.1 26.5 112.8 280.8 26.5
2220.0 238.7 181.0 128.2 85.0 186.5 357.0 335.4 262.2 196.0 267.0 339.5 245.6 150.0 64.0 106.4 96.9 187.1 150.6 131.5 124.5 124.5 272.0 206.9 451.7 243.2 198.6 99.4 132.8 356.5 164.4 324.4 123.6 155.0 72.1 226.6 130.4 209.8 353.8 217.3 94.8 58.6 117.7 178.6 366.4 38.0 104.4 384.1 313.6 326.2 176.3 187.8 142.7 116.2 293.6 329.4 251.5 203.9 100.9 205.2 97.6 175.0 69.9 73.5 267.1 16.8 0.0 230.2 185.6 148.6 105.2 214.9 53.3 169.8 396.2 238.9 404.0 196.0 84.6 189.9 133.9 274.3 133.0 27.4 242.6 53.0 185.8 104.7 327.6 82.7 97.6 271.4 143.6 64.6 197.6 228.1 44.0 94.6 299.7 44.0
2166.8 164.3 88.3 190.1 227.9 73.3 169.7 148.1 113.1 103.3 253.2 182.8 147.4 267.7 221.7 194.5 177.3 108.9 141.1 97.8 170.1 224.0 209.1 104.2 291.5 160.9 72.6 202.9 160.8 169.2 66.9 148.9 150.6 233.8 241.4 38.6 207.6 62.1 193.6 55.1 134.6 172.3 160.2 160.7 179.1 247.2 155.2 223.9 152.2 120.9 116.1 146.5 137.8 238.9 88.3 124.1 153.3 29.7 211.5 112.5 169.7 162.7 204.3 239.2 168.9 227.1 245.3 0.0 125.4 160.1 207.0 116.7 260.3 103.2 216.2 62.9 243.8 98.9 208.9 130.7 138.3 224.8 190.7 312.4 230.4 331.9 93.1 173.5 122.3 312.2 169.7 124.9 173.1 234.4 106.2 101.1 227.6 218.1 111.0 227.6
2146.0 109.9 79.5 198.8 246.8 40.5 242.7 221.1 142.3 63.8 198.0 252.3 176.6 286.6 240.6 213.4 196.2 138.1 170.3 134.7 79.3 245.6 282.1 133.4 364.5 114.4 101.8 221.8 64.3 242.2 130.7 210.1 169.5 252.7 260.3 67.3 226.5 91.3 266.6 84.3 172.3 152.1 175.4 179.6 252.1 266.1 106.3 296.9 226.4 211.9 9.1 163.6 59.3 257.8 179.3 215.1 182.5 76.1 230.4 57.2 113.1 167.4 223.2 258.1 198.1 208.2 225.8 88.9 0.0 179.0 225.9 145.9 279.2 91.0 291.0 92.1 316.8 63.8 221.3 148.3 157.2 172.4 187.9 328.6 303.4 354.2 72.2 192.4 213.3 333.6 113.1 157.1 171.8 264.4 177.7 126.2 209.4 237.0 185.4 209.4
2288.6 169.7 170.8 115.7 67.7 249.4 300.8 280.7 190.7 185.5 164.5 265.9 143.4 107.8 117.9 36.5 120.9 84.6 48.1 152.3 173.6 63.8 203.8 130.4 374.6 184.7 140.1 42.7 186.6 300.3 167.3 345.2 118.9 73.6 81.2 194.3 47.4 151.3 276.7 158.8 145.1 182.0 113.0 173.9 310.2 143.7 146.6 307.0 235.3 317.2 198.6 178.6 209.1 78.7 292.8 314.2 149.0 174.1 51.6 193.9 161.1 137.5 147.9 125.8 162.9 157.9 140.1 197.7 207.6 0.0 46.8 112.4 103.6 185.4 317.6 180.4 346.9 181.1 105.1 112.0 129.2 221.3 30.5 153.4 177.6 171.7 175.3 83.6 318.6 152.0 161.1 303.2 122.5 74.2 107.4 160.7 171.2 57.9 260.1 171.2
2279.7 167.2 166.5 96.6 20.8 246.2 264.9 261.3 186.7 181.5 160.1 239.5 196.7 85.2 101.8 57.5 112.0 138.2 101.7 143.1 164.7 57.6 166.7 126.4 312.1 171.7 136.1 50.5 177.7 282.4 166.8 291.3 110.0 51.3 34.3 156.4 25.1 147.3 235.8 154.8 135.9 151.9 104.1 165.0 292.3 119.3 137.7 299.7 229.2 301.1 221.2 174.2 200.2 31.8 268.5 278.3 202.6 167.1 4.4 190.7 152.2 145.0 123.1 93.3 218.2 110.1 93.2 180.1 230.5 118.6 0.0 166.0 53.2 203.1 220.3 135.6 264.4 181.5 89.7 96.4 120.3 174.8 84.1 102.6 137.3 128.2 171.3 74.7 302.5 132.2 152.2 285.8 113.6 79.4 91.1 143.7 137.3 11.0 248.5 137.3
2218.8 78.8 148.7 177.2 157.4 119.6 188.5 166.9 92.9 163.7 52.0 149.9 30.6 197.2 189.6 106.0 192.6 29.9 62.1 176.2 230.5 138.2 197.7 108.6 262.1 83.3 118.3 114.4 221.2 188.0 161.9 202.9 166.7 163.3 170.9 68.0 137.1 80.2 164.2 73.2 213.8 250.0 172.6 194.8 197.9 215.1 218.3 194.5 124.0 204.7 176.5 156.8 198.2 168.4 172.1 201.9 36.5 98.9 141.0 119.7 232.8 115.7 219.6 197.5 52.1 246.7 229.8 91.7 185.8 153.0 136.5 0.0 189.8 163.6 206.6 47.2 214.4 163.7 170.3 78.6 154.4 66.7 79.7 239.2 219.0 264.8 153.5 148.4 206.1 244.2 232.8 190.7 120.1 145.9 73.3 55.3 242.9 147.6 149.2 242.9
2260.0 208.6 217.5 174.9 35.1 220.8 320.3 314.7 242.1 236.0 212.0 294.9 208.6 104.0 104.0 126.5 136.9 150.5 169.0 171.5 164.5 85.9 215.4 178.3 364.0 223.6 188.0 121.3 172.8 334.3 195.2 394.2 163.6 101.6 18.7 207.7 77.0 199.2 287.7 206.7 132.1 96.9 155.3 107.5 344.2 74.5 144.4 351.6 279.9 366.2 216.3 227.8 182.7 62.8 341.8 369.4 214.5 246.9 51.0 244.4 137.6 211.5 109.9 113.5 228.8 57.4 39.9 266.7 225.6 188.3 51.8 178.3 0.0 209.8 273.9 187.5 336.3 231.6 117.8 163.4 170.4 268.8 154.9 53.2 189.2 71.5 225.8 141.2 367.6 125.1 137.6 311.4 183.6 83.0 155.3 199.7 80.5 41.2 338.3 84.0
2165.3 128.3 11.1 146.7 184.5 131.8 257.6 236.0 159.4 26.1 215.1 270.7 193.7 224.3 178.3 153.3 133.9 155.2 164.9 72.4 66.8 180.6 297.0 150.5 379.4 131.5 118.9 159.5 79.8 257.1 101.6 225.0 107.2 190.4 198.0 84.4 164.2 108.4 281.5 101.4 109.2 121.8 112.9 163.8 267.0 203.8 75.3 311.8 240.1 226.8 56.9 144.5 78.6 195.5 202.4 230.0 199.6 126.0 168.1 34.5 82.1 161.1 160.9 195.8 213.5 176.6 194.8 106.0 66.2 116.4 163.6 163.0 216.9 0.0 304.1 109.2 331.7 26.1 165.5 177.0 96.9 231.6 147.3 266.3 318.3 288.5 15.9 130.1 228.2 268.8 82.1 154.0 129.7 202.1 152.5 147.4 178.4 174.7 198.9 178.4
2156.9 137.3 241.1 289.9 299.7 225.6 46.3 42.7 202.5 225.4 202.6 24.4 197.6 354.5 290.5 283.5 277.1 198.3 230.5 269.8 317.4 313.5 155.3 210.3 133.1 133.9 178.7 289.7 302.4 63.8 238.9 72.7 250.4 320.6 313.2 173.4 294.4 168.2 17.2 161.2 306.6 344.3 256.3 276.0 73.7 316.0 320.8 88.9 41.5 116.5 247.2 240.5 297.4 310.7 75.4 59.7 203.5 198.5 283.3 218.8 334.8 209.6 304.1 308.0 236.8 355.3 372.1 171.9 238.0 246.9 278.8 231.7 332.1 252.6 0.0 158.3 105.4 225.4 277.7 202.1 240.1 110.3 277.5 384.2 179.8 403.7 235.7 242.3 102.9 399.0 334.8 100.7 214.0 321.2 177.6 129.6 327.4 289.9 102.0 327.4
2171.5 31.5 126.2 161.7 157.9 72.3 152.1 130.5 50.1 79.0 105.8 179.7 84.4 213.2 156.1 122.0 170.9 45.9 78.1 153.7 208.0 154.2 209.5 86.1 291.9 36.0 43.4 130.4 198.7 151.6 131.3 163.6 144.2 179.3 171.4 20.7 153.1 32.9 194.0 25.9 191.3 227.5 150.1 172.3 161.5 181.6 202.8 224.3 153.8 165.4 108.0 134.3 175.7 168.9 132.8 165.5 90.3 51.6 141.5 72.4 217.3 75.2 197.9 173.6 105.9 220.3 230.3 44.4 98.8 112.5 137.0 53.7 190.3 141.1 218.4 0.0 244.2 79.0 136.8 56.1 131.9 80.2 95.7 239.7 133.5 265.3 131.0 107.9 166.8 260.2 217.3 150.1 79.6 161.9 85.5 34.0 220.2 148.1 112.8 220.2
2081.2 178.2 368.8 417.6 360.1 259.6 92.6 65.2 265.5 253.5 283.0 172.1 258.0 417.9 367.8 342.8 305.4 261.3 354.3 297.5 345.0 370.1 235.7 338.0 140.7 162.2 207.0 349.0 330.0 45.7 266.6 106.6 278.7 384.0 393.6 201.7 353.7 196.5 164.9 189.5 334.3 472.0 287.0 353.3 36.4 393.3 349.1 236.6 171.5 144.2 274.8 268.8 325.0 391.1 103.1 105.4 283.9 226.2 363.7 247.4 362.9 337.3 332.4 385.3 317.2 450.0 452.5 299.6 265.6 305.9 359.2 312.1 416.0 280.7 147.6 246.2 0.0 256.4 355.0 290.0 266.4 240.3 336.8 465.8 260.2 484.1 261.9 330.2 130.6 458.3 362.9 128.8 301.9 418.7 265.5 257.3 355.7 370.3 130.3 355.7
2166.4 90.3 11.8 170.0 211.7 73.7 234.8 211.3 136.6 0.0 188.9 244.5 170.9 247.6 205.5 180.5 161.1 129.0 161.2 99.6 94.0 207.8 267.6 124.3 353.2 105.3 92.7 186.7 102.7 230.9 111.2 228.6 134.4 225.6 225.2 58.7 191.4 82.2 255.3 75.2 132.5 145.1 140.1 140.6 240.8 227.1 102.5 285.6 213.9 200.6 58.0 154.5 79.7 222.7 176.2 203.8 173.4 64.6 195.3 8.3 109.3 161.7 188.1 223.0 187.3 203.8 222.0 83.2 67.3 143.6 190.8 136.8 247.6 27.1 281.3 83.0 282.1 0.0 192.7 150.8 120.2 205.4 170.6 293.5 292.1 315.7 6.4 164.0 202.0 296.0 109.3 127.8 156.9 225.4 126.3 121.2 201.7 201.9 176.1 205.6
2243.0 174.5 182.1 70.1 138.5 203.8 298.2 285.5 184.3 190.3 228.5 258.3 213.9 171.5 19.2 100.5 82.1 148.6 112.1 113.2 128.0 127.8 299.4 142.0 367.0 189.5 144.9 106.7 141.0 305.1 128.5 351.2 73.3 137.6 145.2 199.1 111.4 156.1 269.1 163.6 98.4 106.0 65.0 128.3 315.0 38.2 101.0 299.4 227.7 323.2 184.5 137.5 163.5 142.7 298.8 311.6 213.0 178.9 122.1 198.7 110.2 97.1 66.5 36.7 226.9 84.0 93.5 209.0 193.8 63.6 110.8 176.4 167.6 166.4 316.5 185.2 339.3 185.9 0.0 116.8 90.4 231.7 101.3 124.9 323.9 143.2 180.1 37.4 324.6 216.0 110.2 294.4 58.9 138.2 94.2 147.5 76.8 121.9 264.9 83.3
2194.6 57.6 58.4 115.9 171.7 161.1 188.7 167.1 118.5 73.4 174.2 219.8 152.8 211.5 165.5 138.3 103.1 114.3 146.5 85.9 140.2 167.8 242.9 18.3 328.5 72.6 28.0 146.7 130.9 188.2 55.0 234.3 76.4 177.6 185.2 81.7 151.4 39.2 230.6 46.7 122.7 160.4 82.3 151.0 198.1 191.0 143.3 260.9 189.2 206.3 86.2 66.5 107.9 182.7 173.7 202.1 158.7 58.0 155.3 81.8 155.5 82.7 130.1 183.0 172.6 230.3 244.1 85.3 95.5 103.9 150.8 122.1 204.1 73.3 253.2 68.3 239.4 69.0 146.2 0.0 64.1 194.5 134.5 256.2 267.4 275.7 63.2 117.3 207.7 256.0 155.5 201.3 116.9 178.2 111.6 106.5 153.4 161.9 148.0 153.4
2224.6 98.6 113.0 49.7 109.8 191.1 225.3 201.7 153.1 128.0 208.6 256.4 185.2 149.6 105.6 80.6 36.9 128.7 90.2 86.0 107.6 105.9 280.7 72.9 363.1 107.2 64.6 84.8 120.6 224.8 71.6 281.5 10.2 115.7 123.3 136.3 89.5 73.8 265.2 81.3 78.0 115.7 15.9 42.6 232.7 129.1 80.6 297.5 225.8 257.5 138.8 51.8 145.1 120.8 224.9 236.7 193.1 140.6 93.4 136.4 97.1 64.0 65.9 121.1 208.7 168.4 184.2 137.9 148.1 41.7 88.9 154.5 144.2 125.9 289.8 104.9 274.0 128.0 90.8 112.9 0.0 227.8 74.6 193.6 304.0 217.2 115.8 66.0 258.9 194.1 97.1 243.5 57.0 129.4 137.2 143.6 87.2 100.0 184.6 89.2
2237.6 94.4 155.0 204.5 297.0 181.3 162.8 141.2 192.9 176.0 259.9 193.9 218.2 300.1 290.8 268.0 232.8 184.3 179.8 176.9 270.1 300.2 220.2 161.6 261.5 85.2 130.0 272.0 255.7 157.9 146.0 177.2 201.7 266.2 310.5 129.7 276.7 119.5 200.3 112.5 213.7 288.1 207.9 193.1 167.8 320.7 271.0 230.6 164.5 174.6 200.5 191.8 245.4 308.0 146.4 171.8 260.8 149.1 280.6 173.8 285.4 171.3 255.4 308.3 300.2 355.6 369.4 120.1 191.3 233.6 276.1 192.1 333.8 166.5 227.3 138.3 254.9 180.4 275.9 169.4 193.8 0.0 259.8 381.5 237.1 408.8 147.7 257.6 176.0 388.2 285.4 160.6 242.2 266.8 228.3 168.2 242.0 287.2 81.0 278.7
2276.1 139.1 139.9 107.6 77.6 189.4 270.2 248.6 160.1 154.9 133.9 235.3 112.5 117.4 109.8 26.2 112.8 54.0 17.5 143.9 165.5 58.4 276.4 99.8 344.0 154.1 109.5 34.6 178.5 269.7 136.5 314.6 110.8 83.5 91.1 163.7 57.3 120.7 246.1 128.2 135.9 173.6 101.2 165.8 279.6 135.3 138.5 276.4 204.7 286.6 167.7 148.0 189.4 88.6 262.2 283.6 118.4 169.5 61.2 163.3 153.0 106.9 139.8 117.7 134.0 167.5 150.0 166.8 177.0 119.1 56.7 81.8 113.5 154.8 286.7 149.8 296.3 154.9 97.0 81.4 123.1 194.5 0.0 162.1 179.6 185.0 144.7 75.5 288.0 161.9 153.0 272.6 111.3 66.1 64.5 130.1 163.1 67.8 229.5 163.1
2278.8 248.4 225.9 143.5 160.7 245.3 371.9 351.5 261.8 238.2 236.8 340.9 218.1 196.6 74.8 76.2 121.9 156.9 119.2 172.5 173.6 94.3 382.5 201.5 445.7 257.0 212.4 69.2 186.6 372.6 187.8 383.2 146.7 162.7 171.5 266.1 137.7 223.6 349.0 231.1 137.8 135.6 139.8 200.5 382.5 91.1 146.6 379.3 307.6 385.0 232.8 210.9 201.5 169.0 352.4 386.5 221.3 243.4 144.3 247.4 139.8 180.5 96.1 66.3 236.9 130.4 141.1 272.4 239.4 155.3 137.1 184.7 190.4 210.8 388.4 252.7 399.2 238.2 95.4 184.3 159.7 293.6 101.6 0.0 267.9 22.8 226.8 137.4 386.4 244.8 139.8 330.2 150.3 33.2 167.4 231.8 111.7 148.2 331.2 112.9
2238.4 90.8 192.5 230.7 210.9 168.9 159.2 137.6 101.0 176.8 22.7 120.6 19.3 250.7 235.6 159.5 229.2 83.4 115.6 214.4 270.9 191.7 168.4 162.1 232.8 86.0 130.8 167.9 256.5 158.7 192.0 173.6 202.5 216.8 224.4 117.3 190.6 120.3 134.9 113.3 252.0 288.2 208.4 230.6 168.6 261.1 271.8 165.2 94.7 175.4 201.3 192.6 246.2 221.9 142.8 172.6 25.2 145.5 194.5 170.2 286.2 154.7 256.2 251.0 60.2 299.8 283.3 116.5 192.1 192.0 190.0 53.4 243.3 204.0 177.3 96.5 185.1 176.8 216.3 132.1 192.2 37.4 133.2 292.7 0.0 318.3 185.2 198.0 176.8 297.7 286.2 161.4 159.1 199.4 126.8 80.1 279.5 201.1 119.9 279.5
2255.9 219.1 200.3 124.0 138.5 216.7 353.6 330.1 240.1 215.3 213.9 315.3 192.5 174.9 51.9 51.5 100.2 134.0 97.5 154.2 150.7 68.7 356.4 179.8 424.0 234.1 189.5 46.3 163.7 349.7 166.1 390.1 123.8 141.0 148.6 243.7 114.8 200.7 326.1 208.2 114.9 116.1 117.6 178.8 359.6 72.8 123.7 356.4 284.7 362.1 210.6 188.0 178.6 146.1 337.7 363.6 198.4 223.5 122.1 223.7 116.9 162.2 73.2 43.4 212.3 108.7 118.2 250.2 216.5 132.1 114.2 161.8 171.0 192.5 370.1 229.8 396.3 210.9 65.7 161.4 136.1 270.7 83.3 220.8 245.0 0.0 205.1 99.1 363.5 219.4 116.9 307.3 127.4 11.5 156.8 210.1 90.0 125.3 312.9 90.0
2156.1 100.5 5.4 163.6 201.4 116.9 241.6 220.0 143.4 10.1 199.1 254.7 177.7 241.2 195.2 168.0 152.7 139.2 171.4 89.3 83.7 197.5 277.8 134.5 363.4 115.5 102.9 176.4 92.4 241.1 113.7 238.8 124.1 207.3 216.8 68.4 181.1 92.4 265.5 85.4 128.0 140.6 131.9 134.2 251.0 220.7 92.2 295.8 224.1 210.8 49.6 161.4 69.4 212.4 178.2 214.0 183.6 74.8 185.0 18.5 99.0 178.0 177.8 212.7 197.5 193.5 211.7 90.0 57.0 135.2 180.5 147.0 233.8 16.8 288.1 93.2 292.3 4.0 175.9 161.0 111.8 173.5 164.2 289.0 302.3 305.4 0.0 147.0 212.2 288.2 99.0 138.0 146.6 207.9 136.5 131.4 195.3 193.5 182.9 195.3
2226.2 143.8 144.6 53.3 101.0 192.7 267.5 263.9 146.8 170.2 197.8 227.6 176.4 140.8 37.5 67.6 69.1 128.5 81.4 100.2 111.2 97.1 268.7 104.5 346.9 169.4 114.2 76.0 134.8 274.4 133.1 320.5 67.1 106.9 114.5 167.9 80.7 136.0 238.4 132.9 81.6 129.9 46.9 23.0 294.9 73.6 84.2 268.7 198.2 292.5 167.7 131.3 146.7 112.0 259.9 291.5 192.9 158.8 84.6 168.8 98.7 70.2 84.8 65.6 196.2 102.3 111.8 171.5 177.0 32.9 80.1 145.7 133.4 149.6 289.6 165.1 288.6 165.8 35.3 86.1 66.8 201.0 74.4 193.4 293.2 205.0 149.4 0.0 293.9 195.9 98.7 277.6 38.8 129.2 128.4 127.4 101.6 101.8 234.2 101.6
2121.6 178.3 172.2 319.3 362.9 167.8 182.3 160.7 253.0 156.5 265.8 191.9 260.8 408.1 362.1 334.9 316.7 248.8 281.0 256.2 250.6 367.1 221.7 249.9 304.1 173.5 218.3 343.3 254.2 181.8 230.0 104.8 290.0 374.2 376.4 213.6 348.0 207.8 206.2 200.8 293.8 304.9 295.9 301.1 191.7 387.6 259.1 236.5 166.0 139.2 199.0 280.1 236.3 373.9 106.6 129.7 266.7 192.0 346.5 149.9 265.9 296.3 343.7 379.6 301.7 361.0 378.6 163.0 189.8 300.5 342.0 294.9 395.3 183.7 230.6 239.5 256.4 156.5 342.8 271.7 277.7 191.5 331.1 444.7 243.0 470.3 164.9 324.5 0.0 455.1 265.9 31.8 295.2 385.9 288.4 216.2 362.2 353.1 125.0 362.2
2286.8 287.8 250.3 187.3 73.2 247.6 355.3 398.8 306.4 262.8 288.2 333.4 266.8 105.6 108.2 125.8 153.4 208.3 168.7 200.8 191.3 135.4 257.0 251.0 405.6 302.8 258.2 120.6 199.6 418.4 224.5 421.0 183.2 85.2 60.3 293.9 118.6 269.4 329.3 276.9 162.4 123.7 174.9 235.1 428.3 104.8 171.2 428.3 356.6 393.0 243.1 247.4 209.5 112.3 368.6 396.2 272.7 273.7 89.1 271.2 164.4 216.1 129.5 99.7 286.6 86.7 66.7 297.0 252.4 192.5 93.4 236.1 66.7 236.6 312.0 229.1 377.9 258.4 122.0 232.6 192.4 345.0 154.2 80.0 230.8 98.3 252.6 169.1 394.4 0.0 164.4 338.2 187.8 82.7 223.1 273.3 110.8 82.8 365.1 110.8
2166.7 203.9 83.3 145.0 193.0 133.2 303.7 282.1 231.6 98.3 289.8 313.3 268.4 232.8 186.8 159.6 142.4 209.9 173.4 80.9 33.7 191.8 343.1 172.1 425.5 208.4 163.8 168.0 46.7 303.2 100.9 271.1 115.7 198.9 206.5 156.6 172.7 175.0 327.6 173.6 118.5 38.9 121.6 125.8 313.1 212.3 6.7 357.9 287.4 272.9 90.2 153.0 69.2 204.0 240.3 276.1 274.3 149.6 176.6 107.5 0.0 169.6 122.1 204.3 289.9 95.0 112.6 175.9 99.5 125.2 172.1 237.7 225.4 72.1 352.0 181.4 377.8 98.3 167.5 184.5 105.4 268.9 155.8 140.1 364.4 165.7 88.1 138.6 274.3 279.8 0.0 218.1 138.2 199.5 220.4 222.7 96.2 183.2 246.4 96.2
2102.3 146.4 140.3 287.4 331.0 135.9 150.4 128.8 221.1 124.6 233.9 160.0 228.9 376.2 330.2 303.0 284.8 216.9 249.1 224.3 218.7 335.2 189.8 218.0 272.2 141.6 186.4 311.4 222.3 149.9 198.1 85.5 258.1 342.3 344.5 181.7 316.1 175.9 174.3 168.9 261.9 273.0 264.0 269.2 159.8 355.7 227.2 204.6 134.1 107.3 167.1 248.2 204.4 342.0 74.7 110.4 234.8 160.1 314.6 118.0 234.0 264.4 311.8 347.7 269.8 329.1 346.7 131.1 157.9 268.6 310.1 263.0 363.4 151.8 198.7 207.6 224.5 124.6 310.9 239.8 245.8 159.6 299.2 412.8 211.1 438.4 133.0 292.6 108.7 423.2 234.0 0.0 263.3 354.0 256.5 184.3 330.3 321.2 93.1 330.3
2252.5 126.0 116.3 82.0 100.6 166.7 239.2 225.0 118.5 131.3 197.4 195.8 176.0 140.4 76.4 67.2 97.4 114.3 81.0 128.5 150.1 99.4 243.6 76.2 308.0 130.5 85.9 75.6 163.1 246.1 129.5 262.4 95.4 106.5 114.1 139.6 80.3 97.1 210.1 104.6 121.3 157.5 89.5 150.4 256.0 101.9 123.1 240.4 169.9 264.2 144.1 124.4 165.8 111.6 231.6 252.6 181.9 116.9 84.2 140.5 137.6 31.3 123.7 93.9 197.5 140.6 173.0 143.2 153.4 32.8 79.7 145.3 133.0 131.2 252.5 126.2 260.3 131.3 57.1 46.2 105.7 130.6 63.4 182.4 264.9 208.0 121.1 38.8 265.6 187.4 137.6 254.6 0.0 107.1 128.0 84.4 140.5 90.8 207.3 140.5
2252.9 207.5 197.3 109.0 123.5 224.8 338.6 317.0 228.5 212.3 202.3 303.7 180.9 163.3 48.9 39.9 97.2 122.4 85.9 145.3 147.7 57.1 344.8 168.2 412.4 222.5 177.9 34.7 160.7 338.1 160.6 353.2 112.2 129.4 137.0 224.7 103.2 189.1 314.5 196.6 111.9 109.7 93.6 167.2 348.0 66.4 120.7 344.8 273.1 355.0 204.2 176.4 175.6 134.5 322.4 352.0 186.8 207.9 107.1 220.7 113.9 147.2 70.2 40.4 193.3 105.7 115.2 235.2 213.5 120.8 102.6 150.2 155.9 186.1 355.1 218.2 384.7 207.9 69.5 149.8 122.5 259.1 68.3 205.3 233.4 227.5 202.1 76.9 356.4 207.8 113.9 304.3 115.8 0.0 132.9 198.5 98.1 113.7 297.9 98.1
2211.5 82.1 82.9 128.6 137.0 172.3 203.9 185.5 83.2 90.3 151.2 164.0 129.8 176.8 123.2 116.2 120.0 91.3 123.5 110.4 157.1 143.5 217.4 42.8 272.7 89.5 44.9 122.4 147.8 205.1 96.1 251.2 93.3 142.9 160.9 99.1 127.1 56.1 187.1 63.6 139.6 177.3 101.6 129.0 215.0 138.3 160.2 217.4 145.7 223.2 110.7 83.4 124.8 158.4 198.8 219.0 135.7 78.9 120.6 98.7 172.4 42.3 147.0 140.7 149.6 177.6 219.8 109.8 112.4 79.3 126.5 99.1 183.3 97.8 227.7 85.2 256.3 85.9 110.4 16.8 88.6 149.7 99.8 233.1 241.9 251.4 80.1 64.6 224.6 231.7 172.4 218.2 46.7 165.0 0.0 65.5 170.3 137.6 172.5 170.3
2200.2 56.1 130.9 176.6 185.0 101.0 150.6 142.2 72.8 145.9 199.1 110.7 194.1 224.8 160.8 151.6 175.6 68.6 100.8 158.4 212.7 194.0 155.0 90.8 219.4 64.7 100.5 160.0 203.4 163.3 130.6 206.8 148.9 190.9 198.5 48.8 164.7 61.6 121.5 54.6 195.2 232.9 154.6 146.3 173.2 186.3 207.5 151.8 80.1 180.0 158.7 139.0 180.4 196.0 147.4 164.0 200.0 77.9 168.6 101.6 222.0 79.9 202.6 178.3 128.6 225.6 257.4 73.1 168.0 116.9 164.1 76.4 220.9 145.8 162.1 28.6 171.7 141.5 141.5 72.4 136.6 42.0 147.8 266.8 176.3 289.0 135.7 112.6 181.4 269.3 222.0 166.0 84.3 191.5 108.2 0.0 224.9 175.2 123.1 224.9
2226.0 194.6 159.9 94.3 201.7 192.5 315.2 293.6 245.0 174.9 298.5 346.3 277.1 241.5 195.5 168.3 52.8 218.6 182.1 110.4 110.3 197.8 369.4 162.8 455.0 199.1 154.5 176.7 123.3 314.7 134.1 358.1 79.5 207.6 215.2 205.5 181.4 165.7 357.1 173.2 74.5 35.8 69.9 134.5 324.6 90.4 83.3 387.4 315.7 330.1 166.8 143.7 145.8 212.7 297.5 328.6 283.0 211.8 185.3 183.3 76.5 155.9 25.8 213.0 296.9 41.1 59.3 209.1 176.1 133.9 180.8 246.4 109.2 148.7 379.7 194.8 365.9 170.5 176.2 204.8 89.8 323.5 164.5 86.8 393.9 109.0 164.7 147.3 331.5 142.1 76.5 277.4 146.9 208.2 229.1 235.5 0.0 191.9 274.5 0.0
2268.6 214.0 203.2 85.5 9.7 235.1 275.5 313.0 221.1 218.2 207.0 250.1 185.6 95.8 90.7 46.4 100.9 127.1 90.6 132.0 153.6 46.5 177.3 172.9 322.7 218.5 173.9 39.4 166.6 334.1 164.9 301.9 98.9 61.9 23.2 167.0 35.7 185.1 246.4 192.6 124.8 140.8 93.0 153.9 344.0 108.2 126.6 343.0 272.5 351.7 210.1 163.1 189.1 20.7 319.1 288.9 191.5 204.4 6.3 227.4 141.1 133.9 112.0 82.2 207.1 99.0 82.1 230.7 219.4 107.5 10.6 154.9 42.1 192.0 230.9 146.2 275.0 218.2 78.6 142.9 109.2 221.7 73.0 91.5 147.9 117.1 208.0 74.2 353.1 142.8 141.1 320.0 102.5 68.3 137.6 187.0 126.2 0.0 295.3 126.2
2214.0 119.8 218.1 263.8 239.2 193.9 111.6 108.0 160.0 207.2 142.1 71.7 137.1 312.0 248.0 241.0 259.6 155.8 188.0 244.8 299.9 268.3 98.0 178.0 180.4 116.4 161.2 247.2 286.9 129.1 230.5 138.0 232.9 278.1 252.7 136.6 251.9 150.7 82.5 143.7 281.6 319.3 238.8 261.0 139.0 273.5 294.7 112.8 41.1 181.8 231.7 223.0 267.6 250.2 148.6 125.0 143.0 173.5 222.8 200.6 309.2 167.1 286.6 265.5 178.0 312.8 311.6 146.9 222.5 204.1 218.3 171.2 275.1 233.0 105.1 115.8 152.7 210.1 228.7 159.6 220.6 67.8 235.0 321.0 119.3 346.6 217.5 199.8 168.2 356.5 309.2 166.0 171.5 289.8 232.6 87.1 309.9 229.4 0.0 309.9
2226.0 194.6 159.9 84.1 201.7 192.5 315.2 293.6 245.0 174.9 298.5 342.8 277.1 241.5 195.5 168.3 52.8 218.6 182.1 110.4 110.3 200.5 372.6 162.8 455.0 199.1 154.5 176.7 123.3 314.7 134.1 328.3 79.5 207.6 215.2 205.5 181.4 165.7 357.1 173.2 73.7 37.5 73.6 134.5 324.6 90.4 83.3 387.4 316.9 330.1 166.8 143.7 145.8 212.7 297.5 328.6 283.0 182.8 185.3 184.1 76.5 155.9 25.8 213.0 298.6 41.7 59.3 209.1 176.1 133.9 180.8 246.4 112.7 148.7 381.5 194.8 407.3 174.9 176.2 193.2 89.8 277.6 164.5 86.8 393.9 112.4 164.7 147.3 331.5 142.1 76.5 277.4 146.9 208.2 229.1 231.4 0.0 191.9 275.9 0.0
