Name		0346_BED-Amazon_n124_m261_bt41
Number_of_Customers	124
Number_of_Items		261
Number_of_ItemTypes	41
Number_of_Vehicles	1
TimeWindows		0
Dist_type	manual

VEHICLE
Mass_Capacity	1814
CargoSpace_Length	133
CargoSpace_Width	71
CargoSpace_Height	83

CUSTOMERS
i	x	y	Demand	ReadyTime	DueDate	ServiceTime	DemandedMass	DemandedVolume
0	34.23485	-118.58421	0	0	0	0	0	0
1	34.152882	-118.381212	1	0	0	0	2.15	1080
2	34.15038	-118.390297	4	0	0	0	25.25	18288
3	34.153288	-118.384502	1	0	0	0	4.7	1380
4	34.143977	-118.383341	1	0	0	0	1.9	1176
5	34.150379	-118.385353	1	0	0	0	4.66	4350
6	34.150064	-118.381178	2	0	0	0	9.5	7580
7	34.145908	-118.385585	2	0	0	0	6.85	2460
8	34.147488	-118.382258	1	0	0	0	4.66	4350
9	34.15257	-118.384496	1	0	0	0	3.01	5544
10	34.145801	-118.378984	1	0	0	0	1.9	1176
11	34.153708	-118.381213	2	0	0	0	6.6	2556
12	34.147479	-118.383349	1	0	0	0	4.3	13650
13	34.15149	-118.389968	2	0	0	0	14.06	7110
14	34.14916	-118.384459	2	0	0	0	5.5	8840
15	34.15038	-118.378205	4	0	0	0	24.48	38940
16	34.151976	-118.385509	2	0	0	0	2.6	3816
17	34.147066	-118.386643	1	0	0	0	2.15	1080
18	34.148758	-118.386609	2	0	0	0	6.69	13355
19	34.151129	-118.382251	2	0	0	0	6.56	5526
20	34.146608	-118.381167	1	0	0	0	0.7	2640
21	34.145528	-118.384383	1	0	0	0	9.4	2760
22	34.150379	-118.382667	1	0	0	0	1.99	7163
23	34.148613	-118.389262	2	0	0	0	11.16	11760
24	34.147363	-118.37901	1	0	0	0	4.7	1380
25	34.146751	-118.383085	1	0	0	0	4.7	1380
26	34.148671	-118.382251	4	0	0	0	26.76	14770
27	34.144157	-118.384796	1	0	0	0	7.3	3640
28	34.147031	-118.388013	1	0	0	0	2.08	6240
29	34.148137	-118.384452	2	0	0	0	5.4	4020
30	34.148633	-118.381169	1	0	0	0	2.55	6760
31	34.151795	-118.388886	1	0	0	0	0.7	2640
32	34.146315	-118.380086	1	0	0	0	1.9	1176
33	34.14959	-118.380091	1	0	0	0	1.9	1176
34	34.153507	-118.387742	5	0	0	0	36.16	55716
35	34.149746	-118.38225	1	0	0	0	4.7	1380
36	34.151193	-118.391029	1	0	0	0	4.7	1380
37	34.150379	-118.381936	1	0	0	0	4.7	1380
38	34.150697	-118.380091	3	0	0	0	7.92	12285
39	34.151716	-118.384485	1	0	0	0	0.7	2640
40	34.150722	-118.381185	1	0	0	0	1.9	1176
41	34.148853	-118.384455	3	0	0	0	11.9	7920
42	34.145529	-118.387314	1	0	0	0	4.7	1380
43	34.144968	-118.38765	1	0	0	0	4.7	1380
44	34.14722	-118.38367	1	0	0	0	4.6	8658
45	34.150379	-118.384736	1	0	0	0	2.55	6760
46	34.149678	-118.38776	3	0	0	0	11.26	6906
47	34.146746	-118.384684	2	0	0	0	3.2	6618
48	34.148158	-118.37901	2	0	0	0	5.25	13050
49	34.151856	-118.391031	1	0	0	0	4.7	1380
50	34.151147	-118.383365	2	0	0	0	16.0	5316
51	34.149165	-118.379005	1	0	0	0	7.3	3640
52	34.150381	-118.380602	2	0	0	0	7.61	14900
53	34.152738	-118.387735	1	0	0	0	4.7	1380
54	34.15038	-118.383785	4	0	0	0	12.1	11396
55	34.151342	-118.383364	1	0	0	0	1.9	1176
56	34.151027	-118.38448	2	0	0	0	11.15	7368
57	34.153275	-118.382263	3	0	0	0	13.9	6196
58	34.146749	-118.386376	1	0	0	0	4.7	1380
59	34.149134	-118.386609	3	0	0	0	8.0	7836
60	34.145557	-118.382262	1	0	0	0	4.25	18200
61	34.147531	-118.387712	3	0	0	0	25.2	11688
62	34.148145	-118.386617	1	0	0	0	1.9	1176
63	34.149401	-118.387714	6	0	0	0	34.71	48360
64	34.147153	-118.381169	3	0	0	0	18.83	22128
65	34.148551	-118.380215	1	0	0	0	0.7	2640
66	34.148866	-118.380093	4	0	0	0	21.83	67884
67	34.148077	-118.387709	1	0	0	0	9.4	2760
68	34.148967	-118.381171	2	0	0	0	6.37	15340
69	34.149663	-118.391287	2	0	0	0	5.4	4020
70	34.14797	-118.3856	1	0	0	0	0.7	2640
71	34.150792	-118.38552	2	0	0	0	8.86	9732
72	34.153	-118.388897	2	0	0	0	6.6	2556
73	34.151364	-118.381196	1	0	0	0	1.9	1176
74	34.145985	-118.386641	1	0	0	0	5.46	48321
75	34.14552	-118.385717	4	0	0	0	11.62	30456
76	34.145528	-118.38633	2	0	0	0	6.5	3900
77	34.144551	-118.381161	4	0	0	0	11.31	20667
78	34.153595	-118.383361	1	0	0	0	0.7	2640
79	34.144528	-118.384323	3	0	0	0	11.91	22160
80	34.146159	-118.383349	3	0	0	0	13.11	10944
81	34.150933	-118.38773	2	0	0	0	6.6	2556
82	34.149135	-118.383355	2	0	0	0	10.1	5400
83	34.14453	-118.386167	1	0	0	0	9.4	2760
84	34.147779	-118.384449	3	0	0	0	7.51	15765
85	34.147633	-118.385595	1	0	0	0	4.66	4350
86	34.146473	-118.38226	1	0	0	0	1.9	1176
87	34.152211	-118.379416	2	0	0	0	2.29	6040
88	34.151393	-118.388882	3	0	0	0	7.98	12912
89	34.153299	-118.383365	1	0	0	0	4.7	1380
90	34.155292	-118.37904	1	0	0	0	0.7	2640
91	34.148159	-118.383349	3	0	0	0	7.2	6540
92	34.147848	-118.381172	3	0	0	0	7.48	10260
93	34.153793	-118.384508	1	0	0	0	5.29	8075
94	34.151003	-118.388881	2	0	0	0	5.4	4020
95	34.146096	-118.381166	1	0	0	0	0.7	2640
96	34.146196	-118.388162	1	0	0	0	0.7	2640
97	34.151096	-118.389972	1	0	0	0	2.1	7920
98	34.150379	-118.38598	2	0	0	0	6.55	10808
99	34.144979	-118.379819	2	0	0	0	8.9	6762
100	34.152551	-118.388895	1	0	0	0	4.7	1380
101	34.149388	-118.382252	1	0	0	0	4.66	4350
102	34.144529	-118.385256	2	0	0	0	6.85	2460
103	34.149772	-118.383357	1	0	0	0	4.7	1380
104	34.149815	-118.389956	3	0	0	0	10.2	10220
105	34.147063	-118.382258	1	0	0	0	6.56	27900
106	34.148708	-118.389667	2	0	0	0	5.4	4020
107	34.151373	-118.39208	3	0	0	0	10.65	4812
108	34.147167	-118.385588	1	0	0	0	9.4	2760
109	34.145298	-118.380074	1	0	0	0	5.29	8075
110	34.15038	-118.391349	1	0	0	0	0.7	2640
111	34.149412	-118.385612	1	0	0	0	4.7	1380
112	34.15274	-118.380079	1	0	0	0	0.7	2640
113	34.152856	-118.389969	3	0	0	0	12.92	21004
114	34.151511	-118.380086	1	0	0	0	7.3	3640
115	34.1442	-118.381159	1	0	0	0	4.7	1380
116	34.149125	-118.380091	3	0	0	0	25.22	16360
117	34.145051	-118.388279	1	0	0	0	4.66	4350
118	34.149	-118.389948	3	0	0	0	7.9	7998
119	34.149408	-118.381176	2	0	0	0	9.5	7580
120	34.14816	-118.382253	1	0	0	0	0.7	2640
121	34.152498	-118.379011	2	0	0	0	9.36	5730
122	34.147887	-118.380091	1	0	0	0	1.9	1176
123	34.153565	-118.389969	1	0	0	0	1.93	8424
124	34.149412	-118.389955	1	0	0	0	14.1	4140

ITEMS
Type	Length	Width	Height	Mass	Fragility	LoadBearingStrength
Bt1	10	10	10	14.15	1	0
Bt2	18	12	5	2.15	1	0
Bt3	21	14	4	1.9	1	0
Bt4	23	15	4	4.7	1	0
Bt5	20	18	7	1.8	1	0
Bt6	15	11	16	0.7	1	0
Bt7	34	10	10	1.59	1	0
Bt8	20	14	13	7.3	1	0
Bt9	17	13	18	2.5	1	0
Bt10	29	15	10	4.66	1	0
Bt11	24	12	16	1.75	1	0
Bt12	23	18	13	4.2	1	0
Bt13	28	22	9	3.01	1	0
Bt14	31	20	10	4.8	1	0
Bt15	30	16	13	2.08	1	0
Bt16	26	20	13	2.55	1	0
Bt17	29	19	13	1.99	1	0
Bt18	40	19	10	3.82	1	0
Bt19	25	19	17	5.29	1	0
Bt20	29	19	15	2.52	1	0
Bt21	26	18	18	1.93	1	0
Bt22	22	15	26	3.816	1	0
Bt23	37	13	18	4.6	1	0
Bt24	39	19	12	2.58	1	0
Bt25	30	20	15	1.76	1	0
Bt26	28	18	18	2.75	1	0
Bt27	29	21	15	1.85	1	0
Bt28	40	23	10	4.56	1	0
Bt29	29	27	15	2.11	1	0
Bt30	54	20	11	2.84	1	0
Bt31	26	20	26	2.91	1	0
Bt32	25	21	26	4.3	1	0
Bt33	27	23	24	2.94	1	0
Bt34	39	27	16	7.63	1	0
Bt35	57	15	20	3.44	1	0
Bt36	35	20	26	4.25	1	0
Bt37	38	30	22	12.4	1	0
Bt38	30	30	31	6.56	1	0
Bt39	38	37	20	7.568	1	0
Bt40	59	40	18	5.982	1	0
Bt41	59	39	21	5.46	1	0

DEMANDS PER CUSTOMER
i	Type Quantity
1	Bt2 1	
2	Bt26 1	Bt4 4	Bt5 1	Bt3 1	
3	Bt4 1	
4	Bt3 1	
5	Bt10 1	
6	Bt4 1	Bt14 1	
7	Bt2 1	Bt4 1	
8	Bt10 1	
9	Bt13 1	
10	Bt3 1	
11	Bt4 1	Bt3 1	
12	Bt32 1	
13	Bt4 2	Bt10 1	
14	Bt14 1	Bt6 1	
15	Bt4 3	Bt3 2	Bt33 2	Bt6 1	
16	Bt6 1	Bt3 1	
17	Bt2 1	
18	Bt6 2	Bt19 1	
19	Bt3 1	Bt10 1	
20	Bt6 1	
21	Bt4 2	
22	Bt17 1	
23	Bt25 1	Bt4 2	
24	Bt4 1	
25	Bt4 1	
26	Bt10 1	Bt4 3	Bt6 1	Bt8 1	
27	Bt8 1	
28	Bt15 1	
29	Bt4 1	Bt6 1	
30	Bt16 1	
31	Bt6 1	
32	Bt3 1	
33	Bt3 1	
34	Bt4 2	Bt26 2	Bt37 1	Bt12 1	Bt10 1	
35	Bt4 1	
36	Bt4 1	
37	Bt4 1	
38	Bt4 1	Bt6 1	Bt20 1	
39	Bt6 1	
40	Bt3 1	
41	Bt4 2	Bt5 1	Bt6 1	
42	Bt4 1	
43	Bt4 1	
44	Bt23 1	
45	Bt16 1	
46	Bt10 1	Bt3 1	Bt4 1	
47	Bt6 1	Bt9 1	
48	Bt26 1	Bt9 1	
49	Bt4 1	
50	Bt4 3	Bt3 1	
51	Bt8 1	
52	Bt4 1	Bt31 1	
53	Bt4 1	
54	Bt6 1	Bt3 1	Bt4 1	Bt14 1	
55	Bt3 1	
56	Bt4 2	Bt11 1	
57	Bt8 1	Bt4 1	Bt3 1	
58	Bt4 1	
59	Bt6 2	Bt4 1	Bt3 1	
60	Bt36 1	
61	Bt3 3	Bt6 1	Bt4 4	
62	Bt3 1	
63	Bt8 1	Bt6 1	Bt39 1	Bt30 1	Bt1 1	Bt2 1	
64	Bt4 2	Bt5 1	Bt34 1	
65	Bt6 1	
66	Bt13 1	Bt40 1	Bt4 2	Bt35 1	
67	Bt4 2	
68	Bt22 1	Bt16 1	
69	Bt4 1	Bt6 1	
70	Bt6 1	
71	Bt12 1	Bt10 1	
72	Bt4 1	Bt3 1	
73	Bt3 1	
74	Bt41 1	
75	Bt33 1	Bt24 1	Bt6 2	Bt4 1	
76	Bt5 1	Bt4 1	
77	Bt13 1	Bt27 1	Bt11 1	Bt4 1	
78	Bt6 1	
79	Bt16 1	Bt28 1	Bt14 1	
80	Bt4 2	Bt6 1	Bt13 1	
81	Bt3 1	Bt4 1	
82	Bt4 2	Bt6 1	
83	Bt4 2	
84	Bt4 1	Bt29 1	Bt6 1	
85	Bt10 1	
86	Bt3 1	
87	Bt7 1	Bt6 1	
88	Bt24 1	Bt4 1	Bt6 1	
89	Bt4 1	
90	Bt6 1	
91	Bt5 1	Bt6 1	Bt4 1	
92	Bt15 1	Bt6 1	Bt4 1	
93	Bt19 1	
94	Bt6 1	Bt4 1	
95	Bt6 1	
96	Bt6 1	
97	Bt6 3	
98	Bt11 1	Bt14 1	
99	Bt4 1	Bt12 1	
100	Bt4 1	
101	Bt10 1	
102	Bt4 1	Bt2 1	
103	Bt4 1	
104	Bt14 1	Bt6 1	Bt4 1	
105	Bt38 1	
106	Bt4 1	Bt6 1	
107	Bt2 1	Bt3 2	Bt4 1	
108	Bt4 2	
109	Bt19 1	
110	Bt6 1	
111	Bt4 1	
112	Bt6 1	
113	Bt18 1	Bt12 2	Bt6 1	
114	Bt8 1	
115	Bt4 1	
116	Bt4 3	Bt8 1	Bt22 1	
117	Bt10 1	
118	Bt9 1	Bt6 1	Bt4 1	
119	Bt14 1	Bt4 1	
120	Bt6 1	
121	Bt4 1	Bt10 1	
122	Bt3 1	
123	Bt21 1	
124	Bt4 3	

DISTANCE MATRIX
0.0 2048.7 1993.5 2087.0 2235.4 2091.6 2115.4 2222.8 2150.7 2100.6 2089.3 2034.4 2165.6 2021.9 2167.1 2049.4 2127.0 2157.3 2115.5 2085.7 2133.8 2251.7 2067.4 2172.2 2066.2 2146.9 2119.2 2252.2 2127.2 2172.8 2100.3 2084.6 2124.0 2096.5 2021.2 2093.1 2008.0 2060.9 2056.6 2118.3 2067.9 2160.7 2157.6 2145.9 2165.0 2087.0 2073.0 2174.8 2055.7 1992.5 2090.5 2042.6 2049.6 2028.7 2080.3 2099.4 2100.8 2074.8 2156.3 2074.2 2200.9 2107.7 2136.5 2078.2 2128.7 2077.7 2084.5 2099.1 2108.1 2077.1 2193.4 2111.0 2083.3 2082.4 2175.4 2272.7 2175.7 2185.6 2065.7 2239.6 2180.0 2050.6 2150.8 2273.8 2179.6 2199.2 2156.4 2015.4 2091.7 2071.3 1957.7 2152.1 2128.2 2077.4 2104.4 2148.4 2174.8 2115.1 2098.4 2137.6 2072.8 2136.0 2259.4 2144.5 2029.7 2144.9 2076.2 1990.9 2200.6 2155.8 1982.0 2079.8 2051.2 2095.9 2057.1 2194.3 2088.8 2199.1 2059.0 2118.5 2135.8 1995.8 2103.9 2081.8 2043.2
2091.3 0.0 166.9 107.2 259.0 99.3 66.6 247.2 162.7 120.8 159.2 14.9 177.6 193.1 131.0 110.1 144.2 195.1 212.8 77.6 148.0 246.5 75.1 237.1 136.1 179.1 131.2 275.8 210.1 184.8 100.2 191.5 177.8 107.6 176.8 114.9 199.9 68.6 73.9 126.7 49.7 172.7 292.8 228.8 182.6 94.7 155.9 207.0 125.6 215.4 98.2 112.5 97.5 169.3 88.0 107.1 108.5 61.3 234.6 153.8 216.7 190.6 174.3 161.1 134.0 132.4 120.1 182.0 92.4 252.2 205.4 118.7 196.0 33.6 221.4 263.2 272.4 202.5 85.9 263.2 206.3 147.2 115.4 297.4 191.6 211.2 188.5 59.3 184.4 91.5 104.1 164.1 122.2 97.6 171.7 162.6 257.7 180.0 106.1 189.3 210.8 123.3 283.0 109.1 204.8 172.1 251.3 211.8 219.3 206.8 179.7 134.7 74.4 203.0 59.8 214.8 115.6 282.0 234.1 82.0 147.8 89.4 140.6 188.9 218.3
2061.2 174.6 0.0 156.1 225.5 65.3 113.3 154.0 164.7 137.0 196.7 187.1 144.1 44.4 97.3 138.8 115.7 121.9 87.7 124.7 194.7 194.7 88.7 98.0 173.6 177.2 137.3 191.6 106.4 122.3 146.9 112.8 204.7 134.5 92.7 112.1 32.9 95.4 133.0 117.0 124.3 107.4 178.1 125.1 149.1 69.9 45.8 157.3 163.1 48.4 107.5 150.0 106.7 85.6 76.5 116.4 98.8 174.6 147.1 76.1 218.7 86.9 101.1 57.4 180.7 159.3 147.0 78.3 139.1 83.5 112.2 75.8 131.5 140.4 148.2 170.0 176.3 249.2 161.9 234.8 172.8 63.5 104.7 170.0 129.1 118.0 190.5 180.0 62.4 156.3 207.9 131.2 165.4 153.3 52.6 209.3 154.0 34.6 58.2 226.8 121.0 120.5 184.4 98.4 33.5 174.1 82.6 44.8 126.1 233.7 12.7 86.2 177.1 109.7 149.3 261.5 142.5 178.3 65.8 128.7 149.8 164.8 167.5 126.3 49.6
2134.2 91.8 146.1 0.0 236.4 78.5 158.5 188.1 184.9 13.6 225.8 77.5 155.0 172.3 92.2 147.7 63.1 191.6 159.2 145.5 218.3 185.6 97.6 216.3 202.7 178.1 173.4 253.2 238.0 113.2 190.5 170.7 244.7 143.4 100.8 121.0 179.1 104.3 165.8 31.2 141.6 98.3 222.3 208.0 160.0 73.9 135.1 147.9 192.2 194.6 80.1 179.1 115.6 148.5 104.5 76.0 50.6 90.3 175.5 163.0 232.7 169.8 171.0 140.3 210.2 191.0 155.9 161.2 184.3 231.4 146.3 88.0 150.5 125.5 214.5 192.7 201.9 272.8 51.4 240.6 183.7 126.4 115.6 274.8 120.0 152.1 204.5 151.2 163.6 57.0 147.0 141.5 198.4 13.4 150.9 232.9 285.6 159.2 85.3 255.9 165.5 129.4 260.4 109.3 184.0 194.3 230.5 191.0 160.2 273.7 158.9 120.3 125.9 157.5 151.7 285.1 151.4 291.8 213.3 173.9 170.0 132.3 212.5 143.4 197.5
2268.8 258.3 236.9 245.3 0.0 201.1 174.0 103.7 118.8 226.2 169.4 255.4 80.1 263.1 151.5 199.5 233.5 146.6 179.9 199.1 114.7 72.1 149.4 265.9 157.6 74.5 140.4 48.2 162.8 129.9 157.5 261.5 134.1 192.1 240.6 165.6 269.9 156.1 224.0 208.2 208.0 145.1 122.7 110.2 75.1 205.7 183.7 102.9 199.0 285.4 155.0 210.7 167.4 233.1 185.7 159.1 190.0 249.0 130.5 193.7 77.6 147.8 170.9 178.5 129.6 158.0 180.1 158.0 165.3 341.7 142.6 208.0 284.4 224.1 122.1 93.1 102.3 75.1 204.6 35.6 52.1 211.0 119.5 69.8 123.1 136.8 100.9 270.6 254.4 199.0 264.1 93.6 141.4 258.8 241.7 109.7 175.8 250.0 176.1 88.3 273.9 157.2 55.4 125.8 317.5 109.4 271.8 281.8 128.7 105.1 249.7 168.0 267.7 297.2 239.9 87.4 184.4 155.4 288.6 175.7 133.7 224.3 162.6 352.3 304.0
2128.8 109.2 67.5 114.5 160.1 0.0 47.9 137.3 99.3 95.4 131.3 158.3 78.7 93.7 35.9 73.4 44.8 135.3 102.9 59.3 129.3 129.3 23.3 137.7 108.2 111.8 71.9 176.9 110.7 56.9 81.5 92.1 139.3 69.1 77.4 46.7 100.5 30.0 68.0 85.0 58.9 42.0 166.0 129.4 83.7 4.6 56.5 91.6 97.7 116.0 42.1 84.6 41.3 69.9 11.1 51.0 33.4 109.2 119.2 49.9 153.3 91.2 114.7 61.7 115.3 93.9 81.6 82.6 73.7 152.8 95.5 19.3 121.9 75.0 158.2 136.4 145.6 187.4 130.2 164.3 107.4 47.8 39.3 198.5 63.7 101.3 125.1 114.6 85.0 124.6 142.5 65.2 103.5 112.9 72.3 143.9 158.3 80.6 6.7 161.4 111.4 55.1 184.1 33.0 105.4 108.7 151.9 112.4 109.4 168.3 80.3 35.3 111.7 127.8 83.9 196.1 77.1 182.6 134.7 63.3 84.4 102.7 102.1 144.4 118.9
2118.6 67.1 126.1 125.0 192.3 58.5 0.0 184.9 96.0 105.9 107.2 82.1 110.9 152.3 112.4 49.3 103.4 178.7 142.8 52.6 81.3 179.8 34.3 196.6 84.1 112.4 64.5 209.1 230.4 118.1 33.5 150.7 115.2 45.0 136.0 89.7 159.1 27.8 43.5 85.9 16.8 106.0 226.1 271.1 115.9 53.9 178.2 140.6 73.6 174.6 57.4 60.5 16.9 128.5 45.5 66.3 72.8 113.5 167.9 154.4 150.0 215.4 157.9 178.3 67.3 66.1 57.5 225.6 25.7 211.4 138.7 74.7 180.5 32.9 205.0 196.5 202.8 139.4 153.1 201.6 139.6 106.4 89.2 230.7 124.9 144.5 121.8 91.5 140.7 106.2 118.4 98.0 52.0 164.8 130.9 95.9 278.0 142.5 65.3 137.3 170.0 81.3 216.3 104.5 161.4 105.4 210.5 171.0 152.6 144.2 138.9 132.4 106.6 186.4 92.0 148.1 53.0 295.6 193.7 11.3 81.1 75.3 78.0 203.0 177.5
2241.9 246.6 172.2 196.6 103.8 99.1 147.1 0.0 109.0 177.5 159.6 247.3 88.3 202.5 105.0 172.6 131.5 62.6 98.5 187.4 104.9 42.0 122.5 226.1 197.8 64.7 128.7 120.6 103.4 81.5 145.8 196.8 131.3 168.3 176.8 145.9 205.2 129.2 170.9 157.5 196.3 94.4 45.5 79.8 83.3 103.7 119.0 36.5 187.3 220.7 160.6 183.8 140.2 173.7 114.4 165.4 149.3 247.0 46.5 105.6 119.3 84.0 86.9 119.1 119.8 146.3 168.4 95.4 153.6 269.6 40.6 102.8 225.0 212.4 44.9 11.5 22.2 146.7 210.9 108.7 82.4 147.2 116.8 137.8 74.7 34.8 91.1 217.9 186.8 205.3 241.7 101.2 139.2 199.6 178.6 119.5 98.4 192.7 147.9 156.3 214.5 145.5 123.4 132.1 207.1 99.6 208.0 217.1 25.8 160.3 185.0 66.0 210.9 232.5 183.1 155.4 172.7 115.0 224.5 162.5 123.9 198.6 152.8 279.9 240.2
2187.4 159.6 177.5 189.0 120.0 146.3 92.6 110.1 0.0 169.9 112.2 174.6 57.3 203.7 93.2 118.1 178.7 105.8 126.9 86.0 57.5 107.5 108.9 255.3 114.4 34.2 27.3 136.8 152.2 89.1 62.4 202.1 83.9 97.0 221.2 52.5 210.5 74.7 128.9 149.9 112.9 86.8 154.5 198.8 52.3 105.3 164.3 62.1 103.9 226.0 114.5 129.3 86.0 213.7 129.0 118.6 131.7 135.9 89.7 130.7 53.9 137.2 130.1 159.1 72.4 62.9 85.0 147.4 70.2 262.8 101.8 153.2 231.9 129.0 128.7 124.9 134.1 112.0 164.1 124.2 67.3 191.6 79.0 158.4 82.3 96.0 25.7 166.0 195.0 158.5 187.2 70.8 70.3 202.5 182.3 72.1 199.8 190.6 116.7 129.3 221.4 44.1 144.0 85.3 215.4 9.4 261.2 222.4 87.9 112.9 190.3 113.2 172.6 237.8 144.8 124.3 89.3 224.0 278.0 80.6 14.8 147.4 84.4 254.4 228.9
2193.8 110.9 132.5 19.1 222.8 64.9 108.6 174.5 171.3 0.0 192.0 96.6 141.4 158.7 78.6 134.1 49.5 178.0 145.6 164.6 204.7 172.0 84.0 202.7 168.9 164.5 159.8 239.6 224.4 99.6 176.9 157.1 231.1 129.8 142.4 107.4 165.5 90.7 184.9 17.6 160.7 84.7 208.7 194.4 146.4 60.3 121.5 134.3 158.4 181.0 66.5 145.3 102.0 134.9 90.9 62.4 37.0 109.4 161.9 153.9 219.1 156.2 157.4 126.7 196.6 177.4 142.3 147.6 134.4 217.8 132.7 74.4 169.6 144.6 200.9 179.1 188.3 259.2 70.5 227.0 170.1 112.8 102.0 261.2 106.4 138.5 190.9 170.3 150.0 75.2 166.1 127.9 184.8 32.5 137.3 219.3 272.0 145.6 71.7 222.1 176.4 115.8 246.8 95.7 170.4 180.7 216.9 177.4 146.6 260.1 145.3 106.7 145.0 176.6 170.8 271.5 137.8 278.2 199.7 124.0 156.4 151.4 198.9 162.5 183.9
2117.9 161.8 209.4 208.3 126.7 141.8 134.8 174.6 146.2 189.2 0.0 174.6 151.0 235.6 168.0 79.6 186.7 169.0 201.7 135.9 102.5 143.0 117.6 279.6 24.2 97.4 120.1 143.5 251.5 152.3 101.2 234.0 76.1 97.4 219.3 145.3 242.4 111.1 106.8 169.2 118.1 161.6 193.6 205.5 146.0 137.2 272.4 125.3 34.7 257.9 145.5 46.8 99.8 211.8 128.8 149.6 151.0 185.8 152.9 210.0 92.2 236.5 193.3 267.2 116.5 78.6 85.4 246.7 109.0 294.7 165.0 161.2 263.8 134.2 193.0 164.0 173.2 73.3 195.1 130.9 123.0 189.7 190.4 165.1 145.5 159.2 120.4 110.0 226.9 189.5 130.7 164.5 128.3 217.6 214.2 87.9 246.5 222.5 148.6 28.9 253.3 136.9 150.7 196.7 247.3 136.8 293.8 254.3 151.1 47.1 222.2 188.0 146.3 269.7 122.7 85.6 89.7 250.7 276.6 119.4 161.1 90.9 113.3 286.3 260.8
2076.3 14.3 178.9 92.2 273.3 113.6 80.9 261.6 177.0 105.8 167.9 0.0 191.9 205.1 180.5 122.1 132.2 209.4 172.9 89.6 162.3 258.5 89.4 251.7 144.8 193.4 145.5 290.1 224.4 196.8 114.5 205.8 192.1 121.9 131.3 129.2 214.2 82.9 89.9 123.5 64.0 187.0 302.8 243.1 196.9 109.0 175.5 221.6 136.8 229.7 112.5 121.2 112.1 183.6 100.0 116.4 132.1 70.3 248.9 168.1 231.0 202.6 188.6 173.1 146.0 146.7 132.1 196.3 104.4 277.8 215.4 129.8 181.0 47.9 235.7 273.2 279.5 216.8 70.9 280.3 218.3 161.5 165.0 309.4 203.6 221.2 202.8 73.6 193.5 76.5 89.1 179.0 130.7 82.6 187.6 176.9 272.0 195.3 120.4 200.5 196.0 137.6 297.3 149.7 216.1 186.4 265.6 226.1 230.2 216.2 194.0 189.4 68.0 188.0 74.1 229.1 129.9 296.3 248.8 92.2 162.1 78.0 154.9 173.9 232.6
2188.6 178.1 156.7 165.1 81.3 124.6 93.8 89.4 71.7 146.0 127.9 175.2 0.0 182.9 71.5 119.3 157.0 85.1 105.2 118.9 73.2 68.8 69.2 234.6 129.3 33.0 60.2 98.1 131.5 68.4 77.3 181.3 99.6 111.9 199.5 85.4 189.7 75.9 143.8 128.2 127.8 65.1 119.4 160.1 4.9 129.2 142.6 41.4 118.8 205.2 74.8 130.5 87.2 192.0 105.7 78.9 110.0 168.8 69.0 113.5 87.6 116.5 109.4 137.4 88.1 77.8 99.9 126.7 85.1 242.0 81.1 131.5 211.1 143.9 108.0 89.8 99.0 120.6 124.4 85.5 28.6 169.9 39.3 119.7 61.6 75.3 59.4 190.4 174.2 118.8 188.4 13.5 85.2 178.6 161.5 87.8 179.1 169.8 95.9 133.8 200.6 77.0 105.3 45.6 194.6 67.9 240.5 201.6 67.2 128.6 169.5 91.5 187.5 217.0 159.7 132.9 104.2 188.9 257.3 95.5 56.8 148.6 99.3 272.1 208.1
2093.4 219.9 38.5 169.8 265.8 105.6 153.6 194.3 205.0 183.4 237.0 205.6 184.4 0.0 137.6 179.1 178.8 162.2 128.0 165.0 235.0 235.0 129.0 118.0 213.9 217.5 177.6 251.0 165.8 162.6 187.2 55.1 245.0 174.8 120.8 152.4 71.5 135.7 173.3 201.1 164.6 147.7 196.2 184.5 189.4 110.2 105.2 197.6 203.4 72.8 233.9 190.3 146.7 128.3 116.8 225.0 209.7 208.7 187.4 120.9 259.0 146.3 141.4 116.8 221.0 199.6 187.3 137.7 179.4 105.8 152.5 203.7 73.8 253.6 188.5 210.3 216.6 289.5 179.5 258.5 213.1 89.2 154.0 229.4 169.4 158.3 230.8 279.3 65.1 185.1 275.1 171.5 205.7 160.2 73.3 249.6 213.4 10.4 98.5 267.1 63.3 160.8 243.8 138.7 58.4 214.4 104.9 83.4 166.4 274.0 51.3 126.5 254.0 34.0 189.6 301.8 182.8 237.7 88.1 169.0 190.1 264.0 207.8 50.6 71.9
2165.7 132.2 110.6 95.7 152.1 86.3 66.7 105.7 92.6 76.6 154.3 175.6 70.9 136.8 0.0 96.4 113.9 99.3 67.6 82.3 126.0 97.3 46.3 185.3 131.2 85.8 81.1 168.9 145.7 24.9 98.2 139.4 152.4 92.1 160.8 69.7 147.8 53.0 86.4 56.6 81.9 10.0 130.0 150.9 75.9 42.6 99.0 55.9 120.7 163.3 65.7 107.6 64.0 153.7 34.1 111.0 48.4 176.4 83.2 74.7 140.4 130.7 78.7 99.1 117.9 98.7 104.6 137.7 96.7 211.4 59.5 90.0 169.2 98.0 122.2 104.4 106.7 184.1 129.4 161.4 99.4 131.6 69.2 194.5 27.7 65.3 112.2 137.6 129.4 123.8 165.5 58.0 102.6 109.2 121.2 140.6 193.3 131.2 49.8 184.4 158.7 78.1 176.1 56.0 149.7 102.0 195.0 155.5 74.3 181.4 127.6 53.2 134.7 170.9 106.9 192.8 100.1 199.5 178.2 82.2 77.7 122.4 120.2 191.7 162.0
2069.2 103.3 144.3 143.2 213.6 76.7 62.0 179.9 173.9 124.1 92.4 115.8 132.2 170.5 104.4 0.0 121.6 172.5 138.3 70.8 177.2 201.1 52.5 214.5 69.3 150.0 142.4 230.4 187.5 129.4 123.5 168.9 164.3 62.8 154.2 78.2 177.3 46.0 41.3 104.1 53.0 114.5 225.5 206.2 137.2 72.1 133.3 164.1 58.8 192.8 75.6 87.1 34.7 146.7 65.4 84.5 85.9 130.0 177.5 131.2 227.9 168.0 151.7 138.5 163.2 100.9 107.7 161.7 131.3 229.6 138.1 96.1 198.7 69.1 198.8 195.9 202.2 166.9 130.0 222.9 160.9 124.6 99.2 252.0 136.2 143.9 199.7 88.3 158.9 124.4 83.6 119.3 147.9 156.7 150.7 191.8 235.1 160.7 83.5 122.5 188.2 86.6 237.6 86.5 179.6 183.3 228.7 189.2 152.0 140.7 157.1 112.1 85.4 204.6 57.6 179.2 112.0 259.4 211.9 73.3 159.0 40.5 127.1 221.2 195.7
2168.6 127.7 107.3 69.6 227.0 87.4 131.1 129.3 171.0 50.5 251.7 113.4 145.9 133.5 97.1 156.6 0.0 138.6 105.2 181.4 200.9 167.0 106.5 177.5 228.6 160.7 159.5 243.8 185.0 117.3 176.6 131.9 227.3 152.3 116.8 129.9 140.3 113.2 203.4 40.1 177.5 107.2 170.5 169.2 150.9 82.8 96.3 132.5 218.1 155.8 75.8 167.8 124.2 109.7 97.1 66.9 48.7 116.5 122.5 112.3 215.3 170.0 120.3 140.7 196.3 177.1 199.2 122.4 184.4 192.6 83.1 24.8 155.4 161.4 161.5 140.9 147.2 259.0 85.3 236.3 174.3 87.6 112.9 265.4 124.1 88.9 187.1 187.1 121.9 79.7 182.9 133.0 181.0 68.0 112.1 215.5 232.6 123.7 46.5 279.5 151.2 176.3 251.0 100.2 145.2 180.4 191.7 152.2 97.0 256.3 120.1 57.1 161.8 162.4 187.6 267.7 203.5 240.0 174.9 146.5 156.1 168.2 198.6 148.3 158.7
2240.0 206.5 145.6 203.2 146.9 97.2 145.2 62.8 124.9 184.1 175.5 251.1 104.2 171.8 107.4 170.7 156.1 0.0 62.0 194.0 120.8 86.2 120.6 170.8 204.4 80.6 135.3 163.7 67.7 93.1 152.4 170.2 147.2 166.4 145.5 144.0 178.6 127.3 165.3 164.1 156.2 101.0 56.1 77.4 99.2 101.8 88.6 52.7 193.9 194.1 163.1 181.9 138.6 138.0 108.4 172.0 145.9 243.9 25.1 52.3 135.2 52.7 24.2 83.4 135.7 152.9 175.0 62.9 160.2 246.6 74.5 130.6 189.3 172.3 26.2 65.2 56.0 178.9 217.5 151.1 94.2 115.9 132.4 185.3 90.6 68.7 107.0 211.9 163.1 211.9 239.8 111.6 147.5 205.7 150.4 135.4 115.3 158.7 90.1 199.4 178.8 152.1 170.9 130.3 222.4 115.5 176.7 190.5 60.6 176.2 158.4 90.6 209.0 205.1 181.2 187.6 174.4 125.6 193.5 160.6 131.9 200.0 168.7 221.7 208.9
2199.2 165.7 104.8 180.7 181.1 56.4 104.4 96.2 124.3 161.6 187.8 219.4 102.6 131.0 88.4 129.9 133.6 34.1 0.0 115.8 155.0 120.4 79.8 202.1 164.7 114.8 112.8 197.9 101.9 70.6 129.9 129.4 181.4 125.6 113.8 103.2 137.8 86.5 124.1 141.6 115.4 78.5 90.3 103.5 107.6 61.0 64.2 86.6 154.2 153.3 145.4 141.1 97.8 106.3 67.6 149.5 128.5 165.7 59.3 11.6 169.4 86.9 13.3 51.7 149.6 130.4 138.1 97.1 130.2 201.4 54.4 104.9 157.6 131.5 60.4 99.4 90.2 209.5 193.3 190.4 128.4 84.2 100.9 219.5 77.4 60.2 141.2 171.1 119.4 189.4 199.0 89.7 134.3 174.0 109.6 169.6 149.5 121.2 49.3 217.9 147.1 111.6 205.1 89.5 139.7 133.7 210.9 149.7 68.3 210.4 117.6 68.1 168.2 165.1 140.4 221.8 133.6 159.8 172.4 115.7 109.4 155.9 151.9 181.7 156.2
2133.8 73.5 121.3 120.2 204.1 53.7 56.4 192.3 89.8 101.1 179.8 88.5 122.7 147.5 81.4 81.9 98.6 190.5 154.6 0.0 147.1 191.6 29.5 191.8 156.7 124.1 62.4 220.9 164.5 129.9 113.4 145.9 172.6 77.6 130.8 37.2 154.3 38.5 96.2 81.1 88.3 117.8 237.9 183.2 127.7 49.1 115.6 152.0 146.2 169.8 57.4 133.1 49.8 123.7 40.7 61.5 72.9 49.8 179.6 108.2 143.8 145.0 169.7 115.5 133.1 113.9 90.1 136.4 121.2 217.9 150.5 73.1 175.7 72.2 216.8 208.3 217.5 201.6 107.0 213.4 151.4 101.6 101.0 242.5 136.7 156.3 115.6 79.9 135.9 101.4 146.6 109.8 117.8 133.7 126.1 161.7 212.1 137.7 60.5 209.9 165.2 45.6 228.1 63.5 156.2 99.2 205.7 166.2 164.4 201.6 134.1 89.1 95.0 181.6 80.4 213.9 85.6 236.4 188.9 67.7 74.9 106.8 135.4 198.2 172.7
2200.0 148.5 207.5 222.4 125.8 176.2 81.3 126.0 57.5 203.3 71.7 163.5 73.2 233.7 126.6 130.7 208.6 121.7 166.2 143.3 0.0 123.4 142.5 271.2 117.7 50.1 84.6 142.6 168.1 105.0 47.7 232.1 43.4 97.2 245.9 109.8 240.5 132.0 129.1 183.3 98.2 120.2 170.4 204.6 68.2 135.3 189.0 78.0 107.2 256.0 148.1 141.9 98.6 238.4 160.8 152.2 165.1 193.2 105.6 169.6 87.8 153.1 146.0 183.8 13.9 66.2 85.2 163.3 55.5 292.8 117.7 183.1 261.9 114.3 144.6 140.8 150.0 58.0 197.7 130.0 83.2 216.3 112.6 164.2 98.2 111.9 59.6 172.9 225.0 192.1 182.6 86.7 25.7 235.9 212.3 14.5 215.7 220.6 146.7 85.6 251.4 101.4 149.8 118.9 245.4 48.1 277.1 252.4 103.8 72.4 220.3 143.1 172.8 267.8 145.0 66.7 89.5 239.9 293.9 65.9 72.4 142.8 64.9 284.4 258.9
2248.1 246.1 194.3 178.1 61.7 130.7 153.3 27.4 106.2 159.0 156.8 252.5 77.2 220.5 82.3 178.8 163.1 79.3 120.1 186.9 102.1 0.0 128.7 208.6 197.3 61.9 128.2 78.5 108.4 60.7 145.3 218.9 128.5 174.5 185.8 152.1 227.3 135.4 211.4 139.0 195.8 75.9 50.5 84.8 72.2 135.3 136.6 51.7 186.8 242.8 152.1 190.0 146.7 178.7 116.5 156.2 120.8 236.8 78.1 131.7 103.5 93.4 103.6 124.1 117.0 145.8 167.9 100.4 153.1 274.6 72.2 137.6 230.0 211.9 49.9 20.9 27.2 104.6 201.7 71.0 49.2 156.6 107.6 100.1 53.9 66.4 88.3 258.4 208.9 196.1 247.9 90.1 132.3 191.6 200.7 116.7 103.4 210.7 169.3 114.2 219.5 145.0 85.7 122.9 265.7 96.8 217.4 239.2 57.4 131.0 207.1 97.6 255.5 245.8 227.7 113.3 172.2 120.0 233.9 163.5 121.1 208.1 150.0 262.4 249.6
2119.3 85.8 91.7 90.6 190.2 24.1 24.5 127.3 75.9 71.5 107.9 128.2 108.8 117.9 55.8 50.0 69.0 119.9 144.0 35.9 105.9 177.7 0.0 161.9 84.8 110.2 48.5 207.0 134.9 116.0 58.1 116.3 115.9 45.7 101.6 23.3 124.7 6.6 44.6 51.5 35.5 103.9 172.9 153.6 113.8 19.5 80.7 138.1 74.3 140.2 27.8 61.2 17.9 94.1 11.1 31.9 33.3 85.8 165.7 74.1 129.9 115.4 99.1 85.9 91.9 70.5 58.2 106.8 50.3 177.0 85.5 43.5 146.1 51.6 146.2 143.3 152.5 160.4 77.4 194.4 137.5 72.0 40.2 228.6 122.8 91.3 101.7 91.2 109.2 71.8 119.1 95.3 80.1 104.1 96.5 120.5 182.5 104.8 30.9 138.0 135.6 31.7 214.2 33.9 129.6 85.3 176.1 136.6 99.4 144.9 104.5 59.5 88.3 152.0 60.5 172.7 53.7 206.8 158.9 39.9 61.0 79.3 78.7 168.6 143.1
2180.6 232.3 102.6 257.0 283.2 123.0 168.1 211.7 222.4 194.7 254.4 247.3 201.8 113.9 159.0 193.6 176.4 179.6 142.5 185.4 252.4 249.5 146.4 0.0 231.3 234.9 192.1 270.9 124.1 177.1 204.6 112.1 262.4 192.2 153.4 169.8 135.6 153.1 193.7 174.7 182.0 162.2 209.4 167.3 206.8 127.6 109.9 214.7 217.9 186.8 162.3 207.7 164.4 143.3 131.3 174.1 161.6 239.1 204.8 130.9 276.4 141.7 158.8 112.2 235.5 217.0 201.8 136.0 193.9 82.9 169.9 147.9 161.0 198.1 205.9 224.8 227.7 304.0 219.6 275.7 227.6 121.2 168.5 249.5 186.8 175.7 248.2 240.7 102.1 214.0 265.6 191.9 226.1 247.4 92.3 267.0 152.8 104.1 113.0 281.6 131.4 178.2 263.7 156.1 61.3 231.8 13.8 147.5 183.8 291.4 115.4 143.9 234.8 148.0 207.0 319.2 197.3 201.2 32.4 186.4 207.5 225.8 225.2 164.6 45.2
2093.6 137.5 185.1 184.0 150.9 117.5 129.8 156.5 88.0 164.9 23.0 150.3 103.7 211.3 157.1 55.3 162.4 152.2 205.3 111.6 67.5 153.9 93.3 255.3 0.0 80.6 115.4 167.7 198.6 135.5 96.2 209.7 57.7 91.5 195.0 140.6 218.1 86.8 123.4 144.9 93.8 150.7 200.9 229.7 98.7 112.9 219.5 108.5 10.5 233.6 121.2 22.5 75.5 187.5 104.5 125.3 126.7 161.5 136.1 200.1 116.4 183.6 176.5 214.3 62.4 90.7 79.5 193.8 104.0 270.4 148.2 136.9 239.5 109.9 175.1 171.3 180.5 97.5 170.8 155.1 113.7 165.4 143.1 189.3 128.7 142.4 90.1 85.7 202.6 165.2 106.4 117.2 74.2 193.3 189.9 82.1 246.2 198.2 124.3 53.1 229.0 132.2 174.9 149.4 223.0 78.6 307.6 230.0 134.3 71.3 197.9 173.6 122.0 245.4 139.3 109.8 83.8 270.4 252.3 114.4 102.9 66.6 59.2 262.0 236.5
2211.7 189.6 179.8 172.2 85.7 126.0 116.9 75.8 44.2 153.1 94.8 198.3 23.0 206.0 76.4 142.4 158.4 71.5 124.6 130.3 40.1 73.2 92.3 221.0 99.2 0.0 71.6 102.5 117.9 54.8 88.8 204.4 66.5 120.3 195.7 96.8 212.8 99.0 152.2 133.1 139.3 70.0 120.2 164.5 18.0 130.6 138.8 27.8 141.9 228.3 97.9 153.6 110.3 188.2 112.2 102.0 114.9 180.2 55.4 123.9 54.5 102.9 95.8 133.6 55.0 100.9 108.3 113.1 96.6 296.8 67.5 132.9 234.2 155.4 94.4 90.6 99.8 98.2 147.5 89.9 33.0 166.1 62.4 124.1 48.0 61.7 26.3 198.8 197.3 141.9 205.7 36.5 66.8 185.7 184.6 54.7 165.5 192.9 161.7 124.9 223.7 88.4 109.7 68.7 217.7 34.8 226.9 224.7 53.6 95.5 192.6 92.9 195.9 240.1 168.1 106.9 112.6 189.7 243.7 107.0 59.1 165.9 88.0 295.2 259.1
2160.0 132.2 150.1 157.5 141.6 114.8 65.2 129.8 27.3 138.4 126.0 144.7 60.2 176.3 65.9 90.7 147.2 128.0 92.1 58.6 84.6 129.1 77.4 220.6 102.9 61.6 0.0 158.4 179.6 67.4 50.9 174.7 110.1 85.5 189.7 25.2 183.1 47.3 117.0 118.4 101.4 55.3 175.4 220.4 65.2 119.4 140.1 89.8 92.4 198.6 83.0 101.9 58.6 182.2 97.5 87.1 105.3 108.5 117.1 99.2 81.3 164.6 107.2 127.6 70.6 51.4 73.5 171.6 58.7 235.4 88.0 121.7 204.5 117.5 154.3 145.8 152.1 139.1 132.6 150.9 88.9 160.1 41.1 180.0 74.2 93.8 53.1 138.6 164.7 127.0 159.8 47.3 55.3 171.0 154.9 99.2 227.2 166.5 89.3 156.1 194.0 16.8 165.6 53.8 185.4 36.7 234.5 195.0 101.9 139.1 162.9 81.7 153.7 210.4 133.3 151.4 77.8 244.9 217.7 73.2 12.4 120.0 72.9 227.0 201.5
2295.2 284.7 200.4 262.1 37.8 182.5 200.4 130.1 145.2 252.6 195.8 281.8 106.5 226.6 177.9 225.9 254.9 130.8 131.6 225.5 141.1 98.5 175.8 217.6 184.0 100.9 166.8 0.0 114.5 156.3 183.9 225.0 160.5 218.5 192.3 192.0 233.4 182.5 250.4 234.6 234.4 171.5 82.6 61.9 101.5 187.1 135.4 129.3 225.4 248.9 176.6 237.1 193.8 184.8 193.7 185.5 216.4 275.4 114.6 169.1 104.0 99.5 152.6 130.2 156.0 184.4 206.5 109.7 191.7 293.4 164.0 229.4 236.1 250.5 120.2 109.9 100.7 105.1 231.0 12.5 78.5 162.7 145.9 21.6 149.5 158.2 127.3 297.0 217.9 225.4 290.5 120.0 167.8 252.5 205.2 136.1 127.5 213.5 175.4 114.7 225.6 183.6 7.2 152.2 269.2 135.8 223.5 245.3 150.1 131.5 213.2 189.4 294.1 251.9 266.3 113.8 210.8 107.1 240.3 202.1 160.1 250.7 189.0 268.5 255.7
2191.6 242.1 130.3 192.0 147.5 112.4 160.4 91.2 153.3 205.6 203.9 227.8 132.6 209.8 136.1 185.9 184.8 69.7 61.5 171.8 149.2 103.1 135.8 103.0 220.7 109.0 164.0 109.6 0.0 121.8 181.1 212.3 175.6 181.6 122.2 159.2 163.3 142.5 180.5 192.8 171.4 129.7 54.8 43.1 127.6 117.0 65.3 81.1 210.2 178.8 196.6 197.1 153.8 114.7 123.6 200.7 174.6 240.6 53.5 99.0 163.6 29.4 82.5 60.1 164.1 181.6 194.1 39.6 186.2 178.8 102.9 159.3 242.1 187.5 72.6 82.1 72.9 203.7 201.7 122.2 122.6 92.6 151.8 88.0 119.0 97.1 135.4 227.1 205.2 207.3 255.0 140.3 175.9 182.4 192.5 163.8 47.5 196.7 105.3 217.4 231.6 167.6 102.4 145.5 154.6 143.9 108.9 175.2 89.0 204.6 143.1 119.3 224.2 243.9 196.4 216.0 189.6 103.0 125.7 175.8 160.6 215.2 197.1 260.5 141.1
2187.3 185.3 136.4 117.3 131.1 92.6 92.5 82.6 78.9 98.2 159.6 194.9 57.2 162.6 25.7 118.0 125.0 78.3 69.9 126.1 105.0 72.3 67.9 224.9 136.5 64.8 67.4 147.9 124.7 0.0 84.5 161.0 131.4 113.7 167.1 91.3 169.4 74.6 150.6 78.2 135.0 15.1 109.0 134.4 62.2 97.2 105.3 34.6 126.0 184.9 100.0 129.2 85.6 160.0 57.3 104.1 65.1 176.0 62.2 81.5 119.4 109.7 85.0 105.4 104.2 85.0 107.1 116.7 92.3 233.0 65.8 96.3 190.8 151.1 101.2 79.4 88.6 163.1 149.6 140.4 78.4 137.9 64.5 169.5 6.7 68.5 91.2 197.6 151.0 144.0 187.1 44.3 88.9 130.8 141.2 119.6 172.3 152.8 119.3 183.6 180.3 84.2 155.1 70.8 171.7 88.3 233.7 181.3 59.5 160.4 149.2 59.5 194.7 196.7 166.9 171.8 111.4 178.5 204.0 102.7 64.0 144.0 106.5 213.3 187.8
2152.2 100.7 159.7 174.6 158.7 131.9 33.5 146.9 62.4 155.5 107.1 115.7 77.3 185.9 78.8 82.9 164.3 145.1 112.5 89.6 47.7 146.2 94.5 229.9 84.0 78.8 30.9 175.5 196.8 84.5 0.0 184.3 91.2 66.6 206.8 56.1 192.7 78.3 98.5 135.5 50.4 72.4 192.5 237.5 82.3 87.5 149.9 106.7 73.5 208.2 100.1 94.1 50.8 199.3 113.0 104.2 117.3 139.5 134.3 120.8 116.4 181.8 124.3 144.7 33.7 32.5 54.6 192.0 7.8 245.0 105.1 138.8 214.1 66.5 171.4 162.9 172.1 105.8 149.7 162.9 106.0 177.2 64.6 197.1 91.3 110.9 88.2 125.1 177.2 144.1 152.0 63.8 21.9 188.1 164.5 62.3 244.4 172.8 98.9 133.4 203.6 47.7 182.7 70.9 197.6 71.8 244.1 204.6 119.0 120.2 172.5 98.8 140.2 220.0 114.4 114.5 58.9 262.0 226.9 18.1 47.5 112.2 54.0 236.6 211.1
2104.9 195.0 57.7 144.9 255.4 95.2 143.2 183.9 194.6 158.5 226.6 180.7 174.0 76.3 131.2 168.7 153.9 151.8 128.0 154.6 224.6 218.4 118.6 109.9 203.5 207.1 167.2 224.9 139.7 152.2 176.8 0.0 234.6 164.4 95.9 142.0 90.7 125.3 163.3 176.2 154.2 137.3 170.1 158.4 179.0 99.8 85.5 186.9 193.0 84.3 209.0 179.9 136.6 103.4 106.4 200.1 195.6 193.5 168.8 106.0 248.6 120.2 131.0 90.7 210.6 189.2 176.9 111.6 169.0 143.0 142.1 178.8 29.7 228.7 178.1 197.4 188.2 282.7 154.6 237.5 202.7 63.1 134.6 203.3 159.0 147.9 220.4 254.4 7.1 160.2 250.2 160.5 198.8 135.3 19.7 239.2 187.3 70.8 88.1 256.7 19.2 150.4 217.7 128.3 95.6 204.0 125.9 102.6 156.0 263.6 70.5 116.1 229.1 63.5 254.9 291.4 172.4 211.6 124.9 158.6 179.7 235.5 197.4 80.1 109.1
2194.0 178.5 221.9 248.8 135.6 154.3 124.8 152.4 83.9 229.7 61.9 193.5 99.6 248.1 153.0 124.7 235.0 148.1 191.7 168.8 63.4 149.8 168.9 297.6 104.8 76.5 110.1 152.4 194.5 131.4 91.2 246.5 0.0 69.4 272.3 135.3 254.9 157.5 101.3 209.7 141.7 146.6 196.8 214.4 94.6 149.7 215.4 104.4 94.3 270.4 169.7 88.9 142.1 264.8 187.2 178.6 191.5 206.9 132.0 200.0 101.1 179.5 172.4 210.2 58.3 68.6 57.4 189.7 99.0 307.2 144.1 209.5 276.3 157.8 171.0 167.2 176.4 82.2 224.1 139.8 109.6 242.7 139.0 174.0 124.6 138.3 86.0 147.9 239.4 218.5 172.8 113.1 70.1 262.3 226.7 78.0 242.1 235.0 161.1 59.2 265.8 126.9 159.6 145.3 259.8 74.5 303.5 266.8 130.2 29.0 234.7 169.5 145.0 282.2 117.2 94.5 61.7 259.6 320.3 109.4 98.8 133.0 37.1 298.8 273.3
2124.5 109.0 152.4 151.3 194.0 84.8 80.9 182.2 97.7 132.2 104.0 124.0 112.6 178.6 114.1 55.2 129.7 180.4 147.8 78.9 97.9 181.5 60.6 222.6 80.9 111.0 66.2 210.8 229.0 119.8 47.3 177.0 70.1 0.0 162.3 91.4 185.4 54.1 31.8 112.2 97.8 107.7 227.8 272.8 117.6 80.2 185.2 138.9 70.4 200.9 88.5 66.4 42.8 154.8 73.5 92.6 94.0 137.4 166.5 156.1 148.7 214.0 159.6 180.0 87.0 24.7 12.5 224.2 55.1 237.7 140.4 104.2 206.8 113.9 205.5 198.2 207.4 152.4 138.1 198.2 141.3 132.7 99.9 232.4 126.6 146.2 120.5 78.4 169.9 132.5 124.3 99.1 75.2 203.7 157.2 112.5 276.6 165.5 91.6 129.4 196.3 83.0 218.0 106.2 190.3 107.1 236.8 197.3 154.3 99.1 165.2 134.1 75.5 212.7 47.7 164.7 8.0 297.3 219.6 65.5 82.8 84.5 32.9 229.3 203.8
2118.8 120.2 80.7 69.7 228.6 82.8 130.8 203.7 181.8 83.7 253.8 105.5 203.9 90.6 162.4 155.9 78.7 136.0 104.8 173.5 211.8 184.6 105.8 153.4 230.7 190.1 154.8 190.7 105.9 183.4 164.0 62.9 221.8 152.0 0.0 129.6 113.7 112.9 195.5 101.4 169.6 168.5 136.3 124.2 208.9 87.0 44.9 161.9 220.6 98.6 129.0 207.5 123.5 7.0 95.6 124.9 109.6 109.0 134.6 97.7 235.8 86.0 114.8 56.5 197.8 176.8 164.1 77.4 156.2 165.6 161.9 103.6 61.6 153.5 153.7 163.6 154.0 266.7 79.8 198.2 232.6 28.9 164.9 169.5 189.8 168.1 208.0 179.2 72.9 85.4 175.4 191.0 182.5 60.1 81.1 226.8 153.5 96.7 75.3 283.9 51.1 137.6 183.5 158.6 115.6 191.2 164.7 125.2 175.8 250.8 93.1 136.3 153.9 77.4 179.7 278.6 160.0 177.8 147.9 141.7 166.9 160.3 184.6 94.0 131.7
2134.8 107.0 124.9 123.8 166.8 57.3 40.0 155.0 52.5 104.7 123.4 122.0 85.4 151.1 86.9 65.5 102.2 153.2 120.6 33.4 109.8 154.3 33.1 195.1 100.3 86.8 25.2 183.6 204.8 92.6 73.6 149.5 131.4 61.2 134.8 0.0 157.9 22.1 60.1 84.7 51.0 80.5 200.6 245.6 90.4 52.7 158.0 114.7 89.8 173.4 56.2 76.7 33.4 127.3 44.3 65.1 66.5 83.3 142.3 128.9 106.5 189.8 132.4 152.8 95.8 76.6 73.7 200.0 65.8 210.2 113.2 76.7 179.3 105.7 179.5 171.0 180.2 164.3 110.6 171.0 114.1 105.2 72.7 205.2 99.4 119.0 78.3 113.4 142.4 105.0 134.6 71.9 84.0 178.6 129.7 124.4 252.4 138.0 64.1 153.5 168.8 8.4 190.8 79.0 162.8 61.9 209.3 169.8 127.1 160.4 137.7 106.9 128.5 185.2 113.9 176.6 69.2 270.1 192.1 55.4 37.6 94.8 94.2 201.8 176.3
2075.1 257.9 41.3 207.8 266.9 106.7 154.7 195.4 206.1 221.4 238.1 243.6 185.5 69.5 142.7 180.2 216.8 163.3 148.7 166.1 236.1 236.1 130.1 139.4 215.0 218.6 178.7 275.7 190.5 163.7 188.3 79.8 246.1 175.9 158.8 153.5 0.0 136.8 174.8 239.1 165.7 148.8 219.5 209.2 190.5 111.3 136.3 198.4 204.5 15.5 153.7 191.4 148.1 115.3 117.9 157.8 140.2 256.4 188.5 122.0 260.1 171.0 142.5 141.5 222.1 200.7 188.4 162.4 180.5 124.9 153.6 131.6 98.5 181.8 189.6 211.4 219.4 290.6 217.5 271.1 214.2 113.9 146.1 254.1 170.5 159.4 231.9 221.4 86.9 223.1 336.2 172.0 210.3 198.2 99.6 250.7 238.1 83.4 99.6 268.2 88.0 161.9 268.5 139.8 77.5 215.5 124.0 58.7 167.5 275.1 26.6 127.6 292.0 76.7 190.7 302.9 183.9 262.4 106.8 170.1 191.2 298.4 208.9 93.3 91.0
2112.6 98.3 98.2 97.1 210.2 30.6 17.8 133.8 113.9 78.0 101.2 113.3 128.8 124.4 62.3 43.3 75.5 126.4 111.8 24.7 99.2 197.7 6.4 168.4 78.1 130.3 82.4 227.0 141.4 83.3 51.4 122.8 109.2 39.0 108.1 32.1 131.2 0.0 37.9 58.0 28.8 68.4 179.4 160.1 133.8 26.0 87.2 158.2 67.6 146.7 34.3 54.5 11.2 100.6 17.6 38.4 39.8 74.6 131.4 80.6 167.9 121.9 105.6 92.4 85.2 63.8 51.5 113.3 43.6 183.5 92.0 50.0 152.6 44.9 152.7 149.8 159.0 153.7 83.9 214.4 157.5 78.5 46.7 248.6 90.1 97.8 139.7 104.7 115.7 78.3 112.4 115.3 73.4 110.6 103.0 113.8 189.0 111.3 37.4 131.3 142.1 40.5 234.2 40.4 136.1 123.3 182.6 143.1 105.9 138.2 111.0 66.0 119.8 158.5 53.8 166.0 47.0 213.3 165.4 33.2 99.0 72.6 72.0 175.1 149.6
2100.8 77.5 131.4 130.3 226.0 63.8 49.1 167.0 129.7 111.2 136.0 90.0 144.6 157.6 91.5 54.2 108.7 159.6 125.4 57.9 129.9 213.5 39.6 201.6 112.9 143.0 98.2 242.8 174.6 151.8 79.3 156.0 102.1 31.9 140.9 65.3 164.4 33.1 0.0 91.2 40.1 139.7 212.6 193.3 149.6 59.2 114.0 170.9 102.4 179.9 67.5 100.1 22.1 133.8 50.8 71.6 73.0 105.9 198.5 113.8 180.7 155.1 138.8 125.6 119.0 56.7 44.4 146.5 87.1 216.7 125.2 80.0 185.8 56.2 185.9 183.0 189.3 184.4 117.1 235.3 173.3 111.7 79.9 264.4 158.6 131.0 152.5 46.9 146.0 111.5 113.6 131.7 103.7 143.8 137.8 144.5 222.2 147.8 70.6 161.4 175.3 115.0 250.0 73.6 166.7 139.1 215.8 176.3 140.0 131.1 144.2 99.2 44.0 191.7 16.2 196.7 39.9 246.5 199.0 97.5 114.8 73.8 64.9 208.3 182.8
2176.1 130.9 114.8 39.0 213.1 47.2 90.9 162.3 153.6 19.9 174.3 116.6 131.9 141.0 60.9 116.4 61.4 160.3 127.9 184.6 187.0 154.3 66.3 185.0 151.2 146.8 142.1 229.9 206.7 81.9 159.2 139.4 213.4 112.1 124.7 89.7 147.8 73.0 111.0 0.0 180.7 67.0 191.0 176.7 136.9 42.6 103.8 116.6 140.7 163.3 58.4 127.6 84.3 117.2 82.8 54.3 19.3 129.4 144.2 136.2 201.4 138.5 139.7 109.0 178.9 159.7 124.6 129.9 116.7 200.1 120.5 66.6 169.2 164.6 183.2 161.4 170.6 241.5 72.7 217.3 160.4 95.1 93.9 251.5 88.7 126.3 173.2 190.3 132.3 67.1 186.1 118.4 167.1 52.5 119.6 201.6 254.3 127.9 54.0 204.4 158.7 98.1 237.1 87.6 152.7 163.0 199.2 159.7 134.4 242.4 127.6 114.2 165.0 175.1 190.8 253.8 120.1 260.5 182.0 106.3 138.7 171.4 181.2 182.5 166.2
2128.5 50.2 117.1 116.0 209.2 49.5 16.8 197.4 112.9 96.9 157.6 65.2 127.8 143.3 81.2 60.3 94.4 145.3 163.0 43.6 98.2 196.7 25.3 187.3 134.5 129.3 81.4 226.0 160.3 135.0 50.4 141.7 141.7 56.0 127.0 51.0 150.1 18.8 89.2 76.9 0.0 122.9 243.0 179.0 132.8 44.9 106.1 157.2 124.0 165.6 48.4 71.5 28.2 119.5 36.5 57.3 58.7 93.5 184.8 104.0 166.9 140.8 124.5 111.3 84.2 83.0 105.1 132.2 42.6 202.4 155.6 68.9 171.5 16.0 171.6 213.4 222.6 152.7 102.8 213.4 156.5 97.4 65.6 247.6 141.8 161.4 138.7 74.6 134.6 97.2 141.3 114.3 72.4 129.5 121.9 112.8 207.9 130.2 56.3 183.9 161.0 98.2 233.2 59.3 155.0 122.3 201.5 162.0 169.5 170.7 129.9 84.9 89.7 177.4 75.1 165.0 64.0 232.2 184.3 32.2 98.0 139.7 104.5 194.0 168.5
2172.1 138.6 121.2 102.1 146.0 80.2 77.3 99.6 86.5 83.0 160.7 182.0 64.8 147.4 10.5 102.8 112.6 93.2 57.5 88.7 119.9 87.2 52.7 191.4 137.6 79.7 75.0 162.8 139.6 14.8 92.1 145.8 146.3 98.5 154.7 76.1 154.2 59.4 97.0 63.0 88.3 0.0 123.9 144.8 69.8 84.8 98.2 49.8 127.1 169.7 107.6 114.0 70.4 147.6 40.5 111.7 44.8 138.6 77.1 64.6 134.3 124.6 72.6 93.0 111.8 92.6 111.0 134.8 99.9 217.8 53.4 83.9 175.6 104.4 116.1 94.3 100.6 178.0 135.8 155.3 93.3 125.5 65.7 184.4 21.6 59.2 106.1 144.0 135.8 130.2 171.9 51.9 96.5 115.6 126.0 134.5 187.2 137.6 60.4 190.8 165.1 84.5 170.0 62.4 156.5 95.9 248.6 166.1 67.3 175.3 134.0 47.1 141.1 181.5 113.3 186.7 106.5 193.4 188.8 88.6 71.6 128.8 114.1 198.1 172.6
2205.0 255.5 143.7 205.4 110.0 125.8 173.8 52.7 157.7 213.4 208.3 241.2 125.5 169.9 136.7 199.3 184.3 66.9 74.9 185.2 153.6 48.2 149.2 160.9 234.1 113.4 177.4 126.8 57.8 115.1 194.5 168.3 180.0 195.0 135.6 172.6 176.7 155.9 193.9 193.4 184.8 130.3 0.0 34.2 120.5 130.4 78.7 85.5 223.6 192.2 200.4 210.5 167.2 128.1 137.0 204.5 175.2 254.0 57.9 112.4 151.8 42.8 91.2 73.5 168.5 195.0 207.5 53.0 199.6 236.7 93.4 158.8 179.4 200.9 37.5 27.2 18.0 152.9 215.1 114.2 97.5 106.0 164.9 148.4 108.3 87.6 139.8 240.5 161.2 220.7 268.4 139.0 180.3 195.8 148.5 168.2 52.8 156.8 118.7 162.5 168.9 181.0 134.0 158.9 212.5 148.3 166.8 188.6 79.5 179.3 156.5 118.8 237.6 195.2 209.8 161.6 203.0 69.4 183.6 189.2 172.6 228.6 201.5 211.8 199.0
2199.7 250.2 138.4 200.1 130.7 120.5 168.5 73.4 152.4 213.7 203.0 235.9 131.7 164.6 144.2 194.0 192.9 68.8 69.6 179.9 148.3 68.9 143.9 155.6 228.8 108.1 172.1 66.4 52.5 124.9 189.2 163.0 174.7 189.7 130.3 167.3 171.4 150.6 188.6 200.9 179.5 137.8 20.6 0.0 126.7 125.1 73.4 80.2 218.3 186.9 204.7 205.2 161.9 122.8 131.7 208.8 182.7 248.7 52.6 107.1 162.7 37.5 90.6 68.2 163.2 189.7 202.2 47.7 194.3 231.4 102.0 167.4 174.1 195.6 58.2 47.9 38.7 170.0 209.8 79.0 118.2 100.7 159.9 44.8 118.1 96.2 134.5 235.2 155.9 215.4 263.1 145.2 175.0 190.5 143.2 162.9 65.5 151.5 113.4 183.2 163.6 175.7 59.2 153.6 207.2 143.0 161.5 183.3 88.1 200.0 151.2 127.4 232.3 189.9 204.5 182.3 197.7 65.1 178.3 183.9 167.3 223.3 196.2 206.5 193.7
2193.6 183.1 161.7 170.1 76.3 129.6 98.8 84.4 72.3 151.0 122.9 180.2 4.9 187.9 76.5 124.3 162.0 80.1 110.2 123.9 68.2 63.8 74.2 229.6 134.3 28.0 65.2 93.1 126.5 63.4 82.3 186.3 94.6 116.9 204.3 90.4 194.7 80.9 148.8 133.2 132.8 70.1 114.4 155.1 0.0 134.2 147.4 36.4 123.8 210.2 75.0 135.5 92.2 196.8 112.3 83.9 115.0 173.8 64.0 114.0 82.6 111.5 104.4 142.2 83.1 82.8 104.9 121.7 90.1 247.0 76.1 136.5 216.1 148.9 103.0 84.8 94.0 115.6 129.4 80.5 23.6 174.7 44.3 114.7 56.6 70.3 54.4 195.4 179.2 123.8 193.4 18.4 90.2 183.6 166.5 82.8 174.1 174.8 100.9 128.8 205.6 82.0 100.3 50.6 199.6 62.9 235.5 206.6 62.2 123.6 174.5 96.5 192.5 222.0 164.7 127.9 109.2 183.9 252.3 100.5 61.8 153.6 104.3 277.1 213.1
2133.4 104.6 72.1 119.1 155.5 4.6 43.3 132.7 94.7 100.0 126.7 162.9 74.1 98.3 31.3 68.8 49.4 130.7 98.3 54.7 124.7 124.7 18.7 142.3 103.6 107.2 67.3 172.3 115.3 52.3 76.9 96.7 134.7 64.5 82.0 42.1 105.1 25.4 63.4 89.6 54.3 37.4 161.4 134.0 79.1 0.0 61.1 87.0 93.1 120.6 42.3 80.0 36.7 74.5 8.1 46.4 28.8 104.6 114.6 54.5 148.7 95.8 110.1 66.3 110.7 89.3 77.0 87.2 69.1 157.4 90.9 23.9 126.5 70.4 153.6 131.8 141.0 179.2 134.8 159.7 102.8 52.4 34.7 193.9 59.1 96.7 120.5 110.0 89.6 129.2 137.9 60.6 98.9 117.5 76.9 139.3 162.9 85.2 11.3 156.8 116.0 50.5 179.5 28.4 110.0 104.1 156.5 117.0 104.8 163.7 84.9 84.6 107.1 132.4 79.3 191.5 72.5 187.2 139.3 58.7 79.8 98.1 97.5 149.0 123.5
2126.2 176.7 64.9 126.6 207.2 47.0 100.3 128.4 146.4 140.2 178.4 155.1 125.8 96.4 75.7 113.2 128.3 103.6 69.4 106.4 176.4 176.4 70.4 151.9 155.3 158.9 124.3 139.3 54.1 104.0 128.6 89.5 186.4 116.2 49.5 93.8 97.9 77.1 107.4 98.7 106.0 81.8 84.5 72.8 130.8 51.6 0.0 131.4 144.8 113.4 99.3 131.7 81.1 49.3 65.1 98.1 85.6 167.9 83.2 67.6 200.4 34.6 82.8 0.0 162.4 141.0 128.7 32.4 120.8 142.9 93.9 64.6 105.9 122.1 129.9 106.5 152.4 227.2 136.3 141.5 147.2 19.9 91.7 112.4 116.1 99.7 172.2 161.7 72.2 141.9 189.6 105.6 139.8 117.0 62.4 191.0 101.7 74.0 32.6 208.5 90.1 102.2 138.5 80.1 100.2 155.8 169.5 102.5 100.5 215.4 77.7 67.9 158.8 109.1 131.0 243.2 129.5 126.0 132.5 103.1 131.5 142.5 149.2 133.0 109.0
2232.0 217.5 170.9 162.0 94.1 98.1 137.2 52.3 72.1 142.9 122.7 229.0 51.4 197.1 70.4 162.7 130.5 43.6 84.4 158.5 68.0 53.6 112.6 212.7 127.1 27.8 99.8 110.9 90.0 44.6 116.7 195.8 94.4 148.2 167.1 124.7 204.2 119.3 180.0 122.9 167.2 59.8 90.0 99.7 46.4 102.7 105.6 0.0 170.6 219.7 121.5 173.9 130.6 160.3 100.7 130.4 114.7 217.8 27.5 96.0 82.4 75.0 67.9 105.7 82.9 129.3 136.2 82.0 124.8 256.2 39.6 101.8 211.6 183.3 66.5 60.4 66.7 122.5 175.9 103.7 41.4 137.9 81.8 132.8 37.8 33.8 54.2 226.7 185.8 170.3 231.8 64.3 98.2 175.5 177.6 82.6 137.6 187.6 133.8 146.6 201.1 116.3 118.4 97.1 247.7 62.7 198.7 216.1 24.8 123.4 184.0 65.0 223.8 227.4 196.0 134.8 140.8 159.5 215.5 139.0 87.0 188.7 115.9 278.9 230.9
2083.1 127.0 174.6 173.5 161.4 107.0 140.3 171.4 98.5 154.4 33.5 139.8 114.2 200.8 171.8 44.8 151.9 162.7 203.5 101.1 78.0 164.4 82.8 244.8 10.5 91.1 125.9 178.2 209.1 146.0 106.7 199.2 68.2 102.0 184.5 151.1 207.6 76.3 71.6 134.4 83.3 161.2 211.4 240.2 109.2 102.4 224.7 119.3 0.0 223.1 105.9 12.0 65.3 177.0 94.0 114.8 121.3 160.3 146.6 210.6 126.9 194.1 187.0 224.8 72.9 43.8 90.0 201.1 114.5 259.9 158.7 123.2 229.0 99.4 185.6 181.8 188.1 108.0 160.3 170.7 124.2 154.9 144.6 199.8 139.2 152.9 100.6 75.2 189.2 154.7 95.9 127.1 88.2 182.8 179.4 92.6 256.7 191.0 113.8 63.6 218.5 142.7 185.4 159.9 209.9 89.1 259.0 219.5 144.8 81.8 187.4 184.1 111.5 234.9 87.9 120.3 94.3 280.9 242.2 129.0 113.4 56.1 69.7 251.5 226.0
2065.2 242.4 92.6 192.3 282.4 122.2 170.2 210.9 221.6 205.9 253.6 228.1 201.0 54.0 158.2 195.7 201.3 178.8 163.3 181.6 251.6 251.6 145.6 174.3 230.5 234.1 194.2 260.2 175.0 179.2 203.8 64.3 261.6 191.4 143.3 169.0 15.5 152.3 190.3 223.6 181.2 164.3 205.4 193.7 206.0 126.8 120.8 213.9 220.0 0.0 251.6 206.9 163.6 99.8 133.4 247.5 243.0 240.9 204.0 137.5 275.6 155.5 158.0 126.0 237.6 216.2 203.9 146.9 196.0 159.9 169.1 226.2 83.0 276.1 205.1 226.9 223.5 306.1 202.0 272.8 229.7 98.4 161.6 238.6 186.0 174.9 247.4 301.8 71.4 207.6 326.3 187.5 225.8 182.7 84.1 266.2 222.6 67.9 115.1 283.7 72.5 177.4 253.0 155.3 112.5 231.0 159.0 74.2 183.0 290.6 42.1 143.1 276.5 61.2 206.2 318.4 199.4 246.9 141.8 185.6 206.7 282.9 224.4 77.8 126.0
2161.4 114.6 100.1 90.2 156.2 32.5 57.2 162.0 114.5 75.9 145.4 105.1 74.8 131.1 89.5 82.7 82.2 160.0 124.7 161.7 148.1 138.9 32.6 170.3 122.3 107.9 98.2 168.2 148.1 100.0 120.1 129.5 169.7 83.2 109.6 56.0 137.9 44.1 81.7 64.7 73.0 83.1 194.3 162.0 75.0 32.7 99.2 116.6 107.0 153.4 0.0 98.7 50.6 107.3 24.3 8.9 41.7 103.4 139.1 82.5 162.5 128.6 139.8 99.1 135.0 120.6 90.9 120.0 123.1 201.5 120.6 56.7 154.5 153.1 178.1 164.7 169.1 194.3 49.5 165.5 98.7 80.4 35.4 194.6 106.8 121.6 129.5 178.8 114.7 48.7 169.8 57.1 124.5 108.5 104.9 162.7 195.7 116.5 44.1 208.7 144.0 64.4 180.2 24.3 135.4 123.9 184.5 145.0 129.7 203.5 112.9 114.3 153.5 165.2 179.3 203.0 86.4 220.0 167.7 72.6 99.6 155.1 137.3 177.0 156.3
2071.0 158.4 162.5 161.4 174.5 94.9 91.2 180.1 108.0 142.3 46.6 127.7 122.9 188.7 124.4 32.7 139.8 175.8 158.1 89.0 91.1 177.5 70.7 232.7 23.5 104.2 76.5 191.3 222.2 130.1 57.6 187.1 81.3 53.8 172.4 101.7 195.5 64.2 85.7 122.3 108.1 118.0 224.5 253.3 122.3 90.3 195.5 132.1 13.0 211.0 98.6 0.0 52.9 164.9 81.9 102.7 104.1 138.9 159.7 161.9 140.0 207.2 169.9 190.3 86.0 35.0 41.8 217.4 65.4 247.8 150.7 114.3 216.9 124.2 198.7 194.9 204.1 121.1 148.2 178.7 137.3 142.8 110.2 212.9 136.9 156.5 113.7 63.1 180.0 142.6 83.8 109.4 85.5 170.7 167.3 105.7 269.8 175.6 101.7 76.7 206.4 93.3 198.5 116.5 200.4 102.2 246.9 207.4 157.9 94.9 175.3 144.4 129.4 222.8 101.6 133.4 46.1 294.0 229.7 75.8 93.1 44.0 61.2 239.4 213.9
2101.3 68.5 109.2 108.4 217.8 41.9 26.9 149.5 125.5 89.3 89.9 81.0 140.4 135.4 69.6 32.0 86.5 137.7 103.2 35.7 125.7 209.3 17.7 179.7 66.8 138.8 94.3 234.6 152.7 94.3 75.1 134.1 97.9 27.7 119.0 43.4 142.5 11.2 26.5 69.3 18.2 79.4 190.7 171.4 145.4 37.3 103.8 167.0 56.3 158.0 40.8 43.2 0.0 111.9 28.9 49.7 61.1 95.6 142.7 96.4 176.5 132.9 116.9 103.4 114.8 52.5 40.2 126.9 82.9 206.1 103.3 58.1 163.9 34.3 164.0 160.8 167.4 168.0 95.2 227.1 169.1 89.5 67.0 256.2 101.1 109.1 148.3 92.9 123.8 89.6 101.1 127.8 99.8 121.9 115.9 140.3 200.3 125.6 48.7 120.0 153.4 51.8 241.8 51.7 144.4 134.9 193.9 154.4 118.1 126.9 122.3 77.3 108.0 169.8 42.5 176.7 35.7 224.6 177.1 38.5 110.6 58.0 60.7 186.4 160.9
2111.7 127.3 73.2 77.2 221.5 75.3 123.3 164.0 174.7 90.8 206.7 113.0 154.1 83.1 111.3 148.8 86.2 128.5 86.7 181.0 204.7 177.1 98.7 143.4 183.6 183.0 147.3 183.6 98.4 132.3 156.9 55.8 214.7 144.5 7.4 122.1 106.2 105.4 201.3 108.5 177.1 117.4 128.8 117.1 159.1 79.9 44.2 155.1 173.1 91.1 136.5 160.0 116.7 0.0 88.1 132.4 127.9 125.8 127.5 90.6 228.7 78.9 107.7 49.4 190.7 169.3 157.0 70.3 149.1 158.5 122.2 111.1 54.5 161.0 146.6 156.1 146.9 259.2 86.9 196.2 182.8 21.8 114.7 162.0 139.1 128.0 200.5 186.7 62.9 92.5 182.5 140.6 178.9 67.6 75.6 219.3 146.0 86.3 68.2 236.8 44.0 130.5 176.4 108.4 111.1 184.1 157.6 118.1 136.1 243.7 86.0 96.2 161.4 70.3 187.2 271.5 152.5 170.3 140.4 138.7 159.8 167.8 177.5 86.9 124.6
2129.9 96.4 78.8 77.7 147.3 11.2 35.1 153.5 88.1 58.6 120.1 155.3 65.9 105.0 40.6 62.2 56.1 107.0 115.8 48.1 116.5 136.4 10.5 149.0 97.0 99.0 59.1 164.1 122.0 91.1 68.7 105.1 128.1 56.3 90.0 33.9 113.5 17.2 56.4 40.3 46.1 80.6 185.4 140.7 72.5 8.3 67.8 107.7 84.9 129.0 34.1 73.4 29.8 81.2 0.0 38.2 32.1 96.4 136.6 65.7 140.5 102.5 130.9 74.7 102.5 81.1 68.8 96.2 60.9 177.1 113.3 32.3 133.2 62.2 174.0 155.8 162.1 176.2 113.1 156.6 96.2 59.1 32.9 185.7 97.9 117.5 112.3 101.8 93.4 105.8 129.7 54.6 88.8 91.2 83.6 131.1 169.6 96.9 18.0 148.6 122.7 42.3 171.3 20.2 113.7 97.5 163.2 123.7 128.1 155.5 91.6 48.3 98.9 139.1 72.7 184.9 64.3 193.9 148.1 48.0 73.2 88.2 89.3 155.7 130.2
2170.3 110.5 109.0 86.1 160.3 41.4 66.1 166.5 118.6 67.0 149.5 96.2 78.9 135.2 98.4 91.6 86.3 164.1 132.1 164.2 152.2 147.8 41.5 179.2 126.4 112.0 107.1 177.1 152.2 104.1 124.2 133.6 178.6 87.3 118.9 64.9 142.0 48.2 86.2 68.8 160.3 92.0 198.4 170.9 83.9 36.8 98.0 120.4 115.9 157.5 8.9 102.8 59.5 111.4 28.4 0.0 50.6 109.0 148.0 91.4 166.6 132.7 143.9 103.2 143.9 124.7 99.8 124.1 132.0 194.3 124.7 60.8 163.4 144.2 187.0 168.8 178.0 203.2 45.4 164.5 107.6 89.3 39.5 198.7 110.9 130.5 138.4 169.9 126.5 39.8 165.7 65.4 132.1 99.6 113.8 166.8 199.8 122.1 48.2 212.8 152.9 73.3 184.3 33.2 146.9 128.0 193.4 153.9 138.6 207.6 121.8 118.4 144.6 169.3 170.4 211.9 95.3 224.1 176.2 81.5 103.7 151.0 146.2 185.9 160.4
2162.4 144.0 101.1 52.1 199.4 33.5 82.3 148.6 139.9 33.0 160.6 129.7 118.2 132.4 47.2 97.0 72.7 146.6 105.2 88.6 173.3 145.7 52.6 171.6 137.5 133.1 128.4 216.2 193.0 73.3 145.5 125.7 199.7 98.4 104.9 76.0 134.1 59.3 96.9 13.0 88.2 58.4 177.3 163.0 123.2 28.9 89.7 102.9 121.3 149.6 66.6 113.9 70.6 103.5 34.7 67.4 0.0 137.6 130.5 112.3 187.7 129.9 126.0 89.6 165.2 146.0 105.2 116.2 97.3 186.4 106.8 52.9 160.6 177.7 169.5 142.0 156.9 225.7 85.8 208.7 141.0 81.4 113.4 232.1 80.1 112.6 159.5 208.5 110.0 80.2 199.2 99.6 144.2 65.6 105.9 187.9 240.6 111.8 40.3 185.0 145.0 84.4 217.7 95.8 136.4 149.3 185.5 140.3 120.7 228.7 113.9 100.5 178.1 161.4 113.2 240.1 100.7 246.8 163.0 92.6 125.0 184.5 167.5 178.0 146.8
2107.2 64.8 176.5 95.5 268.6 118.2 123.9 256.8 154.3 109.1 198.1 50.5 187.2 202.7 187.8 137.1 144.8 255.0 219.5 64.4 204.9 256.1 94.0 256.3 175.0 188.6 117.6 285.4 229.0 185.1 157.1 210.4 216.7 146.5 134.6 101.7 218.8 125.5 105.2 126.8 106.6 173.0 302.4 247.7 192.2 113.6 170.8 216.5 164.8 234.3 107.8 151.4 136.4 142.1 97.6 119.3 128.1 0.0 244.1 163.4 208.3 209.5 234.2 170.7 181.6 171.3 159.4 200.9 140.0 271.1 215.0 137.6 184.3 90.5 281.3 263.5 282.0 259.4 74.2 268.6 206.6 156.8 165.2 297.7 201.2 220.8 180.1 88.9 200.4 79.8 120.0 165.0 166.3 85.9 190.6 219.5 276.6 192.9 125.4 218.9 199.3 110.1 283.3 153.0 221.1 163.7 260.9 230.7 228.9 245.7 198.6 192.3 98.9 200.6 98.7 271.7 154.9 300.9 253.4 138.9 139.4 105.3 179.5 177.2 227.9
2250.6 245.1 148.3 189.6 121.7 107.8 155.8 37.6 99.7 170.5 150.3 245.8 79.0 174.5 93.8 181.3 140.2 16.0 78.1 185.8 95.6 79.7 131.2 165.5 154.7 55.4 127.1 138.5 62.4 72.2 144.3 172.9 122.0 175.8 140.2 152.3 181.3 137.9 207.7 150.5 194.8 87.4 68.8 72.1 74.0 112.4 83.3 27.5 196.0 196.8 153.9 192.5 149.2 132.7 120.6 158.0 132.3 235.7 0.0 68.4 110.0 47.4 40.3 78.1 110.5 155.0 163.8 57.6 152.1 241.3 49.3 114.7 184.0 210.9 38.9 53.6 62.8 153.7 203.5 125.9 69.0 110.6 118.4 160.1 65.4 43.5 81.8 254.3 165.8 197.9 250.4 92.5 122.3 200.4 153.1 110.2 110.0 161.4 106.2 174.2 173.5 143.9 145.7 124.7 217.1 90.3 171.4 193.2 35.4 151.0 161.1 74.7 251.4 199.8 223.6 162.4 168.1 138.3 188.2 162.5 114.6 210.6 143.5 216.4 203.6
2192.1 154.1 97.7 140.1 192.7 49.3 97.3 107.8 131.4 121.0 176.2 169.1 114.2 123.9 80.8 118.3 140.7 41.2 11.6 104.2 162.1 132.0 72.7 163.4 153.1 121.9 116.8 209.5 113.5 82.2 130.9 122.3 184.2 114.0 125.0 96.1 130.7 74.9 117.0 96.5 108.3 85.6 97.4 115.1 114.7 49.4 64.0 98.5 147.1 146.2 96.3 129.5 90.7 113.4 56.0 100.4 78.3 163.4 66.4 0.0 176.5 98.5 24.9 63.3 160.2 137.5 131.0 104.2 123.1 178.5 66.0 112.0 152.1 124.4 72.0 106.5 104.7 216.6 145.9 202.0 140.0 91.3 97.7 226.6 89.0 67.3 152.8 164.0 112.3 140.3 187.4 96.8 144.9 185.6 104.1 176.7 161.1 114.1 42.2 210.8 137.1 104.5 216.7 82.4 128.5 145.3 218.0 138.1 80.8 217.5 106.0 65.7 161.1 153.5 128.8 233.4 122.0 171.4 165.3 112.7 121.0 152.1 147.0 170.1 144.6
2241.4 213.6 231.5 236.8 79.1 190.6 146.6 127.0 53.9 217.7 122.5 228.6 87.6 257.7 141.0 172.1 223.0 136.1 180.9 140.0 67.8 95.4 156.9 285.6 168.4 64.5 81.3 95.9 182.5 119.4 116.4 256.1 94.2 148.0 260.3 106.5 264.5 128.7 179.9 197.7 166.9 134.6 146.0 157.9 82.6 195.2 203.4 92.4 157.9 280.0 162.5 183.3 140.0 252.8 176.8 166.6 179.5 189.9 120.0 184.0 0.0 167.5 160.4 198.2 82.7 116.9 136.0 177.7 124.2 361.4 132.1 197.5 285.9 183.0 145.4 116.4 125.6 65.7 212.1 83.3 75.4 230.7 127.0 117.5 112.6 126.3 28.1 220.0 249.0 206.5 233.4 101.1 94.5 250.3 236.3 82.4 198.9 244.6 170.7 75.3 275.4 98.1 103.1 133.3 269.4 44.5 291.5 276.4 118.2 92.1 244.3 157.5 223.6 291.8 195.8 74.4 140.3 203.1 308.3 134.6 68.8 193.6 115.7 308.4 323.7
2162.1 212.6 100.8 162.5 142.5 82.9 130.9 117.9 146.0 176.1 214.3 198.3 124.3 127.0 106.6 156.4 155.3 73.8 57.9 142.3 185.3 98.1 106.3 142.1 191.2 104.0 134.5 104.6 19.4 92.3 151.6 125.4 210.8 152.1 92.3 129.7 133.8 113.0 150.6 163.3 141.9 100.2 49.8 38.1 129.3 87.5 35.8 75.8 180.7 149.3 162.3 167.6 124.3 85.2 95.7 171.2 145.1 201.4 48.5 65.0 200.0 0.0 53.0 30.6 171.3 152.1 164.6 6.9 156.7 198.3 76.1 129.8 136.5 158.0 100.1 77.1 67.9 239.8 172.2 112.1 153.0 63.1 122.6 83.0 99.1 81.9 171.8 197.6 115.4 177.8 225.5 111.4 156.0 152.9 105.6 199.9 67.0 117.2 75.8 244.4 126.0 138.1 97.4 116.0 135.7 155.4 128.4 145.7 90.0 239.8 113.6 89.8 194.7 152.3 166.9 252.1 160.1 91.3 144.9 142.2 131.1 182.4 173.6 168.9 160.6
2215.7 182.2 121.3 178.9 167.7 72.9 120.9 83.6 122.5 159.8 196.3 237.6 100.8 147.5 83.1 146.4 131.8 20.7 37.7 169.7 141.6 107.0 96.3 191.6 180.1 101.4 111.0 184.5 88.5 68.8 128.1 145.9 168.0 142.1 132.0 119.7 154.3 103.0 141.0 139.8 131.9 76.7 76.9 98.2 105.8 77.5 75.1 73.5 169.6 169.8 138.8 157.6 114.3 124.5 84.1 147.7 121.6 219.6 45.9 28.0 156.0 73.5 0.0 69.9 147.8 128.6 150.7 83.7 135.9 206.6 52.6 106.3 175.7 148.0 47.0 86.0 76.8 196.1 193.2 171.9 115.0 102.4 108.1 206.1 75.6 58.4 127.8 187.6 138.8 187.6 215.5 87.3 136.0 192.2 126.1 156.2 136.1 134.4 65.8 220.2 165.2 127.8 191.7 106.0 159.2 131.9 197.5 166.2 66.5 197.0 134.1 66.3 184.7 181.6 156.9 208.4 150.1 146.4 214.3 136.3 107.6 175.7 150.1 198.2 172.7
2131.4 181.9 70.1 131.8 212.4 52.2 100.2 140.9 151.6 145.4 183.6 167.6 131.0 96.3 84.2 125.7 140.8 108.8 74.6 111.6 181.6 127.6 75.6 171.6 160.5 164.1 124.2 134.1 48.9 109.2 133.8 94.7 191.6 121.4 61.6 99.0 103.1 82.3 119.9 103.9 111.2 94.3 79.3 67.6 136.0 56.8 0.0 143.9 150.0 118.6 99.2 136.9 93.3 54.5 65.0 103.3 95.7 171.1 78.0 67.5 205.6 29.4 88.0 0.0 167.6 146.2 133.9 20.8 126.0 166.7 99.1 73.9 105.8 127.3 135.1 106.6 97.4 236.1 141.5 141.6 159.7 32.4 98.0 112.5 116.0 104.9 177.4 166.9 84.7 147.1 194.8 118.1 152.3 122.2 74.9 196.2 96.5 86.5 45.1 213.7 95.3 107.4 126.9 85.3 108.0 161.0 157.9 115.0 113.6 220.6 82.9 73.1 164.0 121.6 136.2 248.4 129.4 120.8 137.7 111.5 136.7 151.7 154.4 138.2 121.5
2186.0 134.5 193.5 214.3 130.8 125.9 67.3 120.9 52.4 195.2 86.6 147.0 68.1 219.7 118.5 116.7 203.5 116.6 148.9 129.3 13.9 118.3 134.2 263.2 103.7 45.0 70.6 147.6 163.0 99.9 33.7 218.1 58.3 86.3 240.8 95.8 226.5 118.0 117.8 175.2 84.2 112.1 165.3 209.6 63.1 121.3 178.6 72.9 93.2 242.0 135.0 127.9 84.6 233.3 152.7 143.9 162.1 188.5 100.5 160.5 82.7 148.0 140.9 178.7 0.0 52.2 74.3 158.2 41.5 329.2 112.6 174.8 247.9 100.3 139.5 135.7 142.0 68.4 189.4 140.1 78.1 211.2 97.9 169.2 93.1 106.8 54.5 158.9 208.1 183.8 185.8 81.0 15.3 227.8 198.3 28.5 210.6 209.9 132.7 99.6 237.4 87.4 154.8 110.6 228.8 43.0 272.0 238.4 97.8 87.3 206.3 138.0 161.9 253.8 134.1 80.7 78.6 234.8 288.5 51.9 67.3 142.7 73.7 270.4 244.9
2158.6 123.3 182.3 185.1 169.2 142.4 56.1 157.4 72.9 166.0 74.5 138.3 87.8 208.5 89.3 89.3 174.8 155.6 123.0 100.1 76.2 156.7 105.0 252.5 51.4 99.5 41.4 186.0 217.5 95.0 22.5 206.9 58.6 34.0 217.3 66.6 215.3 88.8 65.9 146.0 73.0 82.9 203.0 248.0 92.8 147.0 160.4 127.4 40.9 230.8 105.8 51.1 73.4 209.8 123.5 114.7 127.8 150.0 155.0 131.3 126.9 202.5 134.8 155.2 62.2 0.0 22.0 160.2 30.3 267.6 115.6 149.3 236.7 89.1 181.9 173.4 182.6 130.7 160.2 173.4 116.5 187.7 75.1 207.6 101.8 121.4 98.7 112.5 199.8 154.6 135.0 74.3 50.4 198.6 187.1 90.8 265.1 195.4 121.5 104.6 226.2 58.2 193.2 81.4 220.2 82.3 266.7 227.2 129.5 87.6 195.1 109.3 109.6 242.6 81.8 143.0 26.3 272.5 249.5 40.7 58.0 95.2 21.4 259.2 233.7
2136.5 121.0 164.4 197.4 181.5 96.8 68.4 169.7 85.2 178.3 91.5 136.0 100.1 190.6 105.8 67.2 141.7 167.9 132.0 112.4 85.4 169.0 117.3 234.6 68.4 98.5 53.7 198.3 216.5 107.3 34.8 189.0 57.6 12.0 173.9 78.9 197.4 101.1 43.4 158.3 85.3 95.2 215.3 260.3 105.1 92.2 180.0 126.7 57.9 212.9 122.9 78.4 85.4 166.8 83.8 127.0 145.2 149.4 154.0 139.1 136.2 201.5 147.1 167.5 74.5 12.2 0.0 208.5 42.6 249.7 127.9 113.0 218.8 101.4 193.0 185.7 192.0 139.9 172.5 190.8 128.8 144.7 81.0 219.9 114.1 133.7 108.0 90.4 179.0 166.9 136.3 87.2 59.2 210.9 169.2 100.0 264.1 180.8 103.6 116.9 208.3 70.5 205.5 93.7 202.3 94.6 248.8 209.3 141.8 86.6 177.2 121.6 87.5 224.7 59.7 152.2 4.3 284.8 232.0 57.1 70.3 96.5 20.4 241.3 215.8
2151.9 202.4 90.6 152.3 195.5 72.7 120.7 112.1 135.8 165.9 204.1 190.4 114.1 120.0 100.6 146.2 145.1 63.6 50.9 132.1 175.1 104.4 96.1 150.7 181.0 143.5 124.3 113.2 28.0 82.1 141.4 115.2 200.6 141.9 82.5 119.5 123.6 102.8 140.4 153.1 131.7 90.0 58.4 46.7 119.1 77.3 20.3 115.3 170.5 139.1 152.1 157.4 113.8 75.0 88.7 161.0 144.9 191.2 88.8 62.5 189.8 6.2 42.8 20.4 161.1 141.9 154.4 0.0 146.5 194.2 65.9 119.6 129.5 147.8 89.9 123.7 122.6 232.8 162.0 120.7 146.0 56.1 112.4 89.3 88.9 71.7 161.6 187.4 108.4 167.6 215.3 104.4 145.8 142.7 97.0 189.7 75.6 107.0 65.6 234.2 115.8 127.9 106.0 105.8 125.5 145.2 137.0 138.7 80.7 229.6 103.4 79.6 184.5 145.3 156.7 241.9 149.9 99.9 151.2 132.0 120.9 172.2 163.4 158.7 169.2
2144.4 92.9 151.9 182.4 166.5 84.3 25.7 154.7 70.2 163.3 114.9 105.4 85.1 178.1 90.8 75.1 172.1 152.9 117.0 97.4 55.5 154.0 102.3 225.0 91.8 86.6 38.7 183.3 204.6 92.3 7.8 176.5 99.0 70.8 161.8 63.9 184.9 86.1 105.9 143.3 42.6 80.2 200.3 245.3 90.1 79.7 152.4 114.5 81.3 200.4 107.9 86.3 42.7 154.3 73.0 112.0 130.2 139.3 142.1 128.6 124.2 189.6 132.1 152.5 41.5 40.3 62.4 196.6 0.0 248.5 112.9 146.6 206.3 58.7 179.2 170.7 177.0 113.6 157.5 175.8 113.8 132.2 72.4 204.9 99.1 118.7 96.0 117.3 166.5 151.9 144.2 72.2 26.2 190.6 156.7 70.1 252.2 168.3 91.1 141.2 195.8 55.5 190.5 78.7 186.8 79.6 236.3 196.8 126.8 128.0 164.7 106.6 132.4 212.2 117.8 122.3 66.7 269.8 219.5 10.3 55.3 104.4 61.8 228.8 203.3
2206.0 260.7 104.3 282.4 311.6 151.4 212.1 244.5 250.8 223.1 282.8 273.2 230.2 112.5 183.4 224.9 201.8 208.0 186.5 210.8 280.8 280.8 174.8 61.0 259.7 263.3 236.1 316.9 170.1 208.4 233.0 159.0 290.8 220.6 191.9 198.2 137.3 181.5 219.1 203.1 210.4 193.5 255.4 211.2 235.2 156.0 143.6 243.4 249.2 185.4 193.6 236.1 192.5 171.7 176.9 202.5 194.9 270.4 233.2 162.2 304.8 173.0 187.2 143.5 266.8 245.4 233.1 166.7 225.2 0.0 198.3 173.1 186.4 226.5 234.3 256.1 262.4 338.9 292.1 320.9 258.9 162.3 199.8 282.6 227.9 204.1 276.6 266.1 156.0 242.4 294.0 217.3 264.2 272.8 140.8 295.4 198.8 115.4 144.3 312.9 175.9 206.6 297.0 184.5 66.4 260.2 59.8 161.9 213.1 319.8 117.1 172.3 263.2 146.6 235.4 347.6 228.6 247.2 50.3 210.7 235.9 250.9 253.6 163.2 64.0
2201.2 205.9 131.5 155.9 143.8 58.4 106.4 41.7 99.5 136.8 172.4 204.3 77.8 157.7 60.1 131.9 90.8 55.4 57.0 146.7 117.7 83.8 81.8 204.9 157.1 77.5 88.0 160.6 101.8 45.8 105.1 156.1 144.1 127.6 151.3 105.2 164.5 88.5 126.5 116.8 155.6 53.7 87.3 111.5 82.8 63.0 94.4 49.6 146.6 180.0 120.6 143.1 99.8 143.8 69.6 124.7 98.6 196.6 39.3 65.3 132.1 86.8 68.8 89.2 124.8 105.6 127.7 97.0 112.9 216.8 0.0 65.3 185.9 171.7 78.3 57.7 66.9 172.2 170.2 148.0 91.1 121.7 85.1 182.2 52.6 5.8 103.9 173.1 149.0 164.6 201.0 64.3 113.0 158.9 136.3 132.3 149.4 144.6 103.1 196.3 175.4 104.8 167.8 91.4 169.4 108.9 210.8 176.4 13.9 173.1 144.3 25.3 170.2 191.8 142.4 184.5 132.0 156.8 227.6 121.8 84.6 161.2 127.1 239.2 182.9
2143.7 153.2 79.2 95.1 202.1 112.9 177.7 104.4 146.1 76.0 226.8 141.2 124.4 105.4 110.9 200.0 25.4 113.7 80.3 193.3 176.0 138.9 153.1 152.9 203.7 135.8 131.4 218.9 160.1 89.2 151.7 107.0 202.4 186.3 91.9 159.8 115.4 159.8 217.8 65.6 202.2 100.3 145.6 144.3 129.4 108.3 115.7 107.6 193.2 130.9 96.5 214.4 170.8 84.8 120.9 92.4 74.2 142.0 97.6 88.7 190.4 141.9 95.4 115.8 168.2 152.2 171.1 99.8 156.3 179.0 58.2 0.0 136.8 186.9 136.6 112.8 122.3 234.1 110.8 208.2 146.2 59.5 122.7 240.5 96.0 64.0 162.2 212.6 97.0 105.2 208.4 108.3 152.9 93.5 88.8 190.6 207.7 98.8 18.4 251.4 126.3 151.4 226.1 125.7 117.3 155.5 163.6 124.1 73.0 231.4 95.2 32.2 187.3 139.5 213.1 242.8 175.4 215.1 150.0 174.0 131.2 197.3 173.7 159.3 130.6
2111.5 165.2 95.4 115.1 330.7 132.9 180.9 249.1 232.3 128.7 299.2 153.2 249.3 82.9 203.4 206.4 124.1 189.5 155.3 218.9 262.3 245.0 156.3 147.6 276.1 282.4 204.9 251.5 166.3 228.4 214.5 37.6 272.3 202.1 66.1 179.7 106.4 163.0 240.9 146.4 215.0 213.5 196.7 185.0 254.3 137.5 112.1 256.7 265.6 90.9 179.2 252.5 174.0 73.6 144.1 170.3 160.1 154.4 195.4 148.2 286.3 146.8 168.7 117.3 248.3 226.9 214.6 138.2 206.7 192.0 207.3 152.2 0.0 198.9 214.5 265.1 217.7 320.4 124.8 259.0 278.0 89.7 216.3 229.9 235.2 213.1 258.1 224.6 47.6 130.4 220.4 236.4 233.0 105.5 57.4 276.9 213.9 93.3 170.7 329.3 14.9 188.1 244.3 203.6 130.7 241.7 163.6 123.5 221.2 301.3 108.2 181.3 199.3 70.1 225.1 329.1 210.1 238.2 163.0 192.2 217.4 209.3 235.1 77.7 146.8
2112.4 34.1 133.2 132.1 225.3 65.6 32.9 213.5 129.0 113.0 158.4 49.1 143.9 159.4 97.3 76.4 110.5 161.4 179.1 59.7 114.3 212.8 41.4 203.4 135.3 145.4 97.5 242.1 176.4 151.1 66.5 157.8 157.8 106.8 143.1 67.1 166.2 34.9 73.1 93.0 16.0 139.0 259.1 195.1 148.9 61.0 122.2 173.3 124.8 181.7 64.5 111.7 44.3 135.6 52.6 73.4 74.8 80.5 200.9 120.1 183.0 156.9 140.6 127.4 100.3 99.1 119.3 148.3 58.7 218.5 171.7 85.0 187.6 0.0 187.7 229.5 238.7 168.8 118.9 229.5 172.6 113.5 81.7 263.7 157.9 177.5 154.8 58.5 150.7 113.3 125.2 130.4 88.5 131.8 138.0 128.9 224.0 146.3 72.4 188.5 177.1 114.3 249.3 75.4 171.1 138.4 217.6 178.1 185.6 186.8 146.0 101.0 73.6 193.5 59.0 181.1 114.8 248.3 200.4 48.3 114.1 123.6 120.6 210.1 184.6
2269.4 276.3 173.6 220.8 121.7 126.6 174.6 64.4 130.9 201.7 181.5 271.1 110.2 199.8 125.0 200.1 171.4 29.3 91.4 217.0 126.8 59.9 150.0 190.8 185.9 86.6 158.3 138.5 87.7 103.4 175.5 198.2 153.2 195.8 165.5 173.4 206.6 156.7 238.9 181.7 226.0 118.6 29.8 64.1 105.2 131.2 108.6 58.7 223.3 222.1 185.1 211.3 168.0 158.0 137.8 189.2 163.5 266.9 31.1 81.7 141.2 72.7 53.6 103.4 141.7 182.3 195.0 82.9 183.3 266.6 80.5 145.9 209.3 242.1 0.0 38.9 29.7 161.0 234.7 125.9 100.2 135.9 149.6 160.1 96.6 74.7 113.0 285.5 191.1 229.1 269.2 123.7 153.5 225.7 178.4 141.4 82.7 186.7 119.5 174.2 198.8 175.1 145.7 155.9 242.4 121.5 196.7 218.5 66.6 182.2 186.4 105.9 282.6 225.1 254.8 173.3 199.3 99.3 213.5 190.0 145.8 229.4 174.7 241.7 228.9
2267.4 272.1 173.3 205.2 82.7 124.6 172.6 25.4 133.3 186.1 183.9 272.8 98.2 199.5 113.6 198.1 157.0 58.3 99.1 212.9 129.2 20.9 148.0 210.1 223.3 89.0 154.2 99.5 87.4 87.8 171.3 197.9 155.6 193.8 164.8 171.4 206.3 154.7 192.3 166.1 221.8 103.0 29.5 63.8 93.2 129.2 103.0 62.0 212.8 221.8 168.3 209.3 165.7 157.7 137.4 177.2 147.9 262.8 60.1 106.2 124.5 72.4 82.6 103.1 144.1 171.8 193.9 82.6 179.1 266.3 66.1 128.3 209.0 237.9 28.9 0.0 9.2 122.0 222.7 92.0 70.2 135.6 128.6 121.1 81.0 60.3 115.4 239.3 187.9 217.1 267.2 111.1 159.4 218.7 178.1 143.8 82.4 189.7 148.3 135.2 198.5 171.0 106.7 143.9 242.1 123.9 196.4 218.2 51.3 152.0 186.1 91.5 236.4 224.8 208.6 134.3 198.2 99.0 212.9 188.0 148.2 224.1 177.1 241.4 228.6
2225.4 275.9 164.1 214.4 91.9 133.8 178.9 30.5 142.5 195.3 193.1 263.9 107.4 193.2 122.8 204.4 163.3 49.1 89.9 219.2 138.4 27.2 157.2 181.3 232.5 98.2 160.5 108.7 78.2 97.0 180.5 188.7 164.8 203.0 158.9 180.6 197.1 163.9 201.5 175.3 231.0 109.3 20.3 54.6 102.4 138.4 93.8 71.2 219.1 212.6 177.5 218.5 174.9 148.5 145.0 186.4 167.1 264.7 50.9 104.4 133.7 66.1 73.4 96.8 150.4 181.0 200.2 70.2 185.4 244.4 75.3 137.5 202.7 247.1 19.7 9.2 0.0 128.3 231.9 98.3 76.5 129.3 137.8 130.3 90.2 69.5 124.6 248.5 181.6 226.3 276.4 120.3 168.6 216.2 170.5 153.0 73.2 180.5 139.1 144.4 189.3 180.2 113.0 153.1 235.9 133.1 187.2 209.0 60.5 161.2 176.9 100.7 245.6 218.5 217.8 143.5 204.5 89.8 203.7 193.1 157.4 233.3 186.3 232.2 219.4
2203.0 203.0 262.0 280.5 88.1 234.3 139.4 144.0 112.0 257.8 80.3 218.0 120.9 288.2 184.7 185.2 266.7 176.2 217.0 201.4 58.0 112.9 193.8 321.6 105.7 104.6 139.1 113.4 225.0 163.1 105.8 290.2 82.2 155.3 298.8 164.3 298.6 186.5 183.2 241.4 152.7 178.3 163.5 179.0 115.9 193.4 237.0 136.1 116.2 314.1 191.0 128.3 152.8 291.7 216.9 203.5 224.7 257.0 160.1 232.2 65.7 206.4 200.5 240.7 68.4 120.7 139.7 216.6 113.6 347.3 172.2 241.2 320.0 168.8 162.9 137.5 143.1 0.0 249.0 105.9 96.5 273.2 160.3 138.6 152.7 170.0 90.3 227.4 280.2 243.4 212.2 137.4 83.7 290.4 272.0 43.4 216.4 282.0 201.2 40.0 305.9 155.9 120.6 170.2 296.9 106.2 330.4 306.9 161.9 56.8 274.8 201.2 227.3 322.3 203.1 8.7 144.0 224.2 350.5 128.1 130.5 176.0 123.0 338.9 313.4
2107.4 65.0 154.5 65.9 205.8 86.9 131.7 212.0 164.1 65.4 199.0 50.7 124.4 180.7 136.0 137.1 88.9 209.6 177.6 118.7 197.7 193.3 87.0 224.7 175.9 157.5 152.6 222.6 197.7 149.6 165.3 179.1 224.1 172.7 105.0 110.4 187.5 133.7 139.0 75.0 114.8 137.5 243.9 216.4 129.4 82.3 143.5 165.9 165.4 203.0 49.5 152.3 105.0 156.9 73.9 45.4 94.4 63.5 193.5 136.9 212.1 178.2 189.4 148.7 189.4 170.2 185.2 169.6 157.5 239.8 170.2 106.3 154.7 98.7 232.5 214.3 223.5 248.7 0.0 210.0 153.1 134.8 85.0 244.2 156.4 176.0 183.9 124.4 172.0 5.6 120.2 110.9 177.6 56.3 159.3 212.3 245.3 167.6 93.7 229.1 169.7 118.8 229.8 78.7 192.4 173.5 238.9 199.4 184.1 247.3 167.3 146.1 99.1 161.7 124.9 257.4 180.7 269.6 221.7 147.1 149.2 105.5 191.7 147.6 205.9
2287.7 277.2 207.9 264.2 30.3 190.0 192.9 122.6 137.7 245.1 188.3 274.3 99.0 234.1 170.4 218.4 252.4 138.3 165.0 218.0 133.6 91.0 168.3 225.1 176.5 93.4 159.3 7.4 122.0 148.8 176.4 232.5 153.0 211.0 199.4 184.5 240.9 175.0 242.5 227.1 226.9 164.0 90.1 69.4 94.0 194.6 137.6 121.8 217.9 256.4 169.1 229.6 186.0 192.3 202.8 178.0 208.9 267.9 122.1 176.6 96.5 107.0 160.1 137.7 148.5 176.9 199.0 117.2 184.2 288.2 161.5 226.9 243.6 243.0 127.7 112.0 108.2 97.6 223.5 0.0 71.0 170.2 129.4 29.1 142.0 155.7 119.8 289.5 222.5 217.9 283.0 111.9 163.8 260.0 212.7 128.6 135.0 224.3 182.9 107.2 233.1 176.1 14.7 144.7 279.7 128.3 231.0 252.8 146.7 124.0 220.7 186.9 286.6 259.4 258.8 106.3 203.3 114.6 247.5 194.6 152.6 243.2 181.5 276.0 263.2
2216.6 206.1 184.7 193.1 52.6 148.9 121.8 67.6 66.6 174.0 117.2 203.2 27.9 210.9 99.3 147.3 181.3 94.4 129.9 146.9 62.5 40.1 97.2 263.5 157.3 22.3 88.2 69.4 140.8 77.7 105.3 209.3 88.9 139.9 218.6 113.4 217.7 103.9 171.4 156.0 155.8 92.9 90.7 131.4 22.9 153.5 161.7 50.7 146.8 233.2 102.8 158.5 114.9 211.1 133.5 106.9 137.8 196.8 78.3 137.0 76.9 125.8 118.7 156.5 77.4 105.8 127.9 136.0 113.1 307.0 90.4 152.6 239.1 171.9 90.1 61.1 70.3 91.9 152.4 61.9 0.0 189.0 67.3 91.0 70.9 84.6 48.7 218.4 199.3 146.8 216.4 40.8 92.7 206.6 189.5 77.1 143.6 201.1 123.9 105.1 228.6 105.0 76.6 73.6 219.6 57.2 249.8 229.6 75.6 117.9 197.5 115.8 215.5 245.0 187.7 104.2 132.2 160.2 266.3 123.5 81.5 176.6 110.4 300.1 236.1
2112.6 149.4 51.3 99.3 199.6 53.4 101.4 146.5 152.8 112.9 184.8 137.4 132.2 77.5 89.4 126.9 108.3 106.6 75.8 112.8 182.8 155.2 76.8 121.5 161.7 161.1 125.4 161.7 76.5 110.4 135.0 75.9 192.8 122.6 29.1 100.2 84.3 83.5 121.1 130.6 199.2 95.5 106.9 95.2 137.2 58.0 27.6 132.9 151.2 99.8 163.4 138.1 94.5 22.0 64.6 154.5 144.3 138.6 105.6 64.2 206.8 57.0 85.8 27.5 168.8 147.4 135.1 48.4 127.2 136.6 100.3 136.4 105.7 183.1 124.7 134.2 125.0 240.9 109.0 169.2 160.9 0.0 99.2 140.1 117.2 106.1 178.6 208.8 65.9 114.6 204.6 119.3 153.5 89.7 56.1 197.4 124.1 67.7 46.3 214.9 95.2 108.6 154.5 86.5 89.2 162.2 135.7 96.2 114.2 221.8 64.1 74.3 183.5 111.6 209.3 249.6 130.6 148.4 118.9 112.7 137.9 193.5 155.6 128.2 102.7
2155.6 156.5 117.3 132.1 114.3 56.1 60.8 120.5 72.6 113.0 144.2 142.2 32.9 143.5 52.4 79.9 136.5 118.1 80.2 72.2 106.2 99.2 36.2 196.8 121.1 66.0 58.5 131.1 164.5 64.5 78.2 148.3 132.6 82.0 133.2 59.6 156.7 42.9 74.1 109.1 71.8 43.4 152.4 193.1 37.9 51.5 124.6 74.4 104.2 172.2 35.4 97.5 54.2 126.1 36.7 45.9 97.3 147.9 102.0 96.3 120.6 146.9 97.9 118.3 97.9 78.7 88.1 159.7 80.2 209.0 78.7 112.4 178.1 87.9 141.0 129.2 132.0 160.0 91.4 130.0 68.0 104.0 0.0 152.7 64.9 84.5 92.4 121.1 131.9 85.8 155.4 17.4 80.0 145.6 128.5 120.8 212.1 133.7 56.5 164.2 167.6 68.0 144.7 12.7 161.6 82.0 208.1 162.2 92.6 161.6 136.5 72.4 124.6 177.6 96.8 165.9 83.6 221.9 193.9 76.2 57.7 115.6 100.2 239.1 168.7
2240.1 290.6 178.8 240.5 59.4 160.9 208.9 113.8 166.8 254.1 217.4 276.3 128.1 205.0 184.6 234.4 233.3 109.2 135.9 247.1 162.7 109.3 184.3 193.1 205.6 122.5 188.4 21.6 92.9 165.3 205.5 203.4 182.1 230.1 170.3 207.7 211.8 191.0 271.6 241.3 256.0 178.2 61.0 40.3 123.1 165.5 113.8 120.6 247.0 227.3 203.0 245.6 202.0 163.2 172.1 207.1 233.1 289.1 93.0 147.5 125.6 77.9 131.0 108.6 177.6 206.0 228.1 88.1 213.3 259.1 142.4 204.6 214.5 272.1 98.6 88.3 82.0 123.1 250.2 29.1 100.1 141.1 161.1 0.0 158.5 136.6 148.9 318.6 193.4 247.0 303.5 141.0 192.9 230.9 185.2 157.7 105.9 195.2 153.8 136.3 204.0 205.2 14.4 173.8 250.2 157.4 201.9 223.7 128.5 153.1 191.6 167.8 315.7 230.3 287.9 135.4 232.4 85.5 218.4 220.2 181.7 260.4 210.6 246.9 234.1
2194.1 192.1 143.2 124.1 124.3 99.4 99.3 75.8 85.7 105.0 152.9 201.7 64.0 169.4 32.5 124.8 131.8 71.5 76.7 132.9 98.2 65.5 74.7 240.6 143.3 58.0 74.2 141.1 117.9 6.7 91.3 167.8 124.6 120.5 173.9 98.1 176.2 81.4 157.4 85.0 141.8 21.9 102.2 127.6 69.0 104.0 112.1 27.8 132.8 191.7 106.8 136.0 92.7 166.8 64.1 110.9 66.8 192.1 55.4 88.3 112.6 102.9 91.8 112.2 111.0 91.8 113.9 113.1 99.1 228.5 67.5 106.3 197.6 157.9 94.4 72.6 81.8 152.7 156.4 133.6 71.6 144.7 64.9 162.7 0.0 61.7 84.4 204.4 157.8 150.8 193.9 51.1 95.7 137.6 148.0 112.8 165.5 159.6 126.1 176.8 187.1 91.0 148.3 77.6 178.1 92.9 226.9 188.1 52.7 153.6 156.0 66.3 201.5 203.5 173.7 165.0 118.2 171.7 243.4 109.5 70.8 154.1 113.3 220.1 194.6
2207.0 211.7 137.3 161.7 138.0 64.2 112.2 35.9 105.3 142.6 166.6 210.1 83.6 163.5 65.9 137.7 96.6 49.6 62.8 152.5 111.9 78.0 87.6 199.1 162.9 71.7 93.8 154.8 96.0 51.6 110.9 161.9 138.3 133.4 157.1 111.0 170.3 94.3 132.3 122.6 161.4 59.5 81.5 105.7 88.6 68.8 100.2 43.8 152.4 185.8 121.6 148.9 105.6 149.6 75.4 130.5 104.4 202.4 33.5 66.6 126.3 81.0 73.9 95.0 126.8 111.4 133.5 91.2 118.7 222.6 5.8 71.1 191.7 177.5 72.5 51.9 61.1 170.0 176.0 142.2 85.3 127.5 90.9 176.4 58.4 0.0 98.1 178.9 154.8 170.4 206.8 70.1 118.8 164.7 142.1 126.5 143.6 150.4 108.9 190.5 181.2 110.6 162.0 97.2 175.2 106.6 205.0 182.2 8.0 167.3 150.1 31.1 176.0 197.6 148.2 178.7 137.8 151.0 221.8 127.6 90.4 167.0 132.9 245.0 188.7
2213.2 185.4 203.3 208.6 107.3 162.4 118.4 112.2 25.7 189.5 94.3 200.4 59.4 229.5 112.8 143.9 194.8 107.9 152.7 111.8 39.6 109.6 128.7 257.4 140.2 36.3 53.1 124.1 154.3 91.2 88.2 227.9 66.0 119.8 232.1 78.3 236.3 100.5 151.7 169.5 138.7 106.4 156.6 186.1 54.4 167.0 175.2 64.2 129.7 251.8 129.5 155.1 111.8 224.6 147.0 138.4 151.3 161.7 91.8 160.3 28.1 139.3 132.2 170.0 54.5 88.7 107.8 149.5 96.0 333.2 103.9 169.3 257.7 154.8 130.8 127.0 136.2 90.3 183.9 111.5 69.4 202.5 98.8 145.7 84.4 98.1 0.0 191.8 220.8 178.3 205.2 72.9 66.3 222.1 208.1 54.2 201.9 216.4 142.5 103.5 247.2 69.9 131.3 105.1 241.2 16.3 263.3 248.2 90.0 95.0 216.1 129.3 195.4 263.6 167.6 102.6 112.1 226.1 280.1 106.4 40.6 165.4 87.5 280.2 295.5
2053.8 51.7 169.7 159.0 227.7 102.1 103.4 233.3 161.2 149.5 99.8 64.2 176.1 195.9 177.6 59.9 147.0 229.0 208.0 96.2 144.3 230.7 77.9 240.2 76.7 157.4 129.7 244.5 212.9 183.3 110.8 194.3 134.5 89.4 179.6 133.7 202.7 71.4 57.4 129.5 78.4 171.2 277.7 231.6 175.5 97.5 152.3 185.3 66.2 218.2 105.8 53.1 60.1 172.1 89.1 109.9 121.3 80.1 212.9 152.1 193.2 193.4 177.1 163.9 139.2 88.2 95.0 184.8 118.6 266.3 203.9 121.5 224.1 70.4 251.9 248.1 257.3 177.9 137.7 237.0 190.5 150.0 154.4 266.1 190.1 209.7 166.9 0.0 184.3 143.3 66.6 163.2 135.2 149.4 176.1 158.9 260.5 186.1 108.9 129.9 213.6 142.1 251.7 111.9 204.6 155.4 254.1 214.6 210.2 148.1 182.5 137.5 36.2 230.0 41.6 186.6 97.4 284.8 237.3 114.7 146.3 26.8 114.4 240.7 221.1
2109.0 205.0 47.7 154.9 245.4 85.2 133.2 178.3 184.6 168.5 216.6 193.0 164.0 73.9 121.2 158.7 163.9 141.8 107.6 144.6 214.6 214.6 108.6 102.8 193.5 197.1 157.2 234.9 149.7 142.2 166.8 10.0 224.6 154.4 105.9 132.0 80.7 115.3 152.9 186.2 144.2 127.3 180.1 168.4 169.0 89.8 100.8 176.9 183.0 94.3 214.2 169.9 126.3 113.4 96.4 210.1 194.8 193.8 167.0 96.0 238.6 130.2 121.0 100.7 200.6 179.2 166.9 123.9 159.0 144.3 132.1 192.0 39.7 238.7 168.1 189.9 196.2 272.7 164.6 242.4 192.7 73.1 131.0 213.3 149.0 137.9 210.4 264.4 0.0 170.2 260.2 151.1 185.3 145.3 8.1 229.2 197.3 64.1 78.1 246.7 29.2 140.4 227.7 118.3 82.6 194.0 115.9 92.6 146.0 253.6 60.5 106.1 239.1 73.5 169.2 281.4 162.4 221.6 115.3 144.5 169.7 249.1 187.4 90.1 99.1
2113.0 70.6 148.9 71.5 200.2 81.3 137.3 206.4 158.5 59.8 204.6 56.3 118.8 175.1 130.4 131.5 83.3 204.0 172.0 124.3 192.1 187.7 81.4 219.1 181.5 151.9 147.0 217.0 192.1 144.0 164.1 173.5 218.5 127.2 110.6 104.8 181.9 88.1 144.6 69.4 120.4 131.9 238.3 210.8 123.8 76.7 137.9 160.3 171.0 197.4 48.7 157.9 99.4 151.3 68.3 39.8 88.8 69.1 187.9 131.3 206.5 172.6 183.8 143.1 183.8 164.6 139.7 164.0 163.1 234.2 164.6 100.7 160.3 104.3 226.9 208.7 217.9 243.1 5.6 204.4 147.5 129.2 79.4 238.6 150.8 170.4 178.3 130.0 166.4 0.0 125.8 105.3 172.0 61.9 153.7 206.7 239.7 162.0 88.1 234.7 175.3 113.2 224.2 73.1 186.8 167.9 233.3 193.8 178.5 247.5 161.7 140.5 104.7 167.3 130.5 251.8 135.2 264.0 216.1 152.7 143.6 111.1 186.1 153.2 200.3
1989.6 90.9 201.4 129.2 259.4 133.8 157.6 265.0 192.9 142.8 131.5 76.6 207.8 227.6 209.3 91.6 169.2 260.7 243.0 127.9 176.0 262.4 109.6 271.6 108.4 189.1 161.4 276.2 244.6 215.0 142.5 226.0 166.2 138.7 211.3 135.3 234.4 103.1 98.8 160.5 110.1 202.9 309.4 263.3 207.2 129.2 190.4 217.0 97.9 249.9 137.5 84.8 91.8 203.8 120.8 141.6 143.0 117.0 244.6 188.3 224.9 225.1 208.8 195.6 170.9 119.9 126.7 216.5 150.3 286.7 235.6 153.2 218.0 124.6 283.6 279.8 289.0 209.6 107.9 263.6 222.2 181.7 193.0 297.8 221.8 241.4 198.6 57.6 218.9 113.5 0.0 194.3 170.4 119.6 206.2 190.6 292.2 214.5 140.6 161.6 233.0 178.2 283.4 186.7 239.3 187.1 285.8 246.3 242.8 179.8 214.2 169.2 93.4 225.0 99.3 218.3 131.0 316.5 268.6 160.7 178.0 38.0 146.1 210.9 252.8
2175.7 165.2 143.8 152.2 94.2 111.7 80.9 102.3 58.8 133.1 139.5 162.3 12.9 170.0 62.8 106.4 144.1 98.0 89.0 106.0 86.1 81.7 56.3 244.6 116.4 45.9 47.3 111.0 144.4 64.3 64.4 168.4 112.5 99.0 186.2 72.5 176.8 63.0 130.5 115.3 114.9 52.2 132.3 173.0 17.8 116.3 129.7 54.3 105.9 192.3 57.1 117.6 74.3 179.1 94.4 66.0 97.1 165.2 81.9 96.1 100.5 129.4 104.1 124.5 84.1 64.9 87.0 136.4 72.2 240.4 84.9 115.4 198.2 131.0 120.9 102.7 109.0 137.1 111.5 103.5 41.5 157.0 17.4 132.6 71.1 88.2 72.3 177.5 158.4 105.9 175.5 0.0 68.8 165.7 148.6 100.7 192.0 160.2 83.0 146.7 187.7 64.1 118.2 32.7 179.1 68.2 253.4 188.7 80.1 141.5 156.6 78.6 174.6 204.1 146.8 145.8 91.3 201.8 211.4 86.7 43.9 135.7 86.4 259.2 195.2
2170.7 119.2 178.2 199.0 146.1 110.6 52.0 136.2 67.7 179.9 101.9 131.7 83.4 204.4 107.4 101.4 188.7 131.9 133.6 114.0 29.2 133.6 118.9 278.5 88.4 60.3 55.3 162.9 178.3 108.9 18.4 202.8 73.6 71.0 230.8 80.5 211.2 102.7 102.5 159.9 68.9 96.8 180.6 224.9 78.4 106.0 169.0 88.2 77.9 226.7 124.5 112.6 69.0 223.7 137.4 128.6 141.7 163.9 115.8 140.7 98.0 163.3 148.7 169.1 15.3 36.9 59.0 170.3 26.2 274.8 127.9 160.0 232.6 85.0 154.8 151.0 160.2 83.7 174.1 155.4 93.4 201.6 80.0 184.5 108.4 122.1 69.8 143.6 192.8 168.5 170.5 88.8 0.0 212.5 184.6 43.8 225.9 194.6 117.4 114.9 222.1 72.1 170.1 95.3 213.5 58.3 287.3 223.1 113.1 102.6 191.0 123.2 146.6 238.5 118.8 96.0 63.3 250.1 245.8 40.7 71.9 127.4 58.4 255.1 229.6
2120.7 78.3 155.7 9.5 243.8 88.1 145.0 197.7 194.5 23.2 212.3 64.0 162.4 176.9 101.8 157.3 72.7 201.2 168.8 132.0 226.4 195.2 107.2 225.9 189.2 187.7 183.0 260.6 247.6 122.8 178.6 174.7 247.0 186.0 87.3 169.3 188.7 147.0 152.3 40.8 128.1 107.9 231.9 212.0 167.4 83.5 139.1 157.5 178.7 189.6 92.3 165.6 125.2 94.8 113.6 83.4 60.2 76.8 185.1 177.1 242.3 173.8 180.6 144.3 212.4 200.6 198.5 165.2 170.8 241.0 155.9 97.6 137.0 112.0 224.1 202.3 211.5 280.9 37.9 248.0 191.1 136.0 123.0 282.2 129.6 161.7 214.1 137.7 173.2 43.5 133.5 148.9 200.6 0.0 160.5 241.0 295.2 168.8 94.9 242.4 152.0 177.7 267.8 116.7 193.6 203.9 240.1 200.6 169.8 260.6 168.5 129.9 112.4 144.0 138.2 293.2 194.0 301.4 222.9 160.4 179.6 118.8 219.0 129.9 207.1
2099.2 214.8 37.9 164.7 235.6 75.4 123.4 168.5 174.8 178.3 206.8 202.8 154.2 64.1 107.4 148.9 172.1 132.0 97.8 136.4 204.8 204.8 98.8 108.4 183.7 187.3 147.4 244.7 159.5 132.4 157.0 19.7 214.8 144.6 114.1 122.2 70.9 105.5 143.1 196.0 134.4 117.5 188.2 178.2 159.2 80.0 110.6 167.4 173.2 86.4 122.4 160.1 116.5 123.2 88.2 126.5 204.6 203.6 157.2 90.7 228.8 138.4 111.2 110.5 192.4 169.4 157.1 133.7 149.2 134.5 122.3 97.1 49.5 150.5 158.3 180.1 186.4 264.5 174.4 244.9 184.5 81.3 123.8 221.5 139.2 128.1 200.6 272.6 8.1 180.0 218.0 142.9 177.1 155.1 0.0 219.4 207.1 54.3 68.3 236.9 39.0 130.6 235.9 108.5 72.8 184.2 106.1 82.8 137.1 243.8 50.7 96.3 248.9 81.7 159.4 271.6 152.6 231.4 107.1 134.7 159.9 258.9 177.6 99.9 89.3
2214.6 163.1 222.1 237.0 111.2 190.8 95.9 140.6 72.1 217.9 86.3 178.1 87.8 248.3 141.2 145.3 223.2 136.3 180.8 157.9 14.5 127.5 157.1 285.8 132.3 64.7 99.2 128.0 182.7 119.6 62.3 246.7 58.0 111.8 260.5 124.4 255.1 146.6 143.7 197.9 112.8 134.8 178.1 190.0 82.8 149.9 203.6 92.6 121.8 270.6 162.7 156.5 113.2 253.0 177.0 166.8 179.7 207.8 120.2 184.2 76.7 167.7 160.6 198.4 28.5 80.8 99.8 177.9 70.1 307.4 132.3 197.7 276.5 128.9 159.2 148.5 157.7 43.4 212.3 115.4 97.8 230.9 127.2 149.6 112.8 126.5 74.2 187.5 239.6 206.7 197.2 101.3 40.3 250.5 226.9 0.0 230.3 235.2 161.3 71.0 266.0 116.0 135.2 133.5 260.0 62.7 291.7 267.0 118.4 87.0 234.9 157.7 187.4 282.4 159.6 52.1 104.1 235.2 308.5 80.5 87.0 157.4 79.5 299.0 273.5
2229.2 279.7 167.9 229.6 163.0 150.0 198.0 116.4 224.3 277.1 274.9 265.4 189.2 248.5 200.4 223.5 248.0 130.6 99.1 209.4 220.2 111.9 173.4 141.7 258.3 180.0 245.2 125.1 37.5 178.8 262.3 251.0 246.6 219.2 159.8 196.8 200.9 180.1 218.1 257.1 209.0 194.0 63.6 69.9 184.2 154.6 102.9 153.3 247.8 216.4 264.1 234.7 191.4 152.3 161.2 268.2 238.9 278.2 132.4 136.6 215.5 67.0 154.9 97.7 235.1 262.8 231.7 77.2 223.8 217.5 157.1 222.5 280.8 225.1 101.2 90.9 81.7 216.6 239.3 137.7 161.2 130.2 228.6 103.5 172.0 151.3 206.4 264.7 243.9 244.9 292.6 202.7 246.9 220.0 231.2 234.8 0.0 235.4 142.9 226.2 270.3 205.2 117.9 183.1 193.3 214.9 147.6 212.8 143.2 243.0 180.7 182.5 261.8 282.6 234.0 225.3 227.2 55.4 164.4 213.4 239.2 252.8 268.1 299.2 179.8
2089.4 229.7 28.1 179.6 255.4 95.2 143.2 188.3 194.6 193.2 226.6 217.7 174.0 9.8 127.2 168.7 188.6 151.8 117.6 154.6 224.6 224.6 118.6 107.6 203.5 207.1 167.2 260.8 175.6 152.2 176.8 64.9 234.6 164.4 130.6 142.0 61.1 125.3 162.9 210.9 154.2 137.3 206.0 194.3 179.0 99.8 115.0 186.9 193.0 76.6 137.4 179.9 136.6 138.1 106.4 234.8 128.7 228.2 177.0 110.5 248.6 156.1 131.0 126.6 210.6 189.2 176.9 147.5 169.0 106.7 142.1 120.1 83.6 170.3 178.1 199.9 206.2 282.7 189.3 264.7 202.7 99.0 134.6 239.2 159.0 147.9 220.4 289.1 74.9 194.9 237.8 161.1 195.3 170.0 83.1 239.2 223.2 0.0 88.1 256.7 73.1 150.4 253.6 128.3 45.4 204.0 94.5 73.0 156.0 263.6 40.9 116.1 263.8 43.8 179.2 291.4 172.4 247.5 77.7 154.5 179.7 270.2 197.4 60.4 61.5
2122.0 116.3 60.7 140.4 167.2 7.0 55.0 100.1 106.4 78.7 138.4 176.2 85.8 86.9 43.0 80.5 57.4 109.4 76.0 66.4 136.4 136.4 30.4 130.9 115.3 118.9 79.0 184.0 155.8 64.0 88.6 85.3 146.4 76.2 70.2 53.8 93.7 37.1 74.7 58.7 66.0 49.1 141.3 122.6 90.8 11.6 49.7 98.7 104.8 109.2 49.2 91.7 48.4 63.1 18.2 58.1 40.5 116.3 93.3 83.1 160.4 84.4 91.1 54.9 122.4 101.0 88.7 75.8 80.8 146.0 53.9 28.7 115.1 82.1 132.3 111.7 120.9 194.5 103.6 176.5 114.5 41.0 52.8 205.6 70.8 59.7 132.2 121.7 75.3 98.0 149.6 72.9 107.1 130.8 65.5 151.0 203.4 77.1 0.0 168.5 104.6 62.2 191.2 40.1 96.0 115.8 145.1 105.6 67.8 175.4 73.5 27.9 118.8 121.0 91.0 203.2 84.2 210.8 128.3 66.3 91.5 106.5 109.2 137.6 112.1
2162.9 222.1 269.1 287.2 97.7 243.0 154.9 145.6 117.2 268.1 43.8 234.6 122.0 295.3 193.4 124.6 275.4 188.5 224.0 203.3 73.5 114.0 191.3 345.2 69.2 116.4 144.6 114.5 222.5 171.8 121.3 293.7 47.1 116.6 299.9 169.8 302.1 192.0 148.1 250.1 171.8 187.0 164.6 176.5 117.0 196.9 250.7 144.8 79.7 317.6 192.1 91.8 171.9 292.8 227.6 201.0 241.9 253.2 172.4 235.6 63.2 207.5 212.8 238.2 87.5 115.8 104.6 217.7 129.1 354.4 184.5 249.9 323.5 187.9 164.0 135.0 144.2 44.3 246.5 107.0 94.0 270.7 152.4 136.1 165.0 178.7 91.4 195.1 283.7 240.9 175.7 134.9 102.8 300.7 273.9 58.9 217.5 285.5 208.3 0.0 313.0 161.4 121.7 167.7 304.4 107.8 331.5 314.0 169.7 18.1 281.9 209.9 192.2 329.4 164.4 56.6 108.9 221.7 348.0 139.5 132.1 132.6 84.3 346.0 363.7
2096.5 175.7 80.4 125.6 274.4 117.9 165.9 206.6 217.3 139.2 249.3 161.4 196.7 67.9 153.9 191.4 134.6 174.5 139.6 229.4 247.3 230.0 141.3 132.6 226.2 229.8 189.9 236.5 151.3 174.9 199.5 22.6 257.3 187.1 76.6 164.7 91.4 148.0 249.7 156.9 225.5 160.0 181.7 170.0 201.7 122.5 97.1 208.0 215.7 75.9 184.9 202.6 159.3 84.1 129.1 180.8 176.3 174.2 180.4 128.7 271.3 131.8 153.7 102.3 233.3 211.9 199.6 123.2 191.7 165.7 164.8 159.5 10.5 209.4 199.5 209.0 199.8 305.4 135.3 249.1 225.4 74.7 157.3 214.9 181.7 170.6 243.1 235.1 29.7 140.9 230.9 183.2 221.5 116.0 42.4 261.9 198.9 81.8 110.8 279.4 0.0 173.1 229.3 151.0 118.3 226.7 148.6 108.5 178.7 286.3 93.2 138.8 209.8 55.1 235.6 314.1 195.1 223.2 147.6 181.3 202.4 216.2 220.1 71.7 131.8
2143.2 115.4 133.3 174.3 158.4 65.7 48.4 146.6 44.1 155.2 131.8 130.4 77.0 159.5 78.5 73.9 110.6 144.8 112.2 41.8 101.4 145.9 41.5 203.5 108.7 78.4 16.8 175.2 196.4 84.2 67.7 157.9 126.9 69.6 143.2 8.4 166.3 30.5 68.5 135.2 59.4 72.1 192.2 237.2 82.0 61.1 149.6 106.3 98.2 181.8 99.8 85.1 41.8 135.7 52.7 103.9 117.0 91.7 133.9 120.5 98.1 181.4 124.0 144.4 87.4 68.2 82.1 191.6 74.2 218.6 104.8 85.1 187.7 114.1 171.1 162.6 171.8 155.9 149.4 162.6 105.7 113.6 64.3 196.8 91.0 110.6 69.9 121.8 150.8 143.8 143.0 63.5 75.6 187.0 138.1 116.0 244.0 146.4 72.5 161.9 177.2 0.0 182.4 70.6 171.2 53.5 217.7 178.2 118.7 155.9 146.1 98.5 136.9 193.6 122.3 168.2 77.6 261.7 200.5 63.8 29.2 103.2 89.7 210.2 184.7
2254.5 291.9 193.2 254.9 45.0 175.3 207.6 128.2 152.4 259.8 203.0 289.0 113.7 219.4 185.1 233.1 247.7 123.6 150.3 232.7 148.3 105.7 183.0 210.4 191.2 108.1 174.0 7.2 107.3 163.5 191.1 217.8 167.7 225.7 184.7 199.2 226.2 189.7 257.2 241.8 241.6 178.7 75.4 54.7 108.7 179.9 128.2 134.7 232.6 241.7 188.6 244.3 200.7 177.6 186.5 192.7 233.6 282.6 107.4 161.9 111.2 92.3 145.4 123.0 163.2 191.6 213.7 99.3 198.9 273.5 156.8 219.0 228.9 257.7 113.0 102.7 96.4 112.3 238.2 14.7 85.7 155.5 144.1 14.4 156.7 151.0 134.5 304.2 207.8 232.6 297.7 126.6 178.5 245.3 198.0 143.3 120.3 209.6 168.2 121.9 218.4 190.8 0.0 159.4 264.6 143.0 216.3 238.1 142.0 138.7 206.0 182.2 301.3 244.7 273.5 121.0 218.0 99.9 232.8 209.3 167.3 257.9 196.2 261.3 248.5
2142.9 143.8 111.0 119.4 127.0 43.4 48.1 133.2 85.3 100.3 131.5 129.5 45.6 137.2 65.1 73.6 123.8 130.8 98.8 59.5 118.9 114.5 23.5 181.2 108.4 78.7 72.1 143.8 177.2 70.8 81.7 135.6 139.5 69.3 120.9 46.9 144.0 30.2 68.2 109.9 59.1 58.7 165.1 205.8 50.6 38.8 136.2 87.1 97.9 159.5 24.3 84.8 41.5 113.4 32.1 33.2 52.6 142.3 114.7 107.1 133.3 162.2 110.6 131.0 110.6 91.4 81.8 172.4 73.9 196.3 91.4 62.8 165.4 75.2 153.7 135.5 144.7 169.9 78.7 131.2 74.3 91.3 6.2 165.4 77.6 97.2 105.1 114.8 128.5 73.1 142.7 32.1 98.8 132.9 115.8 133.5 224.8 124.1 50.2 161.6 154.9 55.3 151.0 0.0 148.9 94.7 195.4 155.9 105.3 168.5 123.8 85.1 111.9 171.3 84.1 178.6 77.3 234.6 178.2 63.5 70.4 102.9 102.3 226.4 162.4
2146.0 200.7 44.3 222.4 251.6 91.4 139.4 180.1 190.8 163.1 222.8 258.2 170.2 52.5 127.4 164.9 144.4 148.0 113.8 153.4 220.8 220.4 114.8 62.1 199.7 203.3 163.4 217.7 159.3 148.0 173.0 107.7 230.8 160.6 118.8 138.2 77.3 121.5 159.1 143.1 150.4 133.5 204.2 151.2 175.2 96.0 78.3 183.1 188.8 125.4 133.6 176.1 132.8 111.7 102.6 142.5 130.0 210.0 173.2 101.8 244.8 112.6 127.2 86.1 206.8 185.4 172.7 104.4 164.8 73.9 138.3 116.3 129.0 166.5 174.3 195.7 204.1 274.9 232.1 260.9 198.9 89.2 139.8 195.7 154.8 144.1 216.6 208.7 106.6 182.4 234.0 156.9 191.1 212.8 97.2 235.4 188.0 42.7 83.9 252.9 115.9 146.6 210.1 124.5 0.0 200.2 49.0 88.8 152.2 259.8 57.1 112.3 203.2 89.2 175.4 287.6 168.6 236.4 32.2 154.8 175.9 194.2 193.6 103.2 13.4
2196.8 169.0 186.9 197.1 110.6 150.9 102.0 100.7 9.4 178.0 102.8 184.0 47.9 213.1 101.3 127.5 183.3 96.4 136.3 95.4 48.1 98.1 117.2 245.9 123.8 24.8 36.7 127.4 142.8 79.7 71.8 211.5 74.5 106.4 220.6 61.9 219.9 84.1 138.3 158.0 122.3 94.9 145.1 189.4 42.9 155.5 163.7 52.7 113.3 235.4 122.8 138.7 95.4 213.1 137.1 126.9 139.8 145.3 80.3 144.6 44.5 127.8 120.7 158.5 63.0 72.3 94.4 138.0 79.6 272.2 92.4 157.8 241.3 138.4 119.3 115.5 124.7 106.2 172.4 114.8 57.9 191.0 87.3 149.0 72.9 86.6 16.3 175.4 204.4 166.8 196.6 61.4 74.8 210.6 191.7 62.7 190.4 200.0 126.1 119.9 230.8 53.5 134.6 93.6 224.8 0.0 251.8 231.8 78.5 103.5 199.7 117.8 182.0 247.2 154.2 114.9 98.7 214.6 268.6 90.0 24.3 156.8 93.8 263.8 238.3
2194.3 245.4 92.6 270.2 294.9 136.1 184.1 224.8 235.5 207.8 267.5 257.9 214.9 100.8 168.1 209.6 186.5 192.7 158.5 195.5 265.5 243.8 159.5 13.6 244.4 248.0 208.1 257.0 110.2 193.1 217.7 125.2 275.5 205.3 163.9 182.9 125.6 166.2 203.8 187.8 195.1 178.2 195.5 153.4 219.9 140.7 128.3 227.8 233.9 173.7 178.3 220.8 177.5 156.4 147.3 187.2 169.6 245.4 163.8 146.9 289.5 157.7 171.9 128.2 251.5 230.1 217.8 149.1 209.9 57.1 183.0 161.0 155.0 211.2 219.0 222.8 216.5 320.0 232.7 264.5 243.6 134.3 184.5 235.4 199.9 188.8 261.3 250.8 115.2 227.1 278.7 202.0 236.2 260.6 105.4 280.1 138.9 91.0 129.0 297.6 144.5 191.3 249.8 169.2 48.2 244.9 0.0 137.5 196.9 304.5 105.4 157.0 247.9 134.9 220.1 332.3 213.3 187.3 16.4 195.4 220.6 235.6 238.3 151.5 32.1
2057.4 242.1 61.5 192.0 287.1 126.9 174.9 220.0 226.3 205.6 258.3 227.8 205.7 80.4 162.9 200.4 201.0 183.5 149.3 186.3 256.3 256.3 150.3 130.3 235.2 238.8 198.9 286.6 201.4 183.9 208.5 90.7 266.3 196.1 143.4 173.7 66.5 157.0 194.6 223.3 185.9 169.0 231.8 220.1 210.7 131.5 140.8 218.9 224.7 51.0 256.1 211.6 168.3 150.5 138.1 247.2 231.9 230.9 208.7 137.7 280.3 181.9 162.7 152.4 242.3 220.9 208.6 173.3 200.7 145.1 173.8 225.9 109.4 275.8 209.8 231.6 237.9 314.4 201.7 294.1 234.4 124.8 166.3 265.0 190.7 179.6 252.1 301.5 100.7 207.3 318.5 192.8 227.0 182.4 108.9 270.9 249.0 90.8 119.8 288.4 98.9 182.1 279.4 160.0 97.7 235.7 144.2 0.0 187.7 295.3 93.2 147.8 276.2 87.6 210.9 323.1 204.1 273.3 127.4 186.2 211.4 282.6 229.1 100.6 111.2
2215.1 219.8 145.4 169.8 129.9 72.3 120.3 32.2 107.9 150.7 158.5 220.5 87.2 171.6 78.2 145.8 104.7 41.5 67.6 160.6 103.8 69.0 95.7 210.6 171.0 63.6 101.9 146.7 87.9 59.7 119.0 170.0 130.2 141.5 164.8 119.1 178.4 102.4 140.0 130.7 169.5 67.6 73.4 97.6 82.2 76.9 103.0 35.4 160.5 193.9 129.7 157.0 113.4 157.7 83.5 138.6 122.5 220.2 25.4 80.1 118.2 72.9 65.8 103.1 117.8 119.5 141.6 79.9 126.8 254.1 13.9 76.0 200.7 185.6 64.4 42.9 50.1 161.9 184.1 138.3 76.3 135.2 90.0 168.3 66.5 8.0 90.0 187.0 160.0 178.5 214.9 78.8 123.4 172.8 151.8 118.4 135.5 161.8 117.9 181.5 189.3 118.7 153.9 105.3 180.3 98.5 196.0 190.3 0.0 159.2 158.2 39.2 184.1 205.7 156.3 170.6 145.9 142.9 213.4 131.6 98.5 171.8 141.0 253.1 228.2
2223.0 207.5 250.9 277.8 106.6 183.3 153.8 154.5 112.9 258.7 90.9 222.5 128.6 277.1 182.0 153.7 264.0 177.1 220.7 197.8 82.4 122.9 197.9 326.6 133.8 105.5 139.1 123.4 223.5 160.4 120.2 275.5 29.0 98.4 301.3 164.3 283.9 186.5 130.3 238.7 170.7 175.6 173.5 185.4 123.6 178.7 244.4 133.4 123.3 299.4 203.5 117.9 171.1 293.8 216.2 207.6 220.5 235.9 161.0 224.5 72.1 208.5 201.4 239.2 87.3 97.6 86.4 218.7 128.0 336.2 173.1 238.5 305.3 186.8 172.9 143.9 153.1 56.8 253.1 110.8 102.9 271.7 168.0 145.0 153.6 167.3 100.3 176.9 268.4 247.5 201.8 142.1 99.1 291.3 255.7 67.8 226.4 264.0 190.1 30.2 294.8 155.9 130.6 174.3 288.8 103.5 332.5 295.8 159.2 0.0 263.7 198.5 174.0 311.2 146.2 65.5 90.7 230.6 349.3 138.4 127.8 162.0 66.1 327.8 302.3
2048.4 186.1 11.4 167.6 237.0 76.8 124.8 165.5 176.2 148.5 208.2 201.1 155.6 55.9 112.8 150.3 127.2 133.4 118.8 136.2 206.2 206.2 100.2 109.5 185.1 188.7 148.8 203.1 117.9 133.8 158.4 122.8 216.2 146.0 104.6 123.6 36.9 106.9 144.9 128.5 135.8 118.9 189.6 136.6 160.6 81.4 63.7 168.5 174.6 83.1 123.8 161.5 118.2 97.1 88.0 127.9 110.3 186.1 158.6 92.1 230.2 98.4 112.6 68.9 192.2 170.8 158.5 89.8 150.6 95.0 123.7 101.7 141.5 151.9 159.7 181.5 189.5 264.3 173.4 241.2 184.3 75.0 116.2 181.5 140.6 129.5 202.0 191.5 76.8 167.8 219.4 142.1 180.4 164.8 64.1 220.8 165.5 42.8 69.7 238.3 131.0 132.0 195.9 109.9 47.6 185.6 94.1 32.0 137.6 245.2 0.0 97.7 188.6 119.7 160.8 273.0 154.0 189.8 76.9 140.2 161.3 179.6 179.0 132.7 61.1
2175.8 142.3 106.1 135.1 169.8 33.0 81.0 67.7 113.8 116.0 164.4 178.9 92.1 132.3 69.0 106.5 65.4 81.4 51.3 92.4 143.7 109.8 56.4 176.3 141.3 103.5 102.3 186.6 127.8 60.1 114.6 130.7 170.1 102.2 145.6 79.8 139.1 63.1 101.1 105.6 92.0 68.0 113.3 135.3 97.1 37.6 88.7 75.6 130.8 154.6 80.0 117.7 74.4 138.1 44.2 84.1 66.5 142.3 65.3 59.6 158.1 112.8 63.1 83.5 139.1 119.9 114.7 123.0 106.8 191.4 25.9 39.9 160.5 108.1 104.3 83.7 92.9 201.8 150.8 174.0 117.1 116.0 72.4 208.2 66.9 31.7 129.9 147.7 123.6 145.2 175.6 78.6 127.3 133.5 110.9 158.3 175.4 119.2 45.3 194.5 150.0 88.2 193.8 66.1 144.0 123.2 190.5 151.0 39.8 199.1 118.9 0.0 144.8 166.4 117.0 210.5 110.2 182.8 173.3 96.4 98.9 135.8 135.2 213.8 157.5
2090.2 56.0 175.2 137.7 269.8 107.6 107.7 210.8 173.5 151.3 145.3 71.0 188.4 201.4 139.3 98.0 152.5 203.4 223.6 100.7 173.7 257.3 83.4 245.4 122.2 186.8 142.0 286.6 218.4 195.6 123.1 199.8 145.9 75.7 185.1 138.0 208.2 76.9 42.0 135.0 83.9 183.5 256.4 237.1 193.4 103.0 164.2 214.7 111.7 223.7 106.5 98.6 65.6 177.6 96.3 115.4 116.8 84.4 242.3 162.1 224.5 198.9 182.6 169.4 162.8 100.5 88.2 190.3 130.9 260.5 169.0 127.0 226.5 74.7 229.7 226.8 236.0 219.8 116.4 274.0 217.1 155.5 123.7 308.2 202.4 174.8 196.3 45.4 192.7 122.0 103.0 174.9 151.0 128.1 180.0 188.3 266.0 188.3 114.4 175.4 219.1 146.4 293.8 117.4 213.1 182.9 259.6 220.1 182.9 174.9 188.0 143.0 0.0 233.5 27.9 232.1 83.7 290.3 242.4 123.1 158.6 88.3 108.7 219.4 226.6
2079.4 185.8 71.4 135.7 294.9 138.5 186.5 274.1 237.9 149.3 269.9 171.5 217.3 32.8 170.5 212.0 144.7 195.1 160.9 239.5 267.9 250.5 161.9 153.8 246.8 250.4 210.5 257.0 171.8 195.5 220.1 61.1 277.9 207.7 86.7 185.3 74.3 168.6 261.5 167.0 235.6 180.6 202.2 190.5 222.3 143.1 111.2 228.5 236.3 58.8 199.8 223.2 179.9 94.2 149.7 190.9 175.6 174.6 200.9 153.8 291.9 152.3 174.3 122.8 253.9 232.5 220.2 146.0 212.3 138.7 227.9 169.6 79.8 219.5 220.0 229.5 223.2 322.4 145.4 264.5 246.0 95.2 177.9 235.4 202.3 233.7 263.7 245.2 71.1 151.0 241.0 204.4 238.6 126.1 80.9 282.5 219.4 43.2 131.4 300.0 69.3 193.7 249.8 171.6 91.3 247.3 137.8 91.4 241.8 306.9 84.2 201.9 219.9 0.0 245.7 334.7 215.7 243.7 121.0 201.9 223.0 226.3 240.7 16.6 104.8
2084.5 61.2 147.2 146.1 241.8 79.6 64.9 182.8 145.5 127.0 130.5 76.2 160.4 173.4 111.3 70.0 124.5 175.4 195.6 73.7 145.7 229.3 55.4 217.4 107.4 158.8 114.0 258.6 190.4 167.6 95.1 171.8 117.9 47.7 157.1 81.1 180.2 48.9 14.0 107.0 55.9 155.5 228.4 209.1 165.4 75.0 136.2 186.7 96.9 195.7 83.3 83.8 37.6 149.6 66.6 87.4 88.8 89.6 214.3 129.6 196.5 170.9 154.6 141.4 134.8 72.5 60.2 162.3 102.9 232.5 141.0 99.0 201.6 72.0 201.7 198.8 208.0 200.2 132.9 246.0 189.1 127.5 95.7 280.2 174.4 146.8 168.3 30.6 164.7 127.3 97.3 146.9 123.0 155.9 152.0 160.3 238.0 160.3 86.4 160.6 191.1 130.8 265.8 89.4 185.1 154.9 231.6 192.1 154.9 146.9 160.0 115.0 27.7 207.5 0.0 212.5 55.7 262.3 214.4 113.3 130.6 57.5 80.7 224.1 198.6
2211.7 215.3 274.3 289.2 79.4 243.0 148.1 156.8 124.3 270.1 92.6 230.3 133.2 300.5 193.4 197.5 275.4 188.5 233.0 210.1 66.7 125.2 202.5 336.8 118.0 116.9 151.4 125.7 233.7 171.8 114.5 298.9 94.5 164.0 311.5 176.6 307.3 198.8 195.9 250.1 165.0 187.0 175.8 187.7 128.2 202.1 254.6 144.8 128.5 322.8 208.1 140.6 165.4 304.0 227.6 212.2 231.9 260.0 172.4 240.9 74.4 218.7 212.8 249.4 80.7 133.0 152.0 228.9 122.3 359.6 184.5 249.9 328.7 181.1 175.2 146.2 155.4 8.7 257.7 113.1 105.2 281.9 172.6 147.3 165.0 178.7 102.6 239.7 291.8 252.1 224.5 146.7 92.5 302.7 279.1 52.1 228.7 287.4 213.5 48.7 318.2 168.2 132.9 178.9 312.2 114.9 342.7 319.2 170.6 65.5 287.1 209.9 239.6 334.6 211.8 0.0 156.3 232.9 359.5 132.7 139.2 184.7 131.7 351.2 325.7
2132.2 116.7 160.1 201.9 186.0 92.5 72.9 174.2 89.7 182.8 96.0 129.2 104.6 186.3 106.1 62.9 137.4 172.4 136.5 116.9 89.9 173.5 68.3 230.3 72.9 103.0 58.2 202.8 221.0 111.8 39.3 184.7 62.1 7.7 169.6 83.4 193.1 105.6 39.1 162.8 89.8 99.7 219.8 264.8 109.6 87.9 171.9 130.9 62.4 208.6 122.6 74.1 89.9 162.5 79.5 131.5 144.6 154.8 158.5 143.6 140.7 206.0 151.6 172.0 79.0 16.7 4.4 213.0 47.1 256.7 132.4 108.7 214.5 105.9 197.5 190.2 196.5 144.4 177.0 195.3 133.3 140.4 82.9 224.4 118.6 138.2 112.5 86.1 174.7 171.4 132.0 91.7 63.7 211.4 164.9 104.5 268.6 176.5 99.3 121.4 204.0 75.0 210.0 98.2 195.4 99.1 244.5 205.0 146.3 91.1 172.9 126.1 83.2 220.4 55.4 156.7 0.0 289.3 227.7 61.6 74.8 88.9 24.9 237.0 211.5
2312.2 316.1 204.3 303.8 130.2 223.2 271.2 124.0 231.9 284.7 282.5 301.8 196.8 315.0 208.0 296.7 255.6 138.2 135.5 311.5 227.8 119.5 246.6 208.2 276.4 187.6 252.8 92.3 104.0 186.4 269.9 317.5 252.9 292.4 196.2 270.0 237.3 253.3 291.3 264.7 320.4 201.6 71.2 77.5 191.8 227.8 139.3 160.9 311.4 252.8 266.9 307.9 264.6 188.7 234.4 275.8 246.5 314.6 140.0 186.1 196.4 103.4 162.5 134.1 242.7 270.4 292.5 113.6 277.7 284.0 164.7 230.1 240.0 336.5 108.8 98.5 89.3 193.9 275.7 104.9 168.8 166.6 236.2 70.7 179.6 158.9 214.0 337.9 310.4 315.7 365.8 210.3 254.5 256.4 297.7 228.5 66.4 301.9 179.3 207.1 229.5 269.6 85.1 242.5 259.8 222.5 214.1 249.2 150.8 223.9 217.1 190.1 335.0 255.8 307.2 206.2 296.8 0.0 230.9 286.6 246.8 326.0 275.7 272.4 246.3
2177.8 232.5 76.1 254.2 283.4 123.2 171.2 211.9 222.6 194.9 254.6 290.0 202.0 84.3 155.2 196.7 173.6 179.8 145.6 182.6 252.6 252.6 146.6 32.7 231.5 235.1 195.2 273.8 127.0 180.2 204.8 135.6 262.6 192.4 150.6 170.0 109.1 153.3 190.9 174.9 182.2 165.3 212.3 170.2 207.0 127.8 103.7 214.9 221.0 157.2 170.2 207.9 164.3 143.5 136.0 174.3 161.8 232.5 205.0 134.0 276.6 144.8 159.0 115.0 238.6 217.2 204.9 136.2 197.0 54.1 170.1 148.1 158.2 198.3 206.1 227.9 233.3 310.7 263.9 281.3 230.7 121.4 162.6 252.2 187.0 175.9 248.4 237.9 125.6 214.2 265.8 189.1 223.3 244.6 115.8 267.2 155.7 74.5 116.1 284.7 147.7 178.4 266.6 156.3 32.1 232.0 16.7 121.0 184.9 291.6 88.9 144.1 235.0 118.4 207.2 319.4 200.4 204.1 0.0 186.6 207.7 226.0 225.4 135.0 15.6
2134.0 82.5 137.4 140.4 176.9 73.9 11.3 169.5 80.6 121.3 122.6 95.0 95.5 163.6 101.2 64.7 114.7 163.3 131.5 107.8 65.9 168.5 49.7 212.0 99.5 97.0 49.1 193.7 215.0 106.8 18.1 166.1 109.4 60.4 146.9 74.3 174.5 43.2 58.9 101.3 32.2 94.7 210.7 255.7 100.5 69.3 162.8 125.2 89.0 190.0 73.5 75.9 32.3 143.9 56.8 122.4 93.1 138.6 152.5 138.6 134.6 200.0 142.5 161.2 51.9 50.7 72.8 207.0 10.3 238.1 123.3 90.1 195.9 48.3 189.6 185.2 187.4 120.4 167.9 186.2 124.2 121.8 73.8 219.4 113.6 129.1 106.4 106.9 152.0 162.3 133.8 86.7 40.7 180.2 147.9 80.5 262.6 153.8 80.7 148.6 185.4 65.9 200.9 89.1 176.4 90.0 225.9 186.4 138.1 138.4 154.3 117.0 122.0 197.7 107.4 132.7 64.3 280.2 209.1 0.0 65.7 90.7 72.2 218.4 192.9
2172.5 144.7 162.6 174.1 134.9 131.4 77.7 125.0 14.8 155.0 122.6 159.7 72.2 188.8 78.3 103.2 163.8 120.7 112.0 71.1 72.4 122.4 94.0 270.2 99.5 49.1 12.4 151.7 167.1 84.0 47.5 187.2 98.8 82.1 206.3 37.6 195.6 59.8 114.0 135.0 98.0 71.9 169.4 213.7 67.2 90.4 149.4 77.0 89.0 211.1 99.6 114.4 71.1 198.8 112.5 103.7 116.8 121.0 104.6 120.3 68.8 152.1 123.8 144.2 67.2 48.0 70.1 162.3 55.3 247.9 104.6 138.3 217.0 114.1 143.6 139.8 149.0 130.5 149.2 139.1 82.2 176.7 64.1 173.3 90.8 110.4 40.6 151.1 180.1 143.6 172.3 63.3 55.4 187.6 167.4 87.0 214.7 175.7 101.8 144.2 206.5 29.2 158.9 70.4 200.5 24.3 276.1 207.5 102.8 127.8 175.4 98.3 157.7 222.9 129.9 139.2 74.4 238.9 229.8 65.7 0.0 132.5 69.5 239.5 214.0
2026.9 71.3 163.3 162.2 221.3 95.7 123.0 231.3 154.8 143.1 93.4 83.8 169.7 189.5 123.4 48.9 136.0 222.6 201.6 89.8 137.9 224.3 71.5 233.8 70.3 151.0 123.3 238.1 206.5 176.9 104.4 187.9 128.1 100.6 168.6 97.2 196.3 65.0 60.3 123.1 72.0 164.8 271.3 225.2 169.1 91.1 157.6 179.2 59.8 211.8 94.8 46.7 54.0 165.7 82.7 103.5 114.9 109.4 206.5 145.7 186.8 182.4 170.7 152.9 128.2 81.8 88.6 180.7 112.2 259.9 197.5 111.9 217.7 88.1 245.5 241.7 248.0 171.5 149.0 226.0 184.1 139.0 148.0 259.7 179.1 203.3 160.5 19.5 177.9 143.4 39.7 152.2 128.8 169.0 169.7 152.5 254.1 179.7 97.9 123.5 207.2 140.1 240.7 105.5 198.2 149.0 243.1 208.2 203.8 141.7 176.1 131.1 55.8 219.0 61.2 180.2 88.3 278.4 226.3 126.7 139.9 0.0 108.0 240.2 210.1
2156.8 141.3 184.7 216.6 163.8 117.1 87.6 153.9 85.4 197.5 83.4 156.3 101.1 210.9 120.8 87.5 206.3 149.6 154.5 131.6 64.9 151.3 136.5 299.1 67.6 78.0 72.9 180.6 196.0 126.5 54.0 209.3 37.1 32.2 194.6 98.1 217.7 120.3 64.1 177.5 104.5 114.4 198.3 242.6 96.1 112.5 191.9 105.9 57.1 233.2 137.3 98.7 104.9 187.1 104.1 146.2 159.3 169.7 133.5 162.8 115.7 181.0 166.3 186.7 59.8 31.4 20.2 191.2 61.8 270.0 145.6 180.8 239.1 120.6 172.5 168.7 177.9 123.0 191.7 168.0 111.1 165.0 106.6 202.2 126.1 139.8 87.5 110.7 202.2 186.1 151.2 105.8 71.6 230.1 189.5 79.5 243.6 197.8 123.9 96.4 228.6 89.7 187.8 112.9 222.6 76.0 305.0 229.6 131.7 66.1 197.5 140.8 107.8 245.0 80.0 131.7 24.5 267.8 251.9 72.2 89.5 111.4 0.0 261.6 236.1
2093.5 169.2 85.5 119.1 334.7 152.6 235.9 253.1 293.0 132.7 303.2 154.9 253.3 46.9 211.4 226.1 128.1 206.2 164.4 222.9 317.3 295.2 176.0 167.9 280.1 286.4 224.6 261.3 176.1 232.4 269.5 75.2 292.0 221.8 70.1 199.4 88.4 182.7 243.2 150.4 219.0 217.5 206.5 194.8 258.3 193.1 121.9 261.0 269.6 72.9 178.4 256.5 194.0 77.6 202.8 174.3 169.8 167.7 205.2 163.4 341.0 156.6 185.4 127.1 303.3 246.6 234.3 148.0 261.7 152.8 211.3 153.0 68.8 202.9 224.3 269.1 224.6 371.8 128.8 273.9 282.0 99.5 213.9 239.7 239.2 217.1 312.8 228.6 82.3 134.4 224.4 239.8 291.5 109.5 95.0 331.9 223.7 60.8 174.7 333.3 83.4 207.8 254.1 207.6 105.4 302.4 151.9 105.5 225.2 351.5 98.3 185.3 203.3 14.1 229.1 384.1 229.8 248.0 134.7 251.3 278.1 209.7 254.8 0.0 118.9
2162.1 216.8 60.4 238.5 267.7 107.5 155.5 200.6 206.9 179.2 238.9 274.3 186.3 68.6 139.5 181.0 157.9 164.1 129.9 166.9 236.9 236.9 130.9 46.0 215.8 219.4 179.5 233.8 143.2 164.5 189.1 123.8 246.9 176.7 134.9 154.3 93.4 137.6 175.2 159.2 166.5 149.6 220.3 167.3 191.3 112.1 99.7 199.5 205.3 141.5 154.5 192.2 148.6 127.8 120.3 158.6 141.0 226.1 189.3 122.8 260.9 129.1 143.3 99.6 222.9 201.5 189.2 120.5 181.3 57.8 154.4 129.2 142.5 182.6 190.4 212.2 218.5 291.4 248.2 277.0 215.0 105.7 146.9 212.2 171.3 160.2 232.7 222.2 123.1 198.5 250.1 173.4 207.6 228.9 113.3 251.5 171.9 58.8 100.4 269.0 132.0 162.7 226.6 140.6 13.4 216.3 32.9 105.3 168.3 275.9 73.2 128.4 219.3 102.7 191.5 303.7 184.7 220.3 16.1 170.9 192.0 210.3 209.7 119.3 0.0
