Name		0389_BED-Amazon_n59_m209_bt37
Number_of_Customers	59
Number_of_Items		209
Number_of_ItemTypes	37
Number_of_Vehicles	1
TimeWindows		0
Dist_type	manual

VEHICLE
Mass_Capacity	1693
CargoSpace_Length	160
CargoSpace_Width	70
CargoSpace_Height	72

CUSTOMERS
i	x	y	Demand	ReadyTime	DueDate	ServiceTime	DemandedMass	DemandedVolume
0	34.23485	-118.58421	0	0	0	0	0	0
1	34.145899	-118.363619	2	0	0	0	3.34	8008
2	34.14805	-118.366511	1	0	0	0	1.9	1176
3	34.14202	-118.361651	8	0	0	0	62.96	86257
4	34.148838	-118.362406	4	0	0	0	25.57	20630
5	34.146754	-118.365032	2	0	0	0	17.03	19608
6	34.149277	-118.366928	6	0	0	0	31.55	62776
7	34.150361	-118.368001	4	0	0	0	37.84	16280
8	34.14961	-118.360714	1	0	0	0	4.66	4350
9	34.14807	-118.367442	1	0	0	0	5.29	8075
10	34.146027	-118.361439	6	0	0	0	21.57	34586
11	34.14476	-118.360071	3	0	0	0	7.3	5196
12	34.146044	-118.360071	3	0	0	0	11.46	19140
13	34.145549	-118.361439	3	0	0	0	11.38	46500
14	34.146574	-118.360071	4	0	0	0	20.79	17393
15	34.147037	-118.367304	1	0	0	0	4.26	10440
16	34.147898	-118.358077	1	0	0	0	0.7	2640
17	34.144051	-118.365847	2	0	0	0	5.4	4020
18	34.147797	-118.370251	1	0	0	0	4.7	1380
19	34.14773	-118.366273	1	0	0	0	4.7	1380
20	34.147455	-118.365261	2	0	0	0	15.5	9420
21	34.148839	-118.362104	4	0	0	0	18.45	12564
22	34.142051	-118.363839	2	0	0	0	7.45	10452
23	34.148858	-118.360002	2	0	0	0	4.25	9000
24	34.146747	-118.362322	2	0	0	0	17.6	13356
25	34.146749	-118.361029	1	0	0	0	7.3	3640
26	34.14884	-118.363142	2	0	0	0	5.2	7632
27	34.146916	-118.363172	1	0	0	0	0.7	2640
28	34.148851	-118.361208	2	0	0	0	11.55	8460
29	34.143017	-118.365828	2	0	0	0	3.2	6618
30	34.148048	-118.365308	4	0	0	0	30.6	34808
31	34.148066	-118.367923	5	0	0	0	35.23	28860
32	34.150819	-118.361471	4	0	0	0	27.25	7456
33	34.142079	-118.364823	1	0	0	0	1.9	1176
34	34.148555	-118.357439	1	0	0	0	0.7	2640
35	34.148843	-118.358794	2	0	0	0	6.6	2556
36	34.142217	-118.362829	1	0	0	0	4.7	1380
37	34.144262	-118.36425	1	0	0	0	1.9	1176
38	34.148062	-118.366963	1	0	0	0	1.4	5280
39	34.149607	-118.363934	1	0	0	0	5.04	8112
40	34.145076	-118.363349	3	0	0	0	15.77	26844
41	34.149597	-118.358888	1	0	0	0	3.82	8580
42	34.148594	-118.361445	1	0	0	0	4.7	1380
43	34.145074	-118.364156	1	0	0	0	0.7	2640
44	34.14728	-118.363998	2	0	0	0	9.85	10400
45	34.149274	-118.366075	1	0	0	0	2.5	3978
46	34.150242	-118.361461	8	0	0	0	40.88	41164
47	34.147309	-118.361437	1	0	0	0	7.3	3640
48	34.142946	-118.363848	2	0	0	0	10.8	8040
49	34.14961	-118.360599	5	0	0	0	31.61	20646
50	34.147895	-118.357773	1	0	0	0	9.4	2760
51	34.151179	-118.361957	3	0	0	0	16.7	7956
52	34.146751	-118.361754	1	0	0	0	0.7	2640
53	34.144109	-118.36265	1	0	0	0	4.2	5382
54	34.149602	-118.364704	1	0	0	0	4.7	1380
55	34.149286	-118.369053	6	0	0	0	31.16	37178
56	34.149609	-118.363304	2	0	0	0	7.2	5358
57	34.14831	-118.368611	2	0	0	0	23.53	15520
58	34.148853	-118.360773	1	0	0	0	4.7	1380
59	34.149288	-118.369325	3	0	0	0	22.6	18228

ITEMS
Type	Length	Width	Height	Mass	Fragility	LoadBearingStrength
Bt1	10	10	10	14.15	1	0
Bt2	18	12	5	2.15	1	0
Bt3	21	14	4	1.9	1	0
Bt4	23	15	4	4.7	1	0
Bt5	20	18	7	1.8	1	0
Bt6	15	11	16	0.7	1	0
Bt7	34	10	10	1.59	1	0
Bt8	20	14	13	7.3	1	0
Bt9	17	13	18	2.5	1	0
Bt10	29	15	10	4.66	1	0
Bt11	24	12	16	1.75	1	0
Bt12	23	18	13	4.2	1	0
Bt13	28	22	9	3.01	1	0
Bt14	30	19	10	2.15	1	0
Bt15	31	20	10	4.8	1	0
Bt16	22	15	19	1.27	1	0
Bt17	26	20	13	2.55	1	0
Bt18	26	17	16	1.61	1	0
Bt19	25	20	15	2.29	1	0
Bt20	25	19	17	5.29	1	0
Bt21	39	26	8	5.04	1	0
Bt22	29	20	14	3.25	1	0
Bt23	22	15	26	3.816	1	0
Bt24	39	19	12	2.58	1	0
Bt25	28	18	18	2.75	1	0
Bt26	50	20	10	4.73	1	0
Bt27	40	20	13	2.6	1	0
Bt28	29	24	15	4.26	1	0
Bt29	26	20	24	5.36	1	0
Bt30	38	23	19	4.3	1	0
Bt31	39	27	16	7.63	1	0
Bt32	57	15	20	3.44	1	0
Bt33	33	20	28	5.25	1	0
Bt34	41	20	29	3.42	1	0
Bt35	32	23	33	9.17	1	0
Bt36	58	40	11	12.6	1	0
Bt37	59	40	18	5.982	1	0

DEMANDS PER CUSTOMER
i	Type Quantity
1	Bt11 1	Bt7 1	
2	Bt3 1	
3	Bt6 2	Bt4 6	Bt3 1	Bt32 1	Bt36 1	Bt31 1	Bt9 1	Bt20 1	
4	Bt16 1	Bt6 1	Bt4 4	Bt15 1	
5	Bt4 2	Bt31 1	
6	Bt4 3	Bt22 1	Bt31 1	Bt6 2	Bt11 1	Bt34 1	
7	Bt1 1	Bt4 3	Bt8 1	Bt19 1	
8	Bt10 1	
9	Bt20 1	
10	Bt3 2	Bt6 4	Bt4 1	Bt27 1	Bt10 1	Bt13 1	
11	Bt6 1	Bt4 1	Bt3 1	
12	Bt4 1	Bt6 2	Bt29 1	
13	Bt37 1	Bt4 1	Bt6 1	
14	Bt4 2	Bt12 1	Bt3 1	Bt20 1	
15	Bt28 1	
16	Bt6 1	
17	Bt4 1	Bt6 1	
18	Bt4 1	
19	Bt4 1	
20	Bt6 2	Bt4 3	
21	Bt11 1	Bt4 3	Bt6 1	Bt3 1	
22	Bt25 1	Bt4 1	
23	Bt6 3	Bt2 1	
24	Bt4 3	Bt11 2	
25	Bt8 1	
26	Bt6 2	Bt3 2	
27	Bt6 1	
28	Bt14 1	Bt4 2	
29	Bt9 1	Bt6 1	
30	Bt15 1	Bt4 4	Bt33 1	Bt11 1	
31	Bt11 1	Bt4 4	Bt24 1	Bt15 1	Bt8 1	
32	Bt3 1	Bt1 1	Bt4 2	Bt5 1	
33	Bt3 1	
34	Bt6 1	
35	Bt4 1	Bt3 1	
36	Bt4 1	
37	Bt3 1	
38	Bt6 2	
39	Bt21 1	
40	Bt4 1	Bt3 1	Bt35 1	
41	Bt23 1	
42	Bt4 1	
43	Bt6 1	
44	Bt17 1	Bt8 1	
45	Bt9 1	
46	Bt9 1	Bt4 5	Bt18 1	Bt3 1	Bt10 1	Bt11 1	Bt28 1	Bt6 1	
47	Bt8 1	
48	Bt6 2	Bt4 2	
49	Bt3 3	Bt4 4	Bt6 1	Bt10 1	Bt11 1	
50	Bt4 2	
51	Bt3 1	Bt4 3	Bt6 1	
52	Bt6 1	
53	Bt12 1	
54	Bt4 1	
55	Bt30 1	Bt13 1	Bt4 3	Bt8 1	Bt11 1	Bt6 1	
56	Bt9 1	Bt4 1	
57	Bt4 4	Bt26 1	
58	Bt4 1	
59	Bt6 4	Bt3 3	Bt4 3	

DISTANCE MATRIX
0.0 2163.8 2156.2 2187.3 2073.4 2148.3 2109.5 2118.6 2064.0 2082.5 2086.6 2158.4 2132.6 2090.5 2121.5 2197.4 2136.5 2251.0 2027.0 2173.9 2165.7 2064.7 2255.6 2089.8 2096.8 2099.5 2086.2 2118.9 2068.2 2286.6 2153.8 2075.5 2009.8 2259.1 2135.2 2110.7 2222.3 2201.3 2163.4 2086.0 2180.3 2093.8 2052.3 2202.6 2137.9 2146.8 2027.3 2070.5 2291.3 2065.7 2142.4 1997.6 2087.6 2169.7 2099.5 2082.4 2074.1 2085.7 2077.7 2077.0
2270.7 0.0 103.7 107.5 137.5 71.1 136.0 144.8 183.6 121.4 99.9 164.9 138.0 114.0 116.8 123.1 180.4 77.8 278.6 119.7 97.1 133.3 176.9 178.6 64.6 94.8 113.1 69.7 167.6 216.9 97.3 128.4 177.9 179.3 210.8 189.5 142.5 86.1 110.6 118.4 45.4 199.6 159.1 67.7 45.6 110.2 187.0 132.4 225.6 185.3 186.3 228.6 78.4 54.5 103.4 162.9 133.0 149.3 166.5 168.3
2132.8 87.3 0.0 165.9 119.7 65.4 145.6 141.6 150.3 17.6 125.2 205.5 179.7 129.0 168.6 57.4 157.0 174.5 337.0 15.1 32.8 127.9 234.2 190.4 116.8 146.6 107.7 82.7 133.2 265.2 20.9 23.5 158.7 237.7 202.1 177.6 200.9 144.5 7.1 113.0 103.8 190.9 120.0 126.1 55.1 170.5 147.4 109.0 273.9 152.0 162.9 172.7 126.1 112.9 98.0 118.5 126.7 45.5 142.7 113.1
2196.9 132.7 178.2 0.0 156.7 145.6 200.4 283.3 151.1 260.3 88.0 166.8 141.0 84.5 129.9 197.6 175.8 210.6 204.8 194.2 171.6 150.5 68.2 155.6 139.1 107.9 187.6 144.2 134.5 99.2 161.7 254.4 159.4 71.7 201.0 176.5 34.9 132.1 270.1 192.9 118.2 180.9 120.8 140.5 120.1 184.7 148.2 103.9 103.9 152.8 181.7 190.7 152.9 100.5 177.9 260.2 206.6 263.5 143.5 254.8
2233.1 132.1 135.5 169.6 0.0 128.0 109.5 141.1 108.6 153.2 66.4 176.8 151.0 69.9 139.9 176.7 122.4 210.0 340.7 153.2 145.0 5.8 237.9 51.1 76.5 78.8 15.2 98.2 30.0 268.9 121.6 159.1 71.4 241.4 96.5 72.0 204.6 180.0 142.7 65.6 139.3 103.3 31.6 161.6 117.2 93.8 61.7 49.8 273.6 110.3 128.3 150.2 66.9 148.4 79.1 146.5 57.1 181.1 39.0 151.9
2200.1 56.2 67.2 131.8 131.7 0.0 130.2 208.9 142.3 84.9 86.7 142.1 111.6 90.2 100.5 49.0 170.0 143.4 305.5 45.6 23.0 135.0 203.1 185.4 51.3 81.1 114.8 56.0 125.7 233.7 34.9 90.4 149.5 206.2 197.1 173.0 169.4 113.0 74.0 122.7 72.3 185.9 112.0 94.6 81.9 114.5 136.8 132.9 235.8 144.0 176.3 179.3 64.7 81.4 107.7 185.4 136.8 112.8 134.7 180.4
2108.3 104.3 95.3 182.9 112.5 103.9 0.0 117.1 152.2 113.0 153.2 206.5 180.7 156.7 169.6 152.8 192.0 191.5 354.0 113.0 104.8 118.4 251.2 163.7 117.4 147.6 98.2 137.0 142.6 282.2 78.8 120.0 159.7 254.7 209.1 184.6 217.9 161.5 102.5 87.0 120.8 182.0 144.2 143.1 72.1 15.0 145.5 144.0 290.9 153.9 197.9 187.1 131.2 129.9 72.0 36.9 100.7 140.9 151.6 42.3
2090.9 131.9 113.6 201.2 141.7 122.2 92.8 0.0 158.4 131.3 160.8 224.8 199.0 164.3 187.9 171.1 216.6 209.8 200.2 131.3 123.1 138.4 269.5 176.0 170.9 165.9 128.4 155.3 172.8 300.5 97.1 142.1 128.7 273.0 208.7 184.2 236.2 179.8 121.5 96.4 139.1 168.5 126.0 161.4 90.4 77.1 101.0 144.2 305.2 160.1 221.5 142.6 161.3 148.2 108.9 129.8 106.9 160.9 180.8 135.2
2251.1 182.0 188.9 187.9 108.9 188.3 162.1 160.1 0.0 206.6 84.2 150.2 124.4 88.1 113.3 237.4 95.8 269.2 359.0 206.6 198.4 100.2 256.2 56.2 136.8 110.5 115.6 158.9 81.3 287.2 186.5 212.5 50.0 259.7 87.9 63.4 222.9 239.2 196.1 65.6 198.5 29.7 49.9 220.8 177.9 136.5 38.7 68.1 291.9 1.7 101.7 64.0 127.6 207.6 79.1 189.2 53.7 234.5 68.3 194.6
2115.1 103.3 15.9 181.9 135.7 81.4 127.9 123.9 166.3 0.0 141.1 221.5 195.7 145.0 184.6 34.4 173.0 190.5 184.8 31.1 48.8 143.9 250.2 206.4 132.8 162.6 123.7 98.7 149.2 281.2 36.9 5.9 174.7 253.7 218.1 193.6 216.9 160.5 9.7 129.0 119.8 206.9 136.0 142.1 71.1 152.8 163.4 125.0 289.9 168.0 178.9 188.7 142.1 128.9 114.0 100.8 142.7 27.8 158.7 95.4
2260.0 105.4 127.4 103.5 68.6 88.5 182.5 168.5 62.6 144.7 0.1 89.5 52.9 3.8 41.8 137.7 87.2 192.6 274.3 134.2 111.6 61.9 171.5 67.0 37.1 19.4 83.5 58.7 45.9 202.8 110.9 154.1 69.8 174.9 112.9 88.3 138.1 114.6 134.2 104.6 100.6 92.7 32.7 122.9 102.5 166.8 60.0 15.3 207.5 64.6 93.5 102.6 27.8 82.5 160.3 219.4 92.3 172.9 55.0 224.8
2331.2 165.9 217.7 253.2 196.6 150.4 229.0 237.1 142.8 235.4 104.7 0.0 36.5 108.6 36.8 199.5 122.3 261.8 415.6 196.1 171.4 179.6 312.8 137.7 97.2 72.6 201.1 121.0 134.9 352.5 194.1 242.4 151.2 316.3 149.4 124.9 279.5 223.1 224.9 212.8 180.3 138.2 112.5 204.7 137.9 204.6 137.8 95.6 352.5 142.4 128.2 191.1 89.7 191.5 197.8 257.3 217.2 261.2 135.2 260.6
2303.3 138.0 189.8 216.6 160.0 122.9 192.4 211.3 114.9 207.5 78.8 25.7 0.0 82.8 11.1 171.6 94.4 225.2 387.7 168.2 145.6 153.8 284.9 109.8 71.4 44.7 175.3 93.1 98.3 315.9 157.5 213.4 136.8 288.4 121.5 97.0 251.6 195.2 196.7 184.9 154.5 110.3 84.6 176.8 112.1 176.7 112.0 67.7 320.6 116.6 100.3 154.5 61.8 163.6 169.9 229.4 188.5 235.4 107.3 234.8
2262.8 111.2 130.9 99.6 72.1 89.2 178.9 172.0 66.5 148.6 3.9 82.2 56.4 0.0 45.3 141.2 91.2 189.1 270.7 137.8 115.2 65.9 169.0 71.0 41.0 23.3 87.4 62.7 49.9 198.9 114.4 154.5 73.7 171.4 116.4 91.9 134.6 110.6 137.8 108.5 96.7 96.3 36.2 119.0 98.6 163.2 63.6 19.3 207.6 68.2 97.1 106.1 31.4 79.0 156.4 215.9 96.6 176.5 58.9 221.3
2292.2 136.2 178.7 205.5 148.9 108.5 181.3 200.2 103.8 196.4 67.7 36.8 11.1 71.7 0.0 160.5 83.3 214.1 376.6 157.1 134.5 142.7 273.8 98.7 60.3 33.6 164.2 82.0 87.2 304.8 146.4 202.3 110.6 277.3 110.4 89.1 240.5 184.1 185.9 173.8 143.4 99.2 73.5 165.7 101.0 165.6 100.9 56.6 313.5 105.5 89.2 143.4 50.7 152.5 158.8 218.3 177.4 224.3 96.2 223.7
2159.6 114.4 45.7 193.0 165.5 58.5 172.4 168.4 196.1 44.4 144.9 198.6 172.8 148.7 161.7 0.0 202.8 201.6 364.1 60.9 78.6 173.7 261.3 236.2 109.9 139.7 153.5 114.6 179.0 292.3 66.7 50.3 204.5 264.8 247.9 223.4 228.0 171.6 39.5 158.8 130.9 236.7 165.8 153.2 100.9 197.3 193.2 154.8 297.0 197.8 208.7 218.5 123.3 140.0 143.8 145.3 172.5 72.3 188.5 139.9
2314.8 174.3 147.3 199.4 120.3 164.7 197.4 222.8 93.3 165.0 96.2 126.6 100.8 99.6 89.7 204.8 0.0 261.5 370.5 165.0 156.8 111.6 267.7 67.6 113.2 86.9 133.1 137.7 83.8 298.7 144.9 170.9 109.3 271.2 79.3 54.8 234.4 231.5 154.5 159.0 190.8 68.1 70.6 213.1 154.3 171.8 98.0 109.9 307.4 91.5 5.9 123.3 104.0 199.9 165.0 265.9 147.1 192.9 79.7 260.5
2351.0 80.2 184.0 187.8 207.7 151.4 206.2 225.1 263.9 201.7 180.2 234.0 208.2 184.2 197.1 203.4 260.7 0.0 358.9 200.0 177.4 213.6 256.1 258.9 144.9 175.1 193.4 150.0 237.8 287.1 167.5 207.6 258.2 259.6 291.1 266.6 222.8 166.4 190.9 198.7 125.7 279.9 239.4 148.0 125.9 190.5 257.2 212.7 291.8 265.6 266.6 298.8 158.7 134.8 183.7 243.2 212.4 229.6 246.8 248.6
2069.6 158.8 71.4 237.4 218.9 136.9 82.4 78.4 237.9 55.4 197.0 277.0 251.2 200.5 240.1 89.9 228.5 246.0 0.0 86.6 104.3 217.9 305.7 255.5 188.3 218.1 206.9 154.2 204.7 336.7 92.4 48.4 194.7 309.2 273.6 249.1 272.4 216.0 65.2 174.9 175.3 247.0 205.5 197.6 126.6 107.3 180.5 180.5 345.4 239.6 234.4 251.9 197.6 184.4 188.4 55.3 186.4 58.6 214.2 49.9
2158.8 95.8 25.9 174.4 128.2 54.0 171.6 168.6 158.8 43.6 134.0 194.1 168.3 137.5 157.2 54.3 165.5 183.0 345.5 0.0 41.3 136.4 242.7 198.9 105.4 135.2 116.2 91.2 141.7 273.7 29.4 49.5 167.2 246.2 210.6 186.1 209.4 153.0 33.1 121.5 112.3 199.4 128.5 134.6 63.6 196.5 155.9 117.5 282.4 160.5 171.4 181.2 118.8 121.4 106.5 144.5 135.2 71.5 151.2 139.1
2177.0 88.1 44.1 166.7 122.8 32.5 199.6 186.8 151.1 61.8 119.2 172.6 146.8 122.8 135.7 62.8 157.8 175.3 337.8 59.4 0.0 128.7 235.0 191.2 83.5 113.7 108.5 88.6 134.5 266.0 11.8 67.7 159.5 238.5 202.9 178.4 201.7 145.3 51.0 113.8 104.6 191.7 120.8 126.9 55.9 105.6 148.2 109.8 274.7 152.8 163.7 213.9 97.3 113.7 98.8 162.7 127.5 89.7 143.5 157.3
2239.3 129.0 129.6 163.7 6.2 118.8 115.7 147.3 58.7 147.3 60.0 170.9 145.1 64.0 134.0 170.8 116.5 216.2 334.8 147.3 139.1 0.0 232.0 45.2 70.6 72.9 21.5 92.3 24.1 263.0 113.1 153.2 65.9 235.5 90.6 66.1 198.7 174.7 136.8 71.8 145.5 97.4 25.7 167.8 111.3 100.0 55.8 43.9 267.7 60.4 122.4 156.4 61.0 143.1 85.3 152.7 64.2 175.2 33.1 158.1
2264.4 200.2 245.7 67.4 224.2 213.1 267.9 350.8 218.6 327.8 156.3 245.5 208.5 152.0 197.4 265.1 243.3 278.1 272.3 261.7 239.8 218.7 0.0 223.8 207.3 175.4 255.1 211.7 202.0 86.4 229.2 320.8 240.5 58.9 268.5 247.2 71.9 199.6 337.9 260.4 185.7 248.4 188.3 208.0 187.6 252.2 215.7 171.4 34.6 220.3 249.2 258.2 220.4 168.0 245.4 327.7 275.0 331.7 211.0 322.3
2283.3 173.0 164.3 187.5 50.1 160.8 159.7 192.3 62.5 182.0 83.8 136.8 99.8 87.8 88.7 212.8 71.2 260.2 358.6 182.0 173.8 43.9 256.9 0.0 112.6 85.9 65.4 134.3 24.2 286.8 147.8 187.9 69.7 259.3 45.3 24.0 222.5 230.2 171.5 115.8 189.5 52.1 87.6 211.8 153.3 144.0 59.6 108.9 291.5 64.2 77.1 102.1 103.0 198.6 129.3 196.7 107.3 209.9 12.1 202.1
2231.8 66.5 118.3 138.9 122.4 51.4 120.9 139.8 91.3 136.0 35.3 100.2 63.2 39.2 52.1 100.1 119.0 153.7 310.0 96.7 74.1 128.3 207.2 134.4 0.0 30.1 108.1 21.6 74.7 238.2 86.0 141.9 98.1 210.7 146.1 121.6 173.9 123.7 125.5 113.4 83.0 134.9 61.0 105.3 40.6 105.2 88.4 44.1 242.9 93.0 124.9 130.9 13.7 92.1 98.4 157.9 128.0 163.9 83.7 163.3
2258.5 93.2 145.0 171.8 78.2 77.7 157.5 166.5 70.1 162.7 34.5 58.8 33.0 37.9 21.9 126.8 88.8 180.4 342.9 123.4 100.8 69.5 240.1 74.6 26.2 0.0 134.8 48.3 53.0 271.1 112.7 168.6 78.5 243.6 115.9 91.4 206.8 150.4 152.2 140.1 109.7 99.9 39.8 132.0 67.3 131.9 67.2 22.9 275.8 71.8 94.7 92.5 17.0 118.8 125.1 184.6 100.2 190.6 62.5 190.0
2217.8 107.5 98.5 183.9 14.3 139.0 94.2 126.8 93.3 116.2 80.7 193.2 165.3 84.2 154.2 191.0 136.7 194.7 355.0 116.2 108.0 20.2 252.2 65.4 90.8 93.1 0.0 101.4 44.3 283.2 82.0 122.1 87.3 255.7 110.8 86.3 218.9 164.7 105.7 50.3 124.0 117.6 45.9 146.3 75.3 78.5 93.3 64.1 291.9 95.0 142.6 134.9 81.2 133.1 63.8 131.2 41.8 144.1 53.3 136.6
2227.0 61.7 95.6 140.3 98.5 46.2 126.0 136.0 123.1 113.3 67.0 120.8 95.0 70.9 83.9 95.3 140.3 148.9 311.4 91.9 69.3 106.7 208.6 152.0 32.1 61.9 86.5 0.0 130.4 239.6 81.2 119.2 131.5 212.1 177.9 153.4 175.3 118.9 102.8 108.6 78.2 166.7 132.5 100.5 35.8 100.4 120.2 92.3 248.3 124.8 146.2 145.5 45.5 87.3 93.6 153.1 117.5 141.2 139.9 158.5
2259.0 148.7 129.1 163.2 25.8 121.6 135.4 167.0 38.2 146.8 59.2 146.7 120.9 63.5 109.8 170.3 92.3 235.9 334.3 146.8 138.6 19.6 232.6 21.0 70.1 107.0 41.1 142.6 0.0 262.5 112.6 153.8 46.6 235.0 66.4 41.9 198.2 205.9 136.0 91.5 165.2 68.0 25.2 187.5 110.8 119.7 35.3 43.4 267.2 39.9 98.2 77.8 60.5 174.3 105.0 172.4 83.0 174.7 8.9 177.8
2298.8 225.3 280.1 101.8 258.6 250.4 302.3 385.2 253.0 362.2 190.0 268.7 242.9 186.4 231.8 299.5 277.7 312.5 306.7 296.1 273.5 252.4 109.8 257.5 241.0 209.8 289.5 246.1 236.4 0.0 263.6 355.2 259.8 79.7 302.9 281.6 106.3 234.0 372.3 294.8 220.1 282.8 222.7 242.4 222.0 286.6 250.1 205.8 145.5 254.7 283.6 292.6 254.8 202.4 279.8 362.1 308.5 365.4 245.4 356.7
2146.7 72.1 13.8 150.7 106.8 44.4 169.3 155.5 135.1 34.1 110.0 195.7 158.7 113.9 147.6 71.3 141.8 161.7 321.8 34.1 11.8 112.7 219.0 175.2 95.4 125.6 92.5 67.5 120.9 250.0 0.0 37.4 143.5 224.9 186.9 162.4 185.7 129.3 23.3 97.8 88.6 175.7 104.8 110.9 39.9 89.6 132.2 96.2 258.7 136.8 147.7 197.9 109.2 97.7 82.8 132.4 111.5 62.0 129.9 129.6
2108.1 109.2 21.8 188.9 145.0 90.5 130.7 114.1 172.2 5.9 150.6 230.6 201.6 151.0 190.5 40.3 178.9 196.4 177.8 37.0 54.7 149.8 257.2 212.3 139.4 168.5 130.7 104.6 155.6 288.2 35.7 0.0 180.5 259.6 224.0 202.7 222.8 166.4 15.9 134.9 125.7 212.8 141.9 148.0 77.0 145.8 170.4 130.9 291.8 173.9 184.8 260.6 148.0 134.8 119.9 94.9 148.6 20.8 164.6 89.5
2200.6 152.7 146.2 180.3 61.0 137.6 152.6 109.6 54.0 163.9 77.1 150.6 122.6 80.6 109.3 187.4 126.5 238.8 351.4 163.9 154.6 66.6 248.6 77.6 99.1 89.5 76.3 108.9 56.5 291.5 129.8 168.7 0.0 252.1 125.2 99.6 215.3 191.3 152.3 76.0 168.1 83.8 42.3 192.6 128.0 136.8 15.1 60.5 288.4 55.7 130.2 22.3 77.6 159.7 89.5 188.4 63.0 191.8 67.7 192.7
2273.2 199.7 254.5 76.2 275.9 224.8 363.6 360.6 227.4 336.6 164.7 243.1 217.3 160.8 206.2 273.9 252.1 286.9 281.1 270.5 247.9 226.8 84.2 231.9 215.8 184.2 263.9 220.5 210.3 61.6 252.1 329.6 235.8 0.0 277.3 252.8 80.7 208.4 346.4 269.2 194.5 257.2 197.1 216.8 196.4 261.0 224.5 180.2 123.9 229.1 258.0 249.8 229.2 176.8 254.2 336.5 282.9 339.8 219.8 331.1
2310.5 199.1 191.8 277.7 98.0 183.6 215.0 218.5 89.0 209.5 129.7 145.5 119.7 133.1 108.6 232.7 44.4 286.3 448.8 209.5 201.3 89.3 346.0 45.3 132.1 105.8 110.8 154.2 70.4 377.0 189.4 215.4 116.3 349.5 0.0 24.4 312.7 256.3 199.0 154.7 215.6 63.8 115.1 237.9 173.2 189.4 105.0 128.8 385.7 87.2 39.3 130.3 122.9 224.7 168.2 242.1 142.8 237.4 57.4 247.5
2286.0 195.7 171.5 208.4 71.0 168.0 180.6 194.0 64.5 189.2 104.8 144.0 107.0 108.7 99.1 220.0 68.9 273.6 379.5 189.2 184.2 64.8 277.8 24.0 119.8 93.1 86.3 141.5 48.3 307.7 160.8 198.3 105.3 280.2 24.4 0.0 243.4 243.6 178.4 130.2 202.9 39.3 94.8 225.2 160.5 164.9 80.5 116.1 312.4 65.9 60.6 123.0 110.2 212.0 143.7 217.6 117.5 217.1 32.9 226.2
2243.0 169.5 224.3 46.0 245.7 194.6 333.4 329.4 197.2 306.4 134.2 212.9 187.1 130.6 176.0 243.7 221.9 256.7 250.9 240.3 217.7 196.6 63.8 201.7 185.6 154.0 233.7 190.3 180.1 94.8 221.9 299.4 205.6 67.3 247.1 222.6 0.0 178.2 316.2 239.0 164.3 227.0 166.9 186.6 166.2 230.8 194.3 150.0 99.5 198.9 227.8 219.6 199.0 146.6 224.0 306.3 252.7 309.6 189.6 300.9
2280.2 106.9 161.7 117.0 183.1 132.0 193.8 202.8 241.6 179.4 158.4 211.7 185.9 161.8 174.8 181.1 238.4 194.1 288.1 177.7 155.1 191.3 185.3 236.6 123.0 152.8 171.1 127.7 215.0 216.3 159.3 185.3 222.4 188.8 268.8 244.3 152.0 0.0 168.9 176.4 101.7 257.6 217.1 124.0 103.6 168.2 234.9 190.4 225.0 243.3 244.3 236.4 136.4 30.2 161.4 220.9 190.1 207.3 224.5 226.3
2125.6 102.8 6.2 171.8 128.2 74.2 148.2 134.4 156.5 10.4 131.4 222.9 185.6 135.3 174.5 50.2 163.2 180.4 195.3 21.3 38.7 133.8 241.5 196.3 122.6 152.8 113.9 88.9 139.6 271.1 18.9 16.3 178.4 243.9 208.3 187.0 207.1 150.7 0.0 119.2 109.7 197.1 126.2 132.3 61.0 163.3 153.3 115.2 280.1 158.2 168.8 219.0 132.3 119.1 104.2 111.3 133.8 38.6 148.9 105.9
2207.6 116.3 107.3 194.9 64.1 118.8 96.4 115.6 65.1 125.0 105.8 215.4 189.6 109.6 178.5 164.8 161.0 203.5 366.0 125.0 116.8 72.3 263.2 117.6 115.9 118.6 52.1 122.7 96.0 294.2 104.9 130.9 91.5 266.7 153.1 128.6 229.9 173.5 114.5 0.0 132.8 94.9 71.4 155.1 84.1 70.8 83.1 89.6 298.9 66.8 166.9 105.5 106.7 141.9 13.4 123.5 13.6 152.9 105.5 128.9
2268.1 68.0 122.8 104.9 146.5 90.2 145.0 163.9 202.7 140.5 119.1 184.0 147.0 123.0 135.9 142.2 199.5 155.2 276.0 138.8 116.2 152.4 173.2 197.7 83.7 113.9 132.2 88.8 176.6 204.2 106.3 146.4 197.0 176.7 229.9 208.6 139.9 83.5 129.7 137.5 0.0 218.7 178.2 22.3 64.7 129.3 196.0 151.5 208.9 204.4 205.4 237.6 97.5 51.9 122.5 182.0 152.1 168.4 185.6 187.4
2269.9 199.3 184.4 218.4 104.4 183.8 192.6 177.9 30.4 202.1 114.8 145.7 119.9 118.6 108.8 232.9 91.1 286.5 389.5 202.1 193.9 95.7 286.7 51.7 132.3 106.0 117.2 154.4 76.8 317.7 182.0 208.0 80.5 290.2 67.5 58.9 253.4 256.5 191.6 96.1 215.8 0.0 107.7 238.1 173.4 167.0 69.2 129.0 322.4 28.6 86.0 94.5 123.1 224.9 109.6 219.7 84.2 230.0 63.8 225.1
2227.7 111.4 103.8 137.9 38.3 95.9 153.9 136.7 30.2 121.5 34.7 106.0 80.2 38.1 69.1 145.0 106.0 198.6 309.0 121.5 113.3 29.6 206.2 34.7 44.4 47.1 51.1 66.5 13.1 237.2 101.4 128.5 38.6 209.7 80.1 55.6 172.9 148.9 111.0 72.2 127.9 60.0 0.0 150.2 85.5 128.3 27.3 18.1 241.9 31.9 111.9 52.6 35.2 117.3 121.5 222.4 60.3 149.4 22.6 217.0
2285.9 85.8 140.6 122.7 162.0 110.9 172.7 181.7 220.5 158.3 136.9 190.6 164.8 140.7 153.7 160.0 217.3 173.0 293.8 156.6 134.0 170.2 191.0 215.5 101.9 131.7 150.0 106.6 193.9 222.0 138.2 164.2 201.3 194.5 247.7 223.2 157.7 101.3 147.8 155.3 17.8 236.5 196.0 0.0 82.5 147.1 213.8 169.3 226.7 222.2 223.2 215.3 115.3 69.7 140.3 199.8 169.0 186.2 203.4 205.2
2191.1 32.1 101.9 110.7 81.7 34.6 80.2 99.1 137.9 119.6 102.8 136.4 108.5 106.8 97.4 83.7 134.7 119.3 281.8 80.3 57.7 87.6 179.0 132.9 45.2 75.4 67.4 60.4 111.8 210.0 69.6 125.5 134.8 182.5 178.3 153.8 145.7 89.3 108.8 72.7 48.6 167.7 113.4 70.9 0.0 64.5 131.2 86.7 218.7 139.6 140.6 172.8 103.8 57.7 57.7 117.2 86.4 147.5 120.8 122.6
2124.0 89.2 80.2 167.8 95.1 91.7 25.5 132.8 137.1 97.9 137.7 191.4 165.6 141.5 154.5 137.7 176.9 176.4 338.9 97.9 89.7 103.3 236.1 148.6 102.7 132.5 83.1 121.9 127.0 267.1 77.8 103.8 144.6 239.6 194.0 169.5 202.8 146.4 87.4 71.9 105.7 166.9 129.1 128.0 57.0 0.0 130.4 128.9 275.8 138.8 182.8 158.6 116.1 114.8 56.9 52.6 85.6 125.8 136.5 58.0
2200.3 136.4 128.8 162.9 43.5 118.0 145.2 108.3 36.6 146.5 59.7 131.0 105.2 63.2 94.1 170.0 129.6 223.6 334.0 146.5 138.3 37.3 231.2 90.0 69.8 72.1 58.8 91.5 41.3 262.2 112.3 152.4 11.2 234.7 121.7 97.2 197.9 173.9 135.7 58.6 152.9 81.5 24.9 175.2 110.5 129.5 0.0 43.1 266.9 38.3 135.5 42.4 60.2 142.3 72.1 182.2 45.9 174.4 50.3 187.6
2244.6 93.2 145.0 119.7 55.2 77.7 157.5 152.6 47.1 162.7 16.5 87.8 62.0 19.9 50.9 126.8 71.8 180.4 290.8 123.4 100.8 46.5 188.0 51.6 26.2 28.9 68.0 48.3 30.0 219.0 112.7 168.6 55.5 191.5 97.0 72.5 154.7 130.7 152.2 89.1 109.7 76.9 16.8 132.0 67.3 131.9 44.2 0.0 227.7 48.8 77.7 69.5 17.0 99.1 125.1 184.6 77.2 190.6 39.5 190.0
2289.2 225.0 268.0 89.7 246.5 235.4 290.2 373.1 240.9 352.6 177.8 256.6 230.8 176.8 219.7 289.9 265.6 300.4 297.1 284.0 261.4 240.3 24.7 245.4 228.9 200.2 277.4 234.0 224.3 108.7 254.1 343.1 249.2 81.2 290.8 272.0 96.7 224.4 360.2 282.7 208.0 273.2 210.6 232.8 209.9 274.5 238.0 193.7 0.0 242.6 274.0 280.5 242.7 192.8 267.7 352.5 296.4 355.8 233.3 344.6
2252.9 193.1 187.2 189.6 104.7 183.7 154.0 160.9 1.8 204.9 86.4 148.5 122.7 89.9 111.6 235.7 94.1 271.0 360.8 204.9 196.7 98.5 258.0 54.5 135.5 108.8 117.4 157.2 78.8 289.0 170.8 211.9 51.7 261.5 86.2 64.9 224.7 241.0 194.1 67.4 200.3 28.0 51.7 222.6 176.2 138.3 40.5 69.9 293.7 0.0 100.0 83.0 125.9 209.4 80.9 191.0 54.7 232.8 66.6 196.4
2319.9 179.4 152.4 204.5 122.9 169.8 192.6 227.9 98.4 170.1 100.8 131.7 105.9 104.8 94.8 209.9 5.0 266.6 375.6 170.1 161.9 116.7 272.8 72.7 118.7 92.0 138.2 142.8 89.4 303.8 135.9 176.0 112.8 276.3 84.4 59.9 239.5 236.6 159.3 164.1 195.9 73.2 75.7 218.2 159.4 176.9 103.1 115.0 312.5 96.6 0.0 145.6 109.1 205.0 170.1 271.0 152.2 198.0 84.8 265.6
2222.2 175.4 167.8 201.9 82.5 160.3 174.1 130.2 75.6 185.5 98.7 170.0 144.2 102.2 133.1 209.0 148.1 262.6 373.0 185.5 177.3 76.3 270.2 101.4 108.8 111.1 97.8 130.5 80.3 301.2 151.3 191.4 21.4 273.7 146.8 122.3 236.9 212.9 174.7 97.6 191.9 105.4 63.9 214.2 149.5 158.4 38.9 82.1 305.9 77.3 154.0 0.0 99.2 181.3 111.1 211.1 84.9 213.4 89.3 216.5
2241.4 76.1 127.9 125.1 129.7 60.6 140.4 149.4 77.5 145.6 21.4 75.2 49.4 25.3 38.3 109.7 105.2 163.3 296.2 106.3 83.7 137.9 193.4 120.6 9.1 16.3 117.7 31.2 60.4 224.4 95.6 151.5 85.9 196.9 132.3 107.8 160.1 133.3 135.1 123.0 92.6 121.1 47.2 114.9 50.2 114.8 74.6 30.3 233.1 79.2 111.1 99.9 0.0 101.7 108.0 167.5 136.7 173.5 69.9 172.9
2249.9 76.6 131.4 86.7 152.8 101.7 163.5 172.5 211.3 149.1 128.1 181.4 155.6 131.5 144.5 150.8 208.1 163.8 257.8 147.4 124.8 161.0 155.0 206.3 92.7 122.5 140.8 97.4 184.7 186.0 129.0 155.0 192.1 158.5 238.5 214.0 121.7 31.5 138.6 146.1 71.4 227.3 186.8 93.7 73.3 137.9 204.6 160.1 194.7 213.0 214.0 206.1 106.1 0.0 131.1 190.6 159.8 177.0 194.2 196.0
2173.7 102.8 93.8 181.4 79.1 105.3 82.9 81.7 80.1 111.5 121.1 230.4 204.6 124.6 193.5 151.3 176.0 190.0 352.5 111.5 103.3 87.3 249.7 132.6 130.9 133.6 67.1 137.7 111.0 280.7 91.4 117.4 106.5 253.2 168.1 143.6 216.4 160.0 101.0 15.0 119.3 109.9 86.4 141.6 70.6 57.3 98.1 104.6 289.4 81.8 181.9 120.5 121.7 128.4 0.0 110.0 28.6 139.4 120.5 115.4
2071.3 141.2 132.2 219.8 149.4 140.8 36.8 80.1 189.1 149.9 189.6 243.4 217.6 193.6 206.5 189.7 228.9 228.4 390.9 149.9 141.7 155.3 288.1 200.6 154.3 184.5 135.1 173.9 179.5 319.1 115.7 155.8 194.8 291.6 288.9 264.4 254.8 198.4 139.4 123.9 157.7 248.7 207.2 180.0 109.0 51.9 182.2 225.4 323.8 190.8 234.8 223.8 168.1 166.8 108.9 0.0 137.6 177.8 188.5 5.3
2197.3 137.5 161.6 194.8 76.1 150.8 98.4 106.3 51.4 179.3 91.6 212.9 175.0 96.0 163.9 202.8 147.3 216.2 366.8 179.3 170.2 69.2 265.1 106.8 101.7 104.9 61.8 132.4 106.2 294.1 145.1 185.4 91.3 267.5 139.4 118.1 230.7 185.4 168.5 11.8 144.7 81.2 57.7 167.0 96.0 82.7 72.8 75.9 298.8 52.2 152.3 114.4 93.0 153.8 25.3 135.4 0.0 206.3 115.2 140.8
2108.8 141.7 54.3 220.3 176.4 119.8 131.4 117.6 204.7 38.3 179.5 259.9 234.1 183.5 223.0 72.8 211.4 228.9 178.5 69.5 87.2 182.3 288.6 244.8 170.8 201.0 162.1 137.1 188.1 319.6 67.1 32.4 226.6 292.1 256.5 232.0 255.3 198.9 48.1 167.4 158.2 245.3 174.4 180.5 109.5 146.5 219.7 163.4 328.3 206.4 217.3 261.3 180.5 167.3 152.4 94.5 225.6 0.0 197.1 89.1
2271.2 160.9 176.4 175.4 40.5 175.8 157.5 179.2 50.4 194.1 72.2 137.7 111.9 75.6 100.8 224.9 83.3 248.1 346.5 194.1 185.9 31.8 243.7 12.1 124.3 98.0 53.3 154.8 12.9 274.7 174.0 200.0 58.8 247.2 57.4 32.9 210.4 218.1 183.6 103.7 177.4 64.2 37.4 199.7 165.4 131.9 47.5 55.6 283.4 52.1 89.2 72.8 115.1 186.5 117.2 184.6 95.2 222.0 0.0 190.0
2065.9 146.6 137.6 225.2 154.8 146.2 42.2 75.7 234.2 155.3 236.6 260.0 223.0 240.1 211.9 195.1 234.3 233.8 396.3 155.3 147.1 160.7 293.5 206.0 159.7 189.9 140.5 179.3 184.9 324.5 121.1 161.2 191.0 297.0 283.5 259.0 260.2 203.8 144.8 171.2 163.1 243.3 201.8 185.4 114.4 57.3 176.8 220.0 333.2 235.9 240.2 218.4 173.5 172.2 114.3 5.3 182.7 183.2 193.9 0.0
