Name		0407_BED-Amazon_n117_m197_bt30
Number_of_Customers	117
Number_of_Items		197
Number_of_ItemTypes	30
Number_of_Vehicles	1
TimeWindows		0
Dist_type	manual

VEHICLE
Mass_Capacity	1024
CargoSpace_Length	212
CargoSpace_Width	111
CargoSpace_Height	105

CUSTOMERS
i	x	y	Demand	ReadyTime	DueDate	ServiceTime	DemandedMass	DemandedVolume
0	30.445236	-97.709418	0	0	0	0	0	0
1	30.235698	-97.777997	2	0	0	0	5.4	4020
2	30.249278	-97.77122	1	0	0	0	4.7	1380
3	30.240517	-97.7784	3	0	0	0	16.59	20895
4	30.256715	-97.762087	1	0	0	0	14.15	1000
5	30.231183	-97.779939	3	0	0	0	6.15	9762
6	30.250164	-97.768827	2	0	0	0	6.1	6660
7	30.249377	-97.766323	2	0	0	0	14.2	8960
8	30.251507	-97.766832	2	0	0	0	9.9	14040
9	30.260529	-97.761	2	0	0	0	7.3	10178
10	30.232816	-97.783886	1	0	0	0	1.9	1176
11	30.257829	-97.75983	1	0	0	0	4.7	1380
12	30.244931	-97.776272	1	0	0	0	0.7	2640
13	30.247695	-97.772621	1	0	0	0	0.7	2640
14	30.246213	-97.77008	2	0	0	0	6.5	3900
15	30.239521	-97.775112	1	0	0	0	4.7	1380
16	30.243469	-97.772625	3	0	0	0	7.85	11268
17	30.2318	-97.784552	1	0	0	0	2.11	11745
18	30.232938	-97.776617	1	0	0	0	3.01	5544
19	30.259154	-97.761587	1	0	0	0	4.7	1380
20	30.250885	-97.771374	1	0	0	0	4.7	1380
21	30.258517	-97.759246	1	0	0	0	7.3	3640
22	30.24061	-97.773372	1	0	0	0	9.4	2760
23	30.238644	-97.774674	1	0	0	0	4.7	1380
24	30.229612	-97.776217	6	0	0	0	33.75	46952
25	30.238121	-97.775627	1	0	0	0	4.7	1380
26	30.248537	-97.770564	1	0	0	0	1.75	4608
27	30.244485	-97.771108	1	0	0	0	1.75	4608
28	30.229193	-97.776497	1	0	0	0	0.7	2640
29	30.233021	-97.776002	1	0	0	0	1.75	4608
30	30.245501	-97.771758	1	0	0	0	4.7	1380
31	30.25419	-97.765711	1	0	0	0	4.7	1380
32	30.232255	-97.780282	2	0	0	0	4.5	11576
33	30.231881	-97.779174	1	0	0	0	2.5	3978
34	30.242699	-97.773292	1	0	0	0	5.29	8075
35	30.237621	-97.778818	2	0	0	0	5.4	4020
36	30.255941	-97.760651	2	0	0	0	6.5	3900
37	30.24898	-97.771402	2	0	0	0	7.64	16284
38	30.252239	-97.763829	1	0	0	0	0.7	2640
39	30.249765	-97.767973	1	0	0	0	4.7	1380
40	30.250219	-97.76625	1	0	0	0	4.8	6200
41	30.236056	-97.775398	2	0	0	0	12.0	5020
42	30.24499	-97.77287	1	0	0	0	1.9	1176
43	30.239083	-97.775425	1	0	0	0	0.7	2640
44	30.236553	-97.775119	1	0	0	0	4.7	1380
45	30.253021	-97.76648	1	0	0	0	1.75	4608
46	30.243374	-97.774238	1	0	0	0	4.7	1380
47	30.256918	-97.76092	1	0	0	0	7.3	3640
48	30.258521	-97.760907	1	0	0	0	3.82	8580
49	30.238503	-97.773822	3	0	0	0	5.46	12792
50	30.237035	-97.777435	1	0	0	0	4.7	1380
51	30.240138	-97.778208	1	0	0	0	9.4	2760
52	30.22978	-97.779321	1	0	0	0	4.7	1380
53	30.232793	-97.777754	1	0	0	0	1.75	4608
54	30.234701	-97.77806	1	0	0	0	4.7	1380
55	30.247142	-97.771486	1	0	0	0	4.7	1380
56	30.236875	-97.777105	1	0	0	0	4.7	1380
57	30.258702	-97.760108	1	0	0	0	9.4	2760
58	30.241497	-97.773356	2	0	0	0	23.55	3760
59	30.246358	-97.771823	2	0	0	0	6.6	2556
60	30.242809	-97.771815	3	0	0	0	7.7	25728
61	30.241019	-97.77641	2	0	0	0	16.65	4978
62	30.229201	-97.77708	2	0	0	0	8.2	21595
63	30.241683	-97.778079	2	0	0	0	2.45	7248
64	30.244475	-97.773452	1	0	0	0	3.01	5544
65	30.24556	-97.774395	1	0	0	0	4.7	1380
66	30.230613	-97.785328	1	0	0	0	1.9	1176
67	30.251241	-97.766274	1	0	0	0	4.8	6200
68	30.247615	-97.77218	1	0	0	0	1.9	1176
69	30.229448	-97.780912	1	0	0	0	5.98	42480
70	30.252019	-97.770189	1	0	0	0	2.15	1080
71	30.237743	-97.777801	2	0	0	0	7.2	5358
72	30.245351	-97.769004	1	0	0	0	9.4	2760
73	30.242073	-97.772791	1	0	0	0	1.75	4608
74	30.259055	-97.759029	1	0	0	0	7.3	3640
75	30.232858	-97.7804	2	0	0	0	5.4	4020
76	30.231166	-97.781018	1	0	0	0	4.7	1380
77	30.230851	-97.77819	3	0	0	0	16.1	10136
78	30.253754	-97.765785	1	0	0	0	4.7	1380
79	30.249402	-97.770041	1	0	0	0	1.75	4608
80	30.258634	-97.760146	1	0	0	0	4.26	10440
81	30.244466	-97.77244	1	0	0	0	3.01	5544
82	30.228921	-97.783986	1	0	0	0	3.01	5544
83	30.230436	-97.783047	1	0	0	0	1.75	4608
84	30.244635	-97.773805	1	0	0	0	1.75	4608
85	30.242108	-97.776556	1	0	0	0	3.01	5544
86	30.241906	-97.772283	1	0	0	0	7.3	3640
87	30.233839	-97.77845	2	0	0	0	6.1	6660
88	30.235397	-97.777307	3	0	0	0	12.14	19720
89	30.25213	-97.766267	2	0	0	0	8.18	27738
90	30.247056	-97.773138	1	0	0	0	0.7	2640
91	30.250273	-97.769493	1	0	0	0	14.1	4140
92	30.239178	-97.778722	1	0	0	0	5.36	12480
93	30.231988	-97.780491	1	0	0	0	4.7	1380
94	30.230258	-97.778397	1	0	0	0	3.82	7600
95	30.240419	-97.772974	1	0	0	0	9.4	2760
96	30.232388	-97.7799	2	0	0	0	11.15	7368
97	30.232234	-97.777418	1	0	0	0	3.82	7600
98	30.259514	-97.761344	1	0	0	0	4.7	1380
99	30.229791	-97.781613	1	0	0	0	2.6	10400
100	30.239871	-97.773566	2	0	0	0	6.84	16730
101	30.254765	-97.7637	2	0	0	0	5.4	4020
102	30.240448	-97.774765	1	0	0	0	1.9	1176
103	30.237162	-97.773951	1	0	0	0	4.7	1380
104	30.241001	-97.775835	7	0	0	0	30.03	57598
105	30.241015	-97.778465	2	0	0	0	6.75	12564
106	30.241531	-97.777082	1	0	0	0	4.7	1380
107	30.248651	-97.764623	1	0	0	0	4.66	4350
108	30.24165	-97.7739	1	0	0	0	6.24	7920
109	30.251498	-97.77119	1	0	0	0	4.7	1380
110	30.22827	-97.778011	3	0	0	0	12.85	62608
111	30.230147	-97.776901	1	0	0	0	2.5	3978
112	30.237029	-97.776289	2	0	0	0	6.6	2556
113	30.233081	-97.779087	2	0	0	0	5.4	10392
114	30.245197	-97.772439	1	0	0	0	9.4	2760
115	30.24282	-97.775523	1	0	0	0	1.9	1176
116	30.231318	-97.777479	1	0	0	0	1.9	1176
117	30.250856	-97.766504	4	0	0	0	24.32	33925

ITEMS
Type	Length	Width	Height	Mass	Fragility	LoadBearingStrength
Bt1	10	10	10	14.15	1	0
Bt2	18	12	5	2.15	1	0
Bt3	21	14	4	1.9	1	0
Bt4	23	15	4	4.7	1	0
Bt5	20	18	7	1.8	1	0
Bt6	15	11	16	0.7	1	0
Bt7	20	14	13	7.3	1	0
Bt8	17	13	18	2.5	1	0
Bt9	29	15	10	4.66	1	0
Bt10	24	12	16	1.75	1	0
Bt11	28	22	9	3.01	1	0
Bt12	31	20	10	4.8	1	0
Bt13	40	19	10	3.82	1	0
Bt14	44	15	12	6.24	1	0
Bt15	25	19	17	5.29	1	0
Bt16	22	15	26	3.816	1	0
Bt17	30	20	15	1.76	1	0
Bt18	40	20	13	2.6	1	0
Bt19	29	24	15	4.26	1	0
Bt20	40	22	13	6.6	1	0
Bt21	29	27	15	2.11	1	0
Bt22	54	20	11	2.84	1	0
Bt23	38	29	11	5.088	1	0
Bt24	26	20	24	5.36	1	0
Bt25	26	20	26	2.91	1	0
Bt26	27	23	24	2.94	1	0
Bt27	33	20	28	5.25	1	0
Bt28	41	20	29	3.42	1	0
Bt29	38	37	20	7.568	1	0
Bt30	59	40	18	5.982	1	0

DEMANDS PER CUSTOMER
i	Type Quantity
1	Bt4 1	Bt6 1	
2	Bt4 1	
3	Bt4 1	Bt15 1	Bt20 1	
4	Bt1 1	
5	Bt3 1	Bt8 1	Bt10 1	
6	Bt6 2	Bt4 1	
7	Bt12 1	Bt4 2	
8	Bt18 1	Bt7 1	
9	Bt12 1	Bt8 1	
10	Bt3 1	
11	Bt4 1	
12	Bt6 1	
13	Bt6 1	
14	Bt4 1	Bt5 1	
15	Bt4 1	
16	Bt10 1	Bt4 1	Bt6 2	
17	Bt21 1	
18	Bt11 1	
19	Bt4 1	
20	Bt4 1	
21	Bt7 1	
22	Bt4 2	
23	Bt4 1	
24	Bt10 2	Bt27 1	Bt8 2	Bt6 1	Bt7 2	Bt4 1	
25	Bt4 1	
26	Bt10 1	
27	Bt10 1	
28	Bt6 1	
29	Bt10 1	
30	Bt4 1	
31	Bt4 1	
32	Bt3 1	Bt18 1	
33	Bt8 1	
34	Bt15 1	
35	Bt6 1	Bt4 1	
36	Bt5 1	Bt4 1	
37	Bt26 1	Bt4 1	
38	Bt6 1	
39	Bt4 1	
40	Bt12 1	
41	Bt7 1	Bt4 1	
42	Bt3 1	
43	Bt6 1	
44	Bt4 1	
45	Bt10 1	
46	Bt4 1	
47	Bt7 1	
48	Bt16 1	
49	Bt6 1	Bt11 1	Bt10 1	
50	Bt4 1	
51	Bt4 2	
52	Bt4 1	
53	Bt10 1	
54	Bt4 1	
55	Bt4 1	
56	Bt4 1	
57	Bt4 2	
58	Bt4 2	Bt1 1	
59	Bt3 1	Bt4 1	
60	Bt27 1	Bt10 1	Bt6 1	
61	Bt8 1	Bt1 1	
62	Bt15 1	Bt25 1	
63	Bt6 1	Bt10 1	
64	Bt11 1	
65	Bt4 1	
66	Bt3 1	
67	Bt12 1	
68	Bt3 1	
69	Bt30 1	
70	Bt2 1	
71	Bt4 1	Bt8 1	
72	Bt4 2	
73	Bt10 1	
74	Bt7 1	
75	Bt6 1	Bt4 1	
76	Bt4 1	
77	Bt12 1	Bt3 1	Bt4 2	
78	Bt4 1	
79	Bt10 1	
80	Bt19 1	
81	Bt11 1	
82	Bt11 1	
83	Bt10 1	
84	Bt10 1	
85	Bt11 1	
86	Bt7 1	
87	Bt6 2	Bt4 1	
88	Bt7 1	Bt26 1	Bt3 1	
89	Bt22 2	Bt8 1	
90	Bt6 1	
91	Bt4 3	
92	Bt24 1	
93	Bt4 1	
94	Bt13 1	
95	Bt4 2	
96	Bt4 2	Bt10 1	
97	Bt13 1	
98	Bt4 1	
99	Bt18 1	
100	Bt23 1	Bt10 1	
101	Bt6 1	Bt4 1	
102	Bt3 1	
103	Bt4 1	
104	Bt12 1	Bt17 1	Bt29 1	Bt8 1	Bt4 1	Bt7 1	Bt6 2	
105	Bt10 1	Bt8 2	
106	Bt4 1	
107	Bt9 1	
108	Bt14 1	
109	Bt4 1	
110	Bt19 1	Bt10 1	Bt28 2	
111	Bt8 1	
112	Bt4 1	Bt3 1	
113	Bt10 2	Bt3 1	
114	Bt4 2	
115	Bt3 1	
116	Bt3 1	
117	Bt4 1	Bt7 2	Bt21 1	Bt25 1	

DISTANCE MATRIX
0.0 1682.8 1492.9 1681.3 1297.2 1652.7 1412.7 1415.7 1412.7 1311.5 1545.5 1228.1 1556.5 1462.0 1487.3 1690.3 1578.7 1523.5 1627.4 1307.9 1517.4 1219.4 1642.3 1741.2 1598.4 1720.7 1450.5 1565.8 1560.6 1640.9 1515.1 1500.5 1717.0 1694.4 1572.3 1725.2 1326.8 1486.8 1360.5 1398.6 1364.2 1711.6 1569.7 1700.1 1711.6 1424.4 1584.5 1243.8 1272.4 1741.7 1703.3 1705.5 1672.8 1622.7 1634.6 1521.1 1709.5 1275.4 1621.3 1573.3 1609.9 1668.1 1532.7 1641.6 1569.6 1530.8 1498.7 1394.4 1480.8 1562.2 1496.0 1693.0 1505.4 1614.8 1209.5 1787.0 1608.0 1593.9 1480.0 1469.2 1281.4 1537.3 1521.8 1544.7 1558.5 1636.8 1632.5 1657.0 1668.3 1374.5 1491.7 1452.6 1684.6 1729.9 1584.5 1655.4 1694.3 1592.9 1320.8 1574.9 1693.2 1321.4 1664.1 1732.7 1649.6 1650.2 1673.8 1446.8 1603.1 1459.3 1503.9 1587.1 1745.1 1666.1 1548.1 1589.8 1605.6 1386.2
1687.7 0.0 396.8 219.7 586.6 161.9 448.1 448.7 512.8 682.5 294.0 569.2 249.9 344.0 371.5 148.5 321.7 272.0 116.6 649.0 435.2 579.0 249.0 139.8 203.1 95.4 391.9 354.4 246.6 130.1 335.2 579.4 186.2 163.6 278.6 128.8 592.2 387.1 504.3 445.1 434.1 76.0 366.3 138.7 76.0 541.2 329.7 554.3 613.5 161.7 60.6 243.9 260.3 91.9 50.7 411.0 54.1 648.7 273.3 410.5 343.3 248.4 218.7 201.8 350.6 292.9 247.2 494.5 360.1 208.4 481.0 83.6 422.5 299.3 588.0 256.2 194.4 195.2 558.9 410.6 654.7 312.7 197.4 164.7 339.5 230.7 317.0 95.2 32.7 491.3 342.0 428.6 194.8 199.1 181.8 265.8 163.5 92.3 661.9 203.3 195.3 553.4 184.7 97.1 229.9 188.6 246.2 489.8 276.6 445.1 220.1 190.4 71.4 128.2 356.7 360.7 127.2 480.3
1547.6 373.7 0.0 265.0 311.5 485.3 71.3 132.0 192.9 429.6 516.9 269.0 140.2 45.7 135.7 291.7 227.1 494.9 435.5 352.5 58.8 278.8 290.7 324.9 520.6 304.4 57.7 214.2 565.5 449.0 163.5 220.6 505.1 482.5 220.7 338.4 296.0 5.1 204.1 84.2 133.9 380.7 218.1 310.6 354.7 198.9 168.2 254.1 360.6 346.8 323.5 289.2 579.2 410.8 369.6 160.1 329.7 348.5 269.7 221.7 258.3 287.5 537.6 225.3 153.3 114.5 470.1 210.6 64.5 486.9 134.3 291.1 153.8 248.3 287.8 575.1 465.9 514.1 200.1 51.9 354.5 185.7 468.9 436.2 142.2 220.5 266.0 414.1 397.5 158.6 75.4 59.3 268.3 518.0 500.7 303.8 482.4 411.2 365.4 474.8 294.6 249.8 265.5 333.2 269.0 233.9 257.5 173.1 251.5 74.0 539.0 509.3 328.4 454.2 196.5 173.5 446.1 248.4
1723.3 223.9 272.3 0.0 462.1 331.0 323.6 324.2 388.3 558.0 415.7 444.7 125.4 219.5 307.7 177.2 266.3 393.7 285.7 524.5 310.7 454.5 193.6 175.1 372.2 154.6 267.4 299.0 415.7 299.2 279.8 454.9 355.3 332.7 223.2 188.6 467.7 266.2 379.8 320.6 309.6 230.9 310.9 160.8 204.9 416.7 241.0 429.8 489.0 197.0 173.7 24.2 429.4 261.0 219.8 286.5 179.9 524.2 217.9 355.1 287.6 173.0 387.8 77.3 226.1 168.4 368.9 370.0 235.6 337.1 356.5 145.1 329.5 243.9 463.5 425.3 316.1 360.3 434.4 286.1 530.2 257.3 319.1 286.4 215.0 106.0 261.6 264.3 247.7 366.8 217.5 304.1 118.5 368.2 350.9 210.4 332.6 261.4 537.4 325.0 180.1 425.5 151.0 183.4 154.5 41.6 121.7 365.3 221.2 320.6 389.2 359.5 178.6 304.4 301.3 246.3 296.3 355.8
1370.5 593.3 296.2 484.6 0.0 704.9 216.0 219.0 216.0 118.0 736.5 112.8 359.8 265.3 290.6 493.6 382.0 714.5 655.1 94.3 317.8 104.1 445.6 544.5 740.2 524.0 253.8 369.1 785.1 668.6 318.4 199.1 724.7 702.1 375.6 558.0 112.1 290.1 163.8 201.9 167.5 600.3 373.0 503.4 574.3 227.7 387.8 87.6 49.0 545.0 543.1 508.8 798.8 630.4 589.2 324.4 549.3 100.5 424.6 376.6 413.2 471.4 757.2 444.9 372.9 334.1 689.7 197.7 284.1 706.5 261.3 510.7 308.7 418.1 110.7 794.7 685.5 729.7 201.1 257.4 106.5 340.6 688.5 655.8 361.8 440.1 435.8 633.7 617.1 177.8 295.0 251.1 487.9 737.6 720.3 458.7 702.0 630.8 107.2 694.4 496.5 124.7 467.4 552.8 452.9 453.5 477.1 250.1 406.4 262.6 747.1 728.9 548.0 673.8 351.4 393.1 665.7 189.5
1675.2 169.4 503.5 326.4 693.3 0.0 554.8 555.4 619.5 789.2 316.1 675.9 356.6 450.7 496.4 278.4 451.6 294.1 96.0 755.7 541.9 685.7 373.8 275.1 200.5 259.3 498.6 484.3 216.0 109.5 465.1 686.1 92.7 45.3 408.5 222.5 698.9 497.4 611.0 551.8 540.8 198.2 496.2 268.6 198.2 647.9 459.6 661.0 720.2 297.0 200.6 350.6 105.8 70.5 121.2 517.7 206.8 755.4 398.4 540.4 472.3 378.3 188.1 308.5 457.3 399.6 269.3 601.2 466.8 177.8 587.7 186.5 552.4 429.2 694.7 162.7 283.9 115.6 665.6 517.3 761.4 442.6 205.8 235.3 446.2 337.2 446.9 143.6 154.9 598.0 448.7 535.3 301.5 105.6 120.5 395.7 70.0 89.7 768.6 190.5 325.2 656.7 314.6 219.3 359.8 295.3 352.9 596.5 406.5 551.8 189.5 187.8 235.3 98.2 486.6 490.6 124.6 587.0
1477.7 446.4 81.0 337.7 250.6 553.5 0.0 60.6 132.0 368.7 589.6 199.1 212.9 118.4 140.0 346.7 234.9 567.6 508.2 291.6 104.6 208.9 298.7 397.6 594.7 377.1 64.6 222.2 638.2 521.7 171.5 159.7 577.8 555.2 228.7 411.1 226.1 89.2 134.2 12.8 64.0 453.4 226.1 356.5 427.4 138.0 240.9 184.2 299.7 398.1 396.2 361.9 651.9 483.5 442.3 177.5 402.4 278.6 271.4 229.7 266.3 324.5 610.3 298.0 226.0 187.2 542.8 149.7 137.2 559.6 83.7 363.8 161.8 271.2 217.9 640.8 538.6 586.8 139.2 46.1 284.6 193.7 541.6 508.9 214.9 293.2 288.9 486.8 470.2 97.7 148.1 30.9 341.0 590.7 573.4 315.5 547.8 483.9 304.5 547.5 349.6 179.9 320.5 405.9 306.0 306.6 330.2 101.7 259.5 46.5 640.7 582.0 401.1 519.8 204.5 246.2 518.8 190.6
1460.3 449.0 134.8 340.3 199.1 556.1 53.7 0.0 125.3 295.0 684.3 181.7 215.5 121.0 146.3 349.3 248.2 662.3 630.0 261.5 158.4 191.5 296.2 400.2 633.4 379.7 118.4 224.8 636.7 643.5 174.1 213.5 580.4 557.8 231.3 413.7 208.7 139.9 116.8 39.6 46.6 456.0 228.7 359.1 430.0 139.5 243.5 166.8 226.0 400.7 398.8 364.5 700.4 486.1 444.9 180.1 405.0 261.2 280.3 232.3 269.8 327.1 608.8 300.6 228.6 189.8 637.5 107.0 139.8 638.7 137.5 370.2 164.4 273.8 200.5 650.4 541.2 625.5 193.0 99.9 267.2 196.3 625.9 511.5 217.5 295.8 291.5 489.4 472.8 89.6 150.7 84.7 343.6 593.3 612.1 314.4 541.5 486.5 274.4 651.4 352.2 162.5 323.1 408.5 308.6 309.2 332.8 41.0 262.1 100.3 580.0 620.7 403.7 529.5 207.1 248.8 608.2 92.8
1472.0 494.3 197.2 385.6 261.0 601.4 117.0 145.6 0.0 306.7 637.5 193.4 260.8 166.3 187.9 394.6 288.1 615.5 556.1 302.0 221.7 203.2 346.6 445.5 642.6 425.0 154.8 270.1 686.1 569.6 219.4 170.1 625.7 603.1 276.6 459.0 216.4 187.5 128.5 102.9 68.5 501.3 274.0 404.4 475.3 94.0 288.8 178.5 237.7 446.0 444.1 409.8 699.8 531.4 490.2 225.4 450.3 272.9 324.1 277.6 314.2 372.4 658.2 345.9 273.9 235.1 590.7 18.3 185.1 607.5 165.6 411.7 209.7 319.1 212.2 688.7 586.5 634.7 149.6 173.5 278.9 241.6 589.5 556.8 262.8 341.1 336.8 534.7 518.1 44.3 196.0 148.0 388.9 638.6 621.3 363.4 595.7 531.8 314.9 595.4 397.5 177.6 368.4 453.8 353.9 354.5 378.1 176.7 307.4 163.6 648.1 629.9 449.0 572.0 252.4 294.1 566.7 93.6
1382.7 678.2 381.1 569.5 120.5 785.3 300.9 303.9 300.9 0.0 821.4 116.3 444.7 350.2 371.8 578.5 472.0 799.4 740.0 64.1 405.6 107.6 530.5 629.4 826.5 608.9 338.7 454.0 870.0 753.5 403.3 301.7 809.6 787.0 460.5 642.9 232.7 371.4 248.7 286.8 252.4 685.2 457.9 588.3 659.2 312.6 472.7 132.0 71.5 629.9 628.0 593.7 883.7 715.3 674.1 409.3 634.2 104.0 508.0 461.5 498.1 556.3 842.1 529.8 457.8 419.0 774.6 282.6 369.0 791.4 363.9 595.6 393.6 503.0 122.9 872.6 770.4 818.6 303.7 357.4 110.0 425.5 773.4 740.7 446.7 525.0 520.7 718.6 702.0 262.7 379.9 331.9 572.8 822.5 805.2 547.3 770.7 715.7 54.3 779.3 581.4 209.6 552.3 637.7 537.8 538.4 562.0 335.0 491.3 347.5 832.0 813.8 632.9 755.9 436.3 478.0 750.6 277.5
1577.4 320.1 496.1 429.7 685.9 388.9 547.4 548.0 612.1 781.8 0.0 668.5 436.2 443.3 535.2 381.7 544.4 22.2 339.1 748.3 534.5 678.3 482.2 386.2 326.1 365.7 491.2 587.6 338.4 352.6 563.0 678.7 408.7 386.1 511.8 325.8 695.5 490.0 603.6 544.4 533.4 351.9 599.5 371.9 348.9 640.5 552.1 653.6 712.8 408.1 303.9 453.9 400.5 314.4 273.2 510.3 310.1 748.0 508.0 621.2 575.6 481.6 310.5 411.8 537.2 498.4 47.2 593.8 459.4 189.4 580.3 293.6 553.3 532.5 687.3 478.7 208.6 321.6 658.2 509.9 754.0 545.9 122.4 145.3 526.1 440.5 550.2 317.7 305.6 590.6 459.3 517.3 404.8 421.6 312.2 495.3 386.0 314.8 761.2 177.3 428.5 649.3 417.9 370.0 463.1 398.6 456.2 589.1 509.8 544.4 295.7 314.8 345.7 357.8 596.0 557.4 349.7 576.5
1277.5 560.8 263.7 452.1 68.0 672.4 183.5 186.5 183.5 112.2 704.0 0.0 327.3 232.8 258.1 461.1 349.5 682.0 622.6 78.7 288.2 8.7 413.1 512.0 707.7 491.5 221.3 336.6 752.6 636.1 285.9 271.3 692.2 669.6 343.1 525.5 97.6 257.6 131.3 169.4 135.0 567.8 340.5 470.9 541.8 195.2 355.3 14.6 43.2 512.5 510.6 476.3 766.3 597.9 556.7 291.9 516.8 94.7 392.1 344.1 380.7 438.9 724.7 412.4 340.4 301.6 657.2 165.2 251.6 674.0 266.8 478.2 276.2 385.6 17.7 762.2 653.0 697.2 250.8 240.0 100.7 308.1 656.0 623.3 329.3 407.6 403.3 601.2 584.6 145.3 262.5 223.4 455.4 705.1 687.8 426.2 669.5 598.3 91.6 661.9 464.0 92.2 434.9 520.3 420.4 421.0 444.6 217.6 373.9 230.1 714.6 696.4 515.5 641.3 318.9 360.6 633.2 157.0
1597.8 233.4 146.8 124.7 336.6 345.0 198.1 198.7 262.8 432.5 425.2 319.2 0.0 94.0 185.9 151.4 225.5 403.2 295.2 399.0 185.2 329.0 167.8 184.6 380.3 164.1 141.9 264.4 425.2 308.7 213.7 329.4 364.8 342.2 192.9 198.1 346.2 140.7 254.3 195.1 184.1 240.4 268.3 170.3 214.4 291.2 115.5 304.3 363.5 206.5 183.2 148.9 438.9 270.5 229.3 161.0 189.4 398.7 193.6 271.9 256.7 147.2 397.3 85.0 100.6 42.9 378.4 244.5 110.1 346.6 231.0 150.8 204.0 195.6 338.0 434.8 325.6 369.8 308.9 160.6 404.7 227.0 328.6 295.9 89.5 80.2 213.3 273.8 257.2 241.3 92.0 168.0 128.0 377.7 360.4 180.9 342.1 270.9 411.9 334.5 154.3 300.0 125.2 192.9 128.7 93.6 117.2 239.8 201.9 195.1 398.7 369.0 188.1 313.9 246.7 120.8 305.8 227.2
1503.7 327.9 52.7 219.2 242.5 439.5 104.0 104.6 168.7 338.4 471.1 225.1 94.4 0.0 91.8 294.8 183.2 449.1 389.7 304.9 118.7 234.9 246.8 279.1 474.8 258.6 47.8 170.3 519.7 403.2 119.6 235.3 459.3 436.7 176.8 292.6 252.1 46.6 160.2 101.0 90.0 334.9 174.2 304.6 308.9 197.1 122.4 210.2 269.4 301.0 277.7 243.4 533.4 365.0 323.8 66.9 283.9 304.6 225.8 177.8 214.4 272.6 491.8 179.5 107.5 68.7 424.3 150.4 16.0 441.1 164.5 245.3 109.9 219.3 243.9 529.3 420.1 464.3 214.8 66.5 310.6 141.8 423.1 390.4 96.4 174.7 237.0 368.3 351.7 147.2 29.6 73.9 222.5 472.2 454.9 259.9 436.6 365.4 317.8 429.0 297.7 205.9 268.6 287.4 254.1 188.1 211.7 145.7 207.6 128.6 493.2 463.5 282.6 408.4 152.6 127.7 400.3 133.1
1536.9 355.2 150.6 297.7 275.7 483.2 148.3 137.8 201.9 371.6 564.2 258.3 252.6 119.7 0.0 202.9 101.8 542.2 434.2 338.1 209.5 268.1 149.8 276.5 520.7 256.0 108.2 78.4 551.0 447.7 27.7 295.7 505.3 481.2 84.9 338.1 281.3 140.9 193.4 134.2 123.2 336.0 82.3 212.7 306.3 230.3 137.8 243.4 302.6 258.0 312.3 321.9 577.9 409.5 368.3 178.8 305.8 337.8 127.6 89.6 123.4 184.4 523.1 258.0 200.2 209.8 517.4 183.6 138.5 485.6 219.7 293.6 50.9 127.4 277.1 566.8 464.6 512.8 275.2 126.9 343.8 49.9 467.6 434.9 189.1 181.0 145.1 416.5 352.8 180.4 220.0 144.9 301.0 516.7 499.4 171.7 464.9 409.9 351.0 473.5 209.5 242.5 176.7 284.8 162.2 266.6 290.2 178.9 115.7 194.9 489.3 508.0 280.0 445.8 64.4 168.8 444.8 164.4
1751.6 148.5 300.6 140.4 490.4 281.0 351.9 352.5 416.6 586.3 361.2 473.0 153.7 247.8 217.9 0.0 162.6 339.2 231.2 552.8 339.0 482.8 100.4 73.5 316.3 53.0 295.7 205.8 361.2 244.7 186.6 483.2 300.8 278.2 130.0 134.1 500.0 294.5 408.1 348.9 337.9 129.3 217.7 9.7 103.3 445.0 181.1 458.1 517.3 95.2 109.3 164.6 374.9 206.5 165.3 314.8 102.8 552.5 126.2 261.9 193.8 99.8 333.3 122.5 243.5 196.7 314.4 398.3 263.9 282.6 384.8 86.8 273.9 150.7 491.8 370.8 261.6 305.8 462.7 314.4 558.5 164.1 264.6 231.9 232.4 82.1 168.4 209.8 146.1 395.1 245.8 321.8 115.5 313.7 296.4 113.5 278.1 206.9 565.7 270.5 46.7 453.8 36.1 81.8 81.3 109.3 166.9 393.6 128.0 348.9 334.7 305.0 77.0 249.9 208.1 212.1 241.8 381.0
1620.5 318.9 256.1 265.1 359.3 446.9 231.9 221.4 296.0 465.7 521.1 341.9 209.5 203.3 88.5 159.8 0.0 499.1 391.1 421.7 315.0 351.7 111.8 233.4 477.6 212.9 191.8 71.4 521.1 404.6 52.2 379.3 462.2 438.1 41.8 295.0 364.9 246.4 277.0 217.8 206.8 289.0 83.3 169.6 263.2 313.9 94.7 327.0 386.2 216.3 269.2 289.3 534.8 366.4 325.2 270.3 262.7 431.9 84.5 132.6 32.0 137.4 493.2 225.4 157.1 166.7 474.3 267.2 219.4 442.5 303.3 250.5 144.6 84.3 360.7 523.7 421.5 480.2 358.8 210.5 427.4 29.7 424.5 391.8 146.0 137.9 102.0 369.5 305.8 264.0 176.9 228.5 257.9 473.6 456.3 128.6 421.8 366.8 434.6 430.4 162.7 326.1 133.6 241.7 129.6 223.3 247.1 262.5 72.6 278.5 505.1 464.9 242.0 402.7 73.7 125.7 401.7 258.1
1555.1 297.8 473.8 407.4 663.6 366.6 525.1 525.7 589.8 759.5 21.9 646.2 413.9 421.0 512.9 359.4 522.1 0.0 316.8 726.0 512.2 656.0 459.9 363.9 303.8 343.4 468.9 565.3 316.1 330.3 540.7 656.4 386.4 363.8 489.5 303.5 673.2 467.7 581.3 522.1 511.1 329.6 577.2 349.6 326.6 618.2 529.8 631.3 690.5 385.8 281.6 431.6 378.2 292.1 250.9 488.0 287.8 725.7 485.7 598.9 553.3 459.3 288.2 389.5 514.9 476.1 24.9 571.5 437.1 167.1 558.0 271.3 531.0 510.2 665.0 456.4 186.3 299.3 635.9 487.6 731.7 523.6 100.1 123.0 503.8 418.2 527.9 295.4 283.3 568.3 437.0 495.0 382.5 399.3 289.9 473.0 363.7 292.5 738.9 155.0 406.2 627.0 395.6 347.7 440.8 376.3 433.9 566.8 487.5 522.1 273.4 292.5 323.4 335.5 573.7 535.1 327.4 554.2
1657.0 103.2 437.3 260.2 627.1 99.6 488.6 489.2 553.3 723.0 297.9 609.7 290.4 384.5 430.2 212.2 374.9 275.9 0.0 689.5 475.7 619.5 312.7 208.9 152.9 193.1 432.4 418.1 197.8 13.4 398.9 619.9 119.4 96.8 342.3 156.3 636.7 431.2 544.8 485.6 474.6 132.0 430.0 202.4 132.0 581.7 393.4 594.8 654.0 230.8 134.4 284.4 201.0 25.1 55.0 451.5 140.6 689.2 338.5 474.2 406.1 312.1 169.9 242.3 391.1 333.4 251.1 535.0 400.6 159.6 521.5 124.1 486.2 363.0 628.5 189.4 220.0 146.4 599.4 451.1 695.2 376.4 187.6 190.3 380.0 271.0 380.7 77.4 88.7 531.8 382.5 458.5 235.3 132.3 133.0 325.8 96.7 43.5 702.4 172.3 259.0 590.5 248.4 153.1 293.6 229.1 286.7 530.3 340.3 485.6 171.3 141.6 169.1 68.5 420.4 424.4 78.4 517.7
1380.7 644.0 346.9 535.3 96.7 755.6 266.7 269.7 266.7 80.5 787.2 140.4 410.5 316.0 341.3 544.3 432.7 765.2 705.8 0.0 356.2 131.7 496.3 595.2 790.9 574.7 304.5 419.8 835.8 719.3 369.1 237.5 775.4 752.8 426.3 608.7 180.4 340.8 214.5 252.6 218.2 651.0 423.7 554.1 625.0 278.4 438.5 97.8 77.2 595.7 593.8 559.5 849.5 681.1 639.9 375.1 600.0 128.1 475.3 427.3 463.9 522.1 807.9 495.6 423.6 384.8 740.4 248.4 334.8 757.2 299.7 561.4 359.4 468.8 120.9 845.4 736.2 784.4 239.5 295.8 134.1 391.3 739.2 706.5 412.5 490.8 486.5 684.4 667.8 228.5 345.7 289.5 538.6 788.3 771.0 509.4 752.7 681.5 12.8 745.1 547.2 175.4 518.1 603.5 503.6 504.2 527.8 300.8 457.1 313.3 797.8 779.6 598.7 724.5 402.1 443.8 716.4 240.2
1563.4 421.1 47.3 312.4 325.8 532.7 85.6 146.3 200.9 443.9 564.3 284.8 187.6 93.1 173.3 339.1 264.7 542.3 482.9 366.8 0.0 294.6 328.3 372.3 568.0 351.8 77.5 251.8 612.9 496.4 201.1 234.9 552.5 529.9 258.3 385.8 311.8 52.4 219.9 98.5 149.7 428.1 255.7 358.0 402.1 206.9 215.6 269.9 374.9 394.2 370.9 336.6 626.6 458.2 417.0 179.9 377.1 364.3 307.3 259.3 295.9 334.9 585.0 272.7 200.7 161.9 517.5 218.6 111.9 534.3 75.4 338.5 191.4 295.7 303.6 622.5 513.3 561.5 214.4 71.7 370.3 223.3 516.3 483.6 189.6 267.9 313.4 461.5 444.9 166.6 122.8 79.1 315.7 565.4 548.1 341.4 529.8 458.6 379.7 522.2 342.0 265.6 312.9 380.6 316.4 281.3 304.9 187.4 289.1 39.5 586.4 556.7 375.8 501.6 234.1 220.9 493.5 256.4
1268.7 570.5 273.4 461.8 77.7 682.1 193.2 196.2 193.2 121.9 713.7 8.6 337.0 242.5 267.8 470.8 359.2 691.7 632.3 88.4 297.9 0.0 422.8 521.7 717.4 501.2 231.0 346.3 762.3 645.8 295.6 281.0 701.9 679.3 352.8 535.2 107.3 267.3 141.0 179.1 144.7 577.5 350.2 480.6 551.5 204.9 365.0 24.3 52.9 522.2 520.3 486.0 776.0 607.6 566.4 301.6 526.5 104.4 401.8 353.8 390.4 448.6 734.4 422.1 350.1 311.3 666.9 174.9 261.3 683.7 276.5 487.9 285.9 395.3 8.9 771.9 662.7 706.9 260.5 249.7 110.4 317.8 665.7 633.0 339.0 417.3 413.0 610.9 594.3 155.0 272.2 233.1 465.1 714.8 697.5 435.9 679.2 608.0 101.3 671.6 473.7 101.9 444.6 530.0 430.1 430.7 454.3 227.3 383.6 239.8 724.3 706.1 525.2 651.0 328.6 370.3 642.9 166.7
1720.3 243.8 269.3 186.1 459.1 371.8 320.6 321.2 385.3 555.0 456.5 441.7 144.9 216.5 149.7 95.2 99.9 434.5 326.5 521.5 328.2 451.5 0.0 168.8 409.1 148.3 264.4 132.6 456.5 340.0 113.4 451.9 397.6 373.5 56.8 230.4 464.7 259.6 376.8 317.6 306.6 224.6 144.5 105.0 198.6 413.7 107.9 426.8 486.0 146.6 204.6 210.3 470.2 301.8 260.6 283.5 198.1 521.2 46.7 184.8 121.5 73.0 424.7 146.4 170.3 179.9 409.7 367.0 232.6 377.9 376.0 185.9 200.7 77.5 460.5 459.1 356.9 401.1 431.4 283.1 527.2 90.9 359.9 327.2 159.2 73.3 95.2 305.1 241.4 363.8 190.1 297.2 193.3 409.0 391.7 16.7 357.2 302.2 534.4 365.8 98.1 425.9 69.0 177.1 50.6 155.0 182.5 362.3 54.8 340.1 426.1 400.3 168.4 338.1 131.0 138.9 337.1 352.8
1773.0 139.8 322.0 144.9 511.8 282.0 373.3 373.9 438.0 607.7 365.7 494.4 175.1 269.2 271.5 53.5 216.2 343.7 232.2 574.2 360.4 504.2 154.0 0.0 317.3 44.3 317.1 259.4 362.2 245.7 240.2 504.6 301.8 279.2 183.6 138.6 521.4 315.9 429.5 370.3 359.3 107.5 271.3 43.7 77.2 466.4 234.7 479.5 538.7 21.8 100.6 169.1 375.9 207.5 166.3 336.2 94.1 573.9 179.8 315.5 247.4 153.4 334.3 127.0 275.8 218.1 318.9 419.7 285.3 287.1 406.2 91.3 327.5 204.3 513.2 371.8 266.1 306.8 484.1 335.8 579.9 217.7 269.1 236.4 264.7 135.7 222.0 210.8 120.0 416.5 267.2 343.2 120.0 314.7 297.4 167.1 279.1 207.9 587.1 275.0 82.6 475.2 89.7 55.7 134.9 113.8 171.4 415.0 181.6 370.3 335.7 306.0 68.3 250.9 261.7 265.7 242.8 402.4
1638.5 198.8 532.9 355.8 722.7 187.2 584.2 584.8 648.9 818.6 279.4 705.3 386.0 480.1 525.8 307.8 481.0 257.4 143.4 785.1 571.3 715.1 403.2 304.5 0.0 288.7 528.0 513.7 179.3 156.9 494.5 715.5 234.5 210.4 437.9 251.9 728.3 523.2 640.4 581.2 570.2 227.6 525.6 298.0 227.6 677.3 489.0 690.4 749.6 326.4 230.0 380.0 202.8 138.7 150.6 547.1 236.2 784.8 427.8 569.8 501.7 407.7 151.4 337.9 486.7 429.0 232.6 630.6 496.2 141.1 617.1 215.9 581.8 458.6 724.1 296.0 247.2 123.9 695.0 546.7 790.8 472.0 169.1 198.6 475.6 366.6 476.3 173.0 184.3 627.4 478.1 564.7 330.9 245.9 114.5 421.4 194.1 108.9 798.0 153.8 354.6 686.1 344.0 248.7 389.2 324.7 382.3 625.9 435.9 581.2 152.8 57.7 264.7 175.0 516.0 520.0 121.6 616.4
1745.2 95.4 321.5 144.4 511.3 261.9 372.8 373.4 437.5 607.2 351.5 493.9 174.6 268.7 271.0 53.0 215.7 329.5 212.1 573.7 359.9 503.7 153.5 44.3 297.2 0.0 316.6 258.9 342.1 225.6 239.7 504.1 281.7 259.1 183.1 124.4 520.9 315.4 429.0 369.8 358.8 76.2 270.8 43.2 74.1 465.9 234.2 479.0 538.2 66.2 56.2 168.6 355.8 187.4 146.2 335.7 49.7 573.4 179.3 315.0 246.9 152.9 314.2 126.5 275.3 217.6 304.7 419.2 284.8 272.9 405.7 79.2 327.0 203.8 512.7 351.7 251.9 290.7 483.6 335.3 579.4 217.2 254.9 222.2 264.2 135.2 221.5 190.7 106.7 416.0 266.7 342.7 119.5 294.6 277.3 166.6 259.0 187.8 586.6 260.8 99.8 474.7 89.2 52.6 134.4 113.3 170.9 414.5 181.1 369.8 315.6 285.9 23.9 230.8 261.2 265.2 222.7 401.9
1507.6 371.2 74.1 262.5 278.3 482.8 56.1 116.8 159.7 396.4 514.4 229.0 137.7 43.2 95.7 298.7 187.1 492.4 433.0 319.3 86.3 238.8 250.7 322.4 518.1 301.9 0.0 174.2 563.0 446.5 123.5 187.4 502.6 480.0 180.7 335.9 256.0 68.0 164.1 69.0 93.9 378.2 178.1 308.1 352.2 165.7 165.7 214.1 327.4 344.3 321.0 286.7 576.7 408.3 367.1 102.3 327.2 308.5 229.7 181.7 218.3 276.5 535.1 222.8 150.8 112.0 467.6 177.4 62.0 484.4 111.4 288.6 113.8 223.2 247.8 572.6 463.4 507.6 166.9 18.6 314.5 145.7 466.4 433.7 139.7 218.0 240.9 411.6 395.0 125.4 72.9 26.0 265.8 515.5 498.2 263.8 479.9 408.7 332.2 472.3 301.6 209.8 272.5 330.7 258.0 231.4 255.0 157.9 211.5 92.2 536.5 506.8 325.9 451.7 156.5 171.0 443.6 215.2
1608.3 352.3 222.0 298.5 347.1 484.8 219.7 209.2 273.3 443.0 565.0 329.7 253.4 247.2 71.3 203.7 92.1 543.0 435.0 409.5 280.9 339.5 155.7 277.3 520.1 256.8 179.6 0.0 565.0 448.5 40.0 367.1 504.6 482.0 85.7 337.9 356.7 215.9 264.8 205.6 194.6 333.1 83.1 213.5 307.1 301.7 138.6 314.8 374.0 255.1 313.1 322.7 578.7 410.3 369.1 314.2 306.6 409.2 134.7 115.3 123.3 181.5 537.1 258.8 201.0 210.6 518.2 255.0 263.3 486.4 291.1 290.6 127.3 128.2 348.5 574.6 465.4 513.6 346.6 198.3 415.2 50.7 468.4 435.7 189.9 181.8 145.9 413.6 349.9 251.8 220.8 205.7 301.8 517.5 500.2 168.8 481.9 410.7 422.4 474.3 206.6 310.5 177.5 285.6 163.0 267.4 291.0 250.3 116.5 266.3 538.5 508.8 280.8 453.7 43.5 169.6 445.6 237.7
1646.6 239.5 573.6 396.5 763.4 209.4 624.9 625.5 689.6 859.3 287.5 746.0 426.7 520.8 566.5 348.5 511.2 265.5 184.1 825.8 612.0 755.8 449.0 345.2 155.1 329.4 568.7 554.4 0.0 197.6 535.2 756.2 273.7 251.1 478.6 292.6 773.0 567.5 681.1 621.9 610.9 268.3 566.3 338.7 268.3 718.0 529.7 731.1 790.3 367.1 270.7 420.7 229.5 179.4 191.3 587.8 276.9 825.5 474.8 610.5 542.4 448.4 36.2 378.6 527.4 469.7 240.7 671.3 536.9 149.2 657.8 260.4 622.5 499.3 764.8 343.7 255.3 154.6 735.7 587.4 831.5 512.7 177.2 206.7 516.3 407.3 517.0 213.7 225.0 668.1 518.8 594.8 371.6 286.6 141.2 462.1 251.0 149.6 838.7 161.9 395.3 726.8 384.7 289.4 429.9 365.4 423.0 666.6 476.6 621.9 105.1 143.8 305.4 222.8 556.7 560.7 162.3 654.0
1670.5 116.7 450.8 273.7 640.6 113.1 502.1 502.7 566.8 736.5 311.4 623.2 303.9 398.0 443.7 225.7 388.4 289.4 13.4 703.0 489.2 633.0 326.2 222.4 166.4 206.6 445.9 431.6 211.3 0.0 412.4 633.4 132.9 110.3 355.8 169.8 650.2 444.7 558.3 499.1 488.1 145.5 443.5 215.9 145.5 595.2 406.9 608.3 667.5 244.3 147.9 297.9 214.5 38.6 68.5 465.0 154.1 702.7 352.0 487.7 419.6 325.6 183.4 255.8 404.6 346.9 264.6 548.5 414.1 173.1 535.0 137.6 499.7 376.5 642.0 202.9 233.5 155.9 612.9 464.6 708.7 389.9 201.1 203.8 393.5 284.5 394.2 90.9 102.2 545.3 396.0 472.0 248.8 145.8 146.5 339.3 110.2 57.0 715.9 185.8 272.5 604.0 261.9 166.6 307.1 242.6 300.2 543.8 353.8 499.1 184.8 155.1 182.6 82.0 433.9 437.9 91.9 531.2
1568.2 323.7 181.9 269.9 307.0 456.2 179.6 169.1 233.2 402.9 536.4 289.6 224.8 218.6 31.2 175.1 63.5 514.4 406.4 369.4 240.8 299.4 127.1 248.7 491.5 228.2 139.5 50.6 536.4 419.9 0.0 327.0 476.0 453.4 57.1 309.3 316.6 175.8 224.7 165.5 154.5 304.5 54.5 184.9 278.5 261.6 110.0 274.7 333.9 226.5 284.5 294.1 550.1 381.7 340.5 285.6 278.0 369.1 106.1 75.2 94.7 152.9 508.5 230.2 172.4 182.0 489.6 214.9 234.7 457.8 251.0 262.0 87.2 99.6 308.4 546.0 436.8 481.0 306.5 158.2 375.1 22.1 439.8 407.1 161.3 153.2 117.3 385.0 321.3 211.7 192.2 165.6 273.2 488.9 471.6 140.2 453.3 382.1 382.3 445.7 178.0 270.4 148.9 257.0 134.4 238.8 262.4 210.2 87.9 226.2 525.6 480.2 252.2 425.1 32.9 141.0 417.0 197.6
1521.1 556.6 215.9 447.9 199.4 668.2 169.1 229.8 167.5 317.5 699.8 259.1 323.1 228.6 281.1 484.1 372.5 677.8 618.4 240.4 227.2 268.9 436.1 507.8 703.5 487.3 185.3 359.6 748.4 631.9 308.9 0.0 688.0 665.4 366.1 521.3 268.1 221.0 319.8 182.0 201.0 563.6 363.5 493.5 537.6 173.5 351.1 244.2 248.5 529.7 506.4 472.1 762.1 593.7 552.5 287.7 512.6 300.0 415.1 367.1 403.7 461.9 720.5 408.2 336.2 297.4 653.0 185.2 247.4 669.8 170.7 474.0 299.2 408.6 317.8 758.0 648.8 697.0 36.9 166.8 306.0 331.1 651.8 619.1 325.1 403.4 426.3 597.0 580.4 133.2 258.3 160.5 451.2 700.9 683.6 449.2 665.3 594.1 253.3 657.7 487.0 280.7 457.9 516.1 443.4 416.8 440.4 270.9 396.9 185.2 721.9 692.2 511.3 637.1 341.9 356.4 629.0 223.0
1726.7 192.9 527.0 349.9 716.8 73.2 578.3 578.9 643.0 812.7 367.6 699.4 380.1 474.2 524.9 301.9 475.1 345.6 119.5 779.2 565.4 709.2 397.3 298.6 224.0 282.8 522.1 507.8 267.5 133.0 488.6 709.6 0.0 87.0 432.0 247.0 722.4 517.3 634.5 575.3 564.3 221.7 519.7 292.1 221.7 671.4 483.1 684.5 743.7 320.5 224.1 374.1 177.8 94.0 144.7 541.2 230.3 778.9 421.9 563.9 496.7 401.8 240.9 332.0 480.8 423.1 320.8 624.7 490.3 229.3 611.2 210.0 577.2 452.7 718.2 101.4 335.4 184.0 689.1 540.8 784.9 466.1 257.3 286.8 469.7 360.7 470.4 168.4 178.4 621.5 472.2 560.1 325.0 12.8 192.5 419.2 28.0 113.2 792.1 242.0 348.7 683.6 338.1 242.8 384.6 320.1 376.4 620.0 430.0 575.3 241.0 211.3 258.8 117.4 510.1 514.1 148.1 610.5
1692.5 158.7 492.8 315.7 682.6 62.3 544.1 544.7 608.8 778.5 333.4 665.2 345.9 440.0 485.7 267.7 430.4 311.4 85.3 745.0 531.2 675.0 368.2 264.4 188.4 248.6 487.9 473.6 233.3 98.8 454.4 675.4 91.0 0.0 397.8 211.8 692.2 486.7 600.3 541.1 530.1 187.5 485.5 257.9 187.5 637.2 448.9 650.3 709.5 286.3 189.9 339.9 163.7 59.8 110.5 507.0 196.1 744.7 394.0 529.7 461.6 367.6 205.4 297.8 446.6 388.9 286.6 590.5 456.1 195.1 577.0 179.6 541.7 418.5 684.0 161.0 301.2 169.9 654.9 506.6 750.7 431.9 223.1 252.6 435.5 326.5 436.2 132.9 144.2 587.3 438.0 514.0 290.8 103.9 168.5 381.3 68.3 79.0 757.9 207.8 314.5 646.0 303.9 208.6 349.1 284.6 342.2 585.8 395.8 541.1 206.8 177.1 224.6 90.3 475.9 479.9 113.9 573.2
1665.2 266.5 214.2 212.7 404.0 399.0 265.5 266.1 330.2 499.9 479.2 386.6 167.6 161.4 87.8 117.9 32.5 457.2 349.2 466.4 273.1 396.4 69.9 191.5 434.3 171.0 209.3 75.7 479.2 362.7 56.5 396.8 418.8 396.2 0.0 252.1 413.6 208.1 321.7 262.5 251.5 247.3 87.6 127.7 221.3 358.6 52.8 371.7 430.9 169.3 227.3 236.9 492.9 324.5 283.3 228.4 220.8 466.1 48.9 131.8 63.7 95.7 451.3 173.0 115.2 124.8 432.4 311.9 177.5 400.6 332.3 204.8 143.8 42.4 405.4 488.8 379.6 427.8 376.3 228.0 472.1 34.0 382.6 349.9 104.1 96.0 60.1 327.8 264.1 308.7 135.0 235.4 216.0 431.7 414.4 83.0 396.1 324.9 479.3 388.5 120.8 367.4 91.7 199.8 77.2 181.6 205.2 307.2 30.7 296.4 452.7 423.0 195.0 367.9 78.0 83.8 359.8 294.6
1690.4 117.9 370.6 193.5 560.4 212.0 421.9 422.5 486.6 656.3 296.7 543.0 223.7 317.8 368.5 145.5 318.7 274.7 166.7 622.8 409.0 552.8 240.9 150.0 253.2 129.5 365.7 351.4 296.7 180.2 332.2 553.2 237.8 213.7 275.6 0.0 566.0 360.9 478.1 418.9 407.9 115.7 363.3 135.7 133.7 515.0 326.7 528.1 587.3 171.9 67.7 217.7 310.4 142.0 100.8 384.8 73.9 622.5 265.5 408.5 340.3 245.4 268.8 176.6 324.4 266.7 249.9 468.3 333.9 218.1 454.8 53.6 419.5 296.3 561.8 299.3 197.1 241.3 532.7 384.4 628.5 309.7 200.1 167.4 313.3 204.3 314.0 145.3 146.2 465.1 315.8 402.4 168.6 249.2 231.9 262.8 197.4 142.4 635.7 206.0 192.3 527.2 181.7 154.8 226.9 162.4 220.0 463.6 273.6 418.9 270.2 240.5 109.5 178.3 353.7 357.7 177.3 454.1
1355.6 587.2 290.1 474.5 76.4 690.3 209.9 208.9 209.9 194.5 730.4 77.0 353.7 259.2 280.8 487.5 386.4 708.4 649.0 147.3 314.6 86.8 434.4 538.4 731.5 517.9 247.7 363.0 779.0 662.5 312.3 252.1 720.1 696.0 369.5 552.9 0.0 280.4 157.7 195.8 161.4 594.2 366.9 497.3 568.2 221.6 381.7 62.1 125.5 538.9 537.0 498.7 792.7 624.3 583.1 318.3 543.2 177.0 412.2 370.5 408.0 465.3 747.1 434.8 366.8 328.0 683.6 191.6 278.0 700.4 314.3 508.4 298.6 412.0 95.8 781.6 679.4 723.6 254.1 266.4 183.0 334.5 682.4 649.7 355.7 434.0 429.7 627.6 611.0 171.7 288.9 240.9 481.8 731.5 714.2 456.3 679.7 624.7 160.2 688.3 490.4 122.0 461.3 546.7 442.8 443.4 471.0 244.0 400.3 256.5 737.0 722.8 537.9 660.6 345.3 387.0 659.6 182.5
1542.5 368.6 6.1 256.8 317.6 475.7 81.0 138.1 202.6 435.7 511.8 263.9 135.1 40.6 126.9 286.6 232.5 489.8 430.4 358.6 64.9 273.7 280.5 319.8 516.9 299.3 63.8 209.1 560.4 443.9 158.4 226.7 501.5 477.4 215.6 334.3 286.9 0.0 199.0 90.3 128.8 372.5 213.0 305.5 349.6 205.0 163.1 249.0 366.7 338.6 318.4 281.0 574.1 405.7 364.5 105.7 324.6 340.3 258.3 216.6 254.1 282.4 529.4 217.1 148.2 109.4 465.0 189.2 59.4 481.8 140.4 289.8 145.6 243.2 282.7 563.0 460.8 505.0 206.2 58.0 349.4 180.6 463.8 431.1 137.1 215.4 260.9 409.0 392.4 168.3 70.3 81.5 263.2 512.9 495.6 302.4 461.1 406.1 371.5 469.7 289.5 248.1 260.4 328.1 260.8 225.7 252.4 179.2 246.4 80.1 530.8 504.2 320.2 442.0 188.3 168.4 441.0 171.9
1414.3 515.2 218.1 406.5 153.1 626.8 137.9 140.9 137.9 249.0 658.4 135.7 281.7 187.2 212.5 415.5 303.9 636.4 577.0 215.5 242.6 145.5 367.5 466.4 662.1 445.9 175.7 291.0 707.0 590.5 240.3 225.7 646.6 624.0 297.5 479.9 162.7 212.0 0.0 123.8 89.4 522.2 294.9 425.3 496.2 149.6 309.7 120.8 180.0 466.9 465.0 430.7 720.7 552.3 511.1 246.3 471.2 215.2 346.5 298.5 335.1 393.3 679.1 366.8 294.8 256.0 611.6 119.6 206.0 628.4 221.2 432.6 230.6 340.0 154.5 716.6 607.4 651.6 205.2 194.4 221.2 262.5 610.4 577.7 283.7 362.0 357.7 555.6 539.0 99.7 216.9 177.8 409.8 659.5 642.2 380.6 623.9 552.7 228.4 616.3 418.4 116.5 389.3 474.7 374.8 375.4 399.0 172.0 328.3 184.5 669.0 650.8 469.9 595.7 273.3 315.0 587.6 111.4
1464.8 433.5 95.1 324.8 264.7 545.1 14.0 47.7 146.1 299.5 576.7 186.2 200.0 105.5 130.8 333.8 222.2 554.7 495.3 305.7 118.7 196.0 285.8 384.7 580.4 364.2 78.7 209.3 625.3 508.8 158.6 173.8 564.9 542.3 215.8 398.2 213.2 100.2 121.3 0.0 51.1 440.5 213.2 343.6 414.5 152.1 228.0 171.3 230.5 385.2 383.3 349.0 639.0 470.6 429.4 164.6 389.5 265.7 264.8 216.8 253.4 311.6 597.4 285.1 213.1 174.3 529.9 111.5 124.3 546.7 97.8 350.9 148.9 258.3 205.0 634.9 525.7 569.9 153.3 60.2 271.7 180.8 528.7 496.0 202.0 280.3 276.0 473.9 457.3 111.8 135.2 53.9 328.1 577.8 560.5 298.9 542.2 471.0 318.6 534.6 336.7 167.0 307.6 393.0 293.1 293.7 317.3 88.8 246.6 60.6 627.8 569.1 388.2 514.0 191.6 233.3 505.9 94.2
1413.6 425.7 128.6 317.0 152.4 537.3 48.4 78.3 78.6 248.3 568.9 135.0 192.2 97.7 123.0 326.0 214.4 546.9 487.5 214.8 153.1 144.8 278.0 376.9 572.6 356.4 86.2 201.5 617.5 501.0 150.8 208.2 557.1 534.5 208.0 390.4 162.0 122.5 70.1 34.3 0.0 432.7 205.4 335.8 406.7 107.0 220.2 120.1 179.3 377.4 375.5 341.2 631.2 462.8 421.6 156.8 381.7 214.5 257.0 209.0 245.6 303.8 589.6 277.3 205.3 166.5 522.1 60.3 116.5 538.9 132.2 343.1 141.1 250.5 153.8 627.1 517.9 562.1 187.7 104.9 220.5 173.0 520.9 488.2 194.2 272.5 268.2 466.1 449.5 57.1 127.4 88.3 320.3 570.0 552.7 291.1 534.4 463.2 227.7 526.8 328.9 115.8 299.8 385.2 285.3 285.9 309.5 109.4 238.8 95.0 579.5 561.3 380.4 506.2 183.8 225.5 498.1 43.0
1733.8 74.8 384.2 207.1 574.0 209.5 435.5 436.1 500.2 669.9 340.1 556.6 237.3 331.4 338.7 115.7 288.9 318.1 164.2 636.4 422.6 566.4 216.2 96.4 250.7 62.6 379.3 321.6 294.2 177.7 302.4 566.8 233.8 211.2 245.8 113.0 579.6 378.1 491.7 432.5 421.5 0.0 333.5 105.9 19.5 528.6 296.9 541.7 600.9 118.3 44.8 231.3 307.9 139.5 98.3 398.4 38.3 636.1 240.5 377.7 310.5 215.6 266.3 189.2 338.0 280.3 293.3 481.9 347.5 256.0 468.4 64.0 389.7 266.5 575.4 296.8 240.5 242.8 546.3 398.0 642.1 279.9 243.5 210.8 326.9 197.9 284.2 142.8 52.0 478.7 329.4 416.0 182.2 246.7 229.4 233.0 194.9 139.9 649.3 249.4 162.5 537.4 151.9 40.6 197.1 176.0 233.6 477.2 243.8 432.5 267.7 238.0 38.6 180.1 323.9 327.9 174.8 467.7
1632.2 344.2 245.9 290.4 371.0 476.7 243.6 233.1 297.2 466.9 556.9 353.6 245.3 239.1 95.2 195.6 84.0 534.9 426.9 433.4 304.8 363.4 147.6 269.2 512.0 248.7 203.5 83.1 556.9 440.4 63.9 391.0 496.5 473.9 77.6 329.8 380.6 239.8 288.7 229.5 218.5 325.0 0.0 205.4 299.0 325.6 130.5 338.7 397.9 247.0 305.0 314.6 570.6 402.2 361.0 306.1 298.5 433.1 126.6 139.2 115.2 173.4 529.0 250.7 192.9 202.5 510.1 278.9 255.2 478.3 315.0 282.5 151.2 120.1 372.4 566.5 457.3 505.5 370.5 222.2 439.1 42.6 460.3 427.6 181.8 173.7 137.8 405.5 341.8 275.7 212.7 229.6 293.7 509.4 492.1 160.7 473.8 402.6 446.3 466.2 198.5 334.4 169.4 277.5 154.9 259.3 282.9 274.2 108.4 290.2 530.4 500.7 272.7 445.6 85.4 161.5 437.5 261.6
1758.7 138.7 307.7 130.6 497.5 271.2 359.0 359.6 423.7 593.4 351.4 480.1 160.8 254.9 227.7 9.7 172.4 329.4 221.4 559.9 346.1 489.9 110.2 63.7 306.5 43.2 302.8 215.6 351.4 234.9 196.4 490.3 291.0 268.4 139.8 124.3 507.1 301.6 415.2 356.0 345.0 119.5 227.5 0.0 93.5 452.1 190.9 465.2 524.4 85.6 99.5 154.8 365.1 196.7 155.5 321.9 93.0 559.6 136.0 271.7 203.6 109.6 323.5 112.7 253.3 203.8 304.6 405.4 271.0 272.8 391.9 77.0 283.7 160.5 498.9 361.0 251.8 296.0 469.8 321.5 565.6 173.9 254.8 222.1 242.2 91.9 178.2 200.0 136.3 402.2 252.9 328.9 105.7 303.9 286.6 123.3 268.3 197.1 572.8 260.7 56.5 460.9 45.9 72.0 91.1 99.5 157.1 400.7 137.8 356.0 324.9 295.2 67.2 240.1 217.9 221.9 232.0 388.1
1726.0 65.5 371.4 194.3 561.2 204.7 422.7 423.3 487.4 657.1 332.3 543.8 224.5 318.6 320.9 102.9 265.6 310.3 154.9 623.6 409.8 553.6 203.4 76.8 240.0 71.3 366.5 308.8 284.9 168.4 289.6 554.0 224.5 201.9 233.0 121.7 570.8 365.3 478.9 419.7 408.7 30.2 320.7 93.1 0.0 515.8 284.1 528.9 588.1 98.7 53.5 218.5 298.6 130.2 89.0 385.6 47.0 623.3 229.2 364.9 296.8 202.8 257.0 176.4 325.2 267.5 285.5 469.1 334.7 246.7 455.6 76.5 376.9 253.7 562.6 294.5 232.7 233.5 533.5 385.2 629.3 267.1 235.7 203.0 314.1 185.1 271.4 133.5 42.7 465.9 316.6 392.6 169.4 237.4 220.1 216.5 201.8 130.6 636.5 241.6 149.7 524.6 139.1 21.0 184.3 163.2 220.8 464.4 231.0 419.7 258.4 228.7 47.3 173.6 311.1 315.1 165.5 451.8
1514.3 537.5 196.8 428.8 247.0 649.1 150.0 161.0 94.0 365.1 680.7 235.7 304.0 209.5 250.6 453.6 342.0 658.7 599.3 288.0 208.1 245.5 405.6 488.7 684.4 468.2 166.2 329.1 729.3 612.8 278.4 156.1 668.9 646.3 335.6 502.2 315.7 201.9 170.8 161.9 127.5 544.5 333.0 463.4 518.5 0.0 332.0 220.8 296.1 505.0 487.3 453.0 743.0 574.6 533.4 268.6 493.5 347.6 384.6 336.6 373.2 431.4 701.4 389.1 317.1 278.3 633.9 111.7 228.3 650.7 151.6 454.9 268.7 378.1 254.5 738.9 629.7 673.9 135.6 147.7 353.6 300.6 632.7 600.0 306.0 384.3 395.8 577.9 561.3 59.7 239.2 141.4 432.1 681.8 664.5 418.7 646.2 575.0 300.9 638.6 456.5 216.5 427.4 497.0 412.9 397.7 421.3 192.1 366.4 166.1 731.1 673.1 492.2 618.0 311.4 337.3 609.9 149.5
1612.3 322.1 161.3 249.7 351.1 454.6 212.6 213.2 277.3 447.0 534.8 333.7 124.9 108.5 165.2 173.5 109.9 512.8 404.8 413.5 220.2 343.5 125.5 247.1 489.9 226.6 156.4 153.1 534.8 418.3 133.9 343.9 474.4 451.8 77.3 307.7 360.7 155.2 268.8 209.6 198.6 302.9 165.0 183.3 276.9 305.7 0.0 318.8 378.0 224.9 282.9 273.9 548.5 380.1 338.9 175.5 276.4 413.2 104.5 209.2 141.1 151.3 506.9 210.0 62.3 71.9 488.0 259.0 124.6 456.2 279.4 260.4 218.5 80.0 352.5 544.4 435.2 483.4 323.4 175.1 419.2 111.4 438.2 405.5 51.2 151.6 97.7 383.4 319.7 255.8 82.1 182.5 253.0 487.3 470.0 138.6 451.7 380.5 426.4 444.1 176.4 314.5 147.3 255.4 132.8 218.6 242.2 254.3 86.3 243.5 508.3 478.6 250.6 423.5 155.4 38.7 415.4 241.7
1293.4 546.1 249.0 437.4 53.3 657.7 168.8 171.8 168.8 171.4 689.3 14.8 312.6 218.1 243.4 446.4 334.8 667.3 607.9 124.2 273.5 24.6 398.4 497.3 693.0 476.8 206.6 321.9 737.9 621.4 271.2 256.6 677.5 654.9 328.4 510.8 82.9 242.9 116.6 154.7 120.3 553.1 325.8 456.2 527.1 180.5 340.6 0.0 102.4 497.8 495.9 461.6 751.6 583.2 542.0 277.2 502.1 94.3 377.4 329.4 366.0 424.2 710.0 397.7 325.7 286.9 642.5 150.5 236.9 659.3 252.1 463.5 261.5 370.9 33.6 747.5 638.3 682.5 236.1 225.3 100.3 293.4 641.3 608.6 314.6 392.9 388.6 586.5 569.9 130.6 247.8 208.7 440.7 690.4 673.1 411.5 654.8 583.6 137.1 647.2 449.3 77.5 420.2 505.6 405.7 406.3 429.9 202.9 359.2 215.4 699.9 681.7 500.8 626.6 304.2 345.9 618.5 142.3
1330.1 614.2 317.1 505.5 48.9 725.8 236.9 239.9 236.9 68.9 757.4 63.7 380.7 286.2 311.5 514.5 402.9 735.4 676.0 62.9 341.6 55.0 466.5 565.4 761.1 544.9 274.7 390.0 806.0 689.5 339.3 248.1 745.6 723.0 396.5 578.9 161.1 311.0 184.7 222.8 188.4 621.2 393.9 524.3 595.2 248.6 408.7 68.0 0.0 565.9 564.0 529.7 819.7 651.3 610.1 345.3 570.2 51.4 445.5 397.5 434.1 492.3 778.1 465.8 393.8 355.0 710.6 218.6 305.0 727.4 310.3 531.6 329.6 439.0 70.3 815.6 706.4 754.6 250.1 293.4 57.4 361.5 709.4 676.7 382.7 461.0 456.7 654.6 638.0 198.7 315.9 276.8 508.8 758.5 741.2 479.6 722.9 651.7 75.8 715.3 517.4 145.6 488.3 573.7 473.8 474.4 498.0 271.0 427.3 283.5 768.0 749.8 568.9 694.7 372.3 414.0 686.6 210.4
1798.6 171.7 347.6 176.8 537.4 309.4 398.9 399.5 463.6 633.3 397.6 520.0 200.7 294.8 264.9 85.4 209.4 375.6 264.1 599.8 386.0 529.8 147.4 31.8 350.6 76.2 342.7 252.8 394.1 277.6 233.6 530.2 333.7 311.1 177.0 170.5 547.0 337.9 455.1 395.9 384.9 139.4 264.7 75.6 109.1 492.0 228.1 505.1 564.3 0.0 132.5 201.0 407.8 239.4 198.2 361.8 126.0 599.5 171.7 308.9 240.8 146.8 366.2 158.9 290.5 243.7 350.8 445.3 310.9 319.0 431.8 123.2 320.9 197.7 538.8 403.7 298.0 338.7 509.7 361.4 605.5 211.1 301.0 268.3 279.4 129.1 215.4 242.7 151.9 442.1 292.8 379.4 151.9 346.6 329.3 160.5 303.7 239.8 612.7 306.9 60.7 504.2 83.1 87.6 128.3 145.7 203.3 440.6 175.0 395.9 367.6 337.9 100.2 280.0 255.1 259.1 274.7 431.1
1688.9 50.1 336.1 159.0 525.9 216.6 387.4 388.0 452.1 621.8 295.2 508.5 189.2 283.3 329.0 111.0 273.7 273.2 166.8 588.3 374.5 518.3 211.5 110.1 251.9 65.7 331.2 316.9 296.8 180.3 297.7 518.7 236.4 213.8 241.1 68.1 535.5 330.0 443.6 384.4 373.4 47.9 328.8 101.2 65.9 480.5 292.2 493.6 552.8 132.0 0.0 183.2 310.5 142.1 100.9 350.3 6.2 588.0 237.3 373.0 304.9 210.9 268.9 141.1 289.9 232.2 248.4 433.8 299.4 216.6 420.3 22.9 385.0 261.8 527.3 306.4 195.6 241.4 498.2 349.9 594.0 275.2 198.6 165.9 278.8 169.8 279.5 145.4 78.4 430.6 281.3 357.3 134.1 249.3 232.0 224.6 213.7 142.5 601.2 204.5 157.8 489.3 147.2 87.0 192.4 127.9 185.5 429.1 239.1 384.4 270.3 240.6 41.7 185.5 319.2 323.2 177.4 416.5
1745.5 246.1 294.5 24.2 484.3 353.2 345.8 346.4 410.5 580.2 437.9 466.9 147.6 241.7 329.9 199.4 288.5 415.9 307.9 546.7 332.9 476.7 210.7 197.3 394.4 176.8 289.6 321.2 437.9 321.4 302.0 477.1 377.5 354.9 245.4 210.8 489.9 288.4 402.0 342.8 331.8 253.1 333.1 183.0 227.1 438.9 263.2 452.0 511.2 219.2 195.9 0.0 451.6 283.2 242.0 308.7 202.1 546.4 240.1 377.3 309.8 195.2 410.0 99.5 248.3 190.6 391.1 392.2 257.8 359.3 378.7 163.5 351.7 266.1 485.7 440.5 338.3 386.5 456.6 308.3 552.4 279.5 341.3 308.6 237.2 128.2 283.8 286.5 269.9 389.0 239.7 326.3 140.7 390.4 373.1 232.6 354.8 283.6 559.6 347.2 202.3 451.1 173.2 205.6 176.7 63.8 143.9 387.5 243.4 342.8 411.4 381.7 200.8 323.8 323.5 268.5 318.5 378.0
1674.8 266.5 600.6 423.5 790.4 105.3 651.9 652.5 716.6 886.3 315.7 773.0 453.7 547.8 593.5 375.5 538.2 293.7 205.9 852.8 639.0 782.8 476.0 372.2 184.7 356.4 595.7 581.4 215.6 219.4 562.2 783.2 202.6 155.2 505.6 319.6 800.0 594.5 708.1 648.9 637.9 295.3 593.3 365.7 295.3 745.0 556.7 758.1 817.3 394.1 297.7 447.7 0.0 180.4 218.3 614.8 303.9 852.5 501.8 637.5 569.4 475.4 187.7 405.6 554.4 496.7 268.9 698.3 563.9 177.4 684.8 287.4 649.5 526.3 791.8 272.6 283.5 115.2 762.7 614.4 858.5 539.7 205.4 234.9 543.3 434.3 544.0 240.7 252.0 695.1 545.8 621.8 398.6 215.5 120.1 489.1 179.9 176.6 865.7 190.1 422.3 753.8 411.7 316.4 456.9 392.4 450.0 693.6 503.6 648.9 189.1 173.4 332.4 210.9 583.7 587.7 189.3 681.0
1632.6 98.8 432.9 255.8 622.7 74.4 484.2 484.8 548.9 718.6 273.5 605.3 286.0 380.1 425.8 207.8 370.5 251.5 25.4 685.1 471.3 615.1 308.3 204.5 128.5 188.7 428.0 413.7 173.4 38.9 394.5 615.5 94.2 71.6 337.9 151.9 632.3 426.8 540.4 481.2 470.2 127.6 425.6 198.0 127.6 577.3 389.0 590.4 649.6 226.4 130.0 280.0 175.8 0.0 50.6 447.1 136.2 684.8 334.1 469.8 401.7 307.7 145.5 237.9 386.7 329.0 226.7 530.6 396.2 135.2 517.1 119.7 481.8 358.6 624.1 164.2 241.3 122.0 595.0 446.7 690.8 372.0 163.2 192.7 375.6 266.6 376.3 73.0 84.3 527.4 378.1 454.1 230.9 107.1 108.6 321.4 71.5 19.1 698.0 147.9 254.6 586.1 244.0 148.7 289.2 224.7 282.3 525.9 335.9 481.2 146.9 117.2 164.7 43.3 416.0 420.0 54.0 513.3
1655.0 48.1 382.2 205.1 572.0 115.6 433.5 434.1 498.2 667.9 264.5 554.6 235.3 329.4 375.1 157.1 319.8 242.5 65.8 634.4 420.6 564.4 257.6 153.8 150.9 138.0 377.3 363.0 195.8 79.3 343.8 564.8 135.4 112.8 287.2 101.2 581.6 376.1 489.7 430.5 419.5 76.9 374.9 147.3 76.9 526.6 338.3 539.7 598.9 175.7 79.3 229.3 209.5 41.1 0.0 396.4 85.5 634.1 283.4 419.1 351.0 257.0 167.9 187.2 336.0 278.3 217.7 479.9 345.5 157.6 466.4 69.0 431.1 307.9 573.4 205.4 164.9 144.4 544.3 396.0 640.1 321.3 167.9 135.2 324.9 215.9 325.6 44.4 33.6 476.7 327.4 403.4 180.2 148.3 131.0 270.7 112.7 41.5 647.3 170.3 203.9 535.4 193.3 98.0 238.5 174.0 231.6 475.2 285.2 430.5 169.3 139.6 114.0 84.5 365.3 369.3 76.4 462.6
1540.9 480.6 95.9 284.3 279.7 504.6 141.2 141.8 205.9 375.6 536.2 262.3 159.5 65.0 129.0 332.0 220.4 514.2 454.8 342.1 154.8 272.1 284.0 405.6 539.9 385.1 85.0 207.5 642.2 468.3 156.8 272.5 524.4 501.8 214.0 357.7 289.3 89.8 197.4 138.2 127.2 461.4 211.4 341.8 435.4 234.3 266.9 247.4 306.6 383.4 441.4 308.5 598.5 430.1 388.9 0.0 434.9 341.8 263.0 215.0 251.6 309.8 614.3 244.6 172.6 133.8 489.4 187.6 83.8 506.2 196.5 310.4 147.1 256.5 281.1 594.4 485.2 529.4 252.0 103.7 347.8 179.0 488.2 455.5 161.5 310.1 274.2 433.4 478.2 184.4 94.7 111.1 287.6 537.3 520.0 297.1 501.7 430.5 355.0 494.1 334.9 243.1 305.8 413.9 291.3 253.2 276.8 182.9 244.8 170.0 585.5 528.6 409.1 473.5 189.8 192.8 465.4 170.3
1695.4 43.9 342.6 165.5 532.4 210.4 393.9 394.5 458.6 628.3 301.7 515.0 195.7 289.8 330.6 112.6 275.3 279.7 160.6 594.8 381.0 524.8 213.1 103.9 245.7 59.5 337.7 318.5 290.6 174.1 299.3 525.2 230.2 207.6 242.7 74.6 542.0 336.5 450.1 390.9 379.9 41.7 330.4 102.8 59.7 487.0 293.8 500.1 559.3 125.8 6.5 189.7 304.3 135.9 94.7 356.8 0.0 594.5 238.9 374.6 306.5 212.5 262.7 147.6 296.4 238.7 254.9 440.3 305.9 223.1 426.8 29.4 386.6 263.4 533.8 300.2 202.1 235.2 504.7 356.4 600.5 276.8 205.1 172.4 285.3 176.3 281.1 139.2 72.2 437.1 287.8 363.8 140.6 243.1 225.8 226.2 207.5 136.3 607.7 211.0 159.4 495.8 148.8 80.8 194.0 134.4 192.0 435.6 240.7 390.9 264.1 234.4 35.5 179.3 320.8 324.8 171.2 423.0
1319.4 614.9 317.8 506.2 115.8 722.0 237.6 240.6 237.6 96.8 758.1 53.0 381.4 286.9 312.2 515.2 408.7 736.1 676.7 124.5 342.3 44.3 467.2 566.1 763.2 545.6 275.4 390.7 806.7 690.2 340.0 325.4 746.3 723.7 397.2 579.6 147.7 308.1 185.4 223.5 189.1 621.9 394.6 525.0 595.9 249.3 409.4 68.7 66.8 566.6 564.7 530.4 820.4 652.0 610.8 346.0 570.9 0.0 444.7 398.2 434.8 493.0 778.8 466.5 394.5 355.7 711.3 219.3 305.7 728.1 320.9 536.1 330.3 439.7 59.6 816.3 707.1 755.3 304.9 294.1 6.0 362.2 710.1 677.4 383.4 461.7 457.4 655.3 638.7 199.4 316.6 268.6 509.5 759.2 741.9 480.3 723.6 652.4 114.7 716.0 518.1 146.3 489.0 574.4 474.5 475.1 498.7 271.7 428.0 284.2 768.7 750.5 569.6 688.3 373.0 414.7 687.3 214.2
1698.3 265.6 247.3 211.8 437.1 393.6 295.6 296.2 360.3 533.0 481.3 419.7 169.7 194.5 122.7 120.0 67.4 459.3 351.3 499.5 306.2 429.5 72.0 193.6 434.8 173.1 242.4 110.6 481.3 364.8 91.4 429.9 420.9 398.3 34.8 254.2 446.7 241.2 354.8 295.6 284.6 249.4 122.5 129.8 223.4 391.7 85.9 404.8 464.0 168.4 229.4 239.0 495.0 326.6 285.4 261.5 222.9 496.2 0.0 163.7 99.5 97.8 450.4 176.0 148.3 157.9 434.5 345.0 210.6 402.7 365.4 206.9 178.7 55.5 438.5 490.9 381.7 422.9 409.4 261.1 505.2 68.9 384.7 352.0 137.2 98.1 73.2 329.9 263.2 338.8 168.1 276.1 218.1 433.8 416.5 85.1 390.9 327.0 512.4 390.6 122.9 400.5 93.8 201.9 76.3 180.7 207.3 340.3 14.8 329.5 451.8 425.1 194.1 367.0 112.9 116.9 361.9 330.8
1650.5 398.9 264.2 345.1 389.3 526.9 261.9 251.4 315.5 485.2 611.6 371.9 300.0 293.8 113.5 250.3 143.8 589.6 481.6 451.7 323.1 381.7 202.3 323.9 568.1 303.4 221.8 125.8 611.6 495.1 75.1 409.3 552.7 528.6 132.3 384.5 394.9 258.1 307.0 247.8 236.8 379.7 129.7 260.1 353.7 343.9 185.2 357.0 416.2 301.7 359.7 369.3 625.3 456.9 415.7 360.8 353.2 451.4 179.8 0.0 170.8 228.1 583.7 305.4 247.6 257.2 564.8 297.2 309.9 533.0 333.3 337.2 169.5 174.8 390.7 621.2 512.0 560.2 388.8 240.5 457.4 97.3 515.0 482.3 236.5 228.4 192.5 460.2 396.5 294.0 267.4 258.5 348.4 564.1 546.8 219.1 528.5 457.3 464.6 520.9 253.2 352.7 224.1 332.2 209.6 314.0 337.6 292.5 163.1 308.5 585.1 555.4 327.4 497.5 108.1 216.2 492.2 283.0
1652.3 339.6 287.9 285.8 391.1 467.6 263.7 253.5 317.6 487.3 552.9 373.7 241.3 235.1 115.3 191.6 31.7 530.9 422.9 453.5 346.8 383.5 143.6 265.2 509.7 244.7 223.6 103.2 552.9 436.4 84.0 411.1 492.5 469.9 73.6 325.8 400.7 281.8 308.8 249.6 238.6 320.4 115.1 201.4 295.0 345.7 126.5 358.8 418.0 242.4 301.0 310.6 566.6 398.2 357.0 302.1 294.5 453.5 121.1 159.6 0.0 168.8 525.3 247.0 188.9 198.5 506.1 299.0 251.2 474.3 335.1 278.5 170.7 116.1 392.5 562.5 453.3 496.9 390.6 242.3 459.2 61.5 456.3 423.6 177.8 169.7 133.8 400.9 337.8 296.1 208.7 259.7 289.7 505.4 488.1 156.7 462.5 398.6 466.4 462.2 193.9 354.5 165.4 273.5 150.9 255.3 278.9 294.3 104.4 310.3 525.8 496.7 269.0 438.8 104.9 157.5 433.5 284.8
1740.3 221.3 289.3 213.2 479.1 349.3 340.6 341.2 405.3 575.0 434.0 461.7 142.4 236.5 193.6 72.7 138.4 412.0 304.0 541.5 327.7 471.5 66.0 146.3 390.5 125.8 284.4 176.5 434.0 317.5 157.3 471.9 373.6 351.0 100.7 206.9 488.7 283.2 396.8 337.6 326.6 202.1 188.4 82.5 176.1 433.7 151.8 446.8 506.0 124.1 182.1 237.4 447.7 279.3 238.1 303.5 175.6 541.2 96.9 232.6 164.5 0.0 406.1 147.8 214.2 185.4 387.2 387.0 252.6 355.4 373.5 163.4 244.6 121.4 480.5 443.6 334.4 378.6 451.4 303.1 547.2 134.8 337.4 304.7 203.1 70.8 139.1 282.6 218.9 383.8 234.0 321.1 188.3 386.5 369.2 84.2 334.7 279.7 554.4 343.3 75.6 442.5 46.5 154.6 14.5 182.1 180.0 382.3 98.7 337.6 407.5 377.8 149.8 322.7 178.8 182.8 314.6 372.8
1610.3 203.2 537.3 360.2 727.1 177.6 588.6 589.2 653.3 823.0 251.2 709.7 390.4 484.5 530.2 312.2 480.0 229.2 147.8 789.5 575.7 719.5 412.7 308.9 120.2 293.1 532.4 518.1 27.8 161.3 498.9 719.9 237.4 214.8 442.3 256.3 736.7 531.2 644.8 585.6 574.6 232.0 530.0 302.4 232.0 681.7 493.4 694.8 754.0 330.8 234.4 384.4 193.2 143.1 155.0 551.5 240.6 789.2 432.2 574.2 506.1 412.1 0.0 342.3 491.1 433.4 204.4 635.0 500.6 112.9 621.5 224.1 586.2 463.0 728.5 307.4 219.0 114.3 699.4 551.1 795.2 476.4 140.9 170.4 480.0 371.0 480.7 177.4 188.7 631.8 482.5 569.1 335.3 250.3 104.9 425.8 198.5 113.3 802.4 125.6 359.0 690.5 348.4 253.1 393.6 329.1 386.7 630.3 440.3 585.6 69.7 107.5 269.1 186.5 520.4 524.4 126.0 620.8
1676.4 198.8 225.4 90.1 415.2 305.9 276.7 277.3 341.4 511.1 390.6 397.8 78.5 172.6 264.2 130.3 208.7 368.6 260.6 477.6 263.8 407.6 146.7 150.0 347.1 129.5 220.5 252.1 390.6 274.1 232.9 408.0 330.2 307.6 176.3 163.5 424.8 219.3 332.9 273.7 262.7 205.8 264.0 140.1 179.8 369.8 194.1 382.9 442.1 181.7 148.6 114.3 404.3 235.9 194.7 239.6 154.8 477.3 171.0 308.2 240.1 126.1 362.7 0.0 179.2 121.5 343.8 323.1 188.7 312.0 309.6 120.0 282.6 197.0 416.6 400.2 291.0 339.2 387.5 239.2 483.3 210.4 294.0 261.3 168.1 59.1 214.7 239.2 222.6 319.9 170.6 257.2 93.4 343.1 325.8 163.5 291.3 236.3 490.5 299.9 133.2 378.6 104.1 158.3 107.6 59.0 74.8 318.4 174.3 273.7 364.1 334.4 153.5 272.2 254.4 199.4 271.2 308.9
1598.1 344.2 147.1 235.5 336.9 455.8 198.4 199.0 263.1 432.8 536.0 319.5 110.7 94.3 186.2 256.6 193.0 514.0 406.0 399.3 206.0 329.3 208.6 295.4 491.1 274.9 142.2 236.2 536.0 419.5 214.0 329.7 475.6 453.0 160.4 308.9 346.5 141.0 254.6 195.4 184.4 351.2 248.1 266.4 325.2 291.5 83.0 304.6 363.8 308.0 294.0 259.7 549.7 381.3 340.1 161.3 300.2 399.0 187.6 272.2 224.2 234.4 508.1 195.8 0.0 57.7 489.2 244.8 110.4 457.4 265.2 261.6 204.3 163.1 338.3 545.6 436.4 480.6 309.2 160.9 405.0 194.5 439.4 406.7 11.1 191.0 180.8 384.6 368.0 241.6 67.9 168.3 238.8 488.5 471.2 221.7 452.9 381.7 412.2 445.3 259.5 300.3 230.4 303.7 215.9 204.4 228.0 240.1 169.4 229.3 509.5 479.8 298.9 424.7 238.5 88.3 416.6 227.5
1579.2 286.4 128.2 177.7 318.0 398.0 179.5 180.1 244.2 413.9 478.2 300.6 52.9 75.4 167.3 204.4 182.5 456.2 348.2 380.4 187.1 310.4 198.1 237.6 433.3 217.1 123.3 225.7 478.2 361.7 195.1 310.8 417.8 395.2 149.9 251.1 327.6 122.1 235.7 176.5 165.5 293.4 237.6 223.3 267.4 272.6 72.5 285.7 344.9 259.5 236.2 201.9 491.9 323.5 282.3 142.4 242.4 380.1 177.1 253.3 213.7 223.9 450.3 138.0 57.6 0.0 431.4 225.9 91.5 399.6 245.7 203.8 185.4 152.6 319.4 487.8 378.6 426.8 290.3 142.0 386.1 184.0 381.6 348.9 46.5 133.2 170.3 326.8 310.2 222.7 49.0 149.4 181.0 430.7 413.4 211.2 395.1 323.9 393.3 387.5 207.3 281.4 178.2 245.9 205.4 146.6 170.2 221.2 158.9 209.8 451.7 422.0 241.1 366.9 228.0 77.8 358.8 208.6
1530.1 272.8 448.8 382.4 638.6 341.6 500.1 500.7 564.8 734.5 46.7 621.2 388.9 396.0 487.9 334.4 497.1 24.7 291.8 701.0 487.2 631.0 434.9 338.9 278.8 318.4 443.9 540.3 291.1 305.3 515.7 631.4 361.4 338.8 464.5 278.5 648.2 442.7 556.3 497.1 486.1 304.6 552.2 324.6 301.6 593.2 504.8 606.3 665.5 360.8 256.6 406.6 353.2 267.1 225.9 463.0 262.8 700.7 460.7 573.9 528.3 434.3 263.2 364.5 489.9 451.1 0.0 546.5 412.1 142.1 533.0 246.3 506.0 485.2 640.0 431.4 161.3 274.3 610.9 462.6 706.7 498.6 75.1 98.0 478.8 393.2 502.9 270.4 258.3 543.3 412.0 470.0 357.5 374.3 264.9 448.0 338.7 267.5 713.9 130.0 381.2 602.0 370.6 322.7 415.8 351.3 408.9 541.8 462.5 497.1 248.4 267.5 298.4 310.5 548.7 510.1 302.4 529.2
1453.7 476.0 178.9 367.3 192.5 587.6 98.7 135.0 18.3 288.4 619.2 175.1 242.5 148.0 173.3 376.3 264.7 597.2 537.8 254.9 203.4 184.9 328.3 427.2 622.9 406.7 136.5 251.8 667.8 551.3 201.1 188.4 607.4 584.8 258.3 440.7 202.1 172.8 110.2 84.6 50.2 483.0 255.7 386.1 457.0 112.3 270.5 160.2 219.4 427.7 425.8 391.5 681.5 513.1 471.9 207.1 432.0 254.6 307.3 259.3 295.9 354.1 639.9 327.6 255.6 216.8 572.4 0.0 166.8 589.2 182.5 393.4 191.4 300.8 193.9 677.4 568.2 616.4 167.9 155.2 260.6 223.3 571.2 538.5 244.5 322.8 318.5 516.4 499.8 62.6 177.7 138.6 370.6 620.3 603.0 341.4 584.7 513.5 267.8 577.1 379.2 155.9 350.1 435.5 335.6 336.2 359.8 166.1 289.1 145.3 629.8 611.6 430.7 556.5 234.1 275.8 548.4 72.2
1512.5 452.2 61.5 245.3 251.3 465.6 112.8 113.4 177.5 347.2 497.2 233.9 120.5 26.0 100.6 303.6 192.0 475.2 415.8 313.7 120.4 243.7 255.6 377.2 500.9 356.7 56.6 179.1 613.8 429.3 128.4 244.1 485.4 462.8 185.6 318.7 260.9 55.4 169.0 109.8 98.8 433.0 183.0 313.4 407.0 205.9 148.5 219.0 278.2 355.0 303.8 269.5 559.5 391.1 349.9 75.7 406.5 313.4 234.6 186.6 223.2 281.4 585.9 205.6 133.6 94.8 450.4 159.2 0.0 467.2 168.1 271.4 118.7 228.1 252.7 555.4 446.2 490.4 223.6 75.3 319.4 150.6 449.2 416.5 122.5 281.7 245.8 394.4 449.8 156.0 55.7 82.7 248.6 498.3 481.0 268.7 462.7 391.5 326.6 455.1 306.5 214.7 277.4 385.5 262.9 214.2 237.8 154.5 216.4 135.6 557.1 489.6 380.7 434.5 161.4 153.8 426.4 141.9
1577.8 217.5 504.2 327.1 694.0 190.9 555.5 556.1 620.2 789.9 185.4 676.6 357.3 451.4 497.1 279.1 441.8 163.4 165.6 756.4 542.6 686.4 379.6 283.6 136.6 263.1 499.3 485.0 148.9 179.1 465.8 686.8 255.2 232.6 409.2 223.2 703.6 498.1 611.7 552.5 541.5 249.3 496.9 269.3 246.3 648.6 460.3 661.7 720.9 305.5 201.3 351.3 211.0 160.9 170.6 518.4 207.5 756.1 405.4 541.1 473.0 379.0 121.0 309.2 458.0 400.3 138.6 601.9 467.5 0.0 588.4 191.0 553.1 429.9 695.4 325.2 106.0 136.1 666.3 518.0 762.1 443.3 88.8 56.1 446.9 337.9 447.6 215.1 203.0 598.7 449.4 525.4 302.2 268.1 122.7 392.7 232.5 131.1 769.3 12.6 325.9 657.4 315.3 267.4 360.5 296.0 353.6 597.2 407.2 552.5 106.2 125.3 243.1 204.3 487.3 491.3 143.8 584.6
1563.2 472.9 132.2 364.2 273.9 584.5 85.4 146.1 155.3 392.0 616.1 284.6 239.4 144.9 197.4 400.4 288.8 594.1 534.7 314.9 94.4 294.4 352.4 424.1 619.8 403.6 101.6 275.9 664.7 548.2 225.2 183.0 604.3 581.7 282.4 437.6 342.6 137.3 219.7 98.3 188.8 479.9 279.8 409.8 453.9 161.3 267.4 269.7 323.0 446.0 422.7 388.4 678.4 510.0 468.8 204.0 428.9 374.5 331.4 283.4 320.0 378.2 636.8 324.5 252.5 213.7 569.3 173.0 163.7 586.1 0.0 390.3 215.5 324.9 303.4 674.3 565.1 609.3 162.5 83.1 380.5 247.4 568.1 535.4 241.4 319.7 342.6 513.3 496.7 121.0 174.6 76.8 367.5 617.2 599.9 365.5 581.6 510.4 327.8 574.0 403.3 355.2 374.2 432.4 359.7 333.1 356.7 187.2 313.2 75.8 638.2 608.5 427.6 553.4 258.2 272.7 545.3 210.8
1668.0 82.5 313.1 136.0 502.9 185.8 368.2 368.8 432.9 602.6 274.3 485.5 166.2 260.3 311.0 88.0 261.2 252.3 144.3 565.3 351.5 495.3 183.4 92.5 227.0 72.0 308.2 293.9 274.3 157.8 274.7 495.7 215.4 191.3 218.1 48.2 508.5 303.4 420.6 361.4 350.4 80.3 305.8 78.2 98.3 457.5 269.2 470.6 529.8 114.4 32.3 160.2 288.0 119.6 78.4 327.3 38.5 568.8 208.0 353.8 282.8 187.9 242.6 121.9 266.9 209.2 227.5 410.8 276.4 195.7 397.3 0.0 362.0 238.8 504.3 276.9 174.7 218.9 475.2 326.9 571.0 252.2 177.7 145.0 255.8 146.8 256.5 122.9 107.0 411.4 258.3 344.9 111.1 226.8 209.5 205.3 175.0 120.0 578.2 183.6 138.6 469.7 124.2 100.8 173.2 104.9 162.5 406.1 216.1 361.4 244.0 218.1 74.1 155.9 296.2 300.2 154.9 396.6
1558.0 430.5 171.7 376.7 296.8 609.7 169.4 158.9 223.0 392.7 590.6 279.4 235.3 140.8 75.2 281.9 170.3 568.6 554.9 359.2 230.6 289.2 233.9 355.5 558.3 335.0 129.3 157.4 543.0 568.4 106.7 316.8 644.5 621.9 163.9 416.1 306.4 162.0 214.5 155.3 144.3 411.3 161.3 291.7 385.3 251.4 216.8 264.5 323.7 333.3 391.3 400.9 625.3 550.2 562.1 199.9 384.8 358.9 211.4 164.9 201.5 259.7 515.1 337.0 279.2 209.6 543.8 204.7 159.6 544.6 240.8 368.8 0.0 206.4 298.2 714.5 625.0 546.4 296.3 148.0 364.9 128.9 532.2 561.7 268.1 260.0 224.1 584.5 428.1 201.5 170.5 166.0 380.0 657.4 537.0 250.7 605.6 520.4 372.1 557.3 284.8 260.2 255.7 363.8 241.2 345.6 369.2 200.0 194.7 216.0 486.3 545.6 359.0 593.6 139.7 247.8 533.1 190.5
1671.6 290.9 220.6 237.1 410.4 423.4 271.9 272.5 336.6 506.3 503.6 393.0 192.0 167.8 114.0 142.3 58.7 481.6 373.6 472.8 279.5 402.8 94.3 215.9 458.7 195.4 215.7 101.9 503.6 387.1 82.7 403.2 443.2 420.6 26.1 276.5 420.0 214.5 328.1 268.9 257.9 271.7 113.8 152.1 245.7 365.0 59.2 378.1 437.3 193.7 251.7 261.3 517.3 348.9 307.7 234.8 245.2 472.5 73.3 158.0 89.9 120.1 475.7 197.4 121.6 131.2 456.8 318.3 183.9 425.0 338.7 229.2 170.0 0.0 411.8 513.2 404.0 448.2 382.7 234.4 478.5 60.2 407.0 374.3 110.5 120.4 17.6 352.2 288.5 315.1 141.4 241.8 240.4 456.1 438.8 107.4 420.5 349.3 485.7 412.9 145.2 373.8 116.1 224.2 101.6 206.0 229.6 313.6 55.1 302.8 477.1 447.4 219.4 392.3 104.2 90.2 384.2 301.0
1258.7 579.4 282.3 470.7 86.6 691.0 202.1 205.1 202.1 100.9 722.6 17.5 345.9 251.4 276.7 479.7 368.1 700.6 641.2 97.3 306.8 8.8 431.7 530.6 726.3 510.1 239.9 355.2 820.7 654.7 304.5 289.9 710.8 688.2 361.7 544.1 116.2 276.2 149.9 188.0 153.6 586.4 359.1 489.5 560.4 213.8 373.9 33.2 61.8 531.1 529.2 494.9 784.9 616.5 575.3 310.5 535.4 64.8 410.7 362.7 399.3 457.5 792.8 431.0 359.0 320.2 675.8 183.8 270.2 692.6 285.4 496.8 294.8 404.2 0.0 780.8 671.6 715.8 269.4 258.6 70.8 326.7 674.6 641.9 347.9 426.2 421.9 619.8 603.2 163.9 281.1 242.0 474.0 723.7 706.4 444.8 688.1 616.9 110.2 680.5 482.6 110.8 453.5 538.9 439.0 439.6 463.2 236.2 392.5 248.7 764.0 715.0 534.1 659.9 337.5 379.2 651.8 175.6
1802.4 268.6 602.7 425.6 792.5 147.6 648.4 649.0 713.1 888.4 443.3 775.1 455.8 549.9 600.6 377.6 550.8 421.3 195.2 854.9 641.1 784.9 473.0 374.3 294.1 358.5 597.8 583.5 343.2 208.7 564.3 785.3 88.3 162.7 507.7 322.7 798.1 593.0 710.2 651.0 640.0 297.4 595.4 367.8 297.4 747.1 558.8 760.2 819.4 396.2 299.8 449.8 253.5 169.7 220.4 616.9 306.0 849.0 497.6 634.0 572.4 477.5 315.3 402.1 556.5 498.8 396.5 700.4 566.0 305.0 686.9 285.7 651.6 528.4 793.9 0.0 411.1 257.7 764.8 616.5 860.6 541.8 333.0 362.5 545.4 436.4 546.1 242.8 248.5 697.2 547.9 634.5 400.7 78.8 268.2 494.9 103.7 188.9 867.8 317.7 424.4 759.3 413.8 318.5 459.0 394.5 452.1 695.7 505.7 651.0 316.7 287.0 328.9 193.1 585.8 589.8 223.8 680.6
1592.9 191.1 477.8 300.7 667.6 259.9 529.1 529.7 593.8 763.5 199.2 650.2 330.9 425.0 470.7 252.7 415.4 177.2 210.1 730.0 516.2 660.0 353.2 257.2 295.2 236.7 472.9 458.6 269.6 223.6 439.4 660.4 279.7 257.1 382.8 196.8 677.2 471.7 585.3 526.1 515.1 222.9 470.5 242.9 219.9 622.2 433.9 635.3 694.5 279.1 174.9 324.9 353.8 185.4 144.2 492.0 181.1 729.7 379.0 514.7 446.6 352.6 241.7 282.8 431.6 373.9 152.4 575.5 441.1 120.6 562.0 164.6 526.7 403.5 669.0 349.7 0.0 288.7 639.9 491.6 735.7 416.9 102.6 69.9 420.5 311.5 421.2 188.7 176.6 572.3 423.0 499.0 275.8 292.6 275.3 366.3 257.0 185.8 742.9 108.5 299.5 631.0 288.9 241.0 334.1 269.6 327.2 570.8 380.8 526.1 226.9 283.9 216.7 228.8 460.9 464.9 220.7 558.2
1624.6 225.5 555.6 378.5 745.4 104.2 610.9 611.5 675.6 841.3 265.5 728.0 408.7 506.8 552.5 330.5 493.0 243.5 170.1 811.8 594.0 737.8 425.9 331.2 132.3 315.4 554.7 536.4 161.8 186.2 521.2 738.2 201.0 153.6 464.6 274.6 755.0 553.5 667.1 603.9 592.9 250.3 552.3 320.7 250.3 704.0 515.7 713.1 776.3 353.1 256.7 402.7 123.8 178.8 177.3 569.8 258.9 811.5 450.5 592.5 524.4 434.4 137.5 360.6 513.4 451.7 218.7 657.3 522.9 123.6 643.8 242.6 608.5 481.3 746.8 264.0 233.3 0.0 721.7 569.4 817.5 498.7 155.2 184.7 498.3 393.3 499.0 195.7 211.0 650.1 504.8 587.4 353.6 209.9 66.3 448.1 162.1 131.6 824.7 136.3 377.3 712.8 370.7 275.4 411.9 347.4 409.0 648.6 458.6 603.9 138.9 123.2 291.4 198.2 538.7 546.7 144.3 643.1
1513.1 546.1 205.4 437.4 191.4 657.7 158.6 219.3 157.0 309.5 689.3 251.1 312.6 218.1 270.6 473.6 362.0 667.3 607.9 232.4 216.7 260.9 425.6 497.3 693.0 476.8 174.8 349.1 737.9 621.4 298.4 26.9 677.5 654.9 355.6 510.8 260.1 210.5 311.8 171.5 190.5 553.1 353.0 483.0 527.1 163.0 340.6 236.2 240.5 519.2 495.9 461.6 751.6 583.2 542.0 277.2 502.1 292.0 404.6 356.6 393.2 451.4 710.0 397.7 325.7 286.9 642.5 174.7 236.9 659.3 160.2 463.5 288.7 398.1 309.8 747.5 638.3 682.5 0.0 156.3 298.0 320.6 641.3 608.6 314.6 392.9 415.8 586.5 569.9 122.7 247.8 150.0 440.7 690.4 673.1 438.7 654.8 583.6 245.3 647.2 476.5 272.7 447.4 505.6 432.9 406.3 429.9 260.4 386.4 174.7 711.4 681.7 500.8 626.6 331.4 345.9 618.5 212.5
1515.2 389.7 49.0 281.0 259.6 501.3 37.4 98.1 141.0 377.7 532.9 236.6 156.2 61.7 114.2 317.2 205.6 510.9 451.5 300.6 60.3 246.4 269.2 340.9 536.6 320.4 18.4 192.7 581.5 465.0 142.0 168.7 521.1 498.5 199.2 354.4 263.6 54.1 171.7 50.3 101.5 396.7 196.6 326.6 370.7 147.0 184.2 221.7 308.7 362.8 339.5 305.2 595.2 426.8 385.6 120.8 345.7 360.2 248.2 200.2 236.8 295.0 553.6 241.3 169.3 130.5 486.1 158.7 80.5 502.9 92.7 307.1 132.3 241.7 255.4 591.1 481.9 530.1 148.2 0.0 366.2 164.2 484.9 452.2 158.2 236.5 259.4 430.1 413.5 106.7 91.4 7.4 284.3 534.0 516.7 282.3 498.4 427.2 313.5 490.8 320.1 217.4 291.0 349.2 276.5 249.9 273.5 139.2 230.0 73.5 555.0 525.3 344.4 470.2 175.0 189.5 462.1 196.5
1323.7 619.2 322.1 510.5 120.1 730.8 241.9 244.9 241.9 101.1 762.4 57.3 385.7 291.2 316.5 519.5 407.9 740.4 681.0 128.8 346.6 48.6 471.5 570.4 766.1 549.9 279.7 395.0 811.0 694.5 344.3 329.7 750.6 728.0 401.5 583.9 156.0 316.0 189.7 227.8 193.4 626.2 398.9 529.3 600.2 253.6 413.7 73.0 71.1 570.9 569.0 534.7 824.7 656.3 615.1 350.3 575.2 4.2 450.5 402.5 439.1 497.3 783.1 470.8 398.8 360.0 715.6 223.6 310.0 732.4 325.2 536.6 334.6 444.0 63.9 820.6 711.4 755.6 309.2 298.4 0.0 366.5 714.4 681.7 387.7 466.0 461.7 659.6 643.0 203.7 320.9 281.8 513.8 763.5 746.2 484.6 727.9 656.7 119.0 720.3 522.4 150.6 493.3 578.7 478.8 479.4 503.0 276.0 432.3 288.5 773.0 754.8 573.9 699.7 377.3 419.0 691.6 215.4
1590.7 301.5 249.2 247.7 329.5 434.0 202.1 191.6 255.7 425.4 514.2 312.1 202.6 196.4 53.7 152.9 41.3 492.2 384.2 391.9 308.1 321.9 104.9 226.5 469.3 206.0 162.0 41.6 514.2 397.7 22.4 349.5 453.8 431.2 34.9 287.1 339.1 243.1 247.2 188.0 177.0 282.3 53.5 162.7 256.3 284.1 87.8 297.2 356.4 204.3 262.3 271.9 527.9 359.5 318.3 263.4 255.8 391.6 83.9 97.7 72.5 130.7 486.3 208.0 150.2 159.8 467.4 237.4 212.5 435.6 273.5 239.8 109.7 77.4 330.9 523.8 414.6 458.8 329.0 180.7 397.6 0.0 417.6 384.9 139.1 131.0 95.1 362.8 299.1 234.2 170.0 188.1 251.0 466.7 449.4 118.0 431.1 359.9 404.8 423.5 155.8 292.9 126.7 234.8 112.2 216.6 240.2 232.7 65.7 248.7 487.7 458.0 230.0 402.9 43.9 118.8 394.8 220.1
1490.2 204.2 467.1 313.8 656.9 273.0 518.4 519.0 583.1 752.8 131.1 639.5 344.0 414.3 483.8 265.8 428.5 109.1 223.2 719.3 505.5 649.3 366.3 270.3 210.2 249.8 462.2 471.7 222.5 236.7 452.5 649.7 292.8 270.2 395.9 209.9 666.5 461.0 574.6 515.4 504.4 236.0 483.6 256.0 233.0 611.5 447.0 624.6 683.8 292.2 188.0 338.0 284.6 198.5 157.3 481.3 194.2 719.0 392.1 527.8 459.7 365.7 194.6 295.9 444.7 387.0 84.3 564.8 430.4 73.5 551.3 177.7 524.3 416.6 658.3 362.8 92.7 209.7 629.2 480.9 725.0 430.0 0.0 29.4 433.6 324.6 434.3 201.8 189.7 561.6 430.3 488.3 288.9 305.7 196.3 379.4 270.1 198.9 732.2 61.4 312.6 620.3 302.0 254.1 347.2 282.7 340.3 560.1 393.9 515.4 179.8 198.9 229.8 241.9 474.0 478.0 233.8 547.5
1521.8 173.6 460.3 283.2 650.1 242.4 511.6 512.2 576.3 746.0 128.1 632.7 313.4 407.5 453.2 235.2 397.9 106.1 192.6 712.5 498.7 642.5 335.7 239.7 179.6 219.2 455.4 441.1 191.9 206.1 421.9 642.9 262.2 239.6 365.3 179.3 659.7 454.2 567.8 508.6 497.6 205.4 453.0 225.4 202.4 604.7 416.4 617.8 677.0 261.6 157.4 307.4 254.0 167.9 126.7 474.5 163.6 712.2 361.5 497.2 429.1 335.1 164.0 265.3 414.1 356.4 81.3 558.0 423.6 42.9 544.5 147.1 509.2 386.0 651.5 332.2 62.1 179.1 622.4 474.1 718.2 399.4 31.5 0.0 403.0 294.0 403.7 171.2 159.1 554.8 405.5 481.5 258.3 275.1 165.7 348.8 239.5 168.3 725.4 30.8 282.0 613.5 271.4 223.5 316.6 252.1 309.7 553.3 363.3 508.6 149.2 168.3 199.2 211.3 443.4 447.4 203.2 540.7
1586.9 333.0 135.9 224.3 325.7 444.6 187.2 187.8 251.9 421.6 524.8 308.3 99.5 83.1 175.0 245.4 181.8 502.8 394.8 388.1 194.8 318.1 197.4 284.2 479.9 263.7 131.0 225.0 524.8 408.3 202.8 318.5 464.4 441.8 149.2 297.7 335.3 129.8 243.4 184.2 173.2 340.0 236.9 255.2 314.0 280.3 71.8 293.4 352.6 296.8 282.8 248.5 538.5 370.1 328.9 150.1 289.0 387.8 176.4 261.0 213.0 223.2 496.9 184.6 11.0 46.5 478.0 233.6 99.2 446.2 254.0 250.4 193.1 151.9 327.1 534.4 425.2 473.4 298.0 149.7 393.8 183.3 428.2 395.5 0.0 179.8 169.6 373.4 356.8 230.4 56.7 157.1 227.6 477.3 460.0 210.5 441.7 370.5 401.0 434.1 248.3 289.1 219.2 292.5 204.7 193.2 216.8 228.9 158.2 218.1 498.3 468.6 287.7 413.5 227.3 77.1 405.4 216.3
1669.4 219.7 218.4 116.6 408.2 336.9 269.7 270.3 334.4 504.1 417.1 390.8 71.5 165.6 205.0 71.1 149.7 395.1 287.1 470.6 256.8 400.6 87.5 144.7 372.2 124.2 213.5 192.9 417.1 300.6 173.7 401.0 356.7 334.1 117.1 190.0 417.8 212.3 325.9 266.7 255.7 200.5 204.8 80.9 174.5 362.8 168.2 375.9 435.1 122.5 180.5 140.8 430.8 262.4 221.2 232.6 174.0 470.3 113.3 249.0 180.9 66.9 389.2 76.9 172.2 114.5 370.3 316.1 181.7 338.5 302.6 142.7 261.0 137.8 409.6 426.7 317.5 361.7 380.5 232.2 476.3 151.2 320.5 287.8 161.1 0.0 155.5 265.7 217.3 312.9 163.6 239.6 119.9 369.6 352.3 100.6 334.0 262.8 483.5 326.4 74.0 371.6 44.9 153.0 48.4 85.5 109.1 311.4 115.1 266.7 390.6 360.9 148.2 305.8 195.2 192.4 297.7 298.8
1683.7 303.0 232.7 249.2 422.5 435.5 284.0 284.6 348.7 518.4 515.7 405.1 204.1 179.9 126.1 154.4 70.8 493.7 385.7 484.9 291.6 414.9 106.4 228.0 470.8 207.5 227.8 114.0 515.7 399.2 94.8 415.3 455.3 432.7 38.2 288.6 432.1 226.6 340.2 281.0 270.0 283.8 125.9 164.2 257.8 377.1 71.3 390.2 449.4 205.8 263.8 273.4 529.4 361.0 319.8 246.9 257.3 484.6 85.4 170.1 102.0 132.2 487.8 209.5 133.7 143.3 468.9 330.4 196.0 437.1 350.8 241.3 182.1 12.1 423.9 525.3 416.1 464.3 394.8 246.5 490.6 72.3 419.1 386.4 122.6 132.5 0.0 364.3 300.6 327.2 153.5 253.9 252.5 468.2 450.9 119.5 432.6 361.4 497.8 425.0 157.3 385.9 128.2 236.3 113.7 218.1 241.7 325.7 67.2 314.9 489.2 459.5 231.5 404.4 116.3 102.3 396.3 313.1
1667.0 102.2 436.3 259.2 626.1 123.1 487.6 488.2 552.3 722.0 307.9 608.7 289.4 383.5 434.2 211.2 384.4 285.9 77.8 688.5 474.7 618.5 306.6 207.9 164.3 192.1 431.4 417.1 207.8 91.3 397.9 618.9 147.4 124.8 341.3 155.3 635.7 426.6 543.8 484.6 473.6 131.0 429.0 201.4 131.0 580.7 392.4 593.8 653.0 229.8 133.4 283.4 221.5 53.1 54.0 450.5 139.6 688.2 336.0 473.2 406.0 311.1 179.9 241.3 390.1 332.4 261.1 534.0 399.6 169.6 520.5 123.1 485.2 362.0 627.5 217.4 219.0 152.4 598.4 450.1 694.2 375.4 197.6 189.3 379.0 270.0 379.7 0.0 87.7 530.8 381.5 468.1 234.3 160.3 143.0 328.5 108.5 53.5 701.4 182.3 258.0 592.9 247.4 152.1 292.6 228.1 285.7 529.3 339.3 484.6 181.3 151.6 168.1 96.5 419.4 423.4 88.4 519.8
1683.2 22.7 414.7 237.6 604.5 157.4 466.0 466.6 530.7 700.4 289.5 587.1 267.8 361.9 369.2 146.2 308.7 267.5 112.1 666.9 453.1 596.9 241.6 120.1 198.6 104.3 409.8 352.1 242.1 125.6 332.9 597.3 181.7 159.1 276.3 126.2 610.1 408.6 522.2 463.0 452.0 43.2 364.0 136.4 43.2 559.1 327.4 572.2 631.4 142.0 83.4 261.8 255.8 87.4 46.2 428.9 76.9 666.6 266.2 408.2 340.1 246.1 214.2 219.7 368.5 310.8 242.7 512.4 378.0 203.9 498.9 90.2 420.2 297.0 605.9 251.7 189.9 186.7 576.8 428.5 672.6 310.4 192.9 160.2 357.4 228.4 314.7 90.7 0.0 509.2 359.9 446.5 212.7 194.6 177.3 259.8 142.8 87.8 679.8 198.8 193.0 571.3 182.4 64.3 227.6 206.5 264.1 507.7 274.3 463.0 215.6 185.9 80.3 128.0 354.4 358.4 122.7 498.2
1454.5 493.5 166.6 384.8 216.8 600.6 116.2 101.2 54.4 334.9 636.7 175.9 260.0 165.5 187.1 393.8 282.0 614.7 555.3 257.8 177.9 185.7 345.8 444.7 641.8 424.2 136.0 269.3 685.3 568.8 218.6 125.9 624.9 602.3 275.8 458.2 202.9 186.7 111.0 102.1 67.7 500.5 273.2 403.6 474.5 49.8 288.0 161.0 265.9 445.2 443.3 409.0 699.0 530.6 489.4 224.6 449.5 317.4 323.3 276.8 313.4 371.6 657.4 345.1 273.1 234.3 589.9 51.9 184.3 606.7 121.4 410.9 208.9 318.3 194.7 694.9 585.7 633.9 105.4 117.5 323.4 240.8 588.7 556.0 262.0 340.3 336.0 533.9 517.3 0.0 195.2 102.3 388.1 637.8 620.5 362.6 602.2 531.0 270.7 594.6 396.7 160.1 367.6 453.0 353.1 353.7 377.3 132.3 306.6 135.9 671.3 629.1 448.2 566.9 251.6 293.3 565.9 92.8
1530.1 325.5 79.1 216.8 268.9 437.1 130.4 131.0 195.1 364.8 517.3 251.5 92.0 26.3 118.2 266.3 202.7 495.3 387.3 331.3 138.0 261.3 218.3 276.7 472.4 256.2 74.2 196.7 517.3 400.8 146.0 261.7 456.9 434.3 170.1 290.2 278.5 73.0 186.6 127.4 116.4 332.5 200.6 276.1 306.5 223.5 92.7 236.6 295.8 298.6 275.3 241.0 531.0 362.6 321.4 93.3 281.5 331.0 197.3 204.2 233.9 244.1 489.4 177.1 77.8 39.0 470.5 176.8 42.4 438.7 197.2 242.9 136.3 172.8 270.3 526.9 417.7 465.9 241.2 92.9 337.0 168.2 420.7 388.0 66.7 172.3 190.5 365.9 349.3 173.6 0.0 100.3 220.1 469.8 452.5 231.4 434.2 363.0 344.2 426.6 269.2 232.3 240.1 285.0 225.6 185.7 209.3 172.1 179.1 161.3 490.8 461.1 280.2 406.0 179.0 98.0 397.9 159.5
1497.2 404.9 64.2 296.2 241.6 512.0 19.4 80.1 123.0 359.7 548.1 218.6 171.4 76.9 129.4 332.4 225.9 526.1 466.7 282.6 75.5 228.4 284.4 356.1 553.2 335.6 33.6 207.9 596.7 480.2 157.2 150.7 536.3 513.7 214.4 370.6 241.6 72.4 153.7 32.3 83.5 411.9 211.8 341.8 385.9 129.0 199.4 203.7 290.7 378.0 354.7 320.4 610.4 442.0 400.8 136.0 360.9 342.2 257.1 215.4 252.0 310.2 568.8 256.5 184.5 145.7 501.3 140.7 95.7 518.1 74.7 322.3 147.5 256.9 237.4 606.3 497.1 545.3 130.2 15.1 348.2 179.4 500.1 467.4 173.4 251.7 274.6 445.3 428.7 88.7 106.6 0.0 299.5 549.2 531.9 297.5 497.4 442.4 295.5 506.0 335.3 202.8 306.2 364.4 291.7 265.1 288.7 121.2 245.2 55.5 570.2 540.5 359.6 482.6 190.2 204.7 477.3 181.6
1735.0 167.4 284.0 106.9 473.8 279.0 335.3 335.9 400.0 569.7 359.2 456.4 137.1 231.2 332.1 114.1 276.8 337.2 229.2 536.2 322.4 466.2 214.6 118.6 314.3 98.1 279.1 320.0 359.2 242.7 300.8 466.6 298.8 276.2 244.2 132.1 483.4 277.9 391.5 332.3 321.3 174.4 331.9 104.3 148.4 428.4 252.7 441.5 500.7 140.5 117.2 131.1 372.9 204.5 163.3 298.2 123.4 535.9 240.4 376.1 308.0 184.7 331.3 89.0 237.8 180.1 312.4 381.7 247.3 280.6 368.2 84.8 341.2 264.9 475.2 368.8 259.6 307.8 446.1 297.8 541.9 278.3 262.6 229.9 226.7 117.7 282.6 207.8 191.2 378.5 229.2 305.2 0.0 311.7 294.4 227.7 276.1 204.9 549.1 268.5 160.9 437.2 150.3 126.9 166.2 75.8 133.4 377.0 242.2 332.3 332.7 303.0 122.1 247.9 322.3 258.0 239.8 364.4
1737.5 203.7 537.8 360.7 727.6 87.2 589.1 589.7 653.8 823.5 378.4 710.2 390.9 485.0 530.7 312.7 475.4 356.4 130.3 790.0 576.2 720.0 413.2 309.4 233.4 293.6 532.9 518.6 278.3 143.8 499.4 720.4 10.8 97.8 442.8 256.8 737.2 531.7 645.3 586.1 575.1 232.5 530.5 302.9 232.5 682.2 493.9 695.3 754.5 331.3 234.9 384.9 188.6 104.8 155.5 552.0 241.1 789.7 439.0 574.7 506.6 412.6 250.4 342.8 491.6 433.9 331.6 635.5 501.1 240.1 622.0 224.6 586.7 463.5 729.0 106.3 346.2 194.8 699.9 551.6 795.7 476.9 268.1 297.6 480.5 371.5 481.2 177.9 189.2 632.3 483.0 559.0 335.8 0.0 203.3 426.3 22.6 124.0 802.9 252.8 359.5 691.0 348.9 253.6 394.1 329.6 387.2 630.8 440.8 586.1 251.8 222.1 269.6 135.3 520.9 524.9 158.9 618.2
1599.1 193.4 527.5 350.4 717.3 132.6 578.8 579.4 643.5 813.2 240.0 699.9 380.6 474.7 520.4 302.4 465.1 218.0 138.0 779.7 565.9 709.7 402.9 299.1 109.0 283.3 522.6 508.3 139.9 151.5 489.1 710.1 229.9 182.5 432.5 246.5 726.9 521.4 635.0 575.8 564.8 222.2 520.2 292.6 222.2 671.9 483.6 685.0 744.2 321.0 224.6 374.6 152.7 133.3 145.2 541.7 230.8 779.4 428.7 564.4 496.3 402.3 112.0 332.5 481.3 423.6 193.2 625.2 490.8 101.7 611.7 214.3 576.4 453.2 718.7 299.9 207.8 73.8 689.6 541.3 785.4 466.6 129.7 159.2 470.2 361.2 470.9 167.6 178.9 622.0 472.7 548.7 325.5 242.8 0.0 416.0 207.2 103.5 792.6 114.4 349.2 680.7 338.6 243.3 383.8 319.3 376.9 620.5 430.5 575.8 113.4 97.7 259.3 176.7 510.6 514.6 116.2 607.9
1730.1 256.3 279.1 202.5 468.9 384.3 330.4 331.0 395.1 564.8 466.3 451.5 154.7 226.3 159.5 105.0 109.7 444.3 336.3 531.3 338.0 461.3 13.6 178.6 422.8 158.1 274.2 142.4 466.3 349.8 123.2 461.7 407.4 383.3 66.6 240.2 474.5 269.4 386.6 327.4 316.4 234.4 154.3 114.8 208.4 423.5 117.7 436.6 495.8 156.4 214.4 224.0 480.0 311.6 270.4 293.3 207.9 531.0 56.5 201.2 131.3 82.8 441.1 160.1 180.1 189.7 419.5 376.8 242.4 387.7 385.8 195.7 210.5 87.3 470.3 468.9 366.7 417.6 441.2 292.9 537.0 100.7 369.7 337.0 169.0 83.1 105.0 314.9 251.2 376.3 199.9 313.6 203.1 418.8 401.5 0.0 367.0 312.0 544.2 375.6 107.9 435.7 78.8 186.9 64.3 168.7 192.3 372.1 64.6 349.9 442.5 410.1 184.8 347.9 144.7 148.7 346.9 362.6
1707.5 164.8 507.8 321.8 697.6 43.8 550.2 559.7 623.8 800.8 348.4 680.2 360.9 455.0 500.7 282.7 445.4 326.4 100.3 760.0 546.2 690.0 383.2 279.4 195.9 263.6 502.9 488.6 248.3 113.8 469.4 690.4 29.9 67.8 412.8 226.8 707.2 501.7 615.3 556.1 545.1 209.8 500.5 272.9 202.5 652.2 463.9 665.3 724.5 308.6 204.9 362.2 158.6 74.8 125.5 522.0 211.1 759.7 407.5 552.0 477.2 373.7 227.7 320.1 461.6 403.9 301.6 605.5 471.1 210.1 592.0 194.6 547.8 433.5 699.0 99.9 316.2 164.8 669.9 521.6 765.7 446.9 238.1 267.6 450.5 341.5 451.2 155.2 166.5 593.4 453.0 546.9 305.8 42.8 173.3 396.3 0.0 94.0 772.9 222.8 336.8 661.0 318.9 223.6 355.2 290.7 357.2 600.8 410.8 556.1 221.8 192.1 230.7 102.5 482.0 494.9 128.9 582.4
1613.4 89.8 423.9 246.8 613.7 104.2 475.2 475.8 539.9 709.6 254.3 596.3 277.0 371.1 416.8 198.8 361.5 232.3 34.4 676.1 462.3 606.1 299.3 195.5 109.3 179.7 419.0 404.7 154.2 47.9 385.5 606.5 124.0 101.4 328.9 142.9 623.3 417.8 531.4 472.2 461.2 118.6 416.6 189.0 118.6 568.3 380.0 581.4 640.6 217.4 121.0 271.0 167.9 29.7 41.6 438.1 127.2 675.8 325.1 460.8 392.7 298.7 126.3 228.9 377.7 320.0 207.5 521.6 387.2 116.0 508.1 110.7 472.8 349.6 615.1 194.0 222.1 98.8 586.0 437.7 681.8 363.0 144.0 173.5 366.6 257.6 367.3 64.0 75.3 518.4 369.1 445.1 221.9 136.9 89.4 312.4 101.3 0.0 689.0 128.7 245.6 577.1 235.0 139.7 280.2 215.7 273.3 516.9 326.9 472.2 127.7 98.0 155.7 73.1 407.0 411.0 34.8 504.3
1390.5 653.8 356.7 545.1 106.5 765.4 276.5 279.5 276.5 67.6 797.0 127.5 420.3 325.8 351.1 554.1 442.5 775.0 715.6 9.8 366.0 118.8 506.1 605.0 800.7 584.5 314.3 429.6 845.6 729.1 378.9 247.3 785.2 762.6 436.1 618.5 190.2 350.6 224.3 262.4 228.0 660.8 433.5 563.9 634.8 288.2 448.3 107.6 82.7 605.5 603.6 569.3 859.3 690.9 649.7 384.9 609.8 115.2 485.1 437.1 473.7 531.9 817.7 505.4 433.4 394.6 750.2 258.2 344.6 767.0 309.5 571.2 369.2 478.6 130.7 855.2 746.0 794.2 249.3 305.6 121.2 401.1 749.0 716.3 422.3 500.6 496.3 694.2 677.6 238.3 355.5 299.3 548.4 798.1 780.8 519.2 762.5 691.3 0.0 754.9 557.0 185.2 527.9 613.3 513.4 514.0 537.6 310.6 466.9 323.1 807.6 789.4 608.5 734.3 411.9 453.6 726.2 250.0
1566.4 204.8 491.5 314.4 681.3 203.0 542.8 543.4 607.5 777.2 172.7 663.9 344.6 438.7 484.4 266.4 429.1 150.7 177.7 743.7 529.9 673.7 366.9 270.9 148.7 250.4 486.6 472.3 161.0 191.2 453.1 674.1 293.4 270.8 396.5 210.5 690.9 485.4 599.0 539.8 528.8 236.6 484.2 256.6 233.6 635.9 447.6 649.0 708.2 292.8 188.6 338.6 223.1 199.1 157.9 505.7 194.8 743.4 392.7 528.4 460.3 366.3 133.1 296.5 445.3 387.6 125.9 589.2 454.8 12.1 575.7 178.3 540.4 417.2 682.7 363.4 93.3 144.2 653.6 505.3 749.4 430.6 76.1 43.4 434.2 325.2 434.9 202.4 190.3 586.0 436.7 512.7 289.5 306.3 134.8 380.0 270.7 143.2 756.6 0.0 313.2 644.7 302.6 254.7 347.8 283.3 340.9 584.5 394.5 539.8 118.3 137.4 230.4 242.5 474.6 478.6 155.9 571.9
1737.8 198.6 286.8 190.5 476.6 326.6 338.1 338.7 402.8 572.5 411.3 459.2 139.9 234.0 209.1 50.0 148.8 389.3 281.3 539.0 325.2 469.0 81.5 80.3 367.8 103.1 281.9 192.0 411.3 294.8 172.8 469.4 352.4 328.3 116.2 184.2 482.2 280.7 394.3 335.1 324.1 179.4 203.9 59.8 153.4 431.2 167.3 444.3 503.5 48.4 159.4 214.7 425.0 256.6 215.4 301.0 152.9 538.7 112.4 248.1 180.6 86.0 383.4 145.3 229.7 182.9 364.5 384.5 250.1 332.7 371.0 136.9 260.1 136.9 478.0 420.9 311.7 355.9 448.9 300.6 544.7 150.3 314.7 282.0 218.6 68.3 154.6 259.9 196.2 381.3 232.0 318.6 165.6 363.8 346.5 99.7 328.2 257.0 551.9 320.6 0.0 440.0 22.3 131.9 67.5 159.4 177.5 379.8 114.2 335.1 384.8 355.1 127.1 297.2 194.3 198.3 291.9 370.3
1381.7 536.6 235.4 427.9 120.5 643.7 155.2 162.3 155.2 216.4 675.7 103.1 299.0 204.5 226.1 432.8 331.7 653.7 594.3 182.9 259.9 112.9 379.7 483.7 680.8 463.2 193.0 308.3 724.3 607.8 257.6 243.0 665.4 641.3 314.8 498.2 126.1 225.7 103.0 141.1 106.7 539.5 312.2 442.6 513.5 166.9 327.0 88.2 147.4 488.3 482.3 448.0 738.0 569.6 528.4 263.6 488.5 186.7 357.5 315.8 353.3 410.6 696.4 384.1 312.1 273.3 628.9 136.9 223.3 645.7 238.5 453.7 252.0 357.3 121.9 726.9 624.7 672.9 222.5 211.7 188.6 279.8 627.7 595.0 301.0 379.3 375.0 577.0 560.4 121.1 234.2 186.2 427.1 676.8 659.5 401.6 625.0 570.0 195.8 633.6 435.7 0.0 406.6 492.0 392.1 392.7 416.3 189.3 345.6 201.8 690.4 668.1 491.3 605.9 290.6 332.3 604.9 131.8
1715.4 174.7 264.4 166.6 454.2 307.2 315.7 316.3 380.4 550.1 387.4 436.8 117.5 211.6 181.7 26.1 126.4 365.4 257.4 516.6 302.8 446.6 64.2 99.7 342.5 79.2 259.5 169.6 387.4 270.9 150.4 447.0 327.0 304.4 93.8 160.3 463.8 258.3 371.9 312.7 301.7 155.5 181.5 35.9 129.5 408.8 144.9 421.9 481.1 77.5 135.5 190.8 401.1 232.7 191.5 278.6 129.0 516.3 90.0 225.7 157.6 63.6 359.5 122.9 207.3 160.5 340.6 362.1 227.7 308.8 348.6 113.0 237.7 114.5 455.6 397.0 287.8 336.0 426.5 278.2 522.3 127.9 290.8 258.1 196.2 45.9 132.2 236.0 172.3 358.9 209.6 285.6 141.7 339.9 322.6 77.3 304.3 233.1 529.5 296.7 29.0 417.6 0.0 108.0 45.1 135.5 155.1 357.4 91.8 312.7 360.9 331.2 103.2 276.1 171.9 175.9 268.0 344.8
1747.5 87.0 350.3 173.2 540.1 226.2 401.6 402.2 466.3 636.0 353.8 522.7 203.4 297.5 299.8 81.8 244.5 331.8 176.4 602.5 388.7 532.5 182.3 55.7 261.5 72.6 345.4 287.7 306.4 189.9 268.5 532.9 246.0 223.4 211.9 143.2 549.7 344.2 457.8 398.6 387.6 51.7 299.6 72.0 21.4 494.7 263.0 507.8 567.0 77.6 75.0 197.4 320.1 151.7 110.5 364.5 68.5 602.2 208.1 343.8 275.7 181.7 278.5 155.3 304.1 246.4 307.0 448.0 313.6 268.2 434.5 98.0 355.8 232.6 541.5 316.0 254.2 251.0 512.4 364.1 608.2 246.0 257.2 224.5 293.0 164.0 250.3 155.0 64.2 444.8 295.5 371.5 148.3 258.9 241.6 195.4 223.3 152.1 615.4 263.1 128.6 503.5 118.0 0.0 163.2 142.1 199.7 443.3 209.9 398.6 279.9 250.2 68.8 195.1 290.0 294.0 187.0 430.7
1725.7 206.7 274.7 198.6 464.5 334.7 326.0 326.6 390.7 560.4 419.4 447.1 127.8 221.9 179.0 58.1 129.2 397.4 289.4 526.9 313.1 456.9 56.5 131.7 375.9 111.2 269.8 161.9 419.4 302.9 142.7 457.3 360.5 336.4 86.1 192.3 474.1 265.0 382.2 323.0 312.0 187.5 173.8 67.9 161.5 419.1 137.2 432.2 491.4 109.5 167.5 222.8 433.1 264.7 223.5 288.9 161.0 526.6 76.0 218.0 149.9 18.5 391.5 133.2 199.6 170.8 372.6 372.4 238.0 340.8 358.9 145.0 230.0 106.8 465.9 429.0 319.8 368.0 436.8 288.5 532.6 120.2 322.8 290.1 188.5 56.2 124.5 268.0 204.3 369.2 219.4 306.5 173.7 371.9 354.6 73.3 320.1 265.1 539.8 328.7 61.0 427.9 31.9 140.0 0.0 167.5 165.4 367.7 84.1 323.0 392.9 363.2 135.2 301.0 164.2 168.2 300.0 358.2
1681.6 182.2 230.6 31.0 420.4 289.3 281.9 282.5 346.6 516.3 374.0 403.0 83.7 177.8 266.0 135.5 224.6 352.0 244.0 482.8 269.0 412.8 146.8 133.4 330.5 112.9 225.7 257.3 374.0 257.5 238.1 413.2 313.6 291.0 181.5 146.9 426.0 224.5 338.1 278.9 267.9 189.2 269.2 119.1 163.2 375.0 199.3 388.1 447.3 155.3 132.0 55.2 387.7 219.3 178.1 244.8 138.2 482.5 171.4 313.4 245.9 131.3 346.1 35.6 184.4 126.7 327.2 328.3 193.9 295.4 314.8 99.6 287.8 202.2 421.8 376.6 274.4 322.6 392.7 244.4 488.5 215.6 277.4 244.7 173.3 64.3 219.9 222.6 206.0 325.1 175.8 262.4 76.8 326.5 309.2 168.7 290.9 219.7 495.7 283.3 138.4 387.2 109.3 141.7 112.8 0.0 80.0 323.6 179.5 278.9 347.5 317.8 136.9 259.9 259.6 204.6 254.6 314.1
1704.8 239.4 253.8 130.7 443.6 351.0 305.1 305.7 369.8 539.5 431.2 426.2 106.9 201.0 292.6 158.7 237.3 409.2 301.2 506.0 292.2 436.0 175.1 190.6 386.3 170.1 248.9 280.5 431.2 314.7 261.3 436.4 370.8 348.2 204.7 204.1 453.2 247.7 361.3 302.1 291.1 246.4 292.4 168.5 220.4 398.2 222.5 411.3 470.5 210.1 189.2 154.9 444.9 276.5 235.3 268.0 195.4 505.7 200.9 336.6 268.5 154.5 403.3 91.0 207.6 149.9 384.4 351.5 217.1 352.6 338.0 156.8 311.0 225.4 445.0 440.8 331.6 379.8 415.9 267.6 511.7 238.8 334.6 301.9 196.5 87.5 243.1 279.8 263.2 348.3 199.0 275.0 134.0 383.7 366.4 188.2 348.1 276.9 518.9 340.5 161.6 407.0 132.5 198.9 136.0 99.6 0.0 346.8 202.7 302.1 404.7 375.0 194.1 319.9 282.8 227.8 311.8 334.2
1486.8 501.7 187.5 393.0 225.6 667.3 106.4 52.6 164.2 321.5 671.3 208.2 268.2 173.7 236.1 439.1 327.5 649.3 617.0 288.0 211.1 218.0 391.1 512.7 619.0 492.2 171.1 314.6 623.7 630.5 263.9 238.3 706.6 684.0 321.1 466.4 235.2 192.6 143.3 92.3 99.3 568.5 318.5 448.9 542.5 162.2 296.2 193.3 252.5 490.5 451.5 417.2 687.4 612.3 497.6 232.8 457.7 287.7 370.1 322.1 358.7 416.9 595.8 353.3 281.3 242.5 624.5 145.9 192.5 625.7 190.2 419.1 225.1 363.6 227.0 776.6 705.7 608.5 217.8 152.6 293.7 286.1 612.9 642.4 270.2 417.2 381.3 646.6 585.3 112.3 203.4 146.3 396.3 719.5 599.1 404.2 683.9 582.5 300.9 638.4 442.0 189.0 412.9 521.0 398.4 361.9 385.5 0.0 351.9 153.0 567.0 607.7 516.2 655.7 296.9 301.5 595.2 142.0
1710.6 260.9 259.6 207.1 449.4 393.4 310.9 311.5 375.6 545.3 473.6 432.0 162.0 206.8 135.0 112.3 79.7 451.6 343.6 511.8 318.5 441.8 64.3 185.9 428.7 165.4 254.7 122.9 473.6 357.1 103.7 442.2 413.2 390.6 47.1 246.5 459.0 253.5 367.1 307.9 296.9 241.7 134.8 122.1 215.7 404.0 98.2 417.1 476.3 163.7 221.7 231.3 487.3 318.9 277.7 273.8 215.2 511.5 25.3 179.0 110.9 90.1 445.7 167.4 160.6 170.2 426.8 357.3 222.9 395.0 377.7 199.2 191.0 67.8 450.8 483.2 374.0 418.2 421.7 273.4 517.5 81.2 377.0 344.3 149.5 90.4 85.5 322.2 258.5 354.1 180.4 280.8 210.4 426.1 408.8 77.4 390.5 319.3 524.7 382.9 115.2 412.8 86.1 194.2 71.6 176.0 199.6 352.6 0.0 341.8 447.1 417.4 189.4 362.3 125.2 129.2 354.2 340.0
1523.8 437.0 63.2 328.3 286.2 548.6 46.0 106.7 180.8 404.3 580.2 245.2 203.5 109.0 176.0 355.0 267.4 558.2 498.8 327.2 58.0 255.0 331.0 388.2 583.9 367.7 80.2 254.5 628.8 512.3 203.8 195.3 568.4 545.8 261.0 401.7 272.2 68.3 180.3 58.9 110.1 444.0 258.4 373.9 418.0 186.8 231.5 230.3 335.3 410.1 386.8 352.5 642.5 474.1 432.9 182.6 393.0 324.7 310.0 262.0 298.6 356.8 600.9 288.6 216.6 177.8 533.4 198.5 127.8 550.2 55.3 354.4 194.1 303.5 264.0 638.4 529.2 577.4 174.8 61.7 330.7 226.0 532.2 499.5 205.5 283.8 321.2 477.4 460.8 146.5 138.7 55.4 331.6 581.3 564.0 344.1 545.7 474.5 340.1 538.1 357.9 226.0 328.8 396.5 338.3 297.2 320.8 147.8 291.8 0.0 602.3 572.6 391.7 517.5 236.8 236.8 509.4 236.3
1572.0 225.4 548.9 382.4 738.7 199.8 600.2 600.8 664.9 834.6 212.9 721.3 412.6 496.1 552.4 334.4 496.9 190.9 170.0 801.1 587.3 731.1 434.9 331.1 142.4 315.3 544.0 540.3 101.3 183.5 521.1 731.5 259.6 237.0 464.5 278.5 744.3 539.2 656.4 597.2 586.2 254.2 552.2 324.6 254.2 693.3 515.6 706.4 765.6 353.0 256.6 406.6 215.4 165.3 177.2 563.1 262.8 800.8 459.2 596.4 528.3 434.3 73.4 364.5 513.3 455.6 166.1 646.6 512.2 115.0 633.1 242.5 606.1 485.2 740.1 329.6 195.4 136.5 711.0 562.7 806.8 498.6 102.6 132.1 502.2 393.2 502.9 199.6 210.9 643.4 512.1 580.7 357.5 272.5 127.1 448.0 220.7 135.5 814.0 127.7 381.2 705.5 370.6 275.3 415.8 351.3 408.9 641.9 462.5 597.2 0.0 129.7 291.3 208.7 542.6 546.6 148.2 632.4
1615.8 176.1 510.2 333.1 700.0 160.0 561.5 562.1 626.2 795.9 256.7 682.6 363.3 457.4 503.1 285.1 447.8 234.7 120.7 762.4 548.6 692.4 385.6 281.8 59.1 266.0 505.3 491.0 156.6 134.2 471.8 692.8 210.3 187.7 415.2 229.2 709.6 504.1 617.7 558.5 547.5 204.9 502.9 275.3 204.9 654.6 466.3 667.7 726.9 303.7 207.3 357.3 180.1 116.0 127.9 524.4 213.5 762.1 411.4 547.1 479.0 385.0 128.7 315.2 464.0 406.3 209.9 607.9 473.5 118.4 594.4 197.0 559.1 435.9 701.4 280.3 224.5 105.2 672.3 524.0 768.1 449.3 146.4 175.9 452.9 343.9 453.6 150.3 161.6 604.7 455.4 531.4 308.2 223.2 91.8 398.7 187.6 86.2 775.3 131.1 331.9 663.4 321.3 226.0 366.5 302.0 359.6 603.2 413.2 558.5 130.1 0.0 242.0 159.4 493.3 497.3 98.9 590.6
1721.2 71.4 345.5 168.4 535.3 233.4 396.8 397.4 461.5 631.2 327.5 517.9 198.6 292.7 300.0 77.0 250.2 305.5 188.1 597.7 383.9 527.7 177.5 68.3 274.6 23.9 340.6 282.9 318.1 201.6 263.7 528.1 257.7 235.1 207.1 100.4 544.9 339.4 453.0 393.8 382.8 52.2 294.8 67.2 70.2 489.9 258.2 503.0 562.2 90.2 32.2 192.6 331.8 163.4 122.2 359.7 25.7 597.4 201.8 339.0 271.8 176.9 290.2 150.5 299.3 241.6 280.7 443.2 308.8 248.9 429.7 51.4 351.0 227.8 536.7 320.7 227.9 266.7 507.6 359.3 603.4 241.2 230.9 198.2 288.2 159.2 245.5 166.7 82.7 440.0 290.7 377.3 143.5 270.6 253.3 194.3 218.8 163.8 610.6 236.8 123.8 498.7 113.2 76.6 158.4 137.3 194.9 438.5 205.1 393.8 291.6 261.9 0.0 204.0 285.2 289.2 198.7 429.0
1682.0 144.2 482.3 305.2 672.1 82.4 529.6 536.8 600.9 768.0 322.9 654.7 335.4 429.5 475.2 257.2 419.9 300.9 74.8 734.5 520.7 664.5 357.7 253.9 181.9 238.1 477.4 463.1 222.8 88.3 443.9 664.9 110.7 88.1 387.3 201.3 677.7 476.2 589.8 530.6 519.6 177.0 475.0 247.4 177.0 626.7 438.4 639.8 699.0 275.8 179.4 329.4 192.3 49.3 100.0 496.5 185.6 736.8 379.8 521.8 451.7 353.1 194.9 289.9 436.1 378.4 276.1 580.0 445.6 184.6 566.5 169.1 531.2 408.0 673.5 180.7 290.7 167.4 644.4 496.1 740.2 421.4 212.6 242.1 425.0 316.0 425.7 122.4 129.7 576.8 427.5 514.1 280.3 123.6 158.0 370.8 80.7 68.5 747.4 197.3 304.0 635.5 293.4 198.1 334.6 270.1 331.7 575.3 385.3 530.6 192.3 166.6 216.7 0.0 465.4 469.4 103.4 561.8
1610.6 334.6 224.3 280.8 349.4 462.6 222.0 211.5 275.6 445.3 547.3 332.0 235.7 229.5 73.6 186.0 74.2 525.3 417.3 411.8 283.2 341.8 138.0 259.6 503.8 239.1 181.9 43.5 547.3 430.8 42.3 369.4 488.4 464.3 68.0 320.2 355.0 218.2 267.1 207.9 196.9 315.4 65.4 195.8 289.4 304.0 120.9 317.1 376.3 237.4 295.4 305.0 561.0 392.6 351.4 296.5 288.9 411.5 115.5 117.6 105.6 163.8 519.4 241.1 183.3 192.9 500.5 257.3 245.6 468.7 293.4 272.9 129.6 110.5 350.8 556.9 447.7 491.9 348.9 200.6 417.5 33.0 450.7 418.0 172.2 164.1 128.2 395.9 332.2 254.1 203.1 218.6 284.1 499.8 482.5 154.8 464.2 393.0 424.7 456.6 188.9 312.8 159.8 267.9 145.3 249.7 273.3 252.6 98.8 268.6 520.8 491.1 263.1 433.2 0.0 151.9 427.9 243.1
1638.2 338.7 187.2 275.6 377.0 471.2 238.5 239.1 303.2 472.9 551.4 359.6 150.8 134.4 181.8 190.1 126.5 529.4 421.4 439.4 246.1 369.4 142.1 263.7 506.5 243.2 182.3 169.7 551.4 434.9 150.5 369.8 491.0 468.4 93.9 324.3 386.6 181.1 294.7 235.5 224.5 319.5 181.6 199.9 293.5 331.6 39.3 344.7 403.9 241.5 299.5 299.8 565.1 396.7 355.5 201.4 293.0 439.1 121.1 225.8 157.7 167.9 523.5 235.9 88.2 97.8 504.6 284.9 150.5 472.8 305.3 277.0 237.8 96.6 378.4 561.0 451.8 496.0 349.3 201.0 445.1 128.0 454.8 422.1 77.1 168.2 114.3 400.0 336.3 281.7 108.0 208.4 278.9 503.9 486.6 155.2 468.3 397.1 452.3 460.7 193.0 340.4 163.9 272.0 149.4 244.5 268.1 280.2 102.9 269.4 524.9 495.2 267.2 440.1 172.0 0.0 432.0 267.6
1611.4 130.0 464.1 287.0 653.9 155.6 515.4 516.0 580.1 749.8 252.3 636.5 317.2 411.3 457.0 239.0 401.7 230.3 74.6 716.3 502.5 646.3 339.5 235.7 107.3 219.9 459.2 444.9 152.2 88.1 425.7 646.7 164.2 141.6 369.1 183.1 663.5 458.0 571.6 512.4 501.4 158.8 456.8 229.2 158.8 608.5 420.2 621.6 680.8 257.6 161.2 311.2 175.7 69.9 81.8 478.3 167.4 716.0 365.3 501.0 432.9 338.9 124.3 269.1 417.9 360.2 205.5 561.8 427.4 114.0 548.3 150.9 513.0 389.8 655.3 234.2 220.1 96.8 626.2 477.9 722.0 403.2 142.0 171.5 406.8 297.8 407.5 104.2 115.5 558.6 409.3 485.3 262.1 177.1 87.4 352.6 141.5 40.1 729.2 126.7 285.8 617.3 275.2 179.9 320.4 255.9 313.5 557.1 367.1 512.4 125.7 96.0 195.9 113.3 447.2 451.2 0.0 544.5
1446.3 459.5 162.4 350.8 185.1 566.6 82.2 91.7 111.3 281.0 602.7 167.7 226.0 131.5 153.1 359.8 248.2 580.7 521.3 247.5 186.9 177.5 306.7 410.7 607.8 390.2 120.0 235.3 651.3 534.8 184.6 242.0 590.9 568.3 241.8 424.2 194.7 152.7 102.8 68.1 33.7 466.5 239.2 369.6 440.5 139.7 254.0 152.8 212.0 411.2 409.3 375.0 665.0 496.6 455.4 190.6 415.5 247.2 289.3 242.8 280.3 337.6 623.4 311.1 239.1 200.3 555.9 93.0 150.3 572.7 166.0 376.9 174.9 284.3 186.5 653.9 551.7 595.9 221.5 138.7 253.2 206.8 554.7 522.0 228.0 306.3 302.0 499.9 483.3 89.8 161.2 113.2 354.1 603.8 586.5 324.9 552.0 497.0 260.4 560.6 362.7 148.5 333.6 419.0 319.1 319.7 343.3 132.8 272.6 128.8 613.3 595.1 414.2 537.2 217.6 259.3 531.9 0.0
