Name		0488_BED-Amazon_n117_m203_bt30
Number_of_Customers	117
Number_of_Items		203
Number_of_ItemTypes	30
Number_of_Vehicles	1
TimeWindows		0
Dist_type	manual

VEHICLE
Mass_Capacity	1693
CargoSpace_Length	160
CargoSpace_Width	70
CargoSpace_Height	72

CUSTOMERS
i	x	y	Demand	ReadyTime	DueDate	ServiceTime	DemandedMass	DemandedVolume
0	33.965477	-117.653303	0	0	0	0	0	0
1	33.929082	-117.892055	2	0	0	0	6.6	2556
2	33.934719	-117.889059	1	0	0	0	4.8	6200
3	33.936618	-117.891961	2	0	0	0	12.0	5020
4	33.928547	-117.889926	2	0	0	0	5.99	10715
5	33.932627	-117.892485	1	0	0	0	0.7	2640
6	33.91598	-117.911881	1	0	0	0	3.01	5544
7	33.934448	-117.892601	1	0	0	0	2.15	1080
8	33.934058	-117.887701	1	0	0	0	1.9	1176
9	33.918136	-117.906899	1	0	0	0	4.7	1380
10	33.918214	-117.909485	2	0	0	0	7.71	6924
11	33.923461	-117.900505	1	0	0	0	3.82	7600
12	33.925381	-117.890424	2	0	0	0	6.6	2556
13	33.92593	-117.89604	1	0	0	0	0.7	2640
14	33.934555	-117.892128	1	0	0	0	4.8	6200
15	33.914212	-117.909677	2	0	0	0	7.61	14900
16	33.924474	-117.901349	1	0	0	0	0.7	2640
17	33.919795	-117.904666	1	0	0	0	1.59	3400
18	33.921726	-117.898372	1	0	0	0	4.7	1380
19	33.924247	-117.899727	1	0	0	0	14.04	24024
20	33.930867	-117.895286	7	0	0	0	25.41	58194
21	33.936071	-117.891301	1	0	0	0	0.7	2640
22	33.928042	-117.897118	1	0	0	0	0.7	2640
23	33.923725	-117.907648	3	0	0	0	13.03	20868
24	33.917171	-117.908681	1	0	0	0	4.7	1380
25	33.934843	-117.888048	1	0	0	0	4.7	1380
26	33.91556	-117.909521	1	0	0	0	0.7	2640
27	33.919918	-117.91055	1	0	0	0	4.7	1380
28	33.919128	-117.911746	4	0	0	0	12.34	28205
29	33.922821	-117.889614	1	0	0	0	4.7	1380
30	33.924325	-117.897995	2	0	0	0	8.52	8980
31	33.928419	-117.889497	1	0	0	0	2.5	3978
32	33.917184	-117.907703	1	0	0	0	9.4	2760
33	33.92242	-117.898428	2	0	0	0	9.05	8248
34	33.925718	-117.897579	2	0	0	0	10.1	5400
35	33.916501	-117.908043	1	0	0	0	4.7	1380
36	33.936901	-117.891682	2	0	0	0	6.5	3900
37	33.916534	-117.914761	2	0	0	0	7.3	11780
38	33.910641	-117.918159	1	0	0	0	7.3	3640
39	33.912839	-117.913857	2	0	0	0	3.2	6618
40	33.915546	-117.911879	1	0	0	0	4.7	1380
41	33.919816	-117.90409	2	0	0	0	13.3	28160
42	33.929811	-117.893758	2	0	0	0	15.85	8748
43	33.928222	-117.894702	3	0	0	0	19.01	10860
44	33.927774	-117.893752	1	0	0	0	4.7	1380
45	33.926321	-117.891803	1	0	0	0	9.4	2760
46	33.933264	-117.887527	1	0	0	0	1.75	4608
47	33.934276	-117.889702	1	0	0	0	4.7	1380
48	33.91686	-117.914696	2	0	0	0	5.4	4020
49	33.931093	-117.891432	1	0	0	0	3.01	5544
50	33.922829	-117.90239	1	0	0	0	0.7	2640
51	33.912741	-117.91252	1	0	0	0	4.7	1380
52	33.918545	-117.914711	1	0	0	0	0.7	2640
53	33.911585	-117.914877	1	0	0	0	2.75	9072
54	33.927166	-117.901195	2	0	0	0	5.4	4020
55	33.914864	-117.914744	1	0	0	0	0.7	2640
56	33.916132	-117.913376	2	0	0	0	9.2	4816
57	33.924436	-117.905658	2	0	0	0	3.15	9888
58	33.923985	-117.898976	1	0	0	0	4.7	1380
59	33.923057	-117.906334	2	0	0	0	6.0	14352
60	33.911504	-117.915631	1	0	0	0	4.7	1380
61	33.935572	-117.886809	1	0	0	0	1.75	4608
62	33.919815	-117.904107	1	0	0	0	5.29	8075
63	33.926822	-117.891249	1	0	0	0	4.7	1380
64	33.929105	-117.896076	2	0	0	0	4.34	12360
65	33.928685	-117.891724	1	0	0	0	2.6	10400
66	33.925415	-117.904166	4	0	0	0	16.72	42523
67	33.923549	-117.903036	2	0	0	0	6.7	7376
68	33.916869	-117.912498	1	0	0	0	3.82	7600
69	33.9165	-117.907711	3	0	0	0	12.25	6480
70	33.92219	-117.900339	2	0	0	0	7.71	6924
71	33.915652	-117.91475	1	0	0	0	9.4	2760
72	33.914889	-117.909847	1	0	0	0	0.7	2640
73	33.928215	-117.888779	2	0	0	0	6.1	6660
74	33.91541	-117.912814	1	0	0	0	2.5	3978
75	33.915975	-117.908575	1	0	0	0	3.82	8580
76	33.910326	-117.91427	1	0	0	0	0.7	2640
77	33.930118	-117.889538	3	0	0	0	7.15	8628
78	33.916217	-117.910867	2	0	0	0	13.07	15124
79	33.928145	-117.892314	3	0	0	0	7.55	5100
80	33.914109	-117.911878	1	0	0	0	4.7	1380
81	33.924355	-117.906294	1	0	0	0	1.9	1176
82	33.909868	-117.918566	1	0	0	0	9.4	2760
83	33.924117	-117.901896	1	0	0	0	4.7	1380
84	33.926288	-117.895089	2	0	0	0	5.2	7632
85	33.92615	-117.891279	1	0	0	0	1.75	4608
86	33.914886	-117.910049	2	0	0	0	8.67	13938
87	33.914488	-117.910866	2	0	0	0	7.3	11780
88	33.925523	-117.900779	7	0	0	0	28.89	38919
89	33.913034	-117.914616	1	0	0	0	4.7	1380
90	33.908304	-117.921563	1	0	0	0	9.4	2760
91	33.932933	-117.890486	1	0	0	0	1.75	4608
92	33.923571	-117.901447	1	0	0	0	4.7	1380
93	33.923059	-117.907165	1	0	0	0	4.7	1380
94	33.924719	-117.891839	1	0	0	0	6.02	11088
95	33.927061	-117.90163	1	0	0	0	2.75	9072
96	33.934723	-117.892329	2	0	0	0	6.45	5988
97	33.924015	-117.887582	1	0	0	0	4.7	1380
98	33.934009	-117.890483	1	0	0	0	4.7	1380
99	33.925131	-117.896459	3	0	0	0	18.1	11680
100	33.918514	-117.911911	1	0	0	0	1.9	1176
101	33.916514	-117.911882	1	0	0	0	4.7	1380
102	33.928863	-117.894065	2	0	0	0	9.99	9455
103	33.909075	-117.919811	2	0	0	0	4.76	10152
104	33.93528	-117.891521	1	0	0	0	3.01	5544
105	33.925425	-117.907018	1	0	0	0	4.7	1380
106	33.922648	-117.887609	1	0	0	0	3.44	17100
107	33.935699	-117.88812	1	0	0	0	4.7	1380
108	33.909972	-117.914795	1	0	0	0	4.7	1380
109	33.931087	-117.894654	3	0	0	0	8.35	7164
110	33.913752	-117.913047	1	0	0	0	4.7	1380
111	33.922516	-117.903466	1	0	0	0	4.7	1380
112	33.92773	-117.891794	2	0	0	0	5.34	18276
113	33.914881	-117.91188	1	0	0	0	4.7	1380
114	33.914311	-117.9082	1	0	0	0	2.15	1080
115	33.911425	-117.913275	2	0	0	0	3.2	6618
116	33.925084	-117.897598	1	0	0	0	4.7	1380
117	33.931863	-117.891683	1	0	0	0	4.7	1380

ITEMS
Type	Length	Width	Height	Mass	Fragility	LoadBearingStrength
Bt1	18	12	5	2.15	1	0
Bt2	21	14	4	1.9	1	0
Bt3	23	15	4	4.7	1	0
Bt4	20	18	7	1.8	1	0
Bt5	15	11	16	0.7	1	0
Bt6	34	10	10	1.59	1	0
Bt7	20	14	13	7.3	1	0
Bt8	17	13	18	2.5	1	0
Bt9	24	12	16	1.75	1	0
Bt10	28	22	9	3.01	1	0
Bt11	31	20	10	4.8	1	0
Bt12	40	19	10	3.82	1	0
Bt13	34	12	19	2.59	1	0
Bt14	25	19	17	5.29	1	0
Bt15	22	15	26	3.816	1	0
Bt16	28	18	18	2.75	1	0
Bt17	29	25	13	1.77	1	0
Bt18	29	24	14	4.25	1	0
Bt19	40	20	13	2.6	1	0
Bt20	29	22	18	5.77	1	0
Bt21	39	23	14	3.97	1	0
Bt22	26	20	26	2.91	1	0
Bt23	40	20	17	4.49	1	0
Bt24	39	26	16	3.975	1	0
Bt25	39	27	16	7.63	1	0
Bt26	57	15	20	3.44	1	0
Bt27	33	20	28	5.25	1	0
Bt28	58	19	17	5.33	1	0
Bt29	56	39	11	14.04	1	0
Bt30	58	40	11	12.6	1	0

DEMANDS PER CUSTOMER
i	Type Quantity
1	Bt3 1	Bt2 1	
2	Bt11 1	
3	Bt3 1	Bt7 1	
4	Bt14 1	Bt5 1	
5	Bt5 1	
6	Bt10 1	
7	Bt1 1	
8	Bt2 1	
9	Bt3 1	
10	Bt3 1	Bt10 1	
11	Bt12 1	
12	Bt2 1	Bt3 1	
13	Bt5 1	
14	Bt11 1	
15	Bt22 1	Bt3 1	
16	Bt5 1	
17	Bt6 1	
18	Bt3 1	
19	Bt29 1	
20	Bt12 1	Bt5 2	Bt2 1	Bt3 1	Bt28 1	Bt27 1	Bt10 1	
21	Bt5 1	
22	Bt5 1	
23	Bt5 1	Bt3 1	Bt25 1	
24	Bt3 1	
25	Bt3 1	
26	Bt5 1	
27	Bt3 1	
28	Bt2 1	Bt24 1	Bt3 1	Bt17 1	
29	Bt3 1	
30	Bt12 1	Bt3 1	
31	Bt8 1	
32	Bt3 2	
33	Bt7 1	Bt9 1	
34	Bt3 2	Bt5 1	
35	Bt3 1	
36	Bt4 1	Bt3 1	
37	Bt3 1	Bt19 1	
38	Bt7 1	
39	Bt8 1	Bt5 1	
40	Bt3 1	
41	Bt30 1	Bt5 1	
42	Bt3 3	Bt9 1	
43	Bt3 3	Bt2 1	Bt10 1	
44	Bt3 1	
45	Bt3 2	
46	Bt9 1	
47	Bt3 1	
48	Bt5 1	Bt3 1	
49	Bt10 1	
50	Bt5 1	
51	Bt3 1	
52	Bt5 1	
53	Bt16 1	
54	Bt3 1	Bt5 1	
55	Bt5 1	
56	Bt2 1	Bt7 1	
57	Bt9 1	Bt5 2	
58	Bt3 1	
59	Bt9 1	Bt18 1	
60	Bt3 1	
61	Bt9 1	
62	Bt14 1	
63	Bt3 1	
64	Bt9 1	Bt13 1	
65	Bt19 1	
66	Bt9 1	Bt14 1	Bt23 2	Bt5 1	
67	Bt2 1	Bt11 1	
68	Bt12 1	
69	Bt3 2	Bt5 1	Bt1 1	
70	Bt10 1	Bt3 1	
71	Bt3 2	
72	Bt5 1	
73	Bt3 1	Bt5 2	
74	Bt8 1	
75	Bt15 1	
76	Bt5 1	
77	Bt3 1	Bt5 1	Bt9 1	
78	Bt20 1	Bt7 1	
79	Bt1 1	Bt3 1	Bt5 1	
80	Bt3 1	
81	Bt2 1	
82	Bt3 2	
83	Bt3 1	
84	Bt5 2	Bt2 2	
85	Bt9 1	
86	Bt3 1	Bt21 1	
87	Bt3 1	Bt19 1	
88	Bt5 2	Bt3 2	Bt14 1	Bt10 1	Bt12 1	Bt1 1	Bt15 1	
89	Bt3 1	
90	Bt3 2	
91	Bt9 1	
92	Bt3 1	
93	Bt3 1	
94	Bt10 2	
95	Bt16 1	
96	Bt3 1	Bt9 1	
97	Bt3 1	
98	Bt3 1	
99	Bt7 1	Bt3 2	Bt5 2	
100	Bt2 1	
101	Bt3 1	
102	Bt14 1	Bt3 1	
103	Bt10 1	Bt9 1	
104	Bt10 1	
105	Bt3 1	
106	Bt26 1	
107	Bt3 1	
108	Bt3 1	
109	Bt2 1	Bt9 1	Bt3 1	
110	Bt3 1	
111	Bt3 1	
112	Bt2 1	Bt26 1	
113	Bt3 1	
114	Bt1 1	
115	Bt5 1	Bt8 1	
116	Bt3 1	
117	Bt3 1	

DISTANCE MATRIX
0.0 1906.1 1874.4 1839.9 1874.8 1880.7 2195.1 1851.4 1909.8 2093.9 2122.1 2020.4 1910.6 1969.4 1849.9 2217.9 1971.9 2144.0 1976.1 1975.2 1917.2 1853.8 1963.7 2059.3 2134.1 1882.1 2210.1 2189.3 2178.6 1886.1 1973.0 1867.7 2116.7 1980.1 1922.3 2183.6 1849.7 2213.3 2377.5 2296.4 2201.8 2152.3 1921.6 1973.4 1963.9 1898.4 1931.5 1872.0 2193.0 1941.3 2019.9 2268.6 2226.0 2282.1 2000.5 2238.9 2233.7 2017.0 1947.7 2094.9 2258.2 1904.3 2152.1 1901.6 1994.7 1891.2 2013.3 2098.6 2163.5 2196.7 1991.2 2226.8 2219.5 1860.6 2252.7 2167.2 2285.8 1950.6 2154.1 1885.9 2223.9 2056.6 2318.1 1989.3 1953.6 1919.7 2213.9 2184.1 1988.9 2282.8 2402.6 1915.1 1991.1 2100.9 1847.2 2007.7 1844.6 1830.1 1898.6 1915.4 2183.2 2185.9 1938.5 2368.2 1862.3 2042.3 1854.0 1910.6 2297.6 1906.2 2232.7 2137.2 1918.8 2212.0 2221.3 2267.9 1910.8 1915.0
2052.6 0.0 223.8 191.6 124.2 193.4 560.4 164.1 259.2 424.0 489.7 353.2 136.8 302.2 184.0 562.8 304.7 444.3 308.9 308.0 177.8 203.2 296.5 435.6 481.4 231.5 575.4 554.6 541.5 210.5 305.8 119.5 469.6 312.9 252.7 530.9 201.5 576.2 724.6 637.1 567.1 452.9 79.8 295.5 122.1 156.3 272.6 221.4 555.9 146.4 352.7 678.8 549.7 629.2 330.9 613.7 596.6 347.4 280.5 425.3 605.3 253.7 452.4 81.5 325.3 14.8 346.0 429.0 528.8 544.0 324.2 592.1 584.8 112.4 618.0 514.5 665.5 194.1 517.0 48.4 589.2 389.4 665.9 322.1 284.0 124.7 576.8 593.1 303.5 619.2 749.2 264.5 323.9 433.7 168.5 340.5 185.2 190.3 248.0 248.2 548.5 551.2 69.6 712.9 211.7 375.1 253.4 260.0 653.1 175.3 620.5 470.0 63.0 577.3 568.6 675.7 243.6 113.7
2004.7 264.7 0.0 86.5 214.0 177.1 632.7 121.7 61.8 480.1 559.7 409.3 413.2 358.3 116.5 621.3 360.8 500.4 347.0 364.1 238.7 73.0 352.6 448.2 537.5 34.1 647.7 626.9 616.2 380.3 361.9 227.2 520.1 354.4 311.2 587.0 96.3 650.9 780.7 688.9 639.4 508.7 256.7 294.9 299.0 401.0 114.5 55.0 630.6 201.1 408.8 706.2 605.8 685.3 389.4 676.5 671.3 405.9 336.6 483.8 661.4 56.3 508.5 282.1 383.6 250.7 402.2 487.5 601.1 600.1 409.8 664.4 657.1 239.4 690.3 570.6 723.4 146.2 591.7 245.4 661.5 445.5 721.3 378.2 288.6 325.3 651.5 621.7 377.8 675.3 805.8 98.1 380.0 489.8 349.8 396.6 111.2 360.1 81.6 286.0 620.8 623.5 273.6 771.4 83.3 431.2 423.2 62.6 709.2 227.7 670.3 526.1 264.9 649.6 624.7 705.5 299.7 224.4
1949.4 207.9 85.7 0.0 242.3 107.8 577.4 52.4 121.1 424.8 506.7 354.0 282.1 303.0 47.2 568.0 305.5 445.1 291.7 308.8 183.4 65.1 297.3 436.4 482.2 93.4 592.4 571.6 560.9 315.6 306.6 255.5 470.4 299.1 257.9 531.7 9.7 595.6 725.4 637.9 584.1 453.7 201.4 233.5 243.7 301.6 142.8 83.3 577.3 229.4 353.5 650.9 550.5 630.0 336.1 621.2 616.0 352.6 281.3 428.5 606.1 115.6 453.2 226.8 326.1 195.4 349.2 432.2 545.8 544.8 354.7 609.1 601.8 267.7 635.0 515.3 668.1 176.5 536.4 196.1 606.2 390.2 666.7 322.9 233.3 270.0 596.2 568.4 306.7 620.0 750.0 126.4 324.7 434.5 283.8 341.3 33.1 328.8 109.9 232.7 565.5 568.2 191.2 716.1 73.6 375.9 352.7 121.9 653.9 180.9 615.0 470.8 208.3 594.3 569.4 650.2 244.4 252.7
2053.3 105.5 211.3 192.3 0.0 194.1 510.0 164.8 246.7 373.6 437.0 302.8 193.0 251.8 184.7 514.8 254.3 393.9 258.5 257.6 178.5 203.9 246.1 385.2 431.0 219.0 525.0 504.2 493.5 160.1 255.4 7.0 419.2 262.5 204.7 480.5 199.8 528.2 674.2 586.7 516.7 402.2 121.0 247.5 163.3 169.1 165.4 176.2 507.9 66.4 302.3 628.4 499.3 578.8 282.9 563.3 548.6 299.4 230.1 377.3 554.9 241.2 402.0 122.0 274.9 90.6 298.0 381.0 478.4 493.6 273.6 541.7 534.4 19.2 567.6 464.1 615.1 86.9 469.0 91.3 538.8 339.0 614.8 271.7 236.0 202.1 528.8 542.7 255.5 568.8 698.8 193.4 273.5 383.3 129.6 290.1 185.9 139.9 200.9 197.8 498.1 500.8 137.9 664.9 212.4 324.7 203.0 247.5 602.7 176.0 570.1 419.6 104.8 526.9 518.2 627.7 193.2 89.7
1996.0 219.3 156.1 107.6 312.7 0.0 587.3 46.3 191.5 434.7 514.3 363.9 306.8 312.9 66.2 575.9 315.4 455.0 301.6 318.7 193.3 135.5 307.2 402.8 492.1 163.8 602.3 581.5 570.8 325.5 316.5 325.9 474.7 309.0 265.8 541.6 117.4 605.5 735.3 643.5 594.0 463.3 211.3 249.5 253.6 323.2 213.2 153.7 585.2 299.8 363.4 660.8 560.4 639.9 344.0 631.1 625.9 360.5 291.2 438.4 616.0 186.0 463.1 236.7 338.2 205.3 356.8 442.1 555.7 554.7 364.4 619.0 611.7 338.1 644.9 525.2 678.0 244.9 546.3 200.0 616.1 400.1 675.9 332.8 243.2 279.9 606.1 576.3 332.4 629.9 760.4 196.8 334.6 444.4 293.7 351.2 60.9 338.7 180.3 240.6 575.4 578.1 228.2 726.0 144.0 385.8 362.6 192.3 663.8 182.3 624.9 480.7 219.5 604.2 579.3 660.1 254.3 323.1
2331.9 539.4 579.4 544.9 521.1 549.0 0.0 519.7 614.8 145.7 127.2 403.4 487.5 468.8 539.6 109.4 308.2 195.8 346.3 358.2 487.8 558.8 463.1 260.6 160.7 587.1 149.3 173.2 155.1 480.3 356.0 514.0 143.3 381.1 421.7 194.8 554.7 92.7 210.0 117.1 6.6 204.1 531.4 452.6 573.7 475.3 636.5 577.0 72.4 545.0 304.0 73.4 203.3 158.2 412.3 118.3 113.1 274.8 330.7 255.2 141.5 609.3 203.9 478.5 433.9 525.4 298.6 258.9 42.9 201.7 374.2 106.2 132.5 506.9 132.1 170.1 90.6 592.7 110.6 520.1 28.7 263.4 150.6 312.7 435.0 496.6 126.9 92.4 367.4 103.5 235.1 620.1 332.9 221.1 397.1 419.5 534.3 442.1 603.6 414.8 159.7 10.7 548.3 200.7 567.3 313.3 466.0 615.6 102.4 476.8 53.4 297.5 539.6 16.8 136.9 72.7 410.2 512.3
1955.7 179.0 109.7 61.2 266.3 55.3 547.0 0.0 145.1 394.4 474.0 323.6 266.5 272.6 19.8 535.6 275.1 414.7 261.3 278.4 153.0 89.1 266.9 362.5 451.8 117.4 562.0 541.2 530.5 285.2 276.2 279.5 434.4 268.7 225.5 501.3 71.0 565.2 695.0 603.2 553.7 423.0 171.0 209.2 213.3 282.9 166.8 107.3 544.9 253.4 323.1 620.5 520.1 599.6 303.7 590.8 585.6 320.2 250.9 398.1 575.7 139.6 422.8 196.4 297.9 165.0 316.5 401.8 515.4 514.4 324.1 578.7 571.4 291.7 604.6 484.9 637.7 198.5 506.0 159.7 575.8 359.8 635.6 292.5 202.9 239.6 565.8 536.0 292.1 589.6 720.1 150.4 294.3 404.1 253.4 310.9 14.5 298.4 133.9 200.3 535.1 537.8 187.9 685.7 97.6 345.5 322.3 145.9 623.5 142.0 584.6 440.4 179.2 563.9 539.0 619.8 214.0 276.7
2050.1 310.1 91.8 131.9 259.4 222.5 678.1 167.1 0.0 525.5 605.1 454.7 458.6 403.7 161.9 666.7 406.2 545.8 392.4 409.5 284.1 118.4 398.0 493.6 582.9 37.6 693.1 672.3 661.6 425.7 407.3 272.6 565.5 399.8 356.6 632.4 141.7 696.3 826.1 734.3 684.8 554.1 302.1 340.3 344.4 446.4 159.9 100.4 676.0 246.5 454.2 751.6 651.2 730.7 434.8 721.9 716.7 451.3 382.0 529.2 706.8 34.4 553.9 327.5 429.0 296.1 447.6 532.9 646.5 645.5 455.2 709.8 702.5 284.8 735.7 616.0 768.8 191.6 637.1 290.8 706.9 490.9 766.7 423.6 334.0 370.7 696.9 667.1 423.2 720.7 851.2 143.5 425.4 535.2 395.2 442.0 156.6 405.5 127.0 331.4 666.2 668.9 319.0 816.8 128.7 476.6 468.6 81.6 754.6 273.1 715.7 571.5 310.3 695.0 670.1 750.9 345.1 269.8
2235.8 408.1 429.2 394.7 375.3 398.8 136.3 369.5 464.6 0.0 63.3 257.6 341.7 318.6 389.4 141.1 162.4 50.0 277.2 212.4 400.1 408.6 312.9 114.8 57.3 436.9 151.3 130.5 119.8 334.5 210.2 368.2 39.9 235.3 271.5 106.8 404.5 154.5 318.7 280.4 143.0 58.3 400.1 302.4 442.4 329.5 486.3 426.8 134.2 413.7 158.2 254.7 167.2 223.3 266.5 180.1 174.9 129.0 184.9 109.4 199.4 459.1 58.1 332.7 283.7 394.1 152.8 113.1 104.7 113.7 228.4 168.0 160.7 361.1 193.9 90.4 271.9 451.1 95.3 388.8 165.1 117.6 259.3 166.9 284.8 350.8 155.1 169.0 221.6 266.8 343.8 469.9 187.1 75.3 251.3 273.7 384.1 296.3 453.4 264.6 124.4 127.1 417.0 309.4 417.1 167.5 320.2 465.4 283.7 389.1 216.7 151.7 349.9 153.2 144.5 254.0 260.0 381.0
2278.0 484.0 525.5 493.3 467.2 495.1 119.6 465.8 560.9 91.8 0.0 349.5 422.6 414.9 485.7 146.5 254.3 141.9 292.4 304.3 433.9 504.9 409.2 173.2 106.8 533.2 134.6 67.1 61.5 426.4 304.2 460.1 95.0 329.3 369.9 156.3 500.8 137.8 302.0 225.2 126.3 150.5 477.5 392.6 519.8 409.7 582.6 523.1 117.5 491.1 250.1 193.1 133.2 206.6 360.5 163.4 160.3 220.9 276.8 201.3 182.7 555.4 150.0 424.6 382.0 471.5 250.3 205.0 88.0 169.4 320.5 153.4 144.0 453.0 177.2 139.9 210.3 538.8 80.7 472.2 148.4 209.5 243.3 258.8 381.1 442.7 138.4 108.6 297.7 207.3 326.6 566.2 279.0 167.2 345.3 365.6 486.9 388.2 549.7 360.9 107.7 110.4 467.3 292.7 513.4 330.0 412.1 561.7 222.1 468.5 157.2 243.6 484.4 136.5 174.0 192.4 356.3 458.4
2140.3 293.7 333.7 299.2 279.8 303.3 466.9 274.0 369.1 252.9 393.9 0.0 246.2 223.1 293.9 394.1 133.6 273.2 181.2 18.4 242.1 313.1 217.4 221.0 310.3 341.4 481.9 461.1 450.4 239.0 47.3 272.7 292.9 102.7 176.0 359.8 309.0 485.1 553.5 461.7 473.6 281.5 285.7 206.9 328.0 234.0 390.8 331.3 464.8 299.3 181.6 540.4 378.6 458.1 162.2 442.6 505.5 178.7 40.0 256.6 434.2 363.6 281.3 237.2 188.2 279.7 175.0 260.3 435.3 372.9 83.5 498.6 491.3 265.6 524.5 343.4 494.4 355.6 425.9 274.4 495.7 218.3 494.1 151.0 189.3 255.3 485.7 455.9 150.6 448.1 578.6 374.4 152.8 262.6 155.8 169.4 288.6 200.8 357.9 169.1 455.0 457.7 302.6 544.2 321.6 204.0 224.7 369.9 482.0 231.1 504.5 298.9 254.4 483.8 397.5 539.7 164.5 266.6
2106.0 138.7 300.3 268.1 164.0 269.9 501.9 240.6 335.7 365.5 431.2 294.7 0.0 243.7 260.5 506.7 246.2 385.8 250.4 249.5 265.8 279.7 238.0 377.1 422.9 308.0 516.9 496.1 485.4 204.7 232.4 175.6 411.1 254.4 196.6 472.4 256.9 520.1 666.1 578.6 508.6 394.4 172.6 224.5 187.4 91.3 337.0 297.9 499.8 222.9 294.2 620.3 491.2 570.7 274.8 555.2 540.5 291.3 222.0 369.2 546.8 330.2 393.9 57.6 266.8 126.2 289.9 372.9 470.3 464.4 265.7 533.6 526.3 168.5 559.5 456.0 607.0 258.5 460.9 106.0 530.7 330.9 607.4 263.6 227.9 75.7 520.7 534.6 232.5 560.7 690.7 341.0 265.4 375.2 88.6 282.0 261.7 166.5 324.5 189.7 490.0 492.7 147.6 656.8 288.2 316.6 190.4 336.5 594.6 278.2 562.0 411.5 76.1 518.8 510.1 619.6 185.1 190.2
2126.0 257.2 297.2 262.7 279.5 266.8 410.5 237.5 332.6 274.1 337.5 203.3 265.4 0.0 257.4 415.3 154.8 294.4 244.4 158.1 205.6 276.6 59.8 242.2 331.5 304.9 425.5 404.7 394.0 258.2 155.9 272.4 314.1 159.0 52.9 381.0 272.5 428.7 574.7 482.9 417.2 302.7 249.2 192.3 291.5 253.2 354.3 294.8 408.4 262.8 202.8 528.9 399.8 479.3 183.4 463.8 449.1 199.9 130.6 277.8 455.4 327.1 302.5 274.6 90.8 243.2 196.2 281.5 378.9 394.1 174.1 442.2 434.9 265.3 468.1 364.6 515.6 310.5 369.5 237.9 439.3 239.5 515.3 172.2 186.0 317.8 429.3 443.2 171.8 469.3 599.8 337.9 174.0 283.8 175.0 190.6 252.1 220.0 321.4 183.4 398.6 401.3 266.1 565.4 285.1 225.2 243.9 333.4 503.2 194.6 470.6 320.1 257.4 427.4 418.7 528.2 70.6 230.1
1978.2 208.9 94.5 46.0 251.1 85.2 576.9 29.8 129.9 424.3 503.9 353.5 296.4 302.5 0.0 565.5 305.0 444.6 291.2 308.3 182.9 73.9 296.8 392.4 481.7 102.2 591.9 571.1 560.4 315.1 306.1 264.3 464.3 298.6 255.4 531.2 55.8 595.1 724.9 633.1 583.6 452.9 200.9 239.1 243.2 312.8 151.6 92.1 574.8 238.2 353.0 650.4 550.0 629.5 333.6 620.7 615.5 350.1 280.8 428.0 605.6 124.4 452.7 226.3 327.8 194.9 346.4 431.7 545.3 544.3 354.0 608.6 601.3 276.5 634.5 514.8 667.6 183.3 535.9 189.6 605.7 389.7 665.5 322.4 232.8 269.5 595.7 565.9 322.0 619.5 750.0 135.2 324.2 434.0 283.3 340.8 5.2 328.3 118.7 230.2 565.0 567.7 217.8 715.6 82.4 375.4 352.2 130.7 653.4 171.9 614.5 470.3 209.1 593.8 568.9 649.7 243.9 261.5
2343.6 553.5 576.1 541.6 522.2 545.7 105.4 516.4 611.5 146.8 165.6 404.5 488.6 465.5 536.3 0.0 309.3 196.9 358.0 359.3 547.0 555.5 459.8 228.2 101.2 583.8 84.7 166.9 148.8 481.4 357.1 515.1 101.7 382.2 418.4 85.3 551.4 197.9 250.1 139.2 97.6 205.5 547.0 443.2 589.3 464.7 633.2 573.7 177.9 560.6 305.1 113.5 218.2 188.8 413.4 166.1 212.1 275.9 331.8 256.3 158.1 606.0 205.0 479.6 432.6 541.0 305.3 260.0 148.4 98.4 375.5 181.1 67.9 508.0 208.1 60.6 130.7 598.0 57.8 541.7 71.5 264.5 190.7 313.8 431.7 497.7 62.3 27.8 352.7 125.6 274.7 616.8 334.0 222.2 398.2 420.6 537.5 443.2 600.3 411.5 153.4 116.2 536.8 240.8 564.0 314.4 467.1 612.3 142.5 536.0 75.5 298.6 496.8 85.5 27.4 112.8 406.9 527.9
2123.4 276.8 316.8 282.3 262.9 286.4 352.0 257.1 352.2 215.6 279.0 145.2 229.3 206.2 277.0 356.8 0.0 235.9 164.8 100.0 225.2 296.2 200.5 153.4 273.0 324.5 367.0 346.2 335.5 222.1 97.8 255.8 255.6 122.9 159.1 322.5 292.1 370.2 485.9 394.1 358.7 244.2 268.8 190.0 311.1 217.1 373.9 314.4 349.9 282.4 96.4 470.4 311.0 390.5 120.4 395.8 390.6 111.1 72.5 176.2 366.6 346.7 244.0 220.3 171.3 262.8 107.4 89.8 320.4 329.4 116.0 383.7 376.4 248.7 409.6 306.1 487.6 338.7 311.0 257.5 380.8 178.6 426.5 49.2 172.4 238.4 370.8 384.7 108.8 380.5 511.0 357.5 67.6 175.4 138.9 127.6 271.7 183.9 341.0 152.2 340.1 342.8 285.7 476.6 304.7 136.4 207.8 353.0 499.4 214.2 432.4 172.5 237.5 368.9 360.2 469.7 147.6 249.7
2248.5 420.8 441.9 407.4 388.0 411.5 198.8 382.2 477.3 62.4 125.8 270.3 354.4 331.3 402.1 203.6 175.1 0.0 289.9 225.1 412.8 421.3 325.6 127.5 119.8 449.6 213.8 193.0 182.3 347.2 222.9 380.9 102.4 248.0 284.2 169.3 417.2 217.0 381.2 342.9 205.5 8.2 412.8 315.1 455.1 342.2 499.0 439.5 196.7 426.4 170.9 317.2 229.7 285.8 279.2 242.6 237.4 141.7 197.6 122.1 261.9 471.8 8.0 345.4 296.4 406.8 165.5 125.8 167.2 176.2 241.1 230.5 223.2 373.8 256.4 152.9 334.4 463.8 157.8 401.5 227.6 130.3 321.8 179.6 297.5 363.5 217.6 231.5 234.3 329.3 406.3 482.6 199.8 88.0 264.0 286.4 396.8 309.0 466.1 277.3 186.9 189.6 429.7 371.9 429.8 180.2 332.9 478.1 346.2 401.8 279.2 164.4 362.6 215.7 207.0 316.5 272.7 393.7
2129.9 265.3 305.3 270.8 269.4 274.9 337.9 245.6 340.7 236.7 264.9 209.3 235.8 194.7 265.5 360.7 197.2 286.8 0.0 197.1 213.7 284.7 189.0 351.6 276.9 313.0 352.9 332.1 321.4 228.6 174.9 262.3 259.5 99.3 147.6 326.4 280.6 356.1 520.3 439.2 344.6 295.1 257.3 178.5 299.6 223.6 362.4 302.9 335.8 270.9 245.2 411.4 368.8 424.9 225.8 381.7 376.5 242.3 148.7 346.2 401.0 335.2 294.9 226.8 159.8 251.3 238.6 349.9 306.3 339.5 154.7 369.6 362.3 255.2 395.5 310.0 428.6 318.6 296.9 246.0 366.7 354.4 460.9 214.6 160.9 244.9 356.7 326.9 214.2 425.6 545.4 346.0 216.4 312.1 145.4 233.0 260.2 190.4 329.5 140.7 326.0 328.7 274.2 511.0 293.2 267.6 214.3 341.5 440.4 202.7 375.5 388.5 265.5 354.8 364.1 410.7 136.1 238.2
2121.8 275.2 315.2 280.7 261.3 284.8 448.4 255.5 350.6 234.4 375.4 45.1 227.7 204.6 275.4 375.6 115.1 254.7 162.7 0.0 223.6 294.6 198.9 202.5 291.8 322.9 463.4 442.6 431.9 220.5 28.8 254.2 274.4 84.2 157.5 341.3 290.5 466.6 535.0 443.2 455.1 263.0 267.2 188.4 309.5 215.5 372.3 312.8 446.3 280.8 163.1 521.9 360.1 439.6 143.7 424.1 487.0 160.2 21.5 238.1 415.7 345.1 262.8 218.7 169.7 261.2 156.5 241.8 416.8 354.4 65.0 480.1 472.8 247.1 506.0 324.9 475.9 337.1 407.4 255.9 477.2 199.8 475.6 132.5 170.8 236.8 467.2 437.4 132.1 429.6 560.1 355.9 134.3 244.1 137.3 150.9 270.1 182.3 339.4 150.6 436.5 439.2 284.1 525.7 303.1 185.5 206.2 351.4 463.5 212.6 486.0 280.4 235.9 465.3 379.0 521.2 146.0 248.1
2040.6 197.6 211.8 177.3 221.4 181.4 494.2 152.1 247.2 341.6 421.2 270.8 271.8 219.8 172.0 482.8 222.3 361.9 208.5 225.6 0.0 191.2 214.1 353.2 399.0 219.5 509.2 488.4 477.7 305.3 223.4 214.3 387.2 215.9 172.7 448.5 187.1 512.4 642.2 550.4 500.9 370.2 191.1 150.3 233.4 291.3 268.9 209.4 492.1 204.7 270.3 567.7 467.3 546.8 250.9 538.0 532.8 267.4 198.1 345.3 522.9 241.7 370.0 216.5 242.9 185.1 266.0 349.0 462.6 455.4 271.3 525.9 518.6 207.2 551.8 432.1 584.9 252.4 453.2 185.8 523.0 307.0 582.8 239.7 150.1 259.7 513.0 483.2 223.5 536.8 666.8 252.5 241.5 351.3 200.6 258.1 166.7 245.6 236.0 147.5 482.3 485.0 208.0 632.9 199.7 292.7 269.5 248.0 570.7 17.8 531.8 387.6 198.0 511.1 486.2 567.0 161.2 172.0
1962.5 222.5 71.4 44.3 228.0 134.9 590.5 79.5 106.8 437.9 517.5 367.1 310.0 316.1 74.3 579.1 318.6 458.2 304.8 321.9 196.5 0.0 310.4 406.0 495.3 79.1 605.5 584.7 574.0 394.3 319.7 241.2 477.9 312.2 269.0 544.8 54.1 608.7 738.5 646.7 597.2 466.5 214.5 252.7 256.8 415.0 128.5 69.0 588.4 215.1 366.6 664.0 563.6 643.1 347.2 634.3 629.1 363.7 294.4 441.6 619.2 101.3 466.3 239.9 341.4 208.5 360.0 445.3 558.9 557.9 367.6 622.2 614.9 253.4 648.1 528.4 681.2 160.2 549.5 203.2 619.3 403.3 679.1 336.0 246.4 283.1 609.3 579.5 335.6 633.1 763.6 112.1 337.8 447.6 296.9 354.4 69.0 374.1 95.6 243.8 578.6 581.3 231.4 729.2 59.3 389.0 437.2 107.6 667.0 185.5 628.1 483.9 222.7 607.4 582.5 663.3 257.5 238.4
2066.1 197.3 237.3 202.8 219.6 206.9 398.9 177.6 272.7 262.5 325.9 191.7 284.8 73.9 197.5 403.7 143.2 282.8 184.5 146.5 145.7 216.7 0.0 230.6 319.9 245.0 413.9 393.1 382.4 246.6 144.3 212.5 302.5 191.9 41.3 369.4 212.6 417.1 563.1 471.3 405.6 291.1 189.3 132.4 231.6 241.6 294.4 234.9 396.8 202.9 191.2 517.3 388.2 467.7 171.8 452.2 437.5 188.3 119.0 266.2 443.8 267.2 290.9 214.7 30.9 183.3 184.6 269.9 367.3 376.3 162.5 430.6 423.3 205.4 456.5 353.0 504.0 250.6 357.9 178.0 427.7 227.9 503.7 160.6 126.1 257.9 417.7 431.6 160.2 457.7 588.2 278.0 162.4 272.2 163.4 179.0 192.2 208.4 261.5 123.5 387.0 389.7 206.2 553.8 225.2 213.6 232.3 273.5 491.6 134.7 459.0 308.5 197.5 415.8 407.1 516.6 59.0 170.2
2208.3 358.3 401.7 363.8 344.4 371.3 254.5 342.0 437.1 118.1 181.9 230.1 310.8 291.1 361.9 259.7 134.9 138.4 249.7 184.9 306.7 381.1 285.4 0.0 175.5 409.4 269.5 248.7 194.5 307.0 179.3 340.7 158.5 204.4 240.6 225.0 377.0 272.7 436.9 399.0 261.2 147.1 353.7 265.4 396.0 298.6 458.8 399.3 208.9 367.3 160.6 372.9 285.4 341.5 245.6 298.3 249.6 96.0 157.4 88.5 317.6 431.6 146.5 305.2 252.8 347.7 130.9 136.1 222.9 194.6 197.5 242.7 278.9 330.2 312.1 208.6 390.1 420.2 213.9 373.9 283.3 90.1 377.9 146.0 257.3 323.3 273.3 243.7 174.9 385.0 462.4 442.4 172.9 34.9 220.4 212.9 353.2 268.8 425.9 233.7 242.6 245.3 367.2 384.1 389.6 100.7 292.7 437.9 401.9 304.2 334.9 174.3 319.0 271.4 262.7 372.6 232.5 334.6
2270.0 474.0 495.1 460.6 441.2 464.7 189.5 435.4 530.5 65.8 112.0 323.5 407.6 384.5 455.3 84.0 228.3 115.9 284.4 278.3 466.0 474.5 378.8 180.7 0.0 502.8 168.8 179.2 168.5 400.4 276.1 434.1 20.7 301.2 337.4 49.7 470.4 282.0 334.2 223.3 181.7 124.2 466.0 368.3 508.3 395.4 552.2 492.7 262.0 479.6 224.1 197.6 215.9 272.9 332.4 250.2 296.2 194.9 250.8 175.3 242.2 525.0 124.0 398.6 349.6 460.0 218.7 179.0 232.5 56.6 294.3 265.2 152.0 427.0 292.2 33.3 214.8 517.0 141.9 454.7 155.6 183.5 274.8 232.8 350.7 416.7 146.4 111.9 287.5 209.7 359.3 535.8 253.0 141.2 317.2 339.6 450.0 362.2 519.3 330.5 173.1 200.3 482.9 324.9 483.0 233.4 386.1 531.3 226.6 455.0 159.6 217.6 415.8 169.6 87.4 196.9 325.9 446.9
2012.4 272.4 54.1 94.2 221.7 184.8 640.4 129.4 27.6 487.8 567.4 417.0 420.9 366.0 124.2 629.0 368.5 508.1 354.7 371.8 246.4 80.7 360.3 455.9 545.2 0.0 655.4 634.6 623.9 388.0 369.6 234.9 527.8 362.1 318.9 594.7 104.0 658.6 788.4 696.6 647.1 516.4 264.4 302.6 306.7 408.7 122.2 62.7 638.3 208.8 416.5 713.9 613.5 693.0 397.1 684.2 679.0 413.6 344.3 491.5 669.1 37.6 516.2 289.8 391.3 258.4 409.9 495.2 608.8 601.6 417.5 672.1 664.8 247.1 698.0 578.3 731.1 153.9 599.4 253.1 669.2 453.2 729.0 385.9 296.3 333.0 659.2 629.4 385.5 683.0 813.5 105.8 387.7 497.5 357.5 404.3 118.9 367.8 89.3 293.7 628.5 631.2 281.3 779.1 91.0 438.9 430.9 43.9 716.9 235.4 678.0 533.8 272.6 657.3 632.4 713.2 307.4 232.1
2322.1 529.6 569.6 535.1 511.3 539.2 135.7 509.9 605.0 135.9 146.2 393.6 477.7 459.0 529.8 95.1 298.4 186.0 336.5 348.4 478.0 549.0 453.3 250.8 150.9 577.3 0.0 145.4 127.3 470.5 346.2 504.2 133.5 371.3 411.9 180.5 544.9 228.2 280.4 169.5 127.9 194.3 521.6 442.8 563.9 465.5 626.7 567.2 208.2 535.2 294.2 143.8 196.7 219.1 402.5 196.4 242.4 265.0 320.9 245.4 188.4 599.5 194.1 468.7 424.1 515.6 288.8 249.1 178.7 193.6 364.4 211.4 92.6 497.1 238.4 155.8 161.0 582.9 36.3 510.3 101.8 253.6 221.0 302.9 425.2 486.8 87.0 57.2 357.6 155.9 305.5 610.3 323.1 211.3 387.3 409.7 524.5 432.3 593.8 405.0 131.9 146.5 538.5 271.1 557.5 303.5 456.2 605.8 172.8 467.0 105.8 287.7 529.8 115.8 122.6 143.1 400.4 502.5
2343.4 573.9 606.0 571.5 552.1 575.6 169.8 546.3 641.4 157.2 65.3 434.4 518.5 495.4 566.2 182.7 339.2 207.3 357.8 389.2 565.9 585.4 489.7 265.4 172.2 613.7 170.8 0.0 41.2 511.3 387.0 545.0 154.8 412.1 448.3 221.7 581.3 188.0 333.9 242.1 215.5 215.6 565.9 479.2 608.2 506.3 663.1 603.6 167.7 579.5 368.3 231.4 110.6 238.5 410.0 223.0 208.4 303.7 361.7 343.3 214.6 635.9 215.4 509.5 460.5 559.9 329.6 347.0 138.2 234.8 405.2 201.5 180.2 537.9 227.4 243.4 248.6 627.2 114.8 554.6 189.4 294.4 274.5 352.0 461.6 527.6 174.6 144.8 398.4 228.5 359.0 646.7 380.6 299.4 428.1 417.2 560.9 473.1 630.2 441.4 81.2 160.6 582.8 324.6 593.9 305.0 497.0 642.2 260.4 554.9 193.4 385.6 526.7 203.4 210.2 230.7 436.8 546.8
2328.5 531.1 564.7 530.2 510.8 534.3 144.2 505.0 600.1 142.3 52.4 393.1 466.2 454.1 524.9 157.1 297.9 192.4 412.7 347.9 524.6 544.1 448.4 224.1 157.3 572.4 145.2 53.7 0.0 470.0 345.7 503.7 145.5 370.8 407.0 242.5 540.0 162.4 292.6 200.8 189.9 200.7 524.6 431.8 566.9 465.0 621.8 562.3 142.1 538.2 327.0 205.8 69.3 197.2 368.7 181.7 182.8 262.4 320.4 302.0 173.3 594.6 200.5 468.2 419.2 518.6 293.9 305.7 112.6 249.4 363.9 175.9 154.6 496.6 201.8 217.8 223.0 585.9 89.2 519.3 163.8 253.1 233.2 310.7 420.3 486.3 149.0 119.2 341.3 187.2 317.2 605.4 339.3 258.1 386.8 375.9 526.1 431.8 588.9 400.1 55.6 135.0 514.4 283.3 552.6 263.7 455.7 600.9 234.8 513.6 167.8 344.3 531.5 177.8 184.6 205.1 395.5 505.5
2056.5 270.6 378.2 311.8 178.0 315.9 513.1 286.6 413.6 376.7 440.1 305.9 196.1 254.9 306.5 517.9 257.4 397.0 261.6 260.7 291.9 325.7 249.2 344.8 434.1 385.9 528.1 507.3 496.6 0.0 258.5 170.9 416.7 265.6 207.8 483.6 321.6 531.3 677.3 585.5 519.8 405.3 242.8 256.7 316.9 183.9 332.3 343.1 511.0 244.5 305.4 631.5 502.4 581.9 286.0 566.4 551.7 302.5 233.2 380.4 558.0 408.1 405.1 187.1 280.2 255.7 298.8 384.1 481.5 496.7 276.7 544.8 537.5 163.8 570.7 467.2 618.2 253.8 472.1 229.5 541.9 342.1 617.9 274.8 239.1 205.2 531.9 545.8 274.4 571.9 702.4 360.3 276.6 386.4 123.2 293.2 301.2 65.6 367.8 200.9 501.2 503.9 301.1 668.0 334.2 327.8 42.8 414.4 605.8 280.9 573.2 422.7 204.3 530.0 521.3 630.8 196.3 267.8
2116.4 268.3 309.8 275.3 255.9 279.4 443.5 250.1 345.2 229.0 370.5 90.8 211.3 199.2 270.0 370.2 109.7 249.3 157.8 45.6 218.2 289.2 193.5 240.6 286.4 317.5 458.5 437.7 427.0 215.1 0.0 248.8 274.6 98.8 152.1 335.9 285.1 461.7 529.6 442.1 450.2 257.6 261.8 176.9 304.1 210.1 366.9 307.4 441.4 275.4 157.7 517.0 354.7 434.2 138.3 418.7 482.1 154.8 36.1 232.7 410.3 339.7 257.4 213.3 164.3 255.8 153.4 236.4 411.9 349.0 64.6 475.2 467.9 241.7 501.1 319.5 470.5 331.7 402.5 256.5 472.3 194.4 470.9 127.1 165.4 231.4 462.3 432.5 110.9 424.2 554.7 350.5 128.9 238.7 131.9 145.5 264.7 176.9 334.0 145.2 431.6 434.3 251.6 520.3 297.7 180.1 200.8 346.0 458.1 215.7 481.1 275.0 230.5 460.4 373.6 516.3 140.6 242.7
2046.2 98.4 207.2 182.9 7.0 187.0 502.9 157.7 242.6 366.5 429.9 295.7 185.9 244.7 177.6 507.7 247.2 386.8 251.4 250.5 171.4 196.8 239.0 334.6 423.9 214.9 517.9 497.1 486.4 153.0 248.3 0.0 406.5 255.4 197.6 473.4 192.7 521.1 667.1 575.3 509.6 395.1 113.9 246.5 156.2 173.7 161.3 172.1 500.8 73.5 295.2 621.3 492.2 571.7 275.8 556.2 541.5 292.3 223.0 370.2 547.8 237.1 394.9 114.9 270.0 83.5 288.6 373.9 471.3 480.3 266.5 534.6 527.3 12.1 560.5 457.0 608.0 82.8 461.9 78.2 531.7 331.9 607.7 264.6 228.9 195.0 521.7 535.6 264.2 561.7 692.2 189.3 266.4 376.2 122.5 283.0 172.3 132.8 196.8 190.7 491.0 493.7 130.8 657.8 205.3 317.6 195.9 243.4 595.6 160.4 563.0 412.5 97.7 519.8 511.1 620.6 186.1 96.8
2249.2 451.7 474.3 442.1 426.2 443.9 206.6 414.6 509.7 45.0 93.5 302.7 375.8 363.7 434.5 101.1 207.5 95.1 263.6 257.5 451.0 453.7 358.0 126.4 17.3 482.0 185.9 158.4 153.5 379.6 261.1 413.3 0.0 280.4 322.4 66.8 449.6 188.2 351.3 244.7 198.8 103.7 451.0 347.2 487.5 362.9 531.4 471.9 162.1 458.8 203.3 214.7 195.1 290.0 317.4 267.3 208.6 179.9 230.0 160.3 259.3 504.2 103.2 377.8 330.8 439.2 203.5 164.0 132.6 73.7 273.7 282.3 169.1 412.0 309.3 50.4 231.9 496.2 153.4 445.7 172.7 162.7 292.6 212.0 329.9 395.9 163.5 129.0 256.7 226.8 375.9 515.0 232.2 120.4 296.4 318.8 435.7 341.4 498.5 315.5 152.3 217.4 435.0 336.4 462.2 212.6 365.3 510.5 243.7 421.7 176.7 196.8 396.3 186.7 104.5 208.4 305.1 426.1
2150.5 270.3 311.8 277.3 290.0 281.4 364.1 252.1 347.2 262.9 291.1 109.9 256.4 201.2 272.0 386.9 143.8 313.0 78.4 97.7 220.2 291.2 195.5 274.7 303.1 319.5 379.1 358.3 347.6 249.2 75.5 282.9 291.3 0.0 154.1 352.6 287.1 382.3 546.5 465.4 370.8 321.6 263.8 178.9 306.1 232.5 368.9 309.4 362.0 277.4 191.8 437.6 395.0 451.1 172.4 407.9 402.7 188.9 49.3 266.8 427.2 341.7 321.1 247.4 168.3 257.8 187.5 270.5 332.5 365.7 55.5 395.8 388.5 275.8 421.7 336.2 454.8 365.8 323.1 258.5 392.9 228.5 487.8 161.2 167.4 265.5 382.9 353.1 145.0 451.8 571.1 352.5 163.0 272.8 166.0 179.6 273.2 211.0 336.0 147.2 352.2 354.9 280.7 537.2 299.7 214.2 234.9 348.0 466.6 209.2 401.7 309.1 264.6 381.0 390.3 436.9 142.6 244.7
2106.5 237.2 278.7 244.2 246.0 248.3 357.5 219.0 314.1 221.1 284.5 150.3 201.4 47.0 238.9 362.3 101.8 241.4 147.9 105.1 187.1 258.1 41.3 232.7 278.5 286.4 372.5 351.7 341.0 205.2 102.9 238.9 266.7 106.0 0.0 328.0 254.0 375.7 521.7 434.2 364.2 249.7 230.7 167.7 273.0 200.2 335.8 276.3 355.4 244.3 149.8 475.9 346.8 426.3 130.4 410.8 396.1 146.9 77.6 224.8 402.4 308.6 249.5 203.4 72.3 224.7 145.5 228.5 325.9 341.1 121.1 389.2 381.9 231.8 415.1 311.6 462.6 292.0 316.5 225.4 386.3 186.5 462.3 119.2 167.5 221.5 376.3 390.2 103.0 416.3 546.8 319.4 121.0 230.8 122.0 137.6 240.1 167.0 302.9 164.9 345.6 348.3 220.5 512.4 266.6 172.2 190.9 314.9 450.2 176.1 417.6 267.1 237.6 374.4 365.7 475.2 17.6 211.6
2294.5 498.5 519.6 485.1 465.7 489.2 188.6 459.9 555.0 90.3 136.5 348.0 432.1 409.0 479.8 83.1 252.8 140.4 308.9 302.8 490.5 499.0 403.3 205.2 44.7 527.3 167.9 203.7 232.0 424.9 300.6 458.6 45.2 325.7 361.9 0.0 494.9 281.1 333.3 222.4 180.8 148.7 490.5 392.8 532.8 419.9 576.7 517.2 261.1 504.1 248.6 196.7 240.4 272.0 356.9 249.3 295.3 219.4 275.3 199.8 241.3 549.5 148.5 423.1 374.1 484.5 243.2 203.5 231.6 13.1 318.8 264.3 151.1 451.5 291.3 32.4 213.9 541.5 141.0 479.2 154.7 208.0 273.9 257.3 375.2 441.2 145.5 111.0 312.0 208.8 358.4 560.3 277.5 165.7 341.7 364.1 474.5 386.7 543.8 355.0 236.6 199.4 507.4 324.0 507.5 257.9 410.6 555.8 225.7 479.5 158.7 242.1 440.3 168.7 86.5 196.0 350.4 471.4
1958.5 217.0 94.8 9.1 251.4 116.9 586.5 61.5 130.2 433.9 513.5 363.1 306.0 312.1 56.3 575.1 314.6 454.2 300.8 317.9 192.5 74.2 306.4 408.6 491.3 102.5 601.5 580.7 570.0 324.7 315.7 264.6 473.9 308.2 265.0 540.8 0.0 604.7 734.5 642.7 593.2 462.8 210.5 242.6 252.8 322.4 151.9 92.4 584.4 238.5 362.6 660.0 559.6 639.1 343.2 630.3 625.1 359.7 290.4 437.6 615.2 124.7 462.3 235.9 337.4 204.5 358.3 441.3 554.9 553.9 363.8 618.2 610.9 276.8 644.1 524.4 677.2 183.6 545.5 205.2 615.3 399.3 675.1 332.0 242.4 279.1 605.3 575.5 315.8 629.1 759.1 135.5 333.8 443.6 292.9 350.4 42.2 337.9 119.0 239.8 574.6 577.3 200.3 725.2 82.7 385.0 361.8 131.0 663.0 179.7 624.1 479.9 217.4 603.4 578.5 659.3 253.5 261.8
2348.8 554.8 596.3 561.8 580.2 565.9 71.4 536.6 631.7 162.6 144.1 462.5 546.6 485.7 556.5 180.9 367.3 212.7 363.2 417.3 594.0 575.7 480.0 244.0 177.6 604.0 183.5 221.8 168.0 539.4 415.1 573.1 160.2 440.2 438.6 227.1 571.6 0.0 225.3 137.8 78.1 221.3 548.3 463.4 590.6 522.7 653.4 593.9 11.4 561.9 320.9 144.9 153.7 129.9 429.2 25.5 64.8 291.7 389.8 272.1 106.0 626.2 220.8 537.6 450.8 542.3 363.3 275.8 40.5 240.2 433.3 13.5 192.9 566.0 83.8 210.7 162.1 609.6 127.5 543.0 100.2 322.5 165.9 329.6 451.9 555.7 187.3 157.5 410.7 119.9 249.9 637.0 349.8 238.0 456.2 436.4 557.7 501.2 620.5 431.7 176.6 62.2 538.1 216.0 584.2 333.1 525.1 632.5 173.9 570.5 124.9 314.4 554.8 88.3 208.4 144.2 427.1 529.2
2504.1 707.9 740.0 705.5 686.1 709.6 243.7 680.3 775.4 317.9 328.5 568.4 652.5 629.4 700.2 261.8 473.2 368.0 518.5 523.2 699.9 719.4 623.7 399.4 332.9 747.7 301.7 327.7 273.9 645.3 521.0 679.0 315.5 546.1 582.3 347.2 715.3 232.1 0.0 169.8 235.9 376.3 699.9 613.2 742.2 640.3 797.1 737.6 243.6 713.5 502.3 196.8 259.6 171.1 544.0 200.3 246.3 437.7 495.7 427.4 134.7 769.9 376.1 643.5 594.5 693.9 463.6 431.1 263.2 360.3 539.2 215.3 284.9 671.9 242.3 322.5 146.9 761.2 274.8 688.6 209.8 428.4 89.4 486.0 595.6 661.6 279.3 244.8 532.4 183.4 127.2 780.7 514.6 393.3 562.1 551.2 694.9 607.1 764.2 575.4 327.9 254.5 716.8 92.8 727.9 439.0 631.0 776.2 134.5 688.9 187.5 469.7 660.7 223.8 289.3 164.8 570.8 680.8
2411.5 613.8 647.4 615.2 593.5 617.0 119.7 587.7 682.8 225.3 233.8 475.8 548.9 536.8 607.6 130.1 380.6 275.4 425.9 430.6 603.0 626.8 531.1 306.7 227.1 655.1 165.7 235.1 177.0 552.7 424.1 586.4 221.8 449.2 489.7 211.2 618.4 139.5 165.8 0.0 111.9 284.0 603.0 514.5 649.6 536.0 704.5 645.0 146.7 620.9 409.7 107.8 167.0 49.5 451.4 107.7 153.7 345.1 403.1 330.5 62.1 677.3 283.5 550.9 503.9 601.3 372.3 338.5 162.7 224.3 446.8 122.7 148.9 579.3 149.7 186.5 125.0 664.3 138.8 602.0 85.8 335.8 122.7 393.4 498.7 569.0 147.6 113.1 419.7 13.5 201.6 688.1 422.0 300.7 465.2 458.6 608.8 514.5 671.6 482.8 234.4 130.5 597.1 163.4 635.3 346.4 538.4 683.6 136.8 583.8 51.5 377.1 614.2 99.8 153.3 107.1 478.2 588.2
2339.7 547.2 587.2 552.7 528.9 556.8 7.8 527.5 622.6 153.5 135.0 411.2 495.3 476.6 547.4 102.7 316.0 203.6 354.1 366.0 495.6 566.6 470.9 268.4 168.5 594.9 142.6 224.8 210.9 488.1 363.8 521.8 151.1 388.9 429.5 188.1 562.5 100.5 203.3 110.4 0.0 211.9 539.2 460.4 581.5 483.1 644.3 584.8 80.2 552.8 311.8 66.7 196.6 151.5 420.1 126.1 120.9 282.6 338.5 263.0 134.8 617.1 211.7 486.3 441.7 533.2 306.4 266.7 50.7 201.2 382.0 114.0 125.8 514.7 139.9 163.4 83.9 600.5 115.7 527.9 22.0 271.2 143.9 320.5 442.8 504.4 120.2 85.7 375.2 96.8 228.4 627.9 340.7 228.9 404.9 427.3 542.1 449.9 611.4 422.6 211.3 18.5 556.1 194.0 575.1 321.1 473.8 623.4 95.7 484.6 46.7 305.3 547.4 10.2 130.2 66.0 418.0 520.1
2256.4 427.2 449.8 417.6 395.9 419.4 206.7 390.1 485.2 70.3 136.0 278.2 351.3 339.2 410.0 211.5 183.0 7.8 297.8 233.0 420.7 429.2 333.5 101.9 127.7 457.5 221.7 200.9 190.4 355.1 230.8 388.8 115.9 256.1 292.1 177.2 425.1 224.9 389.1 355.1 213.4 0.0 420.9 316.9 463.0 338.4 506.9 447.4 204.8 434.3 178.8 325.1 237.6 293.7 287.3 250.5 245.5 149.6 205.5 130.0 269.8 479.7 0.1 353.3 306.3 414.7 173.4 133.7 175.1 184.1 249.2 238.4 231.1 381.9 264.3 160.8 342.3 471.9 165.7 415.6 235.5 138.2 330.4 187.5 305.4 371.4 225.5 239.6 226.4 337.2 413.7 490.5 207.7 95.9 272.1 294.3 411.2 316.9 474.0 285.4 194.8 197.5 410.5 379.8 437.7 188.1 340.8 486.0 354.1 397.2 287.1 172.3 371.8 223.6 214.9 324.4 280.6 401.6
2070.5 85.7 241.7 207.2 148.5 211.3 582.3 182.0 277.1 445.9 509.3 375.1 197.6 324.1 201.9 587.1 326.6 466.2 330.8 329.9 195.7 221.1 318.4 420.6 503.3 249.4 597.3 576.5 565.8 232.4 327.7 141.4 485.9 334.8 277.0 552.8 217.0 600.5 746.5 654.7 589.0 474.8 0.0 319.8 90.0 202.3 290.5 239.3 580.2 164.3 374.6 700.7 571.6 651.1 355.2 635.6 620.9 371.7 302.4 449.6 627.2 271.6 474.3 127.5 347.2 100.6 370.3 453.3 550.7 559.7 345.9 614.0 606.7 134.3 639.9 536.4 687.4 212.0 541.3 89.1 611.1 411.3 687.8 344.0 308.3 170.7 601.1 615.0 327.8 641.1 771.6 282.4 345.8 455.6 214.5 362.4 196.6 212.2 265.9 270.1 570.4 573.1 64.6 737.2 229.6 397.0 275.3 277.9 675.0 193.2 642.4 491.9 109.0 599.2 590.5 700.0 265.5 131.6
2063.5 193.2 234.7 200.2 217.0 204.3 465.7 175.0 270.1 313.1 392.7 242.3 267.4 191.3 194.9 454.3 193.8 333.4 180.0 197.1 143.1 214.1 118.4 324.7 370.5 242.4 480.7 459.9 449.2 300.9 194.9 209.9 353.1 187.4 144.2 420.0 210.0 483.9 613.7 521.9 472.4 341.7 186.7 0.0 229.0 298.6 291.8 232.3 463.6 200.3 241.8 539.2 438.8 518.3 222.4 509.5 504.3 238.9 169.6 316.8 494.4 264.6 341.5 212.1 89.2 180.7 237.5 320.5 434.1 426.9 242.8 497.4 490.1 202.8 523.3 403.6 556.4 248.0 424.7 181.4 494.5 278.5 554.3 211.2 121.6 255.3 484.5 454.7 195.0 508.3 638.3 275.4 213.0 322.8 172.1 229.6 196.1 217.1 258.9 119.0 453.8 456.5 203.6 604.4 222.6 264.2 241.0 270.9 542.2 130.3 503.3 359.1 193.6 482.6 457.7 538.5 132.7 167.6
2093.1 108.3 264.3 229.8 169.9 233.9 589.3 204.6 299.7 452.9 516.3 382.1 174.0 331.1 224.5 594.1 333.6 473.2 337.8 336.9 218.3 243.7 325.4 421.0 510.3 272.0 604.3 583.5 572.8 253.8 334.7 162.8 492.9 341.8 284.0 559.8 239.6 607.5 753.5 661.7 596.0 481.5 90.3 332.9 0.0 190.4 313.1 261.9 587.2 186.9 381.6 707.7 578.6 658.1 362.2 642.6 627.9 378.7 309.4 456.6 634.2 294.2 481.3 103.9 356.4 113.4 375.0 460.3 557.7 572.9 352.9 621.0 613.7 155.7 646.9 543.4 694.4 234.6 548.3 71.5 618.1 418.3 694.1 351.0 315.3 147.1 608.1 622.0 350.6 648.1 778.6 305.0 352.8 462.6 190.9 369.4 219.2 233.6 288.5 277.1 577.4 580.1 70.6 744.2 252.2 404.0 296.7 300.5 682.0 207.3 649.4 498.9 86.7 606.2 597.5 707.0 272.5 154.2
2078.7 180.0 345.0 312.8 224.0 314.6 474.6 285.3 380.4 338.2 403.9 267.4 96.9 216.4 305.2 487.2 218.9 358.5 223.1 222.2 261.2 324.4 210.7 349.8 395.6 352.7 489.6 468.8 458.1 177.4 227.8 216.9 383.8 234.9 169.3 445.1 320.3 492.8 638.8 551.3 481.3 367.1 232.6 212.1 228.7 0.0 402.1 342.6 472.5 264.2 266.9 593.0 463.9 543.4 255.3 527.9 513.2 264.0 194.7 349.7 519.5 374.9 366.6 98.9 239.5 167.5 262.6 345.6 443.0 466.0 238.4 506.3 499.0 209.8 532.2 428.7 579.7 307.6 433.6 147.3 503.4 303.6 580.1 236.3 200.6 117.0 501.2 515.1 227.9 533.4 663.4 385.7 238.1 347.9 76.2 254.7 306.4 139.2 369.2 170.2 462.7 465.4 188.9 637.3 332.9 289.3 163.1 381.2 567.3 250.9 534.7 384.2 117.4 491.5 482.8 592.3 157.8 231.5
2063.6 281.6 96.3 145.4 169.9 236.0 685.9 180.6 131.7 549.5 612.9 478.9 369.1 427.9 175.4 690.7 430.4 569.8 405.9 433.7 297.6 131.9 422.2 517.8 606.9 104.0 700.9 680.1 657.1 336.2 431.5 183.1 589.5 413.3 380.8 656.4 155.2 704.1 831.1 739.3 692.6 578.1 276.4 353.8 318.7 356.9 0.0 61.2 683.8 157.0 478.4 783.3 656.2 735.7 409.4 720.2 724.5 475.5 406.2 553.2 711.8 126.2 577.9 298.1 453.2 266.7 471.8 556.9 654.3 669.5 449.7 735.2 710.3 195.3 762.2 640.0 772.0 102.1 644.9 261.4 714.7 515.1 771.7 447.8 347.5 378.2 704.7 718.6 447.4 725.7 856.2 78.4 449.6 559.4 305.7 416.6 170.1 316.0 85.9 373.9 674.0 676.7 293.3 821.8 142.2 500.8 379.1 132.5 759.6 286.6 727.0 595.5 280.9 702.8 694.1 782.6 369.3 180.3
2002.3 270.6 35.0 84.1 158.9 174.7 630.3 119.3 70.4 477.7 557.3 406.9 358.1 355.9 114.1 618.9 358.4 498.0 344.6 361.7 236.3 70.6 350.2 445.8 535.1 42.7 645.3 624.5 613.8 325.2 359.5 172.1 517.7 352.0 308.8 584.6 93.9 648.5 820.1 728.3 637.0 506.3 265.4 292.5 307.7 345.9 59.4 0.0 628.2 146.0 406.4 703.8 645.2 724.7 398.4 674.1 668.9 403.5 334.2 481.4 700.8 64.9 506.1 287.1 381.2 255.7 399.8 485.1 598.7 597.7 407.4 662.0 654.7 184.3 687.9 568.2 721.0 91.1 589.3 250.4 659.1 443.1 760.7 375.8 286.2 367.2 649.1 619.3 375.4 714.7 845.2 43.0 377.6 487.4 294.7 405.6 108.8 305.0 26.5 283.6 618.4 621.1 282.3 810.8 80.9 428.8 368.1 71.2 748.6 225.3 667.9 523.7 269.9 647.2 622.3 703.1 297.3 169.3
2337.3 544.8 584.8 552.6 526.5 554.4 59.9 525.1 620.2 151.1 132.6 408.8 481.9 474.2 545.0 169.4 313.6 201.2 351.7 363.6 493.2 564.2 468.5 232.5 166.1 592.5 172.0 178.6 188.3 485.7 361.4 519.4 154.3 386.5 427.1 215.6 560.1 20.2 245.6 177.1 66.6 209.5 536.8 451.9 579.1 480.7 641.9 582.4 0.0 550.4 309.4 133.4 174.0 150.2 417.7 45.8 53.3 280.2 336.1 260.6 126.3 614.7 209.3 483.9 441.3 530.8 309.6 264.3 29.0 228.7 379.8 33.7 181.4 512.3 72.3 199.2 150.6 598.1 116.0 531.5 88.7 268.8 186.9 318.1 440.4 502.0 175.8 146.0 357.0 163.5 270.7 625.5 338.3 226.5 402.5 424.9 546.2 447.5 609.0 420.2 165.1 50.7 553.7 236.3 572.7 353.4 471.4 621.0 162.4 480.4 113.4 302.9 545.0 76.8 196.9 132.7 415.6 517.7
2047.7 155.9 218.9 184.4 75.9 188.5 557.4 159.2 254.3 421.0 484.4 378.8 269.0 327.8 179.1 562.2 330.3 441.3 281.2 333.6 172.9 198.3 322.1 417.7 478.4 226.6 572.4 551.6 528.6 236.1 331.4 83.0 461.0 288.6 280.7 527.9 194.2 575.6 702.6 610.8 564.1 449.6 147.9 229.1 190.2 256.8 174.7 185.5 555.3 0.0 378.3 654.8 527.7 607.2 280.9 591.7 596.0 375.4 306.1 424.7 583.3 248.8 449.4 173.3 353.1 141.9 371.7 428.4 525.8 541.0 344.0 606.7 581.8 95.2 633.7 511.5 643.5 96.2 516.4 136.6 586.2 415.0 643.2 347.7 222.8 216.5 576.2 590.1 347.3 597.2 727.7 202.7 349.5 380.8 205.6 288.1 173.8 215.9 210.2 220.2 545.5 548.2 164.8 693.3 206.8 400.7 279.0 255.1 631.1 161.9 598.5 467.0 156.1 574.3 565.6 654.1 269.2 51.8
2165.3 351.6 358.7 324.2 304.8 328.3 306.0 299.0 394.1 169.6 233.0 187.1 271.2 248.1 318.9 310.8 92.7 189.9 206.7 141.9 343.6 338.1 242.4 168.9 227.0 366.4 321.0 300.2 289.5 264.0 139.7 297.7 209.6 164.8 201.0 276.5 334.0 324.2 488.4 450.1 312.7 198.2 343.6 231.9 385.9 259.0 415.8 356.3 303.9 357.2 0.0 424.4 336.9 393.0 144.7 349.8 344.6 126.9 114.4 130.2 369.1 388.6 198.0 262.2 213.2 337.6 131.2 43.8 274.4 289.6 157.9 337.7 330.4 290.6 363.6 260.1 441.6 380.6 265.0 332.3 334.8 132.6 429.0 56.9 214.3 280.3 324.8 338.7 133.1 436.5 513.5 399.4 28.8 129.4 180.8 151.9 313.6 225.8 382.9 194.1 294.1 296.8 360.5 479.1 346.6 160.2 249.7 394.9 453.4 332.6 386.4 126.5 279.4 322.9 314.2 423.7 189.5 324.5
2391.5 599.0 639.0 604.5 615.0 608.6 68.6 579.3 674.4 239.6 215.6 497.3 581.4 528.4 599.2 92.7 402.1 289.7 405.9 452.1 547.4 618.4 522.7 354.5 194.0 646.7 132.6 214.8 196.7 574.2 449.9 607.9 194.5 475.0 481.3 178.1 614.3 161.4 178.3 120.4 60.8 298.0 591.0 512.2 633.3 569.2 696.1 636.6 141.1 604.6 397.9 0.0 206.6 126.5 506.2 147.3 181.8 368.7 424.6 349.1 109.8 668.9 297.8 572.4 493.5 585.0 392.5 352.8 111.6 185.0 468.1 162.3 115.8 600.8 189.3 153.4 58.9 690.8 105.7 579.7 34.7 357.3 118.9 406.6 494.6 590.5 110.2 75.7 461.3 106.8 203.4 679.7 426.8 315.0 491.0 513.4 593.9 536.0 663.2 474.4 201.3 79.4 607.9 169.0 626.9 386.0 559.9 675.2 70.7 536.4 56.7 391.4 589.6 48.7 120.2 41.0 469.8 571.9
2360.8 522.1 554.2 519.7 500.3 523.8 173.0 494.5 589.6 196.1 110.4 382.6 466.7 443.6 514.4 213.0 287.4 308.1 402.2 337.4 514.1 533.6 437.9 213.6 211.1 561.9 201.1 109.6 55.8 459.5 335.2 493.2 193.7 360.3 396.5 298.4 529.5 189.6 268.7 176.9 179.7 316.4 514.1 427.4 556.4 454.5 611.3 551.8 170.9 527.7 316.5 220.9 0.0 173.3 358.2 157.8 203.8 251.9 309.9 291.5 149.4 584.1 316.2 457.7 408.7 508.1 277.8 295.2 141.4 305.3 353.4 172.8 210.5 486.1 199.8 273.7 209.6 575.4 145.1 502.8 219.7 242.6 209.3 300.2 409.8 475.8 204.9 175.1 346.6 163.3 293.8 594.9 328.8 247.6 376.3 365.4 509.1 421.3 578.4 389.6 120.9 163.8 531.0 259.4 542.1 253.2 445.2 590.4 197.2 503.1 164.6 333.8 474.9 233.7 240.5 220.2 385.0 495.0
2398.5 602.3 634.4 599.9 580.5 604.0 150.1 574.7 669.8 212.3 222.9 462.8 546.9 523.8 594.6 156.2 367.6 262.4 412.9 417.6 594.3 613.8 518.1 293.8 227.3 642.1 196.1 222.1 168.3 539.7 415.4 573.4 209.9 440.5 476.7 241.6 609.7 126.5 146.0 39.5 142.3 270.7 594.3 507.6 636.6 534.7 691.5 632.0 138.0 607.9 396.7 138.2 154.0 0.0 438.4 94.7 140.7 332.1 390.1 321.8 26.7 664.3 270.5 537.9 488.9 588.3 358.0 325.5 157.6 248.5 433.6 109.7 179.3 566.3 136.7 216.9 86.9 655.6 169.2 583.0 116.2 322.8 86.6 380.4 490.0 556.0 173.7 139.2 426.8 53.1 171.1 675.1 409.0 287.7 456.5 445.6 589.3 501.5 658.6 469.8 222.3 160.9 611.2 136.7 622.3 333.4 525.4 670.6 74.5 583.3 81.9 364.1 555.1 130.2 183.7 104.8 465.2 575.2
2165.4 277.1 336.6 304.4 300.9 306.2 387.0 276.9 372.0 250.6 314.0 208.3 366.1 269.3 296.8 391.8 117.3 270.9 227.9 163.1 270.6 316.0 263.6 225.3 308.0 344.3 402.0 381.2 370.5 285.2 160.9 293.8 296.2 186.0 222.2 357.5 311.9 405.2 551.2 459.4 393.7 279.5 270.6 320.7 312.9 280.2 393.7 334.2 384.9 284.2 165.3 505.4 376.3 455.8 0.0 440.3 425.6 176.4 135.6 254.3 431.9 366.5 279.0 296.0 234.4 264.6 175.0 258.0 355.4 370.6 179.1 418.7 411.4 286.7 444.6 341.1 492.1 331.9 346.0 265.3 415.8 216.0 491.8 134.7 235.5 339.2 405.8 419.7 73.5 445.8 576.3 377.3 136.5 260.3 202.0 7.1 298.0 247.0 360.8 317.9 375.1 377.8 260.4 541.9 324.5 201.7 270.9 372.8 479.7 256.9 447.1 296.6 277.5 403.9 395.2 504.7 210.7 251.5
2372.6 576.4 608.5 574.0 554.6 578.1 103.2 548.8 643.9 186.4 197.0 436.9 521.0 497.9 568.7 169.9 341.7 236.5 387.0 391.7 568.4 587.9 492.2 267.9 201.4 616.2 207.3 196.2 142.4 513.8 389.5 547.5 184.0 414.6 450.8 250.9 583.8 31.7 199.7 107.9 109.9 244.8 568.4 481.7 610.7 508.8 665.6 606.1 43.2 582.0 370.8 176.7 128.1 104.3 412.5 0.0 88.0 306.2 364.2 295.9 80.4 638.4 244.6 512.0 463.0 562.4 332.1 299.6 72.3 264.0 407.7 14.9 216.7 540.4 84.0 234.5 140.6 629.7 151.3 557.1 132.0 296.9 140.3 354.5 464.1 530.1 211.1 181.3 400.9 94.3 224.8 649.2 383.1 261.8 430.6 419.7 563.4 475.6 632.7 443.9 196.4 94.0 585.3 190.4 596.4 307.5 499.5 644.7 128.2 557.4 95.6 338.2 529.2 120.1 197.4 176.0 439.3 549.3
2356.5 562.5 604.0 569.5 545.7 573.6 79.1 544.3 639.4 170.3 154.1 428.0 512.1 493.4 564.2 188.6 332.8 220.4 370.9 382.8 512.4 583.4 487.7 285.6 185.3 611.7 191.2 197.8 197.9 504.9 380.6 538.6 173.5 405.7 446.3 234.8 579.3 72.1 255.2 163.4 85.8 228.7 556.0 471.1 598.3 488.2 661.1 601.6 51.8 569.6 328.6 152.6 183.6 159.8 436.9 77.5 0.0 299.4 355.3 279.8 135.9 633.9 228.5 503.1 458.5 550.0 328.8 283.5 48.2 241.7 398.8 85.6 200.6 531.5 68.3 218.4 169.8 617.3 135.2 550.7 107.9 288.0 195.8 337.3 459.6 521.2 195.0 165.2 376.2 149.8 280.3 644.7 357.5 245.7 421.7 444.1 565.4 466.7 628.2 439.4 184.3 69.9 545.8 245.9 591.9 363.0 490.6 640.2 181.6 547.0 132.6 322.1 562.9 96.0 216.1 151.9 434.8 536.9
2166.7 320.1 360.1 325.6 306.2 329.7 280.9 300.4 395.5 144.5 210.2 188.5 272.6 249.5 320.3 285.7 93.3 164.8 208.1 143.3 268.5 339.5 243.8 144.2 201.9 367.8 295.9 275.1 264.4 265.4 141.1 299.1 184.5 166.2 202.4 251.4 335.4 299.1 463.3 425.0 287.6 173.1 312.1 227.2 354.4 248.7 417.2 357.7 278.8 325.7 122.4 399.3 311.8 367.9 164.1 324.7 319.5 0.0 115.8 105.1 344.0 390.0 172.9 263.6 216.6 306.1 89.3 103.2 249.3 264.5 159.5 312.6 305.3 292.0 338.5 235.0 416.5 382.0 239.9 306.8 309.7 39.5 403.9 106.1 215.7 281.7 299.7 313.6 136.7 411.4 488.4 400.8 134.7 104.3 182.2 171.3 321.5 227.2 384.3 195.5 269.0 271.7 329.0 454.0 348.0 107.2 251.1 396.3 428.3 257.5 361.3 153.2 280.8 297.8 289.1 398.6 190.9 293.0
2101.1 254.5 294.5 260.0 240.6 264.1 426.8 234.8 329.9 213.7 353.8 93.5 207.0 183.9 254.7 354.9 94.4 234.0 141.1 48.3 202.9 273.9 178.2 181.8 271.1 302.2 441.8 421.0 410.3 199.8 26.1 233.5 253.7 62.6 136.8 320.6 269.8 445.0 514.3 422.5 433.5 242.3 246.5 167.7 288.8 194.8 351.6 292.1 424.7 260.1 142.4 500.3 339.4 418.9 123.0 403.4 465.4 139.5 0.0 217.4 395.0 324.4 242.1 198.0 149.0 240.5 135.8 221.1 395.2 333.7 43.4 458.5 451.2 226.4 484.4 304.2 455.2 316.4 385.8 235.2 455.6 179.1 454.9 111.8 150.1 216.1 445.6 415.8 111.4 408.9 539.4 335.2 113.6 223.4 116.6 130.2 249.4 161.6 318.7 129.9 414.9 417.6 263.4 505.0 282.4 164.8 185.5 330.7 442.8 191.9 464.4 259.7 215.2 443.7 358.3 499.6 125.3 227.4
2253.9 424.7 447.3 412.8 393.4 416.9 280.2 387.6 482.7 143.8 209.5 275.7 348.8 336.7 407.5 285.0 191.3 164.1 295.3 230.5 418.2 426.7 331.0 143.5 201.2 455.0 295.2 274.4 263.7 352.6 228.3 386.3 189.4 253.4 289.6 250.7 422.6 298.4 462.6 424.3 286.9 172.7 418.2 314.4 460.5 347.6 504.4 444.9 278.1 431.8 133.2 398.6 311.1 367.2 284.6 324.0 318.8 104.0 203.0 0.0 343.3 477.2 172.2 350.8 301.8 412.2 176.5 88.1 248.6 257.6 246.5 311.9 304.6 379.2 337.8 234.3 415.8 469.2 239.2 412.9 309.0 109.7 403.2 141.9 302.9 368.9 299.0 312.9 223.9 410.7 487.2 488.0 162.1 103.6 269.4 291.8 408.7 314.4 471.5 282.7 268.3 271.0 408.0 453.3 435.2 185.6 338.3 483.5 427.6 394.7 360.6 128.6 368.0 297.1 288.4 397.9 278.1 399.1
2384.5 588.3 620.4 585.9 566.5 590.0 136.1 560.7 655.8 198.3 208.9 448.8 532.9 509.8 580.6 142.2 353.6 248.4 398.9 403.6 580.3 599.8 504.1 279.8 213.3 628.1 182.1 208.1 154.3 525.7 401.4 559.4 195.9 426.5 462.7 227.6 595.7 112.5 119.2 56.2 128.3 256.7 580.3 493.6 622.6 520.7 677.5 618.0 124.0 593.9 382.7 124.2 140.0 16.6 424.4 80.7 126.7 318.1 376.1 307.8 0.0 650.3 256.5 523.9 474.9 574.3 344.0 311.5 143.6 240.7 419.6 95.7 165.3 552.3 122.7 202.9 60.1 641.6 155.2 569.0 102.2 308.8 59.8 366.4 476.0 542.0 159.7 125.2 412.8 66.6 144.3 661.1 395.0 273.7 442.5 431.6 575.3 487.5 644.6 455.8 208.3 146.9 597.2 109.9 608.3 319.4 511.4 656.6 47.7 569.3 67.9 350.1 541.1 116.2 169.7 78.0 451.2 561.2
2034.6 294.6 76.3 116.4 243.9 207.0 662.6 151.6 34.4 510.0 589.6 439.2 443.1 388.2 146.4 651.2 390.7 530.3 376.9 394.0 268.6 102.9 382.5 478.1 567.4 45.2 677.6 656.8 646.1 410.2 391.8 257.1 550.0 384.3 341.1 616.9 126.2 680.8 810.6 718.8 669.3 538.6 286.6 324.8 328.9 430.9 144.4 84.9 660.5 231.0 438.7 736.1 635.7 715.2 419.3 706.4 701.2 435.8 366.5 513.7 691.3 0.0 538.4 312.0 413.5 280.6 432.1 517.4 631.0 630.0 439.7 694.3 687.0 269.3 720.2 600.5 753.3 176.1 621.6 275.3 691.4 475.4 751.2 408.1 318.5 355.2 681.4 651.6 407.7 705.2 835.7 128.0 409.9 519.7 379.7 426.5 141.1 390.0 111.5 315.9 650.7 653.4 303.5 801.3 113.2 461.1 453.1 56.1 739.1 257.6 700.2 556.0 294.8 679.5 654.6 735.4 329.6 254.3
2256.2 428.5 449.6 415.1 395.7 419.2 206.5 389.9 485.0 70.1 133.5 278.0 362.1 339.0 409.8 211.3 182.8 7.6 297.6 232.8 420.5 429.0 333.3 135.2 127.5 457.3 221.5 200.7 190.0 354.9 230.6 388.6 110.1 255.7 291.9 177.0 424.9 224.7 388.9 350.6 213.2 0.2 420.5 322.8 462.8 349.9 506.7 447.2 204.4 434.1 178.6 324.9 237.4 293.5 286.9 250.3 245.1 149.4 205.3 129.8 269.6 479.5 0.0 353.1 304.1 414.5 173.2 133.5 174.9 190.1 248.8 238.2 230.9 381.5 264.1 160.6 342.1 471.5 165.5 409.2 235.3 138.0 329.5 187.3 305.2 371.2 225.3 239.2 242.0 337.0 414.0 490.3 207.5 95.7 271.7 294.1 404.5 316.7 473.8 285.0 194.6 197.3 437.4 379.6 437.5 187.9 340.6 485.8 353.9 409.5 286.9 172.1 370.3 223.4 214.7 324.2 280.4 401.4
2060.6 83.4 242.6 208.1 125.0 212.2 485.3 182.9 278.0 348.9 412.3 278.1 70.0 227.1 202.8 490.1 229.6 369.2 233.8 232.9 196.6 222.0 221.4 317.0 406.3 250.3 500.3 479.5 468.8 208.9 230.7 117.9 388.9 237.8 180.0 455.8 217.9 503.5 649.5 557.7 492.0 377.5 133.6 228.9 129.7 86.4 279.3 240.2 483.2 165.2 277.6 603.7 474.6 554.1 258.2 538.6 523.9 274.7 205.4 352.6 530.2 272.5 377.3 0.0 252.4 68.5 271.0 356.3 453.7 468.9 248.9 517.0 509.7 110.8 542.9 439.4 590.4 200.8 444.3 42.3 514.1 314.3 590.1 247.0 211.3 43.1 504.1 518.0 246.6 544.1 674.6 283.3 248.8 358.6 86.9 265.4 197.5 149.9 266.8 173.1 473.4 476.1 113.9 640.2 230.5 300.0 173.8 278.8 578.0 185.6 545.4 394.9 17.1 502.2 493.5 603.0 168.5 132.5
2035.1 164.8 206.3 174.1 188.6 175.9 439.2 146.6 241.7 286.6 368.5 215.8 239.0 103.1 166.5 427.8 167.3 306.9 153.5 170.6 114.7 185.7 29.1 298.2 344.0 214.0 454.2 433.4 424.9 228.8 168.4 181.5 332.2 160.9 68.5 393.5 181.6 457.4 587.2 499.7 445.9 315.5 160.5 97.5 200.6 212.1 263.4 203.9 437.1 171.9 215.3 512.7 412.3 491.8 195.9 483.0 480.0 212.4 143.1 290.3 467.9 236.2 315.0 183.7 0.0 152.3 211.0 296.2 407.6 400.4 216.5 473.1 463.6 176.6 496.8 377.1 529.9 219.6 400.4 153.0 468.0 252.0 528.5 184.7 97.3 226.9 458.0 428.2 168.5 481.8 611.8 247.0 186.5 296.3 145.6 203.1 167.7 190.6 230.5 92.5 427.3 430.0 148.1 577.9 194.2 237.7 214.5 242.5 515.7 112.2 476.8 332.6 165.2 456.1 431.2 512.0 88.2 139.2
2047.3 14.8 229.3 194.8 111.7 198.9 545.5 169.6 264.7 409.1 472.5 338.3 136.7 287.3 189.5 550.3 289.8 429.4 294.0 293.1 183.3 208.7 281.6 377.2 466.5 237.0 560.5 539.7 529.0 195.6 290.9 104.6 449.1 298.0 240.2 516.0 204.6 563.7 709.7 617.9 552.2 437.7 94.7 289.1 117.3 153.1 266.0 226.9 543.4 151.9 337.8 663.9 534.8 614.3 318.4 598.8 584.1 334.9 265.6 412.8 590.4 259.2 437.5 66.6 312.6 0.0 331.2 416.5 513.9 529.1 309.1 577.2 569.9 97.5 603.1 499.6 650.6 187.5 504.5 29.9 574.3 374.5 650.3 307.2 271.5 109.8 564.3 578.2 306.8 604.3 734.8 270.0 309.0 418.8 153.6 325.6 184.2 175.4 253.5 233.3 533.6 536.3 101.5 700.4 217.2 360.2 238.5 265.5 638.2 172.3 605.6 455.1 49.4 562.4 553.7 663.2 228.7 119.2
2177.4 410.1 370.8 336.3 316.9 340.4 309.6 311.1 406.2 173.2 236.6 199.2 272.3 260.2 331.0 314.4 104.0 193.5 218.8 154.0 403.6 350.2 254.5 141.0 230.6 378.5 324.6 303.8 293.1 276.1 151.8 309.8 213.2 176.9 213.1 280.1 346.1 327.8 473.8 386.3 316.3 201.8 403.6 237.9 445.9 259.4 427.9 368.4 307.5 417.2 133.1 428.0 298.9 378.4 270.0 362.9 348.2 99.0 126.5 176.9 354.5 400.7 201.6 274.3 225.3 397.6 0.0 180.6 278.0 293.2 170.0 341.3 334.0 302.7 367.2 263.7 414.7 392.7 268.6 398.3 338.4 138.6 414.4 116.8 226.4 292.4 328.4 342.3 147.4 368.4 498.9 411.5 145.4 182.9 192.9 277.2 325.7 237.9 395.0 206.2 297.7 300.4 420.5 464.5 358.7 124.3 261.8 407.0 402.3 389.9 369.7 219.2 291.5 326.5 317.8 427.3 201.6 384.5
2235.8 408.1 429.2 394.7 375.3 398.8 262.1 369.5 464.6 125.7 189.1 257.6 330.7 318.6 389.4 266.9 103.1 146.0 277.2 212.4 400.1 408.6 312.9 125.4 183.1 436.9 277.1 256.3 245.6 334.5 210.2 368.2 171.3 235.3 271.5 232.6 404.5 280.3 444.5 410.5 268.8 154.3 400.1 296.3 442.4 329.5 486.3 426.8 260.0 413.7 45.0 380.5 293.0 349.1 266.5 305.9 300.7 83.0 184.9 86.3 325.2 459.1 154.1 332.7 283.7 394.1 158.4 0.0 230.5 245.7 228.4 293.8 286.5 361.1 319.7 216.2 397.7 451.1 221.1 394.8 290.9 88.7 385.1 53.7 284.8 350.8 280.9 294.8 205.8 392.6 469.1 469.9 73.9 85.5 251.3 273.7 384.1 296.3 453.4 264.6 250.2 252.9 417.0 435.2 417.1 167.5 320.2 465.4 409.5 376.6 342.5 82.6 349.9 279.0 270.3 379.8 260.0 381.0
2308.2 515.7 555.7 521.2 497.4 525.3 30.8 496.0 591.1 122.0 103.5 379.7 463.8 445.1 515.9 140.3 284.5 172.1 322.6 334.5 464.1 535.1 439.4 236.9 137.0 563.4 142.9 149.5 131.4 456.6 332.3 490.3 119.6 357.4 398.0 186.5 531.0 49.7 240.9 148.0 37.5 180.4 507.7 428.9 550.0 451.6 612.8 553.3 29.4 521.3 280.3 104.3 149.8 189.1 388.6 75.3 70.1 251.1 307.0 231.5 155.8 585.6 180.2 454.8 410.2 501.7 274.9 235.2 0.0 193.4 350.5 63.2 152.3 483.2 89.1 170.1 121.5 569.0 86.9 496.4 59.6 239.7 181.5 289.0 411.3 472.9 146.7 116.9 343.7 134.4 266.0 596.4 309.2 197.4 373.4 395.8 510.6 418.4 579.9 391.1 136.0 21.6 524.6 231.6 543.6 289.6 442.3 591.9 133.3 453.1 84.3 273.8 515.9 47.7 167.8 103.6 386.5 488.6
2305.0 504.0 530.1 497.9 476.2 499.7 194.1 465.4 560.5 100.8 144.3 353.5 442.6 419.5 490.3 88.6 258.3 145.9 314.4 313.3 496.0 504.5 408.8 177.2 50.2 537.8 178.4 209.2 242.5 435.4 306.1 464.1 49.9 336.2 372.4 10.4 505.4 291.6 338.8 232.2 186.3 159.2 496.0 392.2 538.3 425.4 587.2 522.7 266.6 514.6 259.1 202.2 250.9 282.5 362.4 259.8 305.8 224.9 280.8 210.3 251.8 560.0 154.0 433.6 384.6 490.0 259.3 209.0 242.1 0.0 329.5 274.8 161.6 457.0 296.8 42.9 224.4 552.0 146.5 490.7 160.2 218.5 280.1 267.8 385.7 451.7 156.0 121.5 301.7 219.3 363.4 570.8 288.0 176.2 352.2 369.6 480.0 392.2 554.3 360.5 242.1 209.9 512.9 329.5 513.0 268.4 416.1 561.3 236.2 482.3 169.2 252.6 450.8 179.2 97.0 201.5 360.9 481.9
2152.4 304.3 345.8 313.6 291.9 315.4 420.6 286.1 381.2 319.4 349.9 54.5 247.3 235.2 306.0 443.4 145.7 369.5 134.9 73.0 254.4 325.2 229.5 276.6 359.6 353.5 435.6 414.8 404.3 251.1 62.6 284.8 347.8 56.4 188.3 409.1 321.3 438.8 603.0 526.2 427.3 378.1 297.8 212.9 340.1 234.4 402.9 343.4 418.7 311.4 193.7 494.1 451.5 507.6 174.5 464.4 459.2 190.8 51.2 268.7 483.7 375.7 377.6 249.3 202.3 291.8 189.6 272.4 389.0 416.0 0.0 452.5 445.0 277.9 478.2 392.7 511.3 367.9 379.8 292.7 449.4 230.4 544.3 163.1 201.4 267.4 439.6 409.6 146.9 508.3 627.6 386.5 164.9 274.7 168.1 181.5 307.2 212.9 370.0 181.2 408.7 411.4 287.6 593.9 333.7 216.1 236.8 382.0 523.1 251.7 458.2 311.0 267.8 437.5 446.8 493.6 176.6 278.7
2365.6 587.0 613.1 578.6 566.7 582.7 88.2 553.4 648.5 179.4 160.9 449.0 522.1 502.5 573.3 197.7 353.8 229.5 380.0 403.8 580.5 592.5 496.8 280.0 194.4 620.8 200.3 208.3 154.5 525.9 401.6 559.6 177.0 426.7 455.4 243.9 588.4 16.7 211.8 120.0 94.9 237.8 580.5 480.2 622.8 520.9 670.2 610.7 28.2 594.1 337.7 161.7 140.2 116.4 424.6 12.0 81.6 318.3 376.3 288.9 92.5 643.0 237.6 524.1 467.6 574.5 349.8 292.6 57.3 257.0 419.8 0.0 209.7 552.5 96.1 227.5 178.9 641.8 144.3 575.2 117.0 309.0 152.4 366.6 468.7 542.2 204.1 174.3 397.2 106.4 236.9 653.8 395.2 254.8 442.7 431.8 568.0 487.7 637.3 448.5 208.5 79.0 570.3 202.5 601.0 319.6 511.6 649.3 140.3 569.5 107.7 331.2 587.4 105.1 225.2 161.0 443.9 561.4
2331.7 539.2 579.2 544.7 520.9 548.8 119.1 519.5 614.6 145.5 155.8 403.2 487.3 468.6 539.4 78.5 308.0 195.6 346.1 358.0 487.6 558.6 462.9 260.4 160.5 586.9 72.8 155.0 136.9 480.1 355.8 513.8 143.1 380.9 421.5 163.9 554.5 211.6 263.8 152.9 111.3 203.9 531.2 452.4 573.5 475.1 636.3 576.8 191.6 544.8 303.8 127.2 206.3 202.5 412.1 179.8 225.8 274.6 330.5 255.0 171.8 609.1 203.7 478.3 433.7 525.2 298.4 258.7 162.1 177.0 374.0 194.8 0.0 506.7 221.8 139.2 144.4 592.5 45.9 519.9 85.2 263.2 204.4 312.5 434.8 496.4 3.7 40.6 367.2 139.3 288.9 619.9 332.7 220.9 396.9 419.3 534.1 441.9 603.4 414.6 141.5 129.9 548.1 254.5 567.1 313.1 465.8 615.4 156.2 476.6 89.2 297.3 539.4 99.2 106.0 126.5 410.0 512.1
2059.1 108.9 219.4 195.8 19.2 199.9 515.8 170.6 254.8 379.4 442.8 308.6 187.8 257.6 190.5 520.6 260.1 399.7 264.3 263.4 184.3 209.7 251.9 354.1 436.8 227.1 530.8 510.0 499.3 165.9 261.2 12.1 425.0 268.3 210.5 486.3 205.6 534.0 680.0 592.5 522.5 408.0 126.8 253.3 169.1 186.6 173.5 184.3 513.7 85.7 308.1 634.2 505.1 584.6 288.7 569.1 554.4 305.2 235.9 383.1 560.7 249.3 407.8 127.8 280.7 96.4 303.8 386.8 484.2 499.4 279.6 547.5 540.2 0.0 573.4 469.9 620.9 95.0 474.8 97.1 544.6 344.8 620.6 277.5 241.8 207.9 534.6 548.5 261.3 574.6 704.6 201.5 279.3 389.1 135.4 295.9 185.2 145.7 209.0 203.6 503.9 506.6 116.6 670.7 218.2 330.5 208.8 255.6 608.5 171.5 575.9 425.4 109.3 532.7 524.0 633.5 199.0 109.0
2377.4 629.8 624.9 590.4 608.0 594.5 100.0 565.2 660.3 191.2 172.7 490.3 574.4 514.3 585.1 209.5 395.1 241.3 391.8 445.1 621.8 604.3 508.6 321.3 206.2 632.6 212.1 249.6 195.8 567.2 442.9 600.9 188.8 468.0 467.2 255.7 600.2 93.0 253.1 161.3 106.7 249.6 621.8 498.1 664.1 562.2 682.0 622.5 72.7 635.4 349.5 173.5 181.5 157.7 457.8 75.4 50.2 320.3 417.6 300.7 133.8 654.8 249.4 565.4 479.4 615.8 385.5 304.4 69.1 268.8 461.1 90.4 221.5 593.8 0.0 239.3 190.7 683.1 156.1 610.5 128.8 350.3 193.7 358.2 480.5 583.5 215.9 186.1 454.3 147.7 278.2 665.6 378.4 266.6 484.0 465.0 579.8 529.0 649.1 460.3 249.8 90.8 638.7 243.8 612.8 360.9 552.9 661.1 202.5 610.8 153.5 343.0 582.6 116.9 237.0 172.8 455.7 602.7
2290.3 494.3 515.4 480.9 461.5 485.0 156.1 455.7 550.8 86.1 132.3 343.8 427.9 404.8 475.6 50.6 248.6 136.2 304.7 298.6 486.3 494.8 399.1 201.0 40.5 523.1 135.4 217.6 199.5 420.7 296.4 454.4 41.0 321.5 357.7 24.6 490.7 248.6 300.8 189.9 148.3 144.5 486.3 388.6 528.6 415.7 572.5 513.0 228.6 499.9 244.4 164.2 268.9 239.5 352.7 216.8 262.8 215.2 271.1 195.6 208.8 545.3 144.3 418.9 369.9 480.3 239.0 199.3 199.1 37.7 314.6 231.8 118.6 447.3 258.8 0.0 181.4 537.3 108.5 475.0 122.2 203.8 241.4 253.1 371.0 437.0 113.0 78.5 307.8 176.3 325.9 556.1 273.3 161.5 337.5 359.9 470.3 382.5 539.6 350.8 204.1 166.9 503.2 291.5 503.3 253.7 406.4 551.6 193.2 475.3 126.2 237.9 436.1 136.2 54.0 163.5 346.2 467.2
2419.6 639.2 667.1 632.6 617.4 636.7 96.7 607.4 702.5 267.7 243.7 499.7 583.8 556.5 627.3 120.8 404.5 317.8 434.0 454.5 631.2 646.5 550.8 330.7 222.1 674.8 160.7 242.9 205.2 576.6 452.3 610.3 222.6 477.4 509.4 206.2 642.4 163.4 119.3 107.1 88.9 326.1 631.2 540.3 673.5 571.6 724.2 664.7 169.2 644.8 426.0 49.8 190.9 67.5 534.3 131.6 177.6 369.0 427.0 377.2 50.8 697.0 325.9 574.8 521.6 625.2 394.9 380.9 139.7 219.3 470.5 146.6 143.9 603.2 173.6 181.5 0.0 692.5 133.8 619.9 62.8 359.7 59.9 417.3 522.7 592.9 138.3 103.8 463.7 117.5 144.4 707.8 445.9 343.1 493.4 541.5 622.0 538.4 691.3 502.5 229.4 107.5 648.1 110.0 655.0 370.3 562.3 703.3 11.7 620.2 84.8 419.5 592.0 76.8 148.3 17.8 497.9 612.1
2106.9 212.3 139.6 188.7 103.0 250.1 619.0 220.8 175.0 482.6 546.0 412.0 291.2 361.0 218.7 623.8 363.5 502.9 342.8 366.8 234.5 175.2 355.3 457.5 540.0 147.3 634.0 613.2 590.2 269.3 364.6 116.2 528.2 350.2 313.9 589.5 198.5 637.2 764.2 672.4 625.7 511.5 209.5 284.6 251.8 290.0 93.7 104.5 616.9 90.1 411.5 716.4 589.3 668.8 342.5 653.3 657.6 408.6 339.3 486.3 644.9 169.5 511.0 231.2 384.1 199.8 407.2 490.0 587.4 602.6 382.8 668.3 643.4 128.4 695.3 573.1 705.1 0.0 578.0 200.5 647.8 448.2 704.8 380.9 284.4 311.3 637.8 651.7 364.7 658.8 788.8 121.7 382.7 492.5 238.8 349.7 204.6 249.1 129.2 307.0 607.1 609.8 226.4 754.9 185.5 433.9 312.2 175.8 692.7 232.0 660.1 528.6 212.7 635.9 627.2 715.7 302.4 113.4
2285.7 491.7 533.2 498.7 474.9 502.8 108.4 473.5 568.6 99.5 107.7 357.2 441.3 422.6 493.4 67.8 262.0 149.6 300.1 312.0 441.6 512.6 416.9 180.9 114.5 540.9 55.9 109.0 90.9 434.1 309.8 467.8 97.1 334.9 375.5 153.2 508.5 200.9 253.1 146.5 100.6 157.9 485.2 400.3 527.5 417.4 590.3 530.8 180.9 498.8 257.8 116.5 160.3 191.8 366.1 169.1 215.1 228.6 284.5 209.0 161.1 563.1 157.7 432.3 387.7 479.2 258.0 212.7 151.4 160.1 328.0 184.1 65.3 460.7 211.1 128.5 133.7 546.5 0.0 479.9 74.5 217.2 193.7 266.5 388.8 450.4 59.7 29.9 305.4 128.6 277.7 573.9 286.7 174.9 350.9 373.3 488.1 395.9 557.4 368.6 95.5 119.2 475.0 243.8 521.1 267.1 419.8 569.4 145.5 476.2 78.5 251.3 492.1 88.5 95.3 115.8 364.0 466.1
2039.9 62.7 221.9 187.4 104.3 191.5 523.7 162.2 257.3 387.3 450.7 316.5 108.4 265.5 182.1 528.5 268.0 407.6 272.2 271.3 175.9 201.3 259.8 355.4 444.7 229.6 538.7 517.9 507.2 188.2 269.1 97.2 432.9 276.2 218.4 494.2 197.2 541.9 687.9 600.4 530.4 416.2 85.2 261.2 81.3 113.1 258.6 219.5 521.6 144.5 316.0 642.1 513.0 592.5 296.6 577.0 562.3 313.1 243.8 391.0 568.6 251.8 415.7 38.3 288.6 47.8 311.7 394.7 492.1 501.1 287.5 555.4 548.1 90.1 581.3 477.8 628.8 180.1 482.7 0.0 552.5 352.7 628.5 285.4 249.7 81.5 542.5 556.4 269.2 582.5 712.5 262.6 287.2 397.0 125.3 303.8 176.8 168.0 246.1 211.5 511.8 514.5 65.5 678.6 209.8 338.4 231.1 258.1 616.4 163.1 583.8 433.3 21.1 540.6 531.9 641.4 206.9 111.8
2365.8 573.3 613.3 578.8 555.0 582.9 33.9 553.6 648.7 179.6 203.5 437.3 521.4 502.7 573.5 80.6 342.1 229.7 380.2 392.1 521.7 592.7 497.0 314.3 181.9 621.0 120.5 202.7 188.8 514.2 389.9 547.9 177.2 415.0 455.6 166.0 588.6 126.6 181.2 88.3 26.0 238.0 565.3 486.5 607.6 509.2 670.4 610.9 106.3 578.9 337.9 44.6 174.5 129.4 446.2 115.2 147.0 308.7 364.6 289.1 112.7 643.2 237.8 512.4 467.8 559.3 332.5 292.8 76.8 179.1 408.1 130.2 103.7 540.8 157.2 141.3 61.8 626.6 93.6 554.0 0.0 297.3 121.8 346.6 468.9 530.5 98.1 63.6 401.3 74.7 206.3 654.0 366.8 255.0 431.0 453.4 568.2 476.0 637.5 448.7 189.2 44.6 582.2 171.9 601.2 353.9 499.9 649.5 73.6 510.7 24.6 331.4 573.5 13.9 108.1 43.9 444.1 546.2
2177.4 330.8 370.8 336.3 316.9 340.4 266.6 311.1 406.2 130.2 193.6 199.2 283.3 260.2 331.0 271.4 104.0 150.5 218.8 154.0 279.2 350.2 254.5 129.5 187.6 378.5 281.6 260.8 250.1 276.1 151.8 309.8 170.2 176.9 213.1 237.1 346.1 284.8 449.0 410.7 273.3 158.8 322.8 244.0 365.1 271.1 427.9 368.4 264.5 336.4 133.1 385.0 297.5 353.6 174.8 310.4 305.2 39.5 126.5 90.8 329.7 400.7 158.6 274.3 225.3 316.8 94.4 91.6 235.0 250.2 170.0 298.3 291.0 302.7 324.2 220.7 402.2 392.7 225.6 311.5 295.4 0.0 389.6 116.8 226.4 292.4 285.4 299.3 163.2 397.1 474.1 411.5 145.4 90.0 192.9 182.0 325.7 237.9 395.0 206.2 254.7 257.4 339.7 439.7 358.7 172.0 261.8 407.0 414.0 268.2 347.0 130.2 291.5 283.5 274.8 384.3 201.6 303.7
2452.6 654.9 688.5 656.3 634.6 658.1 154.2 628.8 723.9 325.2 274.9 516.9 590.0 577.9 648.7 178.9 421.7 375.3 467.0 471.7 648.4 667.9 572.2 406.6 279.6 696.2 218.2 276.2 222.4 593.8 469.5 627.5 274.3 494.6 530.8 263.7 664.4 180.6 59.3 120.0 146.4 383.9 648.4 555.6 690.7 577.1 745.6 686.1 192.1 662.0 450.8 107.3 208.1 84.7 492.5 148.8 194.8 386.2 444.2 434.7 68.0 718.4 383.4 592.0 545.0 642.4 417.7 438.4 197.2 276.8 487.9 163.8 201.4 620.4 190.8 239.0 57.4 709.7 191.9 643.1 120.3 376.9 0.0 434.5 544.1 610.1 195.8 161.3 465.1 134.7 83.9 729.2 463.1 400.6 510.6 499.7 649.9 555.6 712.7 523.9 286.9 165.0 638.2 49.3 676.4 387.5 579.5 724.7 45.0 624.9 142.3 477.0 655.3 134.3 205.8 75.9 519.3 629.3
2144.1 330.4 337.5 303.0 283.6 307.1 317.1 277.8 372.9 180.7 244.1 165.9 250.0 226.9 297.7 321.9 49.3 201.0 185.5 120.7 322.4 316.9 221.2 180.0 238.1 345.2 332.1 311.3 300.6 242.8 118.5 276.5 220.7 143.6 179.8 287.6 312.8 335.3 499.5 461.2 323.8 209.3 322.4 210.7 364.7 237.8 394.6 335.1 315.0 336.0 71.5 435.5 348.0 404.1 123.5 360.9 355.7 138.0 93.2 141.3 380.2 367.4 209.1 241.0 192.0 316.4 117.3 54.9 285.5 300.7 136.7 348.8 341.5 269.4 374.7 271.2 452.7 359.4 276.1 311.1 345.9 143.7 440.1 0.0 193.1 259.1 335.9 349.8 111.9 447.6 524.6 378.2 42.7 140.5 159.6 130.7 292.4 204.6 361.7 172.9 305.2 307.9 339.3 490.2 325.4 146.3 228.5 373.7 464.5 311.4 397.5 137.6 258.2 334.0 325.3 434.8 168.3 303.3
2083.0 212.7 254.2 219.7 236.5 223.8 473.9 194.5 289.6 321.3 400.9 250.5 301.7 199.5 214.4 462.5 202.0 341.6 188.2 205.3 162.6 233.6 137.9 296.0 378.7 261.9 488.9 468.1 457.4 320.4 203.1 229.4 361.3 195.6 152.4 428.2 229.5 492.1 621.9 530.1 480.6 349.9 206.2 121.3 248.5 306.4 311.3 251.8 471.8 219.8 250.0 547.4 447.0 526.5 230.6 517.7 512.5 247.1 177.8 325.0 502.6 284.1 349.7 231.6 108.7 200.2 245.7 328.7 442.3 441.3 251.0 505.6 498.3 222.3 531.5 411.8 564.6 267.5 432.9 200.9 502.7 286.7 562.5 219.4 0.0 274.8 492.7 462.9 203.2 516.5 646.5 294.9 221.2 331.0 180.3 237.8 209.1 225.3 278.4 127.2 462.0 464.7 196.0 612.6 242.1 272.4 249.2 290.4 550.4 160.1 511.5 367.3 213.1 490.8 465.9 546.7 140.9 187.1
2093.6 132.7 291.9 257.4 174.3 261.5 489.5 232.2 327.3 353.1 416.5 282.3 74.2 231.3 252.1 494.3 233.8 373.4 238.0 237.1 268.3 271.3 225.6 321.2 410.5 299.6 504.5 483.7 473.0 192.3 234.9 167.2 393.1 242.0 184.2 460.0 267.2 507.7 653.7 561.9 496.2 381.7 182.9 233.1 179.0 90.6 328.6 289.5 487.4 214.5 281.8 607.9 478.8 558.3 262.4 542.8 528.1 278.9 209.6 356.8 534.4 321.8 381.5 49.2 256.6 117.8 275.2 360.5 457.9 473.1 253.1 521.2 513.9 160.1 547.1 443.6 594.6 250.1 448.5 91.6 518.3 318.5 594.3 251.2 215.5 0.0 508.3 522.2 250.8 548.3 678.8 332.6 253.0 362.8 91.1 269.6 246.8 154.1 316.1 177.3 477.6 480.3 163.2 644.4 279.8 304.2 178.0 328.1 582.2 257.3 549.6 399.1 66.4 506.4 497.7 607.2 172.7 181.8
2327.9 533.9 575.4 540.9 517.1 545.0 115.3 515.7 610.8 141.7 152.0 399.4 472.5 464.8 535.6 74.7 304.2 191.8 342.3 354.2 483.8 554.8 459.1 256.6 156.7 583.1 69.0 151.2 133.1 476.3 352.0 510.0 144.9 377.1 417.7 160.1 550.7 207.8 260.0 153.4 107.5 200.1 527.4 442.5 569.7 459.6 632.5 573.0 187.8 541.0 300.0 123.4 202.5 198.7 408.3 176.0 222.0 270.8 326.7 251.2 168.0 605.3 199.9 474.5 429.9 521.4 300.2 254.9 158.3 173.2 370.2 191.0 5.5 502.9 218.0 135.4 140.6 588.7 42.1 522.1 81.4 259.4 200.6 308.7 431.0 492.6 0.0 36.8 347.6 135.5 284.6 616.1 328.9 217.1 393.1 415.5 536.8 438.1 599.6 410.8 137.7 126.1 544.3 250.7 563.3 309.3 462.0 611.6 152.4 472.8 85.4 293.5 534.3 95.4 102.2 122.7 406.2 508.3
2315.7 521.7 563.2 528.7 504.9 532.8 78.4 503.5 598.6 129.5 137.7 387.2 460.3 452.6 523.4 37.8 292.0 179.6 330.1 342.0 471.6 542.6 446.9 210.9 139.1 570.9 56.8 139.0 120.9 464.1 339.8 497.8 132.7 364.9 405.5 123.2 538.5 170.9 223.1 112.2 70.6 187.9 515.2 430.3 557.5 459.1 620.3 560.8 150.9 528.8 287.8 86.5 190.3 161.8 396.1 139.1 185.1 258.6 314.5 239.0 131.1 593.1 187.7 462.3 417.7 509.2 288.0 242.7 121.4 136.3 358.2 154.1 40.0 490.7 181.1 98.5 103.7 576.5 29.9 509.9 44.5 247.2 163.7 296.5 418.8 480.4 34.4 0.0 335.4 98.6 248.2 603.9 316.7 204.9 380.9 403.3 524.6 425.9 587.4 398.6 125.5 89.2 505.0 213.8 551.1 297.1 449.8 599.4 115.5 458.8 48.5 281.3 522.1 58.5 65.3 85.8 394.0 496.1
2154.2 294.0 353.5 321.3 317.8 323.1 343.3 293.8 388.9 206.9 270.3 176.0 260.1 237.0 313.7 348.1 85.0 227.2 195.6 130.8 287.5 332.9 231.3 175.0 264.3 361.2 358.3 337.5 326.8 252.9 128.6 310.7 246.9 153.7 189.9 313.8 328.8 361.5 507.5 420.0 350.0 235.5 287.5 214.7 329.8 236.2 410.6 351.1 341.2 301.1 142.3 461.7 332.6 412.1 88.6 396.6 381.9 132.7 103.3 210.6 388.2 383.4 235.3 312.9 202.1 281.5 131.3 214.3 311.7 320.7 146.8 375.0 367.7 303.6 400.9 297.4 448.4 348.8 302.3 282.2 372.1 172.3 448.1 102.4 203.2 356.1 362.1 376.0 0.0 402.1 532.6 394.2 104.2 216.6 169.7 95.8 308.4 214.7 377.7 183.0 331.4 334.1 304.4 498.2 341.4 158.0 238.6 389.7 436.0 264.0 403.4 252.9 294.4 360.2 351.5 461.0 178.4 268.4
2400.9 604.7 636.8 602.3 582.9 606.4 106.1 577.1 672.2 259.1 225.3 465.2 549.3 526.2 597.0 112.2 370.0 309.2 415.3 420.0 596.7 616.2 520.5 296.2 213.5 644.5 152.1 224.5 170.7 542.1 417.8 575.8 212.3 442.9 479.1 197.6 612.1 128.9 179.4 13.5 98.3 317.5 596.7 510.0 639.0 537.1 693.9 634.4 140.4 610.3 399.1 94.2 156.4 63.1 440.8 97.1 143.1 334.5 392.5 368.6 75.7 666.7 317.3 540.3 491.3 590.7 360.4 372.3 149.1 210.7 436.0 112.1 135.3 568.7 139.1 172.9 111.4 658.0 125.2 585.4 72.2 325.2 135.6 382.8 492.4 558.4 129.7 95.2 429.2 0.0 215.7 677.5 411.4 334.5 458.9 448.0 591.7 503.9 661.0 472.2 220.8 116.9 613.6 181.3 624.7 335.8 527.8 673.0 123.2 585.7 37.9 410.9 557.5 86.2 139.7 93.5 467.6 577.6
2532.0 734.3 767.9 735.7 713.5 737.5 233.6 708.2 803.3 404.6 354.3 596.3 669.4 657.3 728.1 257.7 501.1 454.7 546.4 551.1 727.3 747.3 651.6 486.0 359.0 775.6 297.6 355.6 301.3 673.2 548.9 706.9 353.7 573.5 609.7 343.1 742.7 259.5 112.0 206.6 225.8 463.3 727.8 634.5 770.1 656.5 825.0 765.5 271.0 741.4 530.2 186.7 287.5 164.1 571.4 228.2 273.7 465.6 523.6 513.6 147.4 797.8 462.8 671.4 624.4 721.8 496.6 517.3 276.6 355.7 567.3 242.7 280.8 699.8 270.2 318.4 136.8 788.6 270.7 722.0 199.7 456.3 78.7 513.9 623.0 689.5 274.7 240.7 544.5 224.5 0.0 808.6 542.5 480.0 589.5 579.1 729.3 635.0 792.1 602.8 366.3 244.4 717.6 67.9 755.8 466.9 658.9 804.1 124.4 704.3 221.7 556.4 734.7 213.7 285.2 154.7 598.7 708.7
2055.4 277.8 88.1 137.2 166.1 227.8 682.1 172.4 123.5 545.7 609.1 475.1 365.3 424.1 167.2 686.9 426.6 566.0 397.7 429.9 289.4 123.7 418.4 514.0 603.1 95.8 697.1 676.3 653.3 332.4 427.7 179.3 585.7 405.1 377.0 652.6 147.0 700.3 827.3 735.5 688.8 574.3 272.6 345.6 314.9 353.1 66.6 53.0 680.0 153.2 474.6 779.5 652.4 731.9 405.6 716.4 720.7 471.7 402.4 549.4 708.0 118.0 574.1 294.3 449.4 262.9 468.0 553.1 650.5 665.7 445.9 731.4 706.5 191.5 758.4 636.2 768.2 98.3 641.1 257.6 710.9 511.3 767.9 444.0 339.3 374.4 700.9 714.8 443.6 721.9 852.4 0.0 445.8 555.6 301.9 412.8 161.9 312.2 77.7 370.1 670.2 672.9 289.5 818.0 134.0 497.0 375.3 124.3 755.8 278.4 723.2 591.7 277.1 699.0 690.3 778.8 365.5 176.5
2136.4 322.7 329.8 295.3 275.9 299.4 334.8 270.1 365.2 198.4 261.8 158.2 242.3 219.2 290.0 339.6 63.8 218.7 177.8 113.0 314.7 309.2 213.5 188.6 255.8 337.5 349.8 329.0 318.3 235.1 110.8 268.8 238.4 135.9 172.1 305.3 305.1 353.0 517.2 478.9 341.5 227.0 314.7 203.0 357.0 230.1 386.9 327.4 332.7 328.3 28.7 453.2 365.7 421.8 115.8 378.6 373.4 155.7 85.5 159.0 397.9 359.7 226.8 233.3 184.3 308.7 142.6 72.6 303.2 312.2 129.0 366.5 359.2 261.7 392.4 288.9 470.4 351.7 293.8 303.4 363.6 161.4 457.8 53.2 185.4 251.4 353.6 367.5 104.2 465.3 542.3 370.5 0.0 158.2 151.9 123.0 284.7 196.9 354.0 165.2 322.9 325.6 331.6 507.9 317.7 171.6 220.8 366.0 482.2 303.7 415.2 155.3 250.5 351.7 343.0 452.5 160.6 295.6
2208.9 381.2 402.3 367.8 348.4 371.9 205.0 342.6 437.7 68.6 132.0 230.7 314.8 291.7 362.5 209.8 135.5 88.9 250.3 185.5 373.2 381.7 286.0 38.3 126.0 410.0 220.0 199.2 188.5 307.6 183.3 341.3 108.6 208.4 244.6 175.5 377.6 223.2 387.4 349.1 211.7 97.2 373.2 275.5 415.5 302.6 459.4 399.9 202.9 386.8 131.3 323.4 235.9 292.0 239.6 248.8 243.6 102.1 158.0 82.5 268.1 432.2 97.0 305.8 256.8 367.2 125.9 86.2 173.4 188.6 201.5 236.7 229.4 334.2 262.6 159.1 340.6 424.2 164.0 361.9 233.8 90.7 328.0 140.0 257.9 323.9 223.8 237.7 194.7 335.5 412.5 443.0 160.2 0.0 224.4 246.8 357.2 269.4 426.5 237.7 193.1 195.8 390.1 378.1 390.2 132.3 293.3 438.5 352.4 362.2 285.4 124.8 323.0 221.9 213.2 322.7 233.1 354.1
2009.1 169.1 302.4 267.9 148.6 272.0 432.0 242.7 337.8 295.6 361.3 224.8 97.0 173.8 262.6 436.8 176.3 315.9 180.5 179.6 234.2 281.8 168.1 307.2 353.0 310.1 447.0 426.2 415.5 107.8 177.4 141.5 341.2 184.5 126.7 402.5 277.7 450.2 596.2 504.4 438.7 324.2 221.7 169.5 217.8 73.1 302.9 300.0 429.9 215.1 224.3 550.4 421.3 500.8 204.9 485.3 470.6 221.4 152.1 299.3 476.9 332.3 324.0 88.0 196.9 156.6 220.0 303.0 400.4 409.4 195.6 463.7 456.4 134.4 489.6 386.1 537.1 224.4 391.0 136.4 460.8 261.0 536.8 193.7 158.0 106.1 450.8 464.7 177.5 490.8 620.8 330.9 195.5 305.3 0.0 212.1 257.3 69.6 326.6 119.8 420.1 422.8 178.0 586.9 290.3 246.7 93.5 338.6 524.7 208.3 492.1 341.6 105.2 448.9 440.2 549.7 115.2 220.6
2172.6 285.8 343.8 309.3 308.1 313.4 394.2 284.1 379.2 257.8 321.2 215.5 373.3 276.5 304.0 399.0 124.5 278.1 235.1 170.3 277.8 323.2 270.8 225.9 315.2 351.5 409.2 388.4 377.7 292.4 168.1 301.0 297.8 193.2 229.4 364.7 319.1 412.4 558.4 466.6 400.9 286.4 277.8 334.0 320.1 287.4 400.9 341.4 392.1 291.4 172.5 512.6 383.5 463.0 7.1 447.5 432.8 183.6 142.8 261.5 439.1 373.7 286.2 303.2 241.6 271.8 179.9 265.2 362.6 377.8 186.3 425.9 418.6 293.9 451.8 348.3 499.3 339.1 353.2 266.5 423.0 223.2 499.0 141.9 242.7 346.4 413.0 426.9 96.5 453.0 583.5 384.5 143.7 267.5 209.2 0.0 298.7 254.2 368.0 325.1 382.3 385.0 294.7 549.1 331.7 208.9 278.1 380.0 486.9 266.8 454.3 303.8 286.0 411.1 402.4 511.9 217.9 258.7
1972.9 202.1 89.2 43.0 237.4 79.9 571.6 24.5 124.6 419.0 500.9 348.2 276.3 297.2 5.2 560.2 299.7 439.3 285.9 303.0 172.3 68.6 291.5 430.6 476.4 96.9 586.6 565.8 555.1 309.8 300.8 259.0 464.6 288.0 250.1 525.9 50.5 584.5 719.6 632.1 578.3 447.9 195.6 227.7 237.9 295.8 146.3 86.8 569.5 232.9 347.7 645.1 544.7 624.2 328.3 615.4 610.2 344.8 275.5 417.4 600.3 119.1 447.4 221.0 320.3 189.6 338.1 426.4 540.0 539.0 348.9 603.3 596.0 262.8 629.2 509.5 662.3 169.6 530.6 185.0 600.4 384.4 660.9 317.1 227.5 264.2 585.1 560.6 295.6 614.2 744.2 129.9 318.9 428.7 272.7 335.5 0.0 323.0 113.4 224.9 559.7 562.4 185.4 705.0 77.1 370.1 346.9 125.4 648.1 175.1 609.2 465.0 202.5 588.5 563.6 644.4 238.6 256.2
1986.3 228.3 341.2 306.7 153.7 310.8 470.8 281.5 376.6 334.4 397.8 263.6 153.8 212.6 301.4 475.6 215.1 354.7 219.3 218.4 249.6 320.6 206.9 302.5 391.8 348.9 485.8 465.0 454.3 55.9 216.2 146.6 374.4 223.3 165.5 441.3 316.5 489.0 635.0 543.2 477.5 363.0 278.5 214.4 274.6 141.6 308.0 318.8 468.7 220.2 263.1 589.2 460.1 539.6 243.7 524.1 509.4 260.2 190.9 338.1 515.7 371.1 362.8 144.8 237.9 213.4 256.5 341.8 439.2 448.2 234.4 502.5 495.2 139.5 528.4 424.9 575.9 229.5 429.8 187.2 499.6 299.8 575.6 232.5 196.8 162.9 489.6 503.5 232.1 529.6 660.1 336.0 234.3 344.1 179.2 250.9 296.1 0.0 343.5 158.6 458.9 461.6 258.8 625.7 329.1 285.5 23.8 377.4 563.5 238.6 530.9 380.4 162.0 487.7 479.0 588.5 154.0 243.5
2039.7 286.1 72.4 121.5 174.4 212.1 667.7 156.7 107.8 554.0 594.7 483.4 373.6 432.4 151.5 695.2 434.9 574.3 382.0 438.2 273.7 108.0 426.7 522.3 611.4 80.1 682.7 661.9 651.2 340.7 436.0 187.6 594.0 389.4 385.3 660.9 131.3 685.9 835.6 743.8 674.4 582.6 280.9 329.9 323.2 361.4 74.9 37.3 665.6 161.5 482.9 741.2 660.7 740.2 413.9 724.7 706.3 480.0 410.7 557.7 716.3 102.3 582.4 302.6 457.7 271.2 476.3 561.4 636.1 674.0 444.8 699.4 692.1 199.8 725.3 644.5 776.5 106.6 626.7 265.9 696.5 519.6 776.2 452.3 323.6 382.7 686.5 656.7 451.9 730.2 860.7 58.5 454.1 563.9 310.2 421.1 146.2 320.5 0.0 321.0 655.8 658.5 297.8 826.3 118.3 505.3 383.6 108.6 764.1 262.7 731.5 600.0 285.4 684.6 698.6 740.5 373.8 184.8
2094.4 280.9 322.4 290.2 233.9 292.0 403.5 262.7 357.8 226.3 330.5 155.5 200.3 104.5 282.6 367.5 107.0 246.6 117.8 110.3 230.8 301.8 98.8 201.0 283.7 330.1 418.5 397.7 387.0 193.1 108.1 226.8 266.3 125.2 57.4 333.2 297.7 421.7 526.9 435.1 410.2 254.9 274.4 225.2 316.7 176.4 379.5 320.0 401.4 288.0 155.0 477.0 352.0 431.5 135.6 416.0 442.1 152.1 82.8 230.0 407.6 352.3 254.7 191.3 129.8 268.4 150.7 233.7 371.9 346.3 126.5 435.2 427.9 219.7 461.1 316.8 467.8 309.7 362.5 269.1 432.3 191.7 467.5 124.4 225.0 209.4 422.3 392.5 108.2 421.5 552.0 363.1 126.2 236.0 109.9 142.8 283.8 154.9 346.6 0.0 391.6 394.3 264.2 517.6 310.3 177.4 178.8 358.6 455.4 218.0 422.8 272.3 208.5 420.4 370.9 476.3 45.9 255.3
2343.0 632.1 590.5 556.0 610.3 560.1 158.7 530.8 625.9 156.8 104.4 492.6 576.7 479.9 550.7 171.6 397.4 206.9 357.4 447.4 624.1 569.9 474.2 323.6 171.8 598.2 159.7 103.6 85.5 569.5 445.2 603.2 154.4 470.3 432.8 257.0 565.8 176.9 356.9 246.0 204.4 215.2 624.1 463.7 666.4 564.5 647.6 588.1 156.6 637.7 315.1 220.3 118.9 295.6 423.4 202.5 197.3 361.9 419.9 266.3 215.9 620.4 215.0 567.7 445.0 618.1 387.8 270.0 127.1 270.1 463.4 190.4 169.1 596.1 216.3 232.3 237.5 685.4 103.7 612.8 178.3 352.6 297.5 323.8 446.1 585.8 163.5 133.7 456.6 232.4 382.0 631.2 344.0 232.2 486.3 430.6 545.4 531.3 614.7 425.9 0.0 149.5 641.0 347.6 578.4 363.2 555.2 626.7 249.3 613.1 182.3 308.6 584.9 192.3 199.1 219.6 421.3 605.0
2321.1 528.6 568.6 534.1 510.3 538.2 9.1 508.9 604.0 134.9 116.4 392.6 476.7 458.0 528.8 118.6 297.4 185.0 335.5 347.4 477.0 548.0 452.3 249.8 149.9 576.3 155.8 162.4 144.3 469.5 345.2 503.2 132.5 370.3 410.9 199.4 543.9 81.9 219.2 126.3 15.8 193.3 520.6 441.8 562.9 464.5 625.7 566.2 61.6 534.2 293.2 82.6 162.7 167.4 401.5 107.5 102.3 264.0 319.9 244.4 150.7 598.5 193.1 467.7 423.1 514.6 287.8 248.1 32.1 212.5 363.4 95.4 141.7 496.1 121.3 179.3 99.8 581.9 99.8 509.3 37.9 252.6 159.8 301.9 424.2 485.8 136.1 101.6 356.6 112.7 244.3 609.3 322.1 210.3 386.3 408.7 523.5 431.3 592.8 404.0 148.9 0.0 537.5 209.9 556.5 302.5 455.2 604.8 111.6 466.0 62.6 286.7 528.8 26.0 146.1 81.9 399.4 501.5
2089.5 107.1 260.7 228.5 124.4 230.3 595.3 201.0 296.1 458.9 524.6 388.1 165.2 337.1 220.9 600.1 339.6 479.2 343.8 342.9 171.6 240.1 331.4 470.5 516.3 268.4 610.3 589.5 578.8 251.4 340.7 160.4 504.5 347.8 290.0 565.8 192.9 576.4 759.5 672.0 602.0 487.8 43.6 295.7 72.4 184.7 309.5 258.3 593.2 183.3 387.6 713.7 584.6 664.1 368.2 648.6 633.9 384.7 315.4 425.5 640.2 290.6 487.3 109.9 360.2 119.4 346.2 466.3 563.7 578.9 359.1 627.0 619.7 153.3 652.9 549.4 700.4 187.9 554.3 51.5 624.1 424.3 700.8 357.0 321.3 153.1 577.0 628.0 303.7 654.1 784.1 301.4 358.8 468.6 176.9 375.4 222.1 231.2 284.9 283.1 583.4 586.1 0.0 713.1 248.6 410.0 294.3 296.9 688.0 212.2 655.4 504.9 91.4 612.2 603.5 713.0 278.5 150.6
2500.7 704.5 736.6 704.4 682.7 706.2 202.3 676.9 772.0 373.3 323.0 565.0 649.1 626.0 696.8 226.4 469.8 423.4 515.1 519.8 696.5 716.0 620.3 402.6 327.7 744.3 266.3 324.3 270.5 641.9 517.6 675.6 312.1 542.7 578.9 311.8 711.9 228.7 80.7 179.6 194.5 432.0 696.5 603.7 738.8 625.2 793.7 734.2 240.2 710.1 498.9 155.4 256.2 132.8 540.6 196.9 242.9 434.3 492.3 482.8 116.1 766.5 431.5 640.1 593.1 690.5 465.8 486.5 245.3 324.9 536.0 211.9 249.5 668.5 238.9 287.1 105.5 757.8 239.4 691.2 168.4 425.0 48.0 482.6 592.2 658.2 243.9 209.4 513.2 193.2 51.0 777.3 511.2 448.7 558.7 547.8 698.0 603.7 760.8 572.0 335.0 213.1 713.4 0.0 724.5 435.6 627.6 772.8 93.1 673.0 190.4 525.1 657.3 182.4 253.9 123.4 567.4 677.4
1992.6 252.6 63.3 74.4 219.9 165.0 620.6 109.6 98.7 468.0 547.6 397.2 419.1 346.2 104.4 609.2 348.7 488.3 334.9 352.0 226.6 60.9 340.5 436.1 525.4 71.0 635.6 614.8 604.1 386.2 349.8 233.1 508.0 342.3 299.1 574.9 84.2 638.8 768.6 676.8 627.3 496.6 244.6 282.8 286.9 406.9 120.4 60.9 618.5 207.0 396.7 694.1 593.7 673.2 377.3 664.4 659.2 393.8 324.5 471.7 649.3 93.2 496.4 270.0 371.5 238.6 390.1 475.4 589.0 588.0 397.7 652.3 645.0 245.3 678.2 558.5 711.3 152.1 579.6 233.3 649.4 433.4 709.2 366.1 276.5 313.2 639.4 609.6 365.7 663.2 793.7 104.0 367.9 477.7 355.7 384.5 99.1 366.0 87.5 273.9 608.7 611.4 261.5 759.3 0.0 419.1 429.1 99.5 697.1 215.6 658.2 514.0 252.8 637.5 612.6 693.4 287.6 230.3
2237.5 359.5 417.5 383.0 381.8 387.1 282.9 357.8 452.9 146.5 209.9 259.3 343.4 320.3 377.7 287.7 164.1 166.8 278.9 214.1 351.5 396.9 314.6 101.6 203.9 425.2 297.9 277.1 266.4 336.2 211.9 374.7 186.5 237.0 273.2 253.4 392.8 301.1 434.1 342.3 289.6 175.1 351.5 304.1 393.8 331.2 474.6 415.1 280.8 365.1 199.0 401.3 259.2 338.7 217.9 326.7 321.5 128.6 186.6 150.2 314.8 447.4 174.9 376.9 285.4 345.5 154.5 153.9 251.3 266.5 230.1 314.6 307.3 367.6 340.5 237.0 418.5 412.8 241.9 340.2 311.7 119.3 374.7 207.7 286.5 420.1 301.7 315.6 255.5 328.7 459.2 458.2 227.9 106.3 253.0 225.1 372.4 298.0 441.7 266.3 271.0 273.7 368.4 424.8 405.4 0.0 321.9 453.7 362.6 340.5 363.3 192.5 359.7 299.8 291.1 400.6 261.7 332.4
2010.5 252.5 365.4 330.9 177.9 335.0 495.0 305.7 400.8 358.6 422.0 287.8 178.0 236.8 325.6 499.8 239.3 378.9 243.5 242.6 273.8 344.8 231.1 326.7 416.0 373.1 510.0 489.2 478.5 53.4 240.4 170.8 398.6 247.5 189.7 465.5 340.7 513.2 659.2 567.4 501.7 387.2 302.7 238.6 298.8 165.8 332.2 343.0 492.9 244.4 287.3 613.4 484.3 563.8 267.9 548.3 533.6 284.4 215.1 362.3 539.9 395.3 387.0 169.0 262.1 237.6 280.7 366.0 463.4 472.4 258.6 526.7 519.4 163.7 552.6 449.1 600.1 253.7 454.0 211.4 523.8 324.0 599.8 256.7 221.0 187.1 513.8 527.7 256.3 553.8 684.3 360.2 258.5 368.3 176.7 275.1 320.3 24.1 367.7 182.8 483.1 485.8 283.0 649.9 353.3 309.7 0.0 401.6 587.7 262.8 555.1 404.6 186.2 511.9 503.2 612.7 178.2 267.7
2025.1 285.1 66.8 106.9 234.4 197.5 653.1 142.1 75.8 500.5 580.1 429.7 433.6 378.7 136.9 641.7 381.2 520.8 367.4 384.5 259.1 93.4 373.0 468.6 557.9 48.1 668.1 647.3 636.6 400.7 382.3 247.6 540.5 374.8 331.6 607.4 116.7 671.3 801.1 709.3 659.8 529.1 277.1 315.3 319.4 421.4 134.9 75.4 651.0 221.5 429.2 726.6 626.2 705.7 409.8 696.9 691.7 426.3 357.0 504.2 681.8 60.3 528.9 302.5 404.0 271.1 422.6 507.9 621.5 620.5 430.2 684.8 677.5 259.8 710.7 591.0 743.8 166.6 612.1 265.8 681.9 465.9 741.7 398.6 309.0 345.7 671.9 642.1 398.2 695.7 826.2 118.5 400.4 510.2 370.2 417.0 131.6 380.5 102.0 306.4 641.2 643.9 294.0 791.8 103.7 451.6 443.6 0.0 729.6 248.1 690.7 546.5 285.3 670.0 645.1 725.9 320.1 244.8
2423.6 627.4 659.5 625.0 605.6 629.1 109.1 599.8 694.9 280.1 248.0 487.9 572.0 548.9 619.7 133.2 392.7 330.2 438.0 442.7 619.4 638.9 543.2 318.9 234.5 667.2 173.1 247.2 193.4 564.8 440.5 598.5 235.0 465.6 501.8 218.6 634.8 151.6 107.5 95.3 101.3 338.5 619.4 532.7 661.7 559.8 716.6 657.1 163.1 633.0 421.8 62.2 179.1 55.7 463.5 119.8 165.8 357.2 415.2 389.6 39.0 689.4 338.3 563.0 514.0 613.4 383.1 393.3 152.1 225.5 458.7 134.8 156.3 591.4 161.8 193.9 12.3 680.7 146.2 608.1 75.2 347.9 48.1 405.5 515.1 581.1 150.7 116.2 451.9 105.7 132.6 700.2 434.1 355.5 481.6 470.7 614.4 526.6 683.7 494.9 241.8 119.9 636.3 98.2 647.4 358.5 550.5 695.7 0.0 608.4 97.2 431.9 580.2 89.2 160.7 30.2 490.3 600.3
2037.8 173.9 209.0 174.5 196.4 178.6 491.4 149.3 244.4 338.8 418.4 268.0 261.4 217.0 169.2 480.0 219.5 359.1 205.7 222.8 37.0 188.4 211.3 313.5 396.2 216.7 506.4 485.6 457.6 280.1 220.9 189.1 378.8 213.4 152.6 445.7 184.3 509.9 639.4 547.6 498.1 367.7 165.9 130.2 208.2 277.8 266.1 206.6 472.0 179.5 267.5 564.9 464.5 544.0 248.1 535.2 512.7 264.6 195.3 342.8 520.1 238.9 367.2 191.3 242.3 159.9 263.2 328.9 459.8 452.9 268.5 523.4 515.8 182.2 549.0 429.3 582.1 227.2 433.1 160.6 520.2 304.2 580.0 236.9 130.0 234.5 492.9 480.4 203.4 534.0 664.5 249.7 238.7 348.5 180.5 255.3 163.9 242.8 233.2 144.7 479.5 482.2 182.8 630.4 196.9 289.9 266.7 245.2 567.9 0.0 529.0 384.8 174.1 508.3 483.4 546.9 158.4 146.8
2373.0 598.1 620.5 586.0 576.3 590.1 68.1 560.8 655.9 221.1 197.1 458.6 542.7 509.9 580.7 74.2 363.4 271.2 387.4 413.4 590.1 599.9 504.2 289.6 175.5 628.2 114.1 196.3 164.1 535.5 411.2 569.2 176.0 436.3 462.8 159.6 595.8 122.3 192.8 63.6 60.3 279.5 590.1 493.7 632.4 530.5 677.6 618.1 133.8 603.7 379.4 56.2 149.8 113.2 487.7 90.5 136.5 327.9 385.9 330.6 82.5 650.4 279.3 533.7 475.0 584.1 353.8 334.3 111.1 172.7 429.4 105.5 97.3 562.1 132.5 134.9 73.4 651.4 87.2 578.8 34.2 318.6 133.4 376.2 476.1 551.8 91.7 57.2 422.6 50.0 217.9 661.2 404.8 296.5 452.3 494.9 575.4 497.3 644.7 455.9 182.8 78.9 607.0 183.5 608.4 329.2 521.2 656.7 85.2 579.1 0.0 372.9 550.9 48.2 101.7 55.5 451.3 571.0
2297.0 469.3 490.4 455.9 436.5 460.0 323.3 430.7 525.8 186.9 250.3 318.8 402.9 379.8 450.6 328.1 188.4 207.2 338.4 273.6 461.3 469.8 374.1 186.2 244.3 498.1 338.3 317.5 306.8 395.7 271.4 429.4 226.9 296.5 332.7 293.8 465.7 341.5 505.7 467.4 330.0 215.5 461.3 363.6 503.6 390.7 547.5 488.0 321.2 474.9 130.3 441.7 354.2 410.3 327.7 367.1 361.9 144.2 246.1 148.6 386.4 520.3 215.3 393.9 344.9 455.3 214.0 85.2 291.7 306.9 289.6 355.0 347.7 422.3 380.9 277.4 458.9 512.3 282.3 450.0 352.1 149.9 446.3 139.0 346.0 412.0 342.1 356.0 282.8 453.8 530.8 531.1 159.2 146.7 312.5 334.9 445.3 357.5 514.6 325.8 311.4 314.1 478.2 496.4 478.3 228.7 381.4 526.6 470.7 450.3 403.7 0.0 411.1 340.2 331.5 441.0 321.2 442.2
2043.4 63.8 225.4 193.2 106.5 195.0 502.5 165.7 260.8 366.1 431.8 295.3 72.4 244.3 185.6 507.3 246.8 386.4 251.0 250.1 178.1 204.8 238.6 377.7 423.5 233.1 517.5 496.7 487.3 191.7 249.2 100.7 411.7 256.3 197.2 473.0 200.7 520.7 666.7 579.2 509.2 395.0 116.4 240.0 112.5 91.9 262.1 223.0 500.4 148.0 294.8 620.9 491.8 571.3 275.4 555.8 541.1 291.9 222.6 369.8 547.4 255.3 394.5 17.1 267.4 51.3 290.5 373.5 470.9 481.2 266.3 534.2 526.9 92.3 560.1 456.6 607.6 182.3 461.5 29.8 531.3 331.5 608.0 264.2 228.5 60.3 521.3 536.5 248.0 561.3 691.3 266.1 266.0 375.8 104.1 282.6 186.8 167.1 249.6 190.3 490.6 493.3 72.7 657.4 213.3 317.2 234.6 261.6 595.2 176.9 562.6 412.1 0.0 519.4 510.7 620.2 185.7 115.3
2351.8 559.3 599.3 564.8 541.0 568.9 19.9 539.6 634.7 165.6 147.1 423.3 507.4 488.7 559.5 92.5 328.1 215.7 366.2 378.1 507.7 578.7 483.0 280.5 180.6 607.0 132.4 214.6 200.7 500.2 375.9 533.9 163.2 401.0 441.6 177.9 574.6 112.6 193.1 100.2 12.0 224.0 551.3 472.5 593.6 495.2 656.4 596.9 92.3 564.9 323.9 56.5 186.4 141.3 432.2 127.1 133.0 294.7 350.6 275.1 124.6 629.2 223.8 498.4 453.8 545.3 318.5 278.8 62.8 184.8 394.1 126.1 115.6 526.8 152.0 153.2 73.7 612.6 105.5 540.0 11.8 283.3 133.7 332.6 454.9 516.5 110.0 75.5 387.3 86.6 218.2 640.0 352.8 241.0 417.0 439.4 554.2 462.0 623.5 434.7 201.1 30.6 568.2 183.8 587.2 365.8 485.9 635.5 85.5 496.7 36.5 317.4 559.5 0.0 120.0 55.8 430.1 532.2
2336.3 540.3 561.4 526.9 507.5 531.0 134.8 501.7 596.8 132.1 197.1 389.8 473.9 450.8 521.6 29.3 294.6 182.2 350.7 344.6 532.3 540.8 445.1 247.0 86.5 569.1 114.1 196.3 178.2 466.7 342.4 500.4 87.0 367.5 403.7 70.6 536.7 227.3 279.5 168.6 127.0 190.5 532.3 434.6 574.6 461.7 618.5 559.0 207.3 545.9 290.4 142.9 247.6 218.2 398.7 195.5 241.5 261.2 317.1 241.6 187.5 591.3 190.3 464.9 415.9 526.3 285.0 245.3 177.8 83.7 360.6 210.5 97.3 493.3 237.5 45.9 160.1 583.3 87.2 521.0 100.9 249.8 220.1 299.1 417.0 483.0 91.7 57.2 353.8 155.0 304.6 602.1 319.3 207.5 383.5 405.9 516.3 428.5 585.6 396.8 182.8 145.6 549.2 270.2 549.3 299.7 452.4 597.6 171.9 521.3 104.9 283.9 482.1 114.9 0.0 142.2 392.2 513.2
2401.7 609.2 649.2 617.0 625.2 618.8 78.8 589.5 684.6 249.8 225.8 507.5 580.6 538.6 609.4 102.9 412.3 299.9 416.1 462.3 557.6 628.6 532.9 331.2 204.2 656.9 142.8 225.0 206.9 584.4 460.1 618.1 204.7 485.2 491.5 188.3 624.5 171.6 137.2 120.7 71.0 308.2 601.2 516.3 643.5 579.4 706.3 646.8 151.3 614.8 408.1 31.9 208.8 85.4 516.4 149.5 192.0 378.9 434.8 359.3 68.7 679.1 308.0 582.6 505.7 595.2 408.3 363.0 121.8 201.4 478.5 164.5 126.0 611.0 191.5 163.6 17.8 701.0 115.9 595.9 44.9 367.5 77.8 416.8 504.8 600.7 120.4 85.9 455.7 117.0 161.8 689.9 437.0 325.2 501.2 523.6 610.6 546.2 673.4 484.6 211.5 89.6 618.1 127.9 637.1 388.2 570.1 685.4 29.6 544.8 66.9 401.6 601.1 58.9 130.4 0.0 480.0 582.1
2088.8 250.2 290.2 255.7 228.3 259.8 339.8 230.5 325.6 203.4 266.8 132.6 194.7 58.5 250.4 344.6 84.1 223.7 130.2 87.4 198.6 269.6 52.8 171.5 260.8 297.9 354.8 334.0 323.3 187.5 85.2 221.2 243.4 88.3 11.4 310.3 265.5 358.0 504.0 412.2 346.5 232.0 242.2 185.3 284.5 182.5 347.3 287.8 337.7 255.8 132.1 458.2 329.1 408.6 112.7 393.1 378.4 129.2 59.9 207.1 384.7 320.1 231.8 185.7 83.8 236.2 125.5 210.8 308.2 323.4 103.4 371.5 364.2 214.1 397.4 293.9 444.9 303.5 298.8 230.9 368.6 168.8 444.6 101.5 179.0 203.8 358.6 372.5 101.1 398.6 529.1 330.9 103.3 213.1 104.3 119.9 245.1 149.3 314.4 176.4 327.9 330.6 259.1 494.7 278.1 154.5 173.2 326.4 432.5 187.6 399.9 249.4 202.9 356.7 348.0 457.5 0.0 223.1
2009.9 118.1 181.1 146.6 94.1 150.7 519.6 121.4 216.5 383.2 446.6 305.7 205.6 254.7 141.3 524.4 257.2 403.5 243.4 260.5 135.1 160.5 249.0 344.6 440.6 188.8 534.6 513.8 490.8 254.3 258.3 101.2 423.2 250.8 207.6 490.1 156.4 537.8 664.8 573.0 526.3 411.8 110.1 191.3 152.4 222.0 192.9 178.7 517.5 66.7 305.2 617.0 489.9 569.4 243.1 553.9 558.2 302.3 233.0 386.9 545.5 211.0 411.6 135.5 280.0 104.1 298.6 390.6 488.0 497.0 306.2 568.9 544.0 113.4 595.9 473.7 605.7 114.4 478.6 98.8 548.4 341.9 605.4 274.6 185.0 178.7 538.4 552.3 274.2 559.4 689.9 220.9 276.4 343.0 222.5 250.3 136.0 234.1 205.3 182.4 507.7 510.4 127.0 655.5 169.0 327.6 297.2 217.3 593.3 124.1 560.7 429.2 118.3 536.5 527.8 616.3 196.1 0.0
