Name		0557_BED-Amazon_n121_m171_bt28
Number_of_Customers	121
Number_of_Items		171
Number_of_ItemTypes	28
Number_of_Vehicles	1
TimeWindows		0
Dist_type	manual

VEHICLE
Mass_Capacity	1208
CargoSpace_Length	174
CargoSpace_Width	97
CargoSpace_Height	105

CUSTOMERS
i	x	y	Demand	ReadyTime	DueDate	ServiceTime	DemandedMass	DemandedVolume
0	47.464945	-122.231073	0	0	0	0	0	0
1	47.19596	-122.479788	3	0	0	0	6.62	21704
2	47.19334	-122.479811	1	0	0	0	1.9	1176
3	47.214109	-122.481988	1	0	0	0	0.7	2640
4	47.194801	-122.477172	1	0	0	0	0.7	2640
5	47.198931	-122.474341	2	0	0	0	2.45	7248
6	47.196183	-122.491564	1	0	0	0	4.7	1380
7	47.197773	-122.478431	1	0	0	0	4.7	1380
8	47.187552	-122.474262	1	0	0	0	3.01	5544
9	47.202052	-122.47712	1	0	0	0	5.0	7956
10	47.196309	-122.489353	1	0	0	0	3.24	8448
11	47.197825	-122.46835	1	0	0	0	4.7	1380
12	47.192472	-122.496135	1	0	0	0	5.29	8075
13	47.196456	-122.479784	1	0	0	0	1.8	2520
14	47.183781	-122.49868	1	0	0	0	1.9	1176
15	47.192373	-122.482379	1	0	0	0	4.7	1380
16	47.191263	-122.492907	1	0	0	0	4.7	1380
17	47.219324	-122.4813	1	0	0	0	3.82	7600
18	47.196488	-122.474379	1	0	0	0	2.94	14904
19	47.199095	-122.472332	1	0	0	0	1.75	4608
20	47.192903	-122.481154	2	0	0	0	8.0	6280
21	47.201192	-122.494193	3	0	0	0	9.81	14844
22	47.195052	-122.492861	1	0	0	0	1.75	4608
23	47.205751	-122.479091	2	0	0	0	7.71	6924
24	47.20286	-122.477673	1	0	0	0	1.75	4608
25	47.197422	-122.491205	1	0	0	0	1.4	5280
26	47.191806	-122.471143	2	0	0	0	9.8	7618
27	47.188339	-122.470016	1	0	0	0	4.72	6699
28	47.192481	-122.498025	1	0	0	0	3.01	5544
29	47.20073	-122.474331	3	0	0	0	11.9	7920
30	47.198897	-122.478427	1	0	0	0	2.75	9072
31	47.203706	-122.477104	1	0	0	0	9.4	2760
32	47.197938	-122.479772	1	0	0	0	4.7	1380
33	47.195964	-122.47103	2	0	0	0	11.55	3840
34	47.196528	-122.475888	1	0	0	0	4.8	6200
35	47.191439	-122.476963	1	0	0	0	7.3	3640
36	47.188371	-122.478062	1	0	0	0	7.3	3640
37	47.196421	-122.471035	1	0	0	0	4.8	6200
38	47.194214	-122.494021	1	0	0	0	0.7	2640
39	47.19422	-122.48115	1	0	0	0	2.5	3978
40	47.186341	-122.475389	2	0	0	0	9.5	7580
41	47.189608	-122.481033	2	0	0	0	6.85	2460
42	47.217537	-122.480619	3	0	0	0	5.46	12792
43	47.199665	-122.479755	2	0	0	0	6.6	2556
44	47.219363	-122.481993	1	0	0	0	0.7	2640
45	47.215756	-122.480598	1	0	0	0	4.7	1380
46	47.195453	-122.497402	1	0	0	0	7.3	3640
47	47.211265	-122.482401	2	0	0	0	12.27	29500
48	47.189133	-122.4797	2	0	0	0	9.5	7580
49	47.189897	-122.48237	1	0	0	0	0.7	2640
50	47.196918	-122.491556	1	0	0	0	4.7	1380
51	47.201049	-122.476692	1	0	0	0	4.7	1380
52	47.196291	-122.482393	1	0	0	0	4.7	1380
53	47.202859	-122.47199	1	0	0	0	6.56	27900
54	47.191765	-122.49801	1	0	0	0	4.7	1380
55	47.193946	-122.468397	1	0	0	0	4.7	1380
56	47.19742	-122.492238	1	0	0	0	4.7	1380
57	47.205216	-122.463513	1	0	0	0	4.7	1380
58	47.198541	-122.493196	1	0	0	0	4.7	1380
59	47.209986	-122.482399	1	0	0	0	0.7	2640
60	47.195204	-122.475842	3	0	0	0	6.85	18986
61	47.195142	-122.499486	1	0	0	0	1.38	5100
62	47.203832	-122.4778	1	0	0	0	4.7	1380
63	47.214636	-122.481989	1	0	0	0	0.7	2640
64	47.215789	-122.480597	2	0	0	0	5.4	4020
65	47.193932	-122.471084	1	0	0	0	1.75	4608
66	47.193241	-122.477132	1	0	0	0	4.7	1380
67	47.20824	-122.481329	1	0	0	0	4.7	1380
68	47.191268	-122.490314	1	0	0	0	1.75	4608
69	47.201931	-122.47559	1	0	0	0	4.7	1380
70	47.190581	-122.479181	2	0	0	0	6.85	7080
71	47.201782	-122.494471	1	0	0	0	7.3	3640
72	47.192735	-122.477088	1	0	0	0	7.3	3640
73	47.208776	-122.480242	1	0	0	0	4.7	1380
74	47.200186	-122.482379	1	0	0	0	10.58	16150
75	47.197931	-122.477147	1	0	0	0	4.7	1380
76	47.188908	-122.469881	1	0	0	0	4.7	1380
77	47.203005	-122.478411	1	0	0	0	3.01	5544
78	47.193206	-122.499977	1	0	0	0	4.7	1380
79	47.195452	-122.482385	3	0	0	0	12.21	10360
80	47.200609	-122.478422	1	0	0	0	2.5	3978
81	47.187023	-122.479379	1	0	0	0	4.7	1380
82	47.189062	-122.496733	1	0	0	0	1.9	1176
83	47.208822	-122.482407	1	0	0	0	5.29	8075
84	47.201701	-122.481096	2	0	0	0	18.31	9540
85	47.196165	-122.474389	1	0	0	0	3.82	7600
86	47.205321	-122.481337	2	0	0	0	2.29	6040
87	47.202482	-122.479734	1	0	0	0	5.0	7956
88	47.197631	-122.471031	1	0	0	0	4.7	1380
89	47.191023	-122.49733	1	0	0	0	1.9	1176
90	47.189899	-122.472478	1	0	0	0	0.7	2640
91	47.187407	-122.472555	2	0	0	0	9.41	15385
92	47.192448	-122.467134	1	0	0	0	7.3	3640
93	47.216875	-122.482678	1	0	0	0	4.7	1380
94	47.187577	-122.475215	1	0	0	0	0.7	2640
95	47.189178	-122.482353	1	0	0	0	7.3	3640
96	47.196463	-122.477159	2	0	0	0	12.0	5020
97	47.192465	-122.491599	1	0	0	0	4.7	1380
98	47.192465	-122.494764	3	0	0	0	15.57	34400
99	47.2136	-122.483917	1	0	0	0	0.7	2640
100	47.184381	-122.497821	1	0	0	0	1.9	1176
101	47.202	-122.470972	1	0	0	0	14.15	1000
102	47.189627	-122.479702	2	0	0	0	6.6	2556
103	47.205664	-122.480243	1	0	0	0	0.7	2640
104	47.202548	-122.474356	1	0	0	0	7.3	3640
105	47.191639	-122.49535	1	0	0	0	4.7	1380
106	47.207075	-122.477539	1	0	0	0	1.9	1176
107	47.200371	-122.479749	1	0	0	0	4.7	1380
108	47.204269	-122.462595	1	0	0	0	0.7	2640
109	47.198845	-122.468307	2	0	0	0	11.55	3840
110	47.194377	-122.478465	1	0	0	0	4.7	1380
111	47.194181	-122.495318	1	0	0	0	4.73	10000
112	47.19353	-122.481152	1	0	0	0	4.7	1380
113	47.191565	-122.491609	1	0	0	0	9.4	2760
114	47.193199	-122.499054	1	0	0	0	1.8	2520
115	47.189337	-122.471183	3	0	0	0	3.83	12348
116	47.19922	-122.469842	1	0	0	0	1.75	4608
117	47.205738	-122.477647	1	0	0	0	9.4	2760
118	47.201486	-122.473613	1	0	0	0	3.82	8580
119	47.216782	-122.481759	3	0	0	0	7.15	8628
120	47.191137	-122.500331	1	0	0	0	3.01	5544
121	47.194642	-122.47106	1	0	0	0	4.7	1380

ITEMS
Type	Length	Width	Height	Mass	Fragility	LoadBearingStrength
Bt1	10	10	10	14.15	1	0
Bt2	18	12	5	2.15	1	0
Bt3	21	14	4	1.9	1	0
Bt4	23	15	4	4.7	1	0
Bt5	20	18	7	1.8	1	0
Bt6	15	11	16	0.7	1	0
Bt7	34	10	10	1.59	1	0
Bt8	20	14	13	7.3	1	0
Bt9	17	13	18	2.5	1	0
Bt10	24	12	16	1.75	1	0
Bt11	30	17	10	1.38	1	0
Bt12	40	15	9	4.21	1	0
Bt13	28	22	9	3.01	1	0
Bt14	30	19	10	2.15	1	0
Bt15	31	20	10	4.8	1	0
Bt16	29	21	11	4.72	1	0
Bt17	40	19	10	3.82	1	0
Bt18	25	19	17	5.29	1	0
Bt19	44	16	12	3.24	1	0
Bt20	22	15	26	3.816	1	0
Bt21	28	18	18	2.75	1	0
Bt22	50	20	10	4.73	1	0
Bt23	40	20	13	2.6	1	0
Bt24	29	27	15	2.11	1	0
Bt25	26	20	26	2.91	1	0
Bt26	27	23	24	2.94	1	0
Bt27	30	30	31	6.56	1	0
Bt28	38	37	20	7.568	1	0

DEMANDS PER CUSTOMER
i	Type Quantity
1	Bt6 1	Bt25 1	Bt13 1	
2	Bt3 1	
3	Bt6 1	
4	Bt6 1	
5	Bt10 1	Bt6 1	
6	Bt4 1	
7	Bt4 1	
8	Bt13 1	
9	Bt9 2	
10	Bt19 1	
11	Bt4 1	
12	Bt18 1	
13	Bt5 1	
14	Bt3 1	
15	Bt4 1	
16	Bt4 1	
17	Bt17 1	
18	Bt26 1	
19	Bt10 1	
20	Bt8 1	Bt6 1	
21	Bt6 3	Bt4 1	Bt13 1	
22	Bt10 1	
23	Bt13 1	Bt4 1	
24	Bt10 1	
25	Bt6 2	
26	Bt9 1	Bt8 1	
27	Bt16 1	
28	Bt13 1	
29	Bt6 1	Bt5 1	Bt4 2	
30	Bt21 1	
31	Bt4 2	
32	Bt4 1	
33	Bt4 2	Bt2 1	
34	Bt15 1	
35	Bt8 1	
36	Bt8 1	
37	Bt15 1	
38	Bt6 1	
39	Bt9 1	
40	Bt15 1	Bt4 1	
41	Bt2 1	Bt4 1	
42	Bt10 1	Bt6 1	Bt13 1	
43	Bt3 1	Bt4 1	
44	Bt6 1	
45	Bt4 1	
46	Bt8 1	
47	Bt4 1	Bt28 1	
48	Bt4 1	Bt15 1	
49	Bt6 1	
50	Bt4 1	
51	Bt4 1	
52	Bt4 1	
53	Bt27 1	
54	Bt4 1	
55	Bt4 1	
56	Bt4 1	
57	Bt4 1	
58	Bt4 1	
59	Bt6 1	
60	Bt23 1	Bt9 1	Bt10 1	
61	Bt11 1	
62	Bt4 1	
63	Bt6 1	
64	Bt6 1	Bt4 1	
65	Bt10 1	
66	Bt4 1	
67	Bt4 1	
68	Bt10 1	
69	Bt4 1	
70	Bt14 1	Bt4 1	
71	Bt8 1	
72	Bt8 1	
73	Bt4 1	
74	Bt18 2	
75	Bt4 1	
76	Bt4 1	
77	Bt13 1	
78	Bt4 1	
79	Bt3 1	Bt13 1	Bt8 1	
80	Bt9 1	
81	Bt4 1	
82	Bt3 1	
83	Bt18 1	
84	Bt4 3	Bt12 1	
85	Bt17 1	
86	Bt7 1	Bt6 1	
87	Bt9 2	
88	Bt4 1	
89	Bt3 1	
90	Bt6 1	
91	Bt8 1	Bt24 1	
92	Bt8 1	
93	Bt4 1	
94	Bt6 1	
95	Bt8 1	
96	Bt8 1	Bt4 1	
97	Bt4 1	
98	Bt28 1	Bt6 1	Bt8 1	
99	Bt6 1	
100	Bt3 1	
101	Bt1 1	
102	Bt3 1	Bt4 1	
103	Bt6 1	
104	Bt8 1	
105	Bt4 1	
106	Bt3 1	
107	Bt4 1	
108	Bt6 1	
109	Bt2 1	Bt4 2	
110	Bt4 1	
111	Bt22 1	
112	Bt4 1	
113	Bt4 2	
114	Bt5 1	
115	Bt10 1	Bt6 1	Bt11 1	
116	Bt10 1	
117	Bt4 2	
118	Bt20 1	
119	Bt6 1	Bt4 1	Bt10 1	
120	Bt13 1	
121	Bt4 1	

DISTANCE MATRIX
0.0 2700.2 2652.2 2623.9 2651.8 2679.6 2808.4 2695.8 2657.4 2748.2 2809.4 2660.2 2803.9 2708.8 2903.0 2651.1 2723.4 2574.3 2655.9 2627.9 2669.5 2900.3 2763.8 2731.7 2753.2 2814.4 2555.9 2554.9 2834.5 2708.8 2717.2 2764.6 2711.7 2623.5 2674.8 2594.2 2643.2 2644.1 2817.1 2694.0 2712.0 2630.2 2589.6 2746.0 2569.0 2566.8 2859.7 2695.7 2626.8 2633.0 2826.1 2720.7 2700.3 2675.3 2803.7 2572.0 2804.5 2641.9 2850.4 2712.7 2671.8 2879.5 2802.4 2609.9 2565.0 2604.4 2626.1 2722.8 2707.6 2733.2 2622.7 2905.4 2617.6 2718.7 2757.7 2688.0 2538.6 2771.3 2821.9 2686.7 2749.6 2683.2 2809.6 2743.9 2787.3 2649.7 2760.6 2797.5 2650.3 2769.0 2551.7 2630.4 2576.9 2600.5 2644.1 2649.9 2678.3 2766.7 2777.3 2642.5 2863.4 2699.7 2616.4 2746.4 2733.6 2771.5 2713.9 2760.1 2669.1 2650.9 2665.7 2801.2 2680.4 2718.9 2820.8 2550.6 2646.0 2725.6 2692.9 2577.7 2774.0 2615.3
2504.6 0.0 49.1 386.7 72.8 127.4 203.3 64.1 359.3 165.2 198.4 186.0 331.8 8.6 430.9 104.2 251.3 468.6 106.7 143.1 92.8 271.0 214.3 211.5 173.6 157.6 214.2 256.8 362.4 165.4 95.6 197.6 36.1 155.6 104.1 132.0 193.7 148.3 265.5 70.6 531.4 168.2 473.1 70.4 448.1 403.2 272.7 287.3 136.7 153.2 186.7 142.6 64.6 190.5 331.6 221.0 194.0 351.1 221.1 261.7 85.1 320.8 199.3 372.7 402.5 171.8 98.5 269.4 235.5 163.9 96.1 276.1 107.0 295.3 120.8 81.1 240.5 168.2 349.8 65.9 124.1 193.1 337.5 243.7 139.6 113.2 225.4 130.9 147.5 296.9 203.7 332.3 260.6 429.0 346.0 170.1 74.9 294.6 305.2 332.5 391.3 228.0 126.3 219.1 233.1 299.4 274.9 84.5 402.5 208.6 63.0 277.3 81.9 246.8 348.7 231.9 182.8 255.9 178.6 428.7 301.9 160.9
2539.6 47.9 0.0 414.0 74.9 175.4 251.3 113.3 310.1 208.4 246.4 234.0 282.6 56.5 381.7 75.2 202.1 495.9 145.6 178.1 65.1 319.0 242.5 259.5 221.6 205.6 165.1 207.6 313.2 213.4 134.7 238.1 84.1 171.1 128.4 86.8 144.5 188.3 295.8 50.5 482.2 119.0 500.4 118.4 475.4 430.5 320.7 315.3 87.5 124.2 234.7 190.6 92.6 225.5 282.4 185.6 242.0 386.1 269.1 289.7 105.4 358.2 242.3 400.0 430.9 148.6 58.9 297.4 186.3 211.9 72.3 324.1 67.4 316.9 150.0 128.3 191.3 211.2 300.6 79.0 167.1 143.9 288.3 271.7 183.9 139.4 251.9 178.9 195.5 247.7 177.0 283.1 217.5 456.3 296.8 141.1 101.4 245.4 256.0 359.8 342.1 249.9 77.1 267.1 278.7 250.2 312.0 132.5 427.4 252.9 52.1 279.9 58.8 197.6 299.5 182.7 217.8 294.3 226.6 456.0 252.7 159.5
2460.9 464.8 494.1 0.0 447.6 370.7 457.8 408.9 627.6 375.7 429.1 420.4 593.9 445.7 693.0 453.9 475.2 159.0 405.4 317.1 519.8 384.1 439.9 327.5 354.9 388.3 429.4 525.1 590.1 351.3 422.6 356.7 424.8 393.0 424.3 480.5 584.8 384.2 491.1 500.6 734.5 528.4 150.8 434.6 120.5 67.3 498.3 152.1 525.0 502.9 441.2 359.8 404.8 297.0 593.7 458.5 419.6 378.0 402.9 169.1 425.3 546.4 386.7 14.0 67.7 418.0 462.8 268.3 491.2 357.4 520.9 404.7 471.3 266.7 349.7 401.1 508.8 373.0 567.6 415.6 404.6 581.4 599.6 233.6 383.3 399.2 295.5 408.5 383.4 559.0 431.9 600.6 490.4 99.3 614.3 519.8 414.9 550.3 567.3 98.9 653.4 328.4 514.6 301.2 335.3 561.5 309.7 428.7 459.3 401.5 469.2 502.9 508.9 502.5 568.1 492.6 363.3 321.4 332.0 74.8 564.0 407.1
2492.3 71.6 74.9 436.7 0.0 117.6 244.2 88.9 307.9 133.4 239.3 176.2 327.5 80.2 426.6 120.7 247.0 518.6 85.0 130.8 100.6 311.9 255.2 255.4 169.7 198.5 155.4 205.4 358.1 166.2 110.3 163.1 107.8 108.4 65.7 59.1 180.7 131.0 306.4 81.4 480.0 183.5 501.2 142.1 498.1 431.3 313.6 318.9 162.5 169.7 227.6 125.2 114.6 178.2 327.3 170.3 234.9 338.8 262.0 293.3 46.7 361.7 216.6 422.7 431.7 133.3 25.6 301.0 231.2 154.1 132.5 317.0 34.1 333.0 153.6 53.3 189.1 185.5 345.5 109.9 142.7 218.9 333.2 275.3 170.6 78.8 255.5 200.7 137.7 292.6 161.7 280.9 202.2 479.0 294.6 186.6 26.4 290.3 300.9 382.5 387.0 202.6 152.1 283.6 203.7 295.1 262.8 156.2 392.7 195.1 50.0 324.8 89.7 242.5 344.4 218.6 170.5 224.8 182.4 478.7 297.6 122.5
2417.4 145.0 208.1 422.1 142.6 0.0 262.8 97.7 359.9 107.0 257.9 134.7 427.8 134.5 526.9 206.5 309.1 447.3 62.8 49.4 212.3 330.5 273.8 233.6 146.0 217.1 161.7 257.4 424.0 37.9 94.0 139.4 113.6 129.3 125.0 201.8 295.0 122.0 325.0 187.8 539.1 260.7 426.3 106.0 483.5 356.4 332.2 315.1 300.3 255.5 246.2 88.9 157.4 103.3 427.6 190.8 253.5 263.9 280.6 289.5 126.0 380.3 177.7 408.1 355.7 161.7 168.3 282.2 338.1 96.4 236.8 335.6 176.8 281.4 148.6 89.9 241.1 146.6 401.5 168.2 102.5 352.1 433.5 271.5 157.9 69.3 251.7 165.7 100.5 392.9 164.2 332.9 222.7 464.4 346.6 272.4 116.1 397.2 401.2 367.9 487.3 123.3 285.3 253.9 112.2 395.4 219.6 120.1 287.2 112.1 155.0 336.8 201.4 349.4 402.0 224.9 77.6 201.1 74.2 411.3 397.9 150.8
2648.3 209.2 258.4 448.7 245.1 271.1 0.0 207.8 483.2 304.9 44.7 329.7 211.1 198.7 317.5 210.5 99.7 501.9 250.4 286.8 249.9 163.4 68.0 324.6 300.8 40.4 355.2 380.7 196.6 309.1 229.2 334.6 197.8 324.7 294.4 304.3 316.2 292.0 103.3 225.4 587.3 261.6 535.1 232.1 481.4 465.2 104.8 361.5 278.6 259.5 19.4 285.8 161.4 334.2 210.0 388.2 67.6 494.8 113.5 335.9 275.4 152.9 336.8 434.7 465.6 331.7 270.8 343.6 140.8 307.6 330.8 168.5 279.3 363.1 196.2 224.8 364.4 305.7 174.1 172.2 261.6 335.0 224.1 317.9 246.8 256.9 298.1 284.0 291.2 183.5 357.7 456.2 416.2 491.0 469.9 276.4 218.6 250.7 184.5 389.6 277.9 371.7 268.2 314.1 360.3 186.0 358.2 246.2 546.2 348.6 245.1 109.4 239.0 202.9 174.6 355.8 326.5 340.5 322.3 490.7 188.5 320.8
2493.5 71.9 113.3 367.2 88.9 98.2 186.9 0.0 387.4 114.7 182.0 163.7 351.9 58.6 451.0 130.6 233.2 449.1 84.4 125.5 139.0 254.6 197.9 184.7 109.8 141.2 189.2 284.9 348.1 129.5 21.4 144.4 37.7 162.9 120.2 148.1 201.1 126.0 249.1 119.8 535.6 221.2 453.6 72.0 428.6 383.7 256.3 261.6 200.9 179.6 170.3 88.5 81.5 179.4 351.7 237.1 177.6 340.0 204.7 236.0 101.2 304.4 128.9 353.2 384.1 165.7 114.6 243.7 283.5 136.6 152.9 259.7 123.1 263.2 96.3 78.1 268.6 97.8 325.6 92.3 53.7 248.2 357.6 218.0 113.3 90.9 198.2 131.0 125.2 317.0 191.7 360.4 273.8 409.5 374.1 196.5 52.6 342.6 325.3 313.0 411.4 199.4 190.5 211.6 169.3 319.5 211.9 86.1 363.3 191.9 61.1 260.9 128.1 294.8 326.1 252.4 153.7 186.6 150.3 409.2 322.0 154.8
2484.4 398.5 350.5 634.0 338.0 352.3 464.8 368.5 0.0 420.9 465.8 312.8 460.3 407.1 559.4 307.5 379.8 692.0 342.7 300.6 365.2 556.7 420.2 493.5 425.9 487.9 224.8 82.8 490.9 381.5 389.9 437.3 384.4 266.3 345.9 250.6 299.6 286.1 473.5 386.7 465.9 286.6 671.0 418.7 701.7 601.1 516.1 585.0 283.2 289.4 482.5 393.4 356.7 348.0 460.1 247.2 460.9 403.3 506.8 559.4 320.8 535.9 475.1 620.0 601.5 246.4 312.3 526.9 364.0 405.9 279.1 561.8 303.8 526.1 443.0 360.7 113.3 444.0 478.3 343.1 422.3 339.6 466.0 541.4 460.0 336.5 511.0 470.2 307.1 425.4 282.1 83.9 237.4 669.7 35.9 306.3 364.5 423.1 433.7 663.4 519.8 372.4 272.8 496.8 406.3 427.9 464.3 432.8 430.5 331.7 354.3 457.6 376.1 375.3 477.2 288.0 318.9 462.9 365.6 656.0 430.4 257.3
2425.5 157.2 199.7 365.2 124.7 112.5 275.3 110.2 435.8 0.0 270.4 225.1 440.3 158.0 539.4 219.0 321.6 447.1 148.0 125.3 225.4 340.3 286.3 123.8 36.2 226.9 237.5 333.3 436.5 75.7 93.3 32.3 126.1 194.2 174.0 183.9 305.5 189.6 337.5 206.2 584.0 305.6 406.0 96.4 426.6 381.7 344.7 251.6 291.9 268.0 258.7 37.4 169.9 96.5 440.1 266.7 266.0 272.0 293.1 226.8 152.3 392.8 85.4 351.2 381.0 226.2 150.4 191.9 356.0 56.9 246.7 348.1 158.9 199.5 119.4 74.4 317.0 54.3 414.0 178.0 60.9 343.7 446.0 208.8 92.4 154.5 162.7 89.8 189.0 405.4 240.1 408.8 298.6 407.5 422.5 284.9 98.2 415.1 408.2 328.4 499.8 127.9 274.2 150.1 70.2 407.9 129.3 85.0 353.3 202.5 167.1 349.3 214.5 364.6 414.5 298.1 168.0 91.3 99.4 406.8 410.4 215.3
2646.4 207.3 256.5 418.1 243.2 269.2 54.2 205.9 481.3 303.0 0.0 327.8 231.0 196.8 337.4 208.6 119.6 500.0 248.5 284.9 248.0 183.3 84.3 322.7 298.9 78.3 353.3 378.8 216.5 307.2 227.3 332.7 195.9 322.8 292.5 302.4 314.3 290.1 123.5 223.5 585.4 259.7 504.5 230.2 479.5 434.6 124.7 359.6 276.7 257.6 57.3 283.9 159.5 332.3 229.9 386.3 87.5 492.9 133.4 334.0 273.5 172.8 334.9 404.1 435.0 329.8 268.9 341.7 139.3 305.7 328.9 188.4 277.4 361.2 194.3 222.9 362.5 303.8 194.0 170.3 259.7 333.1 244.0 316.0 244.9 255.0 296.2 282.1 289.3 203.4 355.8 454.3 414.3 460.4 468.0 274.5 216.7 249.2 204.4 408.3 297.8 369.8 266.3 312.2 358.4 205.9 356.3 244.3 544.3 346.7 243.2 129.3 237.1 201.4 194.5 353.9 324.6 338.6 320.4 460.1 208.4 318.9
2421.2 186.0 235.2 422.2 171.2 122.5 303.8 138.7 322.7 207.2 298.9 0.0 449.9 175.5 549.0 247.5 350.1 480.2 121.8 88.8 253.3 371.5 314.8 281.7 214.1 258.1 166.2 220.2 465.0 160.5 160.1 236.9 154.6 88.3 183.6 228.3 332.6 78.0 366.0 228.8 475.8 276.2 459.2 188.9 489.9 389.3 373.2 378.5 272.8 296.5 287.2 179.7 198.4 136.2 449.7 88.1 294.5 196.7 321.6 352.9 184.6 421.3 267.7 408.2 389.7 117.7 196.9 315.1 353.6 192.2 268.7 376.6 205.4 314.3 213.2 130.9 203.9 236.6 442.5 209.2 192.5 329.2 455.6 334.9 230.2 128.3 315.1 249.4 57.2 415.0 179.7 295.7 156.3 457.9 309.4 313.4 144.7 412.7 423.3 451.6 509.4 116.3 262.4 285.0 194.5 417.5 252.5 203.0 223.9 18.9 196.0 377.8 242.4 364.9 443.0 229.4 67.6 251.1 151.9 444.2 420.0 106.8
2645.8 392.3 296.0 594.7 428.2 454.2 191.2 390.9 455.2 488.0 221.6 512.8 0.0 381.8 270.1 252.7 212.1 685.0 433.5 469.9 292.9 276.9 182.1 490.8 483.9 223.5 353.1 352.7 30.5 492.2 412.3 517.7 380.9 393.2 477.5 285.1 288.2 475.1 141.3 312.6 627.3 233.6 681.1 415.2 664.5 611.2 163.5 544.6 250.6 214.6 214.3 468.9 344.5 517.3 61.9 411.1 213.6 564.7 259.5 519.0 458.5 132.5 519.9 580.7 611.6 386.1 317.0 510.5 157.2 490.7 316.9 282.0 308.5 538.0 379.3 407.9 336.4 488.8 85.7 355.3 444.7 307.0 176.7 501.0 429.9 440.0 474.6 467.1 474.3 136.1 301.4 428.2 416.0 637.0 441.9 231.5 401.7 197.9 24.9 535.6 230.5 554.8 240.2 480.3 543.4 90.9 524.4 429.3 591.9 531.7 330.7 98.4 300.9 150.1 73.8 327.8 509.6 506.7 505.4 636.7 101.6 397.0
2496.0 10.4 59.6 375.0 83.3 118.8 194.7 55.5 369.8 159.3 189.8 177.4 342.3 0.0 441.4 114.7 241.0 456.9 98.1 134.5 103.3 262.4 205.7 202.9 165.0 149.0 202.9 267.3 355.9 156.8 87.0 189.0 27.5 157.3 114.6 142.5 204.2 139.7 256.9 81.1 541.9 178.7 461.4 61.8 436.4 391.5 264.1 269.4 147.2 163.7 178.1 134.0 75.1 181.9 342.1 231.5 185.4 342.5 212.5 243.8 95.6 312.2 190.7 361.0 391.9 179.4 109.0 251.5 246.0 155.3 132.0 267.5 117.5 286.7 104.1 72.5 251.0 159.6 333.4 76.4 115.5 203.6 348.0 225.8 131.7 104.6 206.0 122.3 138.9 307.4 205.4 342.8 271.1 417.3 356.5 180.6 66.3 305.1 315.7 320.8 401.8 219.4 136.8 210.5 224.5 309.9 266.3 75.9 393.9 196.3 73.5 268.7 92.4 257.3 333.9 266.1 174.2 247.3 170.0 417.0 312.4 168.5
2723.8 422.0 374.0 652.4 420.7 519.6 293.0 469.9 533.2 543.4 323.4 536.5 269.0 430.6 0.0 330.7 208.0 734.3 498.9 475.6 370.9 384.9 248.4 551.0 528.9 299.0 431.1 430.7 256.1 558.2 487.3 565.8 458.2 471.2 486.5 363.1 366.2 493.8 309.2 390.6 705.3 311.6 738.8 480.1 713.8 668.9 340.9 587.8 328.6 292.6 310.7 517.2 379.9 523.0 240.1 489.1 289.1 642.7 335.0 577.0 461.7 317.0 566.0 638.4 669.3 464.1 395.0 567.3 235.2 565.8 394.9 390.0 386.5 586.8 437.3 474.1 414.4 534.9 242.1 366.3 507.7 385.0 131.4 559.0 489.5 499.6 533.4 512.1 498.0 208.2 379.4 506.2 494.0 694.7 519.9 309.5 447.2 275.9 242.4 611.1 30.5 547.4 318.2 540.5 588.4 236.6 584.6 494.2 669.9 553.5 408.7 266.3 378.9 228.1 254.8 405.8 515.3 566.9 540.6 694.4 194.2 475.0
2574.5 96.3 67.1 383.1 118.0 199.4 242.3 147.8 307.5 222.3 210.2 258.0 237.8 104.9 336.9 0.0 157.3 465.0 178.1 215.1 59.0 282.8 197.7 234.9 211.1 169.4 191.5 205.0 268.4 237.1 165.8 248.0 132.5 201.5 158.8 113.2 154.9 220.3 251.0 59.8 479.6 104.3 469.5 158.6 444.5 399.6 284.5 271.8 131.9 48.9 198.5 196.1 49.1 262.5 237.6 228.7 205.8 421.0 232.9 246.2 139.8 313.4 248.2 369.1 400.0 191.7 102.0 253.9 141.5 244.7 116.7 287.9 110.5 273.4 106.5 164.4 188.7 217.1 255.8 35.5 186.6 172.3 243.5 228.2 168.4 171.9 208.4 194.3 219.5 202.9 153.7 280.5 260.6 425.4 294.2 65.8 137.5 200.6 211.2 328.9 297.3 300.0 121.5 224.4 270.6 205.4 268.5 172.7 474.5 276.9 95.2 235.1 48.1 152.8 254.7 180.1 254.8 250.8 260.4 425.1 207.9 202.6
2573.9 259.7 308.9 462.1 295.6 321.6 84.9 258.3 383.3 355.4 115.3 380.2 118.6 249.2 217.7 261.0 0.0 552.4 300.9 337.3 300.4 176.8 40.3 358.2 351.3 90.9 281.2 280.8 149.2 359.6 279.7 385.1 248.3 375.2 344.9 213.2 216.3 342.5 93.6 275.9 555.4 161.7 548.5 282.6 531.9 478.6 136.2 412.0 178.7 142.7 102.6 336.3 211.9 384.7 118.4 339.2 81.0 544.3 126.9 386.4 325.9 194.2 387.3 448.1 479.0 382.2 321.3 377.9 162.2 358.1 245.0 181.9 236.6 405.4 246.7 275.3 264.5 356.2 136.6 222.7 312.1 235.1 124.3 368.4 297.3 307.4 342.0 334.5 341.7 83.7 229.5 356.3 344.1 504.4 370.0 159.6 269.1 126.0 92.0 403.0 178.1 422.2 168.3 347.7 410.8 86.2 391.8 296.7 520.0 399.1 295.6 115.9 289.5 78.2 135.5 255.9 377.0 374.1 372.8 504.1 88.7 371.3
2412.6 552.9 582.2 154.3 535.7 458.8 498.2 497.0 715.7 463.8 493.3 508.5 651.7 533.8 750.8 551.4 544.5 0.0 493.5 405.2 501.9 481.6 509.2 340.2 443.0 452.5 517.5 613.2 659.4 439.4 510.7 444.8 512.9 481.1 512.4 568.6 588.2 472.3 560.4 490.7 783.0 533.6 91.7 444.0 58.3 95.6 567.6 216.3 550.6 514.6 481.6 447.9 502.3 385.1 651.5 546.6 488.9 466.1 500.4 233.3 513.4 615.7 412.6 140.3 93.8 506.1 550.9 365.8 555.4 445.5 609.0 502.2 559.4 364.2 447.2 489.2 596.9 461.1 636.9 513.1 492.7 607.0 657.4 251.2 403.1 487.3 324.0 479.1 471.5 616.8 520.0 688.7 578.5 109.0 702.4 531.5 503.0 614.5 625.1 163.1 711.2 416.5 540.2 329.7 423.4 619.3 397.8 429.9 547.4 489.6 557.3 572.2 491.0 566.7 637.4 580.7 451.4 409.5 420.1 76.7 621.8 495.2
2442.8 102.6 145.2 427.2 85.4 47.6 246.9 81.8 353.3 157.4 242.0 124.2 413.0 111.2 512.1 185.2 293.2 509.1 0.0 81.3 170.9 314.6 257.9 279.4 193.7 201.2 141.0 250.8 408.1 85.6 103.2 187.1 97.7 86.6 62.1 144.6 249.8 86.5 309.1 151.6 487.4 261.2 451.7 132.0 488.6 381.8 316.3 321.6 232.8 234.2 230.3 136.6 145.6 128.7 412.8 160.8 237.6 289.3 264.7 296.0 63.1 364.4 225.4 413.2 382.2 111.6 111.1 303.7 316.7 144.1 201.6 319.7 119.6 306.8 156.3 74.0 234.5 194.3 385.6 146.9 150.2 289.2 418.7 278.0 173.3 6.4 258.2 192.5 85.7 378.1 143.5 326.3 200.5 469.5 340.0 251.1 75.4 375.8 386.4 373.0 472.5 166.2 222.4 274.2 159.9 380.6 245.0 146.1 334.9 143.1 109.8 320.9 160.0 328.0 386.1 204.2 125.3 248.8 121.9 436.7 383.1 100.7
2361.4 147.6 176.9 333.3 130.4 75.5 256.8 91.7 310.4 120.2 251.9 96.7 384.9 128.5 484.0 200.5 303.1 391.3 88.2 0.0 202.6 324.5 267.8 192.8 125.2 211.1 112.2 207.9 415.5 80.8 113.1 136.6 107.6 75.8 107.1 163.3 267.6 67.0 319.0 183.4 501.1 211.2 370.3 141.9 401.0 300.4 326.2 284.3 207.8 214.0 240.2 92.7 151.4 47.3 384.7 141.3 247.5 207.9 274.6 258.7 108.1 374.3 174.4 319.3 300.8 100.8 145.6 226.2 288.6 105.2 203.7 329.6 154.1 225.4 166.2 83.9 191.6 143.3 395.5 162.2 127.4 264.2 390.6 240.7 183.2 82.0 210.3 169.5 62.5 350.0 114.7 283.4 173.2 369.0 297.1 230.9 97.7 347.7 358.3 362.7 444.4 71.7 197.4 196.1 105.6 352.5 163.6 156.0 249.2 77.8 152.0 330.8 191.7 299.9 396.0 175.4 39.6 162.2 64.9 355.3 355.0 89.9
2565.3 91.6 49.7 405.9 100.6 200.2 249.5 139.0 330.1 227.1 244.6 258.8 282.2 100.2 381.3 50.7 201.7 487.8 171.3 203.8 0.0 317.2 242.1 268.7 241.5 203.8 181.7 227.6 312.8 244.6 160.4 259.5 127.8 206.7 155.7 103.4 168.8 214.0 295.4 24.4 502.2 90.5 492.3 160.8 467.3 422.4 318.9 307.2 122.1 99.7 232.9 203.6 84.5 251.2 282.0 211.3 240.2 411.8 267.3 281.6 131.1 357.8 262.0 391.9 421.7 174.3 84.6 289.3 185.9 236.7 81.5 322.3 93.1 308.8 140.7 154.0 211.3 230.9 300.2 70.9 192.8 178.5 287.9 263.6 157.9 165.1 243.8 209.9 220.3 247.3 202.2 303.1 243.2 448.2 316.8 116.6 127.1 245.0 257.3 351.7 341.7 275.6 111.7 259.8 300.1 249.8 303.9 174.9 453.1 281.4 77.8 279.5 10.8 197.2 299.1 244.9 243.5 286.2 251.4 447.9 252.3 185.2
2604.2 268.1 317.3 368.5 304.0 330.0 127.6 266.7 528.4 361.1 167.7 388.6 263.7 257.6 362.8 269.4 145.0 465.9 309.3 345.7 308.8 0.0 109.7 264.6 356.0 99.3 414.0 425.9 259.9 368.0 288.1 334.6 256.7 358.2 353.3 363.2 361.4 350.9 160.9 284.3 646.2 306.8 409.9 291.0 456.2 385.0 168.1 319.5 328.4 318.4 111.0 344.7 220.3 393.1 263.5 447.1 89.4 450.7 72.7 293.9 334.3 216.2 337.0 354.5 384.3 390.6 329.7 284.3 245.8 366.5 364.3 20.5 338.2 311.8 253.9 283.7 409.6 327.8 237.4 231.1 320.5 380.2 269.4 275.9 305.7 315.8 248.4 342.9 350.1 228.8 416.6 501.4 475.1 410.8 515.1 335.3 277.5 355.7 237.1 309.4 323.2 430.6 313.4 254.1 415.3 231.3 298.2 305.1 532.0 411.2 304.0 172.7 297.9 307.9 237.9 401.0 385.4 280.5 381.2 410.5 233.8 379.7
2657.4 219.3 268.5 421.7 255.2 281.2 44.5 217.9 418.6 315.0 74.9 339.8 153.9 208.8 253.0 220.6 35.2 512.0 260.5 296.9 260.0 136.4 0.0 317.8 310.9 50.5 365.3 316.1 181.5 319.2 239.3 344.7 207.9 334.8 304.5 314.4 251.6 302.1 51.1 235.5 590.7 197.0 508.1 242.2 491.5 438.2 95.8 371.6 214.0 178.0 62.2 295.9 171.5 344.3 153.7 398.3 40.6 503.9 86.5 346.0 285.5 143.9 346.9 407.7 438.6 341.8 280.9 337.5 139.7 317.7 280.3 141.5 289.4 365.0 206.3 234.9 299.8 315.8 171.4 182.3 271.7 270.4 159.6 328.0 256.9 267.0 301.6 294.1 301.3 119.0 264.8 391.6 426.3 464.0 405.3 194.9 228.7 161.3 127.3 362.6 213.4 381.8 203.6 307.3 370.4 121.5 351.4 256.3 556.3 358.7 255.2 103.1 249.1 113.5 159.5 291.2 336.6 333.7 332.4 463.7 124.0 330.9
2369.3 221.2 270.4 258.5 242.7 228.6 320.5 181.0 487.4 120.6 315.6 280.2 484.1 210.7 583.2 246.2 366.8 340.4 265.2 176.9 292.8 276.7 331.5 0.0 111.2 274.8 289.1 384.9 481.7 195.7 159.6 88.2 181.0 249.4 284.1 301.9 382.2 244.0 382.7 268.3 576.3 352.2 299.3 152.3 319.9 275.0 389.9 152.6 362.6 295.2 303.9 154.7 197.1 156.8 483.9 318.3 311.2 215.8 297.4 127.0 273.0 438.0 92.2 244.5 274.3 277.8 268.4 94.5 387.8 155.8 317.4 299.2 276.9 96.5 143.3 192.4 368.6 83.0 459.2 209.5 127.2 414.4 489.8 109.0 132.3 259.0 89.3 90.2 243.2 449.2 291.7 458.5 350.2 300.8 474.1 312.1 216.2 446.9 452.0 231.0 543.6 185.8 347.6 76.7 169.1 451.7 63.3 136.6 297.1 257.6 242.2 394.5 281.9 400.7 459.7 352.4 223.1 43.7 169.3 298.6 454.2 266.9
2432.7 184.5 226.0 328.9 151.0 138.8 301.6 119.8 434.3 26.2 296.7 227.1 466.6 174.0 565.7 223.1 347.9 410.8 174.3 123.8 251.7 369.3 312.6 104.9 0.0 255.9 236.1 331.8 462.8 104.7 98.4 36.8 144.3 199.7 200.3 210.2 321.0 190.9 363.8 230.5 582.5 334.6 415.3 114.0 390.3 345.4 371.0 216.1 313.6 272.1 285.0 63.7 174.0 85.7 466.4 265.2 292.3 279.2 319.4 190.5 181.3 419.1 49.1 314.9 345.8 224.7 176.7 185.4 364.7 46.1 272.8 374.4 185.2 190.0 118.9 100.7 315.5 18.0 440.3 184.8 66.0 368.1 472.3 172.5 94.5 180.8 124.9 53.5 197.6 431.7 238.6 407.3 297.1 371.2 421.0 289.0 124.5 423.8 440.0 274.7 526.1 117.1 303.2 113.8 59.4 434.2 132.1 99.9 360.5 208.2 181.0 375.6 240.8 376.0 440.8 299.3 170.0 98.5 88.6 370.9 436.7 213.8
2606.8 167.7 216.9 397.6 203.6 229.6 44.6 166.3 441.7 260.7 67.3 288.2 209.6 157.2 308.7 169.0 90.9 460.4 208.9 245.3 208.4 112.3 55.6 292.1 259.3 0.0 313.7 339.2 205.8 267.6 187.7 293.1 156.3 257.8 252.9 262.8 274.7 250.5 106.8 183.9 545.8 220.1 484.0 190.6 439.9 414.1 114.0 320.0 241.7 218.0 28.0 244.3 119.9 292.7 209.4 346.7 35.3 453.3 62.4 294.4 233.9 162.1 295.3 383.6 413.4 290.2 229.3 313.4 145.4 266.1 289.3 117.4 237.8 321.6 153.5 183.3 322.9 264.2 183.3 130.7 220.1 293.5 215.3 276.4 205.3 215.4 256.6 242.5 249.7 174.7 316.2 414.7 374.7 439.9 428.4 234.9 177.1 255.3 184.7 338.5 269.1 330.2 226.7 283.2 318.8 177.2 327.3 204.7 504.7 310.8 203.6 118.6 197.5 207.5 183.8 314.3 285.0 309.6 280.8 439.6 179.7 279.3
2473.7 210.0 162.1 445.6 149.6 163.9 338.9 180.1 214.6 229.8 339.9 166.1 334.4 218.7 433.5 181.6 253.9 503.6 140.2 112.2 176.8 412.8 294.3 307.0 237.5 299.4 0.0 112.1 365.0 193.1 201.5 248.9 196.0 80.8 157.5 124.3 173.7 88.1 347.6 201.3 380.7 160.7 437.0 230.3 513.3 412.7 390.2 396.5 161.9 163.5 356.6 205.0 230.8 159.6 334.2 92.5 335.0 320.2 363.0 371.0 132.3 410.0 286.7 431.6 412.0 48.4 123.9 338.5 238.1 217.5 136.8 418.0 115.4 337.7 253.4 172.3 95.8 255.6 352.4 217.2 233.9 213.7 340.1 353.0 271.5 134.0 321.4 281.8 109.6 299.5 93.7 187.6 79.4 481.3 201.3 180.4 176.1 297.2 302.3 475.0 393.9 184.0 146.9 308.4 217.9 302.0 275.9 244.4 361.5 186.4 165.9 331.7 187.7 249.4 351.3 63.2 151.9 274.5 177.2 467.6 304.5 59.3
2401.5 315.6 267.6 551.1 255.1 269.4 381.9 285.6 102.4 338.0 382.9 229.9 377.4 324.2 476.5 224.6 296.9 609.1 259.8 217.7 282.3 473.8 337.3 410.6 343.0 405.0 141.9 0.0 408.0 298.6 307.0 354.4 301.5 183.4 263.0 167.7 216.7 203.2 390.6 303.8 383.0 203.7 588.1 335.8 618.8 518.2 433.2 502.1 200.3 206.5 399.6 310.5 273.8 265.1 377.2 164.3 378.0 320.4 423.9 476.5 237.9 453.0 392.2 537.1 518.6 163.5 229.4 444.0 281.1 323.0 196.2 478.9 220.9 443.2 360.1 277.8 30.4 361.1 395.4 260.2 339.4 256.7 383.1 458.5 377.1 253.6 428.1 387.3 224.2 342.5 199.2 75.4 154.5 586.8 89.1 223.4 281.6 340.2 350.8 580.5 436.9 289.5 189.9 413.9 323.4 345.0 381.4 349.9 347.6 248.8 271.4 374.7 293.2 292.4 394.3 205.1 236.0 380.0 282.7 573.1 347.5 174.4
2675.7 390.5 325.9 592.9 426.4 452.4 189.4 389.1 485.1 486.2 219.8 511.0 29.8 380.0 269.4 282.6 210.3 683.2 431.7 468.1 322.8 275.1 180.3 489.0 482.1 221.7 383.0 382.6 0.0 490.4 410.5 515.9 379.1 506.0 475.7 315.0 318.1 473.3 139.5 406.7 657.2 263.5 679.3 413.4 662.7 609.4 160.5 542.8 280.5 244.5 212.5 467.1 342.7 515.5 38.9 441.0 211.8 675.1 257.7 517.2 456.7 129.5 518.1 578.9 609.8 416.0 346.9 508.7 187.1 488.9 346.8 280.2 338.4 536.2 377.5 406.1 366.3 487.0 55.2 353.5 442.9 336.9 176.0 499.2 428.1 438.2 472.8 465.3 472.5 166.0 331.3 458.1 445.9 635.2 471.8 261.4 399.9 227.8 54.8 533.8 229.8 553.0 270.1 478.5 541.6 73.7 522.6 427.5 621.8 529.9 426.4 96.6 420.3 180.0 67.9 357.7 507.8 504.9 503.6 634.9 71.0 502.1
2400.7 184.7 233.9 402.3 158.9 40.4 302.6 131.7 379.8 75.7 297.7 171.0 454.3 174.2 553.4 246.3 348.9 484.2 103.3 69.3 259.6 370.3 313.6 201.3 114.7 256.9 181.6 277.3 463.8 0.0 110.3 108.1 144.5 143.7 165.5 218.1 332.9 136.4 364.8 235.1 528.0 280.6 364.0 122.3 463.7 339.7 372.0 289.1 321.5 295.3 286.0 50.9 197.2 86.6 454.1 210.7 293.3 247.2 320.4 263.5 166.5 420.1 143.6 388.3 339.0 170.2 184.6 270.4 358.0 63.4 256.7 375.4 193.1 276.0 164.9 108.6 261.0 112.5 441.3 208.0 95.7 377.9 460.0 245.5 129.9 109.8 225.7 127.7 133.0 419.4 184.1 352.8 242.6 444.6 366.5 312.2 132.4 417.1 422.2 348.1 513.8 93.0 311.1 215.9 74.2 421.9 207.8 119.8 328.5 148.4 192.9 376.6 248.7 369.3 441.8 244.8 113.9 169.8 45.7 394.6 424.4 159.3
2472.1 93.3 134.7 369.9 107.0 76.8 208.3 21.4 414.6 93.3 203.4 189.4 373.3 80.0 472.4 152.0 254.6 451.8 105.8 104.1 160.4 276.0 219.3 163.3 88.4 162.6 216.4 312.1 369.5 108.1 0.0 123.0 59.1 184.3 141.6 166.2 222.5 147.4 270.5 141.2 593.8 242.6 456.3 53.8 431.3 386.4 277.7 262.9 222.3 201.0 191.7 67.1 102.9 158.0 373.1 258.5 199.0 318.6 226.1 237.3 122.6 325.8 107.5 355.9 386.8 187.1 132.7 234.9 304.9 115.2 174.3 281.1 141.2 242.5 97.6 56.7 295.8 76.4 347.0 113.7 32.3 269.6 379.0 219.3 105.7 112.3 199.5 109.6 155.2 338.4 218.9 387.6 277.4 412.2 401.3 217.9 80.5 364.0 346.7 315.7 432.8 178.0 211.9 190.2 147.9 340.9 190.5 67.9 341.9 170.5 82.5 282.3 149.5 316.2 347.5 279.6 132.3 165.2 128.9 411.9 343.4 176.2
2395.8 189.6 229.4 326.2 154.4 142.2 305.0 139.9 455.7 32.3 300.1 254.8 470.0 187.7 569.1 248.7 351.3 408.1 177.7 145.2 255.1 372.7 316.0 92.2 26.8 259.3 257.5 353.2 466.2 108.1 123.0 0.0 155.8 219.6 203.7 213.6 335.2 212.3 367.2 235.9 602.8 338.0 412.6 128.8 387.6 342.7 374.4 220.3 321.6 297.7 288.4 67.1 199.6 107.1 469.8 286.6 295.7 242.3 322.8 194.7 184.7 422.5 76.0 312.2 342.0 246.1 180.1 162.2 385.7 67.5 276.4 377.8 188.6 169.8 145.8 104.1 336.9 44.9 443.7 210.4 90.6 373.4 475.7 176.7 121.4 184.2 147.3 80.4 218.7 435.1 260.0 428.7 318.5 368.5 442.4 314.6 127.9 444.8 443.4 298.7 529.5 138.5 306.6 136.2 80.8 437.6 99.6 114.7 323.6 232.2 196.8 379.0 244.2 397.0 444.2 320.7 197.7 61.6 110.0 368.2 440.1 235.2
2509.7 40.1 89.3 356.2 94.0 114.4 175.9 80.8 402.3 131.7 171.0 178.6 340.9 29.6 440.0 119.6 222.2 438.1 99.3 141.7 133.0 243.6 186.9 175.3 137.4 130.2 204.1 299.8 337.1 147.4 59.4 161.4 0.0 187.0 144.3 153.2 233.9 140.9 238.1 110.8 550.5 208.4 442.6 34.2 417.6 372.7 245.3 250.6 176.9 168.6 159.3 106.4 70.5 195.6 340.7 237.1 166.6 356.2 193.7 225.0 125.3 293.4 163.1 342.2 373.1 180.6 119.7 232.7 275.7 152.8 161.7 248.7 128.2 259.1 85.3 94.3 283.5 132.0 314.6 81.3 87.9 233.3 346.6 207.0 102.3 105.8 187.2 94.7 140.1 306.0 206.6 375.3 265.1 398.5 389.0 185.5 67.5 334.8 314.3 302.0 400.4 215.6 166.5 182.9 196.9 308.5 238.7 48.3 379.5 208.1 103.2 249.9 122.1 287.0 315.1 267.3 169.9 219.7 166.5 398.2 311.0 169.7
2432.6 140.5 179.8 404.5 123.3 112.0 293.3 128.2 288.6 200.5 288.4 85.2 395.8 149.1 494.9 223.1 315.3 462.5 81.1 71.1 205.5 361.0 304.3 264.0 196.4 247.6 80.8 186.1 426.4 150.0 149.6 207.8 144.1 0.0 100.0 182.0 285.6 7.3 355.5 186.3 461.5 222.1 395.9 178.4 472.2 371.6 362.7 368.0 272.0 224.9 276.7 163.9 183.5 118.5 395.6 99.5 284.0 279.1 311.1 342.4 101.0 410.8 257.2 390.5 370.9 32.3 148.5 297.4 299.5 183.2 198.2 366.1 157.0 296.6 201.5 120.4 169.8 226.1 413.8 184.8 182.0 323.8 401.5 324.4 219.7 74.9 304.6 238.9 28.7 360.9 125.6 261.6 134.9 440.2 275.3 241.8 113.3 358.6 363.7 433.9 455.3 109.2 257.0 267.3 176.8 363.4 234.8 192.5 291.1 107.8 147.7 367.3 194.6 310.8 412.7 144.0 81.5 233.4 149.0 426.5 365.9 21.4
2462.3 113.9 163.1 412.0 99.1 83.2 231.7 66.6 367.4 134.9 226.8 143.7 396.7 103.4 495.8 175.4 278.0 493.9 64.4 110.5 181.2 299.4 242.7 256.9 168.2 186.0 169.2 264.9 392.9 114.0 88.0 164.6 82.5 138.7 0.0 158.3 263.9 106.0 293.9 156.7 515.6 271.8 471.2 131.2 473.4 401.3 301.1 306.4 250.7 224.4 215.1 109.1 126.3 148.2 396.5 202.2 222.4 308.8 249.5 280.8 101.1 349.2 201.8 398.0 401.7 145.7 124.8 288.5 345.6 103.6 215.7 304.5 133.3 308.0 141.1 58.8 248.6 170.7 370.4 137.1 127.7 307.1 402.4 262.8 158.1 70.9 243.0 185.9 105.2 361.8 171.7 340.4 230.2 454.3 354.1 241.3 72.6 404.7 370.1 357.8 456.2 184.4 240.3 259.0 164.0 364.3 264.3 145.3 348.3 162.6 123.9 305.7 170.3 356.9 370.9 232.4 138.7 226.3 135.3 454.0 366.8 134.8
2439.3 129.2 88.0 471.0 57.5 175.2 272.8 146.5 248.7 191.0 273.8 233.8 268.3 137.8 367.4 112.8 187.8 552.9 142.6 167.5 102.7 364.7 228.2 313.0 227.3 256.1 108.5 146.2 298.9 223.8 167.9 220.7 165.4 166.0 123.3 0.0 107.6 188.6 281.5 117.3 420.8 94.6 537.9 199.7 532.4 468.0 324.1 382.1 91.2 97.4 290.5 182.8 159.4 214.9 268.1 184.6 268.9 375.5 314.8 356.5 104.3 343.9 274.2 457.0 468.4 149.2 31.8 364.2 172.0 211.7 87.1 369.8 23.3 383.7 216.8 110.9 129.9 243.1 286.3 145.8 200.3 147.6 274.0 338.5 228.2 136.4 318.7 258.3 195.3 233.4 129.0 221.7 171.5 513.3 235.4 114.3 84.0 231.1 241.7 416.8 327.8 239.3 80.8 334.7 261.3 235.9 320.4 213.8 416.8 252.7 85.9 265.6 113.6 183.3 285.2 121.3 207.2 282.4 240.0 513.0 238.4 160.1
2473.0 175.2 127.2 535.2 180.5 297.1 300.6 201.1 282.4 314.0 301.6 285.7 296.1 183.8 395.2 157.8 215.6 617.1 249.4 224.8 159.9 392.5 256.0 385.9 311.0 327.3 213.5 179.9 326.7 330.7 222.5 343.7 211.4 220.4 230.1 135.2 0.0 243.0 309.3 177.8 454.5 84.2 621.6 245.7 596.6 551.7 351.9 429.7 46.9 112.9 318.3 289.7 207.0 272.2 295.9 238.3 296.7 391.9 342.6 404.1 211.1 371.7 330.1 521.2 552.1 254.4 154.8 411.8 199.8 333.8 96.9 397.6 146.3 431.3 264.4 233.9 163.6 299.0 314.1 193.4 254.9 81.2 301.8 386.1 311.2 243.2 366.3 306.2 247.2 261.2 128.6 255.4 276.5 577.5 269.1 88.9 207.0 258.9 269.5 481.0 355.6 296.6 57.3 382.3 370.5 263.7 413.1 259.8 419.1 302.7 139.9 293.4 170.8 211.1 313.0 155.0 264.5 387.8 346.0 577.2 266.2 265.3
2432.5 147.8 187.1 404.4 130.6 104.7 286.0 120.9 295.9 193.2 281.1 77.9 403.1 156.4 502.2 229.7 332.3 462.4 88.4 71.0 212.8 353.7 297.0 263.9 196.3 240.3 88.1 193.4 447.2 142.7 142.3 207.7 136.8 32.6 107.3 189.3 292.9 0.0 348.2 193.6 468.8 229.4 441.4 171.1 472.1 371.5 355.4 360.7 274.7 232.2 269.4 163.8 190.8 118.4 402.9 106.8 276.7 279.0 303.8 335.1 108.3 403.5 249.9 390.4 371.9 39.6 155.8 297.3 306.8 175.9 221.9 358.8 164.3 296.5 195.4 113.1 177.1 218.8 424.7 191.4 174.7 331.1 408.8 317.1 212.4 82.2 297.3 231.6 21.4 368.2 132.9 268.9 142.2 440.1 282.6 249.1 120.6 365.9 376.5 433.8 462.6 101.9 264.3 267.2 176.7 370.7 234.7 185.2 283.8 96.8 155.0 360.0 201.9 318.1 425.2 151.3 74.2 233.3 141.7 426.4 373.2 28.7
2704.3 266.2 315.4 468.6 302.1 328.1 83.1 264.8 454.1 361.9 113.5 386.7 144.8 255.7 288.5 267.5 70.7 558.9 307.4 343.8 306.9 150.8 53.3 364.7 357.8 97.4 412.2 351.6 130.3 366.1 286.2 391.6 254.8 381.7 351.4 361.3 287.1 349.0 0.0 282.4 626.2 232.5 555.0 289.1 538.4 485.1 96.8 418.5 249.5 213.5 106.2 342.8 218.4 391.2 143.7 445.2 87.5 550.8 133.4 392.9 332.4 144.9 393.8 454.6 485.5 388.7 327.8 384.4 157.2 364.6 315.8 155.9 336.3 411.9 253.2 281.8 335.3 362.7 120.2 229.2 318.6 305.9 195.1 374.9 303.8 313.9 348.5 341.0 348.2 154.5 300.3 427.1 473.2 510.9 440.8 230.4 275.6 267.1 118.2 409.5 248.9 428.7 239.1 354.2 417.3 154.6 398.3 303.2 603.2 405.6 302.1 51.9 296.0 219.3 108.3 326.7 383.5 380.6 379.3 510.6 159.5 377.8
2552.9 68.7 50.5 386.7 99.9 175.7 225.0 120.2 397.7 205.3 220.1 234.3 306.7 77.3 405.8 75.2 226.2 468.6 150.5 191.4 24.4 292.7 236.0 251.1 217.0 179.3 206.2 295.2 337.3 220.1 141.6 235.0 104.9 173.9 131.2 118.9 189.3 196.5 287.2 0.0 526.7 115.0 473.1 136.3 448.1 403.2 294.4 288.0 138.1 111.5 208.4 179.1 65.3 238.8 306.5 212.1 215.7 399.4 242.8 262.4 112.2 342.5 237.5 372.7 403.6 175.1 85.4 270.1 210.4 212.2 122.9 297.8 93.9 289.6 122.7 136.8 278.9 206.4 324.7 51.7 169.6 194.5 312.4 244.4 133.4 144.3 224.6 185.4 195.8 271.8 203.5 370.7 244.0 429.0 384.4 128.4 109.9 269.5 280.1 332.5 366.2 276.3 127.7 240.6 275.6 274.3 284.7 150.4 450.8 253.2 78.6 304.0 13.5 221.7 323.6 269.4 231.1 267.0 226.9 428.7 276.8 186.0
2566.9 511.9 484.5 738.9 535.4 516.9 558.7 542.8 494.7 627.2 559.7 495.7 554.2 520.5 653.3 443.5 473.7 820.8 493.2 465.2 476.0 644.3 514.1 635.9 615.4 530.9 393.2 392.2 584.8 576.2 573.8 652.3 532.8 474.1 574.4 431.5 470.7 481.4 567.4 477.2 0.0 416.1 825.3 566.6 800.3 755.4 610.0 674.3 433.1 397.1 560.0 603.7 496.4 512.6 554.0 409.3 554.8 467.8 594.4 664.1 555.4 629.8 652.5 724.9 754.7 441.7 519.4 653.8 457.9 614.5 432.6 649.4 454.9 673.3 541.2 559.8 375.9 621.4 572.2 464.0 594.2 489.5 559.9 646.1 576.0 487.0 619.9 598.6 487.6 519.3 483.9 467.7 414.2 781.2 481.4 414.0 553.1 517.0 529.3 684.7 613.7 537.3 422.7 627.0 570.9 521.8 645.9 580.7 495.0 473.1 512.6 551.5 465.5 469.2 571.1 387.9 471.9 653.4 572.5 780.9 524.3 452.6
2451.4 168.9 120.9 469.8 181.2 280.8 237.4 219.6 260.8 307.7 238.4 264.1 232.9 177.5 332.0 104.6 152.4 551.7 251.9 203.2 80.5 329.3 192.8 338.0 315.8 243.4 158.8 158.3 263.5 325.2 241.0 340.1 205.1 214.1 236.3 90.7 93.8 221.4 246.1 105.0 432.9 0.0 556.2 239.4 531.2 486.3 288.7 376.5 56.2 101.3 255.1 284.2 153.8 250.6 232.7 216.7 233.5 370.3 279.4 350.9 211.7 308.5 342.6 455.8 485.6 191.7 156.9 358.6 136.6 317.3 122.5 334.4 148.4 378.1 210.0 234.6 142.0 311.5 250.9 140.2 273.4 112.6 238.6 332.9 238.5 245.7 313.1 290.5 225.6 198.0 107.0 233.8 221.6 512.1 247.5 77.3 207.7 195.7 208.0 415.6 292.4 275.0 45.8 329.1 308.9 200.5 373.2 253.5 397.5 277.4 158.4 230.2 91.4 147.9 249.8 133.4 242.9 355.5 268.2 511.8 203.0 202.6
2369.2 480.4 509.7 95.8 463.2 385.7 482.8 424.5 643.2 391.3 454.1 436.0 618.9 461.3 718.0 478.9 500.2 66.5 421.0 332.7 569.2 408.5 464.9 336.7 370.5 412.7 445.0 540.7 615.1 366.3 438.2 371.7 440.4 406.5 439.9 496.1 600.4 399.8 516.1 500.2 784.1 577.8 0.0 449.6 68.8 23.1 523.3 176.5 540.6 527.9 466.2 375.4 429.8 312.6 618.7 474.1 444.6 393.6 427.9 194.1 440.9 571.4 402.3 81.8 21.3 433.6 478.4 293.3 516.2 373.0 536.5 429.7 486.9 291.7 374.7 416.7 524.4 388.6 592.6 480.6 420.2 597.0 624.6 258.6 448.3 414.8 320.5 457.9 399.0 584.0 447.5 616.2 506.0 56.8 629.9 544.8 464.3 575.3 593.4 123.9 678.4 344.0 529.6 326.2 350.9 586.5 325.3 444.3 474.9 412.8 484.8 527.9 500.7 527.5 593.1 507.6 378.9 336.4 347.6 56.0 589.0 422.7
2491.4 70.4 119.6 342.1 138.4 108.2 206.2 74.6 446.0 98.3 201.3 220.8 371.2 59.9 470.3 149.9 252.5 424.0 129.6 135.5 163.3 273.9 217.2 141.0 103.1 160.5 247.7 343.5 367.4 113.1 53.2 128.0 30.2 178.5 174.6 197.6 264.2 171.2 268.4 138.8 625.2 238.7 428.5 0.0 403.5 358.6 275.6 235.1 211.8 198.9 189.6 72.1 100.8 188.9 371.0 267.4 196.9 337.9 224.0 209.5 155.6 323.7 130.5 328.1 357.9 210.9 164.1 220.2 306.0 120.7 192.0 279.0 172.6 224.8 68.6 88.1 327.2 99.4 344.9 111.6 62.6 263.6 376.9 191.5 77.9 136.1 161.2 60.4 170.4 336.3 250.3 419.0 308.8 384.4 432.7 215.8 111.9 365.1 344.6 287.9 430.7 183.7 196.8 148.6 162.6 338.8 204.4 14.0 373.3 198.2 133.5 280.2 152.4 317.3 345.4 311.0 163.7 185.4 136.4 384.1 341.3 200.0
2407.4 466.1 490.3 116.6 531.4 454.5 478.5 492.7 695.9 459.5 473.6 504.2 632.0 455.6 731.1 517.7 539.0 79.1 489.2 400.9 482.2 447.9 503.7 375.5 438.7 432.8 513.2 593.4 653.9 435.1 506.4 440.5 508.6 476.8 508.1 564.3 568.5 468.0 554.9 471.0 750.5 513.9 94.8 424.3 0.0 98.7 562.1 196.6 530.9 566.7 461.9 443.6 468.6 380.8 631.8 542.3 483.4 461.8 466.7 213.6 509.1 610.2 447.9 102.6 96.9 501.8 546.6 332.1 535.7 441.2 604.7 468.5 555.1 330.5 413.5 484.9 577.1 438.7 631.4 479.4 488.4 587.3 637.7 297.4 447.1 483.0 359.3 445.4 467.2 597.1 515.7 668.9 574.2 77.2 682.6 583.6 498.7 594.8 605.4 143.4 691.5 412.2 520.5 365.0 419.1 599.6 393.5 410.2 543.1 485.3 553.0 566.7 471.3 547.0 631.9 576.4 447.1 391.4 415.8 72.7 602.1 490.9
2393.5 457.2 486.5 72.6 440.0 363.1 459.6 401.3 620.0 368.1 430.9 412.8 595.7 438.1 694.8 455.7 477.0 90.8 397.8 309.5 488.4 385.9 441.7 313.5 347.3 390.1 421.8 517.5 591.9 343.7 415.0 349.1 417.2 385.4 416.7 472.9 577.2 376.6 492.9 477.0 726.9 471.2 69.8 427.0 93.1 0.0 500.1 153.9 517.4 504.7 443.0 352.2 406.6 289.4 595.5 450.9 421.4 370.4 404.7 170.9 417.7 548.2 379.1 58.6 0.3 410.4 455.2 270.1 493.0 349.8 513.3 406.5 463.7 268.5 351.5 393.5 501.2 365.4 569.4 417.4 397.0 573.8 601.4 235.4 385.1 391.6 297.3 383.4 375.8 560.8 424.3 593.0 482.8 73.2 606.7 521.6 407.3 552.1 569.1 100.7 655.2 320.8 507.0 303.0 327.7 563.3 302.1 421.1 451.7 393.9 461.6 504.7 477.5 504.3 569.9 485.0 355.7 313.8 324.4 50.4 565.8 399.5
2724.7 286.6 335.8 489.0 322.5 348.5 107.6 285.2 517.2 382.3 138.0 407.1 173.7 276.1 344.2 287.9 133.8 579.3 327.8 364.2 327.3 162.8 98.5 385.1 378.2 117.8 432.6 414.7 151.4 386.5 306.6 412.0 275.2 402.1 371.8 381.7 350.2 369.4 100.1 302.8 664.7 295.6 575.4 309.5 558.8 505.5 0.0 438.9 312.6 276.6 129.5 363.2 238.8 411.6 164.8 465.6 107.9 571.2 153.8 413.3 352.8 48.0 414.2 475.0 505.9 409.1 348.2 404.8 234.1 385.0 408.2 167.9 356.7 432.3 273.6 302.2 398.4 383.1 97.3 249.6 339.0 369.0 250.8 395.3 324.2 334.3 368.9 361.4 368.6 217.6 363.4 490.2 493.6 531.3 503.9 293.5 296.0 344.0 149.5 429.9 304.6 449.1 302.2 374.6 437.7 185.9 418.7 323.6 623.6 426.0 322.5 74.4 316.4 296.2 101.9 389.8 403.9 401.0 399.7 531.0 145.8 398.2
2480.8 282.2 306.3 135.0 318.1 311.9 339.8 278.3 573.1 240.9 334.9 402.7 503.4 271.7 602.5 265.5 386.1 216.9 323.4 288.4 298.2 302.1 350.8 139.6 217.8 294.1 400.7 470.6 501.0 282.8 256.9 211.2 251.9 372.3 355.6 374.7 420.5 365.0 402.0 286.8 687.8 369.9 176.4 234.3 196.4 151.5 409.2 0.0 393.9 314.5 323.2 241.8 216.4 268.3 503.2 429.8 330.5 327.3 320.9 16.9 336.6 457.3 213.6 121.0 150.8 389.3 341.2 87.5 407.1 264.0 353.3 322.7 349.7 85.9 161.3 291.8 454.3 204.4 478.5 227.2 232.3 437.9 509.1 34.8 197.9 329.9 123.8 201.0 364.2 468.5 403.2 546.1 461.7 177.3 559.8 331.4 291.6 466.2 476.8 80.8 562.9 297.3 383.5 130.7 277.3 471.0 141.8 220.2 408.6 369.1 314.5 413.8 287.3 418.4 479.0 445.7 334.6 157.1 280.8 177.0 473.5 378.4
2448.0 128.2 80.2 488.2 155.2 260.3 254.4 193.6 257.4 286.0 255.4 260.7 249.9 136.8 349.0 123.0 169.4 570.1 225.9 199.8 112.9 346.3 209.8 341.7 301.9 290.5 192.8 154.9 280.5 298.3 215.0 323.0 164.4 210.7 208.7 114.6 56.9 218.0 263.1 130.8 434.1 72.7 529.0 203.3 549.6 504.7 305.7 394.9 0.0 106.0 272.1 270.9 172.2 247.2 249.7 213.3 250.5 366.9 296.4 369.3 185.7 325.5 322.6 474.2 504.0 228.9 134.2 377.0 153.6 292.2 34.3 351.4 125.7 396.5 228.4 208.6 138.6 291.5 267.9 163.2 247.4 56.3 255.6 351.3 264.2 219.7 333.0 259.2 222.2 215.0 103.6 235.0 255.9 530.5 244.1 82.0 186.3 212.7 217.8 434.0 309.4 271.6 10.3 347.4 359.0 217.5 391.6 212.8 394.1 274.0 132.4 247.2 123.8 169.5 266.8 130.0 239.5 378.5 306.9 530.2 220.0 239.8
2455.9 141.2 112.0 428.0 162.9 244.3 220.1 192.7 265.3 267.2 221.1 302.9 215.6 149.8 314.7 44.8 135.1 509.9 223.0 207.7 95.3 327.7 175.5 279.8 256.0 214.3 163.2 162.8 246.2 282.0 210.7 292.9 177.4 246.4 203.7 138.1 98.3 265.2 228.8 104.7 437.4 43.7 514.4 203.5 489.4 444.5 271.4 316.7 60.7 0.0 243.4 241.0 94.0 255.1 215.4 221.2 216.2 374.8 277.8 291.1 184.7 291.2 293.1 414.0 444.9 236.6 146.9 298.8 119.3 289.6 127.0 332.8 149.2 318.3 151.4 209.3 146.5 262.0 233.6 80.4 231.5 117.1 221.3 273.1 213.3 216.8 253.3 239.2 264.4 180.7 111.5 238.3 226.1 470.3 252.0 16.8 182.4 178.4 189.0 413.1 275.1 279.5 50.3 269.3 315.5 183.2 313.4 217.6 402.0 321.8 140.1 212.9 93.0 130.6 232.5 137.9 247.4 295.7 305.3 470.0 185.7 247.5
2628.8 189.7 238.9 400.5 225.6 251.6 16.5 188.3 463.7 285.4 64.9 310.2 211.3 179.2 317.7 191.0 99.9 482.4 230.9 267.3 230.4 136.9 64.6 305.1 281.3 20.9 335.7 361.2 196.8 289.6 209.7 315.1 178.3 305.2 274.9 284.8 296.7 272.5 103.8 205.9 567.8 242.1 486.9 212.6 461.9 417.0 105.0 342.0 259.1 240.0 0.0 266.3 141.9 314.7 210.2 368.7 67.8 475.3 87.0 316.4 255.9 153.1 317.3 386.5 417.4 312.2 251.3 324.1 161.0 288.1 311.3 142.0 259.8 343.6 176.7 205.3 344.9 286.2 174.3 152.7 242.1 315.5 224.3 298.4 227.3 237.4 278.6 264.5 271.7 183.7 338.2 436.7 396.7 442.8 450.4 256.9 199.1 270.9 184.7 363.1 278.1 352.2 248.7 294.6 340.8 186.2 338.7 226.7 526.7 329.1 225.6 109.6 219.5 223.1 174.8 336.3 307.0 321.0 302.8 442.5 188.7 301.3
2419.2 153.4 201.5 351.3 126.5 81.4 277.1 98.5 398.3 27.4 272.2 190.9 442.1 142.9 541.2 206.1 323.4 433.2 144.3 87.8 218.3 344.8 288.1 148.4 63.7 231.4 200.1 295.8 438.3 40.9 77.1 57.1 113.2 163.7 175.8 185.7 299.7 154.9 339.3 193.8 546.5 308.9 437.7 82.9 412.7 367.8 346.5 238.1 289.1 255.1 260.5 0.0 157.0 105.1 441.9 229.2 267.8 265.7 294.9 212.5 156.8 394.6 92.6 337.3 368.2 188.7 152.2 219.4 357.8 48.5 251.5 349.9 160.7 241.1 101.9 76.2 279.5 61.5 415.8 167.8 44.7 345.5 447.8 194.5 78.9 150.8 174.7 76.7 151.5 407.2 202.6 371.3 261.1 393.6 385.0 272.0 100.0 416.9 415.5 297.1 501.6 111.5 278.7 164.9 97.7 409.7 156.8 68.8 347.0 172.0 159.7 351.1 207.4 369.1 416.3 263.3 142.6 118.8 64.2 393.3 412.2 177.8
2525.3 88.3 89.8 349.5 107.8 150.2 165.9 86.9 356.6 173.1 161.0 208.8 286.9 77.8 386.0 49.0 206.4 431.4 129.5 165.9 81.7 233.6 176.9 185.7 161.9 120.2 234.3 254.1 317.5 187.9 116.6 198.8 76.9 181.8 139.1 158.2 204.0 171.1 228.1 70.3 528.7 153.4 435.9 109.4 410.9 366.0 235.3 222.6 177.4 98.0 149.3 146.9 0.0 213.3 286.7 251.4 156.6 371.8 183.7 197.0 120.1 283.4 199.0 335.5 366.4 210.8 124.7 204.7 190.6 195.5 162.2 238.7 133.2 224.2 57.3 103.9 237.8 167.9 304.9 10.7 137.4 221.4 292.6 179.0 119.2 136.0 159.2 145.1 170.3 252.0 236.8 329.6 283.3 391.8 343.3 114.9 97.7 249.7 260.3 319.0 346.4 250.8 167.0 175.2 221.4 254.5 219.3 123.5 425.3 227.7 98.0 239.9 70.8 201.9 303.8 229.2 205.6 201.6 211.2 391.5 257.0 199.9
2333.5 207.2 236.5 305.4 190.0 113.1 316.4 151.3 370.0 100.1 311.5 159.5 444.5 188.1 543.6 260.1 362.7 363.4 147.8 59.5 262.2 384.1 327.4 164.9 79.3 270.7 171.8 267.5 475.1 93.7 177.8 90.7 167.2 135.4 166.7 222.9 327.2 133.3 378.6 243.0 563.9 270.8 342.4 177.0 373.1 272.5 385.8 256.4 267.4 273.6 299.8 116.3 211.0 0.0 444.3 228.8 307.1 180.0 334.2 230.8 167.7 433.9 128.5 291.4 272.9 173.0 205.2 198.3 348.2 81.8 263.3 389.2 213.7 197.5 198.3 143.5 251.2 97.4 455.1 221.8 145.4 323.8 450.2 212.8 173.9 141.6 204.3 132.9 111.8 409.6 174.3 343.0 232.8 341.1 356.7 290.5 157.3 407.3 417.9 334.8 504.0 31.3 257.0 193.2 59.7 412.1 135.7 179.3 261.3 140.6 211.6 390.4 251.3 359.5 455.6 235.0 99.6 134.3 66.6 327.4 414.6 162.1
2656.2 403.2 306.4 605.6 439.1 465.1 202.1 401.8 465.6 498.9 232.5 523.7 60.5 392.7 256.0 263.1 223.0 695.9 444.4 480.8 303.3 287.8 193.0 501.7 494.8 234.4 363.5 363.1 58.2 503.1 423.2 528.6 391.8 403.6 488.4 295.5 298.6 486.0 152.2 323.0 637.7 244.0 692.0 426.1 675.4 622.1 172.7 555.5 261.0 225.0 225.2 479.8 355.4 528.2 0.0 421.5 224.5 575.1 270.4 529.9 469.4 141.7 530.8 591.6 622.5 396.5 327.4 521.4 167.6 501.6 327.3 292.9 318.9 548.9 390.2 418.8 346.8 499.7 66.8 366.2 455.6 317.4 162.6 511.9 440.8 450.9 485.5 478.0 485.2 146.5 311.8 438.6 426.4 647.9 452.3 241.9 412.6 208.3 85.5 546.5 216.4 565.7 250.6 491.2 554.3 40.4 535.3 440.2 602.3 542.6 341.1 109.3 311.3 160.5 79.5 338.2 520.5 517.6 516.3 647.6 57.6 407.4
2482.8 206.3 184.4 454.7 149.1 173.0 354.3 189.2 257.0 241.6 349.4 88.1 406.4 214.9 505.5 243.0 325.9 512.7 147.8 121.3 210.1 422.0 366.3 314.2 246.6 308.6 92.5 154.5 437.0 202.2 210.6 258.0 205.1 85.2 164.9 180.4 284.7 90.3 416.5 190.9 410.7 232.7 491.7 239.4 522.4 421.8 423.7 405.7 272.0 235.5 337.7 214.1 233.0 168.7 406.2 0.0 345.0 284.9 372.1 380.1 139.8 482.0 295.8 440.7 422.2 50.6 153.1 347.6 310.1 226.6 225.2 427.1 161.6 346.8 263.7 181.4 138.2 264.7 424.4 219.4 243.0 328.4 412.1 362.1 280.7 141.6 331.7 290.9 111.8 371.5 140.2 230.0 68.1 490.4 243.7 252.4 175.6 369.2 379.8 484.1 465.9 192.3 261.6 317.5 227.0 374.0 285.0 253.5 312.1 107.0 159.5 403.7 199.2 321.4 423.3 155.7 141.1 283.6 186.3 476.7 376.5 61.5
2617.7 178.6 227.8 389.4 214.5 240.5 38.1 177.2 452.6 274.3 78.2 299.1 232.9 168.1 339.3 179.9 121.5 471.3 219.8 256.2 219.3 185.2 86.2 294.0 270.2 9.8 324.6 350.1 218.4 278.5 198.6 304.0 167.2 294.1 263.8 273.7 285.6 261.4 125.4 194.8 556.7 231.0 475.8 201.5 450.8 405.9 126.6 330.9 248.0 228.9 21.5 255.2 130.8 303.6 231.8 357.6 0.0 464.2 135.3 305.3 244.8 174.7 306.2 375.4 406.3 301.1 240.2 313.0 156.3 277.0 300.2 190.3 248.7 332.5 165.6 194.2 333.8 275.1 195.9 141.6 231.0 304.4 245.9 287.3 216.2 226.3 267.5 253.4 260.6 205.3 327.1 425.6 385.6 431.7 439.3 245.8 188.0 266.2 206.3 373.1 299.7 341.1 237.6 283.5 329.7 207.8 327.6 215.6 515.6 318.0 214.5 131.2 208.4 218.4 196.4 325.2 295.9 309.9 291.7 431.4 210.3 290.2
2246.3 373.0 358.4 388.6 358.0 271.3 514.6 317.1 363.6 276.2 515.6 204.6 510.1 353.9 609.2 357.3 429.6 446.6 313.6 225.3 375.7 446.6 470.0 217.7 263.1 436.5 262.1 261.1 540.7 259.5 323.2 246.5 333.0 271.8 332.5 300.4 349.4 264.9 523.3 400.2 418.2 336.4 425.6 335.2 456.3 355.7 565.9 320.6 333.0 339.2 465.6 268.0 406.5 197.1 509.9 278.2 472.9 0.0 465.4 295.0 333.5 585.7 276.9 374.6 356.1 310.6 332.3 262.5 413.8 265.6 328.9 467.2 323.8 270.1 323.8 321.5 244.8 267.7 528.1 392.9 311.9 389.4 515.8 277.0 346.4 307.4 246.6 308.0 243.4 475.2 257.9 336.6 283.1 424.3 350.3 356.1 345.3 472.9 483.5 399.0 569.6 190.4 322.6 232.4 243.5 477.7 199.9 349.3 83.6 185.7 371.9 507.4 386.6 425.1 527.0 256.8 180.8 211.6 240.2 410.6 480.2 293.7
2625.7 230.2 279.4 390.0 266.1 292.1 89.7 228.8 490.5 325.9 129.8 350.7 225.8 219.7 324.9 231.5 107.1 487.4 271.4 307.8 270.9 95.4 71.8 286.1 321.8 61.4 376.2 388.0 222.0 330.1 250.2 355.6 218.8 345.7 315.4 325.3 323.5 313.0 123.0 246.4 608.3 268.9 476.4 253.1 477.7 406.5 130.2 341.0 285.9 280.5 73.1 306.8 182.4 355.2 225.6 409.2 51.5 472.2 0.0 315.4 296.4 178.3 357.8 376.0 406.9 352.7 291.8 305.8 207.9 328.6 351.8 137.6 300.3 333.3 217.2 245.8 371.7 326.7 199.5 193.2 282.6 342.3 231.5 297.4 267.8 277.9 269.9 305.0 312.2 190.9 378.7 463.5 437.2 432.3 477.2 297.4 239.6 317.8 199.2 330.9 285.3 392.7 275.5 275.6 381.3 193.4 319.7 267.2 553.5 369.6 266.1 134.8 260.0 270.0 200.0 363.1 347.5 302.0 343.3 432.0 195.9 341.8
2463.8 265.2 289.3 156.1 301.1 294.9 322.8 261.3 556.1 223.9 317.9 385.7 486.4 254.7 585.5 248.5 369.1 238.0 306.4 271.4 281.2 285.1 333.8 124.2 200.8 277.1 383.7 453.6 484.0 265.8 239.9 194.2 234.9 347.3 338.6 357.7 403.5 348.0 385.0 269.8 670.8 352.9 242.5 217.3 217.5 172.6 392.2 25.5 376.9 297.5 306.2 224.8 199.4 251.3 486.2 412.8 313.5 310.3 303.9 0.0 319.6 440.3 196.6 142.1 173.0 372.3 324.2 70.5 390.1 247.0 361.7 305.7 332.7 68.9 144.3 274.8 437.3 187.4 461.5 210.2 215.3 420.9 492.1 17.8 180.9 312.9 108.0 184.0 347.2 451.5 386.2 529.1 444.7 198.4 542.8 314.4 274.6 449.2 459.8 131.4 545.9 280.3 366.5 113.7 260.3 454.0 124.8 203.2 391.6 355.8 297.5 396.8 270.3 401.4 462.0 428.7 317.6 140.1 263.8 198.1 456.5 361.4
2469.6 83.5 104.8 448.6 66.3 108.3 256.8 100.8 344.3 160.0 251.9 168.8 375.4 92.1 474.5 150.6 294.9 530.5 62.3 108.1 130.5 324.5 267.8 282.0 193.3 211.1 146.1 241.8 406.0 139.1 122.2 189.7 119.7 101.0 25.0 107.0 210.6 108.3 319.0 111.3 486.5 221.1 432.9 154.0 510.0 408.6 326.2 331.5 192.4 199.6 240.2 134.2 126.5 155.5 375.2 159.9 247.5 316.1 274.6 305.9 0.0 374.3 226.9 434.6 409.0 110.7 73.5 313.6 279.1 128.7 162.4 329.6 82.0 333.1 165.0 83.2 225.5 195.8 393.4 139.8 152.8 248.8 381.1 287.9 183.2 56.1 268.1 211.0 129.8 340.5 142.6 317.3 192.3 490.9 331.0 216.5 56.3 338.2 348.8 394.4 434.9 179.9 182.0 284.1 189.1 343.0 271.8 168.1 357.4 191.4 79.9 330.8 119.6 290.4 392.3 209.3 147.8 251.4 159.7 463.5 345.5 99.8
2760.2 322.1 371.3 524.5 358.0 384.0 144.8 320.7 552.6 417.8 175.2 442.6 152.1 311.6 322.6 323.4 171.0 614.8 363.3 399.7 362.8 198.3 135.7 420.6 413.7 153.3 468.1 450.1 129.8 422.0 342.1 447.5 310.7 437.6 407.3 417.2 385.6 404.9 137.3 338.3 700.2 331.0 610.9 345.0 594.3 541.0 37.1 474.4 348.0 312.0 165.0 398.7 274.3 447.1 143.2 501.1 143.4 606.7 189.3 448.8 388.3 0.0 449.7 510.5 541.4 444.6 383.7 440.3 271.3 420.5 443.7 203.4 392.2 467.8 309.1 337.7 433.8 418.6 75.7 285.1 374.5 404.4 229.2 430.8 359.7 369.8 404.4 396.9 404.1 244.7 398.8 525.6 529.1 566.8 539.3 328.9 331.5 381.2 163.1 465.4 283.0 484.6 337.6 410.1 473.2 178.0 454.2 359.1 659.1 461.5 358.0 111.6 351.9 333.4 80.3 425.2 439.4 436.5 435.2 566.5 124.2 433.7
2420.0 210.8 253.2 322.4 218.8 191.4 326.8 139.8 497.4 96.3 321.9 304.0 491.8 200.3 590.9 261.1 373.1 404.3 224.3 186.9 277.6 342.5 337.8 86.8 70.0 281.1 299.2 394.9 488.0 154.5 118.4 79.8 170.6 262.8 260.1 278.0 341.0 254.0 389.0 253.1 627.0 361.1 408.8 142.2 383.8 338.9 396.2 216.5 340.8 310.1 310.2 113.5 212.0 155.8 491.6 328.3 317.5 266.5 344.6 190.9 241.1 444.3 0.0 308.4 339.3 287.8 244.5 158.4 402.7 116.2 292.8 363.1 253.0 166.0 156.9 168.5 378.6 41.8 465.5 222.8 86.0 388.1 497.5 172.9 132.5 230.8 141.9 91.5 265.1 456.9 301.7 470.4 360.2 364.7 484.1 327.0 192.3 461.8 465.2 294.9 551.3 187.2 330.4 130.8 129.5 459.4 114.0 128.1 347.8 285.1 201.0 400.8 266.7 414.0 466.0 362.4 246.9 88.7 158.7 364.4 461.9 276.9
2446.9 450.8 480.1 14.0 433.6 356.7 443.8 394.9 613.6 361.7 415.1 406.4 579.9 431.7 679.0 439.9 461.2 145.0 391.4 303.1 505.8 370.1 425.9 313.5 340.9 374.3 415.4 511.1 576.1 337.3 408.6 342.7 410.8 379.0 410.3 466.5 570.8 370.2 477.1 486.6 720.5 514.4 136.8 420.6 106.5 53.3 484.3 138.1 511.0 488.9 427.2 345.8 390.8 283.0 579.7 444.5 405.6 364.0 388.9 155.1 411.3 532.4 372.7 0.0 53.7 404.0 448.8 254.3 477.2 343.4 506.9 390.7 457.3 252.7 335.7 387.1 494.8 359.0 553.6 401.6 390.6 567.4 585.6 219.6 369.3 385.2 281.5 394.5 369.4 545.0 417.9 586.6 476.4 85.3 600.3 505.8 400.9 536.3 553.3 84.9 639.4 314.4 500.6 287.2 321.3 547.5 295.7 414.7 445.3 387.5 455.2 488.9 494.9 488.5 554.1 478.6 349.3 307.4 318.0 60.8 550.0 393.1
2392.1 456.0 487.3 73.4 440.8 361.9 460.4 402.1 620.8 371.6 431.7 413.6 596.5 438.9 695.6 456.5 477.8 89.4 398.6 310.3 489.2 384.7 442.5 312.7 348.1 388.9 422.5 518.3 592.7 344.5 415.8 347.9 418.0 384.7 417.5 473.7 578.0 377.4 493.7 477.8 725.7 472.0 22.8 425.8 91.7 0.7 500.9 152.7 522.8 505.5 443.8 353.0 407.4 290.2 596.3 451.7 422.2 371.2 405.5 171.7 416.5 549.0 379.9 59.4 0.0 411.2 456.0 270.9 493.8 350.6 497.7 407.3 464.5 269.3 353.6 394.3 502.0 366.2 570.2 416.2 397.8 574.6 602.2 236.2 385.9 392.4 296.9 384.2 376.6 561.6 425.1 593.8 483.6 71.8 607.5 522.4 408.1 552.9 564.4 101.5 656.0 321.6 505.8 303.8 328.5 564.1 302.9 421.9 452.5 389.0 462.4 505.5 478.3 505.1 570.7 483.8 356.5 312.6 325.2 49.0 566.6 400.3
2445.8 169.3 147.4 417.7 112.1 144.4 325.7 160.6 256.2 204.6 320.8 117.6 382.9 177.9 482.0 193.2 302.4 475.7 110.8 84.3 173.1 393.4 336.7 277.2 209.6 280.0 48.4 153.7 413.5 165.2 182.0 221.0 176.5 35.0 127.9 149.6 253.2 39.6 387.9 153.9 429.1 209.2 454.7 210.8 485.4 384.8 395.1 368.7 235.0 212.0 309.1 177.1 196.0 131.7 382.7 70.6 316.4 292.3 343.5 343.1 102.8 443.2 258.8 403.7 385.2 0.0 116.1 310.6 286.6 189.6 201.7 398.5 124.6 309.8 235.1 152.8 137.4 227.7 400.9 182.4 214.4 291.4 388.6 325.1 252.1 104.6 294.7 253.9 61.1 348.0 103.2 229.2 102.5 453.4 242.9 228.9 138.6 345.7 356.3 447.1 442.4 141.6 224.6 280.5 190.0 350.5 248.0 224.9 323.5 136.5 122.5 380.2 162.2 297.9 399.8 111.6 113.9 246.6 149.3 439.7 353.0 10.9
2508.3 97.3 78.9 448.9 25.6 143.3 269.9 114.6 282.2 159.1 265.0 201.9 301.8 105.9 400.9 114.0 221.3 530.8 110.7 146.8 103.9 337.6 261.7 281.1 195.4 224.2 129.7 179.7 332.4 191.9 136.0 188.8 133.5 134.1 91.4 33.4 155.7 156.7 315.0 85.4 454.3 157.8 517.2 167.8 510.3 447.3 339.3 350.2 144.3 130.9 253.3 150.9 127.5 194.2 301.6 154.3 260.6 354.8 287.7 324.6 72.4 377.4 242.3 434.9 447.7 117.3 0.0 332.3 205.5 179.8 107.5 342.7 8.4 351.8 184.9 79.0 163.4 211.2 319.8 113.9 168.4 200.7 307.5 306.6 196.3 104.5 286.8 226.4 163.4 266.9 145.7 255.2 186.2 491.2 268.9 147.8 52.1 264.6 275.2 394.7 361.3 218.6 133.9 302.8 229.4 269.4 288.5 181.9 396.1 220.8 54.0 299.1 93.7 216.8 318.7 192.9 186.5 250.5 208.1 490.9 271.9 128.2
2438.6 293.9 296.0 192.4 307.8 293.2 329.5 260.2 550.1 198.7 324.6 342.9 492.6 283.4 591.7 255.2 373.9 274.3 327.9 239.6 287.9 282.8 338.6 99.0 197.7 283.8 351.9 447.6 488.8 273.8 238.8 169.0 253.7 315.5 346.8 364.4 410.2 306.7 389.8 300.6 645.6 359.6 278.8 223.4 253.8 208.9 397.0 80.1 383.6 304.2 312.9 233.9 206.1 219.5 492.4 381.0 318.3 285.1 301.6 54.5 326.3 445.1 171.4 178.4 209.3 340.5 330.9 0.0 396.8 243.9 368.4 303.4 339.4 67.8 151.0 273.2 431.3 162.2 466.3 216.9 206.4 427.6 498.3 36.5 164.6 321.7 64.8 162.9 305.9 457.7 354.4 523.1 412.9 234.7 536.8 321.1 281.3 455.9 466.0 174.8 552.1 245.0 373.2 87.4 257.2 460.2 84.7 209.3 366.4 324.0 304.2 401.6 277.0 408.1 466.8 415.1 285.8 114.9 232.7 234.4 462.7 329.6
2559.3 273.3 209.5 484.1 309.2 335.2 117.4 271.9 368.7 369.0 101.7 393.8 147.0 262.8 246.1 166.2 66.5 566.0 314.5 350.9 206.4 243.4 106.9 388.7 364.9 131.7 266.6 266.2 177.6 373.2 293.3 398.7 261.9 388.8 358.5 198.6 201.7 356.1 152.7 289.5 540.8 147.1 570.5 296.2 545.5 500.6 203.2 425.6 164.1 128.1 135.8 349.9 225.5 398.3 146.8 324.6 147.6 558.9 193.5 400.0 339.5 222.6 400.9 470.1 501.0 299.6 230.5 407.7 0.0 371.7 230.4 248.5 222.0 427.2 260.3 288.9 249.9 369.8 165.0 236.3 325.7 220.5 152.7 382.0 310.9 321.0 362.2 348.1 355.3 112.1 214.9 341.7 329.5 526.4 355.4 145.0 282.7 109.8 120.4 469.6 206.5 435.8 153.7 378.2 424.4 114.6 422.3 310.3 505.4 412.7 309.2 144.3 303.1 62.0 163.9 241.3 390.6 404.6 386.4 526.1 117.1 384.9
2418.7 167.6 216.8 385.8 159.7 95.1 285.4 120.3 416.7 61.9 280.5 207.7 450.4 157.1 549.5 229.1 331.7 467.7 138.1 106.2 234.9 353.1 296.4 168.2 64.5 239.7 218.5 314.2 446.6 59.3 111.1 75.9 136.2 182.1 209.0 218.9 317.6 173.3 347.6 210.4 564.9 325.5 427.6 117.4 447.2 357.7 354.8 272.6 304.4 278.1 268.8 34.4 180.0 86.6 450.2 247.6 276.1 265.2 303.2 247.0 158.2 402.9 113.7 371.8 358.1 207.1 185.4 250.0 370.7 0.0 269.4 358.2 193.9 254.6 136.4 109.4 297.9 82.6 424.1 190.8 79.2 360.8 456.1 229.0 113.4 144.6 189.5 111.2 169.9 415.5 221.0 389.7 279.5 428.1 403.4 295.0 133.2 429.8 423.8 331.6 509.9 118.0 294.0 178.4 60.3 418.0 175.6 103.3 346.5 188.8 177.6 359.4 224.0 382.0 424.6 281.7 150.6 137.6 82.6 412.6 420.5 196.2
2465.8 107.9 59.9 460.9 134.9 235.4 262.7 166.2 275.2 265.7 263.7 294.0 258.2 116.5 357.3 102.7 177.7 542.8 205.6 231.6 92.6 354.6 218.1 321.4 276.1 268.7 172.5 172.7 288.8 273.4 187.6 298.1 144.1 241.0 188.4 94.3 90.2 248.3 271.4 110.5 435.2 84.5 501.7 178.4 522.3 477.4 314.0 354.7 67.7 87.3 280.4 250.6 151.9 279.0 258.0 245.6 258.8 439.6 304.7 349.0 165.4 333.8 295.2 446.9 476.7 208.6 113.9 356.7 161.9 271.9 0.0 359.7 105.4 376.2 208.1 188.3 156.4 264.1 276.2 138.3 220.0 119.5 263.9 331.0 243.9 199.4 312.7 224.8 255.5 223.3 121.4 248.2 235.6 503.2 261.9 145.2 161.4 221.0 226.1 406.7 317.7 303.4 52.7 327.1 335.6 225.8 371.3 192.5 411.9 316.6 105.0 255.5 103.5 173.2 275.1 147.8 271.3 352.9 286.6 480.3 228.3 219.5
2632.9 296.8 346.0 397.2 332.7 358.7 156.3 295.4 557.1 392.5 196.4 417.3 292.4 286.3 391.5 298.1 173.7 494.6 338.0 374.4 337.5 28.6 138.4 293.3 384.7 128.0 442.8 454.6 273.6 396.7 316.8 363.3 285.4 412.3 382.0 391.9 390.1 379.6 162.6 313.0 674.9 335.5 483.6 319.7 484.9 413.7 172.3 348.2 352.5 347.1 139.7 373.4 249.0 421.8 292.2 475.8 118.1 479.4 101.4 322.6 363.0 197.7 365.7 383.2 414.1 419.3 358.4 313.0 274.5 395.2 418.4 0.0 366.9 340.5 283.8 312.4 438.3 356.5 249.9 259.8 349.2 408.9 298.1 304.6 334.4 344.5 277.1 371.6 378.8 257.5 445.3 530.1 503.8 439.5 543.8 364.0 306.2 384.4 265.8 338.1 351.9 459.3 342.1 282.8 444.0 260.0 326.9 333.8 560.7 436.2 332.7 186.4 326.6 336.6 251.6 429.7 414.1 309.2 409.9 439.2 262.5 408.4
2516.8 105.8 80.7 457.4 34.1 151.8 297.8 123.1 273.7 167.6 298.8 210.4 293.3 114.4 392.4 105.5 212.8 539.3 119.2 155.3 95.4 346.1 253.2 289.6 203.9 232.7 121.2 171.2 323.9 200.4 144.5 197.3 142.0 142.6 99.9 24.9 147.2 165.2 306.5 93.9 445.8 149.3 525.7 176.3 518.8 455.8 347.8 358.7 135.8 122.4 261.8 159.4 136.0 202.7 293.1 162.8 269.1 363.3 296.2 333.1 80.9 368.9 250.8 443.4 456.2 125.8 8.4 340.8 197.0 188.3 99.0 351.2 0.0 360.3 193.4 87.5 154.9 219.7 311.3 122.4 176.9 192.2 299.0 315.1 204.8 113.0 295.3 234.9 171.9 258.4 141.7 246.7 184.2 499.7 260.4 139.3 60.6 256.1 266.7 403.2 352.8 227.1 125.4 311.3 237.9 260.9 297.0 190.4 404.6 229.3 62.5 290.6 102.2 208.3 310.2 184.4 195.0 259.0 216.6 499.4 263.4 136.7
2435.9 289.4 338.6 197.9 320.8 291.6 351.5 257.5 548.5 196.0 346.6 341.3 509.8 278.9 608.9 277.2 391.1 279.8 326.3 238.0 309.9 300.0 355.8 96.3 193.2 305.8 350.3 446.0 506.0 285.4 236.1 166.3 249.2 313.9 345.2 380.0 432.2 305.1 407.0 321.1 642.9 381.6 284.3 218.9 259.3 214.4 414.2 83.9 426.2 326.2 334.9 244.4 228.1 217.9 509.6 379.4 335.5 282.4 318.8 58.3 346.2 462.3 168.7 183.9 214.8 338.9 346.5 37.4 418.8 239.4 411.0 320.6 355.0 0.0 173.0 270.5 429.7 159.5 483.5 238.9 203.7 449.6 515.5 58.5 185.1 320.1 100.0 158.4 304.3 474.9 352.8 521.5 411.3 240.2 535.2 343.1 294.3 477.9 483.2 173.2 569.3 243.4 415.8 67.8 252.7 477.4 83.1 204.8 363.7 322.4 318.7 418.8 299.0 430.1 484.0 413.5 284.2 112.2 231.1 239.9 479.9 328.0
2467.9 120.8 144.9 284.6 156.7 149.2 178.4 116.9 411.7 113.0 173.5 241.3 342.0 110.3 441.1 104.1 224.7 366.5 162.0 177.4 136.8 244.8 189.4 126.7 104.5 131.4 266.7 309.2 339.6 130.5 95.5 141.4 90.5 209.6 194.2 213.3 259.1 203.6 240.6 125.4 582.5 208.5 325.4 82.0 346.0 301.1 247.8 165.2 237.1 153.1 161.8 89.5 55.0 190.3 341.8 299.8 169.1 314.4 196.2 139.6 173.9 295.9 141.6 270.6 300.4 243.3 179.8 147.3 245.7 138.1 191.9 251.2 188.3 166.8 0.0 144.5 292.9 110.5 317.1 64.5 80.0 276.5 347.7 121.6 61.8 168.5 103.3 88.9 202.8 307.1 269.3 384.7 338.4 326.9 398.4 170.0 128.9 304.8 309.9 261.6 401.5 201.1 220.8 117.8 164.0 309.6 161.9 67.9 395.7 240.5 153.1 252.4 125.9 257.0 317.6 283.0 206.0 144.2 153.8 326.6 312.1 232.4
2476.0 85.4 125.2 381.1 50.2 80.7 200.8 35.7 358.2 80.0 195.9 152.8 365.8 72.5 464.9 144.5 247.1 463.0 73.5 108.0 150.9 268.5 211.8 202.0 116.3 155.1 205.7 255.7 362.0 112.8 57.1 109.7 51.6 142.2 99.5 109.4 231.0 115.1 263.0 131.7 530.3 233.8 467.5 85.9 442.5 397.6 270.2 275.5 212.8 193.5 184.2 71.8 95.4 176.6 365.6 216.4 191.5 322.5 218.6 249.9 80.5 318.3 163.2 367.1 398.0 167.2 75.9 257.6 281.5 119.1 182.8 273.6 84.4 277.1 110.2 0.0 239.4 132.1 339.5 106.2 89.5 269.2 371.5 231.9 127.2 80.0 212.1 146.4 114.3 330.9 180.8 331.2 252.5 423.4 344.9 210.4 23.7 340.6 339.2 326.9 425.3 181.9 202.4 228.1 150.3 333.4 209.4 100.0 345.8 174.4 92.6 274.8 140.0 292.8 340.0 268.9 136.2 171.4 132.8 423.1 335.9 156.3
2371.0 285.1 237.1 520.6 224.6 238.9 351.4 255.1 118.7 307.5 352.4 199.4 346.9 293.7 446.0 194.1 266.4 578.6 229.3 187.2 251.8 443.3 306.8 380.1 312.5 374.5 111.4 16.2 377.5 268.1 276.5 323.9 271.0 152.9 232.5 137.2 186.2 172.7 360.1 273.3 352.5 173.2 557.6 305.3 588.3 487.7 402.7 471.6 169.8 176.0 369.1 280.0 243.3 234.6 346.7 133.8 347.5 289.9 393.4 446.0 207.4 422.5 361.7 506.6 488.1 133.0 198.9 413.5 250.6 292.5 165.7 448.4 190.4 412.7 329.6 247.3 0.0 330.6 364.9 229.7 308.9 226.2 352.6 428.0 346.6 223.1 397.6 356.8 193.7 312.0 168.7 91.7 124.0 556.3 105.4 192.9 251.1 309.7 320.3 550.0 406.4 259.0 159.4 383.4 292.9 314.5 350.9 319.4 317.1 218.3 240.9 344.2 262.7 261.9 363.8 174.6 205.5 349.5 252.2 542.6 317.0 143.9
2420.0 168.9 211.3 325.0 176.9 149.5 284.9 97.9 462.5 54.4 280.0 262.1 449.9 158.4 549.0 219.2 331.2 406.9 182.4 152.0 235.7 352.6 295.9 86.8 28.1 239.2 264.3 360.0 446.1 112.6 76.5 65.0 128.7 227.9 218.2 236.1 299.1 219.1 347.1 211.2 610.7 319.2 411.4 100.3 386.4 341.5 354.3 212.2 298.9 268.2 268.3 71.6 170.1 113.9 449.7 293.4 275.6 266.5 302.7 186.6 199.2 402.4 31.0 311.0 341.9 252.9 202.6 158.4 360.8 74.3 250.9 357.7 211.1 166.0 115.0 126.6 343.7 0.0 423.6 180.9 44.1 346.2 455.6 168.6 90.6 188.9 121.0 49.6 223.2 415.0 266.8 435.5 325.3 367.3 449.2 285.1 150.4 419.9 423.3 294.9 509.4 145.3 288.5 109.9 87.6 417.5 114.0 86.2 347.8 243.2 159.1 358.9 224.8 372.1 424.1 327.5 205.0 88.7 116.8 367.0 420.0 242.0
2667.4 366.5 317.6 568.9 402.4 428.4 165.4 365.1 476.8 462.2 195.8 487.0 84.4 356.0 246.8 274.3 191.6 659.2 407.7 444.1 314.5 251.1 156.3 465.0 458.1 197.7 374.7 374.3 62.1 466.4 386.5 491.9 355.1 482.0 451.7 306.7 309.8 449.3 128.8 382.7 648.9 255.2 655.3 389.4 638.7 585.4 105.8 518.8 272.2 236.2 188.5 443.1 318.7 491.5 75.5 432.7 187.8 651.1 233.7 493.2 432.7 74.8 494.1 554.9 585.8 489.0 428.1 484.7 178.8 464.9 338.5 256.2 330.1 512.2 353.5 382.1 358.0 463.0 0.0 329.5 418.9 328.6 153.4 475.2 404.1 414.2 448.8 441.3 448.5 177.0 323.0 449.8 437.6 611.2 463.5 253.1 375.9 219.5 95.4 509.8 207.2 529.0 261.8 454.5 517.6 110.3 498.6 403.5 613.5 505.9 402.4 85.9 396.3 171.7 12.6 349.4 483.8 480.9 479.6 610.9 48.4 478.1
2538.9 60.7 86.2 353.6 91.9 163.8 179.5 112.2 345.8 184.0 174.6 222.4 276.1 69.3 375.2 38.2 195.6 435.5 142.5 179.5 78.9 247.2 190.5 197.7 175.5 133.8 220.2 243.3 306.7 201.5 130.2 212.4 96.9 181.2 123.2 151.1 193.2 184.7 241.7 54.4 517.9 142.6 440.0 123.0 415.0 370.1 248.9 236.2 178.4 87.2 162.9 160.5 13.5 226.9 275.9 240.1 170.2 385.4 197.3 210.6 104.2 297.0 212.6 339.6 369.4 190.9 117.6 218.3 179.8 209.1 133.2 252.3 126.1 237.8 69.7 128.8 227.0 181.5 294.1 0.0 151.0 210.6 281.8 192.6 132.8 136.3 172.8 158.7 183.9 241.2 222.8 318.8 272.5 395.9 332.5 104.1 101.9 238.9 249.5 332.6 335.6 264.4 163.4 188.8 235.0 243.7 232.9 137.1 438.9 245.0 82.1 253.5 68.0 191.1 293.0 218.4 219.2 215.2 224.8 395.6 246.2 180.0
2464.1 124.7 167.1 351.8 135.5 105.3 240.7 53.7 433.1 60.9 235.8 217.9 405.7 114.2 504.8 184.4 287.0 433.7 138.2 122.6 192.8 308.4 251.7 130.9 56.0 195.0 234.9 330.6 401.9 75.7 32.3 90.6 84.5 198.5 174.0 194.7 254.9 179.8 302.9 173.6 622.3 275.0 438.2 62.3 413.2 368.3 310.1 238.6 254.7 233.4 224.1 34.7 135.3 141.8 405.5 264.0 231.4 310.6 258.5 213.0 155.0 358.2 75.1 337.8 368.7 219.5 161.2 202.5 337.3 83.3 206.7 313.5 169.7 210.1 106.1 85.2 314.3 44.0 379.4 146.1 0.0 302.0 411.4 195.0 79.4 144.7 168.9 77.2 183.7 370.8 237.4 406.1 295.9 394.1 419.8 250.3 109.0 396.4 379.1 297.6 465.2 146.3 244.3 157.8 115.5 373.3 158.1 69.3 391.9 199.0 114.9 314.7 181.9 348.6 379.9 298.1 160.8 132.8 99.0 393.8 375.8 208.6
2512.6 192.8 144.8 552.8 219.8 320.3 319.0 241.4 322.0 353.3 320.0 325.3 314.5 201.4 413.6 187.6 234.0 634.7 289.7 264.4 177.5 410.9 274.4 404.4 351.3 350.5 253.8 219.5 345.1 371.0 262.8 383.0 229.0 260.0 270.4 175.5 58.9 282.6 327.7 195.4 494.1 119.8 639.2 263.3 614.2 569.3 370.3 459.5 64.5 148.5 336.7 330.0 236.8 311.8 314.3 277.9 315.1 431.5 361.0 433.9 250.3 390.1 370.4 538.8 569.7 293.5 195.1 441.6 218.2 356.8 112.8 416.0 186.6 461.1 294.2 273.2 203.2 339.3 332.5 223.2 295.2 0.0 320.2 415.9 328.8 283.5 396.1 323.8 286.8 279.6 168.2 295.0 316.8 595.1 308.7 124.5 246.3 277.3 287.9 498.6 374.0 336.2 74.9 412.0 410.8 282.1 453.4 277.4 458.7 342.3 180.2 311.8 188.4 229.5 331.4 194.6 304.1 428.1 386.3 594.8 284.6 304.4
2627.1 325.3 277.3 555.7 324.0 422.9 196.3 373.2 436.5 446.7 226.7 439.8 172.3 333.9 148.1 234.0 111.3 637.6 402.2 378.9 274.2 288.2 151.7 454.3 432.2 202.3 334.4 334.0 159.4 461.5 390.6 469.1 361.5 374.5 389.8 266.4 269.5 397.1 212.5 293.9 608.6 214.9 642.1 383.4 617.1 572.2 244.2 491.1 231.9 195.9 214.0 420.5 283.2 426.3 143.4 392.4 192.4 546.0 238.3 480.3 365.0 220.3 469.3 541.7 572.6 367.4 298.3 470.6 138.5 469.1 298.2 293.3 289.8 490.1 340.6 377.4 317.7 438.2 145.4 269.6 411.0 288.3 0.0 462.3 392.8 402.9 436.7 415.4 401.3 111.5 282.7 409.5 397.3 598.0 423.2 212.8 350.5 179.2 145.7 514.4 108.5 450.7 221.5 443.8 491.7 139.9 487.9 397.5 573.2 456.8 312.0 169.6 282.2 131.4 158.1 309.1 418.6 470.2 443.9 597.7 97.5 378.3
2445.9 247.3 271.4 178.6 283.2 277.0 304.9 243.4 538.2 206.0 300.0 367.8 468.5 236.8 567.6 230.6 351.2 260.5 288.5 253.5 263.3 267.2 315.9 106.3 182.9 259.2 365.8 435.7 466.1 247.9 222.0 176.3 217.0 329.4 320.7 339.8 385.6 330.1 367.1 251.9 652.9 335.0 265.0 199.4 240.0 195.1 374.3 43.5 359.0 279.6 288.3 206.9 181.5 233.4 468.3 394.9 295.6 292.4 286.0 17.9 301.7 422.4 178.7 164.6 195.5 354.4 306.3 69.9 372.2 229.1 343.8 287.8 314.8 68.3 126.4 256.9 419.4 169.5 443.6 192.3 197.4 403.0 474.2 0.0 163.0 295.0 90.1 166.1 329.3 433.6 368.3 511.2 426.8 220.9 524.9 296.5 256.7 431.3 441.9 150.8 528.0 262.4 348.6 95.8 242.4 436.1 106.9 185.3 373.7 337.9 279.6 378.9 252.4 383.5 444.1 410.8 299.7 122.2 245.9 220.6 438.6 343.5
2498.0 140.3 185.7 311.4 173.6 160.1 228.9 126.5 485.1 109.8 224.0 272.7 393.9 129.8 493.0 166.2 275.2 393.3 178.9 174.6 160.4 296.6 239.9 128.6 83.5 183.2 286.9 382.6 390.1 127.7 105.1 120.4 100.1 227.8 222.7 232.8 321.6 220.5 291.1 135.9 677.1 251.0 352.8 79.2 372.8 327.9 298.3 198.2 277.9 215.2 212.3 86.7 117.1 169.3 393.7 316.0 219.6 344.5 246.7 172.6 203.7 346.4 120.6 297.4 328.3 260.2 199.3 167.4 307.8 129.7 232.7 301.7 207.8 197.0 62.0 140.0 366.3 89.5 367.6 127.9 77.2 329.7 399.6 154.6 0.0 185.4 106.9 66.7 219.7 359.0 289.4 458.1 347.9 353.7 471.8 232.1 147.1 366.9 361.8 257.2 453.4 198.3 262.9 120.8 143.0 361.5 192.0 65.1 425.8 250.1 181.6 302.9 149.5 319.1 368.1 350.1 215.6 173.0 151.0 353.4 364.0 249.3
2449.0 96.1 138.7 433.4 78.9 53.8 253.1 88.0 346.8 163.6 248.2 130.4 406.5 104.7 505.6 178.7 299.4 515.3 6.1 87.5 164.4 320.8 264.1 285.6 199.9 207.4 134.5 244.3 414.3 91.8 109.4 193.3 103.9 80.1 55.6 138.1 243.3 92.7 315.3 145.1 480.9 254.7 457.9 138.2 494.8 388.0 322.5 327.8 226.3 227.7 236.5 142.8 139.1 134.9 406.3 154.3 243.8 295.5 270.9 302.2 56.6 370.6 231.6 419.4 388.4 105.1 104.6 309.9 310.2 150.3 195.1 325.9 113.1 313.0 162.5 80.2 228.0 200.5 391.8 140.4 156.4 282.7 412.2 284.2 179.5 0.0 264.4 198.7 91.9 371.6 137.0 319.8 194.0 475.7 333.5 244.6 68.9 369.3 379.9 379.2 466.0 172.4 215.9 280.4 166.1 374.1 251.2 152.3 341.1 149.3 103.3 327.1 153.5 321.5 392.3 197.7 131.5 255.0 128.1 442.9 376.6 94.2
2398.3 229.0 246.0 242.4 283.2 258.0 279.5 219.9 516.4 161.1 274.6 309.2 443.1 218.5 542.2 205.2 325.8 324.3 263.1 205.9 260.2 261.0 290.5 57.1 132.8 233.8 318.1 413.9 440.7 225.0 198.5 128.7 188.8 280.3 313.1 342.4 360.2 273.0 341.7 235.7 603.8 309.6 283.2 158.5 303.8 258.9 348.9 136.5 338.2 254.2 262.9 184.0 156.1 185.8 442.9 347.3 270.2 244.8 281.3 110.9 304.7 397.0 131.1 228.4 258.2 306.8 308.9 60.4 346.8 179.0 293.0 283.1 317.4 97.9 102.3 232.9 397.6 121.9 418.2 168.1 166.1 377.6 448.8 92.9 99.7 288.0 0.0 98.0 272.2 408.2 320.7 489.4 379.2 284.7 503.1 271.1 256.7 405.9 411.0 214.9 502.6 214.8 323.2 48.2 192.3 410.7 92.3 144.4 326.1 285.1 281.1 353.5 249.3 358.1 418.7 379.9 252.1 73.1 198.3 282.9 413.2 295.9
2449.9 130.9 180.1 316.9 191.2 167.4 266.7 130.2 477.0 68.9 261.8 276.9 431.7 120.4 530.8 201.6 313.0 398.8 190.1 166.5 213.8 334.4 277.7 80.5 42.6 221.0 278.8 374.5 427.9 126.9 108.8 79.5 90.7 239.0 235.1 250.4 324.7 231.7 328.9 189.3 625.2 299.2 403.3 60.4 378.3 333.4 336.1 208.4 272.3 250.6 250.1 85.9 152.5 128.4 431.5 307.9 257.4 296.4 284.5 182.8 216.1 384.2 79.7 302.9 332.7 267.4 216.9 159.7 343.2 88.8 227.1 339.5 225.4 164.3 97.4 140.9 358.2 48.6 405.4 163.3 76.4 324.1 437.4 164.8 74.4 196.6 99.2 0.0 237.5 396.8 281.3 450.0 339.8 359.2 463.7 267.5 164.7 402.3 405.1 262.7 491.2 159.8 257.3 88.1 102.1 399.3 143.9 46.3 377.7 254.3 191.4 340.7 202.9 354.5 405.9 342.0 224.2 124.9 131.3 358.9 401.8 256.5
2411.7 147.4 208.6 383.6 132.6 83.9 265.2 100.1 316.9 172.4 260.3 77.1 411.3 136.9 510.4 208.9 311.5 441.6 83.2 50.2 214.7 332.9 276.2 243.1 175.5 219.5 109.6 214.4 426.4 121.9 121.5 186.9 116.0 54.1 128.8 189.7 294.0 21.4 327.4 190.2 514.2 237.6 420.6 150.3 451.3 350.7 334.6 339.9 234.2 257.9 248.6 143.0 159.8 97.6 411.1 128.3 255.9 258.2 283.0 314.3 129.8 382.7 229.1 369.6 351.1 61.1 158.3 276.5 315.0 155.1 230.1 338.0 166.8 275.7 174.6 92.3 198.1 198.0 403.9 170.6 153.9 290.6 417.0 296.3 191.6 103.7 276.5 210.8 0.0 376.4 141.1 289.9 163.7 419.3 303.6 274.8 106.1 374.1 384.7 413.0 470.8 80.4 223.8 246.4 155.9 378.9 213.9 164.4 262.3 90.9 157.4 339.2 203.8 326.3 404.4 172.8 52.7 212.5 120.9 405.6 381.4 50.2
2617.6 315.8 267.8 546.2 314.5 413.4 186.8 363.7 427.0 437.2 217.2 430.3 178.8 324.4 216.0 224.5 101.8 628.1 392.7 369.4 264.7 278.7 142.2 444.8 422.7 192.8 324.9 324.5 148.9 452.0 381.1 459.6 352.0 365.0 380.3 256.9 260.0 387.6 263.8 284.4 599.1 205.4 632.6 373.9 607.6 562.7 240.8 481.6 222.4 186.4 204.5 411.0 273.7 416.8 132.9 382.9 182.9 536.5 228.8 470.8 355.5 209.8 459.8 532.2 563.1 357.9 288.8 461.1 129.0 459.6 288.7 283.8 280.3 480.6 331.1 367.9 308.2 428.7 134.9 260.1 401.5 278.8 122.6 452.8 383.3 393.4 427.2 405.9 391.8 0.0 273.2 400.0 387.8 588.5 413.7 203.3 341.0 169.7 203.8 504.9 176.4 441.2 212.0 434.3 482.2 173.4 478.4 388.0 563.7 447.3 302.5 220.9 272.7 121.9 147.6 299.6 409.1 460.7 434.4 588.2 87.0 368.8
2373.2 194.4 174.9 440.4 152.8 158.7 305.5 174.9 182.6 227.3 306.5 167.9 301.0 203.0 400.1 148.2 220.5 498.4 135.0 107.0 189.6 407.7 260.9 299.9 232.3 294.3 66.0 80.1 331.6 187.9 196.3 243.7 190.8 102.6 153.9 91.3 140.3 125.2 314.2 194.6 354.7 127.3 477.4 225.1 508.1 407.5 356.8 391.4 123.9 130.1 323.4 199.8 197.4 154.4 300.8 132.5 330.7 315.0 357.8 365.8 143.5 376.6 281.5 426.4 407.9 95.5 136.7 333.3 204.7 212.3 119.8 412.8 128.2 332.5 249.4 167.1 63.8 250.4 319.0 183.8 228.7 180.3 306.7 347.8 266.4 128.8 317.4 276.6 129.4 266.1 0.0 155.6 129.0 476.1 169.3 147.0 167.2 263.8 274.4 469.8 360.5 178.8 113.5 303.2 212.7 268.6 270.7 239.2 319.3 184.9 163.2 298.3 200.5 216.0 317.9 55.2 146.7 269.3 172.0 462.4 271.1 106.4
2466.7 380.8 332.8 616.3 320.3 334.6 447.1 350.8 113.2 400.5 448.1 295.1 442.6 389.4 541.7 289.8 362.1 674.3 325.0 282.9 347.5 539.0 402.5 475.8 408.2 470.2 207.0 65.1 473.2 363.8 372.2 419.6 366.7 261.1 328.2 232.9 281.9 268.4 455.8 369.0 448.2 268.9 608.3 401.0 684.0 583.4 498.4 567.3 265.5 271.7 464.8 375.7 339.0 330.3 442.4 229.5 443.2 385.6 489.1 541.7 303.1 518.2 457.4 602.3 582.7 228.7 294.6 509.2 346.3 388.2 245.0 544.1 286.1 508.4 424.1 343.0 95.6 426.3 460.6 325.4 404.6 321.9 448.3 523.7 442.3 318.8 492.1 452.5 289.4 407.7 264.4 0.0 219.7 652.0 99.9 288.6 346.8 405.4 416.0 645.7 502.1 354.7 255.1 479.1 388.6 410.2 446.6 415.1 412.8 317.7 336.6 439.9 358.4 357.6 459.5 270.3 301.2 445.2 347.9 638.3 412.7 239.6
2521.2 246.5 209.6 493.1 189.3 211.4 420.3 227.6 251.7 280.0 387.8 144.6 415.8 255.1 514.9 234.4 335.3 551.1 188.0 159.7 224.3 460.4 375.7 352.6 285.0 347.0 83.9 149.2 446.4 240.6 249.0 296.4 243.5 125.9 205.0 171.8 276.1 130.5 429.0 231.1 420.1 278.2 530.1 277.8 560.8 460.2 462.1 444.1 264.7 244.9 376.1 252.5 273.2 207.1 415.6 56.4 383.4 341.4 410.5 418.5 179.9 491.4 334.2 479.1 460.6 90.8 171.4 386.0 319.5 265.0 234.6 465.5 162.9 385.2 302.1 219.8 132.9 303.1 433.8 259.6 281.4 321.1 421.5 400.5 319.1 181.8 370.1 329.3 152.0 380.9 141.2 224.7 0.0 528.8 238.4 261.8 215.8 378.6 389.2 522.5 475.3 231.5 254.3 355.9 265.4 383.4 323.4 291.9 368.6 163.5 199.7 413.1 235.2 330.8 432.7 147.1 181.3 322.0 224.7 515.1 385.9 101.7
2450.2 495.1 519.2 94.4 509.2 432.3 482.3 470.5 689.2 437.3 453.6 482.0 618.4 484.6 717.5 478.4 499.7 113.5 467.0 378.7 511.1 408.6 464.4 336.2 416.5 412.8 491.0 586.7 614.6 412.9 484.2 418.3 464.8 454.6 485.9 542.1 548.5 445.8 515.6 499.7 796.1 493.9 108.5 447.2 93.0 76.2 522.8 176.6 510.9 527.4 465.7 421.4 429.3 358.6 618.2 520.1 444.1 439.6 427.4 193.6 486.9 570.9 408.6 80.4 74.4 479.6 524.4 292.8 515.7 419.0 582.5 429.2 532.9 291.2 374.2 462.7 570.4 399.4 592.1 440.1 443.6 567.3 624.1 258.1 407.8 460.8 320.0 406.1 445.0 583.5 493.5 662.2 552.0 0.0 675.9 544.3 476.5 574.8 591.8 123.4 677.9 390.0 500.5 325.7 396.9 586.0 343.8 433.1 520.9 463.1 530.8 527.4 500.2 527.0 592.6 554.2 424.9 352.1 393.6 32.5 588.5 468.7
2490.3 404.4 356.4 639.9 343.9 358.2 470.7 374.4 23.6 426.8 471.7 318.7 466.2 413.0 565.3 313.4 385.7 697.9 348.6 306.5 371.1 562.6 426.1 499.4 431.8 493.8 230.7 88.7 496.8 387.4 395.8 443.2 390.3 272.2 351.8 256.5 305.5 292.0 479.4 392.6 471.8 292.5 676.9 424.6 707.6 607.0 522.0 590.9 289.1 295.3 488.4 399.3 362.6 353.9 466.0 253.1 466.8 409.2 512.7 565.3 326.7 541.8 481.0 625.9 607.4 252.3 318.2 532.8 369.9 411.8 285.0 567.7 309.7 532.0 448.9 366.6 119.2 449.9 484.2 349.0 428.2 345.5 471.9 547.3 465.9 342.4 516.9 476.1 313.0 431.3 288.0 89.8 243.3 675.6 0.0 312.2 370.4 429.0 439.6 669.3 525.7 378.3 278.7 502.7 412.2 433.8 470.2 438.7 436.4 337.6 360.2 463.5 382.0 381.2 483.1 293.9 324.8 468.8 371.5 661.9 436.3 263.2
2479.9 165.2 136.0 452.0 186.9 268.3 244.1 216.7 289.3 291.2 245.1 326.9 239.6 173.8 338.7 68.8 159.1 533.9 247.0 231.7 119.3 351.7 199.5 303.8 280.0 238.3 187.2 186.8 270.2 306.0 234.7 316.9 201.4 270.4 227.7 162.1 89.0 289.2 252.8 128.7 461.4 67.7 538.4 227.5 513.4 468.5 295.4 340.7 84.7 23.9 267.4 265.0 118.0 279.1 239.4 245.2 240.2 398.8 301.8 315.1 208.7 315.2 317.1 438.0 468.9 260.6 170.9 322.8 143.3 313.6 140.4 356.8 173.2 342.3 175.4 233.3 170.5 286.0 257.6 104.4 255.5 106.4 245.3 297.1 237.3 240.8 277.3 263.2 288.4 204.7 135.5 262.3 250.1 494.3 276.0 0.0 206.4 202.4 213.0 437.1 299.1 303.5 74.3 293.3 339.5 207.2 337.4 241.6 426.0 345.8 164.1 236.9 117.0 154.6 256.5 161.9 271.4 319.7 329.3 494.0 209.7 271.5
2468.3 61.6 101.4 398.0 26.4 91.1 217.7 52.6 334.4 104.2 212.8 149.7 354.0 70.2 453.1 144.2 273.5 479.9 70.4 106.8 127.1 285.4 228.7 228.9 143.2 172.0 181.9 231.9 384.6 139.7 74.0 136.6 68.5 119.3 75.7 85.6 207.2 112.0 279.9 107.9 506.5 210.0 432.2 102.8 459.4 407.3 287.1 292.4 193.6 193.2 201.1 98.7 104.6 154.2 353.8 192.6 208.4 314.8 235.5 266.8 56.7 335.2 190.1 384.0 406.6 143.4 52.1 274.5 257.7 127.6 148.4 290.5 60.6 306.5 125.9 26.8 215.6 159.0 356.4 105.9 117.7 245.4 359.7 248.8 144.1 76.9 229.0 174.2 111.2 319.1 175.3 307.4 228.7 440.3 321.1 210.1 0.0 316.8 321.9 343.8 413.5 191.7 178.6 257.1 177.2 321.6 236.3 116.9 366.2 172.3 68.8 291.7 116.2 269.0 370.9 245.1 146.5 198.3 142.3 440.0 324.1 132.5
2598.4 347.0 248.6 549.4 382.9 408.9 172.2 345.6 407.8 442.7 202.6 467.5 167.7 336.5 266.8 205.3 87.2 639.7 388.2 424.6 245.5 264.1 127.6 445.5 438.6 178.2 305.7 305.3 198.3 446.9 367.0 472.4 335.6 345.8 432.2 237.7 240.8 429.8 180.9 265.2 579.9 186.2 635.8 369.9 619.2 565.9 223.5 499.3 203.2 167.2 189.9 423.6 299.2 472.0 167.5 363.7 168.3 517.3 214.2 473.7 413.2 243.3 474.6 535.4 566.3 338.7 269.6 465.2 109.8 445.4 269.5 269.2 261.1 492.7 334.0 362.6 289.0 443.5 185.7 310.0 399.4 259.6 173.4 455.7 384.6 394.7 429.3 421.8 429.0 132.8 254.0 380.8 368.6 591.7 394.5 184.1 356.4 0.0 141.1 490.3 227.2 509.5 192.8 435.0 498.1 135.3 479.1 384.0 544.5 486.4 283.3 165.0 253.5 20.0 184.6 280.4 464.3 461.4 460.1 591.4 137.8 349.6
2620.8 369.0 271.0 569.7 403.2 424.0 166.2 365.9 430.2 464.7 196.6 487.8 26.6 356.8 245.1 227.7 187.1 660.0 408.5 444.9 267.9 251.9 157.1 467.5 458.9 200.2 329.8 327.7 57.1 462.0 387.3 492.7 355.9 452.2 452.5 260.1 263.2 450.1 116.3 287.6 602.3 208.6 612.2 385.0 639.5 586.2 148.0 521.3 227.3 189.6 189.3 443.9 319.5 492.3 88.5 386.1 188.6 539.7 234.5 494.0 433.5 151.7 494.9 555.7 588.3 361.1 292.0 485.5 132.2 465.7 293.6 257.0 283.5 513.0 356.0 382.9 311.4 463.8 104.9 330.3 419.7 282.0 151.7 476.0 399.7 415.0 451.3 442.1 449.3 111.1 276.4 403.2 391.0 612.0 416.9 206.5 376.7 172.9 0.0 510.6 205.5 529.8 216.9 455.3 518.4 65.9 499.4 404.3 566.9 512.1 305.7 73.4 275.9 125.1 93.0 304.5 484.6 481.7 480.4 611.7 116.1 372.0
2476.4 340.4 364.6 111.3 376.3 372.9 352.8 339.3 609.8 294.5 347.9 480.9 506.3 329.9 605.4 336.5 399.1 173.8 381.6 377.6 356.5 312.4 363.8 194.8 277.6 307.1 489.9 507.3 514.0 347.1 317.9 264.8 312.9 453.5 414.1 433.0 442.8 444.7 415.0 345.3 713.9 388.2 197.7 298.6 153.3 127.8 422.2 70.9 405.2 369.2 336.2 306.1 287.4 357.5 506.1 519.0 343.5 380.9 331.2 87.9 395.1 470.3 267.2 97.3 128.2 478.5 399.5 147.5 410.0 323.8 437.0 333.0 408.0 145.9 232.3 352.8 491.0 258.0 491.5 298.2 296.6 461.6 512.0 105.8 257.7 388.1 178.6 260.8 443.9 471.4 492.4 582.8 550.9 153.6 596.5 386.1 349.8 469.1 479.7 0.0 565.8 350.9 394.8 184.3 337.1 473.9 200.1 284.5 462.2 462.0 373.0 426.8 345.6 421.3 492.0 482.4 423.8 210.7 334.4 153.3 476.4 467.6
2693.2 391.4 343.4 621.8 390.1 489.0 262.4 439.3 502.6 512.8 292.8 505.9 238.4 400.0 39.5 300.1 177.4 703.7 468.3 445.0 340.3 354.3 217.8 520.4 498.3 268.4 400.5 400.1 225.5 527.6 456.7 535.2 427.6 440.6 455.9 332.5 335.6 463.2 278.6 360.0 674.7 281.0 708.2 449.5 683.2 638.3 310.3 557.2 298.0 262.0 280.1 486.6 349.3 492.4 209.5 458.5 258.5 612.1 304.4 546.4 431.1 286.4 535.4 607.8 638.7 433.5 364.4 536.7 204.6 535.2 364.3 359.4 355.9 556.2 406.7 443.5 383.8 504.3 211.5 335.7 477.1 354.4 100.8 528.4 458.9 469.0 502.8 481.5 467.4 177.6 348.8 475.6 463.4 664.1 489.3 278.9 416.6 245.3 211.8 580.5 0.0 516.8 287.6 509.9 557.8 206.0 554.0 463.6 639.3 522.9 378.1 235.7 348.3 197.5 224.2 375.2 484.7 536.3 510.0 663.8 163.6 444.4
2335.8 224.8 254.1 349.4 207.6 126.3 345.7 180.6 393.2 129.3 340.8 132.6 462.1 217.4 561.2 289.4 392.0 407.4 163.7 77.1 279.8 413.4 356.7 202.3 123.3 300.0 190.1 290.7 506.9 93.3 178.2 134.7 196.5 134.6 184.3 240.5 344.8 101.9 407.9 260.6 537.0 288.4 386.4 184.8 417.1 316.5 415.1 300.4 285.0 291.2 329.1 101.8 240.3 43.9 461.9 208.8 336.4 182.3 363.5 274.8 185.3 463.2 172.5 335.4 316.9 141.6 222.8 242.3 365.8 114.3 280.9 418.5 231.3 241.5 203.8 172.8 274.4 141.4 484.4 251.1 146.6 341.4 467.8 256.8 180.8 159.2 248.3 176.9 80.4 427.2 191.9 366.2 244.2 385.1 379.9 308.1 200.3 424.9 435.5 378.8 521.6 0.0 274.6 237.2 103.7 429.7 179.7 170.7 263.6 113.7 229.2 419.7 268.9 377.1 484.9 253.3 75.5 171.7 74.0 371.4 432.2 130.7
2437.6 117.8 69.8 477.8 144.8 245.3 244.0 183.2 247.0 275.6 245.0 250.3 239.5 126.4 338.6 112.6 159.0 559.7 215.5 189.4 102.5 335.9 199.4 329.4 291.5 275.5 182.4 144.5 270.1 283.3 204.6 308.0 154.0 200.3 198.3 104.2 67.3 207.6 252.7 120.4 419.1 87.7 564.2 188.3 539.2 494.3 295.3 384.5 10.3 116.4 261.7 260.5 161.8 236.8 239.3 202.9 240.1 356.5 286.0 358.9 175.3 315.1 312.2 463.8 493.6 218.5 123.8 366.6 143.2 281.8 37.8 341.0 115.3 386.1 218.0 198.2 128.2 281.1 257.5 148.2 237.0 66.7 245.2 340.9 253.8 209.3 321.1 248.8 211.8 204.6 93.2 220.0 245.5 520.1 233.7 92.4 171.3 202.3 212.9 423.6 299.0 261.2 0.0 337.0 348.6 207.1 381.2 202.4 383.7 263.6 122.0 236.8 113.4 154.5 256.4 119.6 229.1 363.5 296.5 519.8 209.6 229.4
2386.5 221.5 270.7 250.5 271.4 247.7 305.4 208.1 504.6 146.6 300.5 297.4 469.0 211.0 568.1 231.1 351.7 332.4 282.4 194.1 277.7 270.6 316.4 46.9 125.3 259.7 306.4 402.1 466.6 217.5 186.7 116.9 181.3 270.0 301.3 330.6 386.1 261.2 367.6 253.2 593.5 335.5 336.9 151.0 311.9 267.0 374.8 144.6 358.3 280.1 288.8 176.5 182.0 174.0 468.8 335.5 296.1 233.0 289.4 119.0 301.7 422.9 119.3 236.5 267.4 295.0 297.1 86.5 372.7 171.5 343.1 291.2 305.6 76.1 126.9 221.1 385.8 110.1 444.1 192.8 154.3 414.7 474.7 101.0 117.2 276.2 72.7 90.5 260.4 434.1 308.9 477.6 367.4 292.8 491.3 297.0 244.9 431.8 442.4 223.0 528.5 203.0 347.9 0.0 184.8 436.6 80.5 136.9 314.3 278.5 269.3 379.4 266.8 384.0 444.6 369.6 240.3 62.8 186.5 292.5 439.1 284.1
2390.9 233.7 273.9 401.1 206.8 94.2 349.2 178.8 407.4 92.9 344.3 200.2 481.9 223.2 581.0 286.4 395.5 420.8 157.1 96.9 298.6 416.9 360.2 175.8 72.1 303.5 209.2 304.9 510.4 53.7 157.4 83.5 193.5 172.8 204.1 260.3 364.6 164.0 411.4 274.1 555.6 308.2 399.8 163.2 430.5 329.9 418.6 288.3 304.8 335.4 332.6 80.2 237.3 58.8 481.7 238.3 339.9 237.4 367.0 262.7 205.1 466.7 121.3 387.1 330.3 197.8 232.5 257.6 385.6 74.6 300.7 422.0 241.0 246.1 182.2 156.5 288.6 90.2 487.9 248.1 125.0 361.2 487.6 244.7 159.2 163.6 197.1 125.7 170.7 447.0 211.7 380.4 270.2 398.5 394.1 352.3 180.3 444.7 455.3 346.9 541.4 90.2 294.4 186.0 0.0 449.5 183.2 149.1 318.7 181.3 240.0 423.2 287.7 396.9 488.4 272.4 143.1 145.2 61.7 384.8 452.0 186.9
2615.7 313.9 265.9 606.8 312.6 466.3 203.3 403.0 425.1 500.1 233.7 428.4 67.0 393.9 240.0 222.6 99.9 626.2 445.6 367.5 262.8 289.0 194.2 502.9 420.8 235.6 323.0 322.6 64.7 504.3 424.4 529.8 393.0 363.1 378.4 255.0 258.1 385.7 153.4 282.5 597.2 203.5 693.2 427.3 605.7 623.3 179.7 479.7 220.5 184.5 226.4 481.0 356.6 414.9 32.1 381.0 225.7 534.6 271.6 531.1 353.6 148.7 532.0 592.8 623.7 356.0 286.9 522.6 127.1 502.8 286.8 294.1 278.4 550.1 391.4 420.0 306.3 500.9 99.0 258.2 456.8 276.9 146.6 513.1 442.0 452.1 486.7 404.0 389.9 106.0 271.3 398.1 385.9 649.1 411.8 201.4 413.8 167.8 86.6 547.7 200.4 439.3 210.1 492.4 480.3 0.0 536.5 441.4 561.8 445.4 300.6 110.5 270.8 120.0 90.0 297.7 407.2 518.8 517.5 648.8 89.8 366.9
2369.0 279.8 322.2 269.6 253.9 230.2 345.4 208.8 487.1 129.1 340.5 279.9 499.5 269.3 598.6 271.1 380.8 351.5 264.9 176.6 303.8 289.7 345.5 60.8 126.3 299.7 288.9 384.6 495.7 207.6 187.4 99.4 239.6 252.5 283.8 313.1 410.0 243.7 396.7 292.4 576.0 375.5 356.0 211.2 331.0 286.1 403.9 163.7 409.8 320.1 328.8 166.6 222.0 156.5 499.3 318.0 325.2 215.5 308.5 138.1 284.2 452.0 120.0 255.6 286.5 277.5 279.6 84.4 412.7 167.0 361.8 310.3 288.1 80.3 166.9 203.6 368.3 110.8 473.2 232.8 155.0 443.5 505.2 120.1 189.5 258.7 89.7 151.1 242.9 464.6 291.4 460.1 349.9 311.9 473.8 337.0 227.4 471.8 472.9 242.1 559.0 185.5 399.4 75.5 180.1 467.1 0.0 197.1 296.8 261.0 270.0 408.5 292.9 424.0 473.7 352.1 222.8 54.7 169.0 311.6 469.6 266.6
2477.3 84.5 133.7 338.9 152.5 122.3 220.3 88.7 456.4 84.2 215.4 234.9 385.3 74.0 484.4 164.0 266.6 420.8 143.7 145.9 177.4 288.0 231.3 126.9 89.0 174.6 258.2 353.9 381.5 99.0 67.3 113.9 44.3 231.4 188.7 211.7 278.3 185.3 282.5 152.9 639.3 252.8 425.3 14.0 400.3 355.4 289.7 225.7 221.3 213.0 203.7 58.0 114.9 174.8 385.1 281.5 211.0 323.8 238.1 200.1 169.7 337.8 116.4 324.9 355.8 225.0 178.2 206.1 320.1 106.6 206.1 293.1 186.7 210.7 83.9 102.2 337.6 85.3 359.0 125.7 48.5 277.7 391.0 182.1 66.5 150.2 145.6 46.3 184.5 350.4 260.7 429.4 319.2 381.2 443.1 229.9 126.0 379.2 358.7 284.7 444.8 169.6 210.9 134.5 148.5 352.9 190.3 0.0 387.4 216.0 147.6 294.3 166.5 331.4 359.5 321.4 177.8 171.3 122.3 380.9 355.4 214.1
2308.2 424.8 420.3 450.5 399.0 298.5 528.8 363.7 425.5 338.1 523.9 231.8 572.0 414.3 671.1 419.2 491.5 508.5 361.4 262.9 437.6 508.5 531.9 279.6 325.0 483.1 324.0 323.0 602.6 312.3 350.4 308.4 379.6 299.0 370.1 362.3 411.3 292.1 585.2 462.1 503.0 398.3 487.5 362.4 518.2 417.6 598.2 382.5 394.9 401.1 512.2 338.1 423.4 259.0 571.8 320.0 519.5 71.9 527.3 356.9 371.1 647.6 338.8 436.5 418.0 331.8 394.2 324.4 475.7 327.5 390.8 529.1 385.7 332.0 385.7 348.7 306.7 329.6 590.0 454.8 358.9 451.3 577.7 338.9 414.3 345.0 308.5 369.9 270.6 537.1 319.8 398.5 345.0 486.2 412.2 418.0 372.5 534.8 545.4 460.9 631.5 252.3 384.5 294.3 305.4 539.6 261.8 376.5 0.0 212.9 433.8 569.3 448.5 487.0 588.9 318.7 208.0 273.5 308.6 472.5 542.1 320.9
2398.6 208.6 257.8 415.7 193.8 135.5 326.4 161.3 345.3 184.6 321.5 22.6 472.5 198.1 571.6 270.1 372.7 473.7 144.4 111.4 275.9 394.1 337.4 275.2 212.7 280.7 188.7 242.8 487.6 148.6 182.7 214.3 177.2 107.9 206.2 250.9 355.2 100.6 388.6 251.4 453.2 298.8 407.1 199.4 483.4 382.8 395.8 366.7 300.0 319.1 309.8 157.1 221.0 129.7 472.3 110.7 317.1 174.1 344.2 341.1 207.2 443.9 249.8 401.7 382.1 140.3 219.5 308.6 376.2 169.6 274.9 399.2 228.0 307.8 234.6 153.5 226.5 218.7 465.1 231.8 195.9 351.8 478.2 323.1 236.1 150.9 291.5 233.9 79.8 437.6 202.3 318.3 178.9 451.4 332.0 336.0 167.3 435.3 440.4 445.1 532.0 93.7 285.0 278.5 193.1 440.1 246.0 213.5 201.3 0.0 218.6 400.4 265.0 387.5 465.6 252.0 45.0 244.6 129.3 437.7 442.6 129.4
2516.7 61.8 52.1 422.1 58.8 157.1 244.2 61.1 366.3 175.8 239.3 201.0 318.6 70.4 417.7 97.9 238.1 504.0 109.4 155.2 77.8 311.9 255.2 245.9 171.0 198.5 170.8 263.8 349.2 190.7 82.5 205.5 98.0 132.8 90.1 87.5 139.9 155.4 306.4 58.6 497.0 160.0 508.5 132.3 483.5 438.6 313.6 323.4 139.7 146.9 227.6 149.7 100.7 202.6 318.4 180.7 234.9 363.2 262.0 297.8 71.1 361.7 190.1 408.1 439.0 143.7 54.0 305.5 222.3 193.8 91.7 317.0 62.5 325.0 158.1 95.7 247.5 159.0 336.6 87.1 114.9 187.0 324.3 279.8 179.8 103.2 260.0 192.2 162.5 283.7 172.1 339.3 212.6 464.4 353.0 163.8 68.8 281.4 292.0 367.9 378.1 227.0 129.3 272.8 230.5 286.2 273.1 146.4 417.5 219.9 0.0 315.9 66.9 233.6 335.5 234.0 194.9 247.8 206.8 464.1 288.7 146.9
2731.9 293.8 343.0 496.2 329.7 355.7 92.7 292.4 475.7 389.5 123.1 414.3 101.6 283.3 290.6 295.1 118.9 586.5 335.0 371.4 334.5 178.4 83.6 392.3 385.4 125.0 439.8 373.2 87.1 393.7 313.8 419.2 282.4 409.3 379.0 388.9 308.7 376.6 71.6 310.0 647.8 254.1 582.6 316.7 566.0 512.7 74.9 446.1 271.1 235.1 115.8 370.4 246.0 418.8 100.5 472.8 115.1 578.4 161.0 420.5 360.0 122.7 421.4 482.2 513.1 416.3 355.4 412.0 219.2 392.2 337.4 183.5 363.9 439.5 280.8 309.4 356.9 390.3 77.0 256.8 346.2 327.5 197.2 402.5 331.4 341.5 376.1 368.6 375.8 156.6 321.9 448.7 500.8 538.5 462.4 252.0 303.2 218.4 75.0 437.1 251.0 456.3 260.7 381.8 444.9 111.4 425.9 330.8 630.8 433.2 329.7 0.0 323.6 170.6 65.1 348.3 411.1 408.2 406.9 538.2 125.5 405.4
2554.4 80.7 38.8 395.0 89.7 189.3 238.6 128.1 341.0 218.9 233.7 247.9 293.1 89.3 392.2 61.6 212.6 476.9 160.4 192.9 10.8 306.3 253.0 259.4 230.6 192.9 192.6 238.5 323.7 233.7 149.5 248.6 116.9 187.5 144.8 107.2 177.6 203.1 300.8 13.5 513.1 101.4 481.4 149.9 456.4 411.5 308.0 296.3 126.4 110.6 222.0 192.7 73.6 240.3 292.9 200.4 229.3 400.9 256.4 270.7 120.2 368.7 251.1 381.0 411.9 163.4 73.7 278.4 196.8 225.8 111.2 311.4 82.2 297.9 131.0 143.1 222.2 220.0 311.1 60.0 181.9 182.8 298.8 252.7 147.0 154.2 232.9 199.0 209.4 258.2 191.8 314.0 232.3 437.3 327.7 127.5 116.2 255.9 266.5 340.8 352.6 264.7 116.0 248.9 289.2 260.7 293.0 164.0 442.2 266.8 66.9 290.4 0.0 208.1 310.0 255.8 232.6 275.3 240.5 437.0 263.2 174.3
2578.3 326.9 228.5 529.3 362.8 388.8 152.1 325.5 387.7 419.9 182.5 447.4 147.6 316.4 246.7 185.2 67.1 619.6 368.1 404.5 225.4 244.0 107.5 425.4 418.5 158.1 285.7 285.2 178.2 426.8 346.9 452.3 315.5 417.0 412.1 217.6 220.7 409.7 160.8 245.1 559.8 166.1 570.7 349.8 599.1 545.8 203.4 479.2 187.7 147.1 169.8 403.5 279.1 451.9 147.4 343.6 148.2 497.2 194.1 453.6 393.1 223.2 454.5 515.3 545.1 318.6 249.5 445.1 89.7 425.3 249.4 249.1 241.0 472.6 312.7 342.5 268.9 423.4 165.6 289.9 379.3 239.5 153.3 435.6 364.5 374.6 408.0 401.7 408.9 112.7 233.9 360.7 348.5 571.6 374.4 164.0 336.3 47.7 121.0 470.2 207.1 489.4 172.7 414.9 478.0 115.2 459.0 363.9 524.4 470.0 263.2 144.9 233.4 0.0 164.5 260.3 444.2 441.3 440.0 571.3 117.7 329.5
2674.0 350.3 399.5 552.7 386.2 412.2 149.2 348.9 483.4 446.0 179.6 470.8 71.7 339.8 258.7 351.6 175.4 643.0 391.5 427.9 391.0 234.9 140.1 448.8 441.9 181.5 381.3 380.9 49.4 450.2 370.3 475.7 338.9 465.8 435.5 313.3 316.4 433.1 116.1 366.5 655.5 261.8 639.1 373.2 622.5 569.2 89.6 502.6 278.8 242.8 172.3 426.9 302.5 475.3 62.8 439.3 171.6 634.9 217.5 477.0 416.5 58.6 477.9 538.7 569.6 472.8 411.9 468.5 273.4 448.7 345.1 240.0 420.4 496.0 337.3 365.9 364.6 446.8 11.8 313.3 402.7 335.2 165.3 459.0 387.9 398.0 432.6 425.1 432.3 164.3 329.6 456.4 444.2 595.0 470.1 259.7 359.7 226.1 82.7 493.6 219.1 512.8 268.4 438.3 501.4 97.6 482.4 387.3 687.3 489.7 386.2 73.2 380.1 178.3 0.0 356.0 467.6 464.7 463.4 594.7 60.3 461.9
2380.2 231.8 183.8 515.2 219.2 233.5 340.0 249.7 189.6 299.4 341.0 235.7 335.5 240.4 434.6 182.7 255.0 573.2 209.8 181.8 201.1 431.9 295.4 376.6 307.1 369.1 69.6 87.1 366.1 262.7 271.1 318.5 265.6 150.4 227.1 125.8 174.8 157.7 348.7 225.6 361.7 161.8 552.2 299.9 582.9 482.3 391.3 466.2 163.0 164.6 357.7 274.6 231.9 229.2 335.3 162.1 336.1 299.1 382.0 440.6 202.0 411.1 356.3 501.2 481.6 118.0 193.5 408.1 239.2 287.1 137.9 437.0 185.0 407.3 288.1 241.9 70.8 325.2 353.5 218.3 303.5 214.8 341.2 422.6 341.2 203.6 392.2 351.4 179.2 300.6 83.3 162.6 149.0 550.9 176.3 181.5 245.7 298.3 308.9 544.6 395.0 253.6 148.0 378.0 287.5 303.1 345.5 314.0 326.3 256.0 235.5 332.8 212.0 250.5 352.4 0.0 221.5 344.1 246.8 537.2 305.6 128.9
2401.2 200.1 231.8 374.7 190.9 90.4 317.9 152.8 318.8 158.0 313.0 57.0 439.8 189.6 538.9 261.6 364.2 432.7 135.9 54.8 257.5 385.6 328.9 234.2 166.6 272.2 169.0 216.3 479.1 104.2 142.3 187.7 168.7 88.1 162.0 218.2 322.5 84.0 380.1 238.3 461.4 266.1 411.7 154.3 442.4 341.8 387.3 325.7 262.7 310.6 301.3 146.3 212.5 88.7 439.6 144.3 308.6 182.3 335.7 300.1 163.0 435.4 226.0 360.7 342.2 123.7 200.5 267.6 343.5 144.7 258.6 390.7 209.0 266.8 198.1 140.6 200.0 194.9 456.6 223.3 150.8 319.1 445.5 282.1 206.2 136.9 251.7 214.8 62.5 404.9 169.6 291.8 183.1 410.4 305.5 327.5 164.4 402.6 413.2 404.1 499.3 65.3 252.3 237.5 147.0 407.4 205.0 168.4 209.5 38.1 206.9 391.9 246.6 354.8 457.1 232.2 0.0 203.6 100.5 396.7 409.9 112.8
2362.0 250.0 289.8 273.2 214.8 202.6 365.4 185.6 477.9 90.0 360.5 270.7 530.4 246.1 629.5 274.7 411.7 355.1 238.1 167.4 315.5 293.3 376.4 81.7 87.2 319.7 279.6 375.4 526.6 168.5 164.2 60.3 216.2 241.8 264.1 274.0 386.8 234.5 427.6 296.3 569.0 398.4 314.6 188.0 334.6 289.7 434.8 167.3 377.4 323.7 348.8 127.5 225.6 162.2 530.2 308.8 356.1 208.5 312.1 141.7 245.1 482.9 96.8 259.2 289.0 268.3 240.5 109.2 446.1 127.9 336.8 313.9 249.0 116.8 170.5 164.5 359.1 87.6 504.1 236.4 131.8 433.8 536.1 123.7 178.3 249.5 92.1 137.3 233.7 495.5 282.2 450.9 340.7 315.5 464.6 340.6 188.3 505.2 505.5 245.7 589.9 172.3 367.0 79.1 141.2 498.0 56.0 173.9 289.8 248.1 246.8 439.4 304.6 457.4 504.6 342.9 213.6 0.0 147.1 315.2 500.5 257.4
2406.5 183.1 242.1 405.6 177.2 76.7 300.9 135.8 380.5 81.7 296.0 167.3 455.0 172.6 554.1 244.6 347.2 422.9 118.9 70.0 250.4 368.6 311.9 180.3 96.5 255.2 182.3 278.0 462.1 45.7 128.6 107.9 151.7 145.9 158.7 233.4 337.7 137.1 363.1 225.9 571.7 281.3 401.9 137.2 432.6 332.0 370.3 292.4 277.9 293.6 284.3 54.2 195.5 60.9 454.8 211.4 291.6 253.0 318.7 266.8 159.7 418.4 145.7 391.6 332.4 170.9 202.9 232.6 358.7 66.7 273.8 373.7 211.4 230.2 156.2 126.9 261.7 114.6 439.6 206.3 99.0 334.3 460.7 248.8 133.2 133.6 221.5 131.0 133.1 420.1 184.8 353.5 243.3 400.6 367.2 310.5 150.7 417.8 428.4 369.1 514.5 92.3 267.5 210.4 76.9 422.6 170.0 123.1 334.3 148.4 206.4 374.9 239.5 370.0 440.1 245.5 110.2 149.7 0.0 386.9 425.1 160.0
2417.6 500.9 530.2 80.1 483.7 406.8 485.1 445.0 663.7 411.8 456.4 456.5 621.2 481.8 720.3 481.2 502.5 86.7 441.5 353.2 513.9 411.4 467.2 337.4 391.0 415.6 465.5 561.2 617.4 387.4 458.7 392.8 460.9 427.6 460.4 516.6 620.9 420.3 518.4 502.5 784.6 496.7 48.9 450.0 61.9 43.6 525.6 179.4 513.7 530.2 468.5 395.9 432.1 333.1 621.0 494.6 446.9 414.1 430.2 196.4 461.4 573.7 411.4 66.1 41.8 454.1 498.9 295.6 518.5 393.5 540.6 432.0 507.4 294.0 377.0 437.2 544.9 409.1 594.9 442.9 440.7 570.1 626.9 260.9 410.6 435.3 321.6 408.9 419.5 586.3 468.0 636.7 526.5 22.7 650.4 547.1 451.0 577.6 594.6 126.2 680.7 364.5 503.3 328.5 371.4 588.8 345.8 435.9 495.4 433.9 505.3 530.2 503.0 529.8 595.4 528.7 399.4 354.9 368.1 0.0 591.3 443.2
2618.9 317.1 269.1 616.8 315.8 476.3 213.3 413.0 428.3 510.1 243.7 431.6 91.7 403.9 198.3 225.8 103.1 629.4 455.6 370.7 266.0 299.0 204.2 512.9 424.0 245.6 326.2 325.8 61.8 514.3 434.4 460.9 403.0 366.3 381.6 258.2 261.3 388.9 176.7 285.7 600.4 206.7 703.2 437.3 608.9 633.3 153.7 482.9 223.7 187.7 236.4 412.3 275.0 418.1 45.8 384.2 235.7 537.8 281.6 541.1 356.8 122.7 461.1 602.8 633.7 359.2 290.1 532.6 130.3 512.8 290.0 304.1 281.6 560.1 401.4 430.0 309.5 430.0 47.8 261.4 466.8 280.1 104.9 523.1 452.0 462.1 496.7 407.2 393.1 192.4 274.5 401.3 389.1 659.1 415.0 204.6 423.8 171.0 116.7 557.7 158.7 442.5 213.3 502.4 483.5 86.3 546.5 451.4 565.0 448.6 303.8 133.8 274.0 123.2 60.5 300.9 410.4 528.8 435.7 658.8 0.0 370.1
2451.4 159.3 158.3 423.3 123.0 133.5 314.8 149.7 267.1 222.0 309.9 106.7 393.8 167.9 492.9 204.1 313.3 481.3 99.9 89.9 184.0 382.5 325.8 282.8 215.2 269.1 59.3 164.6 424.4 171.5 171.1 226.6 165.6 24.1 118.8 160.5 264.1 28.7 377.0 164.8 440.0 220.1 460.3 199.9 491.0 390.4 384.2 374.3 245.9 222.9 298.2 182.7 202.3 137.3 393.6 81.5 305.5 297.9 332.6 348.7 113.7 432.3 278.7 409.3 390.8 10.9 127.0 316.2 297.5 204.7 212.6 387.6 135.5 315.4 224.2 141.9 148.3 247.6 411.8 193.3 203.5 302.3 399.5 330.7 241.2 93.7 326.1 260.4 50.2 358.9 114.1 240.1 113.4 459.0 253.8 239.8 132.1 356.6 367.2 452.7 453.3 130.7 235.5 286.1 195.6 361.4 253.6 214.0 312.6 125.6 133.4 388.8 173.1 308.8 410.7 122.5 103.0 252.2 154.9 445.3 363.9 0.0
