Name		0688_BED-Amazon_n64_m161_bt28
Number_of_Customers	64
Number_of_Items		161
Number_of_ItemTypes	28
Number_of_Vehicles	1
TimeWindows		0
Dist_type	manual

VEHICLE
Mass_Capacity	1693
CargoSpace_Length	160
CargoSpace_Width	70
CargoSpace_Height	72

CUSTOMERS
i	x	y	Demand	ReadyTime	DueDate	ServiceTime	DemandedMass	DemandedVolume
0	34.007369	-118.143927	0	0	0	0	0	0
1	34.092262	-118.35502	2	0	0	0	6.5	3900
2	34.088222	-118.358468	2	0	0	0	12.7	23493
3	34.088741	-118.355953	1	0	0	0	3.5	9216
4	34.092017	-118.352814	2	0	0	0	11.9	6738
5	34.088739	-118.355103	1	0	0	0	1.9	1176
6	34.089176	-118.352251	1	0	0	0	1.75	4608
7	34.091256	-118.351819	4	0	0	0	8.58	11640
8	34.090191	-118.356394	2	0	0	0	4.65	10248
9	34.08794	-118.354294	2	0	0	0	4.4	5154
10	34.091751	-118.351822	1	0	0	0	7.3	3640
11	34.093341	-118.350114	3	0	0	0	8.41	9564
12	34.089025	-118.357414	3	0	0	0	28.0	10336
13	34.089927	-118.360568	1	0	0	0	4.7	1380
14	34.089081	-118.355358	2	0	0	0	7.3	10178
15	34.092604	-118.355598	1	0	0	0	4.7	1380
16	34.092638	-118.349099	1	0	0	0	2.5	3978
17	34.088712	-118.352193	3	0	0	0	11.62	45375
18	34.093698	-118.350115	1	0	0	0	4.7	1380
19	34.089136	-118.353275	3	0	0	0	22.43	23628
20	34.089446	-118.355356	1	0	0	0	9.4	2760
21	34.095043	-118.350655	6	0	0	0	24.04	53188
22	34.088741	-118.355771	1	0	0	0	4.7	1380
23	34.0917	-118.353096	1	0	0	0	4.7	1380
24	34.09019	-118.351119	1	0	0	0	4.8	6200
25	34.089073	-118.356397	1	0	0	0	4.7	1380
26	34.099387	-118.350035	3	0	0	0	12.95	9888
27	34.091705	-118.354133	2	0	0	0	7.79	12053
28	34.094358	-118.348727	1	0	0	0	9.4	2760
29	34.09004	-118.35429	2	0	0	0	11.15	7368
30	34.09383	-118.349411	1	0	0	0	4.7	1380
31	34.094598	-118.350651	1	0	0	0	3.01	5544
32	34.087817	-118.35741	1	0	0	0	2.5	3978
33	34.092035	-118.349091	2	0	0	0	7.64	16284
34	34.090339	-118.359445	2	0	0	0	3.65	5784
35	34.099195	-118.350036	5	0	0	0	16.77	27996
36	34.089133	-118.354298	2	0	0	0	12.0	5020
37	34.088312	-118.355346	1	0	0	0	1.75	4608
38	34.088468	-118.35535	1	0	0	0	1.4	5280
39	34.092582	-118.353219	2	0	0	0	6.6	2556
40	34.091976	-118.350102	4	0	0	0	12.5	25475
41	34.096092	-118.349553	4	0	0	0	9.75	12444
42	34.089392	-118.360564	1	0	0	0	0.7	2640
43	34.097186	-118.349565	3	0	0	0	13.32	15180
44	34.087445	-118.355318	4	0	0	0	12.4	19200
45	34.089689	-118.353272	3	0	0	0	13.41	15681
46	34.092605	-118.356057	4	0	0	0	24.31	40380
47	34.08881	-118.35328	2	0	0	0	2.65	18348
48	34.096243	-118.350659	6	0	0	0	24.43	27322
49	34.092593	-118.35415	1	0	0	0	1.9	1176
50	34.0887	-118.351182	1	0	0	0	4.7	1380
51	34.088768	-118.360913	1	0	0	0	3.42	23780
52	34.092452	-118.352801	1	0	0	0	0.7	2640
53	34.08937	-118.358468	7	0	0	0	31.24	37505
54	34.089562	-118.359509	1	0	0	0	1.9	1176
55	34.092828	-118.3491	3	0	0	0	14.85	18912
56	34.091257	-118.354578	2	0	0	0	6.8	9108
57	34.094742	-118.349544	1	0	0	0	4.7	1380
58	34.09734	-118.349565	1	0	0	0	7.9	17556
59	34.099391	-118.350997	3	0	0	0	17.3	10758
60	34.088289	-118.354297	3	0	0	0	9.1	6534
61	34.08875	-118.358819	1	0	0	0	1.75	4608
62	34.087661	-118.35847	3	0	0	0	11.4	8756
63	34.096618	-118.350664	2	0	0	0	11.15	7368
64	34.089463	-118.356396	1	0	0	0	0.7	2640

ITEMS
Type	Length	Width	Height	Mass	Fragility	LoadBearingStrength
Bt1	18	12	5	2.15	1	0
Bt2	21	14	4	1.9	1	0
Bt3	23	15	4	4.7	1	0
Bt4	20	18	7	1.8	1	0
Bt5	15	11	16	0.7	1	0
Bt6	20	14	13	7.3	1	0
Bt7	17	13	18	2.5	1	0
Bt8	24	12	16	1.75	1	0
Bt9	30	17	10	1.38	1	0
Bt10	23	18	13	4.2	1	0
Bt11	28	22	9	3.01	1	0
Bt12	31	20	10	4.8	1	0
Bt13	26	20	14	2.21	1	0
Bt14	40	19	10	3.82	1	0
Bt15	23	16	21	2.1	1	0
Bt16	25	19	17	5.29	1	0
Bt17	28	18	18	2.75	1	0
Bt18	40	20	13	2.6	1	0
Bt19	29	27	15	2.11	1	0
Bt20	26	20	26	2.91	1	0
Bt21	27	23	24	2.94	1	0
Bt22	44	17	21	1.95	1	0
Bt23	39	27	16	7.63	1	0
Bt24	57	22	14	7.9	1	0
Bt25	39	27	21	8.0	1	0
Bt26	41	20	29	3.42	1	0
Bt27	58	40	11	12.6	1	0
Bt28	38	37	20	7.568	1	0

DEMANDS PER CUSTOMER
i	Type Quantity
1	Bt3 1	Bt4 1	
2	Bt3 1	Bt25 1	
3	Bt8 2	
4	Bt3 2	Bt7 1	
5	Bt2 1	
6	Bt8 1	
7	Bt9 1	Bt3 1	Bt5 1	Bt4 1	
8	Bt2 1	Bt17 1	
9	Bt7 1	Bt2 1	
10	Bt6 1	
11	Bt5 1	Bt11 1	Bt3 1	
12	Bt3 4	Bt6 1	Bt2 1	
13	Bt3 1	
14	Bt7 1	Bt12 1	
15	Bt3 1	
16	Bt7 1	
17	Bt20 1	Bt16 1	Bt26 1	
18	Bt3 1	
19	Bt3 3	Bt5 1	Bt23 1	
20	Bt3 2	
21	Bt5 2	Bt12 1	Bt3 1	Bt14 1	Bt28 1	Bt8 1	
22	Bt3 1	
23	Bt3 1	
24	Bt12 1	
25	Bt3 1	
26	Bt8 1	Bt3 2	Bt4 1	
27	Bt7 1	Bt16 1	
28	Bt3 2	
29	Bt3 2	Bt8 1	
30	Bt3 1	
31	Bt11 1	
32	Bt7 1	
33	Bt21 1	Bt3 1	
34	Bt8 1	Bt2 1	
35	Bt5 2	Bt3 1	Bt2 1	Bt11 2	Bt17 1	
36	Bt6 1	Bt3 1	
37	Bt8 1	
38	Bt5 2	
39	Bt3 1	Bt2 1	
40	Bt5 1	Bt8 2	Bt16 1	Bt11 1	
41	Bt3 1	Bt2 1	Bt5 2	Bt8 1	
42	Bt5 1	
43	Bt3 1	Bt14 1	Bt12 1	
44	Bt4 1	Bt6 1	Bt18 1	Bt5 1	
45	Bt3 2	Bt2 1	Bt19 1	
46	Bt12 1	Bt13 1	Bt3 1	Bt27 1	
47	Bt5 1	Bt22 1	
48	Bt1 2	Bt5 2	Bt3 2	Bt7 1	Bt14 1	Bt11 1	
49	Bt2 1	
50	Bt3 1	
51	Bt26 1	
52	Bt5 1	
53	Bt16 1	Bt18 1	Bt3 2	Bt5 1	Bt6 1	Bt8 1	Bt10 1	
54	Bt2 1	
55	Bt6 1	Bt17 1	Bt12 1	
56	Bt3 1	Bt15 1	
57	Bt3 1	
58	Bt24 1	
59	Bt3 3	Bt5 1	Bt7 1	
60	Bt7 1	Bt3 1	Bt2 1	
61	Bt8 1	
62	Bt12 1	Bt2 1	Bt3 1	
63	Bt3 2	Bt8 1	
64	Bt5 1	

DISTANCE MATRIX
0.0 2342.9 2339.0 2336.6 2295.7 2320.1 2272.2 2269.1 2353.6 2284.2 2282.3 2205.0 2341.9 2418.2 2317.2 2313.5 2263.8 2269.7 2196.2 2295.4 2323.3 2218.0 2333.3 2313.6 2268.8 2337.4 2129.2 2334.7 2149.7 2320.7 2212.8 2185.6 2316.4 2243.7 2419.6 2147.6 2309.9 2301.6 2304.9 2266.1 2268.2 2158.7 2405.7 2135.4 2283.4 2303.0 2322.5 2285.5 2240.0 2284.3 2275.5 2369.4 2305.3 2372.5 2395.7 2277.0 2331.9 2173.2 2132.4 2146.7 2292.5 2369.7 2326.0 2261.4 2344.8
2495.6 0.0 170.9 122.1 74.9 125.6 134.0 141.4 93.9 128.4 129.8 152.2 129.6 227.9 99.4 33.5 228.3 157.4 143.4 115.7 96.1 155.6 118.8 66.5 134.2 115.1 280.1 51.7 144.8 84.3 178.8 140.8 155.1 208.2 154.3 289.7 97.6 116.2 112.9 50.0 167.5 194.6 215.4 212.2 128.2 104.7 42.5 122.2 195.6 31.9 175.0 205.7 68.7 142.0 159.1 234.6 20.1 159.2 216.5 258.4 120.1 165.0 186.2 208.1 107.7
2525.2 176.3 0.0 56.6 217.5 77.6 152.9 200.9 93.7 116.5 218.7 281.7 106.3 93.5 88.1 178.0 301.4 132.4 327.7 129.4 95.6 335.3 64.5 232.0 196.1 73.3 446.4 192.6 325.0 129.9 363.1 325.1 80.8 286.8 69.4 451.8 119.7 86.2 83.2 251.0 245.0 379.6 81.0 396.5 97.8 146.9 164.4 122.9 375.3 208.3 150.0 71.3 223.7 33.4 64.0 307.7 154.0 343.5 400.8 424.7 106.1 30.6 7.6 392.4 80.7
2482.1 133.2 120.8 0.0 152.8 16.3 91.6 162.4 40.7 52.1 218.4 275.2 37.1 115.9 31.4 153.4 258.3 71.1 266.4 72.7 34.3 278.6 3.3 170.7 134.8 19.5 385.1 185.5 267.8 68.6 301.8 263.8 61.1 243.7 91.8 390.6 58.4 24.9 21.9 187.5 201.9 313.9 103.4 336.5 42.4 85.6 144.4 66.2 318.6 205.7 88.7 93.7 162.4 145.5 86.4 264.6 128.1 282.2 339.5 363.4 43.8 53.0 113.2 331.1 26.9
2409.9 66.1 228.6 144.4 0.0 128.0 62.7 73.7 120.0 144.7 62.3 118.9 178.4 260.4 143.2 78.8 186.1 86.3 110.3 107.9 145.9 122.3 141.1 14.9 92.0 164.0 229.0 36.0 111.7 87.3 145.7 107.7 204.0 166.0 186.0 236.5 125.9 156.5 153.2 31.4 155.6 160.6 247.9 181.3 159.0 118.7 87.8 98.0 164.3 49.6 103.7 238.2 6.3 164.9 185.2 192.4 62.7 126.1 183.4 207.1 136.6 197.5 217.8 174.8 171.4
2465.6 116.7 137.2 16.3 136.4 0.0 75.2 145.9 57.1 35.7 202.0 258.8 53.5 132.3 14.9 150.3 241.8 54.7 250.0 59.7 21.0 279.8 13.0 154.3 118.4 35.9 368.7 126.5 251.4 55.3 285.4 247.4 77.5 221.7 125.7 374.2 36.9 28.4 25.1 171.1 206.8 297.1 119.8 320.1 46.6 67.3 149.3 49.8 301.8 189.3 72.3 110.1 146.0 161.9 102.8 255.0 152.9 265.8 323.1 347.0 27.4 69.4 124.2 338.1 43.3
2406.9 133.4 165.8 81.6 61.1 65.2 0.0 87.2 122.4 81.9 126.7 183.5 118.8 197.6 80.2 143.2 183.1 23.3 174.7 48.3 86.3 204.5 78.3 79.0 87.0 101.2 293.4 100.1 176.1 81.5 210.1 172.1 141.2 163.0 191.0 298.9 63.1 93.7 90.4 95.8 148.1 221.8 185.1 244.8 96.2 55.9 152.2 38.4 226.5 114.0 40.9 175.4 70.7 199.3 168.1 196.3 110.2 190.5 247.8 271.7 73.6 134.7 152.8 262.8 108.6
2379.1 113.2 200.9 152.1 66.0 136.4 84.6 0.0 123.9 138.2 13.1 135.0 159.6 257.9 129.4 146.8 155.3 108.0 126.2 96.1 122.2 138.4 148.8 83.9 61.2 145.1 291.2 105.0 123.5 91.3 161.6 123.6 185.1 140.7 184.3 296.7 104.3 146.2 142.9 100.7 160.3 171.5 245.4 195.0 163.7 83.2 155.8 102.6 178.4 118.9 99.6 235.7 75.6 172.0 189.1 161.6 90.9 142.0 199.3 269.5 129.8 195.0 216.2 190.9 137.7
2451.6 102.7 130.7 49.9 127.2 67.1 122.4 131.9 0.0 106.0 145.1 208.1 60.4 139.2 81.4 112.6 227.8 121.9 217.8 115.2 81.5 249.6 54.0 133.8 133.7 21.2 356.9 119.0 234.7 86.9 272.8 234.8 84.4 213.2 115.1 361.5 97.1 75.7 72.7 152.8 171.4 289.3 126.7 306.2 87.3 102.3 103.6 116.2 289.6 134.7 139.5 117.0 133.4 150.8 109.7 234.1 80.4 253.2 310.5 335.2 95.6 76.3 118.5 302.9 13.8
2459.4 136.9 121.8 65.2 146.5 45.7 81.9 139.7 102.1 0.0 152.9 219.0 99.3 178.1 60.7 167.4 235.6 64.5 256.7 66.1 63.6 268.9 58.8 161.0 125.1 81.7 378.5 175.8 254.0 44.0 292.1 254.1 92.6 221.0 154.0 380.8 30.7 65.8 68.8 180.0 179.2 308.6 165.6 325.5 54.2 75.9 176.4 56.5 312.0 196.0 79.0 155.9 152.7 138.8 148.6 241.9 111.5 272.5 329.8 353.7 7.3 115.2 106.5 321.4 89.1
2390.7 124.8 217.1 163.7 77.6 148.0 96.2 11.6 135.5 146.7 0.0 121.8 171.2 269.5 141.0 136.4 166.9 119.6 113.0 104.3 133.8 142.8 160.4 95.5 72.8 156.7 278.0 116.6 114.4 102.6 148.4 110.4 196.7 146.8 201.5 283.5 121.0 157.8 154.5 89.0 137.1 160.1 257.0 183.1 176.0 96.7 145.4 114.2 164.8 107.2 111.2 247.3 78.8 192.4 200.7 180.1 113.8 128.8 186.1 256.3 138.4 206.6 230.1 186.2 149.3
2405.5 190.8 283.1 229.7 143.6 214.0 162.2 117.0 201.5 212.7 130.2 0.0 237.2 335.5 207.0 190.6 260.4 173.7 9.6 173.7 203.7 77.5 226.4 161.5 116.7 222.7 212.0 176.3 50.6 168.6 88.7 62.7 262.7 240.3 267.5 202.4 187.0 223.8 220.8 145.4 33.2 104.5 323.0 122.1 235.4 160.8 199.6 180.2 117.5 161.4 155.1 313.3 153.2 258.4 266.7 266.7 168.5 69.1 126.4 242.3 204.4 272.6 290.7 130.0 215.3
2487.8 138.9 86.3 47.1 200.0 63.5 138.8 168.1 80.4 99.3 181.3 244.3 0.0 98.2 78.6 140.6 264.0 118.3 254.0 119.9 81.5 325.8 50.4 170.0 169.9 59.2 432.3 148.7 315.0 115.8 349.0 311.0 25.4 243.9 74.1 438.3 100.5 72.1 68.8 234.7 207.6 358.9 85.7 384.8 83.7 130.9 131.6 113.4 365.8 170.9 135.9 76.0 209.6 111.0 68.7 270.3 139.4 329.4 386.7 410.6 91.0 35.3 73.3 378.3 66.6
2521.1 172.2 128.8 123.8 193.3 140.2 191.9 201.4 117.1 176.0 214.6 277.6 124.0 0.0 154.3 173.9 297.3 195.0 287.3 181.3 147.1 324.9 127.1 203.3 203.2 135.9 425.6 182.0 296.5 153.3 330.5 292.5 149.5 277.2 52.6 431.1 171.7 148.8 145.5 224.8 262.3 342.2 10.6 365.2 167.0 173.7 164.9 190.1 346.9 204.2 212.6 37.1 202.9 104.1 77.4 310.5 172.7 310.9 368.2 403.9 167.7 70.0 127.1 368.3 130.9
2450.6 101.7 130.6 22.6 162.6 26.1 101.4 130.9 62.6 65.0 144.1 207.1 59.8 138.6 0.0 135.3 226.8 80.9 216.8 82.5 2.8 288.4 19.3 132.8 132.7 42.2 394.9 118.0 273.5 81.2 311.6 273.6 83.8 212.2 114.5 400.4 68.2 16.7 13.7 197.3 170.4 321.5 126.1 345.0 34.2 95.4 134.3 76.0 328.4 133.7 98.5 116.4 172.2 150.7 109.1 233.1 137.9 292.0 349.3 373.2 56.6 75.7 113.0 340.9 49.6
2513.1 23.5 193.9 145.7 77.8 149.2 137.4 140.9 117.5 152.0 129.3 169.7 148.6 246.9 123.0 0.0 251.9 160.8 160.9 135.9 115.8 190.7 142.4 89.6 157.8 138.7 296.0 68.8 162.3 107.9 196.3 158.3 174.1 231.8 178.3 301.5 126.3 139.8 136.5 52.0 185.0 208.0 234.4 231.0 158.0 128.3 8.9 175.9 212.7 31.4 178.4 224.7 68.2 160.4 177.5 265.1 68.8 176.7 234.0 274.3 143.7 184.0 206.9 234.1 131.3
2372.6 207.9 300.2 246.8 160.7 231.1 179.3 134.1 218.6 229.8 147.3 148.5 254.3 352.6 224.1 241.5 0.0 190.8 158.2 187.4 216.9 243.7 243.5 178.6 133.8 239.8 393.0 199.7 203.3 185.7 237.3 211.3 279.8 17.1 284.6 398.5 204.1 240.9 237.6 195.4 133.2 249.0 340.1 272.0 259.1 179.8 250.5 197.3 265.7 213.6 172.2 330.4 170.3 266.7 283.8 13.2 196.9 217.7 275.0 371.3 221.5 289.7 313.2 287.1 232.4
2420.4 146.9 178.0 71.2 74.6 54.8 13.4 100.7 112.0 74.6 140.2 197.0 108.4 187.2 69.8 156.7 196.6 0.0 188.2 34.5 72.7 200.4 67.9 92.5 63.6 90.8 306.9 113.6 185.5 68.0 223.6 185.6 132.4 176.5 163.1 312.9 57.8 83.3 80.0 109.3 161.6 233.5 174.7 257.0 100.8 47.4 165.7 28.0 240.4 127.5 17.5 165.0 84.2 198.1 157.7 202.9 123.7 204.0 261.3 285.2 64.2 124.3 160.4 252.9 98.2
2395.8 199.6 291.9 238.5 152.4 222.8 171.0 125.8 210.3 221.5 139.0 8.7 246.0 344.3 215.8 180.9 250.7 182.5 0.0 179.1 208.6 85.4 235.2 170.3 125.5 231.5 202.3 191.4 45.0 177.4 79.0 53.0 271.5 230.6 276.3 196.8 195.8 232.6 229.3 133.5 24.0 90.7 331.8 113.7 250.8 171.5 189.9 189.0 107.4 151.7 163.9 322.1 123.3 258.4 275.5 263.9 188.6 59.4 116.7 232.6 213.2 281.4 304.9 128.8 224.1
2423.0 123.7 160.7 62.7 129.5 46.3 64.9 103.3 103.5 66.1 116.5 179.5 99.9 178.7 61.3 157.3 199.2 44.4 189.2 0.0 64.2 251.9 59.4 144.0 105.1 82.3 358.4 165.1 237.0 62.6 275.1 237.1 123.9 179.1 172.1 363.8 44.2 74.8 71.5 160.8 142.8 287.2 166.2 309.8 87.2 11.0 166.3 6.5 291.9 179.0 62.0 156.5 135.7 180.8 149.2 205.5 165.3 255.5 312.8 336.7 54.7 115.8 143.1 304.4 89.7
2444.5 98.8 137.8 25.9 119.9 33.3 108.6 128.0 69.8 72.2 138.0 201.0 67.0 145.8 3.3 129.2 220.7 88.1 210.7 85.8 0.0 242.5 26.5 126.7 126.6 49.4 352.2 111.9 227.6 79.8 265.7 227.7 91.0 206.1 121.7 354.4 75.4 23.9 20.9 145.7 164.3 282.2 133.3 299.1 35.5 98.4 128.2 83.2 285.7 127.6 105.7 123.6 126.3 162.8 116.3 227.0 73.3 246.1 303.4 330.5 61.8 82.9 125.6 298.2 56.8
2413.4 172.6 291.4 255.4 110.9 239.0 173.7 168.6 231.0 255.7 157.0 65.6 292.6 371.4 254.0 162.1 263.9 197.1 56.8 218.7 256.9 0.0 252.1 125.9 182.4 275.0 170.1 140.7 58.2 198.0 92.2 11.8 315.0 249.3 280.4 162.9 236.9 267.5 264.1 114.7 102.3 103.9 358.9 146.9 276.2 231.6 171.1 212.2 39.9 132.9 214.7 349.2 104.5 271.3 279.6 270.2 173.7 72.6 145.0 159.2 248.4 308.5 326.6 52.4 282.4
2478.8 129.9 124.1 3.3 149.5 13.0 88.3 159.1 44.0 48.8 215.1 271.9 40.4 119.2 28.1 156.7 255.0 67.8 263.1 72.8 34.2 292.9 0.0 167.4 131.5 22.8 381.8 139.7 264.5 68.4 298.5 260.5 64.4 234.9 112.6 387.3 50.0 21.6 18.3 184.2 220.0 310.2 106.7 333.2 39.8 80.4 147.7 62.9 314.9 202.4 85.4 97.0 159.1 148.8 89.7 268.2 131.4 278.9 336.2 360.1 40.5 56.3 111.1 351.2 30.2
2414.6 54.3 233.3 149.1 21.7 132.7 67.4 98.9 124.7 149.4 87.3 144.1 186.3 265.1 147.7 87.9 190.8 90.8 135.3 115.8 153.8 165.1 145.8 0.0 96.7 168.7 254.0 21.0 136.7 91.8 170.7 132.7 208.7 170.7 190.7 259.5 130.6 161.2 157.9 56.4 159.4 182.4 252.6 205.4 163.7 123.4 96.9 105.9 187.1 74.6 108.4 242.9 31.3 172.8 189.9 204.0 67.4 151.1 208.4 232.3 141.1 202.2 220.3 223.4 176.1
2363.6 139.8 220.8 128.2 131.6 111.8 70.4 66.0 169.0 128.5 79.2 120.1 165.4 244.2 126.8 213.7 139.8 56.9 129.8 94.9 132.9 215.3 124.9 149.5 0.0 147.8 363.9 170.6 174.9 128.1 208.9 182.9 189.4 119.7 237.6 369.4 109.7 140.3 137.0 166.3 104.8 220.6 231.7 243.6 151.9 102.5 222.7 85.0 237.3 184.5 38.3 222.0 141.2 245.5 214.7 153.0 180.7 189.3 246.6 342.2 120.2 181.3 207.8 258.7 155.2
2472.8 123.9 104.9 29.5 182.4 45.9 121.2 153.1 21.2 81.7 166.3 229.3 39.2 118.0 61.0 133.8 249.0 100.7 239.0 105.7 67.1 325.8 32.8 155.0 154.9 0.0 414.7 133.7 297.4 101.3 331.4 293.4 63.2 228.9 111.4 420.2 82.9 54.5 51.2 217.1 214.0 343.1 105.5 366.1 72.7 113.3 124.8 95.8 347.8 155.9 118.3 95.8 192.0 129.6 88.5 262.2 108.5 311.8 369.1 393.0 73.4 55.1 91.9 384.1 7.3
2313.1 306.2 491.6 407.4 262.9 391.0 325.7 258.0 383.8 407.7 246.4 204.0 444.6 523.4 406.0 313.7 392.5 349.1 195.2 370.7 408.9 199.4 404.1 277.9 355.0 427.0 0.5 292.7 173.7 353.2 193.8 184.6 467.0 372.4 449.0 5.4 388.9 419.5 416.2 266.7 229.3 105.5 510.9 87.3 422.0 383.3 322.7 364.2 176.1 284.9 366.7 501.2 256.5 431.1 448.2 398.8 325.7 144.9 85.4 70.9 399.4 460.5 480.9 166.1 434.4
2435.9 33.2 188.7 170.4 46.4 154.0 88.7 120.2 112.5 173.8 108.6 165.4 147.4 286.4 162.5 66.8 212.1 112.1 156.6 133.7 113.9 162.3 167.1 21.2 118.0 132.9 268.8 0.0 153.9 105.2 192.0 154.0 172.9 197.5 172.1 280.7 157.0 134.0 131.0 79.9 202.1 208.5 273.9 225.4 145.6 146.6 75.8 120.7 202.3 65.2 129.7 264.2 52.6 166.1 176.9 218.4 37.9 172.4 229.7 253.6 163.4 223.5 200.9 214.8 125.5
2350.7 169.6 293.0 257.0 112.3 240.6 175.3 170.2 233.4 260.4 158.6 50.6 289.6 373.0 251.0 163.7 205.6 194.1 46.4 215.7 258.5 46.0 253.7 127.5 172.0 276.6 161.7 142.3 0.0 202.8 63.0 35.8 316.6 191.0 276.4 160.9 243.6 269.1 266.1 118.5 91.9 59.5 360.5 76.4 278.2 233.2 168.1 209.2 90.6 134.5 216.3 350.8 106.1 259.5 281.2 216.0 186.6 23.4 80.7 210.8 250.0 310.1 333.6 98.5 284.0
2415.6 89.7 161.0 58.6 90.9 45.0 86.4 98.7 102.2 44.0 109.1 171.8 98.9 177.4 57.2 123.6 191.8 80.7 181.8 78.9 66.1 213.3 58.1 105.7 97.7 81.0 320.1 99.8 202.8 0.0 236.8 198.8 122.6 171.7 175.5 327.3 18.1 73.5 70.5 122.5 141.8 251.3 164.9 272.3 91.4 66.3 132.3 73.0 256.4 122.0 98.3 155.2 97.4 194.8 147.9 197.8 102.9 217.2 274.5 298.1 35.7 114.5 150.6 265.8 88.4
2396.7 211.1 378.1 293.9 152.6 277.5 212.2 207.1 269.5 294.2 195.5 92.1 331.1 409.9 292.5 200.6 251.6 235.6 83.3 260.6 298.6 105.1 290.6 164.4 208.9 313.5 185.2 185.5 45.9 236.6 0.0 72.7 353.5 231.5 318.9 179.7 275.4 306.0 302.7 153.2 107.4 73.6 397.4 96.6 308.5 268.2 209.6 250.7 127.1 171.4 253.2 387.7 143.0 301.0 318.1 264.8 212.2 42.3 99.6 199.7 285.9 347.0 365.1 148.5 320.9
2397.1 160.7 327.7 243.5 102.2 227.1 161.8 156.7 219.1 243.8 145.1 53.7 280.7 359.5 242.1 150.2 252.0 185.2 44.9 210.2 248.2 32.3 240.2 114.0 170.5 263.1 223.6 135.1 46.3 186.2 80.3 0.0 303.1 231.9 268.5 179.4 225.0 255.6 252.3 102.8 69.0 92.0 347.0 115.0 258.1 217.8 159.2 200.3 54.3 121.0 202.8 337.3 92.6 259.4 267.7 265.2 161.8 60.7 118.0 201.9 235.5 296.6 314.7 75.7 270.5
2513.3 164.4 60.8 106.2 222.4 122.6 161.2 193.6 109.3 112.6 206.8 269.8 25.4 136.6 120.2 166.1 289.5 158.7 279.5 154.9 126.3 365.8 109.5 240.3 195.4 100.3 454.7 174.2 337.4 145.5 371.4 333.4 0.0 269.4 118.9 460.2 138.3 104.6 107.9 257.1 254.5 383.1 124.1 406.1 86.4 162.5 157.1 145.0 387.8 196.4 176.3 126.1 232.0 85.5 111.9 302.7 164.9 351.8 409.1 433.0 120.9 91.5 47.8 424.1 107.7
2355.4 195.4 278.4 234.3 146.9 213.9 162.1 121.6 202.2 215.7 130.1 136.0 237.1 335.4 211.6 224.3 20.0 178.3 141.0 173.6 203.6 208.9 226.3 161.4 116.6 222.6 380.5 176.2 182.0 171.6 220.1 194.1 262.6 0.0 261.8 381.2 181.8 223.7 220.7 180.4 94.6 236.6 322.9 253.5 235.3 160.7 233.3 184.8 248.9 196.4 155.0 313.2 153.1 258.3 266.6 26.3 168.4 200.5 257.8 354.1 205.3 272.5 290.6 266.1 215.2
2504.0 160.5 71.3 128.1 179.6 144.5 174.8 184.3 95.0 183.4 197.5 265.9 112.3 61.1 137.2 156.8 280.2 172.8 270.2 167.6 133.9 290.2 131.4 186.2 186.1 115.4 408.5 171.4 275.3 139.3 313.4 275.4 108.9 265.6 0.0 413.9 149.5 153.1 150.1 205.2 223.8 329.9 71.7 346.8 164.7 154.7 153.2 174.1 330.2 187.1 215.8 79.8 185.8 42.4 31.2 291.9 132.8 293.8 351.1 392.2 173.0 74.3 83.5 348.1 108.0
2320.3 261.6 498.8 417.0 270.4 398.2 332.9 250.8 390.2 414.9 239.2 194.4 450.6 437.4 411.4 271.5 385.3 354.6 188.0 380.3 419.3 191.8 411.3 285.1 312.1 434.2 5.4 306.2 168.2 357.6 186.6 177.4 474.2 365.2 456.2 0.0 396.1 426.7 423.7 274.3 227.1 104.1 518.1 80.1 435.8 390.8 281.7 369.7 183.6 292.1 373.9 508.4 263.7 447.5 455.4 389.2 332.9 137.7 78.2 76.4 407.9 467.7 488.2 171.6 441.6
2433.7 108.1 147.5 48.4 147.7 26.9 83.1 114.0 83.3 28.7 127.2 185.1 80.5 159.3 41.9 141.7 209.9 67.7 199.9 64.2 44.8 226.6 40.0 162.2 115.8 62.9 333.1 124.4 255.2 15.3 293.3 255.3 104.5 195.3 135.2 382.0 0.0 55.4 52.4 181.2 153.5 309.8 146.8 326.7 67.0 77.1 145.6 57.7 266.6 140.1 80.2 137.1 153.9 167.6 129.8 216.2 85.8 273.7 331.0 354.9 18.3 96.4 135.3 322.6 70.3
2466.2 117.3 109.2 34.9 154.9 18.4 93.7 146.5 75.7 54.2 159.7 222.7 72.1 150.9 15.5 150.9 242.4 73.2 268.5 78.2 21.6 298.3 31.6 172.8 136.9 54.5 387.2 127.1 269.9 73.8 303.9 265.9 84.6 222.3 144.3 392.7 55.4 0.0 3.2 189.6 207.4 315.6 138.4 338.6 18.2 85.8 149.9 68.3 320.3 149.3 90.8 128.7 164.5 133.9 121.4 255.6 153.5 284.3 341.6 365.5 45.9 88.0 96.2 356.6 61.9
2462.9 114.0 117.1 31.9 155.0 15.1 90.4 143.5 71.6 54.0 156.4 219.4 68.8 147.6 12.2 147.6 239.1 69.9 265.2 71.5 15.1 277.4 28.3 169.5 133.6 51.2 384.2 130.3 262.5 70.5 300.6 262.6 87.9 224.5 123.5 391.4 57.2 3.2 0.0 188.5 182.7 317.1 135.1 334.0 14.8 84.4 146.6 65.3 317.7 146.0 87.5 125.4 161.2 137.2 118.1 245.7 91.7 281.0 338.3 362.2 43.6 84.7 104.9 329.9 58.6
2477.4 57.8 255.8 169.5 22.3 150.6 85.3 88.8 143.4 170.4 77.2 136.5 204.2 283.0 168.1 47.3 208.7 108.7 125.2 130.3 168.5 137.4 163.7 37.5 114.6 186.6 243.9 52.3 122.5 112.8 160.6 122.6 226.6 194.1 203.0 249.3 153.6 179.1 176.1 0.0 170.7 177.1 270.5 194.0 188.2 143.2 54.1 123.8 177.4 18.1 126.3 260.8 16.1 193.2 207.8 217.5 78.0 141.0 198.3 224.7 160.0 220.1 243.6 192.4 194.0
2364.6 160.5 252.8 193.0 110.3 183.7 131.9 101.7 171.2 182.4 99.9 33.2 200.5 305.2 170.3 194.1 140.8 137.0 39.9 137.0 169.5 92.8 196.1 131.2 86.4 192.4 227.3 152.3 85.0 138.6 119.0 93.0 232.4 120.7 237.2 235.1 156.7 193.5 190.2 148.0 0.0 131.1 292.7 153.7 211.7 132.4 200.1 164.9 132.8 166.2 124.8 283.0 122.9 212.9 236.4 162.1 149.5 99.4 156.7 257.6 174.1 242.3 263.5 160.3 185.0
2338.8 209.2 378.6 292.0 152.7 278.0 212.7 205.2 270.0 294.7 196.0 96.6 329.2 410.4 290.6 201.1 272.1 233.7 83.8 257.3 299.1 87.6 291.1 164.9 209.4 314.0 105.6 186.0 66.4 239.8 82.4 73.2 354.0 252.0 319.4 100.2 280.6 306.5 303.2 153.7 126.9 0.0 397.9 21.6 313.7 268.7 207.7 255.2 127.6 171.9 253.7 388.2 143.5 299.1 318.6 282.4 212.7 33.6 25.5 120.1 287.0 347.5 369.6 138.1 321.4
2533.6 184.7 129.5 113.2 205.8 129.6 204.4 213.9 129.6 165.4 227.1 290.1 136.5 12.5 144.7 186.4 309.8 184.4 333.6 189.4 150.8 363.4 116.5 215.8 215.7 125.3 438.1 194.5 335.0 165.8 369.0 331.0 141.9 289.7 65.1 443.6 166.6 138.2 134.9 237.3 274.8 380.7 0.0 403.7 156.4 186.2 177.4 179.5 385.4 216.7 202.0 26.5 215.4 107.8 77.6 323.0 185.2 349.4 406.7 416.4 157.1 59.4 116.5 406.8 132.7
2316.2 233.2 402.6 316.0 173.7 300.9 235.6 229.2 294.0 318.7 218.9 114.2 353.2 433.3 314.6 224.0 295.0 257.7 106.7 279.3 323.1 109.6 314.0 187.8 232.3 336.9 89.8 210.0 90.4 261.1 105.3 96.1 376.9 276.0 343.4 80.2 299.9 329.4 327.2 177.7 145.8 23.9 420.8 0.0 333.0 292.7 233.0 272.8 149.6 194.8 276.6 411.1 166.4 324.4 341.5 300.0 236.7 56.4 2.9 101.9 310.4 370.4 390.8 162.1 344.3
2433.9 128.9 95.6 46.5 176.5 36.6 111.9 164.7 93.1 64.5 177.9 234.3 83.7 166.8 27.1 169.1 260.6 90.7 286.7 92.3 36.6 292.3 49.8 191.0 155.1 72.7 399.2 151.8 284.0 88.9 322.1 284.1 66.4 239.8 145.0 406.4 78.7 18.2 21.2 210.0 204.2 327.6 154.3 355.5 0.0 105.9 161.9 80.3 332.3 167.5 109.0 146.9 182.7 121.9 139.6 260.7 113.2 302.5 359.8 383.0 65.1 106.2 83.4 344.8 80.1
2412.0 112.7 171.7 75.6 87.6 57.3 75.9 90.7 113.7 77.1 105.5 166.9 110.9 189.7 72.3 146.3 188.2 64.4 178.2 11.0 75.2 201.0 70.4 102.1 94.1 93.3 314.6 116.9 195.1 75.2 233.2 195.2 134.9 173.6 165.6 322.5 60.3 85.8 84.4 121.1 131.8 249.7 177.2 266.6 99.4 0.0 153.7 19.4 248.4 137.1 73.0 167.5 93.8 191.8 160.2 192.9 90.4 213.6 270.9 292.9 66.7 126.8 159.5 260.9 100.7
2522.1 32.5 180.3 154.7 83.6 158.2 146.4 149.9 112.1 161.0 138.3 178.7 139.6 237.9 132.0 8.9 260.9 169.8 169.9 191.4 128.7 182.1 151.4 98.6 166.8 133.3 305.0 77.8 167.2 120.0 205.3 167.3 165.1 240.8 163.7 310.5 130.2 148.8 145.5 58.5 212.0 215.2 225.4 240.0 160.8 135.4 0.0 184.9 222.1 40.4 187.4 215.7 77.2 160.2 168.5 267.2 77.8 185.7 243.0 283.3 153.7 175.0 192.5 234.6 125.9
2429.5 130.2 154.2 56.2 122.8 39.8 58.4 109.8 96.2 56.5 123.0 186.0 93.4 172.2 54.8 201.7 205.7 37.9 233.2 6.5 57.7 245.4 52.9 137.5 101.6 75.8 351.9 152.3 234.6 56.1 268.6 230.6 117.4 185.6 148.1 357.4 42.8 68.3 65.3 154.3 160.7 280.7 159.7 304.4 80.7 19.4 210.7 0.0 285.4 172.5 55.5 150.0 129.2 174.3 142.7 212.0 107.9 249.0 306.3 330.2 48.2 109.3 136.6 297.9 83.2
2373.4 204.5 323.3 287.3 146.0 270.9 205.6 200.5 262.9 290.7 188.9 97.5 324.5 403.3 285.9 194.0 295.8 229.0 88.7 250.6 288.8 31.9 284.0 157.8 214.3 306.9 130.1 172.6 86.0 230.0 124.1 43.7 346.9 275.7 312.3 122.9 268.8 299.4 296.1 146.6 130.8 131.3 390.8 106.9 308.1 263.2 203.0 244.1 0.0 164.8 246.6 381.1 136.4 303.2 311.5 302.1 205.6 104.5 105.0 119.2 280.3 340.4 358.5 12.5 314.3
2498.0 39.6 215.2 187.6 46.3 171.2 105.9 109.4 133.6 187.9 97.8 154.6 169.3 303.6 139.1 29.1 229.3 129.3 145.8 154.3 131.9 175.6 184.3 58.1 135.2 154.8 264.5 79.2 147.2 124.0 181.2 143.2 194.8 209.2 199.6 270.0 169.1 199.7 196.4 20.5 169.9 192.9 291.1 215.9 202.2 161.9 38.1 144.4 197.6 0.0 146.9 281.4 36.7 181.7 198.8 242.5 84.9 161.6 218.9 242.8 179.6 240.7 258.8 233.9 147.4
2409.7 165.5 192.0 89.8 93.2 73.4 32.0 112.1 130.6 90.1 158.8 166.2 127.0 205.8 88.4 175.3 185.9 18.6 206.8 56.5 94.5 236.6 86.5 111.1 46.0 109.4 325.5 132.2 208.2 89.7 242.2 204.2 151.0 165.8 199.2 331.0 71.3 101.9 98.6 127.9 150.9 253.9 193.3 276.9 120.1 64.1 184.3 46.6 258.6 146.1 0.0 183.6 102.8 225.5 176.3 199.1 142.3 222.6 279.9 303.8 81.8 142.9 179.0 294.9 116.8
2569.9 221.0 127.5 93.2 246.1 109.6 184.9 250.2 126.5 145.4 263.4 315.8 165.4 48.7 124.7 222.7 346.1 164.4 307.0 169.4 130.8 336.8 96.5 264.0 228.1 105.3 443.7 230.8 308.4 165.0 342.4 304.4 139.9 326.0 80.5 449.2 146.6 118.2 114.9 280.8 331.1 354.1 36.2 377.1 136.4 177.0 213.7 159.5 358.8 253.0 182.0 0.0 255.7 144.1 57.6 359.3 221.5 322.8 380.1 422.0 137.1 39.4 114.5 380.2 112.7
2456.1 75.7 235.0 150.8 9.5 134.4 69.1 67.5 126.4 151.1 55.9 112.7 188.0 266.8 149.4 72.4 192.5 92.5 103.9 117.5 155.5 133.7 147.5 21.3 98.4 170.4 222.6 42.4 105.3 93.5 139.3 101.3 210.4 172.4 192.4 228.1 132.3 162.9 159.6 25.0 128.0 151.0 254.3 174.0 165.4 125.1 81.4 107.6 155.7 43.2 110.1 244.6 0.0 174.5 191.6 205.7 69.1 119.7 177.0 200.9 142.8 203.9 222.0 192.0 177.8
2500.5 142.8 33.4 138.5 163.9 151.1 162.5 172.0 96.5 161.9 194.0 257.0 94.6 148.9 133.7 144.5 267.9 194.7 257.9 164.1 130.4 292.2 141.8 173.9 173.8 108.9 396.2 161.4 268.5 132.7 315.4 268.6 105.5 256.6 129.6 412.6 137.2 141.7 138.4 192.9 211.5 327.5 136.4 350.1 141.9 135.3 135.5 161.8 332.2 174.8 203.5 138.4 173.5 0.0 133.0 283.0 129.3 295.8 353.1 383.3 160.7 130.0 32.2 335.9 101.5
2514.8 165.9 117.9 96.8 187.0 113.2 185.6 195.1 110.8 149.0 208.3 271.3 117.7 70.7 128.3 167.6 291.0 168.0 281.0 173.0 134.4 318.6 100.1 197.0 196.9 108.9 419.3 175.7 290.2 147.0 324.2 286.2 130.3 270.9 22.8 424.8 150.2 121.8 118.5 218.5 256.0 335.9 58.2 358.9 140.0 167.4 158.6 163.1 340.6 197.9 185.6 48.5 196.6 97.8 0.0 304.2 166.4 304.6 361.9 397.6 140.7 43.0 104.9 362.0 116.3
2378.0 213.3 305.6 252.2 166.1 236.5 184.7 139.5 224.0 235.2 152.7 153.9 259.7 358.0 229.5 246.9 5.4 196.2 163.6 196.2 226.2 231.5 248.9 184.0 139.2 245.2 398.4 205.1 208.7 191.4 242.7 216.7 285.2 17.9 290.0 403.8 209.5 246.3 243.0 203.0 128.6 258.5 345.5 276.1 263.8 183.3 255.9 202.7 271.5 219.0 177.6 335.8 175.7 272.1 289.2 0.0 202.3 223.1 280.4 376.7 226.9 295.1 313.2 284.0 237.8
2441.1 41.6 176.3 101.9 73.1 164.1 98.8 152.3 123.5 129.5 135.3 192.1 135.0 262.0 104.8 75.2 217.3 144.2 183.3 143.8 101.5 195.5 124.2 72.7 123.2 143.9 302.0 57.9 180.6 85.4 218.7 180.7 160.5 202.7 159.7 307.4 95.6 121.6 118.6 91.7 228.8 235.2 249.5 252.1 133.2 91.8 64.8 137.3 217.9 73.6 139.8 239.8 79.3 130.6 164.5 214.4 0.0 199.1 256.4 280.3 119.1 199.1 188.5 248.0 136.5
2370.5 178.0 345.0 260.8 119.5 244.4 179.1 174.0 236.4 261.1 162.4 59.0 298.0 376.8 259.4 167.5 238.5 202.5 50.2 227.5 265.5 72.0 257.5 131.3 175.8 280.4 142.8 152.4 32.8 203.5 48.8 39.6 320.4 218.4 285.8 137.3 242.3 272.9 269.6 120.1 74.3 31.2 364.3 54.2 275.4 235.1 176.5 217.6 94.0 138.3 220.1 354.6 109.9 267.9 285.0 251.7 179.1 0.0 57.2 157.3 252.8 313.9 332.0 115.4 287.8
2313.2 237.5 404.5 320.3 179.0 303.9 238.6 233.5 295.9 320.6 221.9 118.5 357.5 436.3 318.9 227.0 298.0 262.0 109.7 287.0 325.0 131.5 317.0 190.8 235.3 339.9 85.5 211.9 92.3 263.0 108.3 99.1 379.9 277.9 345.3 80.0 301.8 332.4 329.1 179.6 133.8 26.2 423.8 2.9 334.9 294.6 236.0 277.1 153.5 197.8 279.6 414.1 169.4 327.4 344.5 311.2 238.6 59.4 0.0 100.0 312.3 373.4 391.5 174.9 347.3
2330.1 284.0 474.0 385.2 240.7 368.8 303.5 233.2 360.8 385.5 221.6 202.7 422.4 501.2 383.8 291.5 404.1 326.9 193.9 348.5 386.7 137.0 381.9 255.7 332.8 404.8 50.4 276.8 185.3 327.9 205.4 148.9 444.8 384.0 426.8 57.6 371.8 397.3 394.0 244.5 228.0 117.1 488.7 100.0 399.8 359.5 300.5 342.0 105.1 262.7 344.5 479.0 234.3 417.7 426.0 410.4 304.2 156.5 97.0 0.0 377.2 438.3 456.4 95.1 412.2
2452.1 128.5 122.5 56.8 138.2 38.4 74.6 131.4 97.6 5.3 145.6 207.6 91.0 170.8 52.4 160.1 228.3 56.1 249.4 54.7 61.5 260.6 51.5 153.7 117.8 74.4 367.1 176.8 252.8 35.7 284.8 246.8 99.9 210.2 166.2 375.6 20.3 66.9 65.6 172.5 177.3 298.5 158.3 319.6 52.9 68.7 168.1 48.2 300.2 188.7 71.7 148.6 145.4 158.0 141.3 233.6 141.4 265.2 322.5 346.4 0.0 107.9 113.8 313.1 81.8
2535.9 187.0 128.0 53.7 206.6 70.1 145.4 216.2 87.0 105.9 272.2 329.0 148.0 62.8 85.2 199.7 312.1 124.9 320.2 129.9 91.3 350.0 57.0 224.5 188.6 65.8 438.9 196.8 321.6 125.5 355.6 317.6 122.5 292.0 56.2 444.4 107.1 78.7 75.4 241.3 277.1 367.3 50.3 390.3 96.9 137.5 190.7 120.0 372.0 259.5 142.5 40.6 216.2 131.2 33.3 325.3 174.4 336.0 393.3 417.2 97.6 0.0 115.0 408.3 73.2
2487.1 187.0 10.6 74.2 227.1 88.3 163.6 216.2 105.2 124.1 229.4 289.3 98.7 104.2 105.7 188.7 312.1 145.4 338.4 141.6 109.5 352.9 75.2 242.7 206.8 84.0 454.0 196.8 339.8 140.6 373.8 335.8 70.1 292.0 96.6 464.3 125.3 96.9 93.6 259.5 262.1 386.5 91.7 408.5 100.3 155.7 176.6 138.2 392.9 219.0 160.7 82.0 234.4 32.2 74.7 320.7 187.5 354.2 411.5 432.3 116.8 41.3 0.0 400.0 91.4
2360.9 214.5 381.5 297.3 152.8 280.9 215.6 210.5 272.9 297.6 198.9 107.5 334.5 413.3 295.9 204.0 305.8 239.0 98.7 260.6 298.8 41.9 294.0 167.8 224.3 316.9 117.6 188.9 96.0 240.0 134.1 53.7 356.9 291.2 322.3 108.0 283.9 309.4 306.1 156.6 132.8 112.6 400.8 96.8 318.1 225.1 213.0 254.1 9.9 174.8 256.6 391.1 146.4 304.4 321.5 312.1 226.9 114.5 92.5 106.7 289.3 350.4 368.5 0.0 324.3
2465.4 116.5 112.3 36.9 137.6 53.3 128.6 145.7 13.8 89.1 158.9 221.9 46.6 125.4 68.4 126.4 241.6 108.1 231.6 113.1 74.5 281.0 40.2 147.6 147.5 7.3 369.9 126.3 252.6 97.6 286.6 248.6 70.6 221.5 118.0 375.4 90.3 61.9 58.6 169.1 206.6 298.3 112.9 321.3 80.1 118.0 117.4 103.2 303.0 148.5 125.7 103.2 147.2 137.0 95.9 254.8 101.1 267.0 324.3 348.2 80.8 62.5 99.3 339.3 0.0
