Name		0759_BED-Amazon_n58_m158_bt28
Number_of_Customers	58
Number_of_Items		158
Number_of_ItemTypes	28
Number_of_Vehicles	1
TimeWindows		0
Dist_type	manual

VEHICLE
Mass_Capacity	1693
CargoSpace_Length	160
CargoSpace_Width	70
CargoSpace_Height	72

CUSTOMERS
i	x	y	Demand	ReadyTime	DueDate	ServiceTime	DemandedMass	DemandedVolume
0	34.007369	-118.143927	0	0	0	0	0	0
1	34.104815	-118.340412	1	0	0	0	0.7	2640
2	34.101455	-118.33249	1	0	0	0	4.7	1380
3	34.103916	-118.343349	5	0	0	0	21.23	42492
4	34.104504	-118.346116	4	0	0	0	9.59	24458
5	34.104092	-118.333352	4	0	0	0	23.15	13944
6	34.108052	-118.339075	4	0	0	0	11.12	12796
7	34.105788	-118.336434	2	0	0	0	5.4	4020
8	34.104631	-118.343966	1	0	0	0	0.7	2640
9	34.105249	-118.331231	1	0	0	0	4.7	1380
10	34.10784	-118.333736	4	0	0	0	11.97	19645
11	34.10646	-118.333819	1	0	0	0	2.5	3978
12	34.108929	-118.340265	1	0	0	0	2.5	3978
13	34.102054	-118.348948	1	0	0	0	1.9	1176
14	34.107112	-118.341062	2	0	0	0	2.6	3816
15	34.10765	-118.332569	2	0	0	0	6.42	18980
16	34.106503	-118.337493	1	0	0	0	3.42	23780
17	34.107172	-118.335428	3	0	0	0	12.9	46768
18	34.103431	-118.346929	6	0	0	0	25.79	77768
19	34.106244	-118.340774	2	0	0	0	6.45	5988
20	34.107725	-118.334392	3	0	0	0	8.72	29420
21	34.103287	-118.341771	1	0	0	0	1.4	5280
22	34.106482	-118.339888	1	0	0	0	4.7	1380
23	34.105588	-118.339434	1	0	0	0	3.01	5544
24	34.10412	-118.34251	1	0	0	0	2.91	13520
25	34.103438	-118.348129	2	0	0	0	6.94	26316
26	34.102012	-118.348949	5	0	0	0	38.78	42908
27	34.103435	-118.347378	2	0	0	0	6.45	5988
28	34.105234	-118.33256	2	0	0	0	11.3	3936
29	34.100524	-118.332488	5	0	0	0	28.06	19108
30	34.103318	-118.344813	4	0	0	0	27.75	38400
31	34.104465	-118.332204	3	0	0	0	9.61	8100
32	34.10667	-118.336326	1	0	0	0	0.7	2640
33	34.103922	-118.340179	1	0	0	0	7.3	3640
34	34.106375	-118.336339	1	0	0	0	4.7	1380
35	34.102465	-118.333333	1	0	0	0	4.7	1380
36	34.106226	-118.332148	2	0	0	0	8.0	6280
37	34.102087	-118.348948	1	0	0	0	3.82	7600
38	34.103214	-118.343346	4	0	0	0	12.59	13271
39	34.107565	-118.340062	2	0	0	0	7.5	10980
40	34.108241	-118.339784	4	0	0	0	10.91	13542
41	34.103289	-118.34018	2	0	0	0	14.8	6780
42	34.105368	-118.344089	1	0	0	0	3.8	2352
43	34.106051	-118.333687	3	0	0	0	27.9	12054
44	34.10546	-118.332149	5	0	0	0	18.57	22520
45	34.10749	-118.336338	1	0	0	0	0.7	2640
46	34.106712	-118.34238	1	0	0	0	2.11	11745
47	34.108428	-118.337648	2	0	0	0	6.42	18980
48	34.104835	-118.332209	2	0	0	0	12.0	5020
49	34.10939	-118.339482	1	0	0	0	4.73	10000
50	34.107154	-118.33336	1	0	0	0	1.9	1176
51	34.106713	-118.335615	2	0	0	0	2.6	3816
52	34.103951	-118.345227	1	0	0	0	0.7	2640
53	34.105594	-118.340613	1	0	0	0	4.7	1380
54	34.107665	-118.337374	1	0	0	0	0.7	2640
55	34.106037	-118.337367	1	0	0	0	1.9	1176
56	34.104128	-118.33909	3	0	0	0	15.4	32544
57	34.106432	-118.341072	1	0	0	0	4.7	1380
58	34.103976	-118.332179	3	0	0	0	16.44	15443

ITEMS
Type	Length	Width	Height	Mass	Fragility	LoadBearingStrength
Bt1	18	12	5	2.15	1	0
Bt2	21	14	4	1.9	1	0
Bt3	23	15	4	4.7	1	0
Bt4	15	11	16	0.7	1	0
Bt5	20	14	13	7.3	1	0
Bt6	17	13	18	2.5	1	0
Bt7	24	12	16	1.75	1	0
Bt8	28	22	9	3.01	1	0
Bt9	25	15	15	2.881	1	0
Bt10	31	20	10	4.8	1	0
Bt11	40	19	10	3.82	1	0
Bt12	25	19	17	5.29	1	0
Bt13	22	15	26	3.816	1	0
Bt14	29	21	15	1.85	1	0
Bt15	29	25	13	1.77	1	0
Bt16	40	20	12	2.8	1	0
Bt17	50	20	10	4.73	1	0
Bt18	40	20	13	2.6	1	0
Bt19	26	23	18	3.05	1	0
Bt20	29	27	15	2.11	1	0
Bt21	26	20	26	2.91	1	0
Bt22	39	20	21	5.42	1	0
Bt23	39	27	16	7.63	1	0
Bt24	57	15	20	3.44	1	0
Bt25	39	28	16	3.434	1	0
Bt26	33	20	28	5.25	1	0
Bt27	41	20	29	3.42	1	0
Bt28	38	37	20	7.568	1	0

DEMANDS PER CUSTOMER
i	Type Quantity
1	Bt4 1	
2	Bt3 1	
3	Bt26 1	Bt2 1	Bt23 1	Bt7 1	Bt3 1	
4	Bt12 1	Bt4 1	Bt14 1	Bt7 1	
5	Bt3 4	Bt7 1	Bt4 1	Bt2 1	
6	Bt3 1	Bt11 1	Bt4 1	Bt2 1	
7	Bt3 1	Bt4 1	
8	Bt4 1	
9	Bt3 1	
10	Bt15 1	Bt10 1	Bt3 1	Bt4 1	
11	Bt6 1	
12	Bt6 1	
13	Bt2 1	
14	Bt4 1	Bt2 1	
15	Bt18 1	Bt13 1	
16	Bt27 1	
17	Bt2 1	Bt28 1	Bt25 1	
18	Bt19 3	Bt4 4	Bt13 1	Bt3 1	Bt27 1	Bt2 1	
19	Bt7 1	Bt3 1	
20	Bt18 1	Bt22 1	Bt4 1	
21	Bt4 2	
22	Bt3 1	
23	Bt8 1	
24	Bt21 1	
25	Bt24 1	Bt7 2	
26	Bt3 6	Bt4 3	Bt21 1	Bt13 1	Bt7 1	
27	Bt7 1	Bt3 1	
28	Bt3 2	Bt2 1	
29	Bt3 3	Bt7 1	Bt2 1	Bt5 1	Bt8 1	
30	Bt3 3	Bt21 1	Bt5 1	Bt24 1	
31	Bt2 1	Bt3 1	Bt8 1	
32	Bt4 1	
33	Bt5 1	
34	Bt3 1	
35	Bt3 1	
36	Bt5 1	Bt4 1	
37	Bt11 1	
38	Bt3 1	Bt12 1	Bt4 1	Bt2 1	
39	Bt3 1	Bt16 1	
40	Bt6 1	Bt8 1	Bt3 1	Bt4 1	
41	Bt3 3	Bt4 1	
42	Bt2 2	
43	Bt3 5	Bt2 1	Bt6 1	
44	Bt1 2	Bt4 2	Bt3 1	Bt12 1	Bt9 1	
45	Bt4 1	
46	Bt20 1	
47	Bt13 1	Bt18 1	
48	Bt3 1	Bt5 1	
49	Bt17 1	
50	Bt2 1	
51	Bt2 1	Bt4 1	
52	Bt4 1	
53	Bt3 1	
54	Bt4 1	
55	Bt2 1	
56	Bt8 2	Bt7 1	Bt23 1	
57	Bt3 1	
58	Bt12 1	Bt7 1	Bt3 2	

DISTANCE MATRIX
0.0 1865.8 1803.4 1885.3 1938.8 1765.6 1950.9 1773.2 1892.3 1678.7 1827.7 1781.5 1974.1 2039.4 1950.6 1783.5 1719.8 1830.6 1931.0 1920.9 1883.6 1879.7 1878.1 1837.8 1853.5 1952.1 2038.4 1938.6 1698.2 1901.0 2004.4 1755.8 1773.9 1838.4 1782.3 1829.1 1719.2 2023.8 1906.5 2006.2 1964.9 1863.6 1907.9 1764.9 1702.8 1750.6 1973.1 1865.2 1769.2 1939.5 1776.0 1814.8 1898.2 1878.1 1704.0 1749.7 1794.3 1933.3 1737.9
2052.2 0.0 287.1 111.7 165.2 253.3 274.6 208.5 118.7 255.7 360.0 283.0 201.6 251.2 178.1 315.8 156.0 372.5 157.4 106.6 333.4 106.1 105.6 65.3 79.9 178.5 252.4 165.0 227.9 309.0 252.6 269.7 254.8 46.8 263.2 303.9 269.1 250.2 132.9 233.7 247.4 72.0 134.3 272.6 252.7 231.5 199.7 265.6 255.0 257.2 283.7 356.7 124.6 62.7 173.3 154.7 72.6 119.0 289.4
2020.5 380.9 0.0 310.5 349.7 118.1 411.1 210.0 349.6 202.8 289.1 218.3 394.5 349.6 431.1 244.9 268.8 306.0 359.9 455.1 349.8 260.6 358.6 318.3 310.8 381.0 348.6 367.5 175.0 21.8 314.6 151.5 342.9 333.5 335.5 62.6 201.7 350.4 285.1 509.6 425.1 358.7 365.2 201.7 185.3 344.3 430.6 325.4 164.9 399.7 212.8 290.2 343.2 393.2 286.1 267.5 341.3 467.5 133.6
2073.1 133.1 307.9 0.0 95.2 268.7 341.6 225.5 48.7 276.6 380.9 303.9 269.6 175.8 254.3 336.7 176.9 394.2 87.4 207.3 359.4 64.2 206.3 166.0 25.7 108.5 174.8 104.6 247.4 330.2 140.8 290.6 275.7 85.7 284.1 324.8 288.9 176.6 21.1 267.1 315.4 110.9 64.3 293.5 273.6 252.4 146.9 233.5 275.9 325.2 304.6 377.6 54.6 145.4 194.2 175.6 93.5 219.7 310.3
2188.1 248.1 358.7 136.7 0.0 388.0 463.1 344.4 101.1 391.6 495.9 418.9 396.3 154.6 369.3 451.7 291.9 509.2 47.2 322.3 474.4 179.2 321.3 281.0 140.7 69.6 153.6 64.4 362.4 381.0 103.3 405.6 390.7 200.7 399.1 376.4 403.9 140.0 157.9 416.7 422.9 225.9 84.6 408.5 388.6 367.4 261.9 452.8 390.9 405.8 419.6 492.6 97.8 260.4 309.2 290.6 208.5 334.7 425.3
1922.0 241.6 117.8 261.1 314.6 0.0 280.5 99.9 268.1 78.6 164.9 98.8 264.9 402.5 326.4 125.4 139.2 187.3 306.8 296.7 230.7 322.8 258.6 218.3 229.3 333.9 401.5 324.0 49.4 140.1 367.5 97.3 223.4 218.9 211.3 51.7 134.4 403.3 338.0 384.7 295.5 239.4 288.4 82.2 75.6 239.2 353.6 195.8 77.9 270.1 93.3 166.0 274.0 258.6 161.2 137.9 170.1 309.1 112.3
1985.0 279.5 387.7 298.0 352.5 268.3 0.0 226.1 306.0 277.2 361.5 331.9 98.4 453.1 208.9 315.4 133.5 288.1 352.1 342.0 259.8 288.4 197.5 237.8 267.2 374.5 459.5 361.9 248.0 416.5 417.1 290.2 169.6 252.1 178.0 325.4 318.0 437.5 320.2 178.9 128.0 276.3 320.6 339.9 350.8 146.3 204.2 83.7 278.7 85.6 292.1 278.9 311.9 291.8 117.7 163.4 208.0 347.0 309.9
1979.6 185.8 204.3 201.1 258.8 103.1 232.2 0.0 212.3 115.2 202.0 74.4 209.1 359.4 266.4 153.9 83.4 215.8 246.8 240.9 261.7 194.7 198.1 157.8 173.5 281.8 354.2 268.2 81.8 226.6 320.2 129.2 182.2 158.4 190.6 163.4 168.6 343.8 226.5 289.6 235.5 179.4 227.9 116.3 193.0 158.9 293.1 141.1 116.7 214.3 121.8 203.1 218.2 198.1 100.7 82.1 114.3 253.3 144.7
2095.7 155.7 330.6 44.3 77.9 296.8 365.2 252.0 0.0 299.2 403.5 326.5 292.2 163.9 276.9 359.3 199.5 416.0 70.1 229.9 376.9 91.8 228.9 188.6 48.3 91.2 165.1 77.7 271.4 352.5 164.3 313.2 298.3 108.3 306.7 347.4 312.6 162.9 65.5 324.3 361.8 133.5 15.6 316.1 296.2 275.0 169.5 256.1 298.5 344.7 327.2 400.2 37.3 168.0 216.8 198.2 116.1 242.3 332.9
1838.6 232.2 140.0 251.7 305.2 86.8 272.1 94.4 258.7 0.0 148.9 102.7 255.5 405.8 317.0 104.7 129.8 151.8 297.4 287.3 204.8 246.1 244.5 204.2 219.9 318.5 404.8 305.0 19.4 193.8 370.8 90.1 188.7 204.8 181.3 165.7 40.4 390.2 272.9 370.6 286.1 230.0 274.3 86.1 24.0 205.3 339.5 186.4 46.3 260.7 97.2 136.0 264.6 244.5 147.1 128.5 160.7 299.7 72.2
2095.9 406.9 360.2 426.4 479.9 238.0 323.0 265.2 433.4 239.4 0.0 184.3 307.4 580.5 418.9 170.7 304.5 66.6 472.1 462.0 88.7 420.8 406.5 378.9 394.6 493.2 579.5 489.3 212.8 382.5 545.5 235.4 156.6 379.5 149.2 294.1 170.4 564.9 447.6 387.9 338.0 404.7 449.0 193.3 195.8 177.1 413.2 238.3 220.7 312.6 144.5 81.1 439.3 419.2 248.6 303.2 335.4 474.4 255.1
1951.1 255.4 208.7 274.9 328.4 92.0 295.3 89.4 281.9 112.4 123.6 0.0 278.7 429.0 340.2 79.4 153.0 140.5 320.6 310.5 184.3 269.3 267.7 227.4 243.1 341.7 428.0 328.2 84.6 230.6 394.0 158.1 177.4 228.0 170.0 142.6 93.1 413.4 296.1 393.8 309.3 253.2 297.5 41.8 118.5 197.9 362.7 209.6 143.4 283.9 47.3 124.7 287.8 267.7 170.3 151.7 183.9 322.9 177.8
1962.9 193.3 365.6 221.5 275.0 252.7 72.9 207.9 228.5 255.1 340.4 309.8 0.0 361.0 111.4 285.9 111.4 265.2 267.2 243.9 226.1 251.8 99.0 139.3 208.3 288.3 362.2 274.8 227.3 387.5 362.4 269.1 147.5 227.7 155.9 303.3 295.9 360.0 242.7 115.0 45.7 252.9 244.1 318.8 321.3 124.2 105.7 63.9 254.4 55.5 270.0 249.4 234.4 223.6 95.6 141.3 185.9 256.3 288.8
2201.8 261.8 349.4 150.4 139.5 402.9 471.3 358.1 157.5 405.3 509.6 432.6 398.3 0.0 383.0 465.4 305.6 522.1 72.5 336.0 483.0 197.9 335.0 294.7 154.4 52.7 1.1 64.9 377.5 371.3 135.0 419.3 404.4 214.4 412.8 367.1 418.7 0.7 171.6 430.4 444.1 239.6 173.1 422.2 402.3 381.1 275.6 362.2 404.6 453.9 433.3 506.3 109.0 274.1 322.9 304.3 222.2 348.4 439.0
2072.9 148.3 370.8 224.7 278.2 331.5 188.6 288.3 231.7 339.4 450.4 419.8 109.9 364.2 0.0 395.9 221.4 376.0 270.4 198.9 341.2 220.4 54.0 94.3 194.2 291.5 365.4 278.0 310.2 393.1 365.6 353.4 257.5 182.7 265.9 387.6 405.9 363.2 245.9 107.4 155.7 207.9 247.3 428.8 336.4 234.2 108.9 171.6 338.7 165.5 380.0 359.4 237.6 178.6 205.6 251.3 156.3 211.3 373.1
1980.1 304.9 258.2 324.4 377.9 136.0 306.8 163.2 331.4 141.4 67.1 82.3 284.5 478.5 396.0 0.0 202.5 100.6 370.1 360.0 109.9 313.8 317.2 276.9 292.6 392.5 477.5 377.7 114.8 280.5 443.5 137.4 136.7 277.5 129.3 192.1 72.4 462.9 345.6 365.0 315.1 302.7 347.0 91.3 97.8 157.2 390.3 216.5 122.7 289.7 42.5 84.0 337.3 317.2 219.8 201.2 233.4 372.4 157.1
1896.1 145.9 254.1 165.4 218.9 141.2 142.2 96.4 172.4 143.6 291.6 170.9 125.6 319.5 230.7 237.1 0.0 216.4 211.1 201.0 177.3 159.8 158.2 117.9 133.6 232.2 318.5 218.7 115.8 276.0 284.5 157.6 98.7 118.5 107.1 191.8 157.0 303.9 186.6 240.7 156.2 143.7 188.0 160.5 140.6 75.4 253.2 56.5 142.9 130.8 221.2 200.6 178.3 158.2 17.2 29.8 74.4 213.4 177.3
2029.2 340.2 293.5 359.7 412.5 171.3 256.3 202.4 366.7 172.7 148.2 117.6 240.7 513.8 352.2 104.0 237.8 0.0 405.4 395.3 48.1 354.1 339.8 312.2 327.9 426.5 512.8 422.6 146.1 315.8 478.8 168.7 89.9 312.8 82.5 227.4 103.7 498.2 380.9 321.2 271.3 338.0 382.3 126.6 128.4 110.4 346.5 172.7 154.0 245.9 77.8 14.5 372.6 352.5 181.9 236.5 268.7 407.7 188.4
2129.2 189.2 356.8 77.8 60.9 324.8 397.7 285.5 84.9 332.7 437.0 360.0 325.7 93.7 310.4 392.8 233.0 450.3 0.0 263.4 415.5 125.3 262.4 222.1 81.8 21.0 94.9 7.5 303.5 379.1 62.4 346.7 331.8 141.8 340.2 380.9 345.0 92.7 99.0 323.2 371.5 167.0 100.5 349.6 329.7 308.5 203.0 289.6 332.0 381.3 360.7 433.7 36.4 201.5 250.3 231.7 149.6 275.8 366.4
2108.8 79.4 343.7 178.7 232.2 304.4 323.7 265.1 185.7 312.3 416.6 339.6 245.0 318.2 221.5 372.4 212.6 429.9 224.4 0.0 395.1 168.1 149.0 108.7 146.9 245.5 319.4 232.0 283.1 366.0 319.6 326.3 311.4 113.8 319.8 360.5 324.6 317.2 199.9 242.5 290.8 139.0 201.3 329.2 309.3 288.1 244.0 306.7 313.8 300.6 340.3 413.3 191.6 109.7 229.9 211.3 129.2 12.4 346.0
2030.9 345.4 337.0 364.9 418.4 219.1 258.0 242.0 371.9 216.2 169.7 161.1 242.4 519.0 353.9 102.5 199.4 43.4 410.6 400.5 0.0 354.3 341.5 317.4 333.1 431.7 518.0 418.2 189.6 359.3 484.0 212.2 133.4 318.0 126.0 270.9 147.2 503.4 386.1 322.9 273.0 343.2 387.5 170.1 172.6 153.9 348.2 173.3 197.5 247.6 121.3 57.9 377.8 357.7 183.6 229.3 273.9 412.9 231.9
2060.2 120.2 270.5 81.9 130.4 260.1 368.9 212.6 88.9 263.7 368.0 291.0 289.4 200.4 265.9 323.8 164.0 376.3 122.6 194.4 346.5 0.0 193.4 153.1 50.1 158.4 199.4 144.8 234.5 292.8 165.4 272.7 262.8 72.8 271.2 311.9 276.0 201.2 98.1 286.9 330.2 98.0 104.5 275.6 260.7 239.5 169.9 221.7 265.2 345.0 291.7 364.7 94.8 132.5 181.3 162.7 80.6 206.8 292.4
2058.9 94.2 316.7 171.9 225.4 282.9 168.9 238.1 178.9 285.3 436.4 312.6 95.9 311.4 72.4 381.9 207.4 361.2 217.6 144.8 322.1 166.3 0.0 40.2 140.1 238.7 312.6 225.2 257.5 338.6 312.8 299.3 243.5 128.6 251.9 333.5 298.7 310.4 193.1 128.0 141.7 153.8 194.5 302.2 282.3 220.2 94.9 159.9 284.6 151.5 366.0 345.4 184.8 124.5 191.6 237.3 102.2 157.2 319.0
2041.5 53.9 276.4 131.6 185.1 242.6 209.2 197.8 138.6 245.0 349.3 272.3 136.2 271.1 112.7 305.1 145.3 401.5 177.3 104.5 362.4 126.0 40.2 0.0 99.8 198.4 272.3 184.9 217.2 298.3 272.5 259.0 283.8 88.3 292.2 293.2 258.4 270.1 152.8 168.3 182.0 113.5 154.2 261.9 242.0 260.5 135.2 200.2 244.3 191.8 273.0 385.7 144.5 84.2 162.6 144.0 61.9 116.9 278.7
2047.3 107.3 282.2 31.7 85.2 248.4 315.4 203.6 38.7 250.8 355.1 278.1 242.4 171.2 227.1 310.9 151.1 367.6 77.4 181.5 328.5 43.4 180.5 140.2 0.0 98.5 172.4 85.0 223.0 304.1 172.6 264.8 249.9 59.9 258.3 299.0 264.2 170.2 52.9 274.5 288.2 85.1 54.3 267.7 247.8 226.6 119.7 207.7 250.1 298.0 278.8 351.8 44.6 119.6 168.4 149.8 67.7 193.9 284.5
2150.1 210.1 377.7 97.6 81.8 352.8 419.6 306.4 105.8 353.6 456.8 380.9 346.6 71.3 330.2 420.8 253.9 471.2 19.7 291.4 435.3 146.2 283.3 243.0 102.7 0.0 64.1 13.2 323.3 407.1 90.4 366.5 352.7 162.7 361.1 401.8 365.9 70.3 119.9 378.7 391.3 195.0 120.3 377.6 357.7 329.4 223.9 310.5 352.9 402.2 381.6 461.7 57.3 222.4 271.2 252.6 169.4 296.7 386.2
2202.8 262.8 348.2 151.4 140.5 398.4 471.3 355.2 158.5 406.3 510.6 433.6 399.3 0.9 384.0 466.4 306.6 523.9 73.5 337.0 489.1 193.9 336.0 295.7 155.4 45.5 0.0 65.9 377.1 370.5 136.0 420.3 405.4 215.4 413.8 365.9 418.6 1.7 172.6 396.8 445.1 240.6 174.1 423.2 403.3 382.1 276.6 363.2 405.6 454.9 434.3 507.3 110.0 275.1 323.9 305.3 223.2 349.4 440.0
2136.8 196.8 364.4 85.4 68.5 332.4 412.8 289.2 92.5 340.3 444.6 367.6 333.3 86.1 326.9 400.4 240.6 457.9 7.5 279.9 432.0 127.9 270.0 229.7 89.4 23.1 77.7 0.0 320.0 386.7 70.0 354.3 339.4 149.4 347.8 388.5 352.6 85.1 106.6 330.8 388.0 174.6 108.1 357.2 337.3 316.1 210.6 298.3 341.8 388.9 368.3 441.3 44.0 209.1 257.9 239.3 157.2 283.4 374.0
1867.8 211.7 169.2 231.2 284.7 65.1 251.6 73.9 238.2 29.1 153.0 82.2 235.0 385.3 296.5 108.8 109.3 170.7 276.9 266.8 218.8 225.6 224.0 183.7 199.4 298.0 384.3 284.5 0.0 222.7 350.3 43.1 206.8 184.3 199.4 116.9 42.5 369.7 252.4 315.5 265.6 209.5 253.8 65.6 26.1 184.8 319.0 165.9 28.4 240.2 76.7 154.1 244.1 224.0 126.6 108.0 140.2 279.2 62.8
2049.1 409.5 28.5 339.1 378.3 148.0 458.9 272.6 378.2 231.4 317.7 246.9 443.3 378.2 488.3 273.5 317.6 335.4 388.5 483.7 383.5 289.2 415.8 375.5 339.4 422.8 377.2 396.1 202.2 0.0 343.2 180.1 416.4 362.1 364.1 91.2 229.2 379.0 313.7 523.8 473.9 387.3 393.8 230.3 213.9 393.1 459.2 375.3 193.5 448.5 241.4 318.8 371.8 421.8 334.9 316.3 369.9 496.1 162.2
2116.9 176.9 351.8 65.5 94.5 312.5 385.4 269.3 72.6 320.4 424.7 347.7 313.4 140.3 298.1 380.5 220.7 438.0 79.4 251.1 403.2 108.0 250.1 209.8 69.5 100.5 139.3 96.6 291.2 374.1 0.0 334.4 319.5 129.5 327.9 368.6 332.7 141.1 86.7 310.9 359.2 154.7 88.2 337.3 317.4 296.2 190.7 277.3 321.9 369.0 348.4 421.4 46.6 189.2 238.0 219.4 137.3 263.5 354.1
1893.4 259.9 160.3 279.4 332.9 123.1 364.8 122.1 286.4 54.7 158.6 148.0 349.2 473.0 344.7 114.4 157.5 162.3 325.1 315.0 210.5 273.8 272.2 231.9 247.6 355.9 472.0 332.7 48.1 221.1 438.0 0.0 198.4 232.5 191.0 152.6 49.0 473.8 300.6 464.3 379.8 257.7 302.0 157.0 33.7 218.9 455.0 280.1 11.3 354.4 108.2 145.7 292.3 272.2 174.8 156.2 188.4 327.4 19.6
1939.2 253.7 338.1 273.2 326.7 221.4 167.3 247.0 280.2 217.3 192.8 162.2 150.7 427.3 262.2 148.6 107.7 117.6 318.9 308.8 154.4 267.6 249.8 225.7 241.4 340.0 426.3 326.5 189.7 360.0 392.3 213.3 0.0 226.3 8.4 272.0 148.3 411.7 294.4 265.8 181.3 251.5 295.8 171.2 173.7 20.4 256.5 81.6 198.6 155.9 122.4 101.8 286.1 266.0 91.9 137.6 182.2 321.2 233.0
2014.3 56.3 249.2 93.8 147.3 215.4 298.5 170.6 100.8 217.8 322.1 245.1 225.5 233.3 202.0 277.9 118.1 334.6 139.5 130.5 295.5 88.2 129.5 89.2 62.0 160.6 234.5 147.1 190.0 271.1 234.7 231.8 216.9 0.0 225.3 266.0 231.2 232.3 115.0 257.6 271.3 25.2 116.4 234.7 214.8 193.6 181.8 174.7 217.1 281.1 245.8 318.8 106.7 68.6 135.4 116.8 34.7 142.9 251.5
1946.6 261.1 329.7 280.6 334.1 213.0 174.7 238.6 287.6 208.9 184.4 153.8 158.1 434.7 269.6 140.2 115.1 109.2 326.3 316.2 161.8 275.0 257.2 233.1 248.8 347.4 433.7 333.9 181.3 351.6 399.7 204.9 7.3 233.7 0.0 263.6 139.9 419.1 301.8 273.2 188.7 258.9 303.2 162.8 165.3 27.8 263.9 89.0 190.2 163.3 114.0 93.4 293.5 273.4 99.3 145.0 189.6 328.6 224.6
1978.8 303.1 66.0 311.6 350.8 55.4 343.0 165.3 350.7 140.1 226.4 155.6 326.4 350.7 387.9 182.2 200.7 243.3 361.0 358.2 287.1 261.7 315.4 275.1 311.9 382.1 349.7 368.6 112.3 87.9 315.7 128.5 280.2 334.6 272.8 0.0 178.7 351.5 286.2 441.5 357.0 359.8 366.3 139.0 162.3 300.7 431.7 257.3 139.4 331.6 150.1 227.5 344.3 315.4 218.0 199.4 231.6 370.6 110.6
1907.6 254.1 225.3 272.6 326.1 102.2 322.1 112.4 280.6 68.9 108.4 97.8 299.0 427.7 337.9 64.2 151.7 112.1 319.3 308.2 160.3 263.0 266.4 226.1 241.8 350.1 426.7 336.5 41.3 285.1 391.7 64.9 148.2 226.7 140.8 159.3 0.0 412.1 293.8 379.5 329.6 250.9 296.2 106.8 25.3 168.7 404.8 231.0 52.4 304.2 58.0 96.6 286.5 266.4 169.0 150.4 181.6 321.6 83.6
2201.0 261.0 350.4 149.6 138.7 402.1 470.5 357.3 156.7 404.5 508.8 431.8 397.5 0.9 382.2 464.6 304.8 521.3 71.7 335.2 482.2 197.1 334.2 293.9 153.6 51.9 2.1 64.1 376.7 372.3 134.2 418.5 403.6 213.6 412.0 368.1 417.9 0.0 170.8 429.6 443.3 238.8 172.3 421.4 401.5 380.3 274.8 361.4 403.8 453.1 432.5 505.5 108.2 273.3 322.1 303.5 221.4 347.6 438.2
2098.5 158.5 286.7 25.3 120.6 294.1 368.0 250.9 74.1 302.0 406.3 329.3 295.0 154.6 279.7 362.1 202.3 419.6 112.8 232.7 384.8 89.6 231.7 191.4 51.1 133.9 153.6 130.0 272.8 309.0 119.6 316.0 301.1 111.1 309.5 350.2 315.4 155.4 0.0 292.5 340.8 136.3 89.7 318.9 299.0 277.8 172.3 260.0 301.3 350.6 330.0 403.0 80.0 170.8 219.6 201.0 118.9 245.1 335.7
2064.9 242.3 467.6 235.9 289.4 353.5 181.4 306.0 277.5 357.1 442.4 411.8 101.9 410.0 160.4 353.3 213.4 368.0 281.6 258.3 298.6 295.8 148.0 188.3 257.3 347.0 376.6 333.4 293.3 455.3 376.8 336.5 249.5 276.7 257.9 405.3 398.9 409.0 257.1 0.0 113.1 267.3 258.5 386.2 388.7 226.2 154.7 163.6 358.6 157.5 372.0 316.8 283.4 272.6 197.6 243.3 250.3 305.3 356.2
1994.0 249.6 396.7 277.8 331.3 278.3 103.0 235.1 284.8 286.2 371.5 340.9 56.2 417.3 167.7 317.0 142.5 297.1 323.5 300.2 262.3 297.4 155.3 195.6 276.2 354.3 418.5 331.1 257.0 419.0 427.1 300.2 178.6 261.1 187.0 334.4 327.0 416.3 299.0 136.7 0.0 286.3 300.4 349.9 352.4 155.3 162.0 92.7 285.5 72.6 301.1 280.5 290.7 279.9 126.7 172.4 217.0 312.6 319.9
2042.4 84.4 277.3 121.9 175.4 238.0 325.6 194.8 128.9 245.9 350.2 273.2 253.6 261.4 230.1 306.0 146.2 363.5 167.6 158.6 328.7 116.3 157.6 117.3 90.1 198.4 262.6 184.8 216.7 299.6 262.8 259.9 245.0 28.0 253.4 294.1 258.2 260.4 143.1 285.7 299.4 0.0 144.5 262.8 242.9 221.7 209.9 202.8 247.4 309.2 273.9 346.9 134.8 96.7 163.5 144.9 62.8 171.0 279.6
2112.2 172.2 347.1 60.8 94.4 307.8 393.9 264.6 16.5 315.7 420.0 343.0 319.6 180.4 293.4 375.8 216.0 433.3 86.6 246.4 398.5 108.3 245.4 205.1 64.8 117.4 181.6 94.2 286.5 369.4 148.7 329.7 314.8 124.8 323.2 363.9 328.0 179.4 82.0 306.2 346.2 150.0 0.0 332.6 312.7 291.5 186.0 272.6 315.0 329.1 343.7 416.7 53.8 184.5 233.3 214.7 132.6 258.8 349.4
1947.6 251.9 205.2 271.4 324.9 83.0 290.8 110.2 278.4 108.9 145.7 74.9 275.2 425.5 336.7 101.5 149.5 163.4 317.1 307.0 211.5 260.8 264.2 223.9 239.6 338.2 424.5 324.7 79.7 227.5 390.5 122.9 199.5 224.5 192.1 139.1 115.2 409.9 292.6 355.7 305.8 249.7 294.0 0.0 140.6 220.0 359.2 206.1 108.2 280.4 69.4 146.8 284.3 264.2 166.8 148.2 180.4 319.4 142.6
1882.2 228.7 199.9 248.2 301.7 77.8 267.6 90.9 255.2 43.5 124.8 99.2 252.0 402.3 313.5 80.6 126.3 128.5 294.6 283.8 176.7 242.6 241.0 200.7 216.4 324.7 401.3 301.5 16.9 260.7 367.3 39.5 164.6 201.3 157.2 133.9 16.3 386.7 269.4 332.5 282.6 226.5 270.8 82.6 0.0 185.1 336.0 184.0 24.8 257.2 74.4 111.9 261.1 241.0 143.6 125.0 157.2 296.2 59.2
1918.7 233.2 361.4 252.7 306.2 244.7 146.8 270.3 259.7 255.9 216.1 185.5 130.2 406.8 241.7 171.9 87.2 140.9 298.4 288.3 133.9 247.1 229.3 205.2 220.9 319.5 405.8 306.0 213.0 383.3 371.8 236.6 23.3 205.8 31.7 295.3 171.6 391.2 273.9 245.3 160.8 231.0 275.3 194.5 197.0 0.0 236.0 61.1 221.9 135.4 145.7 125.1 265.6 245.5 71.4 117.1 161.7 300.7 256.3
2085.6 189.2 384.8 115.7 169.2 351.0 195.6 306.2 122.7 353.4 463.1 432.5 122.6 255.2 107.3 408.6 234.1 387.9 161.4 239.8 348.8 146.0 94.9 135.2 102.5 182.5 256.4 169.0 325.6 406.7 256.6 367.4 270.2 162.5 278.6 401.6 418.6 254.2 136.9 154.7 168.4 187.7 138.3 441.5 350.4 246.9 0.0 186.6 352.7 178.2 392.7 372.1 128.6 219.5 218.3 264.0 170.3 252.2 387.1
1898.9 193.4 301.6 212.9 266.4 185.5 92.1 140.0 219.9 191.1 276.4 245.8 69.0 367.0 179.4 224.2 47.4 202.0 258.6 248.5 169.5 202.3 168.1 165.4 181.1 289.4 366.0 275.8 161.9 323.9 332.0 205.1 83.5 166.0 91.9 239.3 232.9 351.4 234.1 149.5 98.5 193.5 235.5 257.1 257.3 60.2 174.8 0.0 192.6 74.2 206.0 185.4 225.8 205.7 31.6 77.3 121.9 260.9 224.8
1880.0 246.5 175.0 266.0 321.6 135.6 358.9 104.8 273.0 41.3 145.2 134.6 335.8 487.7 331.3 101.0 144.1 148.9 313.8 301.6 197.1 255.4 258.8 218.5 234.2 342.5 486.7 328.9 34.7 234.9 450.5 12.5 185.0 219.1 177.6 167.3 35.6 488.5 289.3 416.3 366.4 244.3 288.6 143.6 20.3 205.5 441.6 267.8 0.0 341.0 94.8 132.3 278.9 258.8 161.4 142.8 177.1 314.0 32.1
1980.4 251.1 383.1 279.3 332.8 270.2 72.4 225.4 286.3 272.6 357.9 327.3 57.7 418.8 169.2 303.4 128.9 282.7 325.0 301.7 243.6 288.8 156.8 197.1 262.6 346.1 420.0 332.6 244.8 405.0 413.5 286.6 165.0 247.5 173.4 320.8 313.4 417.8 300.5 172.8 84.3 272.7 301.9 336.3 338.8 141.7 163.5 81.4 271.9 0.0 287.5 266.9 292.2 281.4 113.1 158.8 203.4 314.1 306.3
1953.4 262.3 215.6 281.8 335.3 98.9 297.4 124.5 288.8 114.7 76.2 39.7 280.8 435.9 347.1 32.0 159.9 93.1 327.5 317.4 136.9 276.2 274.6 234.3 250.0 348.6 434.9 335.1 87.1 237.5 400.9 110.7 130.0 234.9 122.6 149.5 45.7 420.3 303.0 395.9 311.4 260.1 304.4 48.7 71.1 150.5 386.6 211.7 96.0 286.0 0.0 77.3 294.7 274.6 177.2 158.6 190.8 329.8 130.4
2014.7 325.7 279.0 345.2 398.7 161.1 248.5 184.0 352.2 158.2 133.7 103.1 226.2 499.3 337.7 89.5 223.3 16.6 390.9 380.8 64.7 339.6 325.3 297.7 313.4 412.0 498.3 408.1 131.6 301.3 464.3 154.2 75.4 298.3 68.0 212.9 89.2 483.7 366.4 306.7 256.8 323.5 367.8 112.1 114.6 95.9 332.0 157.1 139.5 231.4 63.3 0.0 358.1 338.0 167.4 222.0 254.2 393.2 173.9
2092.7 152.7 327.6 41.3 40.5 293.8 362.2 249.0 48.4 296.2 400.5 323.5 289.2 126.5 273.9 356.3 196.5 413.0 32.7 226.9 373.9 88.8 225.9 185.6 45.3 53.8 127.7 40.3 268.4 349.5 25.9 310.2 295.3 105.3 303.7 344.4 309.6 125.5 62.5 321.3 335.0 130.5 64.0 313.1 293.2 272.0 166.5 253.1 295.5 344.8 324.2 397.2 0.0 165.0 213.8 195.2 113.1 239.3 329.9
2069.8 48.0 304.7 129.3 182.8 270.9 310.2 226.1 136.3 273.3 377.6 300.6 237.2 268.8 213.7 333.4 173.6 390.1 175.0 142.2 351.0 123.7 141.2 100.9 97.5 196.1 270.0 182.6 245.5 326.6 270.2 287.3 272.4 64.4 280.8 321.5 286.7 267.8 150.5 269.3 283.0 89.6 151.9 290.2 270.3 249.1 217.3 301.2 272.6 292.8 301.3 374.3 142.2 0.0 190.9 172.3 90.2 154.6 307.0
1878.8 161.7 269.9 181.2 234.7 157.0 124.9 112.2 188.2 159.4 274.3 243.7 108.3 335.3 246.5 219.8 15.7 199.1 226.9 216.8 160.0 175.6 174.0 133.7 149.4 248.0 334.3 234.5 131.6 291.8 300.3 173.4 81.4 134.3 89.8 207.6 229.8 319.7 202.4 223.4 138.9 159.5 203.8 252.7 240.1 58.1 214.1 39.2 158.7 113.5 203.9 183.3 194.1 174.0 0.0 45.6 90.2 229.2 193.1
1938.7 184.6 292.8 204.1 257.6 179.9 184.8 135.1 211.1 182.3 334.2 303.6 168.2 358.2 269.4 279.7 42.5 259.0 249.8 239.7 219.9 198.5 196.9 156.6 172.3 270.9 357.2 257.4 154.5 314.7 323.2 196.3 141.3 157.2 149.7 230.5 289.7 342.6 225.3 283.3 198.8 182.4 226.7 312.6 300.0 118.0 274.0 99.1 181.6 173.4 263.8 243.2 217.0 196.9 59.8 0.0 113.1 252.1 216.0
1979.5 71.4 214.4 90.9 144.4 175.1 259.2 131.9 97.9 183.0 287.3 210.3 179.7 230.4 156.2 243.1 83.3 300.6 136.6 126.5 265.8 80.3 83.7 43.4 59.1 167.4 231.6 144.2 153.8 236.7 244.8 197.0 182.1 44.0 190.5 231.2 195.3 229.4 112.1 177.2 225.5 69.2 113.5 199.9 180.0 158.8 178.7 139.9 184.5 235.3 211.0 284.0 103.8 83.7 100.6 82.0 0.0 138.9 216.7
2118.4 89.0 353.3 188.3 241.8 319.5 327.6 274.7 195.3 321.9 426.2 349.2 254.6 327.8 231.1 382.0 222.2 438.7 234.0 9.5 399.6 182.7 158.6 118.3 156.5 255.1 329.0 241.6 294.1 375.2 329.2 335.9 321.0 123.4 329.4 370.1 335.3 326.8 209.5 286.7 300.4 148.6 210.9 338.8 318.9 297.7 253.6 318.6 321.2 310.2 349.9 422.9 201.2 119.3 239.5 220.9 138.8 0.0 355.6
1911.3 277.8 140.6 297.3 350.9 103.4 382.7 136.1 304.3 72.6 176.5 165.9 367.1 453.3 362.6 132.3 175.4 180.2 343.0 332.9 228.4 364.3 290.1 249.8 265.5 364.1 452.3 350.6 66.0 201.4 418.3 17.8 216.3 250.4 208.9 132.9 66.9 454.1 388.8 482.2 397.7 275.6 319.9 174.9 51.6 236.8 472.9 298.0 29.2 372.3 126.1 163.6 310.2 290.1 192.7 174.1 206.3 345.3 0.0
