Name		0788_BED-Amazon_n107_m277_bt36
Number_of_Customers	107
Number_of_Items		277
Number_of_ItemTypes	36
Number_of_Vehicles	1
TimeWindows		0
Dist_type	manual

VEHICLE
Mass_Capacity	1693
CargoSpace_Length	160
CargoSpace_Width	70
CargoSpace_Height	72

CUSTOMERS
i	x	y	Demand	ReadyTime	DueDate	ServiceTime	DemandedMass	DemandedVolume
0	41.840375	-87.683736	0	0	0	0	0	0
1	41.892232	-87.679782	2	0	0	0	6.6	2556
2	41.895144	-87.667775	2	0	0	0	9.7	9336
3	41.895055	-87.672997	1	0	0	0	1.9	1176
4	41.89792	-87.677124	1	0	0	0	4.3	13200
5	41.893203	-87.674971	1	0	0	0	4.7	1380
6	41.899013	-87.67715	3	0	0	0	18.8	29033
7	41.893151	-87.67807	1	0	0	0	1.75	4608
8	41.897644	-87.683441	3	0	0	0	12.7	9216
9	41.897725	-87.678129	3	0	0	0	8.25	8508
10	41.897088	-87.681977	1	0	0	0	2.5	3978
11	41.895784	-87.684889	2	0	0	0	3.89	8339
12	41.894097	-87.6766	2	0	0	0	16.0	5316
13	41.893294	-87.670492	2	0	0	0	5.4	4020
14	41.891465	-87.684272	3	0	0	0	8.7	10476
15	41.898076	-87.682009	2	0	0	0	4.41	10824
16	41.894117	-87.675318	3	0	0	0	21.99	14475
17	41.893122	-87.680171	1	0	0	0	4.7	1380
18	41.891083	-87.685501	1	0	0	0	0.7	2640
19	41.896808	-87.678284	1	0	0	0	4.7	1380
20	41.891599	-87.685515	4	0	0	0	12.66	17676
21	41.895827	-87.682588	2	0	0	0	3.2	6618
22	41.893951	-87.685547	1	0	0	0	0.7	2640
23	41.896718	-87.683589	1	0	0	0	4.7	1380
24	41.898615	-87.678463	2	0	0	0	7.61	14900
25	41.893107	-87.681375	1	0	0	0	0.7	2640
26	41.893356	-87.66622	1	0	0	0	4.7	1380
27	41.895137	-87.668663	2	0	0	0	4.41	22800
28	41.894279	-87.666392	1	0	0	0	9.4	2760
29	41.892531	-87.669624	2	0	0	0	7.23	13978
30	41.892183	-87.682853	5	0	0	0	32.7	59444
31	41.89227	-87.677664	1	0	0	0	4.7	1380
32	41.891472	-87.681014	1	0	0	0	1.75	4608
33	41.894236	-87.66878	2	0	0	0	7.21	10627
34	41.894925	-87.680754	2	0	0	0	8.0	6280
35	41.893186	-87.675857	3	0	0	0	12.06	13792
36	41.893965	-87.684607	1	0	0	0	0.7	2640
37	41.891547	-87.676624	1	0	0	0	0.7	2640
38	41.894936	-87.680077	4	0	0	0	21.11	17224
39	41.892774	-87.668477	1	0	0	0	4.7	1380
40	41.894224	-87.669289	4	0	0	0	19.15	24676
41	41.893164	-87.677363	2	0	0	0	16.75	11400
42	41.891133	-87.676913	1	0	0	0	4.7	1380
43	41.892412	-87.669005	1	0	0	0	4.7	1380
44	41.890512	-87.6655	1	0	0	0	4.7	1380
45	41.893783	-87.674545	2	0	0	0	8.43	27033
46	41.89504	-87.674074	3	0	0	0	11.3	10100
47	41.891776	-87.667226	1	0	0	0	4.7	1380
48	41.894742	-87.669682	1	0	0	0	2.15	1080
49	41.892454	-87.666345	3	0	0	0	11.25	12188
50	41.894222	-87.669497	1	0	0	0	2.5	3978
51	41.893422	-87.679416	1	0	0	0	6.39	15120
52	41.894845	-87.685968	2	0	0	0	14.2	8960
53	41.893211	-87.674029	2	0	0	0	12.9	11976
54	41.895831	-87.682479	3	0	0	0	8.22	12754
55	41.894501	-87.672127	1	0	0	0	4.7	1380
56	41.894786	-87.677976	4	0	0	0	33.56	29793
57	41.892625	-87.68431	4	0	0	0	12.59	13271
58	41.898607	-87.67901	1	0	0	0	9.4	2760
59	41.895003	-87.676092	2	0	0	0	4.05	2256
60	41.890795	-87.681413	2	0	0	0	9.43	11380
61	41.898348	-87.684456	3	0	0	0	15.08	27300
62	41.892414	-87.668795	2	0	0	0	4.96	13080
63	41.893975	-87.684013	6	0	0	0	34.25	36562
64	41.896361	-87.681961	2	0	0	0	6.1	6660
65	41.895861	-87.680161	2	0	0	0	6.73	21120
66	41.898618	-87.67714	2	0	0	0	5.25	13050
67	41.897681	-87.680817	1	0	0	0	0.7	2640
68	41.897683	-87.677639	1	0	0	0	1.9	1176
69	41.892248	-87.678882	2	0	0	0	5.41	11000
70	41.892206	-87.681371	2	0	0	0	11.3	3936
71	41.8951	-87.670648	8	0	0	0	39.45	42439
72	41.896974	-87.677095	2	0	0	0	14.8	6780
73	41.893248	-87.67251	1	0	0	0	1.75	4608
74	41.892136	-87.686038	1	0	0	0	4.7	1380
75	41.892635	-87.68431	2	0	0	0	2.6	3816
76	41.896777	-87.680002	6	0	0	0	32.15	41628
77	41.895988	-87.676433	2	0	0	0	10.1	5400
78	41.89153	-87.677479	4	0	0	0	11.44	17837
79	41.894196	-87.670824	4	0	0	0	12.62	30152
80	41.893337	-87.668014	2	0	0	0	6.6	2556
81	41.895131	-87.66896	1	0	0	0	2.5	3978
82	41.892085	-87.667111	1	0	0	0	4.7	1380
83	41.893319	-87.669255	4	0	0	0	10.84	22902
84	41.897268	-87.679526	3	0	0	0	12.7	15800
85	41.894027	-87.681358	3	0	0	0	16.16	25264
86	41.889657	-87.681325	2	0	0	0	4.05	2256
87	41.891468	-87.682309	1	0	0	0	1.9	1176
88	41.892219	-87.680514	2	0	0	0	8.5	3732
89	41.891496	-87.679621	2	0	0	0	7.45	10452
90	41.894074	-87.6779	4	0	0	0	17.85	23830
91	41.890687	-87.684522	1	0	0	0	4.8	6200
92	41.894285	-87.665893	1	0	0	0	4.7	1380
93	41.892151	-87.684795	1	0	0	0	1.75	4608
94	41.894888	-87.683366	1	0	0	0	1.75	4608
95	41.894766	-87.679123	1	0	0	0	7.3	3640
96	41.896423	-87.684413	1	0	0	0	2.15	1080
97	41.891517	-87.67849	7	0	0	0	38.74	38630
98	41.894905	-87.682673	2	0	0	0	19.44	9075
99	41.893162	-87.677397	2	0	0	0	10.1	5400
100	41.895142	-87.668414	1	0	0	0	9.4	2760
101	41.893271	-87.671615	4	0	0	0	12.46	18404
102	41.892273	-87.677232	2	0	0	0	7.81	11744
103	41.894413	-87.67944	2	0	0	0	6.45	5988
104	41.892212	-87.680936	2	0	0	0	5.81	14763
105	41.894152	-87.673217	6	0	0	0	33.33	39507
106	41.897627	-87.682628	1	0	0	0	7.3	3640
107	41.896737	-87.682845	1	0	0	0	7.3	3640

ITEMS
Type	Length	Width	Height	Mass	Fragility	LoadBearingStrength
Bt1	10	10	10	14.15	1	0
Bt2	18	12	5	2.15	1	0
Bt3	21	14	4	1.9	1	0
Bt4	23	15	4	4.7	1	0
Bt5	20	18	7	1.8	1	0
Bt6	15	11	16	0.7	1	0
Bt7	34	10	10	1.59	1	0
Bt8	20	14	13	7.3	1	0
Bt9	17	13	18	2.5	1	0
Bt10	24	12	16	1.75	1	0
Bt11	23	17	13	4.2	1	0
Bt12	28	22	9	3.01	1	0
Bt13	31	20	10	4.8	1	0
Bt14	29	19	13	1.99	1	0
Bt15	40	19	10	3.82	1	0
Bt16	25	19	17	5.29	1	0
Bt17	29	21	14	1.9	1	0
Bt18	28	18	18	2.75	1	0
Bt19	29	20	16	1.5	1	0
Bt20	29	25	13	1.77	1	0
Bt21	50	20	10	4.73	1	0
Bt22	40	20	13	2.6	1	0
Bt23	29	24	15	4.26	1	0
Bt24	26	20	24	5.36	1	0
Bt25	60	20	11	4.3	1	0
Bt26	26	20	26	2.91	1	0
Bt27	27	23	24	2.94	1	0
Bt28	35	24	18	6.39	1	0
Bt29	39	27	16	7.63	1	0
Bt30	35	26	19	10.65	1	0
Bt31	57	22	14	7.9	1	0
Bt32	39	27	17	5.565	1	0
Bt33	33	20	28	5.25	1	0
Bt34	41	20	29	3.42	1	0
Bt35	58	40	11	12.6	1	0
Bt36	39	39	17	6.53	1	0

DEMANDS PER CUSTOMER
i	Type Quantity
1	Bt4 1	Bt3 1	
2	Bt4 1	Bt9 2	
3	Bt3 1	
4	Bt25 1	
5	Bt4 1	
6	Bt4 2	Bt20 1	Bt29 1	
7	Bt10 1	
8	Bt3 1	Bt4 2	Bt6 2	
9	Bt4 1	Bt5 1	Bt10 1	
10	Bt9 1	
11	Bt14 1	Bt3 1	
12	Bt4 3	Bt3 1	
13	Bt6 1	Bt4 1	
14	Bt6 3	Bt4 1	Bt3 1	
15	Bt6 2	Bt12 1	
16	Bt16 1	Bt4 2	Bt8 1	
17	Bt4 1	
18	Bt6 1	
19	Bt4 1	
20	Bt6 1	Bt3 1	Bt24 1	Bt4 1	
21	Bt6 1	Bt9 1	
22	Bt6 1	
23	Bt4 1	
24	Bt4 1	Bt26 1	
25	Bt6 1	
26	Bt4 1	
27	Bt26 1	Bt19 1	
28	Bt4 2	
29	Bt9 1	Bt21 1	
30	Bt4 1	Bt35 1	Bt29 1	Bt12 2	Bt10 1	
31	Bt4 1	
32	Bt10 1	
33	Bt11 1	Bt12 1	
34	Bt6 1	Bt8 1	
35	Bt8 1	Bt10 1	Bt12 1	
36	Bt6 1	
37	Bt6 1	
38	Bt12 1	Bt8 1	Bt6 2	Bt4 2	
39	Bt4 1	
40	Bt4 1	Bt33 1	Bt8 1	Bt3 1	
41	Bt1 1	Bt22 1	
42	Bt4 1	
43	Bt4 1	
44	Bt4 1	
45	Bt36 1	Bt3 1	
46	Bt5 1	Bt13 1	Bt4 1	
47	Bt4 1	
48	Bt2 1	
49	Bt4 1	Bt10 1	Bt13 1	
50	Bt9 1	
51	Bt28 1	
52	Bt4 2	Bt13 1	
53	Bt10 2	Bt4 2	
54	Bt3 1	Bt15 1	Bt9 1	
55	Bt4 1	
56	Bt4 5	Bt32 1	Bt3 2	Bt6 1	
57	Bt4 1	Bt6 1	Bt3 1	Bt16 1	
58	Bt4 2	
59	Bt3 1	Bt2 1	
60	Bt21 1	Bt4 1	
61	Bt29 1	Bt4 1	Bt18 1	
62	Bt6 1	Bt23 1	
63	Bt10 1	Bt8 1	Bt9 1	Bt6 1	Bt4 3	Bt31 1	
64	Bt4 1	Bt6 2	
65	Bt15 1	Bt26 1	
66	Bt18 1	Bt9 1	
67	Bt6 1	
68	Bt3 1	
69	Bt7 1	Bt15 1	
70	Bt3 1	Bt4 2	
71	Bt20 1	Bt2 1	Bt10 1	Bt5 2	Bt17 1	Bt4 2	Bt21 1	Bt1 1	
72	Bt4 3	Bt6 1	
73	Bt10 1	
74	Bt4 1	
75	Bt3 1	Bt6 1	
76	Bt6 5	Bt4 3	Bt3 1	Bt22 1	Bt8 1	Bt18 1	
77	Bt4 2	Bt6 1	
78	Bt16 1	Bt10 1	Bt9 1	Bt3 1	
79	Bt34 1	Bt6 1	Bt4 1	Bt3 2	
80	Bt3 1	Bt4 1	
81	Bt9 1	
82	Bt4 1	
83	Bt4 1	Bt9 1	Bt27 1	Bt6 1	
84	Bt4 2	Bt22 1	Bt6 1	
85	Bt27 1	Bt4 2	Bt15 1	
86	Bt3 1	Bt2 1	
87	Bt3 1	
88	Bt3 2	Bt4 1	
89	Bt18 1	Bt4 1	
90	Bt5 1	Bt6 1	Bt30 1	Bt4 1	
91	Bt13 1	
92	Bt4 1	
93	Bt10 1	
94	Bt10 1	
95	Bt8 1	
96	Bt2 1	
97	Bt4 3	Bt27 1	Bt10 1	Bt8 2	Bt6 1	Bt9 1	Bt2 1	
98	Bt16 1	Bt1 1	
99	Bt6 1	Bt4 2	
100	Bt4 2	
101	Bt2 1	Bt12 1	Bt22 1	Bt4 1	
102	Bt12 1	Bt13 1	
103	Bt10 1	Bt4 1	
104	Bt15 1	Bt14 1	
105	Bt4 2	Bt29 1	Bt12 1	Bt16 1	Bt8 1	Bt6 1	
106	Bt8 1	
107	Bt8 1	

DISTANCE MATRIX
0.0 1089.4 1338.9 1217.4 1187.5 1143.5 1246.0 1134.5 1137.9 1229.6 1183.3 1065.4 1292.9 1206.2 1026.8 1212.7 1265.6 1096.5 1019.4 1293.2 1007.3 1095.1 1095.4 1220.4 1279.8 1075.4 1122.7 1321.2 1137.9 1198.9 1033.7 1129.5 1110.4 1164.8 1112.7 1116.6 1080.2 1076.1 1128.2 1178.1 1174.9 1146.9 1056.5 1207.6 1103.9 1251.6 1196.3 1159.2 1297.5 1114.1 1179.0 1130.2 1022.4 1161.4 1096.3 1197.9 1199.0 1034.6 1287.9 1149.9 1007.5 1149.5 1211.1 1148.2 1197.6 1124.4 1197.5 1183.5 1242.5 1106.8 1061.5 1256.2 1174.1 1187.6 982.5 1034.8 1234.8 1194.5 1149.5 1208.1 1134.1 1315.8 1082.2 1157.3 1222.7 1198.4 1013.0 1087.6 1076.5 1148.2 1222.6 975.9 1147.8 1000.1 1063.6 1178.0 1106.3 1126.3 1073.7 1146.3 1324.7 1185.3 1137.6 1153.7 1069.1 1213.5 1153.1 1210.1
1101.6 0.0 308.4 204.1 174.2 131.7 192.0 68.8 243.3 189.3 283.8 225.7 282.4 220.8 104.0 264.1 255.8 68.7 136.7 253.9 124.6 194.9 156.6 225.1 285.5 89.8 294.1 290.7 326.0 253.3 43.7 40.0 104.2 360.2 211.0 112.8 141.4 92.8 226.5 323.3 370.3 81.2 80.8 197.5 254.0 224.6 179.3 243.7 285.0 353.6 374.4 46.5 179.0 160.2 196.1 205.8 128.5 96.3 293.6 136.6 146.5 232.0 201.0 159.9 224.5 139.9 184.2 284.0 203.2 17.3 27.9 264.1 160.8 175.8 103.3 92.0 163.3 184.7 193.2 327.3 260.8 285.3 250.3 235.2 167.1 114.7 133.8 81.4 12.8 142.0 200.4 126.4 374.2 85.9 161.9 94.3 186.6 170.0 172.0 80.6 297.9 192.6 48.1 70.0 19.1 235.7 253.6 214.8
1174.1 304.8 0.0 352.2 322.3 196.7 340.1 262.9 377.7 320.5 402.5 307.8 232.8 118.5 318.3 377.8 205.5 300.9 415.4 339.7 403.3 281.6 391.6 356.3 369.6 322.0 114.9 234.5 94.1 137.0 348.6 264.7 409.1 73.1 464.0 217.0 376.4 250.6 479.5 98.2 77.9 250.5 231.0 103.5 166.6 209.5 331.1 79.3 228.8 135.3 82.0 296.7 421.4 176.3 281.2 149.6 351.7 352.5 377.7 284.7 270.9 371.3 100.0 365.1 355.7 253.1 332.3 423.3 382.3 291.8 332.7 197.9 308.9 153.6 381.5 352.7 294.5 201.4 320.1 111.1 72.2 229.1 203.7 89.7 288.8 319.9 341.5 386.3 317.7 446.9 264.8 305.3 84.2 364.6 414.9 317.5 325.9 296.9 425.0 251.1 241.7 138.2 256.6 293.2 324.0 161.5 392.9 346.0
1255.7 235.4 104.5 0.0 184.3 118.1 202.1 184.3 316.4 260.2 369.1 248.8 141.7 109.1 292.5 344.4 114.4 222.3 372.2 201.7 360.1 221.1 300.5 295.0 231.6 243.4 189.7 86.8 198.7 135.4 289.0 195.3 339.7 172.4 372.9 147.1 285.3 213.4 388.4 202.8 182.5 171.9 193.8 151.0 271.2 118.4 239.7 183.9 81.1 232.2 186.6 218.1 362.9 97.7 219.9 36.1 247.4 315.0 239.7 193.6 233.7 310.0 154.5 274.0 290.2 191.8 194.3 362.0 252.8 218.0 263.3 50.2 170.9 75.0 338.8 314.8 233.2 140.1 282.9 123.4 156.4 81.4 308.3 133.2 221.1 228.8 295.7 316.9 248.3 377.5 165.4 268.1 188.8 321.4 323.8 226.4 264.6 259.7 333.9 172.5 90.3 88.2 187.2 202.1 255.7 56.1 331.6 284.7
1192.7 167.2 229.1 161.0 0.0 148.9 17.7 115.3 194.4 113.8 160.7 148.7 182.4 230.7 256.7 136.0 155.8 153.3 304.0 38.8 291.9 121.0 229.9 130.6 47.2 174.4 300.8 211.4 284.1 242.0 211.0 127.1 271.5 303.0 217.9 122.0 214.7 144.2 233.4 333.4 313.1 102.9 132.2 266.9 305.4 141.8 139.9 314.5 187.7 317.6 317.2 149.1 292.3 166.8 119.8 163.6 176.8 241.9 55.3 93.5 197.9 188.0 270.4 203.4 125.8 91.7 9.9 178.9 62.5 149.8 195.1 195.7 13.3 193.0 270.6 245.8 68.8 71.5 247.1 230.0 307.4 206.0 301.7 244.3 74.7 158.2 234.1 248.7 180.1 309.3 94.8 232.3 274.2 253.2 236.9 155.8 164.5 223.9 247.0 103.5 214.9 209.8 119.0 131.5 187.5 183.6 209.6 120.3
1175.6 138.0 194.0 171.6 141.7 0.0 159.5 66.1 314.8 243.7 342.2 224.2 192.6 81.7 212.4 317.5 165.3 104.1 271.4 159.1 259.3 196.5 233.0 278.5 189.0 125.2 162.3 176.3 195.5 121.5 181.6 97.9 224.1 261.9 287.4 29.0 217.8 133.3 302.9 191.5 272.0 53.7 113.7 141.2 248.2 164.6 150.5 172.6 170.6 209.2 276.1 99.9 272.2 17.8 195.3 91.4 168.7 192.7 197.1 104.1 153.6 308.4 144.7 213.3 273.7 167.2 151.7 360.4 201.7 120.6 165.9 139.7 128.3 44.0 238.0 196.6 216.7 140.2 202.8 212.9 129.0 170.9 285.3 105.8 204.6 168.1 209.3 201.3 150.9 261.9 93.9 188.0 205.4 220.6 238.3 147.7 263.0 179.6 248.4 54.3 179.8 60.8 89.8 123.4 158.3 107.0 330.0 268.2
1210.5 185.0 288.0 216.0 17.7 166.7 0.0 133.1 207.6 130.6 147.2 164.2 232.3 290.1 262.8 122.5 205.0 171.1 321.8 56.6 309.7 138.8 247.7 148.4 33.7 192.2 304.4 270.3 283.0 300.9 228.8 144.9 289.3 290.5 235.7 147.8 232.5 162.0 251.2 315.6 295.3 120.7 150.0 320.9 323.2 191.0 191.2 296.7 246.6 335.4 299.4 166.9 310.1 224.0 137.6 220.0 207.8 259.7 41.8 111.3 215.7 157.7 317.4 221.2 147.8 109.5 12.9 165.4 66.6 167.6 212.9 262.1 31.1 252.4 288.4 263.6 86.6 89.3 264.9 288.9 289.6 264.9 319.5 300.8 98.9 176.0 251.9 266.5 197.9 327.1 106.3 250.1 292.0 271.0 254.7 173.6 182.3 241.7 264.8 121.3 273.8 269.2 136.8 149.3 204.2 254.3 222.8 138.1
1124.6 99.1 256.9 154.7 124.8 62.8 142.6 0.0 248.6 177.5 276.0 184.1 188.3 144.6 154.5 251.3 161.7 37.9 205.2 142.2 193.1 156.4 166.8 212.3 172.1 59.0 225.2 239.2 258.4 184.4 115.4 59.0 157.9 324.8 221.2 35.9 151.6 76.1 236.7 254.4 334.9 12.4 64.1 204.1 237.3 147.7 133.6 235.5 233.5 272.1 339.0 33.7 206.0 80.7 155.2 154.3 102.5 130.6 180.2 87.2 129.8 242.2 207.6 147.1 207.5 127.1 134.8 294.2 190.4 81.7 127.0 202.6 111.4 106.9 171.8 130.4 150.5 123.3 179.0 275.8 191.9 233.8 233.6 168.7 138.4 101.9 166.0 135.1 112.0 195.7 77.0 164.2 268.3 154.4 172.1 81.5 196.8 155.8 182.2 11.8 242.7 123.7 50.9 57.2 119.4 169.9 263.8 202.0
1194.0 224.3 337.4 280.8 132.6 288.8 166.1 226.8 0.0 85.7 40.4 121.7 296.4 354.9 227.1 178.5 269.8 195.8 272.9 155.2 260.8 98.9 195.7 82.4 204.8 169.8 440.4 314.8 387.5 345.4 194.6 243.5 227.3 363.6 146.8 272.9 180.5 260.6 162.3 394.0 378.6 259.9 248.6 401.3 416.9 260.7 256.0 380.0 296.0 433.6 377.8 224.6 258.1 288.8 97.7 296.6 301.5 199.1 208.0 209.9 233.7 139.8 404.8 164.3 58.9 122.9 132.5 40.6 104.5 232.4 196.4 305.3 129.7 322.1 244.4 203.0 180.3 187.9 311.4 333.4 402.2 314.3 418.1 384.7 192.6 269.7 256.9 204.5 206.5 265.1 200.0 249.5 377.6 227.0 188.7 272.2 113.2 288.2 193.9 219.9 322.0 334.0 235.4 243.0 199.1 326.0 10.2 72.1
1217.4 192.9 290.3 194.0 40.9 197.1 57.7 140.0 224.0 0.0 237.0 174.4 208.6 269.1 275.3 211.3 183.0 178.0 328.7 63.5 315.6 146.7 254.6 155.3 88.2 199.1 348.7 272.6 309.8 306.9 234.7 151.8 296.2 285.9 241.6 153.7 239.4 168.9 257.1 315.3 296.0 128.6 156.9 309.6 330.1 170.0 172.9 296.4 212.4 350.0 299.1 173.8 316.0 205.2 144.5 204.9 213.7 265.6 96.3 117.2 221.6 211.7 312.1 227.1 153.7 115.4 51.9 255.2 12.8 175.5 218.8 217.5 37.0 230.4 295.3 269.5 92.5 96.2 270.8 253.7 314.4 268.2 326.4 293.2 100.4 181.9 257.8 273.4 204.8 333.0 120.5 257.0 298.9 277.9 261.6 180.5 189.2 247.6 272.7 128.2 278.1 248.2 144.7 155.2 213.2 238.2 234.3 145.0
1153.5 178.9 292.0 229.7 246.7 251.3 228.9 188.4 100.8 192.5 0.0 81.2 245.3 333.1 186.6 195.6 218.7 150.4 232.4 256.1 220.3 53.5 150.3 37.0 262.7 129.3 363.7 274.3 347.0 304.9 139.4 219.0 181.9 323.1 106.3 224.4 135.1 292.2 121.8 353.5 333.2 200.8 252.6 376.5 393.5 204.7 208.6 334.6 250.6 380.5 337.3 184.1 212.7 269.2 52.3 226.5 252.9 162.7 270.8 174.4 188.3 94.4 380.0 123.8 14.2 77.5 236.7 146.4 205.4 196.3 151.0 258.6 230.6 295.4 199.0 162.5 228.4 147.6 270.9 292.9 327.5 268.9 389.8 307.2 216.3 252.3 211.5 159.1 166.0 219.7 175.7 204.1 337.1 181.6 143.3 231.9 72.7 247.7 153.4 200.2 277.8 312.2 227.1 207.6 158.6 246.5 116.0 26.7
1072.2 178.3 273.4 211.1 148.5 214.2 166.3 177.6 96.0 153.6 136.5 0.0 223.0 279.0 118.0 217.6 196.4 149.8 156.9 165.9 141.1 30.4 76.7 173.6 192.1 128.7 345.1 252.0 329.7 282.6 131.1 189.4 181.3 309.8 105.7 231.8 61.5 206.5 117.5 334.9 314.6 213.9 194.5 314.7 400.9 207.5 186.3 316.0 232.0 374.5 318.7 183.5 139.1 236.6 27.1 207.9 248.6 78.6 200.2 152.1 177.3 81.0 314.5 119.5 155.0 58.9 153.3 136.7 165.5 191.3 146.7 217.8 131.4 246.8 123.5 82.1 125.6 129.0 266.6 270.6 305.2 250.3 438.0 297.9 129.4 216.8 210.9 158.5 161.7 219.1 168.7 143.6 318.5 106.1 62.9 218.1 39.3 243.4 73.0 162.1 259.2 256.3 177.6 193.8 159.1 238.5 106.3 163.3
1139.5 114.0 224.6 120.0 89.4 140.4 107.9 62.8 258.5 179.6 279.8 169.6 0.0 218.7 218.5 254.4 126.3 100.8 256.9 106.8 244.8 144.2 158.7 216.1 136.7 155.7 292.0 206.9 288.6 245.9 165.8 73.9 208.3 264.1 231.8 160.7 144.2 91.7 246.6 293.8 273.5 49.7 79.7 252.9 252.2 112.3 98.2 274.9 190.9 320.8 277.6 96.6 221.8 162.8 143.7 155.5 118.8 178.9 144.8 51.8 144.7 252.1 256.4 132.2 214.8 114.9 94.9 297.3 149.4 96.6 177.4 169.6 76.0 173.7 224.2 182.8 153.6 88.6 193.9 233.2 258.7 200.8 248.5 233.1 139.7 87.7 180.9 185.5 126.9 246.1 32.6 179.1 277.4 206.8 182.7 84.6 206.7 170.7 192.1 50.3 209.7 190.5 65.8 60.3 133.9 189.8 273.7 205.8
1185.6 212.2 168.2 249.8 219.9 78.1 244.5 144.3 393.0 322.9 420.4 285.4 160.0 0.0 265.4 402.5 132.7 182.3 342.2 237.3 330.1 259.2 311.2 356.7 274.0 203.4 80.5 150.5 112.4 32.4 256.0 165.3 302.3 234.6 372.4 98.4 296.0 191.4 387.9 109.7 143.4 117.8 171.8 68.1 166.4 77.6 232.8 90.8 138.0 140.0 243.5 178.1 357.2 44.3 265.6 58.8 260.1 281.8 282.1 189.1 218.3 393.4 64.3 291.5 362.9 237.5 224.7 438.6 279.9 192.4 240.1 107.1 213.3 35.0 308.8 281.6 294.9 225.2 267.5 180.3 39.9 138.3 203.5 33.3 298.7 246.3 280.5 279.5 225.1 346.9 195.3 246.1 123.6 291.4 316.5 225.9 341.2 237.7 333.4 139.3 150.9 19.7 164.0 208.4 224.6 88.7 408.2 346.4
1018.8 100.6 369.6 312.7 250.1 210.7 297.4 147.8 185.9 267.1 220.1 124.8 322.9 292.2 0.0 264.1 296.3 109.8 91.0 330.0 73.5 130.9 92.9 257.2 331.2 88.7 373.1 357.0 322.5 326.9 39.8 141.0 121.9 405.8 153.6 191.5 77.7 232.2 162.8 402.3 416.2 159.9 181.8 298.5 270.1 287.4 293.9 344.7 333.6 291.0 420.3 143.5 133.3 228.3 132.1 302.2 220.1 32.6 344.4 229.7 64.9 162.9 296.6 177.4 233.2 160.5 259.8 220.3 279.3 118.0 67.6 341.6 231.3 254.8 57.6 34.6 260.3 225.2 205.5 375.9 334.4 351.9 266.4 320.5 260.9 206.3 96.5 99.1 94.3 159.7 258.7 31.2 414.7 40.2 98.2 191.3 122.9 182.3 102.9 159.6 360.5 266.2 155.1 161.6 80.3 326.7 189.9 246.9
1178.2 203.6 316.7 283.0 129.9 276.0 168.3 213.1 130.4 88.9 24.6 105.9 298.6 364.4 217.0 0.0 272.0 175.1 257.1 152.5 245.0 77.4 175.0 61.7 202.1 154.0 388.4 299.0 371.7 329.6 164.1 240.8 206.6 353.1 131.0 257.1 159.8 257.9 146.5 378.2 357.9 216.6 245.9 398.6 418.2 258.0 258.2 359.3 275.3 417.8 362.0 208.8 237.4 291.0 77.0 293.9 290.8 187.4 210.2 207.2 213.0 119.1 402.1 148.5 43.1 102.2 176.1 42.8 101.8 216.6 175.7 326.0 127.0 319.4 223.7 187.2 182.5 185.2 295.6 317.6 352.2 293.6 414.5 329.5 194.8 271.9 236.2 183.8 190.7 244.4 202.2 228.8 361.8 206.3 168.0 256.6 97.4 272.4 178.1 217.2 306.2 336.2 232.7 232.3 184.4 328.2 140.7 51.4
1166.8 141.3 251.2 146.6 116.7 167.7 134.5 89.4 290.7 206.9 306.4 196.9 26.6 238.7 233.5 281.7 0.0 127.4 284.2 134.1 272.1 170.7 186.0 242.7 164.0 183.0 319.3 233.5 314.6 272.5 193.1 101.2 235.6 290.7 258.4 188.0 170.8 118.3 273.9 321.1 300.8 77.0 106.3 280.2 279.5 161.0 129.6 302.2 218.2 355.8 304.9 123.2 248.4 172.6 170.3 182.8 146.1 205.5 172.1 79.1 172.0 279.4 283.7 159.5 242.1 142.2 121.5 324.6 176.7 128.3 204.7 178.4 103.3 201.0 250.8 209.4 180.9 115.2 221.2 260.5 286.0 228.1 275.8 260.4 166.3 114.3 208.2 212.8 154.2 273.4 50.9 206.4 304.7 233.4 209.3 111.9 234.0 198.0 219.4 77.6 237.0 217.8 93.1 87.6 160.5 217.1 301.0 232.4
1121.4 116.9 294.9 192.7 162.8 100.8 180.6 37.9 210.6 177.4 256.0 161.0 269.5 182.6 116.5 251.2 242.9 0.0 167.2 241.0 155.1 167.1 128.8 212.2 272.6 21.1 263.2 277.2 296.4 222.4 77.4 97.0 119.9 347.3 183.2 73.9 113.6 114.1 198.7 292.4 357.4 50.3 102.1 242.1 275.3 228.9 171.6 273.5 271.5 310.1 361.5 33.6 168.0 118.7 168.3 192.3 102.4 88.5 280.7 125.2 167.8 204.2 245.6 147.0 207.4 127.0 172.8 256.2 190.3 119.7 89.0 240.6 149.4 144.9 133.8 92.4 150.4 171.8 208.9 313.8 229.9 271.8 271.6 206.7 138.3 101.8 149.5 97.1 104.0 157.7 179.2 142.1 306.3 116.4 134.1 81.4 158.8 185.7 144.2 49.7 280.7 161.7 88.9 57.1 96.6 207.9 225.8 201.9
998.2 193.7 443.2 380.9 318.3 301.7 350.3 238.8 242.2 333.9 287.6 169.7 396.5 290.5 131.1 317.0 369.9 200.8 0.0 397.5 111.6 199.4 199.7 324.7 384.1 179.7 319.5 425.5 334.7 330.3 138.0 233.8 214.7 474.3 217.0 274.8 184.5 174.9 232.5 400.3 484.4 251.2 155.3 291.8 282.7 355.9 359.8 338.0 401.8 310.9 488.5 234.5 126.7 319.6 200.6 282.2 303.3 138.9 392.2 248.7 77.5 253.8 295.3 252.5 301.9 228.7 358.1 287.8 346.8 211.1 165.8 419.8 304.9 345.8 86.8 139.1 339.1 298.8 178.5 444.1 337.8 420.1 279.0 314.6 327.0 302.7 118.7 191.9 180.8 252.5 326.9 45.9 344.6 104.4 167.9 282.3 210.6 155.3 178.0 250.6 429.0 269.6 241.9 258.0 173.4 297.8 257.4 314.4
1226.2 251.6 366.3 269.0 154.1 272.1 136.3 215.0 155.5 74.9 173.4 153.9 284.6 343.1 241.3 148.7 258.0 223.1 292.0 0.0 279.9 126.2 211.8 91.7 170.1 202.0 423.7 348.6 383.8 382.9 212.1 226.8 254.6 390.7 179.0 221.7 196.6 243.9 194.5 421.1 400.8 202.6 231.9 384.6 405.1 244.0 247.9 402.2 287.4 417.3 404.9 248.8 274.2 279.2 125.0 279.9 276.5 217.4 178.2 193.2 297.6 149.1 388.1 196.5 86.9 191.4 144.1 191.6 87.8 249.5 223.7 322.0 113.0 305.4 258.6 217.2 29.9 125.1 343.6 329.7 390.4 343.2 401.4 367.2 35.8 257.9 284.2 231.8 238.7 292.4 194.5 276.8 373.9 241.2 198.0 255.5 127.4 320.4 208.1 203.2 352.1 322.2 218.7 231.2 231.3 299.9 170.7 81.4
1010.3 205.8 455.3 393.0 330.4 313.8 362.4 250.9 259.2 347.0 299.7 181.8 408.6 302.6 143.2 329.1 382.0 212.9 12.0 409.6 0.0 211.5 211.8 336.8 396.2 191.8 331.6 437.6 345.5 342.4 150.1 245.9 226.8 486.4 229.1 294.9 196.6 187.0 244.6 412.4 496.5 263.3 167.4 303.9 294.8 389.4 368.2 350.1 413.9 323.0 500.6 246.6 138.8 329.5 212.7 294.3 328.6 151.0 404.3 260.8 89.6 265.9 307.4 264.6 318.2 240.8 370.2 299.9 358.9 218.8 177.9 403.4 317.0 357.9 98.9 151.2 351.2 310.9 190.6 456.2 349.9 432.2 291.1 324.3 336.6 314.8 130.8 204.0 192.9 264.6 332.7 58.0 356.7 116.5 180.0 294.4 222.7 167.4 190.1 262.7 441.1 281.7 254.0 270.1 185.5 324.2 269.5 326.5
1099.9 147.8 242.9 181.4 118.8 184.5 136.6 147.9 96.0 123.9 140.6 25.3 197.0 249.3 178.0 190.8 170.4 120.1 202.1 136.2 189.2 0.0 120.0 177.7 165.3 99.0 315.4 225.2 300.0 256.6 108.3 159.7 151.6 280.1 75.2 202.1 104.8 176.8 90.7 305.2 284.9 184.2 164.8 285.0 371.2 177.8 164.4 286.3 202.3 344.8 289.0 153.8 181.6 206.9 0.4 178.2 221.8 137.4 173.4 125.3 157.2 88.8 288.5 92.7 159.9 28.4 123.6 140.8 135.8 161.6 120.7 191.0 104.6 217.1 168.7 141.3 95.1 98.5 240.6 243.8 278.4 220.6 408.3 268.2 99.7 190.0 180.4 128.8 134.9 188.6 139.0 173.8 288.8 151.3 87.0 188.4 43.4 216.6 97.1 136.1 233.2 229.5 150.8 163.3 129.4 211.7 110.4 167.4
1040.6 243.2 378.8 316.5 253.9 314.9 285.9 252.0 177.8 269.5 223.2 105.3 332.8 386.3 164.8 252.6 305.5 214.0 215.5 333.1 203.4 135.0 0.0 260.3 319.7 192.9 450.5 361.1 433.8 391.7 189.7 283.3 246.2 409.9 152.6 288.0 120.1 356.5 168.1 440.3 420.0 264.4 299.9 420.1 379.4 291.5 295.4 421.4 337.4 467.3 424.1 247.7 62.3 326.7 136.2 313.3 316.5 136.8 327.8 261.2 174.2 189.4 423.6 188.1 237.5 164.3 293.7 223.4 282.4 260.6 215.3 355.4 240.5 352.2 182.1 140.7 274.7 234.4 335.2 379.7 414.3 355.7 375.7 394.0 262.6 315.9 273.0 223.4 230.3 284.0 262.5 202.2 423.9 164.7 103.5 295.5 146.2 312.0 113.6 263.8 364.6 365.4 286.7 271.2 222.9 333.3 193.0 250.0
1136.0 230.1 334.7 272.4 209.6 299.6 191.8 236.7 63.7 155.4 109.1 64.8 288.7 381.4 149.5 158.5 261.4 198.7 200.2 219.0 188.1 90.9 120.0 0.0 225.6 177.6 406.4 317.0 389.7 347.6 184.2 270.2 248.2 365.8 155.3 272.7 104.8 267.8 170.8 396.2 375.9 249.1 255.8 376.0 425.8 247.4 251.3 377.3 293.3 423.2 380.0 232.4 182.4 317.5 92.1 269.2 301.2 121.5 233.7 217.1 220.6 57.3 379.5 190.8 123.4 120.2 199.6 109.3 168.3 247.5 202.2 301.3 193.5 343.7 166.8 125.4 249.0 190.3 337.2 335.6 370.2 311.6 422.1 349.9 254.9 300.6 257.7 225.4 217.2 286.0 218.4 186.9 379.8 149.4 106.2 280.2 35.6 314.0 116.3 248.5 320.5 360.5 278.3 255.9 209.8 289.2 78.9 135.9
1257.5 279.4 351.5 279.5 112.1 282.6 94.3 227.5 178.7 176.7 113.4 192.4 295.1 353.6 289.4 88.7 268.5 263.9 334.0 151.0 321.9 166.2 253.8 150.5 0.0 242.8 367.9 333.8 346.5 364.4 252.9 239.3 295.4 354.0 219.8 242.2 238.6 256.4 235.3 379.1 358.8 224.3 244.4 384.4 417.6 275.9 258.4 360.2 310.1 427.4 362.9 261.3 316.2 289.7 165.8 283.5 302.2 259.4 8.1 205.7 310.1 123.9 380.9 237.3 131.9 203.9 107.3 131.6 112.3 266.4 264.5 325.6 125.5 315.9 300.6 259.2 181.0 183.7 359.3 352.4 353.1 328.4 413.9 370.6 184.4 270.4 325.0 272.6 279.5 333.2 200.7 317.6 357.7 283.2 240.0 268.0 169.4 336.1 250.1 215.7 337.3 332.7 231.2 243.7 272.1 317.8 189.0 140.2
1100.3 95.8 316.0 213.8 183.9 121.9 201.7 59.0 189.5 198.5 234.9 139.9 290.6 203.7 95.4 272.3 264.0 21.1 146.1 262.1 134.0 146.0 107.7 233.3 293.7 0.0 284.3 298.3 317.5 243.5 56.3 118.1 98.8 368.4 162.1 95.0 92.5 135.2 177.6 313.5 378.5 71.4 123.2 263.2 296.4 250.0 192.7 294.6 292.6 331.2 382.6 54.7 146.9 139.8 147.2 213.4 123.5 67.4 301.8 146.3 105.2 183.1 266.7 168.1 228.5 175.3 193.9 235.1 211.4 113.2 67.9 261.7 170.5 166.0 112.7 71.3 171.5 192.9 187.8 334.9 251.0 292.9 292.7 227.8 159.4 122.9 128.4 76.0 82.9 136.6 200.3 121.0 327.4 95.3 113.0 102.5 137.7 164.6 123.1 70.8 301.8 182.8 110.0 78.2 75.5 229.0 204.7 223.0
1159.0 290.9 246.9 335.3 305.4 163.6 323.2 229.8 401.5 345.3 426.3 333.9 244.8 85.4 328.7 401.6 218.2 267.8 414.4 322.8 402.3 306.2 396.7 380.1 352.7 288.9 0.0 229.2 60.9 103.9 344.5 250.8 387.8 87.8 451.1 192.6 381.5 249.6 466.6 83.1 97.9 217.4 230.0 132.3 85.8 222.2 314.2 64.2 223.5 46.8 102.0 263.6 420.4 143.2 305.0 144.3 332.4 356.0 360.8 267.8 269.9 395.1 84.9 377.0 375.3 276.9 315.4 447.1 365.4 273.5 318.8 192.6 292.0 120.5 380.5 351.7 318.3 225.2 319.1 131.1 39.1 223.8 122.9 62.3 306.2 331.8 358.9 365.0 303.8 425.6 269.2 304.3 70.8 363.6 402.0 311.4 349.7 295.9 412.1 218.0 232.7 105.1 242.7 287.1 311.2 159.9 416.7 369.8
1191.8 322.5 17.6 369.9 340.0 214.4 357.8 280.6 400.3 338.2 420.2 325.5 249.8 136.2 335.7 395.5 223.2 318.6 433.1 357.4 421.0 299.3 409.3 374.0 387.3 339.7 132.6 0.0 113.1 154.7 376.1 282.4 426.8 90.8 481.7 234.7 394.1 268.3 497.2 115.9 95.6 268.2 248.7 121.2 184.3 227.2 352.9 97.0 246.5 145.3 99.7 314.4 439.1 184.6 298.9 167.3 369.4 370.2 395.4 302.4 288.6 389.0 117.7 382.8 373.4 270.8 344.8 441.0 400.0 305.1 350.4 225.6 326.6 171.3 399.2 370.4 312.2 219.1 337.8 128.8 89.9 246.8 221.4 107.4 297.6 337.6 359.2 404.0 335.4 464.6 267.9 323.0 101.9 382.3 432.6 335.2 343.6 314.6 442.7 268.8 3.5 155.9 274.3 310.9 341.7 179.2 410.6 363.7
1173.4 320.6 232.2 333.5 248.7 200.1 265.2 266.3 385.7 325.6 405.6 310.9 212.1 115.1 343.9 379.6 185.5 304.3 441.3 266.1 429.2 284.7 372.9 359.4 296.0 325.4 61.0 214.5 0.0 121.1 363.1 280.5 422.5 54.4 444.0 220.4 357.7 276.5 459.5 97.5 57.9 239.8 256.9 102.8 112.7 169.9 316.5 78.6 210.1 86.3 63.3 300.1 434.0 166.3 283.0 130.9 333.0 384.2 304.1 264.7 296.8 373.1 98.0 345.1 357.5 256.2 253.5 426.4 308.7 307.6 347.2 160.7 234.0 157.0 407.4 378.6 296.3 203.2 346.0 91.1 100.2 210.4 149.8 123.4 301.4 299.9 378.3 399.7 333.5 459.0 249.4 331.2 9.9 390.5 396.2 298.8 329.0 322.8 405.0 253.2 223.0 141.6 272.4 273.2 339.8 141.5 396.0 349.1
1159.5 198.1 204.6 284.4 254.5 139.3 272.3 205.5 418.9 362.4 459.4 328.6 202.5 117.6 232.9 390.6 175.9 241.8 330.3 271.9 318.2 302.4 332.2 398.2 301.8 262.9 190.9 186.9 177.3 0.0 241.9 158.0 302.4 272.5 386.6 159.6 317.0 165.5 402.1 220.1 282.6 193.1 145.9 28.3 126.6 120.8 267.4 74.5 181.2 147.1 286.7 219.6 336.3 121.7 302.0 102.0 301.6 267.4 309.9 216.9 185.8 407.6 31.8 333.0 397.6 273.9 264.5 459.6 314.5 185.1 226.0 160.3 241.1 96.2 296.4 267.6 336.4 253.0 235.0 223.5 157.6 181.5 122.9 140.1 321.8 287.8 257.1 279.6 211.0 340.2 226.9 220.2 188.5 279.5 337.5 267.4 362.2 211.8 347.6 193.7 194.1 89.4 149.9 243.1 217.3 131.9 429.2 387.9
1048.0 45.8 354.3 250.0 220.1 177.6 237.9 114.7 194.6 235.2 240.0 168.4 328.3 259.4 50.4 289.4 301.7 114.6 83.1 299.8 71.0 141.3 112.8 267.3 331.4 98.8 340.0 336.6 371.9 299.2 0.0 85.9 66.8 421.2 157.4 168.5 97.6 186.9 172.9 369.2 416.2 136.9 136.5 243.4 288.2 297.5 225.2 289.6 330.9 386.9 420.3 92.4 135.2 193.3 152.3 251.7 184.2 38.2 339.5 192.3 73.2 178.4 256.7 192.9 258.5 170.6 224.9 240.2 249.1 68.6 17.9 281.5 216.5 221.7 49.7 48.2 209.2 240.4 165.6 373.2 306.7 331.2 274.7 289.2 194.6 160.6 96.4 53.8 32.9 104.6 256.1 89.0 420.1 32.3 108.3 140.2 133.0 132.6 128.2 136.3 353.6 248.3 94.0 115.9 35.3 281.6 200.0 257.0
1101.2 40.0 268.3 164.0 134.1 90.1 151.9 83.8 278.5 205.3 303.8 211.9 197.6 174.0 144.1 279.1 171.0 83.7 176.8 151.5 164.7 184.2 196.7 240.1 181.4 104.8 254.6 250.6 287.8 213.8 83.8 0.0 144.3 336.2 251.1 63.2 181.5 52.7 266.6 283.8 346.3 96.2 40.7 157.4 213.9 157.0 142.9 203.6 244.9 301.5 350.4 61.5 219.1 108.0 183.0 165.7 130.3 136.4 189.5 96.5 106.4 272.1 160.9 174.9 235.3 154.9 144.1 322.0 218.2 22.7 67.9 224.0 120.7 159.9 143.4 132.1 178.3 132.6 155.6 287.2 221.3 245.2 210.2 198.1 166.2 129.7 142.6 121.5 52.9 182.1 86.3 140.8 297.7 126.0 202.0 109.3 226.7 132.4 212.1 95.6 254.1 153.1 8.0 85.0 60.3 181.3 293.7 229.8
1176.7 98.6 381.4 269.5 239.6 187.3 257.4 124.4 335.0 245.9 344.4 252.5 338.7 269.1 202.7 319.7 311.4 124.3 235.4 309.5 223.3 224.8 242.0 280.7 341.1 145.4 349.7 363.7 382.9 308.9 152.2 113.6 0.0 415.8 307.6 160.4 226.8 110.2 323.1 378.9 425.9 136.8 116.2 271.1 289.4 297.4 248.4 317.3 343.3 396.6 430.0 102.1 277.7 205.2 223.6 278.8 170.9 195.0 349.2 202.0 181.9 328.6 274.6 215.5 275.9 195.5 249.6 362.6 258.8 90.9 126.5 327.1 226.2 231.4 202.0 190.7 218.9 240.3 88.9 385.6 316.4 358.3 285.7 293.2 206.8 170.3 218.1 180.1 111.5 37.7 247.7 216.3 429.8 184.6 258.5 149.9 283.2 65.7 268.6 136.2 367.2 248.2 121.7 125.6 118.9 294.4 350.2 270.4
1232.8 266.1 184.3 284.3 254.4 150.9 272.2 217.1 372.9 346.6 444.1 308.3 164.2 65.9 306.2 419.4 132.3 255.1 403.6 271.8 386.2 282.1 323.7 380.4 296.4 276.2 132.0 161.3 163.9 73.2 325.0 231.3 373.3 0.0 396.1 171.2 308.5 238.8 406.3 161.2 10.1 190.6 219.2 101.6 217.9 120.7 267.3 142.3 160.9 191.5 14.2 250.9 380.8 117.1 281.7 81.7 278.5 337.9 304.5 216.8 259.1 371.8 105.1 291.9 379.8 248.3 259.2 462.3 314.4 258.4 299.3 130.0 241.0 107.8 369.7 340.9 313.3 252.9 308.3 37.9 98.7 161.2 255.0 84.8 322.4 246.7 330.4 350.5 284.3 411.1 200.2 293.5 175.1 352.8 347.0 249.6 326.4 279.8 357.1 200.0 173.8 87.1 217.9 225.3 290.6 88.3 393.4 370.1
1269.4 243.9 287.8 225.5 162.9 228.6 210.4 192.0 252.5 148.0 247.5 153.3 241.8 293.4 321.7 222.8 214.5 230.0 380.7 212.6 368.6 127.1 303.9 183.8 244.2 251.1 359.5 270.1 344.1 300.7 297.5 203.8 346.7 324.2 0.0 248.9 288.7 220.9 15.5 349.3 329.0 179.6 208.9 329.1 415.3 200.5 200.7 330.4 246.4 376.3 333.1 225.8 366.3 233.5 126.7 222.3 266.7 305.4 252.3 170.2 274.6 241.2 332.6 280.1 183.2 98.6 172.9 265.7 161.9 226.5 271.8 264.4 187.1 261.2 347.3 309.3 122.0 143.4 323.8 288.7 323.3 264.7 452.4 312.3 125.8 234.9 310.8 323.9 256.8 384.5 183.1 309.0 332.9 329.9 290.1 232.5 171.4 300.6 300.2 180.2 273.6 274.4 195.7 208.2 264.2 256.6 262.8 173.5
1141.2 156.9 212.9 151.3 121.4 18.8 139.2 45.8 294.5 224.4 321.9 201.6 185.6 100.6 200.4 297.2 158.3 83.8 251.1 138.8 239.0 176.2 212.7 258.2 168.7 104.9 181.2 195.2 213.1 140.4 161.3 116.8 203.8 280.8 267.1 0.0 197.5 152.2 282.6 210.4 290.9 33.4 80.7 160.1 267.1 129.1 130.2 191.5 189.5 228.1 295.0 79.6 251.9 34.5 175.0 110.3 161.6 176.5 176.8 83.8 172.5 288.1 163.6 193.0 257.6 146.9 131.4 340.1 181.4 139.5 172.9 168.6 108.0 62.9 217.7 176.3 196.4 119.9 221.7 231.8 147.9 189.8 304.2 130.4 200.2 147.8 182.6 181.0 169.8 241.6 67.3 206.9 224.3 200.3 218.0 127.4 242.7 198.5 228.1 34.0 202.4 79.7 108.7 103.1 176.1 140.2 309.7 247.9
1055.8 258.4 394.0 331.7 269.1 330.1 301.1 267.2 193.0 284.7 238.4 120.5 347.3 401.5 180.0 267.8 320.7 229.2 230.7 348.3 218.6 150.2 15.1 275.5 334.9 208.1 465.7 376.3 449.0 406.9 204.9 298.5 261.4 425.1 167.8 303.2 0.0 371.7 183.3 455.5 435.2 279.6 315.1 435.3 394.6 306.7 310.6 436.6 352.6 482.5 439.3 262.9 77.5 341.9 151.4 328.5 331.7 152.0 343.0 276.4 189.4 204.6 438.8 203.3 252.7 179.5 308.9 238.6 297.6 275.8 230.5 360.6 255.7 367.4 197.3 155.9 289.9 249.6 350.4 394.9 429.5 370.9 390.9 409.2 277.8 331.1 288.2 238.6 245.5 299.2 277.7 217.4 439.1 179.9 118.7 310.7 161.4 327.2 128.8 279.0 379.8 380.6 301.9 286.4 238.1 348.5 208.2 265.2
1183.1 202.0 291.6 282.1 252.2 208.2 270.0 227.8 389.3 349.3 434.7 354.6 289.5 197.3 219.9 423.1 262.9 227.7 305.6 269.6 293.5 345.8 307.5 384.1 299.5 248.8 277.9 273.9 311.1 237.1 255.6 217.0 306.3 359.5 361.9 181.3 292.3 0.0 377.4 307.1 369.6 182.2 121.2 198.7 214.4 266.9 261.0 244.9 268.2 324.8 373.7 205.5 311.6 205.9 347.0 189.0 274.3 242.7 307.6 214.6 161.1 382.9 202.2 318.9 379.3 277.7 262.2 434.9 312.2 194.3 229.9 237.3 238.8 183.2 271.7 242.9 322.3 250.7 210.3 310.5 244.6 268.5 210.7 221.4 310.2 273.7 216.8 283.5 214.9 344.1 204.4 195.5 321.0 254.8 312.8 253.3 337.5 187.1 322.9 182.8 277.4 176.4 165.6 229.0 222.3 204.6 404.5 373.8
1253.9 228.4 272.3 210.0 147.4 213.1 194.9 176.5 232.1 132.5 232.0 137.8 225.6 277.9 312.8 207.3 199.0 214.5 365.2 197.1 353.1 111.6 288.4 168.3 228.7 235.6 344.0 254.6 327.3 285.2 272.2 188.3 331.2 303.4 255.6 233.4 273.2 205.4 0.0 333.8 313.5 164.1 193.4 313.6 399.8 206.4 193.0 314.9 230.9 360.8 317.6 210.3 350.8 230.8 111.2 206.8 251.2 289.9 236.8 154.7 259.1 225.7 317.1 264.6 167.7 83.1 157.4 250.2 146.4 211.0 256.3 220.4 171.6 245.7 331.8 293.8 106.5 127.9 308.3 273.2 307.8 249.2 436.9 293.2 100.8 219.4 295.3 308.4 241.3 369.0 164.3 293.5 317.4 314.4 274.6 217.0 155.9 285.1 284.7 164.7 258.1 258.9 180.2 192.7 247.6 241.1 247.3 158.0
1208.9 247.5 254.0 333.8 303.9 188.7 321.7 254.9 463.4 412.8 508.8 380.3 251.9 159.7 294.0 440.0 225.3 291.2 379.7 321.3 367.6 352.6 381.6 447.6 351.2 312.3 240.3 236.3 228.0 49.3 291.3 207.4 351.8 321.9 436.0 217.7 366.4 214.9 451.5 0.0 332.0 242.5 195.3 77.7 176.0 229.3 312.7 123.9 230.6 287.2 336.1 269.0 385.7 168.3 351.4 151.4 337.8 321.3 359.3 266.3 235.2 457.0 81.2 382.4 442.8 323.3 313.9 509.0 363.9 230.1 275.4 199.7 290.5 145.6 345.8 317.0 385.8 302.4 284.4 272.9 207.0 230.9 172.3 183.8 373.7 337.2 306.5 329.0 260.4 389.6 276.3 269.6 237.9 328.9 386.9 316.8 411.6 261.2 397.0 243.1 239.8 138.8 199.3 292.5 267.8 167.0 478.6 437.3
1222.7 261.3 174.2 274.2 244.3 140.8 262.1 207.0 368.1 336.5 434.0 298.2 154.8 62.6 296.4 409.3 127.5 245.0 393.5 261.7 381.4 272.8 313.6 370.3 291.6 266.1 121.9 156.5 153.8 63.1 305.1 221.2 363.2 242.1 386.0 161.1 298.4 228.7 401.5 151.1 0.0 194.6 209.1 91.5 207.8 131.5 249.4 132.2 150.8 168.8 4.1 240.8 376.0 120.4 271.6 71.6 273.7 330.6 299.7 206.7 249.0 361.7 95.0 287.1 369.7 243.5 249.1 452.2 304.3 248.3 289.2 129.9 230.9 97.7 359.6 330.8 308.5 242.8 298.2 33.1 88.6 151.1 244.9 65.4 296.4 241.9 320.3 340.4 274.2 401.0 178.5 283.4 165.0 342.7 336.9 239.5 316.3 275.0 347.0 195.2 160.0 82.3 213.1 215.2 280.5 83.5 383.3 360.0
1112.2 96.3 244.5 142.3 112.4 50.4 130.2 12.4 261.0 190.9 288.4 194.2 176.6 139.5 164.5 277.8 138.9 50.3 217.6 129.8 205.5 168.0 179.2 224.7 149.3 71.4 212.8 226.8 244.7 172.0 137.6 46.6 170.3 317.7 233.6 31.5 164.0 63.7 263.2 242.0 322.5 0.0 51.7 191.7 224.9 160.7 125.3 223.1 221.1 272.3 326.6 46.1 232.5 83.6 155.6 141.9 128.1 153.0 157.4 64.4 117.4 268.7 195.2 173.6 224.1 139.5 117.2 306.6 202.8 73.7 153.5 200.2 88.6 94.5 184.2 156.9 162.9 100.5 166.6 263.4 179.5 221.4 221.2 165.6 166.7 128.4 153.6 147.5 99.6 208.1 76.2 151.8 255.9 166.8 184.5 93.9 209.2 143.4 208.7 0.6 234.0 97.6 48.1 83.7 105.9 171.8 276.2 214.4
1060.4 106.5 265.4 160.8 130.9 86.9 148.7 73.3 293.8 253.8 291.7 213.4 194.4 168.7 124.4 267.0 167.8 132.2 210.1 148.3 198.0 185.7 212.0 240.1 178.2 153.3 249.3 247.7 225.1 208.5 150.3 52.4 210.8 304.9 266.4 60.0 196.8 19.5 281.9 278.5 315.0 60.9 0.0 172.2 173.1 153.8 139.7 218.4 232.4 201.3 319.1 110.0 216.1 104.8 184.5 178.4 178.8 147.2 186.3 93.3 65.6 287.4 175.7 223.4 235.3 156.4 140.9 339.4 190.9 98.8 134.4 192.6 117.5 131.0 176.2 147.4 178.3 129.4 114.8 274.7 216.0 242.3 169.4 192.8 214.7 178.2 101.8 188.0 119.4 248.6 83.1 100.0 318.9 159.3 217.3 157.8 242.0 91.6 227.4 61.5 251.2 147.8 44.3 133.5 126.8 194.0 309.0 229.8
1140.9 201.2 207.7 287.5 257.6 142.4 275.4 208.6 435.1 366.5 418.4 334.0 205.6 113.4 265.7 393.7 179.0 244.9 338.0 275.0 325.9 306.3 353.3 401.3 304.9 266.0 194.0 190.0 171.8 153.2 245.0 161.1 305.5 275.6 407.7 171.4 338.1 186.6 423.2 223.2 285.7 196.2 167.0 0.0 119.8 183.0 266.4 46.1 184.3 148.0 289.8 222.7 357.4 122.0 305.1 105.1 291.5 288.5 313.0 220.0 206.9 428.7 3.4 336.1 396.5 277.0 267.6 480.7 317.6 183.8 229.1 163.4 244.2 99.3 304.6 288.7 339.5 256.1 256.1 226.6 160.7 184.6 116.1 137.5 327.4 290.9 278.2 282.7 214.1 343.3 230.0 241.3 181.7 287.2 358.6 270.5 383.3 232.9 368.7 196.8 193.5 92.5 153.0 246.2 221.5 120.7 450.3 391.0
1123.6 329.0 348.8 405.0 375.1 283.5 392.9 349.7 486.3 476.3 514.2 421.8 346.7 191.3 316.9 489.5 320.1 354.7 402.6 392.5 390.5 394.1 404.5 511.1 422.4 375.8 133.6 331.1 148.8 209.8 382.6 320.2 433.3 175.7 458.9 304.2 389.3 263.7 474.4 189.0 185.8 337.3 244.1 206.1 0.0 324.1 383.9 170.1 325.4 125.0 189.9 332.5 408.6 263.1 392.9 246.2 401.3 344.2 430.5 337.5 258.1 479.9 209.6 445.9 506.3 364.8 385.1 531.9 435.1 321.3 356.9 294.5 361.7 240.4 368.7 339.9 449.3 313.1 337.3 219.0 145.0 325.7 93.1 168.2 437.2 400.7 273.0 410.5 341.9 471.1 371.1 292.5 158.7 351.8 409.8 380.3 434.5 314.1 419.9 337.9 334.6 233.6 312.1 356.0 349.3 261.8 501.5 500.8
1174.9 137.3 211.3 199.7 169.8 28.0 187.6 94.2 307.0 272.8 370.3 250.0 209.9 106.3 200.0 345.6 167.2 132.2 274.1 187.2 262.0 223.8 261.1 306.6 217.1 153.3 179.6 193.6 211.5 138.8 194.6 97.2 241.6 284.5 329.0 48.3 245.9 132.6 331.0 208.8 289.3 67.7 113.0 140.5 206.2 0.0 182.7 186.7 187.9 239.1 293.4 128.0 313.8 50.4 210.5 108.7 223.5 224.9 225.2 132.2 152.9 336.5 144.0 241.4 265.5 195.3 174.6 388.5 229.8 124.3 178.7 167.0 156.4 61.3 240.7 224.7 204.3 168.3 202.1 230.2 146.3 188.2 202.5 132.4 248.6 196.2 208.6 218.8 163.7 292.9 133.6 187.3 222.7 223.3 266.4 175.8 291.1 192.4 290.0 82.4 200.8 78.1 89.1 165.0 156.5 138.6 358.1 296.3
1276.8 256.5 129.3 21.0 205.4 139.2 226.9 205.4 333.4 281.3 390.2 273.6 162.1 133.9 305.9 361.4 131.4 243.4 393.3 222.8 384.9 245.9 321.6 316.1 256.4 264.5 210.8 107.9 223.5 160.2 296.2 216.4 360.8 197.2 394.0 163.2 306.4 234.5 405.4 223.9 199.5 196.7 214.9 172.1 292.3 143.2 0.0 205.0 102.2 261.0 207.7 239.2 384.0 122.5 241.0 57.2 277.6 332.0 264.5 210.6 258.5 331.1 179.3 291.0 315.5 216.6 219.1 383.1 273.9 242.8 288.1 48.7 192.0 96.1 359.9 331.8 258.0 161.2 299.9 140.4 177.5 102.5 329.4 158.0 245.9 245.8 320.5 338.0 265.3 402.3 190.2 289.2 209.9 342.5 344.9 247.5 285.7 276.7 350.9 193.6 115.1 105.2 208.3 226.9 280.5 87.4 352.7 305.8
1094.7 232.4 274.9 312.5 282.6 209.6 300.4 258.2 419.7 379.7 465.1 385.0 272.8 180.6 250.3 453.5 246.2 258.1 336.0 300.0 323.9 376.2 337.9 414.5 329.9 279.2 110.4 257.2 125.6 220.4 276.2 246.3 336.7 152.5 392.3 211.7 322.7 171.2 407.8 290.4 162.6 212.6 151.6 139.5 73.6 250.2 291.4 0.0 251.5 101.8 166.7 235.9 342.0 189.2 377.4 172.3 304.7 273.1 338.0 245.0 191.5 413.3 143.0 349.3 409.7 308.1 292.6 465.3 342.6 224.7 260.3 230.6 269.2 166.5 302.1 273.3 352.7 281.1 240.7 293.8 227.9 251.8 69.9 204.7 340.6 304.1 262.1 313.9 245.3 374.5 234.8 225.9 135.5 285.2 343.2 283.7 367.9 217.5 353.3 213.2 260.7 159.7 238.2 259.4 252.7 187.9 434.9 404.2
1213.8 252.4 183.3 283.3 253.4 131.9 271.2 198.1 377.2 344.6 443.1 309.6 163.9 53.7 298.9 418.4 136.6 236.1 384.6 270.8 372.5 281.9 322.7 379.4 300.7 257.2 113.0 165.6 146.2 54.2 296.2 212.3 356.1 251.2 395.1 160.9 307.5 219.8 410.6 142.2 261.3 185.7 200.2 82.6 198.9 140.6 262.2 123.3 0.0 159.9 265.4 231.9 385.1 111.5 280.7 80.7 269.6 321.7 308.8 215.8 240.1 370.8 86.1 296.2 374.6 252.6 263.4 461.3 313.4 235.0 280.3 129.0 240.0 88.8 350.7 321.9 317.6 251.9 289.3 42.2 79.7 160.2 236.0 56.5 305.5 251.0 311.4 333.3 265.3 393.9 187.6 274.5 156.1 333.8 346.0 248.6 325.4 266.1 356.1 186.3 169.1 73.4 204.2 224.3 272.7 78.3 392.4 369.1
1175.0 299.6 224.5 367.1 282.6 194.8 295.5 261.0 414.7 358.5 439.5 347.1 260.4 116.6 305.8 422.5 233.8 320.4 398.3 300.0 386.2 319.4 400.2 393.3 329.9 341.5 58.9 219.4 74.1 130.2 353.2 308.6 399.0 101.0 459.5 210.2 385.0 233.5 462.4 114.3 106.2 248.6 213.9 194.1 69.7 242.7 346.0 95.4 188.0 0.0 115.2 298.2 396.6 174.4 313.3 175.5 385.1 327.7 345.7 312.2 258.7 416.0 205.3 416.5 387.8 297.8 292.6 460.3 342.6 287.0 314.9 256.7 264.3 151.7 364.4 340.5 326.6 233.5 295.3 139.4 65.4 206.3 106.8 93.5 319.4 358.7 347.7 376.2 299.9 441.7 289.7 288.2 84.0 347.5 405.5 346.0 362.9 284.7 415.6 256.9 215.2 131.4 305.4 321.7 315.0 189.8 429.9 383.0
1218.6 257.2 170.1 270.1 240.2 136.7 258.0 202.9 364.0 331.4 429.9 296.4 150.0 58.5 303.7 405.2 123.4 240.9 389.4 257.6 377.3 268.7 309.5 366.2 287.5 262.0 117.8 152.4 151.0 59.0 301.0 217.1 359.1 238.0 381.9 165.7 294.3 224.6 397.4 147.0 248.1 190.5 205.0 87.4 203.7 127.4 249.0 128.1 146.7 164.7 0.0 236.7 371.9 116.3 267.5 67.5 256.4 329.0 295.6 202.6 244.9 357.6 90.9 283.0 361.4 239.4 250.2 448.1 300.2 239.8 285.1 97.3 226.8 93.6 355.5 326.7 304.4 238.7 294.1 29.0 84.5 147.0 240.8 61.3 292.3 237.8 316.2 336.3 270.1 396.9 174.4 279.3 160.9 338.6 332.8 235.4 312.2 270.9 342.9 191.1 155.9 78.2 209.0 211.1 277.5 65.1 379.2 355.9
1180.5 186.4 282.5 220.2 157.6 223.3 205.1 166.0 239.6 143.7 242.2 150.3 235.8 290.0 187.3 217.5 209.2 157.9 238.0 207.3 225.9 122.6 139.8 178.5 238.9 136.8 354.2 264.8 337.5 295.4 146.9 177.8 189.4 313.6 212.2 172.7 124.6 194.9 227.7 344.0 323.7 153.6 182.9 323.8 356.1 195.2 199.1 325.1 241.1 371.0 327.8 0.0 202.2 230.4 121.4 217.0 68.7 163.4 247.0 151.9 195.8 233.2 327.3 113.3 173.7 93.3 167.6 260.4 156.6 200.5 158.5 259.1 181.8 255.9 204.6 163.2 116.7 138.1 278.4 283.4 318.0 259.4 352.4 297.7 104.6 68.1 219.0 166.6 173.5 227.2 145.5 211.6 327.6 187.2 163.1 47.7 187.8 255.2 173.2 154.2 268.3 269.1 169.7 23.4 166.1 237.0 254.8 168.2
1113.6 180.8 335.9 273.6 211.0 252.5 263.7 189.6 135.6 226.3 181.0 83.7 289.9 341.5 102.4 230.4 262.6 151.6 153.1 290.9 141.0 92.1 72.9 218.1 297.5 130.5 407.6 318.2 392.2 348.8 137.1 220.9 183.8 372.3 90.2 233.6 57.7 294.1 105.7 397.4 377.1 202.0 253.8 377.2 378.7 248.6 256.6 378.5 294.5 424.4 381.2 185.3 0.0 268.2 93.3 270.4 267.3 74.4 305.6 218.3 173.5 129.2 380.7 125.7 199.5 121.4 221.0 181.2 240.2 193.8 152.9 302.5 197.6 296.6 119.7 78.3 212.3 191.5 272.8 336.8 371.4 312.8 375.0 356.8 197.7 253.5 210.6 161.0 167.9 221.6 227.9 139.8 381.0 102.3 41.1 233.1 83.8 249.6 51.2 201.4 321.7 313.4 229.0 208.8 160.5 304.7 150.8 207.8
1185.2 144.8 176.1 192.0 162.1 20.3 193.3 86.5 353.5 265.1 362.6 242.3 163.4 71.1 210.3 335.1 132.1 124.5 284.4 179.5 269.5 216.1 253.4 298.9 209.4 145.6 144.4 160.6 176.3 88.3 198.4 107.5 244.5 249.3 321.2 37.8 238.2 142.9 320.5 173.6 256.3 60.0 123.3 123.7 230.3 92.3 175.0 154.7 152.7 203.9 258.2 120.3 289.8 0.0 225.1 73.5 199.5 226.6 217.5 121.7 160.4 328.8 111.9 230.9 295.5 184.8 166.9 380.8 222.1 134.6 184.9 131.8 145.9 26.1 251.0 217.0 234.3 160.6 225.8 195.0 113.3 153.0 267.4 97.2 240.9 197.9 216.1 221.7 160.5 282.3 125.9 197.6 187.5 233.6 258.7 168.1 283.4 198.6 266.0 88.1 165.6 32.3 96.6 153.2 166.8 88.1 350.4 288.6
1101.1 147.4 242.5 180.2 117.6 183.3 135.4 146.7 96.4 120.7 141.8 26.5 195.8 248.1 165.0 191.2 169.2 118.9 200.9 135.0 188.8 0.4 118.8 178.9 164.9 97.8 314.2 224.8 297.5 255.4 107.9 158.5 150.4 273.6 74.8 200.9 103.6 175.6 90.3 304.0 283.7 134.3 163.6 283.8 370.0 176.6 155.4 285.1 201.1 338.7 287.8 152.6 181.2 201.0 0.0 177.0 221.4 137.0 173.0 124.9 156.8 90.0 287.3 92.3 160.3 28.0 122.4 142.0 134.6 160.4 119.5 209.1 104.2 215.9 167.5 140.9 94.7 98.1 239.4 243.4 278.0 219.4 407.1 257.7 80.1 189.6 180.0 127.6 134.5 188.2 137.8 172.6 287.6 150.1 88.2 187.2 44.6 216.2 98.3 134.9 232.0 229.1 150.4 162.9 128.2 211.3 111.6 168.6
1219.5 199.2 102.5 224.9 195.0 81.9 212.8 148.1 296.4 240.2 349.1 228.8 104.8 72.9 256.3 324.4 78.2 186.1 336.0 212.4 323.9 201.1 264.3 275.0 242.3 207.2 153.5 84.8 196.7 112.7 243.0 159.1 303.5 170.4 336.7 110.9 249.1 177.2 352.2 182.7 180.5 135.7 157.6 114.8 239.4 82.2 203.8 161.0 79.1 200.4 184.6 181.9 326.7 61.5 199.9 0.0 211.2 274.7 250.4 157.4 197.5 290.0 118.3 237.8 270.2 171.8 205.0 342.0 232.8 181.8 227.1 48.2 181.6 38.8 302.6 278.6 213.2 120.1 246.7 121.4 120.2 79.4 276.5 97.0 201.1 192.6 259.5 280.7 212.1 341.3 129.2 231.9 186.8 285.2 287.6 190.2 244.6 223.5 297.7 136.3 88.3 52.0 151.0 165.9 219.5 19.9 311.6 264.7
1161.4 135.9 242.0 137.4 107.5 117.6 125.3 84.0 298.4 219.5 319.0 224.8 171.7 199.4 213.7 294.3 144.4 122.0 272.7 124.9 260.6 198.6 198.6 255.3 154.8 143.1 280.0 224.3 305.4 239.2 179.7 95.8 240.2 281.5 271.0 98.7 183.4 112.9 286.5 309.2 291.6 71.6 100.9 235.6 274.1 130.4 112.6 281.8 209.0 289.7 295.7 117.8 261.0 133.3 198.2 173.6 0.0 210.6 162.9 69.9 166.6 292.0 239.1 172.1 254.7 170.1 112.3 337.2 167.5 118.5 163.8 169.2 94.1 161.7 239.3 214.5 193.5 106.0 215.8 251.3 246.7 218.9 270.4 221.1 178.9 126.9 202.8 217.4 148.8 278.0 57.2 201.0 295.5 221.9 221.9 124.5 246.6 192.6 232.0 72.2 227.8 178.5 87.7 100.2 155.1 207.9 313.6 245.0
1043.5 104.4 346.8 280.0 217.4 178.0 274.6 115.1 142.0 232.7 187.4 96.9 296.3 264.3 33.6 241.3 269.0 81.6 74.5 297.3 66.5 98.5 64.7 224.5 308.4 56.0 344.9 329.1 401.8 304.1 48.7 144.5 125.4 377.9 114.6 159.1 49.5 235.7 130.1 369.6 388.0 145.7 179.3 306.1 304.2 280.9 258.9 348.2 305.4 387.3 392.1 115.3 116.8 193.7 104.2 274.0 192.8 0.0 312.0 202.4 99.0 140.1 305.5 150.1 210.4 132.3 226.7 192.1 251.1 121.8 80.6 290.4 208.5 226.6 41.1 0.2 227.6 202.4 214.4 343.2 307.1 323.7 296.4 288.4 226.4 179.0 136.1 102.6 91.5 163.2 224.2 65.3 387.4 27.8 65.5 163.1 90.2 192.4 80.1 131.4 336.3 238.9 152.6 138.8 88.2 299.4 161.7 218.7
1249.4 271.3 343.4 271.4 104.0 274.5 86.2 219.4 170.6 168.6 105.3 184.3 287.0 345.5 275.2 80.6 260.4 255.8 325.9 142.9 313.8 158.1 245.7 142.4 120.0 234.7 359.8 325.7 338.4 356.3 244.8 231.2 287.3 345.9 211.7 234.1 230.5 248.3 227.2 371.0 350.7 216.2 236.3 376.3 409.5 267.8 250.3 352.1 302.0 414.4 354.8 253.2 308.1 296.9 157.7 275.4 294.1 251.3 0.0 197.6 302.0 115.8 372.8 229.2 123.8 195.8 99.2 123.5 104.2 258.3 256.4 289.0 117.4 307.8 292.5 251.1 172.9 175.6 351.2 344.3 345.0 320.3 405.8 362.5 176.3 262.3 316.9 264.5 271.4 325.1 192.6 309.5 349.6 275.1 231.9 259.9 161.3 328.0 242.0 207.6 329.2 324.6 223.1 235.6 264.0 309.7 180.9 132.1
1235.4 197.8 172.0 67.4 191.2 88.5 209.0 154.7 360.3 281.4 380.9 273.7 101.0 166.8 260.8 356.2 74.4 192.7 334.6 208.6 322.5 245.2 260.5 317.2 238.5 213.8 240.1 154.3 266.2 199.3 251.4 157.7 302.1 245.2 332.9 108.8 245.3 193.1 348.4 269.3 250.0 128.2 173.5 201.0 266.7 81.8 42.6 247.2 148.6 299.6 254.1 188.5 322.9 106.2 244.8 103.6 220.6 280.0 246.6 0.0 213.4 353.9 204.5 234.0 316.6 216.7 201.2 399.1 251.2 184.8 225.7 99.2 177.8 121.8 301.2 283.9 255.4 189.7 262.6 190.9 206.8 148.9 263.0 192.9 240.8 188.8 269.1 279.3 210.7 339.9 137.0 247.8 256.3 283.8 283.8 186.4 308.5 239.4 293.9 142.9 161.5 138.6 149.6 162.1 217.0 137.9 375.5 306.9
1021.9 92.6 307.2 238.6 208.7 164.7 226.5 118.4 233.0 240.9 273.5 193.4 272.9 220.2 47.0 322.9 245.6 163.2 144.4 226.1 132.3 184.6 146.3 310.6 256.0 142.1 241.9 289.5 257.1 252.7 98.6 107.6 175.3 289.3 200.7 145.8 131.1 97.3 216.2 322.7 294.1 130.8 77.7 214.2 205.1 223.4 221.6 260.4 283.8 233.3 298.2 96.1 150.4 193.2 185.8 204.6 178.1 81.5 264.1 171.1 0.0 221.7 217.7 236.2 292.0 213.9 218.7 273.7 252.8 80.5 126.4 262.9 195.3 198.8 110.5 81.7 212.9 207.2 100.9 326.1 260.2 284.1 201.4 234.6 200.8 164.3 88.9 152.5 141.4 213.1 160.9 34.3 267.0 93.6 151.6 143.9 176.3 77.7 161.7 130.2 296.7 192.0 115.7 119.6 134.0 234.5 243.3 300.3
1146.9 239.9 344.5 319.6 152.2 309.4 134.4 246.5 49.8 140.5 95.2 72.3 335.2 350.1 165.0 101.1 308.6 208.5 210.0 191.1 197.9 100.7 129.8 132.3 168.2 187.4 408.0 326.8 386.6 357.4 184.2 279.4 258.0 394.1 165.1 290.5 114.6 296.5 180.6 419.2 398.9 272.6 284.5 424.5 435.6 316.0 302.6 400.3 303.1 440.7 403.0 242.2 192.2 337.9 101.9 323.6 324.2 131.3 176.3 245.8 230.4 0.0 421.0 200.6 113.7 130.0 147.4 95.4 154.4 257.3 212.0 355.7 165.6 353.5 176.6 135.2 221.1 223.8 347.0 345.4 393.2 321.4 431.9 407.1 224.5 310.4 267.5 235.2 227.0 295.8 240.8 196.7 389.6 159.2 116.0 290.0 45.4 323.8 126.1 255.8 330.3 370.3 271.3 265.7 219.6 357.9 65.0 122.0
1137.4 204.7 211.2 291.0 261.1 145.9 278.9 212.1 432.9 369.0 421.9 337.5 209.8 124.2 258.1 397.2 182.5 248.4 341.5 278.5 329.4 309.0 351.1 404.8 308.4 269.5 197.5 193.5 168.3 156.7 248.5 164.6 309.0 284.4 405.5 166.2 335.9 184.4 421.0 226.7 289.2 180.3 164.8 3.4 116.3 186.5 266.2 42.6 187.8 144.5 293.3 226.2 355.2 128.3 308.6 108.6 308.2 290.8 316.5 223.5 204.7 426.5 0.0 339.6 404.2 280.5 265.9 478.5 321.1 187.3 232.6 166.9 247.7 102.8 308.1 286.5 343.0 259.6 253.9 230.1 164.2 188.1 112.6 138.6 328.4 294.4 281.7 286.2 217.6 346.8 241.8 239.1 178.2 290.7 356.4 274.0 381.1 230.7 366.5 200.3 200.7 96.0 156.5 249.7 225.0 138.5 448.1 394.5
1067.1 154.5 326.5 264.2 201.6 224.0 254.3 161.1 131.1 216.9 171.6 74.3 279.8 305.8 73.9 221.0 253.2 123.1 124.6 281.5 112.5 82.7 26.4 208.7 288.1 102.0 386.4 308.8 381.5 339.4 98.8 194.6 172.6 357.6 98.8 205.1 11.2 237.3 114.3 388.0 367.7 173.5 225.3 352.1 350.2 260.6 239.4 369.1 285.1 422.7 371.8 156.8 88.8 257.2 83.9 261.0 238.8 45.9 296.2 208.9 145.0 119.8 355.6 0.0 190.1 112.0 206.4 171.8 230.8 167.5 126.6 274.6 188.2 268.1 91.2 49.8 220.9 182.1 261.6 327.4 353.1 303.4 346.5 327.5 206.3 225.0 182.1 149.8 141.6 210.4 203.9 111.3 371.6 73.8 49.7 204.6 74.4 238.4 59.8 172.9 312.3 284.9 202.7 180.3 134.2 295.3 141.4 198.4
1135.0 160.4 273.5 211.2 148.6 232.8 166.4 169.9 130.3 221.0 175.7 60.4 226.8 321.9 178.0 225.1 200.2 131.9 213.9 285.6 201.8 34.2 131.8 212.8 292.2 110.8 345.2 255.8 328.5 286.4 130.7 200.5 163.4 304.6 87.8 213.9 116.6 273.7 103.3 335.0 314.7 196.0 234.1 358.0 375.0 186.2 194.2 316.1 232.1 362.0 318.8 165.6 194.2 261.3 33.8 208.0 247.6 150.0 300.3 155.9 169.8 123.9 361.5 105.3 0.0 59.0 153.4 175.9 234.9 177.8 132.5 240.1 135.2 276.9 180.5 153.9 209.9 129.1 252.4 274.4 309.0 250.4 371.3 288.7 195.3 233.8 193.0 140.6 147.5 201.2 165.5 185.6 318.6 163.1 155.1 213.4 78.5 229.2 165.2 181.7 259.3 293.7 208.6 189.1 140.1 242.3 145.5 202.5
1129.2 170.5 214.4 152.1 89.5 155.2 107.3 118.6 129.4 92.6 169.9 56.9 168.4 220.0 165.3 167.4 141.1 156.6 210.3 106.9 198.2 28.4 130.1 128.4 136.8 123.0 286.1 196.7 269.4 227.3 133.1 130.4 175.6 250.8 100.0 175.5 114.9 147.5 115.5 275.9 255.6 106.2 135.5 255.7 341.9 148.5 135.1 257.0 173.0 310.6 259.7 152.4 146.6 160.1 28.0 148.9 193.3 131.6 144.9 96.8 201.2 118.1 259.2 117.5 127.8 0.0 99.5 170.1 106.5 153.1 144.7 162.5 76.1 187.8 176.9 135.5 66.6 70.0 250.4 215.3 249.9 191.3 379.0 227.2 70.4 161.5 237.4 152.8 183.4 213.4 106.4 235.6 259.5 159.5 116.3 159.1 72.7 227.2 126.4 106.8 200.2 201.0 122.3 134.8 189.7 183.2 139.7 118.1
1202.7 177.2 233.9 171.0 9.9 158.9 12.9 125.3 199.2 124.8 150.7 156.4 192.4 244.7 255.0 131.2 160.6 163.3 314.0 48.8 296.7 130.2 239.9 140.6 42.4 184.4 310.8 216.2 290.8 252.0 225.6 137.1 281.5 298.3 227.9 140.0 224.7 154.2 238.2 323.4 308.3 122.1 142.2 276.9 315.4 195.7 154.0 304.5 197.7 340.2 307.2 159.1 297.1 192.1 129.8 173.6 194.8 256.0 50.5 98.3 202.7 192.8 275.2 208.2 140.0 96.5 0.0 168.9 72.5 164.2 205.1 200.5 18.1 203.0 280.6 250.6 73.6 81.5 257.1 234.8 297.4 216.0 311.7 263.6 100.6 163.0 244.1 258.7 184.9 314.1 116.4 242.3 284.2 263.2 246.9 165.8 174.5 228.7 257.0 113.5 228.6 214.6 129.0 136.3 196.4 202.7 219.6 130.3
1263.5 238.0 337.4 240.1 87.0 243.2 125.4 186.1 222.9 46.0 162.5 219.5 256.4 314.2 327.5 137.8 229.1 224.1 374.8 109.6 362.7 191.8 300.7 199.6 159.2 245.2 394.8 319.7 354.9 354.0 281.8 197.9 342.3 331.0 268.9 192.8 285.5 215.0 284.4 361.4 341.1 173.7 203.0 355.7 376.2 215.1 219.0 342.5 258.5 388.4 345.2 219.9 363.1 250.3 190.6 251.0 247.6 304.4 167.3 164.3 268.7 173.0 359.2 274.2 176.8 162.5 133.2 0.0 58.9 220.6 265.9 293.1 84.1 276.5 341.4 308.3 139.6 142.3 317.9 300.8 361.5 314.3 372.5 338.3 145.5 229.0 304.9 319.5 250.9 380.1 165.6 303.1 345.0 324.0 289.1 226.6 218.5 294.7 299.2 174.3 323.2 293.3 189.8 202.3 258.3 271.0 238.1 189.3
1216.0 190.5 289.9 192.6 39.5 195.7 93.4 138.6 198.3 93.0 172.1 172.0 208.9 266.7 280.0 147.4 181.6 176.6 327.3 42.7 315.2 144.3 253.2 134.5 58.6 197.7 347.3 272.2 307.4 306.5 234.3 150.4 294.8 283.5 221.8 145.3 238.0 167.5 237.3 313.9 293.6 126.2 155.5 308.2 328.7 167.6 171.5 295.0 211.0 340.9 297.7 172.4 315.6 202.8 143.1 203.5 200.1 256.1 66.7 116.8 221.2 182.6 311.7 226.7 129.7 115.0 49.5 190.3 0.0 173.1 218.4 235.6 36.6 229.0 293.9 260.0 72.7 112.8 270.4 253.3 314.0 266.8 325.0 290.8 78.6 181.5 257.4 272.0 203.4 332.6 118.1 255.6 297.5 276.5 240.8 179.1 170.2 247.2 250.9 126.8 275.7 245.8 142.3 154.8 210.8 223.5 213.5 124.2
1119.0 17.3 291.0 186.7 156.8 124.0 179.0 61.1 256.3 183.6 281.1 186.9 224.7 204.0 133.2 256.4 193.7 61.0 154.1 246.2 137.6 160.7 174.0 217.4 273.4 82.1 277.3 273.3 309.2 240.9 66.5 22.7 121.6 357.8 224.0 100.7 158.8 75.4 239.5 306.5 362.6 87.2 63.4 180.1 236.6 207.2 169.7 226.3 267.6 336.8 366.7 38.8 192.0 157.2 160.3 188.4 116.4 104.8 281.5 123.6 129.1 249.4 188.0 147.8 216.8 132.2 161.6 299.3 195.5 0.0 40.8 236.7 147.8 168.1 120.7 105.0 151.2 177.0 178.3 309.9 248.4 267.9 232.9 230.1 159.4 102.6 146.8 98.8 25.8 155.0 196.0 143.8 320.4 103.3 179.3 86.6 204.0 155.1 185.0 72.9 280.5 175.8 35.1 57.9 36.5 218.3 271.0 207.1
1073.7 27.9 336.3 232.0 202.1 159.6 219.9 96.7 210.5 217.2 255.9 194.1 310.3 248.7 76.1 292.0 283.7 96.6 108.8 281.8 96.7 167.8 128.7 253.0 313.4 117.7 322.0 318.6 353.9 281.2 25.6 67.9 76.3 393.4 183.1 140.7 113.5 120.7 198.6 351.2 398.2 122.8 108.7 225.4 281.9 252.5 210.9 271.6 312.9 368.9 402.3 74.4 151.1 192.8 168.2 233.7 156.4 68.4 321.5 164.5 82.7 204.1 228.9 187.8 252.4 196.3 212.1 256.1 231.1 40.8 0.0 292.0 188.7 203.7 75.4 64.1 191.2 212.6 165.3 355.2 288.7 313.2 278.2 265.5 176.6 142.6 105.9 53.5 15.0 114.1 220.0 98.5 402.1 58.0 134.0 122.2 158.7 142.1 144.1 108.5 322.1 220.5 76.0 97.9 8.7 263.6 225.7 242.7
1218.4 301.8 72.7 332.7 302.8 162.8 320.6 229.0 398.1 393.0 492.5 340.5 194.8 96.3 324.7 449.3 157.5 257.0 434.0 320.2 393.4 312.0 353.6 428.8 321.6 288.1 162.4 36.5 166.9 103.6 317.1 261.7 387.0 140.6 416.0 201.6 356.9 269.2 431.5 171.0 132.2 192.5 231.1 132.0 239.4 161.5 279.4 133.6 49.3 171.9 136.3 262.8 416.0 147.5 330.1 130.1 303.7 352.6 358.2 265.2 289.5 420.2 135.5 317.1 428.2 302.0 289.1 482.2 362.8 288.8 329.7 0.0 289.4 138.2 400.1 352.8 338.5 301.3 320.2 63.1 129.1 49.6 258.0 75.0 354.9 271.9 360.8 354.2 296.2 424.8 218.5 323.9 128.5 354.7 395.4 298.0 356.3 287.0 387.0 235.7 33.7 94.3 225.1 273.7 321.0 142.0 423.3 418.5
1179.3 153.8 215.7 184.4 13.3 135.5 31.1 101.9 185.9 99.4 198.9 133.0 200.7 265.8 231.6 174.2 173.4 139.9 290.6 25.4 278.5 106.8 216.5 117.2 60.6 161.0 287.4 198.0 272.0 228.6 207.4 113.7 258.1 252.1 204.5 116.6 201.3 130.8 220.0 277.2 256.9 89.5 118.8 253.5 292.0 172.3 167.4 258.3 174.3 304.2 261.0 135.7 278.9 192.4 106.4 150.2 176.6 232.6 68.7 80.1 184.5 174.6 257.0 190.0 116.6 78.3 18.1 217.1 49.1 136.4 181.7 192.3 0.0 220.8 257.2 232.4 55.4 58.1 233.7 216.6 251.2 192.6 288.3 240.2 58.8 144.8 220.7 235.3 166.7 295.9 81.4 218.9 260.8 239.8 223.5 142.4 151.1 210.5 233.6 90.1 201.5 237.6 105.6 118.1 173.0 184.5 196.2 106.9
1202.2 170.3 149.9 214.7 184.8 43.0 202.6 109.2 357.9 286.8 385.3 267.3 147.8 37.6 239.0 360.6 121.2 147.2 307.1 202.2 295.0 239.6 276.1 321.6 232.1 168.3 118.2 132.2 151.4 77.4 223.9 130.2 267.2 217.8 330.5 72.0 260.9 159.9 346.0 147.4 227.9 96.8 140.3 97.5 204.1 125.2 193.6 128.5 126.5 165.1 232.0 143.0 315.3 22.6 238.4 47.3 211.8 235.8 240.2 147.2 180.2 351.5 101.0 256.4 316.8 210.3 194.8 403.5 244.8 152.9 198.2 105.6 171.4 0.0 273.7 239.7 259.8 183.3 229.4 168.8 84.9 126.8 241.2 61.7 247.7 211.2 241.6 244.4 183.2 305.0 172.2 214.6 161.3 256.3 281.4 190.8 306.1 206.2 291.5 97.4 135.7 16.7 122.1 166.5 190.6 62.9 373.1 311.3
998.2 106.8 392.1 329.8 267.2 234.6 299.2 171.7 191.1 282.8 236.5 118.6 345.4 316.4 44.2 265.9 318.8 133.7 36.8 346.4 24.7 148.3 116.8 273.6 333.0 112.6 397.0 374.4 447.1 356.2 51.1 146.9 127.8 423.2 165.9 207.7 101.6 238.1 181.4 426.2 433.3 184.1 187.7 304.4 319.6 304.8 308.7 350.6 350.7 347.8 437.4 153.4 75.6 252.5 149.5 312.7 222.2 56.5 341.1 243.5 114.4 192.2 307.9 201.4 250.8 177.6 307.0 236.7 295.7 124.2 78.9 358.7 253.8 278.7 0.0 52.2 270.2 247.7 216.8 393.0 363.7 369.0 315.9 340.5 258.1 221.6 152.4 105.0 93.9 165.6 275.8 81.6 437.2 17.5 116.8 201.2 146.8 193.6 126.9 183.5 377.9 295.5 155.0 176.9 86.5 328.3 206.3 263.3
1039.6 104.6 346.6 284.3 221.7 182.3 274.4 119.4 146.3 237.0 191.7 96.7 299.9 264.1 35.8 241.1 273.3 81.4 74.7 301.6 62.6 102.8 64.5 228.8 308.2 60.3 344.7 328.9 401.6 303.9 48.9 144.7 125.6 377.7 118.9 163.4 49.3 235.9 134.4 373.9 387.8 145.5 183.6 302.2 300.3 280.7 267.3 348.4 305.2 399.3 391.9 115.1 117.0 200.2 104.0 273.8 197.1 0.1 316.3 206.7 95.1 139.9 305.7 154.4 210.2 132.1 226.5 191.9 250.9 122.0 76.7 323.2 208.3 226.4 41.3 0.0 231.9 202.2 214.6 347.5 311.4 323.5 296.6 288.2 232.8 183.3 132.2 102.8 91.7 163.4 224.0 61.4 391.7 23.9 69.8 162.9 94.5 191.4 79.9 131.2 336.1 243.2 152.8 138.6 84.3 303.7 161.5 218.5
1196.2 221.6 334.7 272.4 271.4 294.0 253.6 231.1 130.4 216.2 170.9 121.6 288.7 375.8 211.3 220.3 261.4 193.1 262.0 280.8 249.9 96.2 181.8 61.7 287.4 172.0 406.4 317.0 389.7 347.6 182.1 261.7 224.6 365.8 149.0 275.1 166.6 334.9 164.5 396.2 375.9 257.2 295.3 419.2 436.2 268.8 247.6 377.3 293.3 423.2 380.0 226.8 244.2 309.7 95.0 269.2 308.8 183.3 295.5 217.1 231.0 119.1 422.7 166.5 61.1 120.2 261.4 171.1 195.9 234.6 193.7 282.8 255.3 338.1 228.6 187.2 0.0 190.3 313.6 335.6 370.2 311.6 432.5 347.5 256.5 295.0 254.2 201.8 208.7 262.4 212.1 246.8 379.8 211.2 168.0 274.6 97.4 290.4 178.1 242.9 320.5 354.9 269.8 250.3 202.4 303.5 140.7 51.4
1194.4 158.6 177.8 154.8 57.6 157.9 75.4 106.7 194.6 132.5 232.0 122.1 170.4 228.9 236.4 207.3 143.8 144.7 275.5 105.2 263.4 93.6 195.3 168.3 104.9 165.8 249.5 160.1 232.8 190.7 208.1 118.5 240.8 208.9 165.2 178.2 180.1 135.6 180.7 239.3 219.0 94.3 123.6 219.1 305.3 129.8 137.8 220.4 136.4 266.3 223.1 140.5 211.8 162.8 93.2 112.3 181.4 200.9 113.0 84.9 189.3 183.3 222.6 182.7 167.7 65.1 67.6 235.3 110.9 145.6 186.5 144.4 44.2 191.2 242.1 200.7 106.5 0.0 238.5 178.7 213.3 154.7 342.4 193.0 110.3 149.6 225.5 218.0 171.5 278.6 86.2 223.7 222.9 224.7 181.5 147.2 137.9 215.3 191.6 94.9 163.6 208.0 110.4 122.9 177.8 146.6 204.9 158.0
1087.7 133.8 312.9 180.5 150.6 106.6 168.4 159.6 321.1 280.1 366.5 290.1 214.1 225.9 140.3 354.9 187.5 159.5 237.4 168.0 225.3 277.6 239.3 315.9 197.9 180.6 299.2 295.2 251.1 258.4 187.4 148.8 238.1 329.9 293.7 87.7 224.1 21.2 309.2 328.4 334.7 80.6 27.2 220.0 200.4 173.5 163.5 266.2 289.5 228.6 338.8 137.3 243.4 135.1 278.8 210.3 219.3 179.0 206.0 113.0 92.9 314.7 223.5 250.7 315.3 176.1 160.6 366.7 210.6 121.7 161.7 258.6 137.2 150.7 203.5 174.7 254.1 149.1 0.0 331.8 265.9 289.8 196.7 240.3 257.9 205.5 129.1 215.3 146.7 275.9 96.5 127.3 262.3 186.6 244.6 185.1 269.3 118.9 254.7 81.2 298.7 197.7 64.0 160.8 153.0 240.2 336.3 305.6
1253.6 233.3 141.0 241.0 211.1 116.0 228.9 182.2 334.9 301.3 400.8 265.0 120.9 107.0 285.0 376.1 94.3 220.2 370.1 228.5 358.0 238.8 280.4 337.1 258.4 241.3 187.6 123.3 235.2 146.8 277.1 193.2 330.0 208.9 352.8 136.3 265.2 211.3 368.3 216.8 219.0 169.8 191.7 148.9 273.5 98.3 224.0 195.1 117.6 234.5 223.1 216.0 342.8 98.4 238.4 38.4 240.5 299.9 266.5 173.5 231.6 328.5 152.4 253.9 336.5 210.3 215.9 419.0 271.1 215.9 261.2 68.2 197.7 72.9 336.7 303.8 275.3 209.6 280.8 0.0 154.3 117.9 310.6 128.7 260.7 208.7 293.6 307.2 246.2 367.8 139.0 266.0 225.3 319.3 303.7 206.3 283.1 257.6 313.8 170.4 130.5 86.1 185.1 182.0 252.5 50.3 350.1 326.8
1138.3 251.7 207.7 296.1 266.2 124.4 284.0 190.6 444.2 368.2 466.7 331.7 205.6 46.2 288.5 442.0 179.0 228.6 379.6 283.6 367.5 305.5 357.5 403.0 313.5 249.7 33.2 190.0 65.1 64.7 305.3 211.6 348.6 98.6 411.9 144.7 342.3 214.8 427.4 62.4 103.4 178.2 195.2 67.7 119.1 123.9 275.0 43.5 184.3 80.1 107.5 224.4 385.6 104.0 305.1 105.1 306.4 316.7 321.6 228.6 235.1 432.9 64.2 337.8 402.4 277.0 276.2 484.9 326.2 234.3 279.6 163.4 252.8 81.3 345.7 316.9 341.2 264.7 284.3 136.6 0.0 184.6 156.2 25.5 345.0 292.6 305.7 325.8 264.6 386.4 241.6 269.5 76.3 328.8 362.8 272.2 387.5 261.1 372.9 178.8 193.5 65.9 203.5 247.9 272.0 135.0 454.5 392.7
1196.0 321.8 21.8 233.6 230.0 204.5 247.8 270.7 362.1 305.9 414.8 294.5 227.4 129.4 351.6 390.1 200.8 308.7 437.3 247.4 425.2 266.8 386.9 340.7 277.3 329.8 136.8 4.2 116.0 129.9 365.6 281.7 426.1 89.7 337.6 233.5 371.7 272.5 353.1 120.1 99.8 258.3 252.9 125.4 188.5 204.8 212.5 101.2 75.6 149.5 103.9 304.5 443.3 184.1 265.6 122.5 333.8 378.9 285.4 280.0 292.8 355.7 121.9 360.4 335.9 237.5 240.0 407.7 298.5 304.4 349.7 164.6 216.6 161.4 403.4 374.6 278.9 185.8 342.0 117.9 94.1 0.0 225.6 117.3 266.8 315.2 363.4 403.3 334.7 463.9 251.8 327.2 106.1 386.5 410.2 312.8 310.3 318.8 420.3 258.9 7.7 149.1 273.6 288.5 342.1 142.5 377.3 330.4
1199.2 318.9 210.9 272.1 264.1 176.3 281.9 242.5 396.2 340.0 421.0 328.6 246.8 98.1 336.8 396.3 220.2 280.5 422.5 281.5 410.4 300.9 424.4 374.8 311.4 301.6 40.4 193.2 55.6 116.6 372.5 263.5 423.2 82.5 371.7 205.3 409.2 257.7 387.2 95.8 92.6 230.1 238.1 145.0 93.9 224.2 251.0 76.9 169.5 31.8 96.7 276.3 428.5 155.9 299.7 157.0 345.1 364.1 319.5 280.5 278.0 389.8 97.6 379.8 370.0 271.6 274.1 441.8 324.1 311.2 346.8 205.3 250.7 133.2 388.6 359.8 313.0 219.9 327.2 125.8 51.8 187.8 0.0 75.0 300.9 334.6 367.0 400.4 331.8 461.0 271.2 312.4 65.5 371.7 429.7 324.1 344.4 304.0 439.8 230.7 196.7 117.8 255.4 299.8 339.2 161.9 411.4 364.5
1161.5 226.1 184.5 272.9 243.0 101.2 258.4 167.4 416.1 346.0 443.5 308.5 192.4 16.2 283.8 416.4 161.5 205.4 365.3 260.4 353.2 282.3 334.3 379.8 296.0 226.5 56.4 176.1 88.3 41.5 291.4 188.4 325.4 121.8 386.3 130.8 319.1 207.1 401.8 85.6 120.9 140.9 187.5 69.9 142.3 100.7 255.9 66.7 161.1 115.9 130.7 201.2 371.1 67.4 281.9 81.9 280.8 291.6 296.0 214.7 225.0 415.4 73.4 320.3 384.9 259.5 247.8 461.7 303.0 215.5 256.4 130.2 227.2 58.1 331.9 297.9 315.6 241.5 274.2 201.0 25.5 161.4 179.4 0.0 321.8 267.0 296.8 302.6 239.0 360.8 218.4 261.8 99.5 314.5 339.6 249.0 364.3 262.7 355.4 161.3 174.0 40.3 177.9 224.7 247.7 121.1 431.3 369.5
1256.5 224.6 330.4 233.1 118.2 236.2 100.4 179.1 196.4 40.0 137.5 210.2 251.2 314.5 308.8 96.9 224.6 217.1 358.1 102.6 330.1 184.0 277.9 174.6 136.7 238.2 387.8 312.7 349.2 354.6 261.1 190.9 319.5 360.1 243.9 193.8 262.7 208.0 259.4 385.2 364.9 175.9 196.0 348.7 369.2 229.5 216.1 366.3 251.5 394.0 369.0 212.9 324.4 258.6 177.2 244.0 256.3 263.5 144.8 195.9 264.2 132.1 352.2 261.4 140.1 194.1 113.4 155.7 51.9 218.0 272.7 257.6 115.7 269.5 324.7 267.4 132.6 128.9 304.5 293.8 354.5 307.3 365.5 340.6 0.0 224.5 297.9 296.7 237.5 341.4 170.2 296.1 338.0 307.3 264.1 219.6 193.5 290.2 258.3 160.9 319.9 288.8 176.4 233.9 250.2 271.9 213.1 164.3
1112.3 118.2 371.7 309.4 246.8 190.6 299.5 127.7 171.4 262.1 216.8 119.5 325.7 272.4 130.7 266.2 298.4 89.7 169.8 326.7 157.7 128.7 71.6 253.9 333.3 68.6 353.0 354.0 426.7 312.2 78.7 158.3 121.2 402.8 144.0 171.7 56.4 231.5 159.5 382.2 412.9 140.1 191.9 315.8 332.8 300.9 288.3 362.0 330.3 407.6 417.0 123.4 134.0 223.8 129.1 282.1 205.4 91.1 341.4 215.0 127.6 165.0 319.3 45.1 235.3 157.2 256.8 217.0 276.0 131.2 90.3 311.9 233.4 234.7 136.4 95.0 240.2 227.3 210.2 372.6 319.7 348.6 329.1 294.1 225.6 0.0 150.8 98.4 105.3 159.0 263.7 143.4 416.8 119.0 94.9 171.2 119.6 187.0 105.0 139.5 357.5 251.5 166.4 146.9 97.9 312.0 186.6 243.6
1034.2 128.1 380.4 282.3 252.4 216.8 270.2 153.9 272.7 274.4 318.1 248.7 315.9 293.4 97.9 349.2 289.3 153.8 189.0 339.0 176.9 229.2 190.9 310.2 370.6 174.9 288.9 362.7 304.1 325.9 153.0 143.1 219.9 336.3 245.3 197.9 175.7 157.7 260.8 395.9 341.1 180.0 163.7 287.5 252.1 296.6 257.5 333.7 357.0 280.3 345.2 131.6 205.7 232.5 230.4 277.8 213.6 130.6 378.7 214.8 46.9 266.3 291.0 245.0 309.6 258.5 257.2 318.3 288.3 120.4 156.0 326.1 239.0 260.9 155.6 126.3 248.4 269.8 136.4 399.3 333.4 357.3 248.4 315.9 233.8 199.8 0.0 197.1 141.0 257.7 288.8 82.7 314.0 138.2 196.2 179.4 220.9 113.2 206.3 165.7 369.9 265.2 151.2 155.1 147.3 307.7 287.9 299.9
1074.7 149.4 423.5 361.2 298.6 259.2 351.3 196.3 223.2 314.9 268.6 173.6 376.8 341.0 53.8 318.0 350.2 158.3 139.5 378.5 127.4 179.7 141.4 305.7 385.1 137.2 421.6 405.8 378.0 380.8 93.7 189.5 170.4 454.6 195.8 232.3 126.2 280.7 211.3 450.8 464.7 208.7 230.3 347.0 326.0 336.2 340.1 393.2 382.1 354.2 468.8 192.0 181.8 277.1 180.9 350.7 260.8 81.1 393.2 283.6 120.8 216.8 350.5 231.3 282.9 209.0 308.6 268.8 327.8 166.8 121.5 390.1 285.2 303.3 106.1 76.8 308.8 279.1 259.4 424.4 388.3 400.4 322.3 365.1 296.7 260.2 157.9 0.0 136.5 208.2 307.2 87.1 468.6 88.7 146.7 239.8 171.4 236.2 156.8 208.1 409.3 320.1 197.6 215.5 129.1 366.3 238.4 295.4
1088.7 12.8 321.3 217.0 187.1 144.6 204.9 81.7 225.5 202.2 270.9 209.1 296.0 233.7 96.8 277.0 267.3 81.6 123.8 266.8 111.7 182.8 143.7 238.0 298.4 102.7 307.0 303.6 338.9 266.2 40.6 52.9 91.3 378.4 198.1 125.7 128.5 105.7 213.6 336.2 383.2 107.8 93.7 210.4 266.9 237.5 192.2 256.6 297.9 353.9 387.3 59.4 166.1 160.3 183.2 218.7 141.4 83.4 306.5 149.5 97.7 219.1 213.9 172.8 237.4 152.8 197.1 271.1 216.1 25.8 15.0 267.0 173.7 188.7 90.4 79.1 176.2 197.6 180.3 340.2 273.7 298.2 263.2 256.2 161.6 127.6 120.9 68.5 0.0 129.1 198.7 113.5 387.1 73.0 149.0 107.2 173.7 157.1 159.1 93.5 307.1 205.5 61.0 82.9 6.3 248.6 240.7 227.7
1138.9 60.8 343.6 231.7 201.8 149.5 219.6 86.6 297.2 208.1 306.6 212.4 300.9 238.6 164.9 281.9 273.6 86.5 197.6 271.7 185.5 186.2 204.2 242.9 303.3 107.6 311.9 325.9 345.1 271.1 104.6 75.8 165.1 378.0 269.8 130.6 189.0 72.4 285.3 341.1 388.1 112.7 78.4 233.3 251.6 259.8 210.6 279.5 305.5 272.1 392.2 64.3 239.9 178.0 185.8 241.0 146.3 152.7 311.4 164.2 144.1 290.8 236.8 177.7 242.3 157.7 211.8 324.8 221.0 48.7 88.7 289.3 188.4 193.6 164.2 152.9 181.1 202.5 51.1 347.8 278.6 320.5 247.9 264.7 184.9 132.5 180.3 142.3 73.7 0.0 209.9 178.5 392.0 146.8 220.7 112.1 245.4 27.9 230.8 98.4 329.4 210.4 83.9 87.8 80.0 270.9 312.4 232.6
1175.7 170.0 284.1 233.4 170.8 236.5 224.6 179.2 226.5 157.9 255.4 161.2 256.0 301.3 182.5 230.7 222.4 153.1 233.2 220.5 227.4 135.0 135.0 191.7 240.5 132.0 367.4 266.4 352.0 297.0 130.5 191.0 184.6 332.1 207.4 226.8 119.8 208.1 229.2 357.2 328.6 217.2 196.1 337.0 369.3 229.8 216.4 338.3 254.3 396.8 341.0 186.8 197.4 258.9 123.0 230.2 83.5 160.8 248.6 153.5 179.4 216.8 328.9 96.9 197.4 112.8 175.6 273.6 169.8 194.6 160.0 262.3 201.3 269.1 199.8 146.8 129.9 151.3 262.0 288.3 337.5 272.6 365.6 320.2 133.7 69.6 202.6 161.8 160.4 210.8 0.0 206.8 340.8 182.4 158.3 60.9 183.0 256.7 160.1 167.4 285.2 288.6 171.3 25.0 162.4 256.2 250.0 181.4
987.5 124.2 338.8 270.2 240.3 196.3 258.1 150.0 231.5 271.5 276.9 159.0 304.5 244.5 42.2 306.3 277.2 190.1 113.0 257.7 100.9 188.7 129.8 314.0 373.4 169.0 273.5 321.1 288.7 284.3 91.9 139.2 158.8 315.6 206.3 169.4 114.6 128.9 221.8 354.3 325.7 162.4 109.3 245.8 236.7 263.2 249.1 292.0 315.4 264.9 329.8 127.7 116.0 214.2 189.9 236.2 196.5 65.0 381.5 202.7 31.5 243.1 249.3 241.8 291.2 218.0 250.3 277.1 284.4 116.5 109.9 294.5 226.9 230.4 76.1 65.2 244.5 238.8 132.5 357.7 291.8 315.7 233.0 268.6 232.4 195.9 72.7 136.0 124.9 196.6 192.5 0.0 298.6 93.7 157.2 175.5 199.9 109.3 167.3 161.8 324.6 223.6 147.3 151.2 117.5 251.8 246.7 303.7
1183.3 327.8 243.4 343.4 258.6 210.0 276.4 276.2 390.7 334.5 415.5 323.1 224.0 131.8 345.7 390.8 196.7 314.2 431.4 276.0 419.3 295.4 382.8 369.3 305.9 335.3 51.1 225.7 9.9 132.3 371.6 290.4 432.1 59.0 455.2 239.0 367.6 266.6 470.7 107.4 69.1 263.8 247.0 112.7 102.8 200.7 322.3 88.5 220.0 63.8 73.2 310.0 437.4 189.6 294.2 140.8 329.7 368.5 314.0 275.9 286.9 384.3 109.2 356.3 364.5 266.1 268.6 436.3 318.6 313.1 355.7 199.1 245.2 166.9 397.5 368.7 307.5 214.4 336.1 102.3 90.3 220.3 139.9 113.5 295.4 311.1 375.9 409.3 340.7 469.9 247.7 321.3 0.0 380.6 406.1 308.7 338.9 312.9 416.2 264.4 229.2 151.5 282.3 284.4 348.1 138.4 405.9 359.0
1015.6 89.2 381.3 319.0 256.4 217.0 309.1 154.1 181.0 272.7 226.4 136.0 334.6 298.8 26.6 275.8 308.0 116.1 50.7 336.3 38.6 137.5 99.2 263.5 342.9 95.0 379.4 363.6 436.3 338.6 43.3 129.3 110.2 412.4 153.6 190.1 84.0 220.5 169.1 408.6 422.5 166.5 170.1 286.8 302.9 294.0 297.9 333.0 339.9 331.1 426.6 135.8 93.0 234.9 138.7 295.1 204.6 34.4 351.0 225.9 97.7 174.6 290.3 189.1 240.7 166.8 266.4 226.6 285.6 106.6 61.3 353.4 243.0 261.1 17.3 34.6 252.6 236.9 199.2 382.2 346.1 358.2 299.2 322.9 240.5 204.0 134.8 87.4 76.3 148.0 265.0 64.0 426.4 0.0 104.5 183.6 129.2 176.0 114.6 165.9 367.1 277.9 137.4 159.3 68.9 310.7 196.2 253.2
1151.7 139.6 336.9 274.6 212.0 212.0 259.5 149.1 210.8 198.1 256.2 161.2 290.9 293.8 157.2 271.9 263.6 111.1 193.1 261.7 181.0 167.3 111.0 232.9 293.3 90.0 374.4 319.2 391.9 333.6 100.1 179.7 142.6 368.0 49.0 185.1 95.8 252.9 64.5 398.4 378.1 161.5 213.3 337.2 354.2 249.6 253.5 379.5 295.5 421.3 382.2 144.8 173.4 229.9 168.5 271.4 213.6 129.2 301.4 219.3 149.0 204.4 340.7 84.5 228.1 147.7 222.0 256.4 211.0 157.0 111.7 303.5 236.2 256.1 159.7 133.1 171.1 192.5 231.6 337.8 341.1 313.8 350.5 317.9 159.0 213.0 172.2 119.8 126.7 180.4 220.6 164.8 382.0 142.3 0.0 192.6 159.0 208.4 10.0 160.9 322.7 272.9 187.8 168.3 119.3 291.4 226.0 222.6
1195.6 170.1 276.2 171.6 141.7 151.8 159.5 118.2 332.6 254.7 353.2 261.3 205.2 233.6 259.6 328.5 178.6 156.2 306.9 159.1 294.8 233.6 232.8 289.5 189.0 177.3 314.2 258.5 339.6 273.4 213.9 130.0 274.4 315.7 305.2 124.9 217.6 147.1 320.7 343.4 325.8 105.8 135.1 269.8 308.3 164.6 150.5 316.0 243.2 361.1 329.9 152.0 295.2 169.7 232.4 207.8 21.0 248.9 197.1 104.1 200.8 326.2 273.3 206.3 284.7 204.3 151.7 371.4 201.7 152.7 198.0 231.9 128.3 195.9 273.5 248.7 227.7 140.2 250.0 285.5 280.9 253.1 304.6 257.7 215.6 161.1 237.0 251.6 183.0 312.2 97.7 235.2 329.7 256.1 256.1 0.0 280.8 226.8 266.2 106.4 262.0 212.7 121.9 134.4 190.4 227.8 347.8 279.2
1101.4 194.4 299.0 236.7 197.6 263.9 179.8 201.0 51.7 143.4 97.1 29.1 252.3 345.7 113.8 146.5 225.7 163.0 164.5 207.0 152.4 55.2 84.3 134.2 213.6 141.9 370.7 281.3 354.0 311.9 138.7 234.5 212.5 330.1 119.6 237.0 69.1 232.1 135.1 360.5 340.2 213.4 220.1 340.3 390.1 211.7 215.6 341.6 257.6 387.5 344.3 196.7 146.7 281.8 56.4 233.5 265.5 89.9 221.7 181.4 184.9 45.3 343.8 155.1 111.4 84.5 187.6 97.3 156.3 211.8 166.5 265.6 181.5 308.0 131.1 89.7 237.0 154.6 301.5 299.9 334.5 275.9 386.4 314.2 139.1 264.9 222.0 189.7 181.5 250.3 182.7 151.2 344.1 113.7 70.5 244.5 0.0 278.3 80.6 212.8 284.8 324.8 242.6 220.2 174.1 253.5 66.9 123.9
1110.9 157.0 336.1 203.7 173.8 129.8 191.6 182.8 344.3 303.3 389.7 309.6 237.3 241.8 163.5 378.1 210.7 182.7 260.6 191.2 248.5 300.8 262.5 339.1 221.1 203.8 322.4 318.4 274.3 281.6 200.8 172.0 261.3 353.1 316.9 110.9 247.3 44.4 332.4 351.6 357.9 103.8 50.4 243.2 223.6 196.7 178.9 289.4 312.7 239.2 362.0 160.5 266.6 163.0 302.0 233.5 242.5 197.7 229.2 136.2 116.1 337.9 246.7 273.9 338.5 199.3 178.6 389.9 233.8 144.9 184.9 291.8 160.4 173.9 226.7 197.9 277.3 172.3 23.2 355.0 289.1 313.0 219.9 265.9 262.7 228.7 152.3 238.5 169.9 299.1 134.3 150.5 285.5 209.8 267.8 208.3 292.5 0.0 277.9 104.4 321.9 220.9 87.2 184.0 176.2 250.8 359.5 328.8
1141.6 129.5 326.8 264.5 201.9 201.9 249.4 139.0 200.7 187.0 246.1 148.8 280.8 291.0 147.1 261.8 253.5 101.0 183.0 251.6 170.9 157.2 100.9 222.8 283.2 79.9 364.3 309.1 381.8 323.5 90.0 169.6 132.5 363.2 38.9 183.0 85.7 242.8 54.4 388.3 368.0 165.1 203.2 327.1 344.1 260.9 247.5 369.4 285.4 418.9 372.1 134.7 163.3 217.6 158.4 261.3 216.7 123.2 291.3 209.2 138.9 194.3 330.6 74.4 222.2 137.6 211.9 246.3 200.9 146.9 101.6 293.4 226.1 246.0 149.6 123.0 161.0 182.4 221.5 327.7 331.0 303.7 340.4 305.4 146.4 202.9 162.1 109.7 116.6 170.3 210.5 154.7 371.9 132.2 124.2 182.5 148.9 198.3 0.0 150.8 312.6 262.8 177.7 158.2 109.2 295.6 215.9 212.5
1112.8 87.3 245.1 142.9 113.0 51.0 130.8 11.8 265.3 188.3 287.8 193.6 176.5 140.1 165.1 263.1 149.9 49.7 217.0 130.4 204.9 168.2 178.6 224.1 160.3 70.8 213.4 227.4 245.3 172.6 137.0 47.2 169.7 313.0 233.0 32.1 163.4 64.3 248.5 242.6 323.1 0.6 52.3 192.3 225.5 161.3 121.8 223.7 221.7 272.9 327.2 45.5 217.8 84.2 167.0 142.5 127.5 138.3 168.4 75.4 118.0 254.0 195.8 158.9 223.5 138.9 123.0 306.0 202.2 74.3 115.2 200.8 99.6 95.1 183.6 142.2 162.3 111.5 167.2 264.0 180.1 222.0 221.8 162.6 147.7 113.7 154.2 146.9 100.2 207.5 65.2 152.4 256.5 166.2 183.9 93.3 208.6 144.0 194.0 0.0 234.6 111.9 39.1 69.0 106.5 172.4 275.6 213.8
1188.3 315.3 10.4 366.4 336.5 210.9 354.3 277.1 388.2 336.7 416.7 322.0 242.6 125.9 332.2 392.0 216.0 315.1 429.6 353.9 417.5 295.8 405.8 370.5 380.1 336.2 129.1 248.7 109.6 147.5 359.1 278.9 423.3 87.3 474.5 231.2 390.6 264.8 490.0 112.4 88.4 250.6 245.2 117.7 180.8 210.4 341.6 93.5 243.0 154.4 96.2 310.9 435.6 177.1 291.7 163.8 362.2 363.0 388.2 298.9 281.4 385.5 114.2 375.6 369.9 267.3 341.3 437.5 396.5 306.0 346.9 193.6 323.1 167.8 395.7 363.2 308.7 211.9 330.6 121.6 82.7 243.3 217.9 100.3 312.5 330.4 352.0 400.5 328.2 457.4 282.3 319.5 98.4 378.8 429.1 331.7 340.1 307.4 435.5 265.3 0.0 148.7 267.1 307.4 338.2 172.0 407.1 360.2
1206.5 185.7 141.7 230.1 200.2 58.4 218.0 124.6 373.3 301.2 400.7 265.7 139.6 20.9 239.4 376.0 113.0 162.6 322.5 217.6 310.4 240.3 291.5 337.0 247.5 183.7 101.4 124.0 134.6 60.6 229.5 145.6 282.6 209.6 345.9 78.7 276.3 171.7 361.4 130.6 219.7 98.1 152.1 89.0 187.3 117.0 205.3 111.7 118.3 160.9 223.8 158.4 330.7 38.0 239.1 39.1 240.4 251.2 255.6 162.6 192.0 366.9 92.5 271.8 336.4 211.0 205.0 418.9 260.2 168.3 213.6 68.9 186.8 15.3 289.1 255.1 275.2 198.7 241.2 160.6 68.1 118.6 224.4 42.5 260.6 226.6 254.0 259.8 198.6 320.4 164.0 226.4 144.5 271.7 296.8 206.2 321.5 218.0 306.9 112.8 131.2 0.0 137.5 181.9 204.9 69.0 388.5 326.7
1093.1 48.1 260.2 155.9 126.0 82.0 143.8 91.9 291.5 212.4 311.9 217.7 189.5 165.9 145.7 287.2 162.9 91.8 184.9 143.4 172.8 192.3 204.8 248.2 173.3 112.9 246.5 242.5 278.4 205.7 91.9 8.0 152.4 328.1 259.2 63.1 189.6 44.6 274.7 275.7 338.2 104.3 32.6 149.3 205.8 176.4 138.9 195.5 236.8 306.0 342.3 69.6 227.2 115.2 191.1 157.6 151.6 144.5 181.4 88.4 98.3 280.2 152.8 183.0 247.6 163.0 136.0 330.1 186.0 35.1 76.0 205.9 112.6 151.8 151.5 140.2 186.4 124.5 147.5 279.1 213.2 237.1 202.1 199.3 171.8 137.8 134.5 129.6 61.0 190.2 89.8 132.7 289.6 134.1 210.1 117.4 234.8 124.3 220.2 103.7 249.7 145.0 0.0 93.1 67.3 187.5 301.8 237.9
1179.7 154.2 257.9 195.6 133.0 169.4 180.5 102.3 217.7 120.1 217.6 123.4 181.9 240.4 232.3 192.9 155.3 140.3 291.0 182.7 278.9 97.2 216.9 153.9 214.3 161.4 321.0 240.2 312.9 270.8 198.0 114.1 258.5 289.0 241.2 117.0 201.7 131.2 256.7 319.4 299.1 89.9 119.2 281.9 292.4 162.7 178.6 300.5 216.5 346.4 303.2 136.1 279.3 176.5 96.8 180.2 57.3 233.0 222.4 98.4 184.9 211.3 285.4 190.4 153.3 68.7 137.8 235.8 132.0 136.8 182.1 224.5 157.2 202.7 257.6 232.8 92.1 113.5 234.1 258.8 287.7 234.8 288.7 264.5 80.0 145.2 221.1 235.7 167.1 296.3 81.8 219.3 303.0 240.2 240.2 23.1 141.5 210.9 250.3 90.5 243.7 219.5 106.0 0.0 173.4 214.5 232.9 143.6
1081.3 19.1 328.7 224.4 194.5 152.0 211.2 89.1 224.1 211.6 263.5 205.4 302.3 241.1 95.5 283.3 275.0 89.0 116.4 274.2 104.3 175.4 136.3 245.4 304.7 110.1 314.4 309.9 346.3 272.5 33.2 60.3 83.9 385.8 190.7 132.0 121.1 113.1 206.2 343.6 389.5 115.2 101.1 217.8 274.3 244.9 207.4 264.0 305.3 373.9 394.7 66.8 158.7 185.2 176.9 226.1 147.7 72.6 312.8 155.8 90.3 211.7 220.2 179.1 243.7 203.9 199.3 263.7 223.5 33.2 8.7 273.3 180.0 196.1 83.0 72.8 182.5 203.9 172.9 346.5 280.0 305.6 270.6 267.2 187.4 133.9 113.5 61.1 6.3 121.7 224.0 106.1 394.5 65.6 141.6 114.6 166.3 149.7 152.8 99.8 318.2 211.8 67.3 89.2 0.0 256.0 233.3 235.1
1222.9 185.3 259.3 190.6 160.7 76.0 178.5 142.2 329.8 250.9 350.4 240.9 70.5 137.8 259.7 325.7 43.9 180.2 322.1 178.1 310.0 214.7 230.0 286.7 208.0 201.3 227.6 241.6 259.5 186.8 229.1 145.2 279.6 327.2 302.4 96.3 214.8 180.6 317.9 256.8 337.3 129.8 161.0 188.5 254.2 69.3 165.8 234.7 235.9 287.1 341.4 176.0 292.4 80.9 214.3 156.7 190.1 249.5 216.1 123.1 200.9 323.4 192.0 203.5 286.1 186.2 165.5 368.6 220.7 167.9 213.2 186.5 147.3 109.3 288.7 253.4 224.9 159.2 250.1 278.2 194.3 236.2 250.5 168.7 210.3 158.3 256.6 256.8 198.2 317.4 88.6 235.3 270.7 271.3 253.3 155.9 278.0 239.5 263.4 130.4 245.1 126.1 137.1 131.6 204.5 0.0 345.0 276.4
1183.7 209.1 322.2 270.5 117.4 273.6 155.8 216.5 131.0 76.4 30.1 111.4 286.8 344.6 216.8 168.2 259.5 180.6 262.6 140.0 250.5 83.7 180.5 67.2 189.6 159.5 425.2 304.5 377.2 335.1 169.6 228.3 212.1 353.3 136.5 254.6 165.3 245.4 152.0 383.7 363.4 204.1 233.4 386.1 406.6 245.5 249.4 364.8 280.8 410.7 367.5 214.3 242.9 280.7 82.5 281.4 278.0 192.9 197.7 194.7 218.5 124.6 389.6 154.0 44.4 107.7 163.6 30.3 89.3 226.5 181.2 323.5 114.5 306.9 229.2 192.7 170.0 172.7 301.1 323.1 391.9 299.1 402.9 368.7 175.9 259.4 241.7 189.3 196.2 249.9 196.0 234.3 367.3 211.8 173.5 257.0 102.9 277.9 183.6 204.7 308.0 323.7 220.2 232.7 188.8 301.4 0.0 56.9
1146.3 240.4 345.0 282.7 219.9 309.9 202.1 247.0 74.0 165.7 119.4 75.1 298.3 391.7 159.8 168.8 271.7 209.0 210.5 229.3 198.4 101.2 130.3 10.2 235.9 187.9 416.7 327.3 400.0 357.9 184.7 280.5 258.5 376.1 165.6 283.0 115.1 278.1 181.1 406.5 386.2 259.4 266.1 386.3 436.1 257.7 261.6 387.6 303.6 433.5 390.3 242.7 192.7 327.8 102.4 279.5 311.5 131.8 244.0 227.4 230.9 67.6 389.8 201.1 133.7 130.5 209.9 119.6 178.6 257.8 212.5 321.6 203.8 354.0 177.1 135.7 259.3 200.6 347.5 345.9 380.5 321.9 432.4 360.2 265.2 310.9 268.0 235.7 227.5 296.3 228.7 197.2 390.1 159.7 116.5 290.5 45.9 324.3 126.6 258.8 330.8 370.8 288.6 266.2 220.1 299.5 89.2 0.0
