Name		0945_BED-Amazon_n115_m243_bt39
Number_of_Customers	115
Number_of_Items		243
Number_of_ItemTypes	39
Number_of_Vehicles	1
TimeWindows		0
Dist_type	manual

VEHICLE
Mass_Capacity	2071
CargoSpace_Length	174
CargoSpace_Width	61
CargoSpace_Height	84

CUSTOMERS
i	x	y	Demand	ReadyTime	DueDate	ServiceTime	DemandedMass	DemandedVolume
0	34.007369	-118.143927	0	0	0	0	0	0
1	34.116035	-118.283833	3	0	0	0	18.75	29068
2	34.115542	-118.273566	1	0	0	0	3.82	8580
3	34.11508	-118.275845	1	0	0	0	4.7	1380
4	34.112951	-118.291476	1	0	0	0	3.82	8580
5	34.110798	-118.278339	2	0	0	0	6.42	18000
6	34.112735	-118.285369	1	0	0	0	0.7	2640
7	34.112776	-118.29336	2	0	0	0	5.4	4020
8	34.110882	-118.279436	1	0	0	0	4.7	1380
9	34.114907	-118.274899	1	0	0	0	0.7	2640
10	34.113953	-118.297672	1	0	0	0	3.01	5544
11	34.112821	-118.288935	1	0	0	0	4.7	1380
12	34.117792	-118.286058	3	0	0	0	13.65	11346
13	34.115158	-118.280803	3	0	0	0	13.36	37452
14	34.116151	-118.273469	1	0	0	0	4.8	6200
15	34.118325	-118.283374	1	0	0	0	1.75	4608
16	34.114119	-118.287266	1	0	0	0	0.7	2640
17	34.116308	-118.274796	2	0	0	0	5.4	4020
18	34.111741	-118.278387	1	0	0	0	3.82	8580
19	34.117927	-118.278704	2	0	0	0	6.6	7876
20	34.115689	-118.295941	2	0	0	0	2.6	3816
21	34.11327	-118.277142	2	0	0	0	6.5	3900
22	34.11813	-118.281611	2	0	0	0	10.48	41640
23	34.108112	-118.29507	1	0	0	0	4.7	1380
24	34.117157	-118.281446	1	0	0	0	4.8	6200
25	34.115522	-118.275966	1	0	0	0	4.7	1380
26	34.110816	-118.278191	2	0	0	0	19.5	8160
27	34.115957	-118.296498	2	0	0	0	23.55	3760
28	34.112	-118.276942	2	0	0	0	7.71	6924
29	34.117301	-118.285448	3	0	0	0	19.2	10378
30	34.115824	-118.277206	1	0	0	0	5.25	18480
31	34.111012	-118.292187	1	0	0	0	4.7	1380
32	34.113421	-118.295727	1	0	0	0	4.8	6200
33	34.114713	-118.294126	1	0	0	0	4.7	1380
34	34.109794	-118.272165	3	0	0	0	5.46	12792
35	34.111071	-118.269779	1	0	0	0	1.75	4608
36	34.119196	-118.28089	1	0	0	0	1.4	5280
37	34.116317	-118.280251	1	0	0	0	4.8	6200
38	34.11633	-118.282138	1	0	0	0	1.9	1176
39	34.113207	-118.271255	2	0	0	0	6.6	2556
40	34.119788	-118.275331	1	0	0	0	0.7	2640
41	34.114646	-118.276928	1	0	0	0	4.7	1380
42	34.113499	-118.273163	1	0	0	0	2.75	9072
43	34.111025	-118.275421	1	0	0	0	3.44	17100
44	34.11077	-118.273297	1	0	0	0	7.85	27380
45	34.116181	-118.286484	1	0	0	0	4.7	1380
46	34.116918	-118.278368	2	0	0	0	9.4	13110
47	34.112148	-118.293085	1	0	0	0	2.15	1080
48	34.111051	-118.274547	2	0	0	0	28.7	11420
49	34.118749	-118.27383	1	0	0	0	12.6	25520
50	34.116904	-118.277389	1	0	0	0	4.7	1380
51	34.110861	-118.277823	1	0	0	0	4.94	14720
52	34.111773	-118.277899	1	0	0	0	3.01	5544
53	34.112465	-118.271872	1	0	0	0	1.9	1176
54	34.114168	-118.276386	2	0	0	0	3.7	3696
55	34.11494	-118.277142	1	0	0	0	2.5	3978
56	34.111749	-118.296534	1	0	0	0	4.7	1380
57	34.115426	-118.279424	2	0	0	0	8.0	6280
58	34.115655	-118.297277	3	0	0	0	12.92	31360
59	34.110889	-118.277612	1	0	0	0	1.75	4608
60	34.113115	-118.296319	1	0	0	0	4.7	1380
61	34.112419	-118.294101	1	0	0	0	3.01	5544
62	34.111049	-118.27445	5	0	0	0	25.2	33992
63	34.115454	-118.299872	2	0	0	0	16.25	5220
64	34.11202	-118.274107	1	0	0	0	4.7	1380
65	34.113993	-118.295102	1	0	0	0	0.7	2640
66	34.112534	-118.285319	1	0	0	0	0.7	2640
67	34.114585	-118.274006	1	0	0	0	4.7	1380
68	34.116568	-118.278278	4	0	0	0	9.39	27672
69	34.11325	-118.289335	4	0	0	0	11.55	13408
70	34.110741	-118.278928	1	0	0	0	2.15	1080
71	34.117494	-118.273824	2	0	0	0	7.2	5358
72	34.119639	-118.275151	1	0	0	0	7.3	3640
73	34.112437	-118.274735	1	0	0	0	1.9	1176
74	34.109115	-118.292966	3	0	0	0	13.75	9628
75	34.114555	-118.272725	1	0	0	0	0.7	2640
76	34.112606	-118.272863	1	0	0	0	2.08	6240
77	34.11512	-118.300771	1	0	0	0	2.5	3978
78	34.118671	-118.279098	1	0	0	0	1.8	2520
79	34.114529	-118.29086	3	0	0	0	8.35	7164
80	34.114428	-118.300944	1	0	0	0	0.7	2640
81	34.117924	-118.281311	1	0	0	0	1.9	1176
82	34.148587	-118.282022	1	0	0	0	0.7	2640
83	34.114438	-118.275842	2	0	0	0	5.92	27758
84	34.112919	-118.268193	11	0	0	0	76.55	126774
85	34.110478	-118.296661	1	0	0	0	0.7	2640
86	34.112475	-118.277454	2	0	0	0	8.28	30465
87	34.115675	-118.286785	1	0	0	0	3.01	5544
88	34.119171	-118.300371	2	0	0	0	6.86	8580
89	34.113264	-118.286216	3	0	0	0	12.19	30236
90	34.110863	-118.279382	2	0	0	0	11.55	3840
91	34.110889	-118.279453	1	0	0	0	4.7	1380
92	34.110891	-118.27759	3	0	0	0	10.12	25245
93	34.115919	-118.292853	1	0	0	0	4.7	1380
94	34.115515	-118.289993	1	0	0	0	4.7	1380
95	34.113997	-118.2792	1	0	0	0	4.7	1380
96	34.114608	-118.278994	1	0	0	0	1.75	4608
97	34.112575	-118.270076	3	0	0	0	9.2	6372
98	34.113499	-118.273163	1	0	0	0	4.8	6200
99	34.111388	-118.290171	6	0	0	0	53.85	42858
100	34.116182	-118.28586	1	0	0	0	4.7	1380
101	34.112106	-118.26962	1	0	0	0	7.3	3640
102	34.11309	-118.273925	1	0	0	0	0.7	2640
103	34.11619	-118.27604	2	0	0	0	4.4	5154
104	34.110991	-118.276353	4	0	0	0	13.75	11184
105	34.115693	-118.285799	1	0	0	0	2.94	14904
106	34.118995	-118.28187	1	0	0	0	7.3	3640
107	34.118713	-118.278604	2	0	0	0	8.14	18480
108	34.116032	-118.292329	2	0	0	0	8.91	6780
109	34.11892	-118.277454	5	0	0	0	21.1	48115
110	34.114564	-118.274467	1	0	0	0	4.7	1380
111	34.114223	-118.285621	1	0	0	0	9.4	2760
112	34.11242	-118.296178	3	0	0	0	7.3	5196
113	34.119003	-118.278065	1	0	0	0	2.91	13520
114	34.109068	-118.29507	2	0	0	0	10.1	5400
115	34.111965	-118.295877	1	0	0	0	4.7	1380

ITEMS
Type	Length	Width	Height	Mass	Fragility	LoadBearingStrength
Bt1	10	10	10	14.15	1	0
Bt2	18	12	5	2.15	1	0
Bt3	21	14	4	1.9	1	0
Bt4	23	15	4	4.7	1	0
Bt5	20	18	7	1.8	1	0
Bt6	15	11	16	0.7	1	0
Bt7	20	14	13	7.3	1	0
Bt8	17	13	18	2.5	1	0
Bt9	24	12	16	1.75	1	0
Bt10	40	15	9	4.21	1	0
Bt11	28	22	9	3.01	1	0
Bt12	31	20	10	4.8	1	0
Bt13	30	16	13	2.08	1	0
Bt14	29	16	14	1.9	1	0
Bt15	30	24	10	2.155	1	0
Bt16	40	19	10	3.82	1	0
Bt17	48	20	8	5.11	1	0
Bt18	41	12	16	2.61	1	0
Bt19	22	15	26	3.816	1	0
Bt20	28	18	18	2.75	1	0
Bt21	29	25	13	1.77	1	0
Bt22	40	20	13	2.6	1	0
Bt23	42	18	15	2.57	1	0
Bt24	29	27	15	2.11	1	0
Bt25	39	21	15	3.3	1	0
Bt26	26	20	26	2.91	1	0
Bt27	25	21	26	4.3	1	0
Bt28	32	23	20	4.94	1	0
Bt29	27	23	24	2.94	1	0
Bt30	28	23	24	3.57	1	0
Bt31	54	27	11	8.1	1	0
Bt32	39	27	16	7.63	1	0
Bt33	57	15	20	3.44	1	0
Bt34	33	20	28	5.25	1	0
Bt35	41	20	29	3.42	1	0
Bt36	58	40	11	12.6	1	0
Bt37	39	39	17	6.53	1	0
Bt38	37	37	20	7.85	1	0
Bt39	38	37	20	7.568	1	0

DEMANDS PER CUSTOMER
i	Type Quantity
1	Bt32 1	Bt7 1	Bt19 1	
2	Bt19 1	
3	Bt4 1	
4	Bt19 1	
5	Bt22 1	Bt16 1	
6	Bt6 1	
7	Bt4 1	Bt6 1	
8	Bt4 1	
9	Bt6 1	
10	Bt11 1	
11	Bt4 1	
12	Bt9 1	Bt8 1	Bt4 2	
13	Bt11 1	Bt27 2	Bt9 1	
14	Bt12 1	
15	Bt9 1	
16	Bt6 1	
17	Bt4 1	Bt6 1	
18	Bt19 1	
19	Bt4 1	Bt14 1	
20	Bt3 1	Bt6 1	
21	Bt5 1	Bt4 1	
22	Bt26 1	Bt39 1	
23	Bt4 1	
24	Bt12 1	
25	Bt4 1	
26	Bt4 4	Bt6 1	
27	Bt1 1	Bt4 2	
28	Bt4 1	Bt11 1	
29	Bt4 2	Bt8 1	Bt7 1	
30	Bt34 1	
31	Bt4 1	
32	Bt12 1	
33	Bt4 1	
34	Bt11 1	Bt6 1	Bt9 1	
35	Bt9 1	
36	Bt6 2	
37	Bt12 1	
38	Bt3 1	
39	Bt4 1	Bt3 1	
40	Bt6 1	
41	Bt4 1	
42	Bt20 1	
43	Bt33 1	
44	Bt38 1	
45	Bt4 1	
46	Bt8 3	Bt3 1	
47	Bt2 1	
48	Bt4 3	Bt7 2	
49	Bt36 1	
50	Bt4 1	
51	Bt28 1	
52	Bt11 1	
53	Bt3 1	
54	Bt5 1	Bt3 1	
55	Bt8 1	
56	Bt4 1	
57	Bt7 1	Bt6 1	
58	Bt12 1	Bt35 1	Bt4 1	
59	Bt9 1	
60	Bt4 1	
61	Bt11 1	
62	Bt6 1	Bt9 3	Bt3 1	Bt20 1	Bt7 2	
63	Bt4 3	Bt2 1	
64	Bt4 1	
65	Bt6 1	
66	Bt6 1	
67	Bt4 1	
68	Bt3 1	Bt29 1	Bt20 1	Bt5 1	
69	Bt9 1	Bt5 1	Bt7 1	Bt6 1	
70	Bt2 1	
71	Bt4 1	Bt8 1	
72	Bt7 1	
73	Bt3 1	
74	Bt4 1	Bt7 1	Bt9 1	
75	Bt6 1	
76	Bt13 1	
77	Bt8 1	
78	Bt5 1	
79	Bt3 1	Bt4 1	Bt9 1	
80	Bt6 1	
81	Bt3 1	
82	Bt6 1	
83	Bt35 1	Bt8 1	
84	Bt12 1	Bt9 7	Bt3 3	Bt25 1	Bt6 4	Bt4 5	Bt2 1	Bt21 1	Bt17 1	Bt23 1	Bt36 1	
85	Bt6 1	
86	Bt37 1	Bt9 1	
87	Bt11 1	
88	Bt4 1	Bt15 1	
89	Bt12 1	Bt19 1	Bt30 1	
90	Bt2 1	Bt4 2	
91	Bt4 1	
92	Bt8 2	Bt24 1	Bt11 1	
93	Bt4 1	
94	Bt4 1	
95	Bt4 1	
96	Bt9 1	
97	Bt3 2	Bt6 1	Bt4 1	
98	Bt12 1	
99	Bt4 9	Bt6 1	Bt8 1	Bt33 1	Bt11 1	Bt3 1	
100	Bt4 1	
101	Bt7 1	
102	Bt6 1	
103	Bt8 1	Bt3 1	
104	Bt6 1	Bt4 2	Bt9 1	Bt3 1	
105	Bt29 1	
106	Bt7 1	
107	Bt33 1	Bt4 1	
108	Bt10 1	Bt4 1	
109	Bt21 1	Bt18 1	Bt31 1	Bt19 1	Bt12 1	
110	Bt4 1	
111	Bt4 2	
112	Bt3 1	Bt4 1	Bt6 1	
113	Bt26 1	
114	Bt6 1	Bt4 2	
115	Bt4 1	

DISTANCE MATRIX
0.0 1737.7 1480.3 1545.8 1740.6 1603.8 1632.7 1807.3 1624.8 1494.4 1840.8 1715.1 1729.7 1633.4 1499.0 1780.3 1703.5 1537.9 1640.8 1702.7 1988.6 1624.6 1758.4 1833.7 1751.0 1558.0 1601.9 1937.6 1631.3 1729.9 1625.3 1707.9 1856.5 1866.5 1504.2 1582.4 1807.3 1635.3 1698.8 1547.2 1597.5 1540.9 1583.4 1555.7 1531.8 1739.1 1681.6 1768.5 1547.6 1552.5 1652.3 1596.9 1625.6 1537.8 1514.7 1566.1 1805.5 1600.7 1896.2 1594.1 1843.5 1787.1 1546.7 2021.2 1569.1 1912.8 1628.0 1557.4 1668.5 1764.0 1615.7 1522.7 1591.2 1602.6 1789.6 1614.3 1568.6 2028.8 1675.8 1777.8 1939.8 1751.9 1616.1 1505.2 1508.8 1763.5 1611.6 1756.9 2140.9 1672.0 1626.5 1625.1 1592.8 1953.2 1748.0 1574.5 1587.6 1537.0 1583.4 1681.7 1694.6 1548.4 1594.8 1572.9 1566.9 1685.1 1784.8 1664.0 1964.7 1662.2 1533.9 1660.3 1788.1 1648.7 1817.8 1776.9
1887.7 0.0 284.3 235.2 250.8 299.0 125.1 347.6 279.2 298.4 367.2 178.1 99.5 176.4 283.3 150.1 121.7 228.7 296.6 196.0 515.0 241.9 243.8 360.1 229.6 208.6 294.5 464.0 298.3 96.3 200.9 234.3 382.9 376.3 376.4 505.8 272.0 113.9 52.8 449.9 348.0 190.3 413.7 324.6 351.4 108.9 160.2 294.9 330.3 303.0 227.9 300.4 281.4 447.8 249.7 174.8 331.9 140.8 418.9 303.8 369.9 313.5 333.8 547.6 373.2 439.2 131.2 320.9 133.2 258.9 288.3 255.9 341.7 377.7 316.0 377.8 421.4 555.2 286.9 258.8 466.2 230.5 655.5 254.7 384.4 289.9 241.3 126.7 635.8 140.1 294.1 278.9 292.9 463.0 225.7 182.7 169.8 460.4 413.7 201.3 64.4 471.8 398.9 237.4 328.7 71.4 263.4 289.2 488.4 236.5 297.4 89.1 328.4 267.1 344.2 303.3
1607.3 257.3 0.0 65.4 260.2 146.3 152.3 326.9 167.3 14.0 360.4 234.7 249.3 153.0 35.5 299.9 223.1 101.7 125.1 230.2 508.2 70.4 278.0 353.3 270.6 81.6 144.4 457.2 126.8 249.5 144.9 227.5 376.1 386.1 207.3 334.3 326.9 154.9 218.4 278.4 154.7 60.5 242.2 153.1 179.9 258.7 201.2 288.1 161.4 109.7 171.9 139.4 109.9 276.3 34.3 85.7 325.1 120.3 415.8 136.6 363.1 306.7 162.3 540.8 201.7 432.4 147.6 77.0 188.1 283.6 158.2 65.6 148.4 206.2 309.2 133.9 249.9 548.4 233.0 297.4 459.4 271.5 375.1 24.8 97.2 283.1 83.7 276.5 660.5 191.6 169.0 167.6 173.3 472.8 267.6 94.1 107.2 288.9 242.2 201.3 214.2 300.3 227.4 110.4 141.3 204.7 304.4 221.2 484.3 219.4 53.5 179.9 307.7 205.9 337.4 296.5
1681.4 232.3 88.7 0.0 289.4 175.4 181.5 356.1 196.4 102.8 389.6 263.9 278.5 135.6 87.7 329.1 242.1 76.7 154.2 205.2 537.4 99.5 253.0 382.5 245.6 56.6 173.5 486.4 155.9 275.3 119.9 256.7 405.3 415.3 236.4 363.4 301.9 129.9 193.4 307.5 196.0 47.9 271.3 182.2 209.0 287.9 176.2 317.3 190.5 151.0 146.9 168.5 139.0 305.4 63.5 60.7 354.3 95.3 445.0 165.7 392.3 335.9 191.4 570.0 230.8 461.6 176.8 114.6 163.1 312.8 187.3 103.9 189.7 235.3 338.4 171.5 279.0 577.6 274.3 326.6 488.6 246.5 449.2 54.0 171.3 312.3 112.8 305.7 689.7 220.8 198.1 196.7 202.4 502.0 296.8 121.7 108.8 318.0 271.3 230.5 243.4 329.4 256.5 85.4 170.4 233.9 279.4 262.5 513.5 245.7 91.1 209.1 336.9 247.2 366.6 325.7
1910.7 251.7 303.3 349.2 0.0 329.9 156.0 70.3 310.1 289.2 187.8 74.0 220.9 224.5 397.3 271.5 113.8 342.7 330.4 373.2 312.1 275.7 421.0 215.8 413.6 322.6 332.2 284.6 332.1 217.7 314.9 108.0 203.5 125.8 432.4 554.5 469.9 297.9 290.6 503.5 462.0 304.3 467.3 378.2 405.0 230.3 344.2 168.6 386.5 417.0 341.9 338.1 315.2 496.5 272.7 288.8 205.6 249.5 243.2 341.5 190.5 85.4 387.4 388.1 426.8 259.8 162.1 343.9 331.1 52.9 319.2 369.9 455.7 431.3 171.7 400.8 470.1 399.9 470.9 96.4 339.9 414.5 678.5 277.7 400.6 163.6 289.0 248.1 459.5 124.0 308.4 309.8 369.9 212.5 66.6 296.7 283.8 509.1 467.3 148.0 185.8 520.5 452.5 351.4 366.4 176.3 447.4 466.4 224.0 413.7 320.4 148.9 135.1 451.1 199.9 138.8
1746.6 275.6 139.2 148.2 281.2 0.0 168.5 347.4 20.9 125.1 381.4 262.1 265.5 211.0 206.7 316.1 239.3 147.9 98.4 280.6 541.5 82.1 328.4 432.4 321.0 132.0 2.3 477.7 94.3 265.7 195.3 248.5 397.1 442.3 90.7 224.5 377.3 205.3 268.8 173.5 271.4 110.9 137.3 48.2 75.0 274.9 251.6 309.1 53.9 226.4 222.3 8.2 83.2 166.5 110.7 136.1 346.1 163.9 439.4 11.5 384.1 327.7 57.4 561.8 96.8 453.4 163.8 179.8 238.5 310.5 11.8 178.2 265.1 101.3 423.3 236.7 140.1 569.4 349.7 324.8 480.4 321.9 514.4 115.3 236.5 304.1 69.8 292.7 687.4 207.3 19.4 21.2 40.5 529.0 295.0 166.9 180.0 179.1 137.3 221.8 230.4 190.5 122.5 164.1 36.4 220.9 354.8 337.9 540.5 321.7 156.3 195.6 328.7 322.6 357.9 317.5
1780.5 127.7 173.1 243.2 141.8 173.8 0.0 208.5 154.0 159.0 242.0 112.0 96.9 118.5 291.3 147.5 70.7 236.7 200.2 267.2 389.8 145.5 315.0 234.9 307.6 216.6 176.1 338.8 201.9 97.1 208.9 109.1 257.7 267.7 276.3 398.4 363.9 191.9 166.6 347.4 356.0 198.3 311.2 222.1 248.9 106.3 233.0 169.7 230.4 311.0 235.9 182.0 185.0 340.4 142.5 182.8 206.7 143.5 297.4 185.4 244.7 188.3 231.3 422.4 270.7 314.0 6.0 213.7 225.1 160.9 163.1 263.9 349.7 275.2 190.8 270.6 314.0 430.0 364.9 174.7 341.0 308.5 548.3 147.5 270.4 164.7 158.8 124.1 537.8 39.2 152.3 153.7 185.7 354.4 144.9 190.7 177.8 353.0 311.2 82.9 61.8 364.4 296.4 245.4 210.3 52.3 341.4 360.4 365.9 307.7 190.2 27.5 189.3 345.1 219.0 178.1
1971.4 332.3 364.0 429.8 131.0 348.9 236.6 0.0 329.1 349.9 117.4 150.3 301.5 305.1 477.9 352.1 194.4 419.1 391.1 453.8 265.2 336.4 501.6 224.3 494.2 403.2 351.2 214.2 392.8 298.3 395.5 116.5 133.1 154.3 449.0 573.5 550.5 378.5 371.2 522.5 542.6 384.9 486.3 397.2 424.0 310.9 424.8 177.1 402.9 497.6 422.5 357.1 375.9 515.5 333.4 369.4 166.1 330.1 175.9 360.5 120.1 15.1 406.4 317.7 445.8 189.4 242.7 404.6 411.7 133.5 338.2 449.4 536.3 450.3 178.7 461.5 489.1 329.5 551.5 177.0 300.4 495.1 739.2 338.4 461.3 124.1 349.7 328.7 540.1 204.6 330.1 328.8 360.8 241.0 147.2 377.3 364.4 528.1 486.3 144.5 266.4 539.5 471.5 432.0 385.4 256.9 528.0 547.0 252.5 494.3 381.1 229.5 64.7 531.7 208.4 68.4
1766.4 275.3 159.0 168.0 260.2 19.7 147.5 326.9 0.0 144.9 360.4 241.1 244.5 239.9 226.5 295.1 218.3 171.9 118.2 309.5 508.2 102.0 357.3 427.8 349.9 151.8 22.0 457.2 108.7 241.3 206.2 227.5 376.1 421.3 122.2 244.3 406.2 234.2 297.7 193.3 291.2 130.7 157.1 68.0 94.8 253.9 280.5 288.1 76.3 246.2 233.2 27.9 103.0 186.3 128.4 155.9 325.1 199.6 415.8 31.3 363.1 306.7 77.2 540.8 116.6 432.4 142.8 199.6 267.4 290.0 9.0 199.1 284.9 121.1 309.2 256.5 159.9 548.4 369.5 303.8 459.4 350.8 534.2 133.4 256.3 283.1 89.0 271.7 666.9 186.8 1.7 0.3 59.7 508.0 274.0 145.9 159.0 198.9 157.1 201.3 209.4 210.3 142.3 180.6 56.2 199.9 383.7 357.7 519.5 350.0 176.1 175.1 307.7 342.4 337.4 296.5
1621.4 243.2 14.0 51.3 246.1 132.2 138.2 312.8 153.2 0.0 346.3 220.6 235.2 138.9 49.6 285.8 209.0 87.6 111.0 216.1 494.1 56.3 263.9 339.2 256.5 67.5 130.3 443.1 112.7 232.0 130.8 213.4 362.0 372.0 193.2 320.2 312.8 140.8 204.3 264.3 206.9 46.4 228.1 139.0 165.8 244.6 187.1 274.0 147.3 161.9 157.8 125.3 95.8 262.2 20.2 71.6 311.0 106.2 401.7 122.5 349.0 292.6 148.2 526.7 187.6 418.3 133.5 54.6 174.0 269.5 144.1 114.8 200.6 192.1 295.1 111.5 235.8 534.3 285.2 283.3 445.3 257.4 389.2 10.7 111.3 269.0 69.6 262.4 646.4 177.5 154.9 153.5 121.2 458.7 253.5 80.0 93.1 274.8 228.1 187.2 200.1 286.2 213.3 96.3 127.2 190.6 290.3 273.4 470.2 256.6 31.1 165.8 293.6 258.1 323.3 282.4
2007.0 478.1 399.6 440.2 204.8 384.5 280.4 145.7 364.7 385.5 0.0 296.1 447.3 450.9 435.2 497.9 340.2 430.5 426.7 599.6 147.7 372.0 647.4 207.2 640.0 410.4 386.8 96.7 428.4 444.1 424.8 149.9 89.1 166.5 487.0 609.1 696.3 524.3 517.0 558.1 549.8 389.3 521.9 432.8 459.6 456.7 570.6 190.1 441.1 504.8 451.8 392.7 411.5 551.1 369.0 414.5 164.7 475.9 55.3 396.1 76.1 125.5 442.0 200.2 481.4 71.9 275.7 440.2 557.5 279.3 373.8 457.7 543.5 485.9 195.6 497.1 524.7 212.0 697.3 322.8 240.9 640.9 774.8 374.0 496.9 122.7 385.3 474.5 685.9 350.4 363.0 364.4 424.5 208.7 293.0 364.5 377.6 563.7 521.9 180.1 412.2 575.1 507.1 439.2 421.0 402.7 673.8 616.3 220.2 640.1 416.7 375.3 52.6 601.0 191.3 63.8
1861.2 184.2 253.8 281.7 72.6 280.4 106.5 143.0 260.6 239.7 257.6 0.0 153.4 157.0 329.8 204.0 46.3 275.2 280.9 305.7 384.8 226.2 353.5 220.1 346.1 255.1 282.7 354.4 282.6 153.6 247.4 124.7 273.3 198.5 382.9 505.0 402.4 230.4 223.1 454.0 394.5 236.8 417.8 328.7 355.5 162.8 276.7 185.3 337.0 349.5 274.4 288.6 265.7 447.0 223.2 221.3 222.3 182.0 313.0 292.0 260.3 158.1 337.9 438.0 377.3 329.6 112.6 294.4 263.6 102.4 269.7 302.4 388.2 381.8 176.0 351.3 420.6 445.6 403.4 116.2 356.6 347.0 629.0 228.2 351.1 180.3 239.5 180.6 479.3 74.5 258.9 260.3 320.4 285.2 86.4 229.2 216.3 459.6 417.8 98.5 118.3 471.0 403.0 283.9 316.9 108.8 379.9 398.9 296.7 346.2 270.9 81.4 204.9 383.6 204.2 193.7
1878.8 102.7 271.4 287.3 223.9 272.1 98.2 306.8 252.3 257.3 340.3 151.2 0.0 162.6 335.4 94.6 94.8 280.8 298.5 298.8 488.1 243.8 346.6 333.2 339.2 260.7 274.4 437.1 300.2 40.8 253.0 207.4 356.0 349.4 362.9 496.7 395.5 223.5 162.3 445.7 400.1 242.4 409.5 320.4 347.2 53.0 264.6 268.0 326.1 355.1 280.0 280.3 283.3 438.7 240.8 226.9 305.0 187.6 398.8 283.7 343.0 286.6 329.6 520.7 369.0 412.3 104.3 312.0 256.7 218.1 261.4 306.9 393.8 373.5 289.1 368.9 412.3 528.3 396.5 231.9 439.3 340.1 646.6 245.8 368.7 263.0 257.1 70.8 595.0 99.3 253.3 252.0 312.1 436.1 198.8 234.8 221.9 451.3 409.5 181.2 35.0 462.7 394.7 289.5 308.6 44.5 373.0 392.0 447.6 339.3 288.5 69.0 287.6 376.7 317.3 276.4
1777.1 160.7 173.7 124.6 235.5 207.7 127.8 305.5 205.3 187.8 364.5 162.8 150.6 0.0 172.7 201.2 106.4 113.9 186.0 148.6 512.3 131.3 196.4 383.0 189.0 98.0 205.3 461.3 193.1 147.4 90.3 231.6 380.2 361.0 256.5 395.2 245.3 73.3 136.8 339.3 237.4 79.7 303.1 214.0 240.8 160.0 114.4 292.2 219.7 192.4 117.3 200.3 170.8 337.2 139.1 64.2 329.2 24.9 423.0 197.5 367.2 310.8 223.2 544.9 262.6 436.5 133.9 210.3 106.5 229.7 214.4 144.2 231.1 267.1 337.4 267.2 310.8 552.5 246.3 243.5 463.5 189.9 544.9 144.1 267.0 287.2 144.6 177.8 606.6 128.9 206.3 205.0 234.2 447.7 210.4 72.1 59.2 349.8 303.1 205.4 115.5 361.2 288.3 130.1 202.2 106.0 222.8 241.8 459.2 189.1 186.8 98.6 311.8 226.5 367.1 300.6
1658.5 270.0 48.0 89.0 308.3 223.5 200.4 375.0 244.5 62.1 408.5 282.8 297.4 173.3 0.0 348.0 271.2 54.5 202.3 242.9 556.3 147.6 290.7 401.4 283.3 74.6 221.6 505.3 204.0 297.6 157.6 275.6 424.2 434.2 284.5 411.5 339.6 167.6 231.1 355.6 137.8 96.0 319.4 230.3 257.1 306.8 208.7 336.2 238.6 92.8 184.6 216.6 187.1 353.5 82.4 98.4 373.2 133.0 463.9 213.8 411.2 354.8 239.5 588.9 278.9 480.5 195.7 125.1 200.8 331.7 235.4 45.7 131.5 283.4 357.3 182.0 327.1 596.5 216.1 345.5 507.5 284.2 426.3 72.9 148.4 331.2 160.9 324.6 708.6 239.7 246.2 244.8 250.5 520.9 315.7 142.2 146.5 366.1 319.4 249.4 262.3 377.5 304.6 89.5 218.5 252.8 317.1 204.3 532.4 202.5 101.6 228.0 355.8 189.0 385.5 344.6
1959.2 203.8 351.8 367.7 304.3 352.5 178.6 387.2 332.7 337.7 420.7 231.6 104.4 243.0 415.8 0.0 175.2 361.2 378.9 379.2 568.5 324.2 427.0 413.6 419.6 341.1 354.8 517.5 380.6 73.9 333.4 287.8 436.4 429.8 455.0 577.1 475.9 303.9 242.7 526.1 480.5 322.8 489.9 400.8 427.6 133.4 345.0 348.4 409.1 435.5 360.4 360.7 363.7 519.1 321.2 307.3 385.4 268.0 476.1 364.1 423.4 367.0 410.0 601.1 449.4 492.7 184.7 392.4 337.1 298.5 341.8 388.4 474.2 453.9 369.5 449.3 492.7 608.7 476.9 312.3 519.7 420.5 727.0 326.2 449.1 343.4 337.5 151.2 675.4 179.7 331.0 332.4 392.5 516.5 279.2 315.2 302.3 531.7 489.9 261.6 115.4 543.1 475.1 369.9 389.0 124.9 453.4 472.4 528.0 419.7 368.9 149.4 368.0 457.1 397.7 356.8
1844.8 137.8 237.4 235.3 129.0 238.1 64.2 199.0 218.3 223.3 306.3 56.3 107.0 110.6 283.4 157.6 0.0 228.8 296.7 259.3 454.1 242.0 307.1 276.5 299.7 208.7 240.4 403.1 298.4 107.2 201.0 173.4 322.0 254.5 340.6 462.7 356.0 184.0 176.7 411.7 348.1 190.4 375.5 286.4 313.2 116.4 225.1 234.0 294.7 303.1 228.0 246.3 281.5 404.7 206.8 174.9 271.0 135.6 361.7 249.7 309.0 214.1 295.6 486.7 335.0 378.3 70.3 278.0 217.2 123.2 227.4 256.0 341.8 339.5 232.4 334.9 378.3 494.3 357.0 137.0 405.3 300.6 612.6 211.8 334.7 229.0 255.3 134.2 500.1 65.3 216.6 218.0 250.0 341.2 103.9 182.8 169.9 417.3 375.5 147.2 71.9 428.7 360.7 237.5 274.6 62.4 333.5 352.5 352.7 299.8 254.5 35.0 253.6 337.2 260.6 242.4
1666.0 236.1 55.5 86.3 300.8 169.4 192.9 363.3 189.9 69.6 401.0 275.3 265.2 114.5 54.5 320.0 225.2 0.0 147.7 184.1 561.1 93.1 236.1 393.9 228.7 20.0 162.8 497.8 154.8 265.4 103.0 268.1 416.7 426.7 218.2 356.9 280.8 113.0 176.5 296.8 119.2 41.4 264.8 175.7 202.5 278.8 154.1 328.7 177.2 74.2 130.0 162.0 132.5 298.9 86.5 43.8 365.7 71.6 459.5 159.2 403.7 347.3 180.7 577.2 224.3 473.0 188.2 132.6 142.0 320.0 180.8 26.0 112.9 228.8 353.2 189.5 272.5 589.0 197.5 338.0 500.0 229.6 433.8 79.8 160.1 323.7 106.3 296.6 696.9 232.2 184.7 190.2 153.7 513.4 308.2 104.8 91.9 307.3 264.8 237.7 234.3 322.9 250.0 38.2 163.9 224.8 262.5 185.7 520.7 188.1 109.1 217.4 344.1 170.4 378.0 337.1
1728.2 289.3 120.8 129.8 310.2 81.2 249.8 376.9 102.2 106.7 410.4 343.4 346.8 192.6 188.3 397.4 299.1 133.7 0.0 262.2 558.2 63.8 310.0 454.2 302.6 113.6 79.3 507.2 70.5 347.0 176.9 277.5 426.1 436.1 142.2 269.2 358.9 186.9 250.4 213.3 253.0 92.5 177.1 88.0 114.8 356.2 233.2 338.1 96.3 208.0 203.9 74.3 15.1 211.2 90.2 117.7 375.1 152.3 465.8 71.5 413.1 356.7 97.2 590.8 136.6 482.4 245.1 161.4 220.1 392.3 93.1 160.9 246.7 141.1 448.7 218.3 184.8 598.4 331.3 406.1 509.4 303.5 496.0 95.2 218.1 333.1 50.8 374.0 769.2 289.1 103.9 102.5 108.2 522.8 376.3 178.7 165.8 223.8 177.1 251.3 311.7 235.2 162.3 142.4 76.2 302.2 336.4 319.5 534.3 302.7 137.9 277.4 357.7 304.2 474.3 346.5
1839.9 185.3 250.1 224.2 391.5 306.8 283.6 458.2 304.9 264.2 491.7 321.5 298.8 158.6 237.9 349.4 265.1 203.5 285.6 0.0 651.8 230.9 86.4 484.6 79.0 197.6 304.9 588.5 292.7 299.0 189.9 358.8 507.4 517.4 356.1 494.8 135.3 85.2 146.4 438.9 223.8 179.3 402.7 313.6 340.4 308.2 44.1 419.4 321.9 178.8 175.3 299.9 270.4 436.8 281.1 163.8 456.4 136.2 550.2 297.1 494.4 438.0 322.8 672.1 362.2 563.7 278.9 309.9 52.0 388.4 314.0 177.2 217.5 366.7 440.5 366.8 410.4 679.7 90.9 402.2 590.7 79.9 607.7 274.4 329.8 414.4 244.2 326.0 765.3 287.6 305.9 304.6 333.8 604.1 369.1 171.7 158.8 449.4 402.7 332.6 263.7 460.8 387.9 216.1 301.8 264.7 112.8 93.1 615.6 40.4 286.4 257.3 439.0 77.8 468.7 427.8
2167.4 560.6 560.0 600.6 377.7 544.3 501.3 306.1 525.1 545.9 160.3 397.0 539.2 554.1 595.6 601.1 443.4 586.7 587.1 691.5 0.0 532.5 739.3 367.6 743.2 570.8 547.2 57.2 594.2 536.0 644.5 310.3 246.7 223.8 635.7 769.5 788.2 627.5 620.2 728.9 710.2 549.7 682.3 593.2 620.0 559.9 673.8 423.8 609.3 665.2 671.5 553.1 571.9 711.5 531.5 618.4 325.1 590.8 109.3 556.5 236.5 285.9 612.8 223.8 641.8 226.0 507.4 600.6 649.4 386.9 534.2 617.0 703.9 646.3 359.4 657.5 685.1 225.2 800.5 441.7 254.1 744.1 935.2 536.1 657.3 283.1 545.7 577.7 793.5 458.0 536.5 524.8 584.9 119.4 411.9 524.9 538.0 724.1 682.3 340.5 515.4 735.5 667.5 602.9 581.4 505.9 777.0 784.7 105.7 732.0 577.1 467.2 223.4 780.7 362.1 224.2
1664.3 246.1 56.9 65.9 246.3 76.3 138.4 313.0 96.8 42.8 346.5 220.8 279.5 128.7 124.4 330.0 235.2 65.6 54.6 198.4 506.6 0.0 246.1 339.4 238.7 49.7 73.8 443.3 61.7 276.2 113.0 213.6 362.2 372.2 125.1 263.8 295.1 123.0 186.5 207.8 189.1 28.6 171.7 82.6 109.4 288.8 169.3 274.2 90.8 144.1 140.0 68.9 39.4 205.8 28.4 53.8 311.2 81.6 405.0 66.1 349.2 292.8 91.7 526.9 131.2 418.5 133.7 97.5 156.3 269.8 87.7 95.9 182.8 135.7 298.7 154.4 179.4 534.5 267.4 283.6 445.5 239.6 432.1 33.0 154.3 269.2 13.1 306.6 646.7 177.7 95.7 97.1 64.8 458.9 253.7 114.8 101.9 218.3 171.7 187.5 244.3 229.8 156.9 81.8 70.7 234.8 272.5 255.7 470.5 238.8 74.0 166.1 293.9 240.3 323.6 282.6
1912.0 241.3 308.6 259.5 426.8 342.6 318.9 493.5 340.2 322.7 527.0 356.8 334.1 193.9 307.6 384.7 300.4 248.8 320.9 103.9 674.8 266.2 0.0 519.9 54.7 232.9 340.2 623.8 328.0 330.9 225.2 394.1 542.7 552.7 400.7 530.1 48.8 120.5 181.7 474.2 327.8 214.6 438.0 348.9 375.7 343.5 74.2 454.7 354.6 282.8 252.2 335.2 305.7 472.1 274.0 199.1 491.7 171.5 585.5 332.4 529.7 473.3 358.1 707.4 397.5 599.0 314.2 345.2 87.3 423.7 349.3 280.2 321.5 402.0 474.3 402.1 445.7 715.0 201.6 437.5 626.0 5.9 679.8 280.7 401.9 449.7 279.5 361.3 800.6 322.9 341.2 339.9 369.1 639.4 404.4 207.0 194.1 484.7 438.0 367.9 299.0 496.1 423.2 265.0 337.1 300.0 26.3 197.1 650.9 144.4 321.7 292.6 474.3 181.8 504.0 463.1
1982.1 383.3 374.7 415.3 172.8 359.6 255.5 186.8 339.8 360.6 220.3 210.1 352.5 357.2 410.3 403.1 256.5 405.6 401.8 503.2 368.1 347.1 551.0 0.0 543.6 385.5 361.9 317.1 403.5 352.7 399.9 125.0 236.0 313.4 462.1 540.6 599.9 427.9 422.2 505.4 524.9 364.4 497.0 407.9 434.7 361.9 474.2 165.2 416.2 479.9 426.9 367.8 386.6 482.6 344.1 389.6 167.8 382.2 275.7 371.2 223.0 166.6 417.1 419.6 456.5 292.3 250.8 415.3 461.1 225.8 348.9 432.8 518.6 461.0 81.7 472.2 456.2 427.2 600.9 269.3 338.2 544.5 749.9 349.1 472.0 125.8 360.4 379.7 632.4 267.9 338.1 339.5 371.5 355.6 239.5 339.6 352.7 495.2 497.0 155.2 317.4 506.6 482.2 414.3 396.1 307.9 577.4 591.4 367.1 543.7 391.8 283.1 167.6 576.1 20.0 156.4
1907.9 216.5 304.5 255.4 422.7 338.0 314.8 489.4 336.1 318.6 522.9 352.7 330.0 189.8 303.5 380.6 296.3 248.9 316.8 99.8 670.7 262.1 78.0 515.8 0.0 228.8 336.1 619.7 318.5 330.2 221.1 390.0 538.6 548.6 399.0 526.0 126.9 116.4 177.6 470.1 323.7 210.5 433.9 344.8 371.6 339.4 75.3 450.6 353.1 278.7 248.1 331.1 301.6 468.0 269.9 195.0 487.6 161.0 578.3 328.3 525.6 469.2 354.0 703.3 393.4 594.9 310.1 341.1 83.2 419.6 345.2 276.1 317.4 397.9 471.7 398.0 441.6 710.9 197.5 433.4 621.9 71.5 675.7 274.9 397.8 445.6 275.4 357.2 796.5 318.8 334.4 335.8 365.0 635.3 400.3 202.9 190.0 480.6 433.9 363.8 294.9 492.0 419.1 257.6 333.0 295.9 104.4 193.0 646.8 140.3 317.6 288.5 470.2 177.7 499.9 459.0
1686.1 195.3 75.6 66.2 280.7 148.8 172.8 347.4 169.8 89.7 380.9 255.2 249.3 98.6 74.6 299.9 205.1 20.0 127.6 168.2 528.7 72.9 216.0 373.8 208.6 0.0 146.9 477.7 129.3 249.5 82.9 248.0 396.6 406.6 209.8 336.8 264.9 92.9 156.4 280.9 139.3 21.3 244.7 155.6 182.4 258.7 139.2 308.6 163.9 94.3 109.9 141.9 112.4 278.8 110.0 23.7 345.6 58.3 436.3 139.1 383.6 327.2 164.8 561.3 204.2 452.9 168.1 151.9 126.1 304.1 160.7 47.2 133.0 208.7 329.7 208.8 252.4 568.9 217.6 317.9 479.9 209.5 453.9 100.5 176.0 303.6 86.2 276.5 681.0 212.1 171.5 170.1 137.8 493.3 288.1 84.7 71.8 291.4 244.7 221.8 214.2 302.8 229.9 28.7 143.8 204.7 242.4 205.8 504.8 204.0 128.4 197.3 328.2 190.5 357.9 317.0
1744.3 298.2 136.9 145.9 283.1 1.9 170.4 349.8 22.8 122.8 383.3 264.0 267.4 208.7 204.4 318.0 241.2 145.6 96.1 278.3 531.1 79.8 326.1 430.1 318.7 129.7 0.0 480.1 92.0 264.2 193.0 250.4 399.0 444.2 97.7 222.2 375.0 203.0 266.5 171.2 269.1 108.6 135.0 45.9 72.7 276.8 249.3 311.0 51.6 224.1 220.0 5.8 80.9 164.2 106.3 133.8 348.0 168.4 441.8 9.2 386.0 329.6 55.1 563.7 94.5 455.3 165.7 177.5 236.2 312.9 13.7 177.0 262.8 99.0 421.0 234.4 137.8 571.3 347.4 326.7 482.3 319.6 512.1 113.0 234.2 306.0 66.9 294.6 689.8 209.7 21.8 23.1 37.6 530.9 296.9 168.8 181.9 176.8 135.0 224.2 232.3 188.2 120.2 161.8 34.1 222.8 352.5 335.6 542.4 318.8 154.0 198.0 330.6 320.3 450.2 319.4
2110.1 560.5 502.7 543.3 307.9 487.0 383.5 248.8 467.8 488.6 103.0 399.2 550.4 554.0 538.3 601.0 443.3 529.4 529.8 702.7 50.9 475.1 750.5 310.3 743.1 513.5 489.9 0.0 536.9 547.2 527.9 253.0 192.2 269.6 578.4 712.2 799.4 627.4 620.1 661.2 652.9 492.4 625.0 535.9 562.7 559.8 673.7 293.2 544.2 607.9 554.9 495.8 514.6 654.2 472.1 517.6 267.8 514.5 52.0 499.2 179.2 228.6 545.1 156.1 584.5 168.7 378.8 543.3 660.6 382.4 476.9 560.8 646.6 589.0 297.2 600.2 627.8 167.9 800.4 425.9 196.8 744.0 877.9 477.1 600.0 225.8 488.4 577.6 789.0 453.5 468.8 467.5 499.5 171.4 396.1 467.6 480.7 666.8 625.0 283.2 515.3 678.2 610.2 545.6 524.1 505.8 776.9 719.4 157.6 743.2 519.8 478.4 155.7 704.1 294.4 166.9
1715.6 297.4 108.2 117.2 297.6 97.9 189.7 371.1 118.4 94.1 397.8 272.1 337.5 186.8 175.7 381.3 286.5 116.9 76.2 256.4 557.9 51.1 304.2 390.7 290.0 101.0 102.3 501.4 0.0 337.7 164.3 264.9 413.5 423.5 146.7 285.4 353.1 174.3 237.8 236.3 240.4 79.9 193.3 104.2 131.0 340.1 227.4 325.5 109.9 195.4 191.3 90.5 61.0 227.4 79.7 105.1 362.5 139.7 456.3 87.7 400.5 344.1 113.4 585.0 152.8 469.8 185.0 148.8 207.5 321.0 109.3 147.2 234.1 157.3 350.0 205.7 201.0 585.8 318.7 341.6 496.8 290.9 483.4 84.3 205.5 320.5 45.0 357.9 704.7 235.8 124.2 118.7 131.2 510.2 305.0 166.1 153.2 240.0 193.3 238.7 295.6 251.4 178.5 133.1 99.2 286.1 323.8 313.7 528.5 296.9 125.3 224.1 345.1 291.6 381.6 333.9
1888.4 129.8 281.0 296.9 233.5 281.7 104.6 313.2 258.7 266.9 346.7 160.8 33.6 169.0 345.0 50.3 104.4 290.4 304.9 305.2 497.7 253.5 353.0 339.6 345.6 267.1 280.8 443.5 312.0 0.0 259.4 217.0 362.4 355.8 384.2 506.3 401.9 233.1 168.7 452.1 409.7 248.8 419.1 330.0 353.6 59.4 274.2 274.4 332.5 361.5 289.6 289.9 289.7 448.3 249.3 233.3 314.6 197.2 408.4 290.1 352.6 296.2 336.0 530.3 378.6 418.7 113.9 321.6 263.1 224.5 267.8 313.3 400.2 379.9 294.0 378.5 418.7 537.9 402.9 241.5 448.9 346.5 656.2 257.1 378.3 272.6 266.7 80.4 601.4 108.9 259.7 258.4 321.7 442.5 208.4 241.2 228.3 457.7 419.1 187.6 41.4 472.3 401.1 299.1 315.0 50.9 379.4 401.6 457.2 345.7 298.1 75.4 297.2 386.3 323.7 282.8
1775.2 187.6 178.6 129.5 278.8 212.0 170.9 345.5 192.2 192.7 379.0 253.3 241.6 90.9 177.6 292.2 197.4 123.0 190.9 160.5 526.8 136.2 208.3 371.9 200.9 102.9 210.2 475.8 192.6 241.8 0.0 246.1 394.7 404.7 273.1 400.1 257.2 85.2 148.7 344.2 242.3 84.6 308.0 218.9 245.7 251.0 131.5 306.7 227.2 197.3 26.9 205.2 175.7 342.1 137.2 69.1 343.7 50.6 434.4 202.4 381.7 325.3 228.1 559.4 267.5 451.0 166.2 208.4 118.4 302.2 201.3 150.2 236.0 272.0 327.8 265.3 315.7 567.0 205.4 316.0 478.0 201.8 543.0 142.2 265.1 301.7 149.5 268.8 679.1 210.2 190.5 191.9 201.1 491.4 286.2 59.0 46.1 354.7 308.0 219.9 206.5 366.1 293.2 131.7 207.1 197.0 234.7 193.6 502.9 191.8 184.9 189.6 326.3 178.3 356.0 315.1
1857.0 258.2 249.6 290.2 54.8 234.5 130.4 99.3 214.7 235.5 132.8 92.1 227.4 232.1 285.2 278.0 138.5 280.5 276.7 378.1 280.6 222.0 425.9 127.9 418.5 260.4 236.8 229.6 278.4 224.2 274.8 0.0 148.5 225.9 337.0 459.1 474.8 302.8 297.1 408.1 399.8 239.3 371.9 282.8 309.6 236.8 349.1 60.5 291.1 354.8 301.8 242.7 261.5 401.1 219.0 264.5 97.5 257.1 188.2 246.1 135.5 79.1 292.0 313.2 331.4 204.8 125.7 290.2 336.0 107.8 223.8 307.7 393.5 335.9 83.8 347.1 374.7 320.8 475.8 151.3 231.8 419.4 624.8 224.0 346.9 55.5 235.3 254.6 514.4 142.8 213.0 214.4 274.5 268.1 121.5 214.5 227.6 413.7 371.9 30.1 192.3 425.1 357.1 289.2 271.0 182.8 452.3 466.3 279.6 418.6 266.7 158.0 80.1 451.0 112.0 68.9
2032.7 434.8 425.3 465.9 231.2 410.2 354.8 171.4 390.4 411.2 79.1 250.5 404.0 407.6 460.9 454.6 296.9 525.8 452.4 556.3 219.1 397.7 604.1 232.9 596.7 505.7 412.5 175.9 454.1 400.8 498.0 216.7 0.0 77.3 512.7 634.8 653.0 481.0 473.7 583.8 645.1 487.4 547.6 458.5 485.3 413.4 522.1 277.3 466.8 600.1 525.0 418.4 437.2 576.8 394.7 471.9 190.4 432.6 134.5 421.8 12.9 151.2 467.7 279.4 507.1 151.1 360.9 465.9 514.2 251.7 399.5 553.0 638.8 511.6 221.3 522.8 550.4 291.2 654.0 295.2 320.1 597.6 800.5 399.7 522.6 148.4 411.0 431.2 658.3 322.8 388.7 390.1 450.2 119.5 265.4 390.2 466.9 589.4 547.6 205.8 368.9 600.8 532.8 534.5 446.7 359.4 630.5 649.5 131.0 596.8 442.4 332.0 78.3 634.2 217.0 89.5
1994.2 357.4 386.8 454.9 153.8 371.7 277.4 119.6 351.9 372.7 166.5 173.1 326.6 330.2 503.0 377.2 219.5 448.4 413.9 478.9 186.2 359.2 526.7 247.1 519.3 428.3 374.0 244.5 415.6 323.4 420.6 139.3 87.3 0.0 474.2 596.3 575.6 403.6 396.3 545.3 567.7 410.0 509.1 420.0 446.8 336.0 449.9 199.9 428.3 522.7 447.6 379.9 398.7 538.3 356.2 394.5 236.9 355.2 221.9 383.3 100.3 134.7 429.2 366.8 468.6 238.5 283.5 427.4 436.8 174.3 361.0 475.6 561.4 473.1 203.0 484.3 511.9 378.6 576.6 217.8 371.2 520.2 762.0 361.2 484.1 194.9 372.5 353.8 580.9 245.4 350.2 351.6 411.7 86.6 188.0 402.4 389.5 550.9 509.1 167.3 291.5 562.3 494.3 457.1 408.2 282.0 553.1 572.1 98.1 519.4 403.9 254.6 165.7 556.8 231.2 176.9
1729.3 356.1 175.5 184.5 364.9 97.7 266.3 433.4 118.7 161.4 465.1 359.9 354.7 249.1 243.0 413.9 337.1 188.4 134.7 316.9 612.9 118.5 356.1 424.3 357.3 168.3 97.6 561.9 125.2 354.9 231.6 332.2 480.8 490.8 0.0 149.3 413.6 241.6 305.1 105.5 307.7 147.2 102.4 49.6 25.7 372.7 289.7 392.8 32.9 262.7 258.6 90.8 119.5 91.3 144.9 172.4 429.8 207.0 515.0 88.0 467.8 411.4 32.0 645.5 63.0 537.1 261.6 216.1 266.2 408.8 109.6 215.6 301.4 96.5 417.0 273.0 64.9 653.1 386.0 422.6 564.1 358.2 550.7 149.9 264.2 387.8 96.9 390.5 785.7 297.0 109.1 119.0 78.1 577.5 392.8 233.4 220.5 103.9 102.4 297.4 328.2 115.3 88.7 197.1 52.2 318.7 391.1 376.0 580.4 348.8 192.6 285.3 403.8 358.9 435.8 401.2
1843.0 404.1 235.6 244.6 425.0 157.8 326.4 491.7 178.8 221.5 525.2 420.0 423.4 307.4 303.1 474.0 397.2 248.5 194.8 377.0 673.0 178.6 424.8 484.4 417.4 228.4 155.9 622.0 185.3 420.2 291.7 392.3 540.9 550.9 58.2 0.0 473.7 301.7 365.2 101.2 367.8 207.3 137.4 109.7 85.8 432.8 348.0 452.9 101.6 322.8 318.7 150.9 179.6 91.8 205.0 232.5 489.9 267.1 580.6 148.1 527.9 471.5 100.7 705.6 123.1 597.2 321.7 276.2 334.9 468.9 169.7 275.7 361.5 156.6 478.9 333.1 122.6 713.2 446.1 482.7 624.2 418.3 610.8 210.0 332.9 447.9 165.6 450.6 845.8 365.7 180.5 179.1 184.8 637.6 452.9 293.5 280.6 91.0 137.4 366.1 388.3 102.4 148.8 257.2 120.9 378.8 451.2 434.3 649.1 417.5 252.7 354.0 472.5 419.0 504.5 461.3
2004.8 313.4 401.4 352.3 519.6 434.9 411.7 586.3 433.0 415.5 619.8 449.6 426.9 286.7 400.4 477.5 393.2 345.8 413.7 196.7 779.9 359.1 92.7 612.7 147.5 325.7 433.0 716.6 420.8 427.1 318.0 486.9 635.5 645.5 484.2 622.9 0.0 213.3 274.5 567.0 420.6 307.4 530.8 441.7 468.5 436.3 172.2 547.5 450.0 375.6 345.0 428.0 398.5 564.9 368.9 291.9 584.5 264.3 678.3 425.2 622.5 566.1 450.9 800.2 490.3 691.8 407.0 438.0 180.1 516.5 442.1 371.9 414.3 494.8 568.6 494.9 538.5 807.8 294.4 530.3 718.8 98.7 772.6 371.8 494.7 542.5 372.3 454.1 893.4 415.7 434.0 432.7 461.9 732.2 497.2 299.8 286.9 577.5 530.8 460.7 391.8 588.9 516.0 354.5 429.9 392.8 100.6 289.9 743.7 237.2 414.5 385.4 567.1 274.6 596.8 555.9
1791.4 100.0 188.0 138.9 306.2 221.5 198.3 372.9 219.6 202.1 406.4 236.2 213.5 73.3 187.0 264.1 179.8 132.4 200.3 75.2 554.2 145.6 123.0 399.3 115.6 112.3 219.6 503.2 202.0 210.3 104.6 273.5 422.1 432.1 282.5 409.5 171.9 0.0 61.1 353.6 251.7 94.0 317.4 228.3 255.1 222.9 41.0 334.1 236.6 206.7 131.6 214.6 185.1 351.5 153.4 78.5 371.1 44.5 461.8 211.8 409.1 352.7 237.5 586.8 276.9 478.4 193.6 224.6 33.2 303.1 228.7 159.6 245.4 281.4 355.2 281.5 325.1 594.4 172.9 316.9 505.4 116.5 559.2 158.4 281.3 329.1 158.9 240.7 680.0 202.3 217.9 219.3 248.5 518.8 283.8 86.4 73.5 364.1 317.4 247.3 178.4 375.5 302.6 141.1 216.5 179.4 149.4 168.4 530.3 115.7 201.1 172.0 353.7 153.1 383.4 342.5
1834.9 38.9 231.5 182.4 303.6 265.0 177.9 386.5 263.1 245.6 420.0 230.9 152.3 116.8 230.5 202.9 174.5 175.9 243.8 136.4 567.8 189.1 184.2 412.9 176.8 155.8 263.1 516.8 245.5 152.5 148.1 287.1 435.7 429.1 326.0 453.0 233.1 61.1 0.0 397.1 295.2 137.5 360.9 271.8 298.6 161.7 107.4 347.7 280.1 250.2 175.1 258.1 228.6 395.0 196.9 122.0 384.7 88.0 475.4 255.3 422.7 366.3 281.0 600.4 320.4 492.0 184.0 268.1 94.3 297.8 272.2 203.1 288.9 324.9 368.8 325.0 368.6 608.0 234.1 311.6 519.0 177.7 602.7 201.9 324.8 342.7 202.4 179.5 674.7 179.0 261.4 262.8 292.0 515.8 278.5 129.9 117.0 407.6 360.9 260.9 117.2 419.0 346.1 184.6 260.0 124.2 210.6 229.6 527.3 176.9 244.6 148.7 367.3 214.3 397.0 356.1
1772.7 427.7 238.5 247.5 427.9 160.7 329.3 494.6 181.7 224.4 528.1 422.9 426.3 310.3 306.0 476.9 400.1 251.4 197.7 379.9 688.2 181.5 427.7 487.1 420.3 231.3 158.8 624.9 193.6 426.5 294.6 395.2 543.8 553.8 116.3 67.8 476.6 304.6 368.1 0.0 370.7 210.2 36.1 126.5 106.5 435.7 345.7 455.8 121.0 325.7 321.6 153.8 182.5 51.2 210.0 235.4 492.8 270.0 586.6 151.0 530.8 474.4 117.5 708.5 85.8 600.1 324.6 279.1 337.8 471.8 172.6 277.5 364.4 70.9 481.6 336.0 62.9 716.1 449.0 485.6 627.1 421.2 613.7 212.9 335.8 450.8 168.5 453.5 848.7 368.6 180.7 182.0 187.7 640.5 455.8 296.4 283.5 22.4 36.1 369.0 391.2 33.8 50.9 260.1 123.8 381.7 454.1 437.2 652.0 420.4 255.6 356.9 475.4 421.9 507.2 464.2
1756.9 336.0 167.1 206.9 421.4 289.5 313.5 488.1 310.5 181.2 521.6 395.9 390.0 239.3 154.9 440.6 345.8 120.5 268.3 226.0 669.4 213.6 312.5 514.5 305.1 140.6 287.6 618.4 270.0 386.8 223.6 388.7 537.3 547.3 350.5 477.5 361.4 233.6 297.1 421.6 0.0 162.0 385.4 296.3 323.1 399.4 265.0 449.3 304.6 47.1 228.7 282.6 253.1 419.5 201.5 164.4 486.3 199.0 577.0 279.8 524.3 467.9 305.5 702.0 344.9 593.6 308.8 244.2 266.8 444.8 301.4 94.2 6.8 349.4 470.4 301.1 393.1 709.6 199.1 458.6 620.6 306.0 524.7 192.0 246.8 444.3 226.9 417.2 821.7 352.8 312.2 310.8 316.5 634.0 428.8 225.4 212.5 432.1 385.4 362.5 354.9 443.5 370.6 155.5 284.5 345.4 338.9 187.3 645.5 185.5 220.7 338.0 468.9 172.0 498.6 457.7
1697.3 196.7 96.7 37.2 259.3 127.4 151.4 326.0 148.4 110.8 359.5 233.8 248.4 100.0 95.7 299.0 206.5 41.1 106.2 169.6 507.3 51.5 217.4 352.4 210.0 21.0 125.5 456.3 107.9 248.6 84.3 226.6 375.2 385.2 188.4 315.4 266.3 94.3 157.8 259.5 160.4 0.0 223.3 134.2 161.0 257.8 140.6 287.2 142.5 115.4 111.3 120.5 91.0 257.4 59.3 25.1 324.2 59.7 414.9 117.7 362.2 305.8 143.4 539.9 182.8 431.5 146.7 130.5 127.5 282.7 139.3 68.3 154.1 187.3 308.3 187.4 231.0 547.5 238.7 296.5 458.5 210.9 465.1 64.3 187.2 282.2 64.8 275.6 659.6 190.7 150.1 148.7 154.4 471.9 266.7 86.1 73.2 270.0 223.3 200.4 213.3 281.4 208.5 49.8 122.4 203.8 243.8 226.9 483.4 210.1 107.0 179.0 306.8 211.6 336.5 295.6
1809.7 370.8 202.3 211.3 391.7 124.5 293.1 458.4 145.5 188.2 491.9 386.7 390.1 274.1 269.8 440.7 363.9 215.2 161.5 343.7 639.7 145.3 391.5 464.1 384.1 195.1 122.6 588.7 152.0 386.9 258.4 359.0 507.6 517.6 105.0 104.0 440.4 268.4 331.9 36.1 334.5 174.0 0.0 90.3 83.5 399.5 314.7 419.6 82.2 289.5 285.4 117.6 146.3 55.5 171.7 199.2 456.6 233.8 547.3 114.8 494.6 438.2 81.3 672.3 49.6 563.9 288.4 242.9 301.6 435.6 136.4 242.4 328.2 34.7 458.6 299.8 27.4 679.9 412.8 449.4 590.9 385.0 577.5 176.7 299.6 414.6 132.3 417.3 812.5 332.4 147.2 145.8 113.5 604.3 419.6 260.2 247.3 58.6 0.0 332.8 355.0 70.0 14.8 223.9 87.6 345.5 417.9 401.0 615.8 384.2 219.4 320.7 439.2 385.7 484.2 428.0
1733.2 294.3 125.8 134.8 315.2 48.0 216.6 381.9 69.0 111.7 415.4 310.2 313.6 197.6 193.3 364.2 287.4 138.7 85.0 267.2 563.2 68.8 315.0 431.2 307.6 118.6 46.1 512.2 75.5 313.8 181.9 282.5 431.1 441.1 54.1 188.2 363.9 191.9 255.4 120.3 258.0 97.5 84.1 0.0 26.7 323.0 233.0 343.1 8.2 213.0 208.9 41.1 69.8 118.2 95.2 122.7 380.1 157.3 470.8 38.3 418.1 361.7 9.2 595.8 48.5 487.4 211.9 166.4 225.1 359.1 59.9 165.9 251.7 46.8 425.7 223.3 91.8 603.4 336.3 372.9 514.4 308.5 501.0 100.2 223.1 338.1 55.8 340.8 736.0 255.9 70.7 69.3 75.0 527.8 343.1 183.7 170.8 142.8 84.1 256.3 278.5 154.2 69.3 147.4 11.1 269.0 341.4 324.5 539.3 307.7 142.9 244.2 362.7 309.2 451.3 351.5
1757.1 318.2 149.7 158.7 339.1 71.9 240.5 405.8 92.9 135.6 439.3 334.1 337.5 221.5 217.2 388.1 311.3 162.6 108.9 291.1 587.1 92.7 338.9 404.4 331.5 142.5 70.0 536.1 99.4 337.7 205.8 306.4 455.0 465.0 27.3 149.4 387.8 215.8 279.3 113.9 281.9 121.4 77.7 23.8 0.0 346.9 256.9 367.0 15.7 236.9 232.8 65.0 93.7 91.4 119.1 146.6 404.0 181.2 494.7 62.2 442.0 385.6 14.8 619.7 37.2 511.3 235.8 190.3 249.0 383.0 83.8 189.8 275.6 70.7 398.9 247.2 65.0 627.3 360.2 396.8 538.3 332.4 524.9 124.1 247.0 362.0 79.7 364.7 759.9 279.8 94.6 93.2 98.9 551.7 367.0 207.6 194.7 104.0 77.7 280.2 302.4 115.4 62.9 171.3 35.0 292.9 365.3 348.4 563.2 331.6 166.8 268.1 386.6 333.1 424.5 375.4
1876.7 121.3 269.3 285.2 221.8 270.0 96.1 304.7 250.2 255.2 338.2 149.1 61.5 160.5 333.3 112.1 92.7 278.7 296.4 296.7 486.0 241.7 344.5 331.1 337.1 258.6 272.3 435.0 298.1 58.3 250.9 205.3 353.9 347.3 372.5 494.6 393.4 221.4 160.2 443.6 398.0 240.3 407.4 318.3 345.1 0.0 267.7 265.9 326.6 353.0 277.9 278.2 281.2 436.6 238.7 224.8 302.9 185.5 393.6 281.6 340.9 284.5 327.5 518.6 366.9 410.2 102.2 309.9 254.6 216.0 259.3 305.9 391.7 371.4 287.0 366.8 410.2 526.2 394.4 229.8 437.2 338.0 644.5 243.7 366.6 260.9 255.0 17.8 592.9 97.2 248.5 249.9 281.9 434.0 196.7 232.7 219.8 449.2 407.4 179.1 32.9 460.6 392.6 287.4 306.5 42.4 370.9 389.9 445.5 337.2 286.4 66.9 285.5 374.6 315.2 274.3
1832.5 160.2 234.3 185.2 352.5 267.8 244.6 419.2 265.9 248.4 452.7 282.5 259.8 114.4 233.3 305.2 226.1 169.3 241.4 34.1 600.5 186.8 81.9 440.4 74.5 153.4 260.7 544.3 248.5 256.6 145.7 314.6 468.4 473.2 321.2 450.6 130.8 41.0 107.4 394.7 258.0 140.3 363.7 274.6 296.2 264.0 0.0 380.4 275.1 213.0 177.9 260.9 226.2 392.6 201.8 124.8 417.4 97.2 506.0 258.1 450.2 393.8 283.8 633.1 323.2 524.7 234.7 265.7 7.8 344.2 275.0 200.7 251.7 322.5 394.8 322.6 371.4 640.7 131.8 363.2 546.5 75.4 600.3 201.2 322.4 370.2 200.0 281.8 721.1 248.6 266.9 265.6 256.8 565.1 330.1 132.7 114.6 405.2 363.7 288.4 224.7 416.6 348.9 185.5 257.6 225.7 108.3 122.1 576.6 74.6 242.2 218.3 394.8 112.0 424.5 388.8
1938.2 339.4 330.8 371.4 136.0 315.7 211.6 140.1 295.9 316.7 173.6 173.3 308.6 313.3 366.4 359.2 219.7 361.7 357.9 459.3 321.4 303.2 507.1 209.1 499.7 341.6 318.0 270.4 359.6 305.4 356.0 81.1 189.3 266.7 418.2 540.3 556.0 384.0 378.3 489.3 481.0 320.5 453.1 364.0 390.8 318.0 425.1 0.0 372.3 436.0 383.0 323.9 342.7 482.3 300.2 345.7 138.3 338.3 229.0 327.3 176.3 119.9 373.2 354.0 412.6 245.6 206.9 371.4 417.2 189.0 305.0 388.9 474.7 417.1 165.0 428.3 455.9 361.6 557.0 232.5 272.6 500.6 706.0 305.2 428.1 96.3 316.5 335.8 595.6 224.0 294.2 295.6 355.7 308.9 202.7 295.7 308.8 494.9 453.1 111.3 273.5 506.3 438.3 370.4 352.2 264.0 533.5 547.5 320.4 499.8 347.9 239.2 120.9 532.2 193.2 109.7
1738.7 320.5 131.3 140.3 320.7 53.5 224.7 387.4 74.5 117.2 420.9 315.7 321.7 203.1 201.4 369.7 292.9 140.0 90.5 272.7 581.0 74.2 320.5 425.5 313.1 124.1 51.6 520.3 81.0 321.9 187.4 288.0 436.6 449.2 34.1 170.5 369.4 200.0 260.9 128.4 266.1 105.6 89.6 8.0 18.4 328.5 238.5 348.6 0.0 218.5 217.0 49.2 75.3 112.5 100.7 128.2 385.6 162.8 482.0 43.8 426.2 369.8 0.9 601.3 40.2 492.9 217.4 171.9 230.6 364.6 65.4 170.3 257.2 52.3 416.4 228.8 83.5 608.9 344.4 378.4 522.5 314.0 506.5 105.7 231.2 346.2 61.3 346.3 744.1 261.4 76.1 74.8 42.5 533.3 348.6 189.2 176.3 125.1 89.6 261.8 284.0 136.5 74.8 152.9 16.6 274.5 346.9 330.0 544.8 313.2 148.4 249.7 368.2 314.7 443.0 357.0
1709.7 288.8 119.9 159.7 374.2 242.3 266.3 440.9 263.3 134.0 474.4 348.7 342.8 192.1 107.7 393.4 298.6 73.3 221.1 178.8 622.2 166.4 265.3 467.3 257.9 93.4 240.4 571.2 222.8 339.6 176.4 341.5 490.1 500.1 303.3 430.3 314.2 186.4 249.9 374.4 44.9 114.8 338.2 249.1 275.9 352.2 217.8 402.1 257.4 0.0 181.5 235.4 205.9 372.3 154.3 117.2 439.1 151.8 529.8 232.6 477.1 420.7 258.3 654.8 297.7 546.4 261.6 197.0 219.6 397.6 254.2 47.0 38.6 302.2 423.2 253.9 345.9 662.4 151.9 411.4 573.4 258.8 477.5 144.8 199.6 397.1 179.7 370.0 774.5 305.6 265.0 263.6 269.3 586.8 381.6 178.2 165.3 384.9 338.2 315.3 307.7 396.3 323.4 108.3 237.3 298.2 291.7 140.1 598.3 138.3 173.5 290.8 421.7 124.8 451.4 410.5
1802.2 214.6 205.6 156.5 305.8 239.0 197.9 372.5 219.2 219.7 406.0 280.3 268.6 117.9 204.6 319.2 224.4 150.0 217.9 187.5 553.8 163.2 235.3 398.9 227.9 129.9 237.2 502.8 219.6 265.4 26.9 273.1 421.7 431.7 300.1 427.1 284.2 112.2 175.7 371.2 236.5 111.6 335.0 245.9 272.7 278.0 153.3 333.7 254.2 191.5 0.0 232.2 202.7 369.1 164.2 96.1 370.7 77.6 461.4 229.4 408.7 352.3 255.1 586.4 294.5 478.0 193.2 235.4 145.4 329.2 228.3 177.2 230.2 299.0 354.8 292.3 342.7 594.0 178.4 343.0 505.0 228.8 570.0 169.2 292.1 328.7 176.5 295.8 706.1 237.2 217.5 218.9 266.1 518.4 313.2 86.0 73.1 381.7 335.0 246.9 233.5 393.1 320.2 126.6 234.1 224.0 261.7 166.6 529.9 164.8 211.9 216.6 353.3 151.3 383.0 342.1
1738.4 303.2 131.0 140.0 288.1 6.9 175.4 354.8 27.8 116.9 388.3 269.0 272.4 202.8 198.5 323.0 246.2 143.9 90.2 272.4 536.1 74.0 320.2 424.2 312.8 123.8 4.9 485.1 80.7 272.6 187.1 255.4 404.0 449.2 94.2 216.3 369.1 197.1 260.6 165.3 263.2 102.7 129.1 40.0 66.8 281.8 243.4 316.0 48.3 218.2 214.1 0.0 75.0 158.3 100.4 127.9 353.0 162.5 443.7 3.3 391.0 334.6 49.2 568.7 88.6 460.3 170.7 171.6 230.3 317.9 18.7 171.1 256.9 93.1 418.7 228.5 131.9 576.3 341.5 331.7 487.3 313.7 506.2 105.4 228.3 311.0 61.0 299.6 694.8 214.7 29.5 28.1 3.7 535.9 301.9 173.8 186.9 170.9 129.1 229.2 237.3 182.3 114.3 152.6 28.2 227.8 346.6 329.7 547.4 312.9 148.1 203.0 335.6 314.4 444.3 324.4
1713.0 274.1 105.6 114.6 295.0 66.0 234.6 361.7 87.0 91.5 395.2 328.2 331.6 177.4 173.1 382.2 283.9 118.5 15.1 247.0 543.0 48.6 294.8 439.0 287.4 98.4 64.1 492.0 55.3 328.4 161.7 262.3 410.9 420.9 127.0 254.0 343.7 171.7 235.2 198.1 237.8 77.3 161.9 72.8 99.6 341.0 218.0 322.9 81.1 192.8 188.7 59.1 0.0 196.0 75.0 102.5 359.9 137.1 450.6 56.3 397.9 341.5 82.0 575.6 121.4 467.2 229.9 146.2 204.9 377.1 77.9 145.7 231.5 125.9 433.5 203.1 169.6 583.2 316.1 390.9 494.2 288.3 480.8 80.0 202.9 317.9 35.6 358.8 754.0 273.9 88.7 87.3 93.0 507.6 361.1 163.5 150.6 208.6 161.9 236.1 296.5 220.0 147.1 127.2 61.0 287.0 321.2 304.3 519.1 287.5 122.7 262.2 342.5 289.0 459.1 331.3
1790.2 402.0 233.5 242.5 422.9 155.7 324.3 489.6 176.7 219.4 523.1 417.9 421.3 305.3 301.0 471.9 395.1 246.4 192.7 374.9 670.9 176.5 422.7 464.3 415.3 226.3 153.8 619.9 183.2 418.1 289.6 390.2 538.8 548.8 105.2 109.1 471.6 299.6 363.1 41.2 365.7 205.2 65.5 107.6 83.7 430.7 345.9 450.8 99.5 320.7 316.6 148.8 177.5 0.0 202.9 230.4 487.8 265.0 578.5 146.0 525.8 469.4 98.6 703.5 115.2 595.1 319.6 274.1 332.8 466.8 167.6 273.6 359.4 100.3 458.8 331.0 73.2 711.1 444.0 480.6 622.1 416.2 608.7 207.9 330.8 445.8 163.5 448.5 843.7 363.6 178.4 177.0 144.7 635.5 450.8 291.4 278.5 63.7 65.5 364.0 386.2 75.1 80.3 255.1 118.8 376.7 449.1 432.2 647.0 415.4 250.6 351.9 470.4 416.9 484.4 459.2
1637.9 225.0 30.5 71.1 225.8 112.4 117.9 292.5 132.9 16.4 326.0 200.3 218.3 122.0 66.1 265.5 188.7 63.1 90.7 195.8 486.1 36.1 243.6 318.9 236.2 47.2 110.0 426.2 97.8 215.1 110.5 193.1 341.7 351.7 161.2 299.9 292.5 120.5 184.0 244.0 186.6 26.1 207.8 118.7 145.5 224.3 161.6 253.7 130.4 141.6 137.5 105.0 75.5 241.9 0.0 51.3 290.7 79.1 384.5 102.2 328.7 272.3 131.3 506.4 167.3 398.0 113.2 71.1 153.7 249.2 123.8 93.4 180.3 171.8 278.2 128.0 215.5 514.0 264.9 266.4 425.0 237.1 405.7 6.6 125.7 248.7 49.3 242.1 626.1 160.6 131.9 133.2 104.3 438.4 233.2 59.7 72.8 257.9 207.8 166.9 179.8 265.9 193.0 79.3 106.9 170.3 270.0 256.5 449.9 236.3 47.6 145.5 273.3 237.8 306.4 262.1
1712.8 171.5 109.4 60.3 274.8 142.9 166.9 341.5 163.9 123.5 375.0 237.7 225.5 74.8 108.4 276.1 181.3 53.8 121.7 144.4 522.8 67.0 192.2 367.9 184.8 33.7 141.0 471.8 123.4 225.7 59.1 242.1 390.7 400.7 203.9 330.9 241.1 69.1 132.6 275.0 173.1 15.4 238.8 149.7 176.5 234.9 115.4 302.7 158.0 128.1 86.1 136.0 106.5 272.9 74.8 0.0 339.7 34.5 430.4 133.2 377.7 321.3 158.9 555.4 198.3 447.0 162.2 146.0 102.3 298.2 154.8 81.0 166.8 202.8 323.8 202.9 246.5 563.0 242.1 312.0 474.0 185.7 480.6 79.8 202.7 297.7 80.3 252.7 675.1 203.8 165.6 164.2 169.9 487.4 282.2 60.9 48.0 285.5 238.8 215.9 190.4 296.9 224.0 62.5 137.9 180.9 218.6 237.6 498.9 184.9 122.5 173.5 322.3 222.3 352.0 311.1
1987.3 388.5 379.9 420.5 185.1 364.8 260.7 185.8 345.0 365.8 200.3 222.4 357.7 362.4 415.5 408.3 268.8 410.8 407.0 508.4 348.1 352.3 556.2 187.5 548.8 390.7 367.1 297.1 408.7 354.5 405.1 130.2 216.0 293.4 467.3 589.4 605.1 433.1 427.4 538.4 530.1 369.6 502.2 413.1 439.9 367.1 474.2 170.4 421.4 485.1 432.1 373.0 391.8 531.4 349.3 394.8 0.0 387.4 255.7 376.4 203.0 165.6 422.3 340.2 461.7 272.3 256.0 420.5 466.3 238.1 354.1 438.0 523.8 466.2 175.9 477.4 505.0 347.8 606.1 281.6 258.8 549.7 755.1 354.3 477.2 54.5 365.6 384.9 644.7 273.1 343.3 344.7 376.7 335.6 251.8 344.8 357.9 544.0 502.2 160.4 322.6 555.4 487.4 419.5 401.3 313.1 582.6 596.6 347.1 548.9 397.0 288.3 147.6 581.3 171.6 136.4
1746.8 157.6 143.4 94.3 260.5 177.4 152.8 328.3 175.0 157.5 361.8 187.8 197.7 24.9 142.4 226.2 131.4 83.6 155.7 116.6 521.9 101.1 164.4 354.7 150.2 67.7 168.6 458.6 162.8 194.5 60.0 228.9 377.5 386.0 226.2 364.9 213.3 34.5 98.0 309.0 207.1 49.4 272.8 183.7 210.5 185.0 80.8 289.5 192.0 162.1 87.0 170.0 140.5 306.9 110.9 33.9 326.5 0.0 420.3 167.2 364.5 308.1 192.9 542.2 232.3 433.8 149.0 180.0 67.7 276.8 184.1 113.9 200.8 236.8 314.0 236.9 280.5 549.8 207.5 268.5 460.8 151.1 514.6 115.5 230.3 284.5 114.3 202.8 653.7 176.0 176.0 174.7 197.5 472.7 235.4 41.8 28.9 313.1 272.8 196.3 140.5 330.9 258.0 99.8 171.9 131.0 184.0 209.8 484.2 157.1 156.5 145.7 309.1 187.7 338.8 297.9
2058.0 515.2 450.6 491.2 255.8 434.9 331.4 196.7 415.7 436.5 50.9 347.1 498.3 501.9 486.2 548.9 391.2 477.3 477.7 650.6 89.2 423.1 698.4 258.2 691.0 461.4 437.8 38.2 484.8 495.1 475.8 200.9 140.1 217.5 526.3 660.1 747.3 575.3 568.0 609.1 600.8 440.3 572.9 483.8 510.6 507.7 616.4 241.1 489.5 555.8 502.8 443.7 462.5 602.1 420.0 465.5 215.7 462.4 0.0 447.1 127.1 176.5 493.0 141.7 532.4 116.6 326.7 491.2 608.5 330.3 424.8 507.6 594.5 536.9 246.6 548.1 575.7 153.5 748.3 373.8 182.4 691.9 825.8 425.0 547.9 173.7 436.3 525.5 736.9 401.4 416.7 415.4 475.5 209.7 344.0 415.5 428.6 614.7 572.9 231.1 463.2 626.1 558.1 490.2 472.0 453.7 724.8 667.3 195.9 691.1 467.7 426.3 103.6 652.0 242.3 114.8
1735.0 306.0 127.6 136.6 290.9 9.7 178.2 357.6 30.6 113.5 391.1 271.8 275.2 199.4 195.1 325.8 249.0 140.5 86.8 269.0 538.9 70.6 316.8 420.8 309.4 120.4 7.7 487.9 77.3 272.0 183.7 258.2 406.8 452.0 90.8 212.9 365.7 193.7 257.2 161.9 259.8 99.3 125.7 36.6 63.4 284.6 240.0 318.8 44.9 214.8 210.7 2.8 71.6 154.9 97.0 124.5 355.8 159.1 446.5 0.0 393.8 337.4 45.8 571.5 85.2 463.1 173.5 168.2 226.9 320.7 21.5 167.7 253.5 89.7 415.3 225.1 128.5 579.1 338.1 334.5 490.1 310.3 502.8 102.0 224.9 313.8 57.6 302.4 697.6 217.5 32.3 30.9 0.3 538.7 304.7 176.6 172.6 167.5 125.7 232.0 240.1 178.9 110.9 149.2 24.8 230.6 343.2 326.3 550.2 309.5 144.7 205.8 338.4 311.0 440.9 327.2
2019.7 447.8 412.3 452.9 244.2 397.2 367.8 158.4 377.4 398.2 66.1 263.5 417.0 420.6 447.9 467.6 309.9 443.2 439.4 569.3 213.9 384.7 617.1 219.9 609.7 423.1 399.5 162.9 441.1 417.2 511.0 162.6 12.9 90.3 499.7 621.8 666.0 494.0 486.7 570.8 562.5 402.0 534.6 445.5 472.3 426.4 540.3 290.3 453.8 517.5 538.0 405.4 424.2 563.8 381.7 484.9 177.4 445.6 121.5 408.8 0.0 138.2 454.7 266.4 494.1 138.1 288.4 452.9 527.2 264.7 386.5 470.4 556.2 498.6 208.3 509.8 537.4 278.2 667.0 308.2 307.1 610.6 787.5 386.7 509.6 135.4 398.0 444.2 671.3 335.8 375.7 377.1 409.1 132.5 278.4 377.2 390.3 576.4 534.6 192.8 381.9 587.8 519.8 451.9 433.7 372.4 643.5 662.5 144.0 609.8 429.4 345.0 65.3 647.2 204.0 76.5
1974.3 352.5 366.9 407.5 151.2 351.8 256.8 20.2 332.0 352.8 102.3 170.5 321.7 325.3 402.5 372.3 214.6 443.5 394.0 474.0 250.1 339.3 521.8 174.5 514.4 423.4 354.1 199.1 395.7 321.9 415.7 136.7 118.0 174.5 454.3 576.4 570.7 398.7 391.4 525.4 562.8 405.1 489.2 400.1 426.9 331.1 445.0 197.3 408.4 517.8 442.7 360.0 378.8 518.4 336.3 389.6 151.0 350.3 157.7 363.4 105.0 0.0 409.3 302.6 448.7 174.3 262.9 407.5 431.9 153.7 341.1 470.7 556.5 453.2 200.4 464.4 492.0 314.4 571.7 197.2 285.3 515.3 742.1 341.3 464.2 109.0 352.6 348.9 560.3 224.8 330.3 331.7 363.7 237.6 167.4 397.5 384.6 531.0 489.2 147.4 286.6 542.4 474.4 452.2 388.3 277.1 548.2 567.2 249.1 514.5 384.0 249.7 49.6 551.9 158.6 53.3
1742.2 324.0 134.8 143.8 324.2 57.5 225.6 390.9 78.0 120.7 424.4 319.2 322.6 206.6 202.3 373.2 296.4 143.5 94.0 276.2 584.5 77.7 324.0 422.0 316.6 127.6 55.1 521.2 84.5 322.8 190.9 291.5 440.1 450.1 33.2 167.0 372.9 200.9 264.4 129.3 267.0 106.5 93.1 8.9 17.5 332.0 242.0 352.1 0.8 222.0 217.9 50.1 78.8 109.0 104.2 131.7 389.1 166.3 482.9 47.3 427.1 370.7 0.0 604.8 39.3 496.4 220.9 175.4 234.1 368.1 68.9 174.9 260.7 55.8 416.5 232.3 82.6 612.4 345.3 381.9 523.4 317.5 510.0 110.9 232.1 347.1 64.8 349.8 745.0 264.9 77.0 78.3 46.0 536.8 352.1 192.7 179.8 121.6 93.1 265.3 287.5 133.0 78.3 156.4 20.1 278.0 350.4 333.5 548.3 316.7 151.9 253.2 371.7 318.2 442.1 360.5
2179.1 580.3 571.7 612.3 376.9 556.6 452.5 336.6 536.8 557.6 190.8 487.0 549.5 554.2 607.3 600.1 531.1 602.6 598.8 700.2 233.7 544.1 748.0 379.3 740.6 582.5 558.9 170.4 600.5 546.3 596.9 322.0 280.0 357.4 647.4 781.2 796.9 624.9 619.2 730.2 721.9 561.4 694.0 604.9 631.7 558.9 666.0 362.2 610.6 676.9 623.9 564.8 583.6 723.2 541.1 586.6 355.6 579.2 139.8 568.2 267.0 316.4 614.1 0.0 653.5 256.5 447.8 612.3 658.1 470.2 545.9 628.7 715.6 658.0 366.2 669.2 696.8 50.1 797.9 513.7 79.0 741.5 946.9 546.1 669.0 313.6 557.4 576.7 876.8 464.9 537.8 536.5 568.5 341.9 483.9 536.6 549.7 735.8 694.0 352.2 514.4 747.2 679.2 611.3 593.1 504.9 774.4 788.4 328.1 740.7 588.8 480.1 243.5 773.1 363.4 254.7
1773.9 335.0 166.5 175.5 355.9 88.7 257.3 422.6 109.7 152.4 456.1 350.9 354.3 238.3 234.0 404.9 328.1 179.4 125.7 307.9 603.9 109.5 355.7 456.7 348.3 159.3 86.8 552.9 116.2 354.5 222.6 323.2 471.8 481.8 79.6 144.5 404.6 232.6 296.1 76.6 298.7 138.2 40.4 40.6 52.2 363.7 273.7 383.8 32.5 253.7 249.6 81.8 110.5 96.0 135.9 163.4 420.8 198.0 511.5 79.0 458.8 402.4 31.6 636.5 0.0 528.1 252.6 207.1 265.8 399.8 100.6 206.6 292.4 46.9 451.2 264.0 67.9 644.1 377.0 413.6 555.1 349.2 541.7 140.9 263.8 378.8 96.5 381.5 776.7 296.6 111.4 110.0 115.7 568.5 383.8 224.4 211.5 99.1 40.4 297.0 319.2 110.5 25.6 188.1 51.8 309.7 382.1 365.2 580.0 348.4 183.6 284.9 403.4 349.9 476.8 392.2
2098.4 569.5 491.0 531.6 296.2 475.9 371.8 237.1 456.1 476.9 91.3 387.5 538.7 542.3 526.6 589.3 431.6 521.9 518.1 691.0 202.8 463.4 738.8 298.6 731.4 501.8 478.2 151.8 519.8 538.9 516.2 241.3 180.5 257.9 578.4 700.5 787.7 615.7 608.4 649.5 641.2 480.7 613.3 524.2 551.0 548.1 656.8 281.5 532.5 596.2 543.2 484.1 502.9 642.5 460.4 505.9 256.1 567.3 110.4 487.5 167.5 216.9 533.4 255.3 572.8 0.0 367.1 531.6 648.9 370.7 465.2 549.1 634.9 577.3 287.0 588.5 616.1 267.1 788.7 414.2 296.0 732.3 866.2 465.4 588.3 214.1 476.7 565.9 777.3 441.8 454.4 455.8 515.9 300.1 384.4 455.9 469.0 655.1 613.3 271.5 503.6 666.5 598.5 530.6 512.4 494.1 765.2 707.7 309.5 731.5 508.1 466.7 144.0 692.4 282.7 155.2
1774.4 132.4 167.0 247.9 135.7 167.7 4.6 202.4 147.9 152.9 235.9 110.2 101.6 123.2 296.0 152.2 75.4 241.4 194.1 271.9 383.7 139.4 319.7 228.8 312.3 221.3 170.0 332.7 195.8 98.4 213.6 103.0 251.6 261.6 270.2 392.3 368.6 196.6 171.3 341.3 360.7 203.0 305.1 216.0 242.8 111.0 242.9 163.6 224.3 315.7 240.6 175.9 178.9 334.3 136.4 187.5 200.6 148.2 291.3 179.3 238.6 182.2 225.2 416.3 264.6 307.9 0.0 207.6 229.8 159.1 157.0 268.6 354.4 269.1 184.7 264.5 307.9 423.9 369.6 172.9 334.9 313.2 542.2 141.4 264.3 158.6 152.7 128.8 536.0 43.9 146.2 147.6 179.6 348.3 143.1 195.4 182.5 346.9 305.1 76.8 66.5 358.3 290.3 250.1 204.2 57.0 346.1 365.1 359.8 312.4 184.1 32.2 183.2 349.8 212.9 172.0
1674.4 307.9 67.0 116.0 310.8 196.9 202.9 377.5 217.9 64.6 411.0 285.3 299.9 203.6 102.6 350.5 273.7 141.5 175.7 280.8 558.8 121.0 328.6 403.9 321.2 132.2 195.0 507.8 177.4 296.7 195.5 278.1 426.7 436.7 257.9 384.9 377.5 205.5 269.0 329.0 221.8 111.1 292.8 203.7 230.5 309.3 251.8 338.7 212.0 176.8 222.5 190.0 160.5 326.9 84.9 136.3 375.7 170.9 466.4 187.2 413.7 357.3 212.9 591.4 252.3 483.0 198.2 0.0 238.7 334.2 208.8 132.7 215.5 256.8 359.8 56.8 300.5 599.0 300.1 348.0 510.0 322.1 442.2 75.4 164.3 333.7 134.3 327.1 711.1 242.2 219.6 218.2 185.9 523.4 318.2 144.7 157.8 339.5 292.8 251.9 264.8 350.9 278.0 161.0 191.9 255.3 355.0 288.3 534.9 286.5 23.5 230.5 358.3 273.0 388.0 347.1
1824.6 133.2 221.2 172.1 339.4 254.7 231.5 406.1 252.8 235.3 439.6 269.4 246.7 106.5 220.2 297.3 213.0 161.4 233.5 42.0 587.4 178.8 89.8 432.5 82.4 145.5 252.8 536.4 235.2 243.5 137.8 306.7 455.3 465.3 304.0 442.7 138.7 33.2 94.3 386.8 265.9 127.2 350.6 261.5 288.3 256.1 7.8 367.3 267.2 220.9 164.8 247.8 218.3 384.7 186.6 111.7 404.3 77.7 498.1 245.0 442.3 385.9 270.7 620.0 310.1 511.6 226.8 257.8 0.0 336.3 261.9 192.8 259.6 314.6 386.9 314.7 358.3 627.6 139.7 350.1 538.6 83.3 592.4 193.3 314.5 362.3 192.1 273.9 713.2 235.5 253.8 252.5 243.7 552.0 317.0 119.6 106.7 397.3 350.6 280.5 211.6 408.7 335.8 174.3 249.7 212.6 116.2 135.2 563.5 82.5 234.3 205.2 386.9 119.9 416.6 375.7
1857.7 184.8 250.3 296.2 93.7 276.9 103.0 164.1 257.1 236.2 254.1 21.0 167.9 171.5 344.3 218.5 60.8 289.7 277.4 320.2 401.9 222.8 368.0 241.2 360.6 269.6 279.2 350.9 284.5 168.1 261.9 121.2 269.8 219.6 377.0 501.5 416.9 244.9 237.6 450.5 409.0 251.3 414.3 325.2 352.0 177.3 291.2 181.8 330.9 364.0 288.9 285.1 262.2 443.5 219.7 235.8 218.8 208.2 312.6 288.5 256.8 179.2 334.4 434.5 373.8 326.1 109.1 290.9 278.1 0.0 266.2 315.8 402.7 378.3 200.5 347.8 417.1 442.1 417.9 130.7 353.1 361.5 625.5 224.7 347.6 176.8 236.0 195.1 493.8 71.0 258.1 256.8 288.8 306.3 100.9 243.7 230.8 456.1 414.3 95.0 132.8 467.5 399.5 298.4 313.4 123.3 394.4 413.4 317.8 360.7 267.4 95.9 201.4 398.1 225.3 190.2
1757.3 284.4 149.9 158.9 269.3 10.6 156.6 336.0 9.0 135.8 369.5 250.2 253.6 221.7 217.4 304.2 227.4 162.8 109.1 291.3 517.3 92.9 339.1 436.9 331.7 142.7 12.9 466.3 99.6 250.4 215.3 236.6 385.2 430.4 113.1 235.2 388.0 216.0 279.5 184.2 282.1 121.6 148.0 58.9 85.7 263.0 257.1 297.2 67.2 237.1 242.3 18.8 93.9 177.2 119.3 146.8 334.2 181.4 424.9 22.2 372.2 315.8 68.1 549.9 107.5 441.5 151.9 190.5 249.2 299.1 0.0 190.0 275.8 112.0 318.3 247.4 150.8 557.5 360.4 312.9 468.5 332.6 525.1 124.3 247.2 292.2 79.9 280.8 676.0 195.9 10.7 9.3 50.6 517.1 283.1 155.0 168.1 189.8 148.0 210.4 218.5 201.2 133.2 171.5 47.1 209.0 365.5 348.6 528.6 331.8 167.0 184.2 316.8 333.3 346.5 305.6
1659.9 262.4 70.1 112.6 327.1 195.7 219.2 392.7 216.2 84.2 427.3 301.6 294.6 145.0 57.9 346.3 251.5 30.4 174.0 197.2 587.4 119.4 261.3 420.2 255.0 46.3 193.3 523.0 181.1 291.4 129.3 294.4 443.0 453.0 244.5 383.2 310.2 139.3 202.8 326.2 92.0 67.7 291.1 202.0 228.8 305.1 184.5 355.0 206.6 47.0 156.3 188.3 158.8 325.2 101.1 70.1 392.0 97.9 484.7 185.5 430.0 373.6 211.2 606.6 250.6 499.3 214.5 147.2 171.4 349.4 207.1 0.0 85.7 255.1 379.5 204.1 298.8 615.3 170.3 363.2 526.3 255.9 427.7 94.4 149.8 350.0 131.5 322.9 726.3 257.4 214.1 216.5 184.2 539.7 334.5 131.1 118.2 336.7 291.1 267.1 260.6 349.2 276.3 64.5 189.1 251.1 288.8 158.5 550.1 156.7 123.7 242.6 373.5 143.2 403.2 363.4
1750.1 329.2 160.3 200.1 414.6 282.7 306.7 481.3 303.7 174.4 514.8 389.1 383.2 232.5 148.1 433.8 339.0 113.7 261.5 219.2 662.6 206.8 305.7 507.7 298.3 133.8 280.8 611.6 263.2 380.0 216.8 381.9 530.5 540.5 343.7 470.7 354.6 226.8 290.3 414.8 6.3 155.2 378.6 289.5 316.3 392.6 258.2 442.5 297.8 40.3 221.9 275.8 246.3 412.7 194.7 157.6 479.5 192.2 570.2 273.0 517.5 461.1 298.7 695.2 338.1 586.8 302.0 237.4 260.0 438.0 294.6 87.4 0.0 342.6 463.6 294.3 386.3 702.8 192.3 451.8 613.8 299.2 517.9 185.2 240.0 437.5 220.1 410.4 814.9 346.0 305.4 304.0 309.7 627.2 422.0 218.6 205.7 425.3 378.6 355.7 348.1 436.7 363.8 148.7 277.7 338.6 332.1 180.5 638.7 178.7 213.9 331.2 462.1 165.2 491.8 450.9
1774.9 336.0 167.5 176.5 356.9 89.7 258.3 423.6 110.7 153.4 457.1 351.9 355.3 239.3 235.0 405.9 329.1 180.4 126.7 308.9 604.9 110.5 356.7 480.7 349.3 160.3 87.8 553.9 117.2 352.1 223.6 324.2 472.8 482.8 109.6 141.3 405.6 233.6 297.1 73.4 299.7 139.2 37.2 55.4 82.2 364.7 274.7 384.8 71.2 254.7 250.6 82.8 111.5 92.8 136.9 164.4 421.8 199.0 512.5 80.0 459.8 403.4 70.3 637.5 38.6 529.1 253.6 208.1 266.8 400.8 101.6 207.6 293.4 0.0 475.2 265.0 64.7 645.1 378.0 414.6 556.1 350.2 542.7 141.9 264.8 379.8 97.5 382.5 777.7 297.6 112.4 111.0 116.7 569.5 384.8 225.4 212.5 95.9 37.2 298.0 320.2 107.3 22.4 189.1 52.8 310.7 383.1 366.2 581.0 349.4 184.6 285.9 404.4 350.9 500.8 393.2
1968.5 334.4 361.1 401.7 126.7 344.3 241.9 176.8 326.2 347.0 206.7 164.0 321.1 321.1 396.7 368.1 210.4 390.3 388.2 473.4 352.8 331.8 521.2 81.5 510.2 371.9 346.6 307.1 388.2 321.3 386.3 111.4 222.4 252.6 446.1 544.4 570.1 394.5 387.2 505.8 511.3 350.8 483.4 394.3 421.1 326.9 439.1 151.6 398.3 466.3 413.3 354.2 373.0 486.4 328.8 376.0 171.4 344.4 263.5 357.6 209.4 153.0 407.1 385.4 442.9 278.7 237.2 401.7 426.0 178.0 335.3 417.5 505.0 447.4 0.0 458.6 460.0 394.7 567.5 226.8 305.7 511.1 736.3 335.5 458.4 129.4 345.1 344.7 584.6 236.9 325.5 325.9 384.3 342.0 193.4 326.0 339.1 495.6 483.4 139.9 282.4 510.4 468.6 399.0 380.8 272.9 544.0 561.3 353.5 513.9 378.2 249.1 152.3 547.7 82.1 142.8
1731.3 364.8 123.9 172.9 367.7 253.8 259.8 434.4 274.8 121.5 467.9 342.2 356.8 260.5 159.5 407.4 330.6 198.4 232.6 337.7 615.7 177.9 385.5 460.8 378.1 189.1 251.9 564.7 234.3 353.6 252.4 335.0 483.6 493.6 314.8 441.8 434.4 262.4 325.9 385.9 278.7 168.0 349.7 260.6 287.4 366.2 308.7 395.6 268.9 233.7 279.4 246.9 217.4 383.8 141.8 193.2 432.6 227.8 523.3 244.1 470.6 414.2 269.8 648.3 309.2 539.9 255.1 56.8 295.6 391.1 265.7 189.6 272.4 313.7 416.7 0.0 357.4 655.9 357.0 404.9 566.9 379.0 499.1 132.3 221.2 390.6 191.2 384.0 768.0 299.1 276.5 275.1 280.8 580.3 375.1 201.6 214.7 396.4 349.7 308.8 321.7 407.8 334.9 217.9 248.8 312.2 411.9 345.2 591.8 343.4 80.3 287.4 415.2 329.9 444.9 404.0
1813.2 374.3 205.8 214.8 395.2 128.0 296.6 461.9 149.0 191.7 495.4 390.2 393.6 277.6 273.3 444.2 367.4 218.7 165.0 347.2 643.2 148.8 395.0 436.6 387.6 198.6 126.1 592.2 155.5 393.8 261.9 362.5 511.1 521.1 77.5 120.8 443.9 271.9 335.4 52.9 338.0 177.5 37.4 79.9 56.0 403.0 313.0 423.1 71.8 293.0 288.9 121.1 149.8 72.3 175.2 202.7 460.1 237.3 550.8 118.3 498.1 441.7 70.9 675.8 87.1 567.4 291.9 246.4 305.1 439.1 139.9 245.9 331.7 72.2 431.1 303.3 0.0 683.4 416.3 452.9 594.4 388.5 581.0 180.2 303.1 418.1 135.8 420.8 816.0 335.9 150.7 149.3 155.0 607.8 423.1 263.7 250.8 75.4 37.4 336.3 358.5 86.8 52.2 227.4 91.1 349.0 421.4 404.5 619.3 387.7 222.9 324.2 442.7 389.2 456.7 431.5
2179.0 580.2 571.6 612.2 376.8 556.5 452.4 350.7 536.7 557.5 204.9 414.1 549.4 554.1 607.2 600.0 460.5 602.5 598.7 700.1 235.5 544.0 747.9 379.2 740.5 582.4 558.8 184.5 600.4 546.2 596.8 321.9 294.1 371.5 659.0 781.1 796.8 624.8 619.1 730.1 721.8 561.3 693.9 604.8 631.6 558.8 665.9 362.1 613.1 676.8 623.8 564.7 583.5 723.1 541.0 586.5 369.7 579.1 157.3 568.1 281.1 330.5 614.0 62.4 653.4 270.6 447.7 612.2 658.0 484.3 545.8 629.7 715.5 657.9 367.6 669.1 696.7 0.0 797.8 527.8 78.9 741.4 946.8 546.0 668.9 327.7 557.3 576.6 890.9 464.8 535.0 536.4 568.4 356.0 498.0 536.5 549.6 735.7 693.9 352.1 514.3 747.1 679.1 611.2 593.0 504.8 774.3 788.3 342.2 740.6 588.7 480.0 257.6 773.0 363.3 268.8
1814.4 271.7 224.6 264.4 455.7 347.0 347.8 522.4 368.0 238.7 555.9 407.9 385.2 245.0 212.4 435.8 351.5 178.0 325.8 86.3 703.7 271.1 172.8 548.8 165.4 198.1 345.1 652.7 327.5 385.4 176.8 423.0 571.6 581.6 408.0 535.0 221.7 171.6 232.8 479.1 198.3 219.5 442.9 353.8 380.6 394.6 130.5 483.6 362.1 153.3 149.8 340.1 310.6 477.0 259.0 221.9 520.6 216.2 611.3 337.3 558.6 502.2 363.0 736.3 402.4 627.9 343.1 301.7 138.4 474.8 358.9 151.7 192.0 406.9 504.7 358.6 450.6 743.9 0.0 488.6 654.9 166.3 582.2 249.5 304.3 478.6 284.4 412.4 851.7 374.0 367.4 368.3 336.0 668.3 455.5 235.9 223.0 489.6 442.9 396.8 350.1 501.0 428.1 190.6 342.0 351.1 199.2 9.1 679.8 45.8 278.2 343.7 503.2 21.0 532.9 492.0
1908.2 228.5 300.8 346.7 144.2 326.8 153.5 102.3 307.6 286.7 219.8 71.5 218.4 222.0 394.8 269.0 111.3 336.0 327.9 370.7 344.1 273.2 418.5 215.1 411.1 320.1 329.7 316.6 329.6 218.6 312.4 107.3 235.5 157.8 418.2 552.0 467.4 295.4 288.1 501.0 459.5 301.8 464.8 375.7 402.5 227.8 336.5 167.9 384.0 414.5 339.4 335.6 312.7 494.0 272.3 286.3 204.9 258.7 278.3 339.0 222.5 117.4 384.9 420.1 424.3 291.8 159.6 341.4 328.6 50.4 316.7 366.3 453.2 428.8 169.5 398.3 467.6 428.2 468.4 0.0 339.2 412.0 676.0 275.2 398.1 162.9 286.5 245.6 461.1 121.5 308.6 307.3 339.3 244.5 68.2 294.2 281.3 506.6 464.8 145.5 183.3 518.0 450.0 352.2 363.9 173.8 444.9 463.9 256.0 411.2 317.9 146.4 167.1 448.6 199.2 170.8
2100.0 501.2 492.6 533.2 297.8 477.5 373.4 369.6 457.7 478.5 223.8 335.1 470.4 475.1 528.2 521.0 381.5 523.5 519.7 621.1 254.4 465.0 668.9 300.2 661.5 503.4 479.8 203.4 521.4 467.2 517.8 242.9 313.0 390.4 580.0 702.1 717.8 545.8 540.1 651.1 642.8 482.3 614.9 525.8 552.6 479.8 592.1 283.1 534.1 597.8 544.8 485.7 504.5 644.1 462.0 507.5 257.2 500.1 176.2 489.1 300.0 349.4 535.0 81.3 574.4 289.5 368.7 533.2 579.0 350.8 466.8 550.7 636.5 578.9 288.6 590.1 617.7 88.9 718.8 394.3 0.0 662.4 867.8 467.0 589.9 215.2 478.3 497.6 832.7 385.8 456.0 457.4 489.4 374.9 364.5 457.5 470.6 656.7 614.9 273.1 435.3 668.1 600.1 532.2 514.0 425.8 695.3 709.3 361.1 661.6 509.7 401.0 276.5 694.0 284.3 287.7
1906.0 214.6 302.6 253.5 420.8 336.1 312.9 487.5 334.2 316.7 521.0 350.8 328.1 187.9 301.6 378.7 294.4 247.0 314.9 97.9 668.8 260.2 6.5 513.9 48.7 226.9 334.2 617.8 316.6 328.3 219.2 388.1 536.7 546.7 397.1 524.1 55.3 114.5 175.7 468.2 321.8 208.6 432.0 342.9 369.7 337.5 73.4 448.7 351.2 276.8 246.2 329.2 299.7 466.1 268.0 193.1 485.7 159.1 576.4 326.4 523.7 467.3 352.1 701.4 391.5 593.0 308.2 339.2 81.3 417.7 343.3 274.2 315.5 396.0 469.8 396.1 439.7 709.0 195.6 431.5 620.0 0.0 673.8 273.0 395.9 443.7 273.5 355.3 794.6 316.9 332.5 333.9 363.1 633.4 398.4 201.0 188.1 478.7 432.0 361.9 293.0 490.1 417.2 255.7 331.1 294.0 32.8 191.1 644.9 138.4 315.7 286.6 468.3 175.8 498.0 457.1
1742.5 576.2 318.8 384.3 579.1 465.2 471.2 645.8 486.2 332.9 679.3 553.6 568.2 471.9 337.5 618.8 542.0 376.4 444.0 541.2 827.1 389.3 596.9 672.2 589.5 396.5 463.3 776.1 445.7 568.4 463.8 546.4 695.0 705.0 526.2 646.7 645.8 473.8 537.3 666.3 436.0 379.4 561.1 472.0 498.8 577.6 520.1 607.0 480.3 391.0 490.8 458.3 428.8 595.2 353.2 404.6 644.0 439.2 734.7 455.5 682.0 625.6 481.2 859.7 520.6 751.3 466.5 395.9 507.0 602.5 477.1 361.2 429.7 525.1 628.1 452.8 568.8 867.3 514.3 616.3 778.3 590.4 0.0 343.7 308.7 602.0 402.6 595.4 979.4 510.5 487.9 486.5 492.2 791.7 586.5 413.0 426.1 656.1 561.1 520.2 533.1 667.5 546.3 411.4 460.2 523.6 623.3 502.5 803.2 500.7 372.4 498.8 626.6 487.2 656.3 615.4
1631.8 233.3 24.4 65.0 234.1 120.7 126.2 300.8 141.2 10.3 334.3 208.6 225.0 128.7 60.0 273.8 197.0 71.4 99.0 204.1 494.4 44.4 251.9 327.2 244.5 55.5 118.3 432.9 106.1 225.2 118.8 201.4 350.0 360.0 169.5 308.2 300.8 128.8 192.3 252.3 194.9 34.4 216.1 127.0 153.8 232.6 176.9 262.0 132.7 149.9 145.8 113.3 83.8 250.2 4.9 59.6 299.0 87.4 392.8 110.5 337.0 280.6 136.2 514.7 175.6 406.3 121.5 65.0 162.0 257.5 132.1 101.7 188.6 180.1 286.5 121.9 223.8 522.3 273.2 273.1 433.3 245.4 399.6 0.0 121.1 257.0 57.6 250.4 634.4 167.3 142.0 141.5 147.2 446.7 241.5 68.0 81.1 264.6 216.1 175.2 188.1 274.2 201.3 87.6 115.2 178.6 278.3 261.4 458.2 244.6 41.5 153.8 281.6 246.1 313.1 270.4
1510.0 387.6 121.3 186.8 381.6 340.7 273.7 448.3 361.2 135.4 481.8 356.1 370.7 274.4 140.0 421.3 344.5 178.9 246.5 343.7 641.9 191.8 399.4 474.7 392.0 199.0 338.3 578.6 253.6 367.5 266.3 348.9 497.5 507.5 251.0 337.9 448.3 276.3 339.8 352.1 238.5 181.9 344.9 292.1 268.2 380.1 317.4 409.5 284.0 193.5 293.3 333.3 231.3 333.8 155.7 207.1 446.5 234.9 540.3 330.5 484.5 428.1 283.1 662.2 305.5 553.8 269.0 198.4 309.5 405.0 352.1 163.7 232.2 339.0 430.6 255.3 307.4 669.8 316.8 418.8 580.8 392.9 423.3 146.2 0.0 404.5 205.1 397.9 781.9 313.0 360.2 361.5 329.2 594.2 389.0 215.5 228.6 329.6 344.9 322.7 335.6 318.2 331.2 213.9 303.3 326.1 425.8 305.0 605.7 303.2 174.9 301.3 429.1 289.7 458.8 417.9
1932.7 333.9 325.3 365.9 130.5 310.2 206.1 131.2 290.4 311.2 145.7 167.8 303.1 307.8 360.9 353.7 214.2 356.2 352.4 453.8 293.5 297.7 501.6 132.9 494.2 336.1 312.5 242.5 354.1 299.9 350.5 75.6 161.4 238.8 412.7 534.8 550.5 378.5 372.8 483.8 475.5 315.0 447.6 358.5 385.3 312.5 424.8 115.8 366.8 430.5 377.5 318.4 337.2 476.8 294.7 340.2 41.9 332.8 201.1 321.8 148.4 111.0 367.7 285.6 407.1 217.7 201.4 365.9 411.7 183.5 299.5 383.4 469.2 411.6 121.3 422.8 450.4 293.2 551.5 227.0 204.2 495.1 700.5 299.7 422.6 0.0 311.0 330.3 590.1 218.5 288.7 290.1 322.1 281.0 197.2 290.2 303.3 489.4 447.6 105.8 268.0 500.8 432.8 364.9 346.7 258.5 528.0 542.0 292.5 494.3 342.4 233.7 93.0 526.7 117.0 81.8
1677.3 259.1 69.9 78.9 259.3 62.5 151.4 326.0 83.5 55.8 359.5 233.8 292.4 141.7 137.4 343.0 248.2 82.8 41.3 211.3 507.3 12.9 259.1 435.5 251.7 62.7 60.6 456.3 48.4 289.2 126.0 226.6 375.2 385.2 121.1 250.5 308.0 136.0 199.5 194.6 202.1 41.6 158.4 69.3 96.1 301.8 177.1 287.2 75.0 157.1 153.0 55.6 26.1 192.5 41.4 66.8 324.2 101.4 418.0 52.8 362.2 305.8 78.5 539.9 117.9 431.5 146.7 110.5 169.2 282.7 74.4 108.9 195.8 122.4 306.8 167.4 166.1 547.5 280.4 296.5 458.5 252.6 445.1 44.3 167.2 282.2 0.0 319.6 659.6 190.7 82.5 83.8 89.5 471.9 266.7 127.8 114.9 205.1 158.4 200.4 257.3 216.5 143.6 91.5 57.5 247.8 285.5 268.6 483.4 251.8 87.0 179.0 306.8 253.3 336.5 295.6
1893.2 137.8 285.8 301.7 238.3 286.5 112.6 321.2 266.7 271.7 354.7 165.6 78.0 177.0 349.8 128.6 109.2 295.2 312.9 313.2 502.5 258.2 361.0 347.6 353.6 275.1 288.8 451.5 314.6 74.8 267.4 221.8 370.4 363.8 389.0 511.1 409.9 237.9 176.7 460.1 414.5 256.8 423.9 334.8 361.6 16.5 284.2 282.4 343.1 369.5 294.4 294.7 297.7 453.1 255.2 241.3 319.4 202.0 410.1 298.1 357.4 301.0 344.0 535.1 383.4 426.7 118.7 326.4 271.1 232.5 275.8 322.4 408.2 387.9 303.5 383.3 426.7 542.7 410.9 246.3 453.7 354.5 661.0 260.2 383.1 277.4 271.5 0.0 609.4 113.7 265.0 266.4 298.4 450.5 213.2 249.2 236.3 465.7 423.9 195.6 49.4 477.1 409.1 303.9 323.0 58.9 387.4 406.4 462.0 353.7 302.9 83.4 302.0 391.1 331.7 290.8
2220.0 561.0 612.6 658.5 406.1 638.6 465.3 386.6 619.4 598.5 504.1 383.3 530.2 533.8 706.6 580.8 423.1 652.0 639.7 682.5 619.0 585.1 730.3 499.4 722.9 631.9 641.5 600.9 641.4 530.4 624.2 391.6 519.8 442.1 730.0 863.8 779.2 607.2 599.9 812.8 771.3 613.6 776.6 687.5 714.3 539.6 648.3 452.2 693.2 726.3 651.2 647.4 624.5 805.8 584.1 598.1 489.2 570.5 562.6 650.8 506.8 401.7 696.7 704.4 736.1 576.1 471.4 653.2 640.4 362.2 628.5 678.1 765.0 740.6 458.7 710.1 779.4 712.5 780.2 328.6 623.5 723.8 987.8 587.0 709.9 447.2 598.3 557.4 0.0 433.3 620.4 619.1 651.1 528.8 310.4 606.0 593.1 818.4 776.6 457.3 495.1 829.8 761.8 664.0 675.7 485.6 756.7 775.7 540.3 723.0 629.7 458.2 451.4 760.4 483.5 455.1
1812.5 141.5 205.1 257.0 145.4 205.2 31.9 197.4 186.0 191.0 274.0 72.7 110.7 132.3 305.1 161.3 83.5 250.5 232.2 281.0 434.1 177.5 328.8 292.9 321.4 230.4 208.1 370.8 233.9 107.5 222.7 141.1 289.7 252.9 308.3 430.4 377.7 205.7 180.4 379.4 369.8 212.1 343.2 254.1 280.9 120.1 252.0 201.7 259.8 324.8 249.7 214.0 217.0 372.4 176.6 196.6 238.7 169.0 332.5 217.4 276.7 220.3 263.3 454.4 302.7 346.0 38.0 245.7 238.9 121.6 195.1 276.6 363.5 307.2 247.3 302.6 346.0 462.0 378.7 135.4 373.0 322.3 580.3 179.5 302.4 196.7 190.8 137.9 498.5 0.0 187.0 185.7 217.7 339.6 105.6 204.5 191.6 385.0 343.2 114.9 75.6 396.4 328.4 259.2 242.3 66.1 355.2 374.2 351.1 321.5 222.2 41.3 221.3 358.9 277.0 210.1
1765.4 262.4 158.0 167.0 261.2 18.7 148.5 327.9 0.9 143.9 361.4 242.1 245.5 240.9 225.5 296.1 219.3 170.9 117.2 310.5 521.5 100.9 358.3 428.8 350.9 150.8 21.0 458.2 107.7 242.3 207.2 228.5 377.1 422.3 121.2 243.3 407.2 235.2 298.7 192.3 290.2 129.7 156.1 67.0 93.8 254.9 276.3 289.1 72.7 245.2 234.2 26.9 102.0 185.3 129.5 154.9 326.1 200.6 419.9 30.3 364.1 307.7 76.2 541.8 115.6 433.4 143.8 198.6 268.4 291.0 8.0 197.0 283.9 120.1 308.7 255.5 158.9 549.4 368.5 304.8 460.4 351.8 533.2 132.4 255.3 284.1 88.0 272.7 667.9 187.8 0.0 1.2 58.7 509.0 275.0 146.9 160.0 197.9 156.1 202.3 210.4 209.3 141.3 179.6 55.2 200.9 384.7 356.7 520.5 351.0 175.1 176.1 308.7 341.4 338.4 297.5
1766.7 275.0 159.3 168.3 259.9 20.0 147.2 326.6 0.3 145.2 360.1 240.8 244.2 239.6 226.8 294.8 218.0 172.2 118.5 309.2 507.9 102.3 357.0 427.5 349.6 152.1 22.3 456.9 109.0 241.0 205.9 227.2 375.8 421.0 122.5 244.6 405.9 233.9 297.4 193.6 291.5 131.0 157.4 68.3 95.1 253.6 280.2 287.8 76.6 246.5 232.9 28.2 103.3 186.6 128.7 156.2 324.8 199.3 415.5 31.6 362.8 306.4 77.5 540.5 116.9 432.1 142.5 199.9 267.1 289.7 9.3 199.4 285.2 121.4 308.9 256.8 160.2 548.1 369.8 303.5 459.1 350.5 534.5 133.7 256.6 282.8 89.3 271.4 666.6 186.5 1.4 0.0 60.0 507.7 273.7 145.6 158.7 199.2 157.4 201.0 209.1 210.6 142.6 180.9 56.5 199.6 383.4 358.0 519.2 349.7 176.4 174.8 307.4 342.7 337.1 296.2
1765.6 292.4 158.2 167.2 291.2 51.9 178.5 357.9 72.9 112.2 433.4 272.1 275.5 198.1 193.8 368.1 249.3 139.2 117.4 299.6 593.5 101.1 347.4 419.5 308.1 151.0 8.0 488.2 81.4 272.3 214.3 258.5 449.1 452.3 121.4 211.6 396.3 192.4 287.8 160.6 258.5 129.9 156.3 67.2 94.0 284.9 233.5 361.1 41.0 245.4 209.4 3.1 102.2 153.6 97.8 123.2 356.1 189.7 449.9 0.2 394.1 337.7 44.5 613.8 115.8 505.4 173.8 198.8 225.6 321.0 21.8 197.2 252.2 88.4 415.7 255.7 159.1 579.4 336.8 376.8 490.4 340.9 533.4 132.6 255.5 314.1 56.3 344.7 697.9 217.8 29.9 73.2 0.0 539.0 305.0 176.9 171.3 198.1 156.3 232.3 240.4 177.6 109.6 183.1 55.4 272.9 373.8 356.9 592.5 308.2 175.3 248.1 338.7 341.6 471.5 369.5
2098.6 461.8 491.2 559.3 258.2 476.1 381.8 224.0 456.3 477.1 206.4 277.5 431.0 434.6 607.4 481.6 323.9 552.8 518.3 583.3 99.5 463.6 631.1 351.5 623.7 532.7 478.4 157.8 520.0 427.8 525.0 243.7 127.2 104.3 578.6 700.7 680.0 508.0 500.7 649.7 672.1 514.4 613.5 524.4 551.2 440.4 554.3 304.3 532.7 627.1 552.0 484.3 503.1 642.7 460.6 498.9 317.7 459.6 213.3 487.7 140.2 239.1 533.6 314.0 573.0 278.4 387.9 531.8 541.2 278.7 465.4 580.0 665.8 577.5 307.4 588.7 616.3 325.8 681.0 322.2 354.7 624.6 866.4 465.6 588.5 275.7 476.9 458.2 685.3 349.8 454.6 456.0 488.0 0.0 292.4 506.8 493.9 655.3 613.5 271.7 395.9 666.7 598.7 561.5 512.6 386.4 657.5 676.5 11.4 623.8 508.3 359.0 205.6 661.2 335.6 216.8
1943.3 236.3 335.9 333.8 175.1 336.6 162.7 123.6 316.8 321.8 241.1 102.4 205.5 209.1 381.9 256.1 98.4 327.3 395.2 357.8 365.4 340.5 405.6 236.4 398.2 307.2 338.9 337.9 396.9 202.3 299.5 128.6 256.8 179.1 439.1 561.2 454.5 282.5 275.2 510.2 446.6 288.9 474.0 384.9 411.7 214.9 328.8 189.2 393.2 401.6 326.5 344.8 380.0 503.2 305.3 273.4 226.2 234.1 296.5 348.2 243.8 138.7 394.1 441.4 433.5 313.1 168.8 376.5 315.7 99.2 325.9 354.5 440.3 438.0 192.3 433.4 476.8 449.5 455.5 65.6 360.5 399.1 711.1 310.3 433.2 184.2 353.8 232.7 404.9 163.8 315.1 316.5 376.6 265.8 0.0 281.3 268.4 515.8 474.0 194.4 170.4 527.2 459.2 336.0 373.1 160.9 432.0 451.0 277.3 398.3 353.0 133.5 188.4 435.7 220.5 192.1
1716.1 190.6 108.7 112.5 219.7 152.9 111.8 286.4 133.1 94.6 319.9 194.2 208.8 93.9 160.6 259.4 182.6 106.0 173.9 163.5 467.7 119.2 211.3 312.8 203.9 85.9 155.2 416.7 175.6 209.0 60.2 187.0 335.6 345.6 255.4 377.5 260.2 88.2 151.7 326.5 225.3 67.6 290.3 201.2 228.0 218.2 129.3 247.6 209.5 180.3 87.2 161.1 158.7 319.5 78.1 52.1 284.6 53.6 375.3 164.5 322.6 266.2 210.4 500.3 249.8 391.9 107.1 149.3 121.4 243.1 142.2 133.2 219.0 254.3 268.7 206.2 293.1 507.9 261.2 256.9 418.9 204.8 483.9 83.1 206.0 242.6 132.5 236.0 620.0 151.1 131.4 132.8 192.9 432.3 227.1 0.0 13.0 332.1 290.3 160.8 173.7 343.5 275.5 114.7 189.4 164.2 237.7 253.9 443.8 204.0 125.8 139.4 267.2 238.6 296.9 256.0
1729.0 177.5 148.5 99.4 232.6 165.8 124.7 299.3 146.0 107.5 332.8 207.1 221.7 80.8 147.5 272.3 187.3 92.9 160.8 150.4 480.6 106.1 198.2 325.7 190.8 72.8 168.1 429.6 162.5 218.5 47.1 199.9 348.5 358.5 243.0 370.0 247.1 75.1 138.6 314.1 212.2 54.5 277.9 188.8 215.6 231.1 121.4 260.5 197.1 167.2 74.1 174.0 145.6 312.0 91.0 39.0 297.5 40.5 388.2 172.3 335.5 279.1 198.0 513.2 237.4 404.8 120.0 162.2 108.3 256.0 155.1 120.1 205.9 241.9 281.6 219.1 285.6 520.8 248.1 269.8 431.8 191.7 496.8 96.0 218.9 255.5 119.4 248.9 632.9 164.0 144.3 145.7 209.0 445.2 240.0 12.8 0.0 324.6 277.9 173.7 186.6 336.0 263.1 101.6 177.0 177.1 224.6 240.8 456.7 190.9 138.7 152.3 280.1 225.5 309.8 268.9
1750.2 450.2 261.0 270.0 450.4 183.7 351.8 517.1 204.2 246.9 550.6 445.4 448.8 332.8 328.5 499.4 422.6 273.9 220.2 402.4 698.4 203.9 450.2 496.9 442.8 253.8 181.3 647.4 216.1 449.0 317.1 417.7 566.3 576.3 103.6 45.3 499.1 327.1 390.6 22.4 393.2 232.7 58.6 140.2 116.3 458.2 368.2 478.3 132.1 348.2 344.1 176.3 205.0 73.7 232.5 257.9 515.3 292.5 609.1 173.5 553.3 496.9 131.2 731.0 108.3 622.6 347.1 301.6 360.3 494.3 195.1 300.0 386.9 93.4 487.8 358.5 85.4 738.6 471.5 508.1 649.6 443.7 636.2 235.4 358.3 473.3 191.0 476.0 871.2 391.1 203.2 204.5 210.2 663.0 478.3 318.9 306.0 0.0 58.6 391.5 413.7 11.3 73.4 282.6 146.3 404.2 476.6 459.7 674.5 442.9 278.1 379.4 497.9 444.4 517.0 486.7
1809.7 370.8 202.3 211.3 391.7 124.5 293.1 458.4 145.5 188.2 491.9 386.7 390.1 274.1 269.8 440.7 363.9 215.2 161.5 343.7 639.7 145.3 391.5 464.1 384.1 195.1 122.6 588.7 152.0 386.9 258.4 359.0 507.6 517.6 105.0 104.0 440.4 268.4 331.9 36.1 334.5 174.0 0.0 90.3 83.5 399.5 314.7 419.6 82.2 289.5 285.4 117.6 146.3 55.5 171.7 199.2 456.6 233.8 547.3 114.8 494.6 438.2 81.3 672.3 49.6 563.9 288.4 242.9 301.6 435.6 136.4 242.4 328.2 34.7 458.6 299.8 27.4 679.9 412.8 449.4 590.9 385.0 577.5 176.7 299.6 414.6 132.3 417.3 812.5 332.4 147.2 145.8 113.5 604.3 419.6 260.2 247.3 58.6 0.0 332.8 355.0 70.0 14.8 223.9 87.6 345.5 417.9 401.0 615.8 384.2 219.4 320.7 439.2 385.7 484.2 428.0
1826.8 228.0 219.4 260.0 58.8 204.3 100.2 125.5 184.5 205.3 159.0 96.1 197.2 201.9 255.0 247.8 142.5 250.3 246.5 347.9 306.8 191.9 395.7 151.9 388.3 230.2 206.6 255.8 248.2 194.0 244.6 26.1 174.7 184.7 295.1 428.9 444.6 272.6 266.9 377.9 369.6 209.1 341.7 252.6 279.4 206.6 313.7 86.7 258.3 324.6 271.6 212.5 231.3 370.9 188.8 234.3 123.7 226.9 217.5 215.9 161.7 105.3 261.8 339.4 301.2 231.0 95.5 260.0 305.8 111.8 193.6 276.4 363.3 305.7 106.3 316.9 344.5 347.0 445.6 155.3 258.0 389.2 594.6 193.8 316.7 81.7 205.1 224.4 518.4 112.6 185.5 184.2 244.3 271.4 125.5 184.3 197.4 383.5 341.7 0.0 162.1 394.9 326.9 259.0 240.8 152.6 422.1 436.1 282.9 388.4 236.5 127.8 106.3 420.8 136.0 95.1
1843.7 88.3 236.3 252.2 188.8 237.0 63.1 271.7 217.2 222.2 305.2 116.1 35.0 127.5 300.3 85.6 59.7 245.7 263.4 263.7 453.0 208.7 311.5 298.1 304.1 225.6 239.3 402.0 265.1 35.2 217.9 172.3 320.9 314.3 339.5 461.6 360.4 188.4 127.2 410.6 365.0 207.3 374.4 285.3 312.1 44.4 234.7 232.9 293.6 320.0 244.9 245.2 248.2 403.6 205.7 191.8 269.9 152.5 360.6 248.6 307.9 251.5 294.5 485.6 333.9 377.2 69.2 276.9 221.6 183.0 226.3 272.9 358.7 338.4 254.0 333.8 377.2 493.2 361.4 196.8 404.2 305.0 611.5 210.7 333.6 227.9 222.0 62.2 559.9 64.2 215.5 216.9 248.9 401.0 163.7 199.7 186.8 416.2 374.4 146.1 0.0 427.6 359.6 254.4 273.5 9.4 337.9 356.9 412.5 304.2 253.4 33.9 252.5 341.6 282.2 241.3
1738.8 438.1 269.6 278.6 459.0 191.8 360.4 525.7 212.8 255.5 559.2 454.0 457.4 341.4 337.1 508.0 431.2 282.5 228.8 411.0 707.0 212.6 458.8 508.3 451.4 262.4 189.9 656.0 219.3 457.6 325.7 426.3 574.9 584.9 92.2 33.9 507.7 335.7 399.2 33.8 401.8 241.3 70.0 143.7 119.8 466.8 376.8 486.9 135.6 356.8 352.7 184.9 213.6 85.1 239.0 266.5 523.9 301.1 614.6 182.1 561.9 505.5 134.7 739.6 119.7 631.2 355.7 310.2 368.9 502.9 203.7 309.7 395.5 104.8 502.8 367.1 96.8 747.2 480.1 516.7 658.2 452.3 644.8 244.0 366.9 481.9 199.6 484.6 879.8 399.7 214.5 213.1 218.8 671.6 486.9 327.5 314.6 11.3 70.0 400.1 422.3 0.0 84.8 291.2 154.9 412.8 485.2 468.3 683.1 451.5 286.7 388.0 506.5 453.0 528.4 495.3
1794.9 356.0 187.5 196.5 376.9 109.7 278.3 443.6 130.7 173.4 477.1 371.9 375.3 259.3 255.0 425.9 349.1 200.4 146.7 328.9 624.9 130.5 376.7 478.9 369.3 180.3 107.8 573.9 137.2 372.1 243.6 344.2 492.8 502.8 114.5 118.8 425.6 253.6 317.1 50.9 319.7 159.2 14.8 75.5 98.3 384.7 299.9 404.8 67.4 274.7 270.6 102.8 131.5 70.3 156.9 184.4 441.8 219.0 532.5 100.0 479.8 423.4 66.5 657.5 34.8 549.1 273.6 228.1 286.8 420.8 121.6 227.6 313.4 19.9 473.4 285.0 42.2 665.1 398.0 434.6 576.1 370.2 562.7 161.9 284.8 399.8 117.5 402.5 797.7 317.6 132.4 131.0 136.7 589.5 404.8 245.4 232.5 73.4 14.8 318.0 340.2 84.8 0.0 209.1 72.8 330.7 403.1 386.2 601.0 369.4 204.6 305.9 424.4 370.9 499.0 413.2
1711.0 234.8 100.5 85.0 299.5 168.1 191.6 369.5 188.6 114.6 399.7 274.0 268.1 120.7 99.5 318.7 223.9 40.7 146.4 187.0 559.8 91.8 234.8 392.6 227.4 18.7 165.7 496.5 153.5 264.9 101.7 266.8 415.4 425.4 216.9 355.6 283.7 111.7 175.2 299.7 164.2 40.1 263.5 174.4 201.2 277.5 152.8 327.4 180.1 119.2 126.6 160.7 131.2 297.6 131.5 42.5 364.4 70.3 458.2 157.9 402.4 346.0 186.9 580.1 223.0 471.7 186.9 170.7 144.9 322.9 179.5 71.0 157.9 227.5 351.9 227.6 271.2 587.7 199.2 336.7 498.7 228.3 478.8 124.8 200.9 322.4 105.0 295.3 699.8 234.2 187.6 188.9 194.6 512.1 306.9 103.5 90.6 313.5 263.5 240.6 233.0 321.6 248.7 0.0 162.6 223.5 261.2 184.1 523.6 185.6 147.2 216.1 347.0 172.1 376.7 335.8
1722.0 297.0 114.6 123.6 304.0 36.8 205.4 370.7 57.8 100.5 404.2 299.0 302.4 186.4 182.1 353.0 276.2 123.3 73.8 256.0 552.0 57.6 303.8 427.8 296.4 107.4 34.9 501.0 64.3 299.2 170.7 271.3 419.9 429.9 65.9 188.0 352.7 180.7 244.2 137.0 246.8 86.3 100.8 11.7 38.5 311.8 227.0 331.9 17.4 201.8 197.7 29.9 58.6 130.0 84.0 111.5 368.9 146.1 462.7 27.1 406.9 350.5 20.9 584.6 60.3 476.2 200.7 155.2 213.9 347.9 48.7 153.6 240.5 64.8 418.7 212.1 103.6 592.2 325.1 361.7 503.2 297.3 489.8 89.0 211.9 326.9 44.6 329.6 724.8 244.7 56.8 58.1 25.8 516.6 331.9 172.5 159.6 142.6 100.8 245.1 267.3 154.0 86.0 136.2 0.0 257.8 330.2 313.3 528.1 296.5 131.7 233.0 351.5 298.0 447.9 340.3
1834.2 75.3 226.8 242.7 179.3 227.5 53.6 262.2 207.7 212.7 295.7 106.6 44.5 118.0 290.8 95.1 50.2 236.2 253.9 250.7 443.5 199.2 298.5 288.6 291.1 216.1 229.8 392.5 255.6 41.3 208.4 162.8 311.4 304.8 330.0 452.1 347.4 175.4 114.2 401.1 355.5 197.8 364.9 275.8 302.6 53.9 216.5 223.4 284.1 310.5 235.4 235.7 238.7 394.1 196.2 182.3 260.4 143.0 351.1 239.1 298.4 242.0 285.0 476.1 324.4 367.7 59.7 267.4 208.6 173.5 216.8 263.4 349.2 328.9 244.5 324.3 367.7 483.7 348.4 187.3 394.7 292.0 602.0 201.2 324.1 218.4 212.5 71.7 550.4 54.7 206.0 207.4 267.5 391.5 154.2 190.2 177.3 406.7 364.9 136.6 9.4 418.1 350.1 244.9 264.0 0.0 324.9 343.9 403.0 291.2 243.9 24.4 243.0 328.6 272.7 231.8
1944.5 253.1 341.1 292.0 459.3 374.6 351.4 526.0 372.7 355.2 559.5 389.3 366.6 226.4 340.1 417.2 332.9 285.5 353.4 136.4 707.3 298.7 32.4 552.4 87.2 265.4 372.7 656.3 355.1 363.4 257.7 426.6 575.2 585.2 435.6 562.6 82.8 153.0 214.2 506.7 360.3 247.1 470.5 381.4 408.2 376.0 106.7 487.2 389.7 315.3 284.7 367.7 338.2 504.6 306.5 231.6 524.2 197.6 614.9 364.9 562.2 505.8 390.6 739.9 430.0 631.5 346.7 377.7 119.8 456.2 381.8 312.7 354.0 434.5 508.3 434.6 478.2 747.5 234.1 470.0 658.5 38.4 712.3 311.5 434.4 482.2 312.0 393.8 833.1 355.4 371.0 372.4 401.6 671.9 436.9 239.5 226.6 517.2 470.5 400.4 331.5 528.6 455.7 294.2 369.6 332.5 0.0 229.6 683.4 176.9 354.2 325.1 506.8 214.3 536.5 495.6
1805.2 283.2 215.4 255.2 446.5 337.8 338.6 513.2 358.8 229.5 546.7 398.7 376.0 235.8 203.2 426.6 342.3 168.8 316.6 77.1 706.8 261.9 163.6 539.6 156.2 188.9 335.9 643.5 323.7 376.2 167.6 413.8 562.4 572.4 387.1 525.8 212.5 162.4 223.6 469.9 189.1 210.3 433.7 344.6 371.4 385.4 121.3 474.4 352.9 144.1 140.6 330.9 301.4 467.8 249.8 212.7 511.4 211.5 605.2 328.1 549.4 493.0 353.8 727.1 393.2 618.7 333.9 292.5 129.2 465.6 349.7 142.5 182.8 397.7 498.9 349.4 441.4 734.7 11.7 479.4 645.7 157.1 573.0 240.3 295.1 469.4 275.2 403.2 842.5 364.8 357.8 359.1 364.8 659.1 446.3 226.7 213.8 480.4 433.7 387.6 340.9 491.8 418.9 178.1 332.8 341.9 190.0 0.0 670.6 36.6 269.0 334.5 494.0 11.9 523.7 482.8
2112.4 475.6 505.0 573.1 272.0 489.9 395.6 237.8 470.1 490.9 220.2 291.3 444.8 448.4 621.2 495.4 337.7 562.4 532.1 597.1 88.1 477.5 644.9 365.3 637.5 546.5 492.2 146.3 539.2 441.6 538.8 257.5 141.0 118.1 592.4 714.5 693.8 521.8 514.5 663.5 685.9 528.2 627.3 538.2 565.0 454.2 568.1 318.1 546.5 640.9 565.8 498.1 516.9 656.5 474.4 512.7 331.5 473.4 198.4 501.5 154.0 252.9 547.4 302.5 586.8 292.2 401.7 545.6 555.0 292.5 479.2 592.7 679.6 591.3 321.2 602.5 630.1 314.3 694.8 336.0 343.2 638.4 880.2 481.1 602.3 289.5 490.7 472.0 699.1 363.6 471.1 469.8 529.9 13.7 306.2 520.6 507.7 669.1 627.3 285.5 409.7 680.5 612.5 578.6 526.4 400.2 671.3 690.3 0.0 637.6 522.1 372.8 219.4 675.0 349.4 230.6
1799.4 225.8 209.6 249.4 432.0 332.0 324.1 498.7 345.4 223.7 532.2 362.0 339.3 199.1 197.4 389.9 305.6 163.0 310.8 40.4 680.0 256.1 126.9 525.1 119.5 183.1 330.1 629.0 312.5 336.1 161.8 399.3 547.9 557.9 393.0 520.0 175.8 125.7 186.9 464.1 183.3 204.5 427.9 338.8 365.6 348.7 84.6 459.9 344.5 138.3 134.8 325.1 295.6 462.0 240.6 204.3 496.9 176.7 590.7 322.3 534.9 478.5 348.0 712.6 387.4 604.2 319.4 286.7 92.5 428.9 343.9 136.7 177.0 391.9 481.0 343.6 435.6 720.2 64.4 442.7 631.2 120.4 567.2 233.9 289.3 454.9 269.4 366.5 805.8 328.1 346.4 345.1 321.0 644.6 409.6 212.2 199.3 474.6 427.9 373.1 304.2 486.0 413.1 172.3 327.0 305.2 153.3 52.6 656.1 0.0 263.2 297.8 479.5 37.3 509.2 468.3
1650.9 284.4 43.5 92.5 287.3 173.4 179.4 354.0 194.4 41.1 387.5 261.8 276.4 180.1 79.1 327.0 250.2 118.0 152.2 257.3 535.3 97.5 305.1 380.4 297.7 108.7 171.5 484.3 153.9 273.2 172.0 254.6 403.2 413.2 234.4 361.4 354.0 182.0 245.5 305.5 198.3 87.6 269.3 180.2 207.0 285.8 228.3 315.2 188.5 153.3 199.0 166.5 137.0 303.4 61.4 112.8 352.2 147.4 442.9 163.7 390.2 333.8 189.4 567.9 228.8 459.5 174.7 23.5 215.2 310.7 185.3 109.2 192.0 233.3 336.3 80.3 277.0 575.5 276.6 324.5 486.5 298.6 418.7 51.9 140.8 310.2 110.8 303.6 687.6 218.7 196.1 194.7 200.4 499.9 294.7 121.2 134.3 316.0 269.3 228.4 241.3 327.4 254.5 137.5 168.4 231.8 331.5 264.8 511.4 263.0 0.0 207.0 334.8 249.5 364.5 323.6
1809.7 100.1 202.3 215.6 171.0 202.4 29.1 237.7 183.2 188.2 271.2 99.5 69.3 90.9 263.7 119.9 43.1 209.1 229.4 239.6 419.0 174.8 287.4 264.1 280.0 189.0 205.3 368.0 236.5 66.1 181.3 138.3 286.9 283.2 305.5 427.6 336.3 164.3 139.0 376.6 328.4 170.7 340.4 251.3 278.1 78.7 210.6 198.9 257.0 283.4 208.3 211.2 214.2 369.6 171.7 155.2 235.9 115.9 329.7 214.6 273.9 217.5 260.5 451.6 299.9 343.2 35.2 242.9 197.5 151.9 192.3 235.2 322.1 304.4 218.5 299.8 343.2 459.2 337.3 165.7 370.2 280.9 577.5 176.7 299.6 193.9 188.0 96.5 528.8 30.2 184.2 182.9 243.0 369.9 135.9 163.1 150.2 382.2 340.4 112.1 34.2 393.6 325.6 217.8 239.5 24.7 313.8 332.8 381.4 280.1 219.4 0.0 218.5 317.5 248.2 207.3
1954.3 425.4 346.9 387.5 152.1 331.2 227.7 93.0 312.0 332.8 52.6 243.4 394.6 398.2 382.5 445.2 287.5 377.8 374.0 546.9 200.4 319.4 594.7 154.5 587.3 357.7 334.1 149.4 381.1 394.8 372.1 97.2 68.3 145.7 422.6 556.4 643.6 471.6 464.3 505.4 497.1 336.6 469.2 380.1 406.9 404.0 512.7 137.4 385.8 452.1 399.1 340.0 358.8 498.4 316.3 361.8 112.0 358.7 111.1 343.4 55.3 72.8 389.3 252.9 428.7 124.6 223.0 387.5 504.8 226.6 321.1 403.9 490.8 433.2 141.4 444.4 472.0 264.7 644.6 270.1 246.3 588.2 722.1 321.3 444.2 70.0 332.6 421.8 633.2 297.7 313.0 311.7 371.8 187.9 240.3 311.8 324.9 511.0 469.2 127.4 359.5 522.4 454.4 386.5 368.3 350.0 621.1 563.6 199.4 587.4 364.0 322.6 0.0 548.3 138.6 11.1
1793.3 250.6 203.5 243.3 434.6 325.9 326.7 501.3 346.9 217.6 534.8 386.8 364.1 223.9 191.3 414.7 330.4 156.9 304.7 65.2 682.6 250.0 151.7 527.7 144.3 177.0 324.0 631.6 306.4 360.9 155.7 401.9 550.5 560.5 386.9 513.9 200.6 150.5 211.7 458.0 177.2 198.4 421.8 332.7 359.5 373.5 104.2 462.5 341.0 132.2 128.7 319.0 289.5 455.9 237.9 200.8 499.5 195.1 590.2 316.2 537.5 481.1 341.9 715.2 381.3 606.8 322.0 280.6 117.3 453.7 337.8 130.6 170.9 385.8 483.6 337.5 429.5 722.8 27.1 467.5 633.8 145.2 561.1 228.4 283.2 457.5 263.3 391.3 830.6 352.9 346.3 347.2 352.9 647.2 434.4 214.8 201.9 468.5 421.8 375.7 329.0 479.9 407.0 169.5 320.9 330.0 178.1 15.3 658.7 24.7 257.1 322.6 482.1 0.0 511.8 470.9
1962.0 363.2 354.6 395.2 152.7 338.9 235.4 166.7 319.7 340.5 200.2 190.0 332.4 337.1 390.2 383.0 236.4 385.5 381.7 483.1 360.3 327.1 530.9 15.8 523.5 365.4 341.8 297.0 388.8 329.2 379.8 104.9 215.9 293.3 442.0 564.1 579.8 407.8 402.1 513.1 504.8 344.3 476.9 387.8 414.6 341.8 448.9 145.1 393.5 459.8 406.8 347.7 366.5 506.1 324.0 369.5 164.9 362.1 258.7 351.1 202.9 146.5 397.0 380.6 436.4 272.2 230.7 395.2 441.0 205.7 328.8 411.6 498.5 440.9 65.0 452.1 479.7 388.2 580.8 249.2 299.2 524.4 729.8 329.0 451.9 122.9 340.3 359.6 612.3 247.8 320.7 319.4 379.5 335.5 219.4 319.5 332.6 518.7 476.9 135.1 297.3 530.1 462.1 394.2 376.0 287.8 557.3 571.3 347.0 523.6 371.7 263.0 147.5 556.0 0.0 136.3
1943.1 409.1 335.7 376.3 140.9 320.6 216.5 76.7 300.8 321.6 63.8 227.1 378.3 381.9 371.3 428.9 271.2 366.6 362.8 530.6 211.6 308.1 578.4 143.3 571.0 346.5 322.9 160.6 364.5 378.5 360.9 86.0 79.5 156.9 423.1 545.2 627.3 455.3 448.0 494.2 485.9 325.4 458.0 368.9 395.7 387.7 496.4 126.2 377.2 440.9 387.9 328.8 347.6 487.2 305.1 350.6 100.8 406.9 119.2 332.2 66.5 56.5 378.1 264.1 417.5 135.8 211.8 376.3 488.5 210.3 309.9 393.8 479.6 422.0 131.7 433.2 460.8 275.9 628.3 253.8 235.1 571.9 710.9 310.1 433.0 58.8 321.4 405.5 616.9 281.4 299.1 300.5 360.6 199.1 224.0 300.6 313.7 499.8 458.0 116.2 343.2 511.2 443.2 375.3 357.1 333.7 604.8 623.8 210.6 571.1 352.8 306.3 11.1 608.5 127.4 0.0
