Name		0986_BED-Amazon_n95_m205_bt36
Number_of_Customers	95
Number_of_Items		205
Number_of_ItemTypes	36
Number_of_Vehicles	1
TimeWindows		0
Dist_type	manual

VEHICLE
Mass_Capacity	2071
CargoSpace_Length	174
CargoSpace_Width	61
CargoSpace_Height	84

CUSTOMERS
i	x	y	Demand	ReadyTime	DueDate	ServiceTime	DemandedMass	DemandedVolume
0	47.464945	-122.231073	0	0	0	0	0	0
1	47.548318	-122.009549	5	0	0	0	25.82	30148
2	47.544517	-122.013747	1	0	0	0	4.73	10000
3	47.5489	-121.996788	1	0	0	0	0.7	2640
4	47.546076	-122.018469	2	0	0	0	10.1	5400
5	47.54486	-122.017899	1	0	0	0	1.75	4608
6	47.547188	-122.013747	1	0	0	0	4.7	1380
7	47.554201	-121.99037	2	0	0	0	2.47	12065
8	47.554068	-121.98854	1	0	0	0	1.9	1176
9	47.545106	-122.014736	1	0	0	0	3.01	5544
10	47.549164	-122.004006	1	0	0	0	3.82	8580
11	47.552531	-121.995894	1	0	0	0	3.53	12012
12	47.554262	-122.002432	2	0	0	0	3.9	9258
13	47.547422	-122.018816	3	0	0	0	24.35	12480
14	47.553003	-121.995108	1	0	0	0	7.63	25200
15	47.548574	-121.998884	3	0	0	0	17.13	24428
16	47.553642	-122.002016	1	0	0	0	2.5	3978
17	47.554214	-121.98926	1	0	0	0	1.9	1176
18	47.552118	-122.000669	1	0	0	0	4.7	1380
19	47.547953	-122.028872	2	0	0	0	10.8	12856
20	47.546707	-122.014737	1	0	0	0	1.9	1176
21	47.548463	-122.003204	1	0	0	0	1.75	4608
22	47.548974	-122.004459	1	0	0	0	5.25	18480
23	47.550277	-121.99771	2	0	0	0	7.61	14900
24	47.551331	-122.000501	1	0	0	0	1.75	4608
25	47.54792	-122.00794	1	0	0	0	2.85	6840
26	47.549453	-122.030778	1	0	0	0	7.3	3640
27	47.552588	-121.996858	2	0	0	0	11.9	6738
28	47.546963	-122.03362	1	0	0	0	1.8	2520
29	47.54803	-122.016684	1	0	0	0	1.9	1176
30	47.546137	-122.013739	3	0	0	0	14.21	17456
31	47.547669	-122.007051	4	0	0	0	11.12	12796
32	47.555518	-122.002021	1	0	0	0	2.6	10400
33	47.548457	-121.99936	3	0	0	0	13.3	12018
34	47.549485	-122.007395	1	0	0	0	1.9	1176
35	47.545024	-122.015182	1	0	0	0	4.7	1380
36	47.545296	-122.014739	1	0	0	0	3.01	5544
37	47.5481	-122.014139	2	0	0	0	5.5	8840
38	47.552136	-122.001576	1	0	0	0	2.57	11340
39	47.55227	-121.98913	2	0	0	0	4.65	5058
40	47.547602	-122.030683	3	0	0	0	19.63	28322
41	47.553683	-122.00144	1	0	0	0	0.7	2640
42	47.548615	-121.997704	1	0	0	0	4.7	1380
43	47.54557	-122.013733	1	0	0	0	9.4	2760
44	47.554363	-122.001135	1	0	0	0	0.7	2640
45	47.552428	-121.998704	1	0	0	0	5.29	8075
46	47.54678	-122.034322	2	0	0	0	20.2	10800
47	47.554941	-122.001282	1	0	0	0	0.7	2640
48	47.554849	-122.002566	2	0	0	0	6.45	5988
49	47.547916	-122.032426	1	0	0	0	4.7	1380
50	47.553021	-121.997378	2	0	0	0	4.59	17563
51	47.54928	-122.026979	1	0	0	0	4.7	1380
52	47.552602	-122.001246	2	0	0	0	5.4	4020
53	47.548502	-122.004342	3	0	0	0	23.7	15672
54	47.542919	-122.019509	5	0	0	0	18.31	23604
55	47.547789	-122.019453	3	0	0	0	9.19	17333
56	47.544391	-122.016552	2	0	0	0	12.0	5020
57	47.544248	-122.013959	1	0	0	0	4.7	1380
58	47.548208	-121.99887	1	0	0	0	4.7	1380
59	47.547481	-122.015679	4	0	0	0	12.32	36812
60	47.553973	-121.997234	1	0	0	0	2.5	3978
61	47.548712	-122.027159	1	0	0	0	2.15	1080
62	47.54685	-122.016242	1	0	0	0	2.94	14904
63	47.548776	-122.0052	1	0	0	0	4.7	1380
64	47.549346	-122.031801	1	0	0	0	1.9	1176
65	47.547749	-122.012112	1	0	0	0	2.5	3978
66	47.546704	-122.018106	3	0	0	0	8.6	11820
67	47.553198	-121.990683	1	0	0	0	9.4	2760
68	47.549757	-122.030361	1	0	0	0	4.7	1380
69	47.551638	-121.997294	1	0	0	0	4.7	1380
70	47.546243	-122.014739	2	0	0	0	5.5	8840
71	47.547356	-122.008121	1	0	0	0	4.7	1380
72	47.546994	-122.019108	4	0	0	0	17.63	51140
73	47.554929	-122.000407	3	0	0	0	11.85	10008
74	47.550678	-121.997717	1	0	0	0	4.7	1380
75	47.551484	-121.99623	1	0	0	0	4.7	1380
76	47.547786	-122.002943	3	0	0	0	8.0	7836
77	47.549398	-122.004283	2	0	0	0	9.5	7580
78	47.55164	-121.998482	1	0	0	0	18.8	5520
79	47.55232	-121.996136	1	0	0	0	7.3	3640
80	47.548521	-122.008175	1	0	0	0	4.7	1380
81	47.547936	-122.010599	2	0	0	0	2.45	7248
82	47.548721	-122.006249	1	0	0	0	1.75	4608
83	47.549702	-122.02923	1	0	0	0	4.8	6200
84	47.547983	-122.006575	2	0	0	0	9.43	11380
85	47.552775	-121.997225	2	0	0	0	8.52	8980
86	47.547154	-122.032077	1	0	0	0	1.4	5280
87	47.549977	-121.996532	3	0	0	0	12.75	27340
88	47.545064	-122.0162	5	0	0	0	20.34	59088
89	47.546181	-122.016251	1	0	0	0	7.3	3640
90	47.547927	-121.997699	3	0	0	0	7.3	5196
91	47.548491	-122.027883	2	0	0	0	6.45	5988
92	47.54962	-122.03184	4	0	0	0	20.15	15246
93	47.549012	-122.027738	7	0	0	0	26.67	37276
94	47.545497	-122.01474	2	0	0	0	12.41	8304
95	47.548488	-122.029153	2	0	0	0	6.45	5988

ITEMS
Type	Length	Width	Height	Mass	Fragility	LoadBearingStrength
Bt1	18	12	5	2.15	1	0
Bt2	21	14	4	1.9	1	0
Bt3	23	15	4	4.7	1	0
Bt4	20	18	7	1.8	1	0
Bt5	15	11	16	0.7	1	0
Bt6	20	14	13	7.3	1	0
Bt7	17	13	18	2.5	1	0
Bt8	24	12	16	1.75	1	0
Bt9	28	22	9	3.01	1	0
Bt10	31	20	10	4.8	1	0
Bt11	36	19	10	2.85	1	0
Bt12	31	16	14	1.62	1	0
Bt13	21	13	26	3.816	1	0
Bt14	29	19	13	1.99	1	0
Bt15	40	19	10	3.82	1	0
Bt16	25	19	17	5.29	1	0
Bt17	22	15	26	3.816	1	0
Bt18	28	18	18	2.75	1	0
Bt19	29	25	13	1.77	1	0
Bt20	50	20	10	4.73	1	0
Bt21	40	20	13	2.6	1	0
Bt22	42	18	15	2.57	1	0
Bt23	21	19	30	2.28	1	0
Bt24	39	28	11	3.53	1	0
Bt25	24	24	22	2.8	1	0
Bt26	27	22	22	3.88	1	0
Bt27	26	20	26	2.91	1	0
Bt28	34	17	24	1.8	1	0
Bt29	27	23	24	2.94	1	0
Bt30	39	27	16	7.63	1	0
Bt31	57	15	20	3.44	1	0
Bt32	33	20	28	5.25	1	0
Bt33	39	30	18	4.749	1	0
Bt34	40	30	21	7.632	1	0
Bt35	38	37	20	7.568	1	0
Bt36	59	40	18	5.982	1	0

DEMANDS PER CUSTOMER
i	Type Quantity
1	Bt25 1	Bt3 2	Bt6 1	Bt13 1	Bt7 1	
2	Bt20 1	
3	Bt5 1	
4	Bt3 2	Bt5 1	
5	Bt8 1	
6	Bt3 1	
7	Bt19 1	Bt5 1	
8	Bt2 1	
9	Bt9 1	
10	Bt17 1	
11	Bt24 1	
12	Bt7 1	Bt5 2	
13	Bt3 4	Bt2 2	Bt8 1	
14	Bt34 1	
15	Bt10 1	Bt30 1	Bt3 1	
16	Bt7 1	
17	Bt2 1	
18	Bt3 1	
19	Bt8 2	Bt6 1	
20	Bt2 1	
21	Bt8 1	
22	Bt32 1	
23	Bt3 1	Bt27 1	
24	Bt8 1	
25	Bt11 1	
26	Bt6 1	
27	Bt3 2	Bt7 1	
28	Bt4 1	
29	Bt2 1	
30	Bt27 1	Bt2 1	Bt3 2	
31	Bt5 1	Bt3 1	Bt15 1	Bt2 1	
32	Bt21 1	
33	Bt5 2	Bt3 2	Bt7 1	
34	Bt2 1	
35	Bt3 1	
36	Bt9 1	
37	Bt5 1	Bt10 1	
38	Bt22 1	
39	Bt7 1	Bt1 1	
40	Bt6 2	Bt18 1	Bt23 1	
41	Bt5 1	
42	Bt3 1	
43	Bt3 2	
44	Bt5 1	
45	Bt16 1	
46	Bt5 2	Bt3 4	
47	Bt5 1	
48	Bt3 1	Bt8 1	
49	Bt3 1	
50	Bt21 1	Bt14 1	
51	Bt3 1	
52	Bt3 1	Bt5 1	
53	Bt18 1	Bt1 1	Bt3 4	
54	Bt3 1	Bt21 1	Bt5 1	Bt9 1	Bt6 1	
55	Bt5 2	Bt7 1	Bt16 1	
56	Bt3 1	Bt6 1	
57	Bt3 1	
58	Bt3 1	
59	Bt29 1	Bt5 1	Bt26 1	Bt10 1	
60	Bt7 1	
61	Bt1 1	
62	Bt29 1	
63	Bt3 1	
64	Bt2 1	
65	Bt7 1	
66	Bt5 3	Bt3 1	Bt4 1	
67	Bt3 2	
68	Bt3 1	
69	Bt3 1	
70	Bt5 1	Bt10 1	
71	Bt3 1	
72	Bt1 1	Bt10 1	Bt3 1	Bt36 1	
73	Bt3 2	Bt5 1	Bt8 1	
74	Bt3 1	
75	Bt3 1	
76	Bt5 2	Bt3 1	Bt2 1	
77	Bt10 1	Bt3 1	
78	Bt3 4	
79	Bt6 1	
80	Bt3 1	
81	Bt8 1	Bt5 1	
82	Bt8 1	
83	Bt10 1	
84	Bt3 1	Bt20 1	
85	Bt15 1	Bt3 1	
86	Bt5 2	
87	Bt33 1	Bt5 1	Bt6 1	
88	Bt3 1	Bt12 1	Bt9 1	Bt31 1	Bt35 1	
89	Bt6 1	
90	Bt5 1	Bt2 1	Bt3 1	
91	Bt8 1	Bt3 1	
92	Bt3 3	Bt8 1	Bt7 1	Bt4 1	
93	Bt8 1	Bt17 1	Bt6 1	Bt3 2	Bt5 1	Bt28 1	Bt2 1	
94	Bt9 1	Bt3 2	
95	Bt3 1	Bt8 1	

DISTANCE MATRIX
0.0 2018.5 1926.4 2076.8 1910.9 1973.7 1963.8 2236.9 2275.6 1941.1 2017.8 2162.1 2234.9 1941.8 2188.7 2033.6 2262.5 2256.8 2287.0 1811.1 1981.2 2031.4 2001.8 2074.7 2332.9 2042.4 1941.4 2123.6 1899.7 1977.9 1946.0 2043.4 2256.8 2071.2 2101.4 1940.2 1945.8 2002.3 2330.9 2266.6 1880.3 2249.5 2046.3 1936.1 2216.0 2157.2 1897.7 2248.8 2271.4 1898.2 2193.6 1866.1 2284.5 1992.3 1874.6 1912.6 1880.4 1863.8 2026.7 1952.9 2165.3 1884.2 1936.9 2013.4 1960.1 2010.0 1919.1 2215.3 1959.5 2105.6 1969.5 2059.7 1952.5 2216.3 2081.7 2119.5 2021.8 2031.7 2127.4 2137.1 2044.1 2013.8 2028.8 1892.5 2066.5 2119.3 1907.4 2096.8 1900.8 1924.8 2032.6 1901.2 2016.3 1904.8 1950.8 1955.5
2068.2 0.0 127.3 275.6 280.6 230.4 113.6 430.9 474.4 169.1 130.5 360.9 433.7 315.0 387.5 232.4 461.3 455.6 485.8 404.6 129.0 158.0 137.6 272.9 531.7 64.5 423.0 322.4 491.3 347.6 128.7 112.1 455.6 270.0 123.5 169.9 164.4 109.7 529.7 465.4 457.4 448.3 245.1 145.8 414.8 356.0 489.3 447.6 467.7 469.3 392.4 396.0 483.3 210.4 226.7 282.3 186.3 244.5 225.5 109.3 364.1 414.1 124.3 112.5 441.7 57.7 288.8 441.3 441.1 304.4 140.7 81.8 322.2 415.1 280.5 318.3 239.9 123.7 326.2 335.9 66.2 42.1 78.4 422.4 81.7 317.3 499.8 294.0 160.4 136.9 231.4 431.1 497.9 406.0 161.3 454.2
1940.8 209.4 0.0 354.4 153.2 141.3 84.1 514.5 553.2 61.4 299.3 439.7 512.5 184.1 466.3 311.2 540.1 534.4 564.6 283.6 101.5 326.8 306.4 352.3 610.5 233.3 295.6 401.2 363.9 220.2 66.3 280.9 534.4 348.8 292.3 42.5 66.1 122.6 608.5 544.2 343.2 527.1 323.9 56.4 493.6 434.8 361.9 526.4 549.0 341.9 471.2 268.6 562.1 302.5 98.9 154.9 65.2 141.4 304.3 125.9 442.9 286.7 116.4 281.3 314.3 130.3 161.4 492.9 313.7 383.2 89.8 250.6 194.8 493.9 359.3 397.1 299.4 292.5 405.0 414.7 235.0 174.2 247.2 295.0 283.8 396.9 345.0 374.4 80.3 104.3 310.2 303.7 345.4 307.3 71.1 329.7
2155.2 279.1 214.3 0.0 367.6 355.7 298.5 209.0 247.7 275.8 202.6 134.2 207.0 398.5 160.8 99.1 234.6 228.9 259.1 498.0 315.9 202.1 186.6 46.8 305.0 267.8 510.0 95.7 578.3 434.6 280.7 228.2 228.9 142.3 315.4 256.9 280.5 337.0 303.0 238.7 557.6 221.6 41.7 270.8 188.1 129.3 576.3 220.9 243.5 556.3 165.7 483.0 256.6 163.0 313.3 369.3 279.6 355.8 92.2 340.3 137.4 501.1 330.8 198.2 528.7 290.0 375.8 187.4 528.1 77.7 304.2 285.1 409.2 188.4 53.8 91.6 163.4 215.5 99.5 109.2 258.1 274.4 213.6 509.4 251.3 91.4 559.4 68.9 294.7 318.7 56.1 518.1 584.9 521.7 285.5 544.1
2036.5 451.7 371.3 521.7 0.0 355.6 329.1 683.8 720.5 306.4 462.7 607.0 677.1 103.3 633.6 480.5 707.4 701.7 731.9 217.3 346.5 476.3 446.7 521.6 777.8 478.3 231.6 596.4 299.9 76.6 308.6 485.6 701.7 513.4 537.3 305.5 311.1 369.6 775.8 713.5 281.2 694.4 491.2 298.7 660.9 602.1 297.9 693.7 718.3 277.9 640.5 204.6 731.4 471.8 284.2 88.2 247.7 308.7 471.6 332.1 610.2 222.7 318.8 458.3 250.3 375.3 19.8 662.2 249.7 550.5 336.8 495.6 122.6 658.5 526.6 564.4 464.0 473.9 569.6 582.0 480.0 416.5 473.7 231.0 513.4 566.2 283.0 542.1 282.7 306.7 474.8 241.7 303.8 240.5 316.2 267.7
2011.9 262.9 197.0 347.4 174.8 0.0 160.5 507.5 546.2 137.8 288.4 432.7 505.5 205.7 459.3 304.2 533.1 527.4 557.6 305.2 166.6 302.0 272.4 345.3 603.5 286.8 317.2 394.2 385.5 241.8 146.1 334.4 527.4 341.8 345.8 99.9 142.5 194.1 601.5 537.2 364.8 520.1 316.9 132.8 486.6 427.8 383.5 519.4 542.0 363.5 464.2 290.2 555.1 295.5 170.0 176.5 76.2 134.4 297.3 129.3 435.9 308.3 113.3 284.0 335.9 183.8 183.0 485.9 335.3 376.2 166.2 304.1 216.4 486.9 352.3 390.1 292.4 302.3 398.0 407.7 288.5 227.7 300.7 316.6 337.3 389.9 366.6 367.4 77.2 101.2 303.2 325.3 392.1 328.9 147.5 351.3
2027.5 125.2 185.7 334.0 189.6 177.1 0.0 494.1 532.8 69.8 215.1 419.3 492.1 220.5 445.9 290.8 519.7 514.0 544.2 320.0 43.7 242.6 222.2 331.9 590.1 149.1 332.0 380.8 400.3 256.6 19.5 196.7 514.0 328.4 208.1 86.3 74.5 38.4 588.1 523.8 379.6 506.7 303.5 32.1 473.2 414.4 398.3 506.0 528.6 378.3 450.8 305.0 541.7 275.3 190.1 191.3 91.0 167.2 283.9 56.0 422.5 323.1 71.0 197.1 350.7 46.1 197.8 472.5 350.1 362.8 55.1 166.4 231.2 473.5 338.9 376.7 279.0 208.3 384.6 394.3 150.8 90.0 163.0 331.4 199.6 376.5 381.4 354.0 107.1 83.6 289.8 340.1 406.9 343.7 73.8 366.1
2296.7 420.6 355.8 210.4 512.4 497.2 440.0 0.0 38.6 417.3 344.1 147.3 188.3 543.5 148.4 228.5 215.9 19.8 240.4 633.1 457.4 343.6 328.1 155.2 286.3 409.3 651.5 181.2 719.8 576.1 425.6 364.9 210.2 273.4 456.9 398.4 422.0 473.7 284.3 76.2 686.9 202.9 183.2 412.3 169.4 160.2 713.0 202.2 222.3 697.8 147.0 624.5 249.5 299.7 450.4 506.0 424.7 497.3 233.7 481.8 118.7 642.6 472.3 339.7 670.2 431.5 521.6 52.1 669.6 153.6 443.2 426.6 518.5 164.9 147.6 164.1 300.1 352.2 150.6 139.2 399.6 411.1 355.1 650.9 385.6 110.0 728.3 214.9 435.3 460.2 192.8 675.8 721.6 658.4 433.3 682.7
2335.8 459.7 394.9 249.5 548.2 536.3 479.1 48.5 0.0 456.4 383.2 186.4 227.4 579.1 187.5 267.6 255.0 28.6 279.5 678.6 496.5 382.7 367.2 193.7 325.4 448.4 690.6 177.1 758.9 615.2 464.7 408.8 249.3 312.5 496.0 437.5 461.1 517.6 323.4 45.5 738.2 242.0 222.3 451.4 208.5 199.3 756.9 241.3 263.9 736.9 186.1 663.6 277.0 376.2 493.9 549.9 460.2 536.4 272.8 520.9 157.8 681.7 511.4 378.8 709.3 470.6 556.4 73.5 708.7 192.7 484.8 465.7 589.8 208.8 186.7 203.2 344.0 396.1 194.5 178.3 438.7 455.0 394.2 690.0 431.9 148.3 740.0 226.5 475.3 499.3 236.7 698.7 740.4 702.3 466.1 724.7
1988.1 183.0 243.5 340.8 150.2 142.4 73.1 500.9 539.6 0.0 272.9 426.1 498.9 181.1 452.7 297.6 526.5 520.8 551.0 280.6 40.0 300.4 280.0 338.7 596.9 206.9 292.6 387.6 360.9 217.2 58.7 254.5 520.8 335.2 265.9 46.9 4.7 111.6 594.9 530.6 340.2 513.5 310.3 45.4 480.0 421.2 358.9 512.8 535.4 338.9 457.6 265.6 548.5 256.3 150.7 151.9 51.6 127.8 290.7 87.0 429.3 283.7 102.0 254.9 311.3 103.9 158.4 479.3 310.7 369.6 28.4 224.2 191.8 480.3 345.7 383.5 285.8 266.1 391.4 401.1 208.6 147.8 220.8 292.0 257.4 383.3 342.0 360.8 69.5 93.5 296.6 300.7 342.4 304.3 9.7 326.7
2090.2 119.0 149.3 209.0 302.6 290.7 212.0 369.1 407.8 210.8 0.0 294.3 367.1 333.5 320.9 165.8 394.7 389.0 419.2 433.0 227.4 27.4 25.9 206.9 465.1 105.5 445.0 255.8 513.3 369.6 219.1 114.8 389.0 203.4 153.1 191.9 215.5 208.1 463.1 398.8 492.6 381.7 178.5 205.8 348.2 289.4 511.3 381.0 403.6 491.3 325.8 418.0 416.7 60.1 248.3 304.3 214.6 290.8 158.9 207.7 297.5 436.1 222.7 48.8 463.7 156.1 310.8 347.5 463.1 237.8 239.1 122.8 344.2 348.5 213.9 251.7 109.3 6.7 259.6 269.3 95.8 140.5 51.8 444.4 119.9 251.5 494.4 229.0 229.7 235.3 164.8 453.1 519.9 456.7 220.5 479.1
2230.2 354.1 289.3 143.9 442.6 430.7 373.5 163.8 202.5 350.8 277.6 0.0 162.8 473.5 48.0 162.0 190.4 183.7 214.9 573.0 390.9 277.1 261.6 88.1 260.8 342.8 585.0 28.4 653.3 509.6 355.7 303.2 184.7 206.9 390.4 331.9 355.5 412.0 258.8 193.5 632.6 177.4 116.7 345.8 143.9 93.7 651.3 176.7 199.3 631.3 121.5 558.0 212.4 270.6 388.3 444.3 354.6 430.8 167.2 415.3 93.2 576.1 405.8 273.2 603.7 365.0 450.8 142.2 603.1 76.4 379.2 360.1 484.2 144.2 81.1 61.1 238.4 290.5 88.9 14.9 333.1 349.4 288.6 584.4 326.3 47.2 634.4 120.9 369.7 393.7 131.1 593.1 634.8 596.7 360.5 619.1
2292.5 416.4 351.6 206.2 504.9 493.0 435.8 201.3 244.8 413.1 339.9 172.3 0.0 539.3 194.4 224.3 61.7 226.0 109.6 635.3 453.2 339.4 323.9 150.4 155.5 405.1 647.3 161.7 715.6 571.9 418.0 365.5 62.6 269.2 452.7 394.2 417.8 474.3 153.5 235.8 681.7 69.2 179.0 408.1 18.8 156.0 713.6 59.2 36.4 693.6 111.2 620.3 107.1 300.3 451.0 506.6 416.9 493.1 229.5 477.6 69.0 638.4 468.1 335.5 666.0 427.3 513.1 184.5 665.4 149.4 441.5 422.4 514.3 58.9 143.4 163.3 300.7 352.8 151.2 147.3 395.4 411.7 350.9 646.7 388.6 105.0 696.7 210.7 431.7 456.0 193.4 671.6 722.2 654.2 420.9 681.4
1982.7 400.6 317.5 467.9 100.0 301.8 275.3 623.2 666.7 252.6 408.9 553.2 626.0 0.0 579.8 424.7 653.6 647.9 678.1 224.2 292.7 422.5 392.9 465.8 724.0 424.5 236.2 514.7 304.5 69.1 260.9 434.5 647.9 462.3 483.5 251.7 257.3 313.8 722.0 657.7 285.6 640.6 437.4 247.6 607.1 548.3 302.5 639.9 662.5 282.5 584.7 209.2 675.6 383.4 230.4 39.7 187.0 254.9 417.8 281.0 556.4 227.3 265.0 404.5 254.9 321.5 71.0 633.6 254.3 496.7 278.5 441.8 14.6 607.4 472.8 510.6 412.9 422.8 518.5 528.2 426.2 365.4 419.9 235.6 457.6 509.6 313.0 487.9 228.9 252.9 423.7 260.5 286.0 247.6 262.3 267.4
2255.6 379.5 314.7 169.3 468.0 456.1 398.9 163.7 202.4 376.2 303.0 48.4 188.2 498.9 0.0 187.4 215.8 183.6 240.3 598.4 416.3 302.5 287.0 113.5 286.2 368.2 610.4 53.8 678.7 535.0 384.5 328.6 210.1 232.3 415.8 357.3 380.9 437.4 284.2 193.4 658.0 202.8 142.1 371.2 169.3 119.1 676.7 202.1 224.7 656.7 146.9 583.4 237.8 296.0 413.7 469.7 380.0 456.2 192.6 440.7 118.6 601.5 431.2 298.6 629.1 390.4 476.2 142.1 628.5 91.2 404.6 385.5 509.6 169.6 106.5 75.9 263.8 315.9 114.3 40.3 358.5 374.8 314.0 609.8 351.7 72.6 659.8 146.3 395.1 419.1 156.5 618.5 660.2 622.1 385.9 644.5
2101.0 224.9 160.1 91.3 316.7 301.5 244.3 234.8 273.5 221.6 148.4 160.0 232.8 347.8 186.6 0.0 260.4 254.7 284.9 437.4 261.7 147.9 132.4 72.6 330.8 213.6 455.8 165.7 524.1 380.4 226.5 174.0 254.7 56.2 261.2 202.7 226.3 282.8 328.8 264.5 490.2 247.4 64.1 216.6 213.9 155.1 522.1 246.7 266.8 502.1 191.5 428.8 282.4 108.8 259.5 315.1 225.4 301.6 6.9 286.1 163.2 446.9 276.6 144.0 474.5 235.8 321.6 240.4 473.9 103.5 250.0 230.9 322.8 214.2 79.6 117.4 109.2 161.3 125.3 135.0 203.9 220.2 159.4 455.2 197.1 116.4 505.2 75.1 239.6 264.5 62.8 480.1 530.7 462.7 229.4 489.9
2299.9 423.8 359.0 213.6 512.3 500.4 443.2 213.5 252.2 420.5 347.3 179.7 50.8 543.2 201.8 231.7 0.0 233.4 57.6 642.7 460.6 346.8 331.3 157.8 103.5 412.5 654.7 141.2 723.0 579.3 425.4 372.9 88.6 276.6 460.1 401.6 425.2 481.7 101.5 243.2 702.3 7.4 186.4 415.5 66.0 163.4 721.0 80.8 62.4 701.0 118.6 627.7 55.1 307.7 458.0 514.0 424.3 500.5 236.9 485.0 76.4 645.8 475.5 342.9 673.4 434.7 520.5 191.9 672.8 156.8 448.9 429.8 553.9 48.3 150.8 170.7 308.1 360.2 158.6 154.7 402.8 419.1 358.3 654.1 396.0 112.4 704.1 190.6 439.4 463.4 200.8 662.8 729.6 666.4 430.2 688.8
2316.6 440.5 375.7 230.3 529.0 517.1 459.9 19.8 18.7 437.2 364.0 167.2 208.2 559.9 168.3 248.4 235.8 0.0 260.3 659.4 477.3 363.5 348.0 174.5 306.2 429.2 671.4 157.9 739.7 596.0 442.1 389.6 230.1 293.3 476.8 418.3 441.9 498.4 304.2 64.3 719.0 222.8 203.1 432.2 189.3 180.1 737.7 222.1 244.7 717.7 166.9 644.4 257.8 357.0 474.7 530.7 441.0 517.2 253.6 501.7 138.6 662.5 492.2 359.6 690.1 451.4 537.2 44.8 689.5 173.5 465.6 446.5 570.6 189.6 167.5 184.0 324.8 376.9 175.3 159.1 419.5 435.8 375.0 670.8 412.7 129.1 720.8 207.3 456.1 480.1 217.5 679.5 746.3 683.1 446.9 705.5
2320.4 444.3 379.5 234.1 532.8 520.9 463.7 234.0 272.7 441.0 367.8 200.2 105.4 563.7 222.3 252.2 73.6 253.9 0.0 663.2 481.1 367.3 351.8 178.3 45.8 433.0 675.2 161.7 743.5 599.8 449.3 393.4 109.3 297.1 480.6 422.1 445.7 502.2 79.4 263.7 722.8 60.6 206.9 436.0 86.5 183.9 741.5 101.3 124.1 721.5 139.1 648.2 41.2 328.2 478.5 534.5 444.8 521.0 257.4 505.5 96.9 666.3 496.0 363.4 693.9 455.2 541.0 212.4 693.3 177.3 469.4 450.3 574.4 68.8 171.3 191.2 328.6 380.7 179.1 175.2 423.3 439.6 378.8 674.6 416.5 132.9 724.6 211.1 459.9 483.9 221.3 683.3 725.0 686.9 450.7 709.3
1791.9 449.5 373.4 523.8 272.7 357.7 331.2 684.4 722.6 308.5 464.8 609.1 674.9 202.9 635.7 480.6 709.5 703.8 734.0 0.0 348.6 478.4 448.8 522.2 779.9 480.4 114.1 598.5 153.0 246.8 313.9 483.4 703.8 518.2 539.4 307.6 313.2 369.7 777.9 713.6 68.7 696.5 493.3 304.0 663.0 604.2 157.4 695.8 718.9 87.0 640.6 114.1 732.0 432.3 286.3 170.2 248.3 310.8 473.7 329.9 612.3 132.2 320.9 460.4 132.8 377.4 249.2 662.8 132.2 552.6 337.4 497.7 217.6 663.8 528.7 566.5 468.8 471.7 574.4 584.1 482.1 421.3 475.8 133.3 514.0 566.8 141.6 543.8 284.5 308.8 480.1 148.8 163.9 131.5 317.5 127.8
2028.2 142.9 203.4 351.7 190.3 168.0 58.0 511.8 550.5 40.0 232.8 437.0 509.8 221.2 463.6 308.5 537.4 531.7 561.9 320.7 0.0 260.3 239.9 349.6 607.8 166.8 332.7 398.5 401.0 257.3 49.8 214.4 531.7 346.1 225.8 87.0 35.3 74.1 605.8 541.5 380.3 524.4 321.2 62.4 490.9 432.1 399.0 523.7 546.3 379.0 468.5 305.7 559.4 267.2 190.8 192.0 91.7 182.1 301.6 46.9 440.2 323.8 61.9 214.8 351.4 63.8 198.5 490.2 350.8 380.5 11.6 184.1 231.9 491.2 356.6 394.4 296.7 226.0 402.3 412.0 168.5 107.7 180.7 332.1 217.3 394.2 382.1 371.7 98.0 74.5 307.5 340.8 382.5 344.4 30.3 366.8
2116.5 158.4 175.6 234.3 328.9 317.0 251.4 394.4 433.1 237.1 39.3 319.6 392.4 359.8 346.2 191.1 420.0 414.3 444.5 459.3 266.8 0.0 65.3 232.2 490.4 144.9 471.3 281.1 539.6 395.9 242.0 154.2 414.3 228.7 192.5 218.2 241.8 247.5 488.4 424.1 518.9 407.0 203.8 232.1 373.5 314.7 537.6 406.3 428.9 517.6 351.1 444.3 442.0 105.1 274.6 330.6 240.9 317.1 184.2 247.1 322.8 462.4 262.1 88.2 490.0 195.5 337.1 372.8 489.4 263.1 265.5 162.2 370.5 373.8 239.2 277.0 134.6 46.1 284.9 294.6 135.2 179.9 91.2 470.7 159.3 276.8 520.7 254.3 256.0 274.7 190.1 479.4 546.2 483.0 246.8 505.4
2064.2 126.3 123.3 195.4 276.6 264.7 207.5 355.5 394.2 184.8 15.9 280.7 353.5 307.5 307.3 152.2 381.1 375.4 405.6 407.0 224.9 43.4 0.0 193.3 451.5 112.8 419.0 242.2 487.3 343.6 193.1 88.8 375.4 189.8 160.4 165.9 189.5 215.4 449.5 385.2 466.6 368.1 164.9 179.8 334.6 275.8 485.3 367.4 390.0 465.3 312.2 392.0 403.1 76.1 222.3 278.3 188.6 264.8 145.3 215.0 283.9 410.1 230.0 22.8 437.7 163.4 284.8 333.9 437.1 224.2 213.2 130.1 318.2 334.9 200.3 238.1 125.3 29.8 246.0 255.7 103.1 147.8 58.6 418.4 111.9 237.9 468.4 215.4 203.7 227.7 151.2 427.1 468.8 430.7 194.5 453.1
2142.0 265.9 201.1 55.7 357.7 342.5 285.3 157.3 200.8 262.6 189.4 87.3 160.1 388.8 113.9 73.2 187.7 182.0 212.2 478.4 302.7 188.9 173.4 0.0 258.1 254.6 496.8 93.0 565.1 421.4 266.9 214.4 182.0 118.1 302.2 243.7 267.3 323.2 256.1 192.4 532.2 174.7 28.5 257.6 141.2 82.4 562.5 174.0 194.1 543.1 118.8 469.8 221.3 149.8 299.9 355.5 270.0 342.6 79.0 326.5 90.5 487.9 317.6 185.0 515.5 276.8 366.9 167.7 514.9 30.8 288.5 271.9 363.8 141.5 6.9 44.7 149.6 201.7 52.6 62.3 244.9 260.6 200.4 496.2 230.9 43.7 573.6 60.7 280.6 305.5 42.9 521.1 546.6 515.8 278.6 528.0
2367.4 491.3 426.5 281.1 579.8 567.9 510.7 281.0 319.7 488.0 414.8 247.2 152.4 610.7 269.3 299.2 120.6 300.9 46.9 710.2 528.1 414.3 398.8 225.3 0.0 480.0 722.2 208.7 790.5 646.8 496.3 440.4 156.3 344.1 527.6 469.1 492.7 549.2 33.5 310.7 769.8 107.6 253.9 483.0 133.5 230.9 788.5 148.3 171.1 768.5 186.1 695.2 87.1 407.8 525.5 581.5 491.8 568.0 304.4 552.5 143.9 713.3 543.0 410.4 740.9 502.2 588.0 259.4 740.3 224.3 516.4 497.3 621.4 115.8 218.3 238.2 375.6 427.7 226.1 222.2 470.3 486.6 425.8 721.6 463.5 179.9 771.6 258.1 506.9 530.9 268.3 730.3 772.0 733.9 497.7 756.3
2113.1 65.5 172.2 248.9 325.5 275.3 158.5 409.0 447.7 214.0 98.0 334.2 407.0 356.4 360.8 205.7 434.6 428.9 459.1 455.9 173.9 125.5 105.1 246.8 505.0 0.0 467.9 295.7 536.2 392.5 178.1 79.6 428.9 243.3 99.6 214.8 209.3 154.6 503.0 438.7 515.5 421.6 218.4 190.7 388.1 329.3 534.2 420.9 443.5 514.2 365.7 440.9 456.6 177.9 271.2 327.2 231.2 289.4 198.8 154.2 337.4 459.0 169.2 80.0 486.6 102.6 333.7 387.4 486.0 277.7 185.6 17.2 367.1 388.4 253.8 291.6 207.4 91.2 299.5 309.2 42.3 87.0 45.9 467.3 82.5 291.4 517.3 268.9 205.3 181.8 204.7 476.0 517.7 479.6 204.3 502.0
1899.1 493.7 410.6 561.0 309.4 394.9 368.4 721.1 759.8 345.7 502.0 646.3 719.1 243.6 672.9 517.8 746.7 741.0 771.2 130.5 385.8 515.6 486.0 558.9 817.1 517.6 0.0 607.8 140.6 284.0 354.0 527.6 741.0 555.4 576.6 344.8 350.4 406.9 815.1 750.8 119.9 733.7 530.5 340.7 700.2 641.4 138.6 733.0 755.6 118.6 677.8 153.4 768.7 476.5 324.1 214.4 285.0 348.0 510.9 374.1 649.5 119.5 358.1 497.6 18.7 414.6 291.1 699.5 37.5 589.8 374.1 534.9 254.3 700.5 565.9 603.7 506.0 515.9 611.6 621.3 519.3 458.5 513.0 61.5 550.7 603.5 121.7 581.0 322.0 346.0 516.8 114.8 49.7 92.6 355.4 88.4
2219.6 325.6 278.7 133.3 435.3 420.1 362.9 154.2 192.9 340.2 267.0 38.4 134.3 448.5 53.2 133.5 179.8 174.1 204.3 562.4 380.3 266.5 251.0 77.5 250.2 332.2 574.4 0.0 642.7 499.0 327.2 292.6 174.1 196.3 379.8 321.3 344.9 401.4 248.2 200.2 622.0 166.8 106.1 317.3 133.3 83.1 640.7 166.1 188.7 620.7 93.0 547.4 201.8 227.4 360.2 450.0 344.0 420.2 156.6 386.8 82.6 565.5 395.2 262.6 593.1 354.4 442.4 132.6 592.5 76.5 368.6 349.5 473.6 133.6 70.5 78.7 227.8 296.2 78.3 35.6 322.5 320.9 278.0 573.8 315.7 36.6 623.8 119.9 359.1 383.1 102.6 582.5 640.5 586.1 349.9 608.5
1919.4 557.4 474.3 624.7 373.1 458.6 432.1 784.8 823.5 409.4 565.7 710.0 782.8 307.3 736.6 581.5 810.4 804.7 834.9 164.8 449.5 579.3 549.7 622.6 880.8 581.3 156.0 671.5 0.0 347.7 417.7 591.3 804.7 619.1 640.3 408.5 414.1 470.6 878.8 814.5 154.2 797.4 594.2 404.4 763.9 705.1 55.8 796.7 819.3 118.9 741.5 156.0 832.4 540.2 387.8 278.1 348.7 411.7 574.6 437.8 713.2 174.1 421.8 561.3 174.7 478.3 354.8 763.2 174.1 653.5 437.8 598.6 318.0 764.2 629.6 667.4 569.7 579.6 675.3 685.0 583.0 522.2 576.7 175.2 614.4 667.2 122.0 644.7 385.7 409.7 580.5 191.1 205.8 174.3 419.1 170.1
1999.3 417.2 334.1 484.5 94.8 318.4 291.9 644.6 683.3 269.2 425.5 569.8 642.6 65.3 596.4 441.3 670.2 664.5 694.7 240.8 309.3 439.1 409.5 482.4 740.6 441.1 252.8 531.3 321.1 0.0 274.1 451.1 664.5 478.9 500.1 268.3 273.9 330.4 738.6 674.3 300.4 657.2 454.0 264.2 623.7 564.9 319.1 656.5 679.1 299.1 601.3 225.8 692.2 400.0 247.6 56.3 208.5 271.5 434.4 297.6 573.0 243.9 281.6 421.1 271.5 338.1 76.5 623.0 270.9 513.3 297.6 458.4 83.4 624.0 489.4 527.2 429.5 439.4 535.1 544.8 442.8 382.0 436.5 252.2 474.2 527.0 302.2 504.5 245.5 269.5 440.3 260.9 302.6 264.5 278.9 286.9
2012.4 139.6 200.1 348.4 170.0 162.2 17.7 511.9 547.2 50.2 232.9 433.7 506.5 204.4 460.3 305.2 537.5 528.4 562.0 294.0 49.2 257.0 240.0 345.7 604.5 163.5 312.4 423.1 385.2 241.5 0.0 211.1 528.4 346.2 225.9 66.7 59.4 56.2 602.5 538.2 352.3 521.1 321.3 17.0 491.0 432.2 378.7 520.4 546.4 363.2 465.2 289.9 571.1 289.7 170.9 176.2 75.0 152.1 298.3 70.4 440.3 308.0 88.8 211.5 331.1 60.5 178.2 514.1 330.5 377.2 57.2 184.2 200.4 487.9 353.3 394.5 293.4 226.1 399.0 408.7 168.6 104.4 177.4 316.3 184.1 393.5 393.7 366.8 89.4 98.0 304.2 320.5 387.3 323.8 64.4 346.5
2086.2 133.1 145.3 217.4 298.6 286.7 226.1 372.7 416.2 206.8 105.2 302.7 375.5 333.0 329.3 174.2 403.1 397.4 427.6 422.6 241.5 132.7 89.2 214.7 473.5 119.6 441.0 292.1 509.3 365.6 211.7 0.0 397.4 211.8 167.2 187.9 211.5 222.2 471.5 407.2 488.6 390.1 186.9 201.8 356.6 297.8 507.3 389.4 409.5 487.3 334.2 414.0 425.1 132.9 244.7 300.3 210.6 286.8 167.3 221.8 305.9 432.1 236.8 100.8 459.7 170.2 306.8 355.9 459.1 246.2 232.7 136.9 329.0 356.9 222.3 260.1 162.4 119.1 268.0 277.7 109.9 154.6 77.4 440.4 52.6 259.1 517.8 235.8 224.8 249.4 173.2 449.1 515.9 424.0 214.6 472.2
2327.5 451.4 386.6 241.2 539.9 528.0 470.8 241.1 279.8 448.1 374.9 207.3 82.9 570.8 229.4 259.3 99.8 261.0 126.6 670.3 488.2 374.4 358.9 185.4 172.5 440.1 682.3 168.8 750.6 606.9 456.4 400.5 0.0 304.2 487.7 429.2 452.8 509.3 170.5 270.8 729.9 89.1 214.0 443.1 73.6 191.0 748.6 59.5 64.7 728.6 146.2 655.3 124.1 367.9 485.6 541.6 451.9 528.1 264.5 512.6 104.0 673.4 503.1 370.5 701.0 462.3 548.1 219.5 700.4 184.4 476.5 457.4 581.5 41.7 178.4 198.3 335.7 387.8 186.2 182.3 430.4 446.7 385.9 681.7 423.6 140.0 731.7 218.2 467.0 491.0 228.4 690.4 732.1 694.0 457.8 716.4
2123.4 247.3 182.5 135.4 335.8 323.9 266.7 274.1 317.6 244.0 170.8 204.1 276.9 370.2 230.7 54.3 304.5 298.8 329.0 459.8 284.1 170.3 154.8 116.1 374.9 236.0 478.2 193.5 546.5 402.8 248.9 196.4 298.8 0.0 283.6 225.1 248.7 305.2 372.9 308.6 512.6 291.5 108.2 239.0 258.0 199.2 544.5 290.8 313.4 524.5 235.6 451.2 338.1 131.2 281.9 337.5 251.4 324.0 61.2 308.5 207.3 469.3 299.0 166.4 496.9 258.2 348.3 257.3 496.3 147.6 272.4 253.3 377.4 258.3 123.7 161.5 131.6 183.7 169.4 179.1 226.3 242.6 181.8 477.6 219.5 160.5 555.0 129.2 262.0 286.9 106.9 486.3 553.1 485.1 260.0 512.3
2154.1 106.5 213.2 318.5 366.5 316.3 199.5 478.6 517.3 255.0 167.6 403.8 476.6 397.4 430.4 275.3 504.2 498.5 528.7 496.9 214.9 195.1 174.7 316.4 574.6 101.6 508.9 365.3 577.2 433.5 219.1 149.2 498.5 312.9 0.0 255.8 250.3 195.6 572.6 508.3 556.5 491.2 288.0 231.7 457.7 398.9 575.2 490.5 513.1 555.2 435.3 481.9 526.2 227.8 312.2 368.2 272.2 330.4 268.4 195.2 407.0 500.0 210.2 149.6 527.6 143.6 374.7 457.0 527.0 347.3 226.6 118.9 408.1 458.0 323.4 361.2 277.0 160.8 369.1 378.8 59.6 128.0 115.5 508.3 152.1 361.0 558.3 338.5 246.3 222.8 274.3 517.0 558.7 520.6 245.3 543.0
1973.3 193.4 189.5 339.9 148.9 104.6 89.2 500.0 538.7 66.5 283.3 425.2 498.0 179.8 451.8 296.7 525.6 519.9 550.1 279.3 97.1 310.8 290.4 337.8 596.0 217.3 291.3 386.7 359.6 215.9 74.8 264.9 519.9 334.3 276.3 0.0 71.2 124.6 594.0 529.7 338.9 512.6 309.4 61.5 479.1 420.3 357.6 511.9 534.5 337.6 456.7 264.3 547.6 288.0 131.4 150.6 50.3 126.9 289.8 83.3 428.4 282.4 76.0 265.3 310.0 114.3 157.1 478.4 309.4 368.7 94.9 234.6 190.5 479.4 344.8 382.6 284.9 276.5 390.5 400.2 219.0 158.2 231.2 290.7 267.8 382.4 340.7 359.9 49.7 63.9 295.7 299.4 341.1 303.0 76.2 325.4
1992.8 178.3 238.8 345.5 154.9 147.1 77.6 505.6 544.3 4.7 268.2 430.8 503.6 185.8 457.4 302.3 531.2 525.5 555.7 285.3 35.3 295.7 275.3 343.4 601.6 202.2 297.3 392.3 365.6 221.9 60.4 249.8 525.5 339.9 261.2 51.6 0.0 109.5 599.6 535.3 344.9 518.2 315.0 50.1 484.7 425.9 363.6 517.5 540.1 343.6 462.3 270.3 553.2 328.4 155.4 156.6 56.3 132.5 295.4 82.3 434.0 288.4 97.3 250.2 316.0 99.2 163.1 484.0 315.4 374.3 23.6 219.5 196.5 485.0 350.4 388.2 290.5 261.4 396.1 405.8 203.9 143.1 216.1 296.7 252.7 388.0 346.7 365.5 74.2 98.2 301.3 305.4 347.1 309.0 5.0 331.4
2058.6 135.1 195.6 343.9 224.8 167.0 32.2 504.0 542.7 102.1 225.0 429.2 502.0 255.9 455.8 300.7 529.6 523.9 554.1 352.3 65.6 252.5 232.1 341.2 600.0 159.0 363.9 434.9 432.2 288.5 51.8 206.6 523.9 338.3 218.0 115.8 101.0 0.0 598.0 533.7 411.5 516.6 313.4 64.4 483.1 424.3 430.2 515.9 536.0 410.2 460.7 336.9 563.2 259.4 217.1 223.2 122.9 181.1 293.8 45.9 432.4 355.0 60.9 207.0 382.6 56.0 229.7 482.4 382.0 372.7 77.3 176.3 255.3 483.4 348.8 386.6 288.9 218.2 394.5 404.2 160.7 99.9 172.9 363.3 176.2 385.6 440.7 362.3 96.9 73.5 299.7 388.2 438.8 354.3 96.0 395.1
2388.9 512.8 448.0 302.6 601.3 589.4 532.2 302.5 341.2 509.5 436.3 268.7 173.9 632.2 290.8 320.7 142.1 322.4 76.0 731.7 549.6 435.8 420.3 246.8 29.0 501.5 743.7 230.2 812.0 668.3 514.4 461.9 177.8 365.6 549.1 490.6 514.2 570.7 0.0 332.2 791.3 129.1 275.4 504.5 155.0 252.4 810.0 169.8 192.6 790.0 207.6 716.7 53.6 396.7 547.0 603.0 513.3 589.5 325.9 574.0 165.4 734.8 564.5 431.9 762.4 523.7 609.5 280.9 761.8 245.8 537.9 518.8 642.9 137.3 239.8 259.7 397.1 449.2 247.6 243.7 491.8 508.1 447.3 743.1 485.0 201.4 793.1 279.6 528.4 552.4 289.8 751.8 818.6 755.4 519.2 777.8
2346.5 470.4 405.6 260.2 562.2 547.0 489.8 76.3 44.8 467.1 393.9 197.1 238.1 593.3 198.2 278.3 265.7 73.5 290.2 689.3 507.2 393.4 377.9 204.4 336.1 459.1 701.3 187.8 769.6 625.9 472.0 419.5 260.0 323.2 506.7 448.2 471.8 528.3 334.1 0.0 736.7 252.7 233.0 462.1 219.2 210.0 767.6 252.0 272.1 747.6 196.8 674.3 299.3 354.3 505.0 560.6 474.5 547.1 283.5 531.6 168.5 692.4 522.1 389.5 720.0 481.3 569.3 24.0 719.4 203.4 493.0 476.4 600.5 219.5 197.4 213.9 354.7 406.8 205.2 189.0 449.4 465.7 404.9 700.7 442.6 159.8 778.1 264.7 485.1 510.0 247.4 725.6 776.2 708.2 474.9 732.5
1850.9 514.7 431.6 582.0 333.7 415.9 389.4 737.3 780.8 366.7 523.0 667.3 740.1 268.1 693.9 526.7 767.7 762.0 792.2 65.9 406.8 536.6 507.0 579.3 838.1 538.6 113.3 673.0 152.2 305.0 359.5 548.6 762.0 576.4 597.6 365.8 371.4 427.9 836.1 771.8 0.0 754.7 551.5 361.7 721.2 662.4 138.1 754.0 774.1 82.4 698.8 113.3 801.3 485.4 344.8 235.4 301.1 369.0 531.9 395.1 670.5 131.4 379.1 518.6 132.0 435.6 307.2 747.7 131.4 610.8 392.6 555.9 243.1 721.8 586.9 624.7 514.9 536.9 620.5 642.3 540.3 481.1 534.0 132.5 555.8 623.7 58.3 602.0 343.3 367.0 525.7 138.8 163.1 133.3 382.7 124.5
2292.4 416.3 351.5 206.1 504.8 492.9 435.7 206.0 244.7 413.0 339.8 172.2 63.8 535.7 194.3 224.2 13.0 225.9 50.1 635.2 453.1 339.3 323.8 150.3 96.0 405.0 647.2 133.7 715.5 571.8 417.9 365.4 81.3 269.1 452.6 394.1 417.7 474.2 94.0 235.7 694.8 0.0 178.9 408.0 58.5 155.9 713.5 73.3 75.4 693.5 111.1 620.2 47.6 300.2 450.5 506.5 416.8 493.0 229.4 477.5 68.9 638.3 468.0 335.4 665.9 427.2 513.0 184.4 665.3 149.3 441.4 422.3 546.4 40.8 143.3 163.2 300.6 352.7 151.1 147.2 395.3 411.6 350.8 646.6 388.5 104.9 696.6 183.1 431.9 455.9 193.3 655.3 722.1 658.9 422.7 681.3
2113.4 237.3 172.5 30.4 325.8 313.9 256.7 190.5 229.2 234.0 160.8 115.7 188.5 356.7 142.3 57.3 216.1 210.4 240.6 456.2 274.1 160.3 144.8 28.3 286.5 226.0 468.2 77.2 536.5 392.8 242.3 186.4 210.4 100.5 273.6 215.1 238.7 295.2 284.5 220.2 515.8 203.1 0.0 229.0 169.6 110.8 534.5 202.4 225.0 514.5 147.2 441.2 238.1 121.2 271.5 327.5 237.8 314.0 50.4 298.5 118.9 459.3 289.0 156.4 486.9 248.2 334.0 168.9 486.3 59.2 262.4 243.3 367.4 169.9 35.3 73.1 121.6 173.7 81.0 90.7 216.3 232.6 171.8 467.6 209.5 72.9 517.6 50.4 252.9 276.9 14.3 476.3 518.0 479.9 243.7 502.3
1995.3 152.9 213.4 361.7 160.7 149.6 27.6 521.8 560.5 37.6 242.8 447.0 519.8 191.8 473.6 318.5 547.4 541.7 571.9 288.2 59.1 270.3 249.9 359.0 617.8 176.8 299.8 408.5 368.1 224.4 9.8 224.4 541.7 356.1 235.8 54.1 42.3 66.1 615.8 551.5 347.4 534.4 331.2 0.0 500.9 442.1 366.1 533.7 553.8 346.1 478.5 272.8 569.4 277.2 158.3 159.1 58.8 135.0 311.6 83.7 450.2 290.9 98.7 224.8 318.5 73.8 165.6 500.2 317.9 390.5 66.0 194.1 191.2 501.2 366.6 404.4 306.7 236.0 412.3 422.0 178.5 117.7 190.7 299.2 194.0 403.4 376.6 380.1 75.8 100.7 317.5 307.9 349.6 290.2 53.6 331.0
2273.6 397.5 332.7 187.3 486.0 474.1 416.9 187.2 225.9 394.2 321.0 153.4 18.8 516.9 175.5 205.4 66.2 207.1 90.7 616.4 434.3 320.5 305.0 131.5 136.6 386.2 628.4 114.9 696.7 553.0 402.5 346.6 80.5 250.3 433.8 375.3 398.9 455.4 134.6 216.9 676.0 53.2 160.1 389.2 0.0 137.1 694.7 72.5 55.3 674.7 92.3 601.4 88.2 281.4 431.7 487.7 398.0 474.2 210.6 458.7 50.1 619.5 449.2 316.6 647.1 408.4 494.2 165.6 646.5 130.5 422.6 403.5 527.6 40.0 124.5 144.4 281.8 333.9 132.3 128.4 376.5 392.8 332.0 627.8 369.7 86.1 677.8 164.3 413.1 437.1 174.5 636.5 678.2 640.1 403.9 662.5
2215.1 339.0 274.2 128.8 427.5 415.6 358.4 172.9 211.6 335.7 262.5 98.1 170.9 458.4 124.7 146.9 198.5 192.8 223.0 557.9 375.8 262.0 246.5 73.0 268.9 327.7 569.9 59.6 638.2 494.5 344.0 288.1 192.8 191.8 375.3 316.8 340.4 396.9 266.9 202.6 617.5 185.5 101.6 330.7 152.0 0.0 636.2 184.8 207.4 616.2 129.6 542.9 220.5 255.5 373.2 429.2 339.5 415.7 152.1 400.2 101.3 561.0 390.7 258.1 588.6 349.9 435.7 151.3 588.0 64.3 364.1 345.0 469.1 152.3 66.0 78.2 223.3 275.4 39.3 73.1 318.0 334.3 273.5 569.3 311.2 55.3 619.3 105.8 354.6 378.6 116.0 578.0 644.8 581.6 345.4 604.0
1925.8 563.8 480.7 631.1 385.0 465.0 438.5 786.4 829.9 415.8 572.1 716.4 789.2 317.2 743.0 587.9 816.8 811.1 841.3 178.2 455.9 585.7 556.1 628.4 887.2 587.7 162.4 705.8 44.9 354.1 424.1 597.7 811.1 625.5 646.7 414.9 420.5 477.0 885.2 820.9 160.6 803.8 600.6 410.8 770.3 711.5 0.0 803.1 825.7 125.3 747.9 162.4 850.4 546.6 393.6 284.5 355.1 418.1 581.0 444.2 719.6 180.5 428.2 567.7 181.1 484.7 356.0 769.6 180.5 659.9 441.7 605.0 313.2 770.6 636.0 673.8 576.1 586.0 681.7 691.4 589.4 528.6 583.1 181.6 620.8 672.8 128.4 649.5 391.2 416.1 586.9 187.9 212.2 172.4 425.5 176.5
2308.4 432.3 367.5 222.1 520.8 508.9 451.7 222.0 260.7 429.0 355.8 188.2 73.4 551.7 210.3 240.2 83.0 241.9 107.5 651.2 469.1 355.3 339.8 166.3 153.4 421.0 663.2 149.7 731.5 587.8 433.9 381.4 67.2 285.1 468.6 410.1 433.7 490.2 151.4 251.7 710.8 70.0 194.9 424.0 54.5 171.9 729.5 0.0 22.7 709.5 127.1 636.2 105.0 316.2 466.5 522.5 432.8 509.0 245.4 493.5 84.9 654.3 484.0 351.4 681.9 443.2 529.0 200.4 681.3 165.3 457.4 438.3 562.4 22.6 159.3 179.2 316.6 368.7 167.1 163.2 411.3 427.6 366.8 662.6 404.5 120.9 712.6 199.1 447.9 471.9 209.3 671.3 738.1 674.9 438.7 697.3
2331.2 452.4 390.3 244.9 546.9 531.7 474.5 240.0 283.5 451.8 378.6 211.0 56.4 578.0 233.1 260.3 73.3 264.7 130.3 667.6 491.9 378.1 362.6 189.7 176.2 443.8 686.0 216.7 754.3 610.6 456.7 401.5 44.4 307.9 491.4 432.9 456.5 513.0 174.2 274.5 721.4 80.8 217.7 444.1 75.3 194.7 752.3 22.7 0.0 732.3 147.2 659.0 139.4 336.3 487.0 545.3 459.2 531.8 268.2 513.6 107.7 677.1 506.8 374.2 704.7 466.0 556.1 250.4 704.1 188.1 477.7 461.1 553.0 42.7 182.1 202.0 336.7 388.8 187.2 186.0 434.1 450.4 389.6 685.4 420.1 144.5 762.8 249.4 469.8 494.7 232.1 710.3 758.2 705.0 467.8 717.2
1881.3 511.8 428.7 579.1 327.5 413.0 386.5 739.2 777.9 363.8 520.1 664.4 737.2 261.7 691.0 535.9 764.8 759.1 789.3 89.3 403.9 533.7 504.1 577.0 835.2 535.7 110.4 625.9 115.3 302.1 368.7 545.7 759.1 573.5 594.7 362.9 368.5 425.0 833.2 768.9 96.7 751.8 548.6 358.8 718.3 659.5 113.3 751.1 773.7 0.0 695.9 110.4 786.8 527.2 342.2 232.5 303.1 366.1 529.0 392.2 667.6 128.5 376.2 515.7 129.1 432.7 309.2 717.6 128.5 607.9 392.2 553.0 272.4 718.6 584.0 621.8 524.1 534.0 629.7 639.4 537.4 476.6 531.1 129.6 568.8 621.6 54.9 599.1 340.1 364.1 534.9 145.5 185.3 128.7 373.5 124.5
2240.9 364.8 300.0 154.6 456.6 441.4 384.2 154.5 193.2 361.5 288.3 120.7 120.9 487.7 142.8 172.7 148.5 174.4 173.0 584.1 401.6 287.8 272.3 98.8 218.9 353.5 595.7 82.2 664.0 520.3 369.8 313.9 142.8 217.6 401.1 342.6 366.2 422.7 216.9 184.2 643.3 135.5 127.4 356.5 102.0 104.4 662.0 134.8 154.9 642.0 0.0 568.7 170.5 248.7 399.4 455.0 368.9 441.5 177.9 426.0 51.3 586.8 416.5 283.9 614.4 375.7 461.5 160.1 613.8 97.8 387.4 370.8 483.7 102.3 91.8 111.7 249.1 301.2 99.6 95.7 343.8 360.1 299.3 595.1 329.8 53.4 672.5 131.6 380.1 404.4 141.8 603.8 670.6 578.7 369.3 626.9
1864.3 458.9 375.8 526.2 274.6 360.1 333.6 686.3 725.0 310.9 467.2 611.5 684.3 208.8 638.1 483.0 711.9 706.2 736.4 118.4 351.0 480.8 451.2 524.1 782.3 482.8 144.1 573.0 172.8 249.2 315.8 492.8 706.2 520.6 541.8 310.0 315.6 372.1 780.3 716.0 152.1 698.9 495.7 305.9 665.4 606.6 170.8 698.2 720.8 150.8 643.0 0.0 733.9 441.7 289.3 179.6 250.2 313.2 476.1 339.3 614.7 42.1 323.3 462.8 162.8 379.8 256.3 664.7 136.2 555.0 339.3 500.1 219.5 665.7 531.1 568.9 471.2 481.1 576.8 586.5 484.5 423.7 478.2 112.2 515.9 568.7 153.9 546.2 287.2 311.2 482.0 59.1 170.8 62.7 320.6 86.7
2335.3 459.2 394.4 249.0 551.0 535.8 478.6 244.1 287.6 455.9 382.7 215.1 120.3 582.1 237.2 280.5 88.5 268.8 38.6 671.7 496.0 382.2 366.7 193.8 75.5 447.9 690.1 220.8 758.4 614.7 464.2 421.7 124.2 312.0 495.5 437.0 460.6 530.5 46.4 292.0 725.5 75.5 221.8 464.3 101.4 198.8 769.8 116.2 136.3 736.4 154.0 663.1 0.0 356.5 493.8 562.8 463.3 535.9 272.3 520.4 111.8 681.2 510.9 378.3 708.8 470.1 560.2 254.5 708.2 192.2 481.8 465.2 557.1 97.1 186.2 206.1 356.9 409.0 194.0 190.1 438.2 467.9 393.7 689.5 424.2 148.6 766.9 253.5 473.9 498.8 249.6 714.4 739.9 709.1 471.9 721.3
2064.4 188.3 123.5 194.4 289.0 264.9 219.9 354.5 393.2 185.0 70.1 267.5 352.5 311.2 306.3 139.0 380.1 362.2 392.4 407.2 225.1 72.1 96.1 192.3 450.5 177.0 419.2 256.9 499.7 356.0 193.3 137.4 362.2 176.6 224.6 178.3 201.9 258.4 448.5 384.2 466.8 354.9 163.9 192.2 321.4 274.8 497.7 354.2 386.5 465.5 299.0 392.2 389.9 0.0 235.1 290.7 192.4 265.0 144.3 261.7 282.9 410.3 240.0 107.4 450.1 211.4 285.0 320.7 449.5 211.0 225.6 194.3 322.8 321.7 187.1 224.9 29.4 76.9 232.8 242.5 166.0 195.8 122.8 418.6 160.5 224.7 480.8 200.6 203.9 240.1 138.0 455.7 481.2 402.2 192.8 450.4
1904.3 285.4 193.3 343.7 192.0 240.6 232.1 503.8 542.5 209.4 284.7 429.0 501.8 223.1 455.6 300.5 529.4 523.7 553.9 319.5 249.5 298.3 268.7 341.0 599.8 309.3 331.1 418.4 399.4 255.7 214.3 310.3 523.7 338.1 368.3 208.4 214.1 270.6 597.8 533.5 365.5 516.4 313.2 204.4 482.9 424.1 397.4 515.7 538.3 377.4 460.5 304.1 551.4 259.2 0.0 190.4 153.3 130.7 293.6 219.8 432.2 322.2 203.8 280.3 349.8 274.3 196.9 482.2 349.2 372.5 235.3 326.6 230.3 483.2 348.6 386.4 288.7 298.6 394.3 404.0 311.0 280.7 295.7 330.5 326.2 385.4 407.9 363.7 167.8 191.7 299.5 355.4 406.0 342.8 225.4 362.3
1942.9 360.8 277.7 428.1 98.2 262.0 235.5 588.2 626.9 212.8 369.1 513.4 586.2 32.6 540.0 384.9 613.8 608.1 638.3 178.0 252.9 382.7 353.1 425.4 684.2 384.7 196.4 519.1 264.7 69.5 217.7 394.7 608.1 422.5 443.7 211.9 217.5 274.0 682.2 617.9 230.8 600.8 397.6 207.8 567.3 508.5 262.7 600.1 620.2 242.7 544.9 169.4 635.8 343.6 190.6 0.0 152.1 215.1 378.0 241.2 516.6 187.5 225.2 364.7 215.1 281.7 71.4 593.8 214.5 456.9 241.2 402.0 36.4 567.6 433.0 470.8 373.1 383.0 478.7 488.4 386.4 325.6 380.1 195.8 417.8 469.8 273.2 448.1 188.2 213.1 383.9 220.7 271.3 208.0 228.8 227.6
1936.4 208.6 137.8 288.2 101.8 109.8 83.3 443.5 487.0 60.6 229.2 373.5 451.2 129.3 400.1 249.9 473.9 468.2 498.4 222.5 100.7 242.8 213.2 285.5 544.3 232.5 240.9 379.2 309.2 165.5 73.8 280.1 468.2 282.6 291.5 59.7 65.3 121.8 542.3 482.9 276.3 460.9 257.7 60.5 427.4 368.6 307.2 460.2 480.3 287.2 409.9 213.9 507.5 203.7 111.2 96.6 0.0 75.2 238.1 89.0 376.7 232.0 73.0 224.8 259.6 129.5 111.0 453.9 259.0 317.0 86.5 249.8 107.9 427.7 293.1 330.9 233.2 248.0 338.8 348.5 234.2 178.3 246.4 240.3 249.7 329.9 317.7 316.6 36.0 60.9 248.9 265.2 290.7 259.9 76.6 272.1
2003.4 154.6 62.5 212.9 215.8 203.9 146.7 373.0 411.7 124.0 153.9 298.2 371.0 246.7 324.8 169.7 398.6 392.9 423.1 346.2 164.1 167.5 137.9 210.8 469.0 178.5 358.2 259.7 426.5 282.8 128.9 179.5 392.9 207.3 237.5 105.1 128.7 185.2 467.0 402.7 405.8 385.6 182.4 119.0 352.1 293.3 424.5 384.9 407.5 404.5 329.7 331.2 420.6 128.4 161.5 217.5 127.8 0.0 162.8 188.5 301.4 349.3 179.0 149.5 376.9 165.5 224.0 351.4 376.3 241.7 152.4 195.8 257.4 352.4 217.8 255.6 157.9 167.8 263.5 273.2 180.2 149.9 164.9 357.6 202.6 255.4 407.6 232.9 142.9 166.9 168.7 366.3 433.1 369.9 133.7 392.3
2094.1 218.0 153.2 98.2 306.5 294.6 237.4 241.7 280.4 214.7 141.5 166.9 239.7 337.4 193.5 6.9 267.3 261.6 291.8 436.9 254.8 141.0 125.5 79.5 337.7 206.7 448.9 128.4 517.2 373.5 219.6 167.1 261.6 49.3 254.3 195.8 219.4 275.9 335.7 271.4 496.5 254.3 71.0 209.7 220.8 162.0 515.2 253.6 276.2 495.2 198.4 421.9 289.3 134.5 252.2 308.2 218.5 294.7 0.0 279.2 170.1 440.0 269.7 137.1 467.6 228.9 314.7 220.1 467.0 110.4 243.1 224.0 348.1 221.1 86.5 124.3 102.3 154.4 132.2 141.9 197.0 213.3 152.5 448.3 190.2 124.1 498.3 83.6 233.6 257.6 55.9 457.0 523.8 460.6 224.4 483.0
2012.6 133.5 194.0 342.3 175.5 121.0 48.6 497.6 541.1 77.3 223.4 427.6 500.4 209.9 454.2 299.1 528.0 522.3 552.5 299.5 37.2 250.9 230.5 339.6 598.4 157.4 317.9 417.0 386.2 242.5 68.2 205.0 522.3 336.7 216.4 73.3 72.6 64.7 596.4 532.1 352.3 515.0 311.8 80.8 481.5 422.7 384.2 514.3 536.9 364.2 459.1 290.9 550.0 257.8 171.1 177.2 76.9 135.1 292.2 0.0 430.8 309.0 14.9 205.4 336.6 54.4 183.7 480.8 336.0 371.1 51.4 174.7 205.9 481.8 347.2 385.0 287.3 216.6 392.9 402.6 159.1 98.3 171.3 317.3 174.6 384.8 394.7 360.7 51.0 27.5 298.1 326.0 392.8 300.9 67.6 352.0
2223.4 347.3 282.5 137.1 435.8 423.9 366.7 137.0 175.7 344.0 270.8 103.2 69.5 466.7 125.3 155.2 97.1 156.9 121.6 566.2 384.1 270.3 254.8 81.3 167.5 336.0 578.2 64.7 646.5 502.8 352.3 296.4 91.4 200.1 383.6 325.1 348.7 405.2 165.5 166.7 625.8 84.1 109.9 339.0 50.6 86.9 644.5 83.4 106.0 624.5 42.1 551.2 119.1 263.8 381.5 437.5 347.8 424.0 160.4 408.5 0.0 569.3 399.0 266.4 596.9 358.2 444.0 115.4 596.3 80.3 372.4 353.3 477.4 50.9 74.3 94.2 231.6 283.7 82.1 78.2 326.3 342.6 281.8 577.6 319.5 35.9 627.6 114.1 362.9 386.9 124.3 586.3 628.0 589.9 353.7 612.3
1880.6 475.2 392.1 542.5 290.9 376.4 349.9 702.6 741.3 327.2 483.5 627.8 700.6 225.1 654.4 499.3 728.2 722.5 752.7 134.7 367.3 497.1 467.5 540.4 798.6 499.1 118.2 589.3 189.1 265.5 332.1 509.1 722.5 536.9 558.1 326.3 331.9 388.4 796.6 732.3 168.4 715.2 512.0 322.2 681.7 622.9 187.1 714.5 737.1 167.1 659.3 60.3 750.2 490.6 305.6 195.9 266.5 329.5 492.4 355.6 631.0 0.0 339.6 479.1 136.9 396.1 272.6 681.0 136.3 571.3 355.6 516.4 235.8 682.0 547.4 585.2 487.5 497.4 593.1 602.8 500.8 440.0 494.5 128.5 532.2 585.0 170.2 562.5 303.5 327.5 498.3 16.9 193.1 36.8 336.9 44.5
1996.6 148.5 209.0 332.1 159.5 105.0 63.6 492.2 530.9 92.3 238.4 417.4 490.2 190.4 444.0 288.9 517.8 512.1 542.3 289.9 52.2 265.9 245.5 330.0 588.2 172.4 301.9 378.9 370.2 226.5 83.2 220.0 512.1 326.5 231.4 78.3 87.6 79.7 586.2 521.9 349.5 504.8 301.6 95.8 471.3 412.5 368.2 504.1 526.7 348.2 448.9 274.9 539.8 298.6 154.7 161.2 60.9 119.1 282.0 14.9 420.6 293.0 0.0 220.4 320.6 69.4 167.7 470.6 320.0 360.9 63.9 189.7 201.1 471.6 337.0 374.8 277.1 231.6 382.7 392.4 174.1 113.3 186.3 301.3 222.9 374.6 351.3 352.1 35.0 11.6 287.9 310.0 376.8 313.6 82.6 336.0
2065.8 111.2 124.9 197.0 278.2 266.3 204.2 357.1 395.8 186.4 48.8 282.3 355.1 309.1 308.9 153.8 382.7 377.0 407.2 408.6 219.6 76.3 32.8 194.9 453.1 97.7 420.6 243.8 488.9 345.2 194.7 90.4 377.0 191.4 145.3 167.5 191.1 200.3 451.1 386.8 468.2 369.7 166.5 181.4 336.2 277.4 486.9 369.0 391.6 466.9 313.8 393.6 404.7 128.7 223.9 279.9 190.2 266.4 146.9 199.9 285.5 411.7 214.9 0.0 439.3 148.3 286.4 335.5 438.7 225.8 214.8 115.0 319.8 336.5 201.9 239.7 158.2 59.0 247.6 257.3 88.0 132.7 44.0 420.0 112.1 239.5 470.0 217.0 205.3 227.5 152.8 428.7 470.4 432.3 196.1 454.7
1917.8 512.4 429.3 579.7 328.1 413.6 387.1 739.8 778.5 364.4 520.7 665.0 737.8 262.3 691.6 536.5 765.4 759.7 789.9 149.2 404.5 534.3 504.7 577.6 835.8 536.3 18.7 626.5 159.3 302.7 369.3 546.3 759.7 574.1 595.3 363.5 369.1 425.6 833.8 769.5 138.6 752.4 549.2 359.4 718.9 660.1 157.3 751.7 774.3 137.3 696.5 172.1 787.4 527.8 342.8 233.1 303.7 366.7 529.6 392.8 668.2 138.2 376.8 516.3 0.0 433.3 309.8 718.2 56.2 608.5 392.8 553.6 273.0 719.2 584.6 622.4 524.7 534.6 630.3 640.0 538.0 477.2 531.7 80.2 569.4 622.2 140.4 599.7 340.7 364.7 535.5 133.5 56.1 111.3 374.1 107.1
2064.2 79.0 139.5 287.8 227.1 172.6 55.8 447.9 486.6 111.3 168.9 373.1 445.9 258.0 399.7 244.6 473.5 467.8 498.0 357.5 71.2 196.4 176.0 285.7 543.9 102.9 369.5 334.6 437.8 294.1 75.4 150.5 467.8 282.2 161.9 121.4 106.6 51.9 541.9 477.6 417.1 460.5 257.3 88.0 427.0 368.2 435.8 459.8 482.4 415.8 404.6 342.5 495.5 203.3 222.3 228.8 128.5 186.7 237.7 51.5 376.3 360.6 66.5 150.9 388.2 0.0 235.3 426.3 387.6 316.6 82.9 120.2 268.7 427.3 292.7 330.5 232.8 162.1 338.4 348.1 104.6 43.8 116.8 368.9 153.4 330.3 418.9 307.8 102.6 79.1 243.6 377.6 444.4 381.2 101.6 403.6
2016.4 432.5 351.2 501.6 23.8 335.5 309.0 662.0 700.4 286.3 442.6 586.9 657.9 83.8 613.5 456.6 687.3 681.6 711.8 210.5 326.4 456.2 426.6 499.8 757.7 458.2 222.8 576.3 291.1 56.5 289.4 466.4 681.6 493.9 517.2 285.4 291.0 345.7 755.7 689.3 270.1 674.3 471.1 281.3 640.8 582.0 288.8 673.6 696.5 269.1 616.6 195.8 709.6 415.0 262.3 71.6 225.9 288.6 451.5 312.6 590.1 213.9 298.7 438.2 241.5 355.2 0.0 640.4 240.9 530.4 315.0 475.5 100.8 641.4 506.5 544.3 448.8 454.4 550.4 561.9 459.9 397.3 453.6 222.2 491.6 544.4 271.9 521.9 260.8 286.6 455.6 230.6 270.0 236.8 296.3 256.6
2294.5 418.4 353.6 208.2 510.2 495.0 437.8 19.5 63.0 415.1 341.9 145.1 186.1 541.3 146.2 226.3 213.7 44.2 238.2 630.9 455.2 341.4 325.9 153.0 284.1 407.1 649.3 179.0 717.6 573.9 447.9 395.4 208.0 299.1 454.7 396.2 419.8 504.2 282.1 24.0 684.7 200.7 181.0 410.1 167.2 158.0 715.6 200.0 220.1 695.6 144.8 622.3 247.3 330.2 480.9 536.5 422.5 495.1 231.5 507.5 116.5 640.4 470.1 337.5 668.0 429.3 519.4 0.0 667.4 151.4 441.0 424.4 516.3 195.4 145.4 161.9 330.6 354.8 181.1 137.0 397.4 441.6 352.9 648.7 383.4 107.8 726.1 212.7 433.1 458.0 195.4 673.6 752.1 668.3 431.1 680.5
1910.8 505.4 422.3 572.7 321.1 406.6 380.1 732.8 771.5 357.4 513.7 658.0 730.8 255.3 684.6 529.5 758.4 752.7 782.9 162.0 397.5 527.3 497.7 570.6 828.8 529.3 37.5 619.5 172.1 295.7 362.3 539.3 752.7 567.1 588.3 356.5 362.1 418.6 826.8 762.5 151.4 745.4 542.2 352.4 711.9 653.1 170.1 744.7 767.3 150.1 689.5 115.8 780.4 488.2 335.8 226.1 296.7 359.7 522.6 385.8 661.2 133.9 369.8 509.3 56.2 426.3 302.8 711.2 0.0 601.5 385.8 546.6 266.0 712.2 577.6 615.4 517.7 527.6 623.3 633.0 531.0 470.2 524.7 23.9 562.4 615.2 153.2 592.7 333.7 357.7 528.5 150.9 34.5 130.7 367.1 126.5
2183.4 307.3 242.5 97.1 395.8 383.9 326.7 151.6 190.3 304.0 230.8 76.8 149.6 426.7 100.9 115.2 177.2 171.5 201.7 526.2 344.1 230.3 214.8 41.3 247.6 296.0 538.2 38.3 606.5 462.8 312.3 256.4 171.5 160.1 343.6 285.1 308.7 365.2 245.6 181.3 585.8 164.2 69.9 299.0 130.7 53.9 604.5 163.5 186.1 584.5 108.3 511.2 199.2 223.8 341.5 397.5 307.8 384.0 120.4 368.5 80.0 529.3 359.0 226.4 556.9 318.2 404.0 130.0 556.3 0.0 332.4 313.3 437.4 131.0 34.3 13.8 191.6 243.7 24.1 51.8 286.3 302.6 241.8 537.6 279.5 34.0 587.6 74.1 322.9 346.9 84.3 546.3 613.1 549.9 313.7 572.3
2016.5 154.6 215.1 363.4 181.9 170.8 53.9 518.7 562.2 28.4 244.5 448.7 521.5 210.5 475.3 320.2 549.1 543.4 573.6 302.6 11.6 272.0 251.6 360.7 619.5 178.5 321.0 454.4 389.3 245.6 41.2 226.1 543.4 360.3 237.5 75.3 23.6 88.3 617.5 553.2 356.4 536.1 332.9 56.3 502.6 443.8 384.8 535.4 558.0 367.3 480.2 294.0 582.7 304.7 177.0 177.8 83.6 156.2 313.3 61.1 451.9 312.1 73.6 226.5 339.7 75.5 191.1 529.1 339.1 392.2 0.0 195.8 188.0 502.9 368.3 406.1 308.4 240.2 416.5 423.7 180.2 121.9 192.4 320.4 195.7 405.1 397.8 391.8 97.0 86.2 321.7 345.3 393.4 340.0 12.3 352.2
2131.9 84.3 191.0 267.7 344.3 294.1 177.3 427.8 466.5 232.8 116.8 353.0 425.8 375.2 379.6 224.5 453.4 447.7 477.9 474.7 192.7 144.3 123.9 265.6 523.8 18.7 486.7 314.5 555.0 411.3 192.4 98.4 447.7 262.1 118.4 233.6 228.1 173.4 521.8 457.5 534.3 440.4 237.2 209.5 406.9 348.1 553.0 439.7 462.3 533.0 384.5 459.7 475.4 177.0 290.0 346.0 250.0 308.2 217.6 173.0 356.2 477.8 188.0 98.8 505.4 121.4 352.5 406.2 504.8 296.5 204.4 0.0 385.9 407.2 272.6 310.4 226.2 110.0 318.3 328.0 61.1 105.8 64.7 486.1 101.3 310.2 536.1 287.7 224.1 200.6 223.5 494.8 561.6 498.4 223.1 520.8
1978.7 377.5 313.5 463.9 112.4 297.8 271.3 619.2 662.7 248.6 404.9 549.2 620.4 14.6 575.8 419.1 649.6 643.9 674.1 213.8 288.7 418.5 388.9 461.2 720.0 420.5 232.2 554.9 300.5 83.7 256.9 430.5 643.9 439.2 479.5 247.7 253.3 290.7 718.0 634.6 267.6 636.6 433.4 256.9 603.1 544.3 296.9 635.9 656.0 278.5 561.6 205.2 683.2 392.7 224.8 42.9 183.0 250.9 413.8 257.9 552.4 223.3 261.0 400.5 250.9 317.5 85.6 629.6 250.3 492.7 274.5 437.8 0.0 616.7 468.8 506.6 389.8 432.1 512.9 524.2 422.2 361.4 415.9 231.6 437.7 505.6 309.0 482.3 224.0 248.9 418.1 256.5 320.4 242.2 264.6 263.4
2285.7 409.6 344.8 199.4 498.1 486.2 429.0 194.5 238.0 406.3 333.1 165.5 50.7 532.5 187.6 217.5 60.3 219.2 84.8 622.1 446.4 332.6 317.1 143.6 130.7 398.3 640.5 171.2 708.8 565.1 411.2 358.7 40.4 262.4 445.9 387.4 411.0 467.5 128.7 229.0 674.9 47.3 172.2 401.3 31.8 149.2 706.8 32.4 52.5 686.8 104.4 613.5 82.3 293.5 444.2 499.8 410.1 486.3 222.7 470.8 62.2 631.6 461.3 328.7 659.2 420.5 510.6 204.9 658.6 142.6 432.2 415.6 528.5 0.0 136.6 156.5 293.9 346.0 144.4 140.5 388.6 404.9 344.1 639.9 374.6 98.2 717.3 203.9 425.2 449.2 186.6 648.6 715.4 652.2 416.0 674.6
2149.0 272.9 208.1 62.7 361.4 349.5 292.3 155.1 193.8 269.6 196.4 80.3 153.1 392.3 106.9 80.8 180.7 175.0 205.2 491.8 309.7 195.9 180.4 6.9 251.1 261.6 503.8 41.8 572.1 428.4 274.5 222.0 175.0 125.7 309.2 250.7 274.3 330.8 249.1 184.8 551.4 167.7 35.5 264.6 134.2 75.4 570.1 167.0 189.6 550.1 111.8 476.8 202.7 156.8 307.1 363.1 273.4 349.6 86.0 334.1 83.5 494.9 324.6 192.0 522.5 283.8 369.6 133.5 521.9 23.8 298.0 278.9 403.0 134.5 0.0 37.7 157.2 209.3 45.6 55.3 251.9 268.2 207.4 503.2 245.1 37.5 553.2 39.7 288.5 312.5 49.9 511.9 578.7 515.5 279.3 537.9
2198.7 322.6 257.8 112.4 411.1 399.2 342.0 166.9 205.6 319.3 246.1 71.0 164.9 442.0 87.0 130.5 192.5 186.8 217.0 541.5 359.4 245.6 230.1 56.6 262.9 311.3 553.5 53.6 621.8 478.1 324.2 271.7 186.8 175.4 358.9 300.4 324.0 380.5 260.9 196.6 601.1 179.5 85.2 314.3 146.0 69.2 619.8 178.8 201.4 599.8 123.6 526.5 214.5 239.1 356.8 412.8 323.1 399.3 135.7 383.8 95.3 544.6 374.3 241.7 572.2 333.5 419.3 145.3 571.6 15.2 347.7 328.6 452.7 146.3 49.6 0.0 206.9 259.0 39.4 62.9 301.6 317.9 257.1 552.9 294.8 49.3 602.9 89.4 338.2 362.2 99.6 561.6 603.3 565.2 329.0 587.6
2084.4 208.3 143.5 184.4 296.8 284.9 227.7 339.7 383.2 205.0 108.2 269.7 342.5 331.2 296.3 141.2 370.1 364.4 394.6 420.8 245.1 101.6 115.8 181.7 440.5 197.0 439.2 259.1 507.5 363.8 209.9 157.4 364.4 178.8 244.6 186.1 209.7 266.2 438.5 374.2 486.8 357.1 153.9 200.0 323.6 264.8 505.5 356.4 376.5 485.5 301.2 412.2 392.1 29.4 242.9 298.5 208.8 285.0 134.3 269.5 272.9 430.3 260.0 127.4 457.9 219.2 305.0 322.9 457.3 213.2 230.9 214.3 327.2 323.9 189.3 227.1 0.0 115.0 235.0 244.7 187.3 203.6 142.8 438.6 173.3 226.9 516.0 202.8 224.0 247.9 140.2 463.5 514.1 422.2 212.8 470.4
2084.1 112.2 143.2 215.3 296.5 284.6 205.2 370.6 414.1 204.7 6.7 300.6 373.4 330.9 327.2 172.1 401.0 395.3 425.5 426.9 220.6 34.2 19.8 212.6 471.4 98.7 438.9 290.0 507.2 363.5 209.6 108.7 395.3 209.7 146.3 185.8 209.4 201.3 469.4 405.1 488.3 388.0 184.8 199.7 354.5 295.7 505.2 387.3 409.9 485.2 332.1 411.9 434.6 66.9 242.6 298.2 208.5 284.7 165.2 200.9 303.8 430.0 215.9 42.7 457.6 149.3 304.7 353.8 457.0 244.1 232.3 116.0 305.9 354.8 220.2 258.0 116.1 0.0 265.9 275.6 89.0 133.7 45.0 438.3 113.1 257.8 488.3 233.7 223.9 228.5 171.1 463.2 488.7 448.9 220.7 473.0
2186.0 309.9 245.1 99.7 398.4 386.5 329.3 169.4 212.9 306.6 233.4 99.4 172.2 432.8 125.9 117.8 199.8 194.1 224.3 522.4 346.7 232.9 217.4 43.9 270.2 298.6 540.8 105.1 609.1 465.4 314.9 259.0 194.1 162.7 346.2 287.7 311.3 367.8 268.2 203.9 576.2 186.8 72.5 301.6 153.3 29.7 607.1 186.1 206.2 587.1 130.9 513.8 233.4 193.8 344.5 400.1 310.4 386.6 123.0 371.1 102.6 531.9 361.6 229.0 559.5 320.8 406.6 179.8 558.9 24.9 332.5 315.9 428.8 153.6 36.9 38.8 194.2 246.3 0.0 74.4 288.9 305.2 244.4 540.2 274.9 55.8 617.6 104.2 324.6 349.5 86.9 548.9 615.7 523.8 322.6 574.9
2215.2 339.1 274.3 128.9 427.6 415.7 358.5 145.7 184.4 335.8 262.6 24.9 147.8 458.5 51.5 147.0 175.4 165.6 199.9 558.0 375.9 262.1 246.6 73.1 245.8 327.8 570.0 13.4 638.3 494.6 344.1 288.2 169.7 191.9 375.4 316.9 340.5 397.0 243.8 175.4 617.6 162.4 101.7 330.8 128.9 78.7 636.3 161.7 184.3 616.3 106.5 543.0 197.4 255.6 373.3 429.3 339.6 415.8 152.2 400.3 78.2 561.1 390.8 258.2 588.7 350.0 435.8 124.1 588.1 58.3 364.2 345.1 469.2 129.2 66.1 43.0 223.4 275.5 73.9 0.0 318.1 334.4 273.6 569.4 311.3 32.2 619.4 105.9 354.7 378.7 116.1 578.1 644.9 581.7 345.5 604.1
2094.4 46.8 153.5 258.8 306.8 256.6 139.8 418.9 457.6 195.3 107.9 344.1 416.9 337.7 370.7 215.6 444.5 438.8 469.0 437.2 155.2 135.4 115.0 256.7 514.9 41.9 449.2 305.6 517.5 373.8 154.9 89.5 438.8 253.2 57.2 196.1 190.6 135.9 512.9 448.6 496.8 431.5 228.3 172.0 398.0 339.2 515.5 430.8 453.4 495.5 375.6 422.2 466.5 168.1 252.5 308.5 212.5 270.7 208.7 135.5 347.3 440.3 150.5 89.9 467.9 83.9 315.0 397.3 467.3 287.6 166.9 59.2 348.4 398.3 263.7 301.5 217.3 101.1 309.4 319.1 0.0 68.3 55.8 448.6 92.4 301.3 498.6 278.8 186.6 163.1 214.6 457.3 524.1 460.9 185.6 483.3
2075.7 74.3 134.8 283.1 265.2 207.4 90.6 443.2 481.9 146.1 164.2 368.4 441.2 296.3 395.0 239.9 468.8 463.1 493.3 392.3 106.0 191.7 171.3 280.4 539.2 98.2 404.3 329.9 472.6 328.9 105.7 145.8 463.1 277.5 157.2 156.2 141.4 86.7 537.2 472.9 451.9 455.8 252.6 122.8 422.3 363.5 470.6 455.1 475.2 450.6 399.9 377.3 490.8 224.4 234.2 263.6 163.3 221.5 233.0 86.3 371.6 395.4 101.3 146.2 423.0 34.7 270.1 448.8 422.4 311.9 120.2 115.5 292.3 422.6 288.0 325.8 228.1 157.4 333.7 343.4 99.9 0.0 112.1 403.7 115.4 324.8 481.1 311.5 137.4 113.9 238.9 428.6 454.1 416.0 136.4 435.5
2091.2 67.1 150.3 222.4 303.6 276.9 160.1 382.5 421.2 211.8 52.0 307.7 380.5 334.5 334.3 179.2 408.1 402.4 432.6 434.0 175.5 79.5 61.1 220.3 478.5 53.6 446.0 269.2 514.3 370.6 179.7 65.1 402.4 216.8 101.2 192.9 210.9 156.2 476.5 412.2 493.6 395.1 191.9 192.3 361.6 302.8 512.3 394.4 417.0 492.3 339.2 419.0 430.1 112.2 249.3 305.3 215.6 291.0 172.3 155.8 310.9 437.1 170.8 34.0 464.7 104.2 311.8 360.9 464.1 251.2 187.2 70.9 345.2 361.9 227.3 265.1 161.4 45.2 273.0 282.7 43.9 88.6 0.0 445.4 68.0 264.9 495.4 242.4 206.9 183.4 178.2 454.1 520.9 457.7 205.9 480.1
1886.8 481.4 398.3 548.7 297.1 382.6 356.1 708.8 747.5 333.4 489.7 634.0 706.8 231.3 660.6 505.5 734.4 728.7 758.9 138.0 373.5 503.3 473.7 546.6 804.8 505.3 61.5 595.5 148.1 271.7 338.3 515.3 728.7 543.1 564.3 332.5 338.1 394.6 802.8 738.5 127.4 721.4 518.2 328.4 687.9 629.1 146.1 720.7 743.3 126.1 665.5 91.8 756.4 464.2 311.8 202.1 272.7 335.7 498.6 361.8 637.2 109.9 345.8 485.3 80.2 402.3 278.8 687.2 23.9 577.5 361.8 522.6 242.0 688.2 553.6 591.4 493.7 503.6 599.3 609.0 507.0 446.2 500.7 0.0 538.4 591.2 129.2 568.7 309.7 333.7 504.5 126.9 58.5 130.5 343.1 150.5
2131.2 80.4 190.3 262.4 346.9 324.9 208.1 417.7 461.2 251.8 111.5 347.7 385.8 378.0 374.3 184.5 448.1 442.4 472.6 467.6 223.5 139.0 118.6 259.7 518.5 101.6 486.0 353.4 554.3 410.6 193.0 68.9 442.4 256.8 149.2 232.9 256.5 169.5 516.5 417.5 521.4 435.1 231.9 240.3 401.6 342.8 552.3 434.4 454.5 532.3 344.5 459.0 481.7 137.0 289.7 345.3 259.2 339.0 212.3 169.1 350.9 477.1 218.8 93.5 504.7 152.2 356.1 428.1 504.1 291.2 237.7 118.9 353.0 367.2 267.3 305.1 186.2 104.7 278.3 322.7 91.9 136.6 59.4 485.4 0.0 304.1 562.8 290.8 255.8 231.4 218.2 510.3 526.2 505.0 247.6 517.2
2187.4 310.5 246.5 101.1 403.1 387.9 330.7 112.7 156.2 308.0 234.8 67.2 115.5 434.2 93.8 118.4 143.1 137.4 167.6 523.8 348.1 234.3 218.8 45.9 213.5 300.0 542.2 72.9 610.5 466.8 312.9 259.6 137.4 164.1 347.6 289.1 312.7 368.4 211.5 147.2 577.6 130.1 73.9 302.2 96.6 50.9 608.5 129.4 149.5 588.5 74.2 515.2 176.7 194.4 345.1 400.7 315.4 388.0 124.4 371.7 45.9 533.3 363.0 230.4 560.9 322.2 412.3 123.1 560.3 44.3 333.9 317.3 409.2 96.9 38.3 58.2 194.8 246.9 45.3 42.2 290.3 305.8 245.8 541.6 276.3 0.0 619.0 105.6 326.0 350.9 88.3 566.5 616.3 561.2 324.0 573.4
1921.0 524.5 441.4 591.8 343.5 425.7 399.2 747.1 790.6 376.5 532.8 677.1 768.9 296.9 703.7 548.6 777.5 771.8 802.0 136.0 416.6 546.4 516.8 589.1 847.9 548.4 123.1 682.8 128.0 314.8 384.8 577.4 771.8 586.2 607.4 375.6 381.2 456.7 845.9 800.6 92.6 764.5 561.3 371.5 731.0 672.2 145.0 763.8 783.9 44.5 708.6 123.1 811.1 526.3 354.3 264.2 310.9 378.8 541.7 423.9 680.3 141.2 388.9 528.4 141.8 445.4 316.7 757.5 141.2 620.6 402.4 565.7 252.9 750.3 596.7 634.5 555.8 546.7 642.4 652.1 550.1 489.3 543.8 142.3 565.6 633.5 0.0 620.2 351.9 376.8 547.6 148.6 198.0 134.1 392.5 134.3
2174.2 296.5 233.3 87.9 390.5 374.7 317.5 186.5 225.2 294.8 221.6 111.7 200.4 421.0 138.3 86.4 212.1 206.4 236.6 515.9 334.9 221.1 205.6 42.7 282.5 286.8 529.0 101.1 597.3 453.6 298.1 245.6 206.4 131.3 334.4 275.9 299.5 361.3 280.5 216.2 575.0 199.1 60.7 288.2 165.6 106.8 600.6 198.4 221.0 575.3 159.1 502.0 234.1 219.9 331.1 386.7 297.0 374.8 94.9 357.7 114.9 520.1 349.8 217.2 547.7 309.0 397.5 164.9 547.1 55.2 321.6 304.1 426.6 164.3 31.3 69.1 180.8 232.9 75.4 86.7 277.1 298.7 232.6 528.4 268.7 68.9 576.8 0.0 313.7 337.7 73.5 535.5 577.2 539.0 307.9 561.5
1961.5 185.5 146.6 297.0 127.7 79.7 100.7 457.4 495.8 87.4 238.0 382.3 454.8 158.8 408.9 253.5 482.7 477.0 507.2 254.9 89.3 251.6 222.0 294.6 553.1 209.5 266.8 371.7 335.1 191.4 96.0 256.8 477.0 291.5 268.5 52.2 92.1 116.7 551.1 485.9 301.3 469.7 266.5 81.5 436.2 377.4 332.2 469.0 491.9 313.1 413.5 239.8 505.0 211.6 119.7 126.1 26.1 84.0 246.9 51.9 385.5 257.9 36.0 257.5 285.5 106.5 134.8 435.8 284.9 325.8 100.7 226.8 166.3 436.8 301.9 339.7 241.7 268.4 346.7 357.3 211.2 151.3 223.4 266.2 259.7 339.8 316.5 317.0 0.0 23.9 252.9 275.2 315.7 278.5 97.1 301.2
1985.0 161.6 170.1 320.5 147.9 93.4 76.7 480.6 519.3 105.4 251.5 405.8 478.6 178.8 432.4 277.3 506.2 500.5 530.7 278.3 65.3 279.0 258.6 318.4 576.6 185.5 290.3 367.3 358.6 214.9 96.3 233.1 500.5 314.9 244.5 66.7 100.7 92.8 574.6 510.3 337.9 493.2 290.0 105.9 459.7 400.9 356.6 492.5 515.1 336.6 437.3 263.3 528.2 268.6 143.1 149.6 49.3 107.5 270.4 28.0 409.0 281.4 12.1 233.5 309.0 82.5 156.1 459.0 308.4 349.3 77.0 202.8 189.5 460.0 325.4 363.2 265.5 244.7 371.1 380.8 187.2 126.4 199.4 289.7 236.0 363.0 339.7 340.5 23.4 0.0 276.3 298.4 365.2 302.0 95.7 324.4
2099.0 222.9 158.1 44.1 311.4 299.5 242.3 204.2 242.9 219.6 146.4 129.4 202.2 345.8 156.0 52.7 229.8 224.1 254.3 435.4 259.7 145.9 130.4 41.4 300.2 211.6 453.8 135.1 522.1 378.4 224.5 172.0 224.1 90.3 259.2 200.7 224.3 280.8 298.2 233.9 488.2 216.8 13.6 214.6 183.3 124.5 520.1 216.1 236.2 500.1 160.9 426.8 251.8 106.8 257.5 313.1 227.0 299.6 45.8 284.1 132.6 444.9 274.6 142.0 472.5 233.8 321.8 209.8 471.9 72.9 248.0 228.9 320.8 183.6 49.0 86.8 107.2 159.3 94.7 104.4 201.9 218.2 157.4 453.2 195.1 85.8 530.6 64.1 238.8 262.5 0.0 461.9 528.7 460.7 227.4 485.0
1897.6 492.2 409.1 559.5 311.2 393.4 366.9 714.8 758.3 344.2 500.5 644.8 733.8 261.8 671.4 516.3 745.2 739.5 769.7 145.3 384.3 514.1 484.5 556.8 815.6 516.1 113.5 650.5 199.8 282.5 352.5 526.1 739.5 553.9 575.1 343.3 348.9 405.4 813.6 765.5 165.9 732.2 529.0 355.4 698.7 639.9 197.8 731.5 751.6 177.8 692.5 77.3 778.8 491.2 322.0 212.9 278.6 346.5 509.4 388.8 648.0 16.9 356.6 496.1 132.2 413.1 284.4 725.2 131.6 588.3 370.1 533.4 220.6 715.2 564.4 602.2 520.7 514.4 610.1 619.8 517.8 457.0 511.5 145.5 533.3 601.2 208.3 587.9 319.6 344.5 531.5 0.0 163.3 61.1 360.2 45.7
1945.4 569.8 456.9 637.1 385.5 441.2 444.5 792.4 806.1 392.0 578.1 722.4 795.2 293.4 719.2 593.9 822.8 817.1 817.5 192.5 461.9 561.9 562.1 634.4 893.2 593.7 77.4 711.8 218.1 360.1 426.7 603.7 817.1 631.5 652.7 391.1 426.5 453.2 891.2 826.9 161.7 809.8 576.8 416.8 776.3 717.5 216.1 809.1 801.9 196.1 753.9 180.2 844.8 552.6 399.6 290.5 356.2 424.1 557.2 450.2 725.6 168.5 434.2 573.7 58.7 490.7 332.5 802.8 64.3 665.9 417.9 611.0 322.6 776.6 612.2 650.0 582.1 592.0 687.7 697.4 595.4 504.8 589.1 88.3 610.9 678.8 226.6 655.5 397.8 392.3 592.9 192.3 0.0 140.3 429.6 163.0
1906.4 501.0 417.9 568.3 316.7 402.2 375.7 723.6 767.1 353.0 509.3 653.6 726.4 254.4 680.2 525.1 754.0 748.3 778.5 154.1 393.1 522.9 493.3 565.6 824.4 524.9 81.3 643.0 169.3 291.3 357.9 534.9 748.3 562.7 583.9 352.1 357.7 414.2 822.4 758.1 135.4 741.0 537.8 348.0 707.5 648.7 167.3 740.3 760.4 147.3 685.1 90.9 776.0 516.4 330.8 221.7 292.3 355.3 518.2 381.4 656.8 26.8 365.4 504.9 100.0 421.9 293.2 706.8 99.4 597.1 378.9 542.2 261.6 707.8 573.2 611.0 513.3 523.2 618.9 628.6 526.6 465.8 520.3 123.4 558.0 610.8 177.8 586.7 329.3 353.3 524.1 60.0 156.5 0.0 360.8 61.7
1997.8 167.0 233.8 350.5 163.5 152.1 72.6 508.7 549.3 9.7 263.2 435.8 514.9 194.3 462.4 305.4 536.2 530.5 560.7 290.2 30.3 290.7 270.3 346.5 606.6 197.2 302.3 425.2 370.6 226.9 49.1 238.5 530.5 343.0 256.2 56.6 5.0 104.5 604.6 538.4 348.0 523.2 320.0 61.4 489.7 430.9 368.6 522.5 543.2 348.6 465.4 275.3 556.3 323.4 160.8 161.6 59.4 137.5 300.4 71.0 439.0 293.4 92.3 245.2 321.0 94.2 168.1 487.1 320.4 379.3 20.6 214.5 199.6 488.1 355.4 393.2 293.6 256.4 399.2 410.8 198.9 138.1 211.1 301.7 249.6 391.1 349.8 375.2 79.2 101.3 304.4 308.5 352.1 312.1 0.0 334.5
1911.9 523.6 423.4 573.8 325.5 407.7 381.2 729.1 772.6 358.5 514.8 659.1 731.9 259.9 685.7 530.6 759.5 753.8 784.0 159.6 398.6 528.4 498.8 571.1 829.9 530.4 87.1 664.8 173.4 296.8 363.4 557.5 753.8 568.2 589.4 357.6 363.2 419.7 827.9 763.6 140.5 746.5 543.3 353.5 713.0 654.2 171.4 745.8 765.9 151.4 690.6 104.9 793.1 489.3 353.4 227.2 292.9 360.8 523.7 386.9 662.3 44.5 370.9 510.4 105.8 427.4 298.7 739.5 105.2 602.6 384.4 547.7 234.9 713.3 578.7 616.5 518.8 528.7 641.5 634.1 532.1 488.4 525.8 129.2 547.6 615.5 181.9 602.2 333.9 358.8 529.6 11.4 162.0 72.0 374.5 0.0
