Name		1076_BED-Amazon_n115_m286_bt28
Number_of_Customers	115
Number_of_Items		286
Number_of_ItemTypes	28
Number_of_Vehicles	1
TimeWindows		0
Dist_type	manual

VEHICLE
Mass_Capacity	2071
CargoSpace_Length	174
CargoSpace_Width	61
CargoSpace_Height	84

CUSTOMERS
i	x	y	Demand	ReadyTime	DueDate	ServiceTime	DemandedMass	DemandedVolume
0	33.688122	-117.847178	0	0	0	0	0	0
1	33.664119	-117.790273	2	0	0	0	8.52	9960
2	33.661947	-117.781459	1	0	0	0	4.7	1380
3	33.667068	-117.789981	2	0	0	0	11.15	7368
4	33.668042	-117.781531	1	0	0	0	1.75	4608
5	33.662637	-117.777004	2	0	0	0	6.6	2556
6	33.663536	-117.785881	3	0	0	0	18.6	7576
7	33.663119	-117.775515	2	0	0	0	16.7	6400
8	33.665534	-117.778676	2	0	0	0	6.33	37300
9	33.668084	-117.780266	3	0	0	0	11.7	8794
10	33.664528	-117.787666	1	0	0	0	0.7	2640
11	33.661848	-117.782533	1	0	0	0	4.7	1380
12	33.669665	-117.782375	1	0	0	0	1.9	1176
13	33.668368	-117.780501	2	0	0	0	6.5	3900
14	33.668972	-117.782542	1	0	0	0	4.7	1380
15	33.666054	-117.784558	1	0	0	0	7.3	3640
16	33.664098	-117.775899	1	0	0	0	4.7	1380
17	33.667693	-117.789153	3	0	0	0	7.56	20625
18	33.66091	-117.77955	1	0	0	0	4.7	1380
19	33.666477	-117.788071	2	0	0	0	11.3	3936
20	33.665749	-117.780375	1	0	0	0	1.9	1176
21	33.666292	-117.788856	4	0	0	0	23.74	19083
22	33.660801	-117.777056	1	0	0	0	4.7	1380
23	33.664966	-117.786972	2	0	0	0	4.5	11576
24	33.663249	-117.780415	5	0	0	0	25.42	28496
25	33.662979	-117.784292	1	0	0	0	2.98	10920
26	33.663705	-117.779551	2	0	0	0	4.91	6720
27	33.664119	-117.790271	3	0	0	0	8.34	18924
28	33.664902	-117.788455	2	0	0	0	15.5	9420
29	33.667141	-117.776398	1	0	0	0	4.8	6200
30	33.66142	-117.777839	2	0	0	0	5.4	4020
31	33.665466	-117.776259	3	0	0	0	10.25	8340
32	33.666072	-117.789884	2	0	0	0	6.5	3900
33	33.661334	-117.781066	1	0	0	0	4.7	1380
34	33.669273	-117.779913	1	0	0	0	1.4	5280
35	33.667069	-117.783556	2	0	0	0	7.19	9251
36	33.665753	-117.782308	1	0	0	0	4.7	1380
37	33.668517	-117.781267	2	0	0	0	9.99	9455
38	33.665069	-117.773931	2	0	0	0	2.65	12007
39	33.664664	-117.790683	1	0	0	0	3.88	13068
40	33.667421	-117.784565	2	0	0	0	4.25	8586
41	33.667774	-117.779843	1	0	0	0	4.7	1380
42	33.667824	-117.780982	1	0	0	0	1.9	1176
43	33.664632	-117.785271	1	0	0	0	4.7	1380
44	33.665899	-117.774432	1	0	0	0	4.7	1380
45	33.665448	-117.789688	1	0	0	0	14.1	4140
46	33.670363	-117.782129	1	0	0	0	3.82	7600
47	33.667436	-117.786286	2	0	0	0	5.4	4020
48	33.665111	-117.7884	1	0	0	0	2.6	10400
49	33.663808	-117.786557	1	0	0	0	4.7	1380
50	33.663696	-117.774736	7	0	0	0	41.69	47290
51	33.66595	-117.790003	4	0	0	0	12.1	11396
52	33.66699	-117.778858	6	0	0	0	33.17	32448
53	33.667016	-117.786745	2	0	0	0	2.45	7248
54	33.66742	-117.780168	1	0	0	0	3.8	2352
55	33.664105	-117.790207	2	0	0	0	5.4	4020
56	33.65253	-117.771071	1	0	0	0	4.7	1380
57	33.669498	-117.780699	1	0	0	0	0.7	2640
58	33.664835	-117.780345	2	0	0	0	5.4	4020
59	33.662698	-117.778721	2	0	0	0	6.45	5988
60	33.663189	-117.781202	3	0	0	0	7.27	18265
61	33.665806	-117.785198	1	0	0	0	4.7	1380
62	33.664211	-117.773377	2	0	0	0	4.84	22380
63	33.663772	-117.787119	1	0	0	0	4.7	1380
64	33.663861	-117.779236	2	0	0	0	12.0	5020
65	33.665223	-117.777906	2	0	0	0	12.41	8304
66	33.660807	-117.780964	1	0	0	0	1.9	1176
67	33.669426	-117.782756	2	0	0	0	9.49	9646
68	33.661509	-117.781871	2	0	0	0	3.71	8184
69	33.668038	-117.788219	3	0	0	0	15.01	18704
70	33.666698	-117.786358	1	0	0	0	4.7	1380
71	33.668266	-117.78316	2	0	0	0	10.31	9184
72	33.667655	-117.778172	1	0	0	0	0.7	2640
73	33.664093	-117.790154	1	0	0	0	0.7	2640
74	33.664812	-117.777284	4	0	0	0	11.0	8892
75	33.663052	-117.777225	3	0	0	0	9.07	18504
76	33.665886	-117.778123	1	0	0	0	1.9	1176
77	33.667686	-117.785744	2	0	0	0	5.4	4020
78	33.666416	-117.777388	1	0	0	0	4.7	1380
79	33.665893	-117.77944	5	0	0	0	16.62	19721
80	33.664511	-117.773793	3	0	0	0	10.14	20262
81	33.665393	-117.78101	3	0	0	0	14.15	6100
82	33.664181	-117.784613	3	0	0	0	13.9	7752
83	33.660126	-117.778581	5	0	0	0	28.8	17796
84	33.664029	-117.787844	1	0	0	0	4.8	6200
85	33.667925	-117.786818	3	0	0	0	11.85	10008
86	33.660429	-117.779104	1	0	0	0	1.75	4608
87	33.664612	-117.786044	2	0	0	0	12.0	5020
88	33.668437	-117.788031	1	0	0	0	4.7	1380
89	33.665496	-117.786403	5	0	0	0	19.26	19564
90	33.662512	-117.776723	2	0	0	0	5.57	12208
91	33.664039	-117.775289	5	0	0	0	16.75	9916
92	33.667527	-117.787477	7	0	0	0	27.85	62062
93	33.66271	-117.775643	4	0	0	0	19.9	13018
94	33.665294	-117.774933	2	0	0	0	5.4	4020
95	33.665762	-117.790834	5	0	0	0	17.16	13200
96	33.65292	-117.771572	2	0	0	0	12.0	5020
97	33.665454	-117.789774	1	0	0	0	14.1	4140
98	33.666799	-117.782998	3	0	0	0	7.17	13445
99	33.669954	-117.783811	2	0	0	0	5.4	4020
100	33.667845	-117.777967	1	0	0	0	0.7	2640
101	33.663232	-117.775317	2	0	0	0	2.6	3816
102	33.664974	-117.787693	1	0	0	0	1.75	4608
103	33.668761	-117.784247	3	0	0	0	18.8	6058
104	33.664445	-117.79147	3	0	0	0	18.0	13398
105	33.669627	-117.781937	2	0	0	0	7.2	5358
106	33.670105	-117.783215	2	0	0	0	3.55	7128
107	33.66683	-117.784822	1	0	0	0	4.7	1380
108	33.662376	-117.784038	1	0	0	0	2.15	1080
109	33.662428	-117.778477	1	0	0	0	4.7	1380
110	33.66337	-117.784656	3	0	0	0	8.0	7836
111	33.669499	-117.783823	1	0	0	0	7.3	3640
112	33.663414	-117.77646	2	0	0	0	6.1	6660
113	33.66308	-117.77717	2	0	0	0	4.2	11856
114	33.668295	-117.783593	1	0	0	0	0.7	2640
115	33.667459	-117.788802	3	0	0	0	11.8	8632

ITEMS
Type	Length	Width	Height	Mass	Fragility	LoadBearingStrength
Bt1	10	10	10	14.15	1	0
Bt2	18	12	5	2.15	1	0
Bt3	21	14	4	1.9	1	0
Bt4	23	15	4	4.7	1	0
Bt5	20	18	7	1.8	1	0
Bt6	15	11	16	0.7	1	0
Bt7	20	14	13	7.3	1	0
Bt8	17	13	18	2.5	1	0
Bt9	24	12	16	1.75	1	0
Bt10	28	22	9	3.01	1	0
Bt11	42	13	11	2.19	1	0
Bt12	31	20	10	4.8	1	0
Bt13	40	19	10	3.82	1	0
Bt14	25	19	17	5.29	1	0
Bt15	22	15	26	3.816	1	0
Bt16	29	17	19	1.95	1	0
Bt17	29	25	13	1.77	1	0
Bt18	40	20	13	2.6	1	0
Bt19	29	24	15	4.26	1	0
Bt20	40	13	21	2.98	1	0
Bt21	40	22	13	6.6	1	0
Bt22	29	27	15	2.11	1	0
Bt23	27	22	22	3.88	1	0
Bt24	49	13	21	5.11	1	0
Bt25	26	20	26	2.91	1	0
Bt26	27	23	24	2.94	1	0
Bt27	57	15	20	3.44	1	0
Bt28	41	20	29	3.42	1	0

DEMANDS PER CUSTOMER
i	Type Quantity
1	Bt15 1	Bt4 1	
2	Bt4 1	
3	Bt4 2	Bt9 1	
4	Bt9 1	
5	Bt4 1	Bt3 1	
6	Bt7 1	Bt4 2	Bt3 1	
7	Bt4 2	Bt7 1	
8	Bt25 1	Bt28 1	
9	Bt8 1	Bt3 1	Bt7 1	
10	Bt6 1	
11	Bt4 1	
12	Bt3 1	
13	Bt4 1	Bt5 1	
14	Bt4 1	
15	Bt7 1	
16	Bt4 1	
17	Bt24 1	Bt9 1	Bt6 1	
18	Bt4 1	
19	Bt4 2	Bt3 1	
20	Bt3 1	
21	Bt14 1	Bt4 2	Bt9 1	Bt7 1	
22	Bt4 1	
23	Bt18 1	Bt3 1	
24	Bt7 1	Bt9 2	Bt4 2	Bt6 2	Bt13 1	
25	Bt20 1	
26	Bt3 1	Bt10 1	
27	Bt6 1	Bt26 1	Bt4 1	
28	Bt6 2	Bt4 3	
29	Bt12 1	
30	Bt6 1	Bt4 1	
31	Bt3 2	Bt4 1	Bt9 1	
32	Bt4 1	Bt5 1	
33	Bt4 1	
34	Bt6 2	
35	Bt14 1	Bt3 1	
36	Bt4 1	
37	Bt4 1	Bt14 1	
38	Bt6 1	Bt16 1	
39	Bt23 1	
40	Bt9 1	Bt8 1	
41	Bt4 1	
42	Bt3 1	
43	Bt4 1	
44	Bt4 1	
45	Bt4 3	
46	Bt13 1	
47	Bt4 1	Bt6 1	
48	Bt18 1	
49	Bt4 1	
50	Bt3 1	Bt14 2	Bt10 1	Bt4 3	Bt6 1	Bt21 1	Bt12 1	
51	Bt6 1	Bt4 1	Bt12 1	Bt3 1	
52	Bt12 1	Bt7 1	Bt4 3	Bt15 1	Bt9 1	Bt6 2	
53	Bt6 1	Bt9 1	
54	Bt3 2	
55	Bt6 1	Bt4 1	
56	Bt4 1	
57	Bt6 1	
58	Bt4 1	Bt6 1	
59	Bt9 1	Bt4 1	
60	Bt12 1	Bt6 1	Bt17 1	
61	Bt4 1	
62	Bt6 2	Bt27 1	
63	Bt4 1	
64	Bt4 1	Bt7 1	
65	Bt10 1	Bt4 2	
66	Bt3 1	
67	Bt11 1	Bt7 1	
68	Bt10 1	Bt6 1	
69	Bt4 2	Bt10 1	Bt18 1	
70	Bt4 1	
71	Bt10 1	Bt7 1	
72	Bt6 1	
73	Bt6 1	
74	Bt4 1	Bt6 1	Bt3 2	Bt5 1	
75	Bt10 1	Bt5 1	Bt19 1	
76	Bt3 1	
77	Bt6 1	Bt4 1	
78	Bt4 1	
79	Bt4 2	Bt6 2	Bt3 1	Bt2 1	Bt17 1	
80	Bt26 1	Bt8 1	Bt4 1	
81	Bt7 1	Bt4 1	Bt2 1	
82	Bt4 2	Bt3 2	Bt6 1	
83	Bt3 1	Bt4 3	Bt12 1	Bt6 1	Bt7 1	
84	Bt12 1	
85	Bt9 1	Bt4 2	Bt6 1	
86	Bt9 1	
87	Bt4 1	Bt7 1	
88	Bt4 1	
89	Bt4 1	Bt6 3	Bt10 1	Bt7 1	Bt2 1	
90	Bt13 1	Bt9 1	
91	Bt4 1	Bt6 1	Bt3 1	Bt7 1	Bt2 1	
92	Bt26 1	Bt14 1	Bt12 1	Bt8 1	Bt7 1	Bt25 1	Bt22 1	
93	Bt8 1	Bt4 2	Bt6 1	Bt7 1	
94	Bt6 1	Bt4 1	
95	Bt4 2	Bt10 1	Bt2 1	Bt3 1	Bt6 1	
96	Bt7 1	Bt4 1	
97	Bt4 3	
98	Bt6 1	Bt4 1	Bt17 1	
99	Bt6 1	Bt4 1	
100	Bt6 1	
101	Bt3 1	Bt6 1	
102	Bt9 1	
103	Bt8 1	Bt2 1	Bt1 1	
104	Bt4 3	Bt6 2	Bt8 1	
105	Bt8 1	Bt4 1	
106	Bt9 1	Bt5 1	
107	Bt4 1	
108	Bt2 1	
109	Bt4 1	
110	Bt6 2	Bt4 1	Bt3 1	
111	Bt7 1	
112	Bt6 2	Bt4 1	
113	Bt6 1	Bt9 2	
114	Bt6 1	
115	Bt6 1	Bt7 1	Bt3 2	

DISTANCE MATRIX
0.0 858.5 940.3 806.3 928.7 948.5 879.9 957.7 965.8 924.6 816.5 936.7 928.0 914.5 879.4 869.1 885.3 848.7 938.7 838.0 970.1 810.4 988.6 826.4 990.1 927.7 973.5 846.6 743.6 963.8 971.3 953.1 748.1 1008.2 979.5 919.4 894.0 911.2 932.7 821.5 928.9 940.5 943.6 870.7 966.7 793.1 939.7 831.6 867.8 916.2 948.5 754.4 981.7 857.7 954.1 856.9 963.9 958.5 940.1 991.5 953.7 894.2 940.3 827.3 954.5 955.4 975.0 907.6 959.6 895.6 878.1 915.1 964.4 855.6 984.6 918.8 952.9 863.0 938.0 995.7 922.3 949.8 881.7 979.8 832.3 851.8 953.5 832.0 870.7 836.9 973.7 923.7 876.4 949.9 891.2 830.4 960.9 791.8 925.2 932.5 970.1 965.3 759.4 945.8 868.6 958.2 938.9 901.3 934.7 973.5 924.2 965.8 910.4 917.8 910.4 834.4
775.6 0.0 250.6 177.4 278.3 352.1 190.2 361.3 352.6 284.9 144.8 247.0 277.6 259.8 229.0 179.4 291.8 216.9 249.0 209.1 269.0 160.9 298.9 165.5 314.4 238.0 320.7 0.0 104.1 370.6 294.5 372.5 106.1 318.5 328.2 206.0 204.3 257.9 342.0 49.0 231.9 290.1 293.2 181.0 373.2 108.3 289.3 160.5 109.0 226.5 352.1 97.5 324.7 187.4 297.5 2.2 614.7 308.1 264.4 297.9 279.0 204.5 346.8 155.6 293.9 351.8 285.3 264.5 269.4 224.5 207.0 264.7 333.6 2.9 377.4 322.4 339.7 189.0 344.8 360.4 321.1 248.7 192.0 290.1 160.6 177.8 263.8 159.4 199.6 170.7 378.2 330.2 202.4 387.2 299.4 162.9 610.9 108.6 232.6 311.2 339.3 372.5 102.6 291.0 37.1 304.9 288.5 211.6 245.0 283.8 231.6 315.4 324.0 320.8 260.0 202.6
857.2 259.7 0.0 262.5 298.2 242.5 125.6 251.7 259.8 268.7 235.7 46.0 297.5 284.0 248.9 199.3 179.3 304.9 136.5 294.2 222.4 266.6 186.4 245.6 242.4 83.8 225.8 265.8 219.8 257.8 169.1 247.1 224.3 206.0 332.0 249.6 209.0 280.7 226.7 290.9 259.1 281.7 313.1 98.4 260.7 269.3 309.2 180.4 269.0 161.9 242.5 230.6 276.1 206.5 295.3 258.1 534.8 328.0 192.4 189.3 206.0 224.4 234.3 246.5 206.8 249.4 172.8 277.1 22.2 244.4 226.9 284.6 258.4 256.8 278.6 212.8 246.9 211.8 232.0 289.7 216.3 202.1 77.8 177.6 251.5 200.6 151.3 251.2 219.5 256.1 267.7 217.7 225.2 243.9 185.2 306.6 531.8 268.0 255.4 302.0 264.1 259.3 173.5 315.3 296.9 327.7 308.4 231.5 89.8 171.3 169.9 335.3 204.4 211.8 279.9 290.6
697.0 169.3 267.0 0.0 294.7 355.9 206.6 365.1 369.0 290.6 143.2 263.4 294.0 280.5 245.4 195.8 292.7 56.9 265.4 91.5 285.4 43.3 315.3 153.1 333.7 254.4 337.1 169.3 192.5 387.0 298.0 388.9 56.8 334.9 344.6 222.4 220.7 277.2 340.1 130.2 248.3 306.5 309.6 197.4 374.1 101.6 305.7 176.9 194.5 242.9 355.1 63.1 332.7 203.0 320.1 167.1 555.9 324.5 280.8 314.3 295.4 220.9 347.7 154.0 310.3 371.1 301.7 280.9 285.8 240.9 223.4 281.1 350.0 166.4 392.1 326.2 356.1 208.3 361.2 379.7 322.0 265.1 208.4 287.4 159.0 197.1 280.2 157.8 216.0 172.0 379.1 331.1 221.7 384.1 298.6 139.1 552.9 100.5 251.9 298.5 355.7 372.7 86.1 307.4 177.3 324.2 304.9 228.0 261.4 300.2 250.9 331.8 324.9 324.6 276.4 65.5
854.6 304.5 335.5 307.3 0.0 259.7 274.9 236.2 128.7 50.3 280.5 331.9 119.9 40.2 59.2 234.9 163.8 349.7 291.9 339.0 304.4 311.4 341.8 290.4 324.4 322.7 307.8 310.6 264.6 146.7 324.5 156.0 269.1 361.4 124.6 285.2 291.0 17.4 229.2 335.7 294.7 66.2 69.3 265.7 263.2 314.1 131.6 196.0 313.8 311.2 226.2 275.4 107.4 222.1 79.8 302.9 657.4 103.6 274.4 344.7 288.0 260.0 236.8 291.3 288.8 138.3 328.2 99.5 354.8 260.0 242.5 55.5 109.7 301.6 167.5 230.0 115.8 227.4 120.9 139.4 218.8 284.1 276.7 333.0 296.3 216.2 306.7 296.0 235.1 300.9 266.7 202.2 240.8 228.4 187.7 351.4 596.4 312.8 291.0 124.4 115.4 243.8 218.3 102.9 341.7 103.3 130.8 267.1 329.9 326.7 319.2 157.7 221.6 229.0 67.5 335.4
953.2 432.2 330.6 435.0 282.9 0.0 338.1 68.2 213.6 250.9 408.2 327.0 328.4 232.6 267.7 342.3 157.1 477.4 287.0 466.7 299.5 418.5 336.9 418.1 321.0 337.0 302.9 432.2 439.5 211.6 332.5 200.9 396.8 356.5 284.9 372.6 286.1 265.4 184.2 463.4 374.8 235.5 276.0 326.0 218.2 441.8 340.1 303.0 441.5 371.5 97.1 403.1 226.2 329.9 249.1 430.0 612.4 289.2 269.5 339.8 281.2 367.4 191.8 419.0 283.9 195.7 323.3 315.3 349.4 367.0 349.5 320.2 212.2 429.3 225.8 20.2 200.7 334.4 185.8 243.5 166.1 279.2 331.0 328.1 424.0 323.2 301.8 422.8 342.1 437.0 25.1 95.5 347.8 32.5 144.4 479.1 649.9 440.5 378.4 362.0 217.9 75.8 346.0 362.4 469.4 311.8 339.3 354.5 325.0 321.8 379.5 366.2 28.6 21.8 327.0 463.1
805.5 215.8 131.7 224.7 257.2 266.5 0.0 275.7 288.5 263.8 194.7 128.1 256.5 238.7 207.9 158.3 203.3 263.9 160.5 256.4 246.4 205.0 210.4 215.4 271.1 86.0 249.8 218.7 226.0 281.8 206.0 263.7 183.8 230.0 307.1 184.9 183.2 240.2 253.5 249.9 210.8 269.0 272.1 49.0 284.7 228.1 268.2 144.1 228.0 68.1 266.5 192.8 299.9 166.3 276.4 216.5 558.8 287.0 216.4 209.4 228.1 183.4 258.3 205.5 223.0 265.9 196.8 243.4 151.0 203.4 185.9 248.3 282.4 215.8 288.6 240.0 270.9 170.8 256.0 313.7 232.6 226.1 40.0 182.5 210.5 160.1 175.3 209.3 178.5 224.0 289.7 241.7 184.2 298.7 210.9 265.6 555.0 228.4 217.6 290.1 288.1 284.0 132.5 269.9 256.4 289.9 272.1 190.5 105.1 195.3 56.1 294.3 235.5 235.2 238.9 249.6
932.0 393.8 295.1 399.5 247.4 59.8 299.7 0.0 178.1 208.4 372.7 291.5 292.9 201.4 232.2 306.8 121.6 441.9 251.5 431.2 264.0 383.0 301.4 393.4 284.0 301.5 267.4 396.7 404.0 176.1 297.0 165.4 361.3 321.0 249.4 337.1 250.6 229.9 163.0 427.9 346.6 200.0 240.5 290.5 197.0 406.1 304.6 267.5 406.0 336.0 47.2 367.6 179.4 293.6 213.6 394.5 591.2 253.7 234.0 304.3 245.7 331.9 170.6 383.5 248.4 160.2 287.8 272.5 313.9 331.5 314.0 284.7 176.7 393.8 196.9 80.1 165.2 298.9 150.3 208.0 144.9 243.7 295.5 292.6 388.5 287.7 266.3 387.3 306.6 401.5 43.7 60.0 312.3 36.2 121.5 443.6 628.7 405.0 342.9 297.4 182.4 8.2 310.5 322.5 433.9 276.3 303.8 319.0 289.5 286.3 344.0 330.7 77.0 81.7 291.5 427.6
854.1 369.4 267.8 372.2 150.3 192.0 272.4 168.5 0.0 89.9 345.4 264.2 195.8 104.3 135.1 279.5 96.1 414.6 224.2 403.9 236.7 355.7 274.1 355.3 256.7 274.2 240.1 369.4 376.7 61.0 256.8 88.3 334.0 293.7 152.3 309.8 223.3 132.8 161.5 400.6 312.0 102.9 143.4 263.2 195.5 378.8 207.5 240.2 378.7 308.7 158.5 340.3 82.3 266.3 116.5 367.2 589.7 156.6 206.7 273.1 218.4 304.6 169.1 356.2 213.3 63.1 260.5 182.7 286.6 304.2 286.7 187.6 79.6 366.5 99.8 162.3 14.4 271.6 35.2 110.9 151.4 216.4 268.2 265.3 361.2 260.4 239.0 360.9 279.3 374.2 201.3 134.5 285.0 160.7 120.0 416.3 528.7 377.7 315.6 200.3 85.3 176.1 283.2 232.1 406.6 179.2 206.7 291.7 262.2 259.0 316.7 233.6 128.3 160.7 194.4 400.3
854.7 304.6 297.0 293.2 60.3 209.3 275.0 197.7 90.2 0.0 280.6 293.4 120.0 24.2 59.3 235.0 125.3 357.9 253.4 324.9 265.9 290.9 303.3 290.5 294.0 303.4 257.4 290.4 320.0 108.2 286.0 117.5 277.3 322.9 87.4 285.3 252.5 65.1 190.7 335.8 294.8 27.7 53.4 265.8 224.7 314.2 131.7 204.2 313.9 311.3 175.8 261.3 42.0 222.2 41.3 303.0 618.9 90.8 224.0 306.2 249.5 260.1 186.4 291.4 250.3 100.4 289.7 99.6 316.3 260.1 242.6 97.6 71.2 301.7 117.1 199.6 77.3 227.5 82.4 100.9 180.3 233.7 262.6 259.7 296.4 224.4 268.2 296.1 235.2 295.2 228.2 163.7 240.9 204.8 149.2 359.6 557.9 314.0 299.2 124.5 76.9 205.3 218.4 134.1 327.6 89.2 130.9 267.2 291.4 288.2 327.4 157.8 165.6 198.0 98.7 321.3
751.9 183.1 244.9 167.9 272.6 349.3 184.5 358.5 346.9 268.5 0.0 241.3 271.9 258.4 223.3 173.7 286.1 210.3 243.3 199.6 263.3 172.0 293.2 84.8 311.6 232.3 315.0 189.2 125.2 364.9 275.9 374.2 129.7 312.8 323.4 224.0 198.6 255.1 333.5 203.1 233.5 284.4 287.5 175.3 367.5 174.7 283.6 154.8 192.4 220.8 358.5 136.0 325.6 180.9 298.0 181.5 609.0 302.4 258.7 296.1 275.2 198.8 341.1 63.9 296.0 356.5 279.6 251.5 264.2 218.8 201.3 259.0 327.9 180.2 385.7 319.6 334.0 186.2 339.1 357.6 323.1 243.0 186.3 284.4 31.5 175.0 258.1 90.4 193.9 95.3 374.5 324.5 199.6 350.7 292.0 212.0 606.0 173.4 229.8 276.4 333.6 366.1 78.9 289.7 220.3 302.1 282.8 205.9 239.3 278.1 228.8 309.7 311.2 318.6 254.3 196.0
873.6 276.1 35.8 278.9 314.6 258.9 142.0 268.1 276.2 285.1 252.1 0.0 313.9 300.4 265.3 215.7 195.7 321.3 152.9 310.6 238.8 283.0 202.8 262.0 258.8 100.2 242.2 282.2 236.2 274.2 185.5 263.5 240.7 222.4 348.4 266.0 225.4 297.1 243.1 307.3 275.5 298.1 329.5 114.8 277.1 285.7 325.6 196.8 285.4 178.3 258.9 247.0 292.5 222.9 311.7 274.5 551.2 344.4 208.8 205.7 222.4 240.8 250.7 262.9 223.2 265.8 189.2 293.5 22.8 260.8 243.3 301.0 274.8 273.2 295.0 229.2 263.3 228.2 248.4 306.1 232.7 218.5 94.2 194.0 267.9 217.0 167.7 267.6 235.9 272.5 284.1 234.1 241.6 260.3 201.6 323.0 548.2 284.4 271.8 318.4 280.5 275.7 189.9 331.7 313.3 344.1 324.8 247.9 106.2 187.7 186.3 351.7 220.8 228.2 296.3 307.0
843.9 293.8 324.6 296.6 129.9 335.2 264.2 311.7 204.2 125.8 269.8 321.0 0.0 115.7 80.6 224.2 239.3 339.0 323.0 328.3 313.8 300.7 372.9 279.7 362.1 312.0 383.3 299.9 253.9 222.2 355.6 231.5 258.4 392.5 180.7 274.5 249.1 112.4 304.7 325.0 284.0 141.7 144.8 255.0 338.7 303.4 64.1 185.3 303.1 300.5 301.7 264.7 182.9 211.4 155.3 292.2 618.8 159.7 309.2 375.8 325.7 249.3 312.3 280.6 364.3 213.8 359.3 69.6 343.9 249.3 231.8 116.3 185.2 290.9 243.0 305.5 191.3 216.7 196.4 214.9 294.3 293.5 266.0 364.1 285.6 205.5 337.8 285.3 224.4 290.2 342.2 277.7 230.1 303.9 263.2 340.7 615.8 302.1 280.3 61.7 190.9 319.3 207.6 147.0 331.0 159.4 68.1 256.4 319.0 357.8 308.5 95.0 297.1 304.5 111.6 324.7
830.4 277.4 295.2 283.1 50.2 219.4 253.6 200.2 88.4 20.7 256.3 291.6 95.7 0.0 35.0 210.7 123.5 321.2 251.6 314.8 264.1 262.3 301.5 277.0 288.4 301.6 267.5 280.3 283.3 106.4 297.1 108.3 240.6 321.1 84.7 237.3 250.7 32.7 191.7 311.5 263.2 25.9 43.3 241.5 222.9 289.7 107.4 171.8 289.6 287.0 185.9 246.9 67.7 198.7 33.3 278.1 617.1 79.4 234.1 300.5 245.8 235.8 200.8 267.1 240.7 94.8 287.9 82.6 314.0 231.5 218.3 83.2 69.4 277.4 113.2 194.0 75.5 203.2 80.6 99.1 170.8 248.1 248.2 292.7 272.1 192.0 266.4 270.9 210.9 280.8 228.7 161.9 216.6 218.9 149.1 322.9 555.3 290.0 266.8 129.3 75.1 204.2 194.1 125.3 313.2 74.8 106.6 242.9 289.6 286.4 290.7 133.5 155.7 192.4 94.3 306.9
795.3 245.2 276.0 248.0 49.2 254.5 215.6 231.0 123.5 45.1 221.2 272.4 60.6 35.0 0.0 175.6 158.6 290.4 286.7 279.7 265.2 252.1 336.6 231.1 320.7 263.4 302.6 251.3 205.3 141.5 319.3 150.8 209.8 356.2 100.0 225.9 200.5 31.7 224.0 276.4 235.4 61.0 64.1 206.4 258.0 254.8 72.3 136.7 254.5 251.9 231.0 216.1 102.2 162.8 74.6 243.6 570.2 79.0 269.2 339.5 282.8 200.7 231.6 232.0 283.6 133.1 323.0 40.2 295.3 200.7 183.2 52.4 104.5 242.3 162.3 224.8 110.6 168.1 115.7 134.2 213.6 244.9 217.4 327.8 237.0 156.9 301.5 236.7 175.8 241.6 261.5 197.0 181.5 223.2 182.5 292.1 567.2 253.5 231.7 65.1 110.2 238.6 159.0 94.6 282.4 78.7 71.5 207.8 270.4 321.5 259.9 98.4 216.4 223.8 59.2 276.1
793.1 206.3 237.1 209.1 215.6 279.9 176.7 289.1 289.9 211.5 182.3 233.5 214.9 201.4 166.3 0.0 216.7 251.5 227.3 240.8 113.1 213.2 277.2 192.2 161.4 224.5 164.8 212.4 166.4 307.9 259.9 284.5 170.9 296.8 266.4 55.8 48.4 198.1 264.1 237.5 65.3 227.4 230.5 167.5 298.1 215.9 226.6 79.8 215.6 213.0 289.1 177.2 268.6 105.9 241.0 204.7 552.0 245.4 108.5 280.1 125.0 25.0 271.7 193.1 145.8 299.5 263.6 194.5 256.4 143.8 126.3 202.0 270.9 203.4 328.7 250.2 277.0 111.2 282.1 300.6 253.7 92.8 178.5 268.4 198.1 100.0 242.1 197.8 118.9 202.7 305.1 255.1 124.6 281.3 222.6 253.2 549.0 214.6 61.6 219.4 276.6 296.7 120.1 232.7 243.5 245.1 225.8 37.7 231.5 262.1 221.0 252.7 241.8 249.2 197.3 237.2
910.3 375.0 273.4 377.8 225.7 95.8 278.0 72.3 156.4 165.3 351.0 269.8 271.2 175.4 210.5 285.1 0.0 420.2 229.8 409.5 242.3 381.9 279.7 360.9 262.3 279.8 245.7 381.1 335.1 154.4 262.4 143.7 339.6 299.3 228.6 315.4 228.9 208.2 141.3 406.2 324.9 178.3 218.8 268.8 175.3 384.6 282.9 245.8 384.3 314.3 72.3 345.9 172.7 271.9 191.9 373.4 569.5 232.0 212.3 282.6 225.9 310.2 148.9 361.8 226.7 146.0 266.1 250.8 292.7 309.8 292.3 263.0 155.0 372.1 175.2 66.1 143.5 277.2 128.6 186.3 130.9 222.0 273.8 270.9 366.8 266.0 244.6 366.5 284.9 371.4 102.8 38.3 290.6 64.5 99.8 421.9 607.8 383.3 321.2 275.7 160.7 79.9 288.8 305.2 412.2 254.6 282.1 297.3 267.8 264.6 322.3 309.0 57.7 65.1 269.8 405.9
739.9 209.3 309.9 60.3 337.6 398.8 249.9 408.0 411.9 333.5 186.1 306.3 336.9 323.4 288.3 238.7 335.6 0.0 308.3 69.4 328.3 82.7 358.2 196.0 376.6 297.3 380.0 212.2 235.4 429.9 353.8 452.1 99.7 377.8 387.5 289.0 263.6 320.1 385.8 173.1 298.5 349.4 352.5 240.3 417.0 144.7 348.6 219.8 237.4 285.8 398.8 106.0 386.9 246.7 363.0 210.0 598.8 367.4 323.7 361.1 338.3 263.8 390.6 196.9 361.0 414.0 344.6 323.8 328.7 283.8 266.3 324.0 392.9 209.3 450.7 369.1 399.0 251.2 404.1 422.6 364.9 308.0 251.3 326.5 201.9 240.0 323.1 200.7 258.9 214.9 424.0 374.0 264.6 423.4 341.5 182.0 595.8 143.4 294.8 370.5 398.6 416.3 129.0 354.7 220.2 367.1 347.8 270.9 304.3 343.1 293.8 374.7 360.7 367.5 319.3 13.0
831.2 275.7 174.1 278.5 314.2 216.5 178.7 225.7 233.8 242.7 251.7 170.5 313.5 252.8 264.9 215.3 153.3 320.9 0.0 310.2 196.4 282.6 77.2 261.6 216.4 180.5 199.8 281.8 235.8 231.8 59.9 221.1 240.3 138.0 306.0 269.5 183.0 296.7 200.7 306.9 279.0 255.7 296.2 169.5 234.7 285.3 325.2 196.4 285.0 215.0 225.7 246.6 250.1 222.5 269.3 274.1 508.8 309.4 166.4 69.5 180.0 240.4 208.3 262.5 180.8 223.4 104.8 293.1 193.4 260.4 242.9 300.6 232.4 272.8 252.6 186.8 220.9 227.8 206.0 263.7 190.3 176.1 174.5 68.4 267.5 216.6 42.1 267.2 235.5 272.1 241.7 191.7 241.2 217.9 159.2 322.6 505.8 284.0 275.3 318.0 238.1 233.3 189.5 331.3 312.9 343.7 324.4 251.4 168.5 59.6 223.0 351.3 178.4 185.8 295.9 306.6
739.5 208.9 309.5 82.3 337.2 398.4 249.5 407.6 411.5 333.1 185.7 305.9 336.5 323.0 287.9 238.3 335.2 79.7 307.9 0.0 327.9 38.1 357.8 195.6 376.2 296.9 379.6 211.8 235.0 429.5 353.4 451.7 99.3 377.4 387.1 288.6 263.2 319.7 385.4 172.7 298.1 349.0 352.1 239.9 416.6 144.3 348.2 219.4 237.0 285.4 397.6 105.6 375.2 245.5 362.6 209.6 598.4 367.0 323.3 360.7 337.9 263.4 390.2 196.5 360.6 413.6 344.2 323.4 328.8 283.4 265.9 323.6 392.5 208.9 450.3 368.7 398.6 250.8 403.7 422.2 364.5 307.6 250.9 326.1 201.5 239.6 322.7 200.3 258.5 214.5 421.6 373.6 264.2 423.0 341.1 181.6 594.6 143.0 294.4 370.1 398.2 415.9 128.6 354.3 219.8 366.7 347.4 270.5 303.9 342.7 293.4 374.3 360.3 367.1 318.9 66.3
874.8 278.9 251.1 281.7 288.2 260.1 255.7 269.3 277.4 284.1 254.9 247.5 287.5 274.0 238.9 116.1 196.9 324.1 207.5 313.4 0.0 285.8 257.4 264.8 141.6 257.5 145.0 285.0 239.0 275.4 240.1 264.7 243.5 277.0 339.0 146.4 59.9 270.7 244.3 310.1 155.9 300.0 303.1 246.5 278.3 288.5 299.2 152.4 288.2 292.0 259.3 249.8 293.7 178.5 313.6 277.3 552.4 318.0 88.7 260.3 105.2 141.2 251.9 265.7 126.0 267.0 243.8 267.1 270.4 216.4 198.9 274.6 276.0 276.0 296.2 230.4 264.5 183.8 249.6 307.3 233.9 25.5 251.5 248.6 270.7 172.6 222.3 270.4 191.5 275.3 285.3 235.3 197.2 261.5 202.8 325.8 549.4 287.2 152.2 292.0 281.7 276.9 192.7 305.3 316.1 317.7 298.4 128.3 245.5 242.3 300.0 325.3 222.0 229.4 269.9 309.8
701.3 170.7 271.3 44.1 299.0 360.2 210.9 369.4 373.3 294.9 147.5 267.7 298.3 280.5 249.7 200.1 297.0 83.0 269.7 48.1 289.7 0.0 319.6 168.2 338.0 258.7 341.4 173.6 196.8 391.3 302.3 394.6 61.1 339.2 348.9 226.7 225.0 281.5 344.4 134.5 259.9 310.8 313.9 201.7 378.4 105.9 310.0 181.2 198.8 247.2 359.4 67.4 337.0 207.3 324.4 171.4 560.2 328.8 285.1 322.5 299.7 225.2 352.0 158.3 322.4 375.4 306.0 277.9 290.6 245.2 227.7 285.4 354.3 170.7 396.4 330.5 360.4 212.6 365.5 384.0 326.3 269.4 212.7 291.7 163.3 201.4 284.5 162.1 220.3 176.3 385.4 335.4 226.0 384.8 302.9 143.4 556.4 104.8 256.2 331.9 360.0 377.7 90.4 311.7 181.6 328.5 309.2 232.3 265.7 304.5 255.2 336.1 322.1 328.9 280.7 69.6
862.0 306.5 204.9 309.3 345.0 247.3 209.5 256.5 264.6 273.5 282.5 201.3 344.3 283.6 295.7 246.1 184.1 351.7 78.1 341.0 227.2 313.4 0.0 292.4 247.2 211.3 230.6 312.6 266.6 262.6 42.9 251.9 271.1 168.8 336.8 300.3 213.8 327.5 231.5 337.7 309.8 286.5 327.0 200.3 265.5 316.1 356.0 227.2 315.8 245.8 256.5 277.4 280.9 253.3 300.1 304.9 539.6 340.2 197.2 118.3 210.8 271.2 239.1 293.3 211.6 254.2 135.6 323.9 224.2 291.2 273.7 331.4 263.2 303.6 283.4 217.6 251.7 258.6 236.8 294.5 221.1 206.9 205.3 51.0 298.3 247.4 78.7 298.0 266.3 302.9 272.5 222.5 272.0 248.7 190.0 353.4 536.6 314.8 306.1 348.8 268.9 264.1 220.3 362.1 343.7 374.5 355.2 282.2 199.3 108.4 253.8 382.1 209.2 216.6 326.7 337.4
719.9 148.2 212.9 160.5 240.6 341.9 155.4 351.1 314.9 247.2 62.9 209.3 239.9 222.1 191.3 141.7 254.1 202.9 211.3 192.2 231.3 144.0 261.2 0.0 304.2 200.3 307.6 175.7 183.0 332.9 256.8 334.8 97.7 280.8 290.5 168.3 166.6 247.7 304.3 171.1 194.2 252.4 255.5 143.3 335.5 142.5 251.6 122.8 160.4 188.8 326.5 128.6 289.9 149.7 259.8 148.9 577.0 270.4 226.7 260.2 241.3 166.8 333.7 73.7 256.2 317.0 247.6 226.8 231.7 211.4 169.3 227.0 295.9 148.2 339.7 312.2 302.0 178.8 307.1 325.6 283.4 211.0 178.9 257.9 78.7 167.6 226.1 61.7 161.9 100.5 340.5 292.5 192.2 349.5 261.7 204.6 573.2 142.8 197.8 273.5 301.6 334.8 46.9 253.3 212.9 294.7 250.8 173.9 207.3 246.1 196.8 277.7 286.3 310.6 222.3 164.0
867.2 336.7 243.5 342.4 348.9 252.5 248.1 261.7 269.8 300.1 315.6 239.9 348.2 288.8 299.6 176.8 189.3 384.8 199.9 374.1 134.0 325.9 249.8 325.5 0.0 249.9 119.4 339.6 346.9 267.8 232.5 257.1 304.2 269.4 341.1 207.1 120.6 331.4 236.7 370.8 199.4 291.7 332.2 238.9 270.7 353.6 359.9 213.1 348.9 284.4 252.5 310.5 271.1 239.2 299.1 337.4 544.8 345.4 104.0 248.8 32.9 201.9 244.3 326.4 100.4 251.9 236.2 327.8 262.8 277.1 259.6 335.3 268.4 336.7 264.8 224.3 256.9 244.5 242.0 299.7 226.3 113.7 243.9 218.1 331.4 233.3 214.7 330.2 252.2 344.4 275.7 227.7 257.9 259.1 195.2 386.5 541.8 350.8 212.9 352.7 274.1 269.3 253.4 361.6 376.8 378.4 359.1 189.0 237.9 234.7 292.4 386.0 223.0 221.2 330.6 353.3
877.2 263.6 87.0 266.4 302.1 262.5 103.1 271.7 279.8 298.0 239.6 83.4 301.4 287.9 252.8 203.2 199.3 308.8 156.5 298.1 242.4 270.5 206.4 249.5 262.4 0.0 245.8 269.7 223.7 277.8 189.1 267.1 228.2 226.0 352.9 253.5 229.0 284.6 246.7 294.8 263.0 313.9 317.0 75.9 280.7 273.2 313.1 184.3 272.9 139.4 261.7 234.5 296.1 210.4 327.5 262.0 554.8 331.9 212.4 209.3 226.0 228.3 254.3 250.4 226.8 269.4 192.8 281.0 106.3 248.3 230.8 288.5 278.4 260.7 298.6 232.8 266.9 215.7 252.0 309.7 236.3 222.1 55.3 197.6 255.4 204.5 171.3 255.1 223.4 260.0 287.7 237.7 229.1 263.9 205.2 310.5 551.8 271.9 259.3 305.9 284.1 279.3 177.4 319.2 300.8 331.6 312.3 235.4 19.0 191.3 147.4 339.2 224.4 231.8 283.8 294.5
858.2 307.7 234.5 313.4 319.9 243.5 239.5 252.7 260.8 269.7 286.6 230.9 319.2 305.7 270.6 147.8 180.3 355.8 190.9 345.1 105.0 296.9 240.8 296.5 107.0 240.9 0.0 310.6 317.9 258.8 236.4 248.1 275.2 260.4 332.1 178.1 91.6 302.4 227.7 341.8 187.6 282.7 334.8 229.9 261.7 320.2 330.9 184.1 319.9 275.4 243.5 281.5 262.1 210.2 296.3 308.4 535.8 349.7 75.0 243.7 73.9 172.9 235.3 297.4 8.3 242.9 227.2 298.8 253.3 248.1 230.6 306.3 259.4 307.7 263.9 213.8 247.9 215.5 233.0 290.7 217.3 84.7 234.9 232.0 302.4 204.3 205.7 301.2 223.2 315.4 266.7 218.7 228.9 268.1 186.2 357.5 532.8 320.0 183.9 352.8 265.1 260.3 224.4 337.0 347.8 349.4 330.1 160.0 228.9 225.7 283.4 357.0 212.5 212.2 301.6 341.5
775.6 0.0 250.6 177.4 278.3 355.0 193.1 364.2 352.6 274.2 144.8 247.0 277.6 264.1 229.0 179.4 291.8 219.8 249.0 209.1 269.0 160.9 298.9 165.5 318.8 238.0 320.7 0.0 107.0 370.6 294.5 392.8 106.1 318.5 328.2 229.7 204.3 260.8 342.0 49.0 239.2 290.1 293.2 181.0 373.2 108.5 289.3 160.5 109.0 226.5 354.2 100.4 327.6 186.6 297.5 1.5 614.7 308.1 264.4 297.9 279.0 204.5 346.8 155.6 293.9 354.7 285.3 257.2 269.9 224.5 207.0 264.7 333.6 2.8 384.8 325.3 339.7 191.9 344.8 363.3 321.1 248.7 192.0 290.1 160.6 180.7 263.8 159.4 199.6 173.6 380.2 330.2 205.3 387.2 299.4 165.8 611.7 107.2 235.5 282.1 339.3 371.8 102.6 291.0 37.1 307.8 288.5 211.6 245.0 283.8 234.5 315.4 324.2 323.7 260.0 205.5
791.9 87.0 266.9 207.9 294.6 371.3 162.0 380.5 368.9 290.5 161.1 263.3 293.9 276.1 245.3 195.7 308.1 250.3 265.3 239.6 285.3 191.4 315.2 171.0 333.6 254.3 337.0 87.0 0.0 386.9 297.9 388.8 169.7 334.8 344.5 246.0 220.6 277.1 355.5 118.2 248.2 306.4 309.5 197.3 389.5 177.7 305.6 176.8 1.9 242.8 370.5 169.6 332.6 202.9 320.0 85.4 631.0 324.4 280.7 314.2 295.3 220.8 363.1 171.9 310.2 371.0 301.6 273.5 285.7 240.8 223.3 281.0 349.9 84.1 392.0 341.6 356.0 208.2 361.1 379.6 345.4 265.0 208.3 306.4 176.9 197.0 280.1 176.6 215.9 189.9 394.5 346.5 221.6 395.9 314.0 235.0 627.2 176.4 251.8 327.5 355.6 388.1 118.9 307.3 124.2 324.1 304.8 227.9 261.3 300.1 250.8 331.7 333.2 340.0 276.3 236.0
864.2 370.5 277.9 373.3 140.4 202.1 282.5 178.6 53.1 80.0 346.5 274.3 185.9 90.1 125.2 289.6 106.2 415.7 234.3 405.0 246.8 377.4 284.2 356.4 266.8 284.3 250.2 376.6 330.6 0.0 266.9 98.4 335.1 303.8 143.3 319.9 233.4 122.9 171.6 401.7 329.4 93.0 133.5 273.3 205.6 380.1 197.6 262.0 379.8 318.8 168.6 341.4 87.4 288.1 106.6 368.9 599.8 146.7 216.8 287.1 230.4 314.7 179.2 357.3 231.2 80.7 270.6 165.5 297.2 326.0 308.5 177.7 69.7 367.6 109.9 172.4 40.2 293.4 21.9 101.0 161.2 226.5 278.3 275.4 362.3 282.2 249.1 362.0 301.1 366.9 209.1 144.6 306.8 170.8 130.1 417.4 538.8 378.8 325.7 190.4 75.4 186.2 284.3 219.9 407.7 169.3 196.8 301.8 272.3 269.1 326.8 223.7 164.0 171.4 184.5 401.4
845.8 287.4 188.7 317.0 328.8 255.0 196.2 240.3 248.4 285.7 266.3 185.1 328.1 271.7 279.5 229.9 167.9 359.4 61.9 324.8 211.0 300.5 29.3 287.0 256.4 195.1 214.4 290.3 321.5 246.4 0.0 228.3 254.9 152.6 319.7 260.4 197.6 335.2 218.1 321.5 286.3 270.3 310.8 184.1 249.3 299.7 339.8 234.9 299.6 229.6 230.3 261.2 261.0 237.9 277.7 288.1 523.4 324.0 204.9 98.2 192.7 255.0 222.9 277.1 187.6 254.4 119.4 315.0 207.5 298.9 257.5 339.1 247.0 287.4 253.2 201.4 235.5 242.4 220.6 302.2 197.2 214.6 213.0 66.2 282.1 231.2 35.7 280.9 250.1 319.0 254.3 206.3 279.7 263.3 175.5 361.1 519.6 300.0 289.9 361.7 252.7 248.6 204.1 341.5 327.5 382.2 362.9 266.0 183.1 92.2 261.5 365.9 200.1 223.7 310.5 321.2
868.6 381.0 282.3 386.7 164.8 200.9 289.8 195.5 88.5 125.8 359.9 278.7 210.3 118.8 149.6 294.0 110.6 422.1 238.7 418.4 251.2 364.6 288.6 380.6 264.2 288.7 249.0 396.4 384.2 93.5 284.2 0.0 361.0 308.2 166.8 300.6 237.8 147.3 178.8 415.1 326.5 117.4 157.9 277.7 210.0 393.3 222.0 249.1 393.2 323.2 167.4 354.8 89.8 281.6 124.8 381.7 604.2 171.1 233.7 287.6 232.9 319.1 176.6 370.7 227.8 72.1 275.0 197.2 301.1 313.1 301.2 202.1 94.1 381.0 82.3 176.8 82.6 280.5 67.7 137.9 157.9 225.3 295.2 256.9 375.7 267.9 253.5 374.5 293.8 388.7 215.8 149.0 312.0 206.0 136.2 423.8 542.4 386.6 330.1 243.9 99.8 191.3 297.7 239.9 414.1 193.7 233.7 306.2 276.7 273.5 324.2 248.1 142.8 169.6 208.9 427.3
673.2 112.4 223.2 71.2 250.9 327.6 162.8 336.8 325.2 257.5 99.4 219.6 250.2 232.4 201.6 152.0 264.4 113.6 221.6 102.9 241.6 54.7 271.5 120.1 289.9 210.6 293.3 112.4 148.7 343.2 267.1 352.5 0.0 291.1 300.8 178.6 176.9 233.4 314.6 73.3 211.8 262.7 265.8 153.6 345.8 49.3 261.9 133.1 150.7 199.1 326.8 6.2 288.9 160.0 276.3 110.2 532.1 280.7 237.0 274.4 256.8 177.1 319.4 110.2 274.3 327.3 257.9 237.1 242.5 197.1 179.6 237.3 306.2 109.5 350.1 297.9 312.3 164.5 317.4 335.9 293.7 221.3 164.6 239.8 115.2 153.3 236.4 114.9 172.2 128.2 352.8 302.8 177.9 352.2 272.0 82.2 528.3 43.6 208.1 283.8 311.9 344.4 42.3 268.0 120.4 280.4 261.1 184.2 217.6 256.4 207.1 288.0 296.8 296.3 232.6 99.3
858.1 302.6 201.0 305.4 341.1 243.4 205.6 252.6 260.7 269.6 278.6 197.4 340.4 279.7 291.8 242.2 180.2 347.8 75.4 337.1 223.3 309.5 125.3 288.5 243.3 207.4 226.7 308.7 262.7 258.7 108.0 248.0 267.2 0.0 332.9 296.4 209.9 323.6 227.6 333.8 305.9 282.6 323.1 196.4 261.6 312.2 352.1 223.3 311.9 241.9 242.6 273.5 277.0 249.4 296.2 301.0 535.7 336.3 193.3 110.2 206.9 267.3 235.2 289.4 207.7 250.3 16.5 320.0 220.3 287.3 269.8 327.5 259.3 299.7 279.5 213.7 247.8 254.7 232.9 290.6 217.2 203.0 201.4 116.5 294.4 243.5 90.2 294.1 262.4 299.0 268.6 218.6 268.1 244.8 186.1 349.5 532.7 310.9 302.2 344.9 265.0 260.2 216.4 358.2 339.8 370.6 351.3 278.3 195.4 92.2 249.9 378.2 205.3 212.7 322.8 333.5
894.8 341.8 367.8 347.5 134.0 292.0 318.0 269.4 161.0 103.3 320.7 364.2 160.1 89.3 99.4 275.1 196.1 390.8 324.2 380.1 336.7 331.0 374.1 341.4 356.7 374.2 340.1 344.7 352.0 179.0 369.7 180.9 309.3 393.7 0.0 301.7 323.3 116.5 264.3 375.9 327.6 98.5 128.4 305.9 295.5 354.1 171.8 236.2 354.0 351.4 258.5 315.6 136.0 263.1 105.9 342.5 689.7 54.6 306.7 373.1 318.4 300.2 269.1 331.5 313.3 163.1 360.5 147.0 386.6 300.2 282.7 152.8 142.0 341.8 185.8 262.3 148.1 267.6 153.2 171.7 243.4 316.4 316.9 365.3 336.5 256.4 339.0 336.2 275.3 349.5 301.3 234.5 281.0 291.5 221.7 391.6 627.9 354.4 331.2 193.7 147.7 276.8 258.5 189.7 381.9 96.9 171.0 307.3 362.2 359.0 359.4 197.9 228.3 261.6 158.7 375.6
814.3 224.6 258.3 217.6 236.8 321.1 200.8 330.3 298.4 243.4 203.5 254.7 236.1 218.3 187.5 46.7 257.9 272.7 268.5 249.3 154.3 201.1 318.4 224.2 202.6 245.7 193.3 227.5 234.8 329.1 314.0 331.0 192.1 338.0 286.7 0.0 89.6 219.3 308.1 258.7 59.8 248.6 251.7 188.7 339.3 236.9 247.8 88.3 236.8 234.2 320.3 198.4 262.1 127.9 256.0 225.3 573.2 266.6 137.0 317.4 164.3 71.8 312.9 214.3 179.2 313.2 304.8 223.0 277.1 165.0 147.5 210.5 292.1 224.6 335.9 291.4 298.2 132.4 303.3 321.8 287.2 121.3 199.7 290.5 219.3 108.5 283.3 218.1 140.1 232.3 344.3 296.3 145.8 353.3 265.5 261.7 569.4 237.2 40.1 269.7 297.8 338.6 141.3 249.5 264.7 266.3 234.3 39.5 252.7 303.3 229.5 273.9 290.1 289.8 218.5 258.4
846.1 218.9 222.4 221.7 228.2 231.4 189.3 240.6 248.7 224.1 194.9 218.8 227.5 214.0 178.9 56.1 168.2 264.1 178.8 253.4 64.6 225.8 228.7 204.8 112.9 228.8 116.3 225.0 179.0 246.7 211.4 236.0 183.5 248.3 279.0 86.4 0.0 210.7 215.6 250.1 95.9 240.0 243.1 180.1 249.6 228.5 239.2 92.4 228.2 225.6 230.6 189.8 281.2 118.5 253.6 217.3 523.7 258.0 60.0 231.6 76.5 81.2 223.2 205.7 97.3 238.3 215.1 207.1 241.7 156.4 138.9 214.6 247.3 216.0 267.5 201.7 235.8 123.8 220.9 278.6 205.2 44.3 191.1 219.9 210.7 112.6 193.6 210.4 131.5 215.3 256.6 206.6 137.2 232.8 174.1 265.8 520.7 227.2 92.2 232.0 253.0 248.2 132.7 245.3 256.1 257.7 238.4 68.3 216.8 213.6 233.6 265.3 193.3 200.7 209.9 249.8
837.1 284.1 318.0 289.8 17.4 242.2 257.4 218.7 111.2 32.8 263.0 314.4 102.4 18.4 41.7 217.4 146.3 332.2 274.4 321.5 286.9 273.3 324.3 272.9 306.9 305.2 290.3 287.0 294.3 129.2 307.0 138.5 251.6 343.9 106.2 267.7 273.5 0.0 211.7 318.2 269.9 48.7 51.8 248.2 245.7 296.6 114.1 178.5 296.3 293.7 209.5 257.9 74.9 204.6 56.1 284.8 639.9 86.1 256.9 323.3 273.8 242.5 219.3 273.8 263.5 113.3 310.7 89.3 336.8 242.5 225.0 73.0 92.2 284.1 134.3 212.5 98.3 209.9 103.4 121.9 201.3 266.6 259.2 296.4 278.8 198.7 289.2 277.6 217.6 291.8 249.2 184.7 223.3 234.1 170.2 333.9 578.9 296.4 273.5 136.0 97.9 226.3 200.8 120.4 324.2 85.8 113.3 249.6 312.4 309.2 301.7 140.2 185.7 210.9 85.0 317.9
868.4 359.5 260.8 378.0 231.1 203.0 268.3 192.3 161.8 199.1 338.4 257.2 276.6 185.1 215.9 272.5 107.1 420.4 217.2 409.7 229.7 361.5 267.1 359.1 262.5 267.2 233.1 362.4 369.7 159.8 262.7 141.7 339.8 286.7 233.1 279.1 216.3 226.4 0.0 393.6 305.0 183.7 224.2 256.2 33.9 371.8 288.3 233.2 371.7 301.7 192.3 333.3 163.1 260.1 191.1 360.2 527.6 237.4 212.5 266.1 211.4 297.6 66.3 349.2 206.3 143.9 253.5 263.5 279.6 297.2 279.7 281.2 160.4 359.5 166.6 186.1 148.9 264.6 134.0 204.5 27.8 209.4 261.2 258.3 354.2 266.2 232.0 353.0 272.3 367.2 212.3 145.5 290.8 202.5 28.4 422.1 565.1 372.1 321.4 310.2 166.1 187.8 276.2 306.2 399.6 272.8 300.3 284.7 255.2 252.0 322.5 314.4 139.3 184.5 275.2 393.3
730.3 39.0 291.8 128.3 319.5 396.2 231.4 405.4 393.8 315.4 156.5 288.2 318.8 305.3 270.2 220.6 333.0 170.7 290.2 160.0 310.2 132.4 340.1 166.4 358.5 279.2 361.9 25.0 61.4 411.8 322.8 421.1 57.0 359.7 370.3 270.9 245.5 302.0 380.4 0.0 280.4 331.3 334.4 222.2 414.4 59.4 330.5 201.7 150.2 267.7 395.4 51.3 372.5 227.8 344.9 37.4 589.2 349.3 305.6 343.0 322.1 245.7 388.0 167.3 342.9 403.4 326.5 298.4 311.1 265.7 248.2 305.9 374.8 36.1 432.6 366.5 380.9 233.1 386.0 404.5 370.0 289.9 233.2 331.3 172.3 221.9 305.0 172.0 240.8 176.9 421.4 371.4 246.5 397.6 338.9 116.7 586.2 58.1 276.7 323.3 380.5 413.0 99.4 336.6 76.2 349.0 329.7 252.8 286.2 325.0 275.7 356.6 358.1 365.5 301.2 156.4
820.0 230.3 264.0 243.3 242.5 334.1 206.5 336.0 316.8 249.1 209.2 260.4 241.8 224.0 193.2 52.4 263.6 285.7 274.2 275.0 160.0 226.8 324.1 229.9 208.3 251.4 211.7 240.5 240.5 334.8 319.7 336.7 205.1 343.7 292.4 45.8 95.3 232.3 313.8 264.4 0.0 254.3 257.4 194.4 345.0 242.6 253.5 106.7 242.5 239.9 326.0 204.1 291.8 133.6 261.7 231.0 578.9 272.3 162.7 323.1 170.0 77.5 325.9 220.0 184.9 318.9 310.5 228.7 282.8 170.7 153.2 228.9 297.8 230.3 349.0 304.4 303.9 145.4 309.0 327.5 292.9 139.7 205.4 322.6 225.0 134.2 289.0 223.8 145.8 238.0 350.0 309.3 158.8 359.0 271.2 280.1 575.1 242.9 82.6 275.4 303.5 344.3 147.0 255.2 270.4 272.0 252.7 45.2 258.4 309.0 247.9 279.6 296.0 302.8 224.2 264.1
874.4 316.3 288.1 319.1 81.4 212.3 292.7 188.8 81.3 25.8 292.3 284.5 131.7 35.9 71.0 246.7 116.4 361.5 244.5 350.8 257.0 323.2 294.4 302.2 277.0 294.5 260.4 322.4 276.4 99.3 277.1 108.6 280.9 314.0 89.1 330.1 243.6 68.7 181.8 347.5 339.6 0.0 70.9 283.5 215.8 325.9 143.4 207.8 325.6 329.0 178.8 287.2 60.0 233.9 13.6 314.7 610.0 92.5 227.0 297.3 240.6 271.8 189.4 303.1 241.4 90.9 280.8 111.3 307.4 271.8 254.3 101.7 62.3 313.4 120.1 182.6 68.4 239.2 73.5 92.0 171.4 236.7 288.5 285.6 308.1 228.0 259.3 307.8 246.9 312.7 219.3 154.8 252.6 181.0 140.3 363.2 549.0 324.6 335.9 136.2 68.0 196.4 230.1 149.1 353.5 115.1 142.6 312.0 282.5 279.3 337.0 169.5 174.2 181.6 113.7 347.2
869.5 319.4 328.6 322.2 52.1 252.8 289.8 229.3 121.8 43.4 295.4 325.0 134.8 33.3 74.1 249.8 156.9 364.6 285.0 353.9 297.5 326.3 334.9 305.3 317.5 335.0 300.9 325.5 279.5 139.8 317.6 149.1 284.0 354.5 119.0 300.1 284.1 69.6 222.3 350.6 309.6 59.3 0.0 280.6 256.3 329.0 146.5 210.9 328.7 326.1 229.3 290.3 100.5 237.0 72.9 317.8 650.5 118.5 267.5 337.8 281.1 274.9 229.9 306.2 281.9 131.4 321.3 114.4 347.9 274.9 257.4 72.4 102.8 316.5 160.6 223.1 108.9 242.3 114.0 132.5 211.9 277.2 291.6 326.1 311.2 231.1 299.8 310.9 250.0 315.8 259.8 195.3 255.7 221.5 180.8 366.3 589.5 327.7 305.9 139.3 108.5 236.9 233.2 119.8 356.6 118.2 145.7 282.0 323.0 319.8 334.1 172.6 214.7 222.1 84.4 350.3
805.3 218.5 113.5 221.3 257.0 266.3 38.0 275.5 283.6 252.9 194.5 109.9 256.3 242.8 207.7 158.1 203.1 263.7 160.3 253.0 246.2 225.4 210.2 204.4 266.2 67.8 249.6 224.6 178.6 281.6 192.9 270.9 183.1 229.8 307.8 208.4 183.0 239.5 250.5 249.7 217.9 268.8 271.9 0.0 284.5 228.1 268.0 139.2 227.8 74.3 265.5 189.4 310.0 165.3 282.4 216.9 558.6 286.8 216.2 213.1 229.8 183.2 258.1 205.3 230.6 273.2 196.6 235.9 132.8 203.2 185.7 243.4 282.2 215.6 302.4 236.6 270.7 170.6 255.8 313.5 240.1 225.9 21.8 201.4 210.3 159.4 175.1 210.0 178.3 214.9 291.5 241.5 184.0 267.7 209.0 265.4 555.6 226.8 214.2 260.8 287.9 283.1 132.3 274.1 255.7 286.5 267.2 190.3 86.9 195.1 82.3 294.1 228.2 235.6 238.7 249.4
901.8 395.8 294.2 398.6 264.5 236.4 298.8 212.9 195.2 204.1 371.8 290.6 310.0 214.2 249.3 305.9 140.5 441.0 250.6 430.3 263.1 402.7 300.5 381.7 283.1 300.6 266.5 401.9 355.9 193.2 283.2 182.5 360.4 320.1 267.4 336.2 249.7 247.0 33.3 427.0 345.7 217.1 257.6 289.6 0.0 405.4 321.7 266.6 405.1 335.1 202.9 366.7 211.5 292.7 230.7 394.2 561.0 270.8 233.1 303.4 246.7 331.0 86.9 382.6 247.5 184.8 286.9 289.6 313.5 330.6 313.1 301.8 193.8 392.9 214.0 206.7 182.3 298.0 167.4 225.1 68.9 242.8 294.6 291.7 387.6 286.8 265.4 387.3 305.7 392.2 243.4 178.9 311.4 205.1 63.5 442.7 599.3 404.1 342.0 314.5 199.5 220.5 309.6 344.0 433.0 293.4 320.9 318.1 288.6 285.4 343.1 347.8 198.3 205.7 308.6 426.7
710.5 131.7 260.5 108.2 288.2 364.6 204.7 373.8 362.5 288.7 136.7 256.9 287.5 278.6 238.9 189.3 301.7 150.6 258.9 139.9 278.9 96.6 308.8 151.2 326.9 247.9 330.6 131.7 185.7 380.5 296.1 394.4 41.8 328.4 343.6 244.2 214.2 275.3 353.7 88.0 253.7 300.0 303.1 190.9 383.1 0.0 299.2 170.1 188.0 236.4 364.1 36.1 325.9 201.1 318.2 130.1 569.4 318.0 274.3 316.3 293.5 214.4 356.4 147.5 316.2 364.6 295.2 271.7 284.4 234.4 216.9 274.6 343.5 124.2 391.9 339.8 349.6 201.8 354.7 372.9 338.7 258.6 201.9 280.6 152.5 195.2 273.7 156.8 209.5 165.5 394.7 339.8 219.8 389.5 312.2 78.9 571.0 0.3 245.1 296.6 349.2 386.3 79.6 305.5 134.8 322.3 298.4 221.5 254.9 293.7 244.4 325.3 333.8 333.6 269.9 136.6
848.0 297.9 328.7 300.7 134.0 339.3 268.3 315.8 208.3 129.9 273.9 325.1 76.5 119.8 84.7 228.3 243.4 343.1 327.1 332.4 317.9 304.8 377.0 283.8 366.2 316.1 387.4 304.0 258.0 226.3 359.7 235.6 262.5 396.6 184.8 278.6 253.2 116.5 308.8 329.1 288.1 145.8 148.9 259.1 342.8 307.5 0.0 189.4 307.2 304.6 306.6 268.8 187.0 215.5 159.4 296.3 622.9 163.8 313.3 379.9 329.8 253.4 316.4 284.7 368.4 217.9 363.4 73.7 348.0 253.4 235.9 120.4 189.3 295.0 247.1 309.6 195.4 220.8 200.5 219.0 298.4 297.6 270.1 368.2 289.7 209.6 341.9 289.4 228.5 294.3 346.3 281.8 234.2 308.0 267.3 344.8 619.9 306.2 284.4 65.8 195.0 323.4 211.7 151.1 335.1 163.5 72.2 260.5 323.1 361.9 312.6 99.1 301.2 308.6 115.7 328.8
761.6 171.9 205.6 177.6 204.1 266.2 145.2 275.4 278.4 200.0 150.8 202.0 203.4 185.6 154.8 87.2 203.0 220.0 204.0 209.3 176.8 161.1 253.9 160.7 225.1 193.0 228.5 174.8 182.1 296.4 249.5 305.7 139.4 273.5 254.9 137.5 112.1 186.6 250.4 206.0 147.0 215.9 219.0 136.0 284.4 184.4 215.1 0.0 184.1 181.5 265.4 145.7 242.1 27.8 229.5 172.6 540.5 233.9 172.2 256.8 192.0 112.3 258.0 161.6 209.5 280.5 240.3 190.3 224.9 65.7 48.2 190.5 259.4 171.9 301.5 236.5 265.5 40.1 270.6 289.1 240.0 156.5 147.0 226.0 166.6 10.4 218.8 165.4 29.3 179.6 289.4 241.4 46.5 290.8 208.9 221.7 536.7 184.2 143.3 237.0 265.1 283.7 88.6 216.8 212.0 233.6 214.3 119.4 200.0 238.8 189.5 241.2 235.4 234.9 185.8 205.7
793.9 89.0 268.9 209.9 296.6 373.3 208.5 382.5 370.9 292.5 163.1 265.3 295.9 282.4 247.3 197.7 310.1 252.3 267.3 241.6 287.3 214.0 317.2 173.0 335.6 256.3 339.0 95.1 167.2 388.9 299.9 398.2 171.7 336.8 347.4 248.0 222.6 279.1 357.5 120.2 257.5 308.4 311.5 199.3 391.5 179.7 307.6 178.8 0.0 244.8 372.5 171.6 349.6 204.9 322.0 87.4 633.0 326.4 282.7 320.1 299.2 222.8 365.1 173.9 320.0 380.5 303.6 275.5 288.2 242.8 225.3 283.0 351.9 86.1 409.7 343.6 358.0 210.2 363.1 381.6 347.1 267.0 210.3 308.4 178.9 199.0 282.1 178.6 217.9 183.5 398.5 348.5 223.6 374.7 316.0 237.0 630.0 178.4 253.8 300.4 357.6 390.1 120.9 313.7 126.2 326.1 306.8 229.9 263.3 302.1 252.8 333.7 335.2 342.6 278.3 238.0
839.7 252.9 165.9 255.7 291.4 300.7 46.0 309.9 318.0 287.3 228.9 162.3 290.7 277.2 242.1 192.5 237.5 298.1 194.7 287.4 280.6 259.8 244.6 238.8 300.6 120.2 284.0 259.0 213.0 316.0 227.3 305.3 217.5 264.2 342.2 242.8 217.4 273.9 284.9 284.1 252.3 303.2 306.3 83.2 318.9 262.5 302.4 173.6 262.2 0.0 299.9 223.8 344.4 199.7 316.8 251.3 593.0 321.2 250.6 247.5 264.2 217.6 292.5 239.7 265.0 307.6 231.0 270.3 185.2 237.6 220.1 277.8 316.6 250.0 336.8 271.0 305.1 205.0 290.2 347.9 274.5 260.3 74.2 235.8 244.7 193.8 209.5 244.4 212.7 249.3 325.9 275.9 218.4 302.1 243.4 299.8 590.0 261.2 248.6 295.2 322.3 317.5 166.7 308.5 290.1 320.9 301.6 224.7 139.3 229.5 72.3 328.5 262.6 270.0 273.1 283.8
940.6 385.3 303.7 388.1 256.0 97.1 289.1 37.2 166.7 197.8 361.3 280.1 301.5 185.7 240.8 296.2 130.2 450.5 260.1 439.8 272.6 391.6 290.8 382.0 273.4 290.9 256.8 385.3 392.6 164.7 292.7 146.6 350.7 329.6 258.9 322.0 259.2 238.5 171.6 416.5 355.2 208.6 229.1 299.1 205.6 395.0 293.2 256.9 394.6 324.6 0.0 356.2 168.0 283.0 196.8 384.5 579.8 262.3 222.6 289.8 256.2 320.5 160.0 392.1 257.0 168.8 296.4 288.4 303.3 320.9 322.6 293.3 165.3 382.4 171.6 107.4 153.8 288.3 139.7 196.6 141.5 232.3 284.1 258.3 377.1 277.1 255.7 376.7 296.0 390.9 72.6 17.7 320.9 32.7 130.1 432.2 618.1 395.0 331.5 335.1 171.8 29.6 299.1 311.1 422.5 265.7 292.4 327.6 298.1 294.9 332.6 320.1 78.7 109.0 280.1 416.2
678.9 103.2 228.9 76.9 256.6 333.3 168.5 342.5 330.9 256.2 105.1 225.3 255.9 238.1 207.3 157.7 270.1 119.3 227.3 108.6 247.3 60.4 277.2 115.0 295.6 216.3 299.0 106.1 154.4 348.9 259.9 352.2 5.7 296.8 306.5 208.0 182.6 239.1 320.3 67.0 210.2 268.4 271.5 159.3 351.5 38.6 267.6 138.8 156.4 204.8 332.5 0.0 294.6 164.9 275.8 103.9 537.8 286.4 242.7 276.2 257.3 182.8 325.1 115.9 272.2 333.0 263.6 235.5 247.7 202.8 185.3 243.0 311.9 103.2 355.8 303.6 318.0 170.2 323.1 341.6 299.4 227.0 170.3 268.4 120.9 159.0 242.1 119.7 177.9 133.9 356.5 308.5 183.6 357.9 276.0 75.9 534.8 37.3 213.8 289.5 317.6 350.8 48.0 269.3 114.1 286.1 266.8 189.9 223.3 262.1 212.8 293.7 295.2 302.0 238.3 105.0
849.9 335.7 263.6 341.4 108.5 195.2 268.2 164.3 64.2 48.1 322.0 260.0 161.4 65.6 100.7 275.3 99.3 391.2 227.4 373.1 232.5 324.9 269.9 324.5 259.9 270.0 235.9 338.6 345.9 74.8 260.0 84.1 303.2 289.5 110.5 289.3 226.5 98.4 160.4 369.8 322.5 68.5 101.6 259.0 198.7 352.6 165.7 230.1 355.3 304.5 164.3 309.5 0.0 256.2 68.5 336.4 585.5 114.8 202.5 268.9 214.2 300.4 164.9 325.4 224.3 66.3 256.3 133.6 289.8 294.1 276.6 145.8 19.8 335.7 89.0 165.5 43.9 261.5 49.0 67.5 147.2 212.2 264.0 261.1 330.4 257.7 234.8 329.2 269.2 343.4 204.5 130.3 274.9 156.5 115.8 385.5 523.7 348.3 311.4 195.0 32.9 171.9 259.8 188.0 375.8 137.4 164.9 294.9 258.0 262.2 312.5 199.2 131.5 163.9 160.0 376.9
777.0 187.3 221.0 193.0 219.5 281.6 163.5 291.6 293.8 226.1 166.2 217.4 218.8 201.0 170.2 102.6 218.4 235.4 219.4 224.7 192.2 176.5 269.3 186.9 240.5 208.4 243.9 190.2 197.5 311.8 264.9 313.7 154.8 288.9 269.4 129.2 127.5 202.8 268.6 221.4 155.1 231.3 234.4 151.4 299.8 199.6 230.5 37.9 199.5 196.9 281.6 161.1 257.5 0.0 238.7 188.0 555.9 249.3 187.6 268.3 202.2 127.7 273.4 177.0 217.1 296.7 255.7 205.7 239.8 37.8 39.6 205.9 274.8 187.3 318.6 251.9 280.9 68.5 286.0 304.5 247.7 171.9 162.4 260.5 182.0 57.3 234.2 180.8 66.2 195.0 304.8 256.8 17.8 313.8 226.0 237.1 552.9 199.9 158.7 252.4 280.5 299.1 104.0 232.2 227.4 249.0 229.7 134.8 215.4 254.2 204.9 256.6 250.6 250.3 201.2 221.1
888.0 327.0 301.7 332.7 67.8 225.9 309.2 202.4 88.7 50.4 305.9 298.1 145.3 53.8 84.6 260.3 130.0 368.9 258.1 364.4 270.6 310.0 308.0 326.6 290.6 308.1 274.0 329.9 331.0 112.9 303.6 114.8 288.3 327.6 101.8 320.0 257.2 82.3 198.2 361.1 345.9 13.6 57.3 297.1 229.4 339.3 157.0 221.4 339.2 342.6 192.4 294.6 69.9 248.3 0.0 327.7 623.6 106.1 240.6 307.0 252.3 285.4 203.0 316.7 247.2 97.0 294.4 132.2 320.5 279.2 267.9 88.1 75.9 327.0 119.7 196.2 82.0 252.8 87.1 99.4 177.3 250.3 295.9 293.0 321.7 235.4 272.9 320.5 260.5 328.5 235.2 168.4 266.2 225.4 155.6 370.6 561.8 339.6 349.5 178.9 81.6 210.7 243.7 131.1 360.9 128.7 156.2 325.6 296.1 292.9 344.4 183.1 162.2 194.6 100.1 354.6
774.0 1.2 249.0 175.2 276.7 352.8 191.5 362.6 350.4 283.3 143.2 245.4 276.0 258.2 227.4 177.8 290.2 217.6 247.4 206.9 267.4 158.7 297.3 163.9 315.1 236.4 318.5 1.5 104.8 369.0 292.9 370.9 104.5 316.9 326.6 204.4 202.7 258.6 340.4 47.4 230.3 288.5 291.6 179.4 371.6 106.7 287.7 158.3 107.4 224.9 352.6 98.8 325.4 185.8 295.9 0.0 613.1 306.5 262.8 296.3 277.4 202.9 344.6 154.0 292.3 353.1 283.7 262.9 267.8 222.9 205.4 262.5 332.0 1.2 375.8 323.1 338.1 189.7 343.2 361.7 319.5 246.5 189.8 288.5 159.0 178.5 262.2 157.8 198.0 172.0 376.6 328.6 203.7 385.6 297.8 163.6 609.3 107.0 233.9 309.6 337.7 370.9 101.0 289.4 38.7 305.6 286.9 210.0 243.4 282.2 232.9 313.8 322.4 322.1 258.4 203.9
942.0 597.0 554.7 544.8 580.6 500.5 618.4 509.7 517.8 526.7 555.0 551.1 579.9 536.8 531.3 607.6 437.3 587.2 511.1 576.5 523.6 548.9 561.0 564.9 545.1 561.1 527.0 585.1 482.1 515.8 543.7 505.1 486.6 580.6 590.0 657.9 510.2 563.1 484.7 560.0 667.4 539.7 580.2 609.2 518.7 531.6 591.6 570.1 606.3 654.7 500.5 492.9 534.1 596.2 553.3 595.4 0.0 593.4 493.6 563.9 507.2 632.7 492.3 565.8 508.0 507.4 547.4 559.5 574.0 634.1 616.6 567.0 516.4 594.1 536.6 470.8 504.9 601.5 490.0 547.7 474.3 503.3 620.2 552.2 570.8 590.3 525.9 570.5 609.2 575.4 525.7 475.7 614.9 501.9 443.2 568.9 44.2 530.3 663.7 584.4 522.1 517.3 497.9 597.7 607.1 610.1 590.8 639.8 549.1 545.9 662.7 617.7 462.4 469.8 562.3 572.9
864.4 314.3 345.1 317.1 103.6 286.0 284.7 262.5 155.0 68.9 290.3 341.5 129.7 79.0 69.0 244.7 190.1 359.5 318.2 348.8 330.7 321.2 368.1 300.2 352.2 332.5 334.1 320.4 274.4 173.0 350.8 182.3 278.9 387.7 65.2 295.0 269.6 86.1 255.5 345.5 304.5 92.5 118.5 275.5 289.5 323.9 141.4 205.8 323.6 321.0 262.5 285.2 133.7 231.9 106.1 312.7 683.7 0.0 300.7 371.0 314.3 269.8 263.1 301.1 315.1 164.6 354.5 109.3 364.4 269.8 252.3 121.5 136.0 311.4 193.8 256.3 142.1 237.2 147.2 165.7 245.1 310.4 286.5 359.3 306.1 226.0 333.0 305.8 244.9 310.7 293.0 228.5 250.6 254.7 214.0 361.2 622.7 322.6 300.8 134.2 141.7 270.1 228.1 163.7 351.5 66.5 140.6 276.9 339.5 353.0 329.0 167.5 247.9 255.3 128.3 345.2
838.3 264.9 214.6 270.6 277.1 223.6 219.2 232.8 240.9 273.0 243.8 211.0 276.4 258.6 227.8 105.0 160.4 313.0 171.0 302.3 62.2 254.1 220.9 264.5 105.1 221.0 108.5 267.8 275.1 238.9 216.5 241.1 232.4 240.5 327.0 111.6 48.8 259.6 210.6 299.0 144.8 288.9 292.0 210.0 241.8 281.8 288.1 141.3 277.1 255.5 223.6 238.7 242.2 168.2 296.3 265.6 515.9 306.9 0.0 219.9 72.0 130.1 215.4 254.6 81.7 223.0 207.3 256.0 233.9 205.3 187.8 263.5 239.5 264.9 259.7 193.9 228.0 172.7 213.1 270.8 197.7 41.9 215.0 193.0 259.6 161.5 185.8 258.4 180.4 272.6 248.8 198.8 186.1 225.0 168.0 314.7 512.9 277.5 141.1 280.9 245.2 240.4 181.6 296.5 305.0 306.6 287.3 117.2 209.0 205.8 263.5 314.2 192.8 192.3 258.8 298.7
847.6 289.2 190.5 291.3 330.6 232.9 198.0 242.1 250.2 287.5 268.1 186.9 329.9 273.5 281.3 231.7 169.7 337.3 62.9 323.0 212.8 274.8 130.8 288.8 229.2 196.9 216.2 288.5 295.8 248.2 126.4 230.1 256.7 136.4 321.5 262.2 199.4 313.1 219.9 323.3 288.1 272.1 312.6 185.9 251.1 301.5 341.6 209.2 301.4 231.4 228.5 259.4 259.2 239.7 279.5 289.9 525.2 325.8 179.2 0.0 194.5 256.8 224.7 278.9 189.4 232.3 103.2 316.8 209.3 273.2 259.3 313.4 248.8 289.2 255.0 203.2 237.3 240.6 222.4 276.5 199.0 192.5 187.3 99.1 283.9 229.4 95.7 282.7 251.9 293.3 256.1 208.1 257.6 257.5 177.3 335.4 521.4 301.8 288.1 363.5 254.5 250.4 205.9 343.3 325.7 360.1 337.2 267.8 184.9 9.2 235.8 367.7 201.9 201.6 312.3 323.0
834.2 310.1 210.5 307.4 315.9 217.5 218.6 226.7 240.3 267.1 282.6 206.9 315.2 259.3 266.6 143.8 156.3 355.3 166.9 339.1 101.0 290.9 216.8 296.0 33.0 216.9 89.9 304.6 311.9 234.8 203.0 227.6 274.7 236.4 312.5 177.6 87.6 296.4 207.2 337.8 187.1 258.7 299.2 205.9 237.7 318.6 326.9 178.1 315.9 251.4 216.7 275.5 247.4 209.7 275.8 308.5 511.8 312.4 74.5 223.2 0.0 168.9 209.3 293.4 70.9 216.9 203.2 298.3 233.3 244.1 226.6 305.8 235.4 303.7 245.1 193.3 223.9 209.5 209.0 264.7 191.6 80.7 208.9 192.4 298.4 200.3 181.7 301.6 219.2 309.4 242.7 192.7 224.9 244.1 165.7 353.5 512.3 316.0 177.9 323.2 241.1 239.8 220.4 333.0 341.8 345.4 329.6 156.0 204.9 201.7 257.4 353.0 186.7 186.2 297.6 335.5
826.3 239.5 270.3 242.3 248.8 313.1 209.9 322.3 323.1 244.7 215.5 266.7 248.1 234.6 199.5 33.1 249.9 284.7 260.5 274.0 146.3 246.4 310.4 225.4 194.6 257.7 198.0 245.6 199.6 341.1 293.1 317.7 204.1 330.0 299.6 89.0 81.6 231.3 297.3 270.7 98.5 260.6 263.7 200.7 331.3 249.1 259.8 113.0 248.8 246.2 322.3 210.4 301.8 139.1 274.2 237.9 585.2 278.6 141.7 313.3 158.2 0.0 304.9 226.3 179.0 332.7 296.8 227.7 289.6 177.0 159.5 235.2 304.1 236.6 361.9 283.4 310.2 144.4 315.3 333.8 286.9 126.0 211.7 301.6 231.3 133.2 275.3 231.0 152.1 235.9 338.3 288.3 157.8 314.5 255.8 286.4 582.2 247.8 94.8 252.6 309.8 329.9 153.3 265.9 276.7 278.3 259.0 70.9 264.7 295.3 254.2 285.9 275.0 282.4 230.5 270.4
885.7 376.8 278.1 382.5 248.4 220.3 282.7 196.8 179.1 216.4 355.7 274.5 293.9 202.4 233.2 289.8 124.4 424.9 234.5 414.2 247.0 366.0 284.4 376.4 267.0 284.5 250.4 379.7 387.0 177.1 280.0 160.4 344.3 304.0 250.4 320.1 233.6 230.9 43.2 410.9 329.6 201.0 241.5 273.5 77.2 393.7 305.6 250.5 389.0 319.0 196.8 350.6 180.4 276.6 208.4 377.5 544.9 254.7 217.0 283.4 233.9 314.9 0.0 366.5 223.6 161.2 270.8 280.8 296.9 314.5 297.0 285.7 177.7 376.8 197.9 190.6 166.2 281.9 151.3 209.0 17.9 226.7 278.5 256.5 371.5 270.7 249.3 370.3 289.6 384.5 227.3 162.8 295.3 194.2 45.7 426.6 582.4 388.0 325.9 298.4 183.4 204.4 293.5 330.2 416.9 277.3 304.8 302.0 272.5 269.3 327.0 331.7 163.8 189.0 292.5 410.6
740.8 172.0 233.8 156.8 261.5 338.2 173.4 347.4 335.8 257.4 62.0 230.2 260.8 247.3 212.2 162.6 275.0 199.2 232.2 188.5 252.2 160.9 282.1 73.7 300.5 221.2 303.9 178.1 114.1 353.8 264.8 363.1 118.6 301.7 312.3 212.9 187.5 244.0 322.4 192.0 222.4 273.3 276.4 164.2 356.4 163.6 272.5 143.7 181.3 209.7 337.4 124.9 314.5 169.8 286.9 170.4 597.9 291.3 247.6 285.0 264.1 187.7 330.0 0.0 284.9 345.4 268.5 240.4 253.1 207.7 190.2 247.9 316.8 169.1 374.6 308.5 322.9 175.1 328.0 346.5 312.0 231.9 175.2 273.3 77.8 163.9 247.0 79.3 182.8 84.2 363.4 313.4 188.5 339.6 280.9 200.9 594.9 162.3 218.7 265.3 322.5 355.0 67.8 278.6 209.2 291.0 271.7 194.8 228.2 267.0 217.7 298.6 300.1 307.5 243.2 184.9
849.8 299.3 226.1 305.0 311.5 235.1 233.6 237.2 252.4 318.1 278.2 222.5 310.8 293.0 262.2 139.4 171.9 347.4 182.5 336.7 96.6 288.5 232.4 298.9 98.6 232.5 18.9 302.2 302.4 250.4 228.0 232.3 266.8 252.0 323.7 146.0 83.2 294.0 222.1 333.4 171.9 274.3 326.4 221.5 253.3 311.6 322.5 168.6 311.5 267.0 227.2 266.0 257.9 202.6 281.7 300.0 527.4 341.3 66.6 231.4 60.3 164.5 226.9 289.0 0.0 234.5 218.8 297.7 244.9 232.6 222.2 297.9 251.0 299.3 257.2 205.4 239.5 200.0 224.6 275.2 201.2 76.3 226.5 193.6 294.0 195.9 197.3 292.8 214.8 299.9 258.3 210.3 220.5 267.3 179.5 342.0 523.6 311.9 168.4 344.4 256.7 252.6 216.0 324.2 332.3 333.9 321.7 151.6 220.5 217.3 267.9 348.6 197.0 196.7 293.2 326.0
835.4 347.8 249.1 353.5 151.6 173.3 256.6 149.8 82.3 112.6 326.7 245.5 197.1 105.6 136.4 260.8 77.4 395.9 205.5 385.2 218.0 337.0 255.4 336.6 238.0 255.5 221.4 350.7 358.0 80.3 251.0 64.5 315.3 275.0 154.5 267.4 204.6 134.1 145.6 381.9 293.3 104.2 144.7 244.5 176.8 360.3 208.8 221.5 360.0 290.0 140.6 321.6 83.6 248.4 117.8 349.1 571.0 157.9 188.0 258.3 199.7 285.9 150.4 337.5 202.4 0.0 241.8 176.7 267.9 285.5 268.0 188.9 80.9 347.8 33.4 143.6 69.4 252.9 54.5 112.2 132.4 197.7 249.5 227.5 342.5 241.7 220.3 341.3 260.6 355.5 180.3 115.8 266.3 165.2 101.3 397.6 509.2 359.0 296.9 201.6 86.6 158.1 264.5 226.7 387.9 180.5 208.0 273.0 243.5 240.3 298.0 234.9 135.2 142.0 195.7 381.6
841.5 286.0 184.4 288.8 324.5 226.8 189.0 236.0 244.1 253.0 262.0 180.8 323.8 263.1 275.2 225.6 163.6 331.2 58.8 320.5 206.7 292.9 108.7 271.9 226.7 190.8 210.1 292.1 246.1 242.1 91.4 231.4 250.6 33.1 316.3 279.8 193.3 307.0 211.0 317.2 289.3 266.0 306.5 179.8 245.0 295.6 335.5 206.7 295.3 225.3 226.8 256.9 260.4 232.8 279.6 284.4 519.1 319.7 176.7 93.6 190.3 250.7 218.6 272.8 191.1 233.7 0.0 303.4 203.7 270.7 253.2 310.9 242.7 283.1 262.9 197.1 231.2 238.1 216.3 274.0 200.6 186.4 184.8 99.9 277.8 226.9 73.6 277.5 245.8 282.4 252.0 202.0 251.5 228.2 169.5 332.9 516.1 294.3 285.6 328.3 248.4 243.6 199.8 341.6 323.2 354.0 334.7 261.7 178.8 75.6 233.3 361.6 188.7 196.1 306.2 316.9
826.9 273.9 307.6 289.3 112.9 318.2 250.1 304.4 187.2 119.5 252.8 304.0 53.0 94.4 63.6 207.2 222.3 322.0 306.0 321.0 296.8 263.1 355.9 273.5 354.8 295.0 376.0 276.8 293.8 205.2 351.5 207.1 241.4 375.5 162.8 233.8 232.1 105.1 290.5 308.0 259.7 124.7 127.8 238.0 321.7 286.2 64.7 168.3 286.1 283.5 294.7 257.4 160.6 195.2 132.1 274.6 601.8 142.7 292.2 354.9 306.8 232.3 305.0 263.6 339.5 189.3 342.3 0.0 326.4 232.3 214.8 99.3 168.2 273.9 212.0 288.5 174.3 209.4 179.4 197.9 269.6 276.5 258.7 356.8 268.6 198.2 320.8 267.4 207.4 291.3 327.5 260.7 213.1 317.7 247.9 323.7 598.0 286.5 273.0 86.6 173.9 303.0 190.6 125.6 323.7 152.1 73.6 239.4 302.0 340.8 291.5 90.8 254.5 296.6 94.6 307.7
870.2 269.8 13.0 275.5 311.2 256.0 141.5 264.7 272.8 317.8 248.7 26.2 310.5 292.7 261.9 212.3 192.3 318.4 149.5 307.7 235.4 259.0 199.4 269.4 256.9 96.8 238.8 272.7 280.5 270.8 195.0 252.7 237.8 219.0 344.1 238.9 222.0 293.7 242.5 303.9 264.8 294.7 326.1 111.4 273.7 282.1 322.2 193.4 282.0 174.9 255.5 243.6 274.1 220.3 302.1 270.5 547.8 341.0 205.9 198.4 217.1 237.4 247.8 259.5 212.0 255.4 185.8 297.4 0.0 257.4 239.9 297.6 271.4 269.8 277.6 225.8 259.9 224.8 245.0 302.7 221.6 215.6 90.8 171.5 264.5 213.6 164.3 263.3 232.5 277.5 278.7 230.7 238.2 287.7 199.9 320.1 544.0 282.4 268.4 344.1 277.1 273.0 186.5 323.9 309.9 340.7 321.9 244.5 102.8 184.3 182.9 348.3 224.5 224.2 292.9 303.6
817.9 228.2 261.9 233.9 260.4 322.5 201.5 331.7 334.7 256.3 207.1 258.3 259.7 241.9 211.1 143.5 259.3 276.3 260.3 265.6 233.1 217.4 310.2 227.8 282.9 249.3 284.8 231.1 238.4 352.7 292.9 354.6 195.7 329.8 310.3 193.8 168.4 242.9 306.7 262.3 196.0 272.2 275.3 192.3 340.7 240.7 271.4 75.2 240.4 237.8 322.5 202.0 298.4 40.8 279.6 228.9 596.8 290.2 228.5 309.2 243.1 168.6 314.3 217.9 258.0 336.8 296.6 239.3 281.2 0.0 80.5 246.8 315.7 228.2 357.8 292.8 321.8 115.4 326.9 345.4 288.6 212.8 203.3 282.3 222.9 58.5 275.1 221.7 28.3 235.9 345.7 297.7 22.1 323.9 265.2 278.0 593.0 239.4 199.6 293.3 321.4 339.3 144.9 273.1 268.3 289.9 270.6 175.7 256.3 295.1 245.8 297.5 291.7 291.2 242.1 262.0
775.7 188.9 219.7 191.7 218.2 280.3 159.3 289.5 292.5 214.1 164.9 216.1 217.5 204.0 168.9 101.3 217.1 234.1 218.1 223.4 190.9 195.8 268.0 174.8 239.2 207.1 242.6 195.0 149.0 310.5 250.7 319.8 153.5 287.6 269.0 151.6 126.2 200.7 264.5 220.1 161.1 230.0 233.1 150.1 298.5 198.5 229.2 35.8 198.2 195.6 289.5 159.8 271.2 37.9 243.6 187.3 554.6 248.0 186.3 270.9 202.8 126.4 272.1 175.7 223.6 302.1 254.4 197.1 239.0 75.8 0.0 204.6 273.5 186.0 331.3 250.6 279.6 67.2 284.7 303.2 254.1 170.6 161.1 259.2 180.7 56.0 232.9 180.4 74.9 185.3 305.5 255.5 56.6 281.7 223.0 235.8 551.6 197.2 157.4 222.0 279.2 297.1 102.7 235.3 226.1 247.7 228.4 133.5 214.1 252.9 203.6 255.3 242.2 249.6 199.9 219.8
830.8 280.7 311.5 283.5 65.7 298.3 251.1 274.8 167.3 88.9 256.7 307.9 96.1 74.5 43.7 211.1 202.4 325.9 309.9 315.2 300.7 267.0 359.8 266.6 363.0 298.9 346.4 280.7 288.0 185.3 355.4 194.6 245.3 379.4 142.9 237.7 236.0 75.5 267.8 311.9 270.9 104.8 82.6 241.9 301.8 290.3 107.8 172.2 290.0 287.4 265.6 251.6 131.0 198.3 105.5 278.5 605.7 122.8 313.0 362.7 329.9 236.2 275.4 267.5 319.6 169.4 346.2 83.0 330.8 236.2 218.7 0.0 148.3 277.8 192.2 268.6 154.4 203.6 159.5 178.0 257.4 280.4 252.9 328.1 272.5 192.4 324.7 272.2 211.3 285.5 305.3 240.8 217.0 290.2 226.3 327.6 601.9 289.0 267.2 129.7 154.0 282.4 194.5 49.6 317.9 122.5 107.0 243.3 305.9 344.7 295.4 133.9 241.8 267.0 11.9 311.6
870.5 339.2 284.2 342.0 109.1 208.4 288.8 184.9 77.4 48.7 315.2 280.6 154.6 58.8 93.9 295.9 112.5 384.4 240.6 373.7 253.1 346.1 290.5 325.1 273.1 290.6 256.5 345.3 299.3 95.4 273.2 104.7 303.8 310.1 112.0 326.2 239.7 91.6 177.9 370.4 335.7 61.7 102.2 279.6 211.9 348.8 166.3 230.7 348.5 325.1 174.9 310.1 38.1 256.8 75.3 337.6 606.1 115.4 223.1 293.4 236.7 321.0 185.5 326.0 237.5 87.0 276.9 134.2 303.5 294.7 277.2 146.4 0.0 336.3 116.2 178.7 64.5 262.1 69.6 88.1 167.5 232.8 284.6 281.7 331.0 250.9 255.4 330.7 269.8 335.6 215.4 150.9 275.5 177.1 136.4 386.1 545.1 347.5 332.0 159.1 5.7 192.5 253.0 188.6 376.4 138.0 165.5 308.1 278.6 275.4 333.1 192.4 170.3 177.7 153.2 370.1
772.7 2.9 247.7 174.5 275.4 352.1 187.3 361.3 349.7 271.3 141.9 244.1 274.7 261.2 226.1 176.5 288.9 216.9 246.1 206.2 266.1 178.6 296.0 151.8 314.4 235.1 317.8 21.0 107.6 367.7 278.7 377.0 103.2 315.6 326.2 226.8 201.4 257.9 336.3 46.1 236.3 287.2 290.3 178.1 370.3 105.6 286.4 157.6 106.1 223.6 352.1 97.5 328.4 183.7 300.8 1.2 611.8 305.2 261.5 298.9 278.0 201.6 343.9 152.7 298.8 359.3 282.4 254.3 267.0 221.6 204.1 261.8 330.7 0.0 388.5 322.4 336.8 189.0 341.9 360.4 325.9 245.8 189.1 287.2 157.7 177.8 260.9 157.4 196.7 162.3 377.3 327.3 202.4 353.5 294.8 162.9 608.8 104.3 232.6 279.2 336.4 368.9 99.7 292.5 40.0 304.9 285.6 208.7 242.1 280.9 231.6 312.5 314.0 321.4 257.1 202.6
848.5 363.8 262.2 364.8 164.7 193.7 266.8 161.1 102.7 125.7 339.8 258.6 210.2 114.4 149.5 273.9 90.5 416.3 218.6 396.5 231.1 348.3 268.5 349.7 258.4 268.6 232.7 362.0 385.0 93.4 251.2 64.6 326.6 288.1 167.6 304.2 217.7 161.1 155.9 395.0 313.7 117.3 157.8 257.6 189.9 377.7 221.9 232.8 373.1 303.1 152.9 334.7 115.3 260.7 130.9 362.2 584.1 171.0 199.3 271.4 217.9 299.0 161.7 350.6 215.5 34.6 254.9 197.1 281.5 296.8 281.1 200.2 94.0 360.9 0.0 164.0 82.5 264.2 67.6 132.6 145.5 224.7 260.8 257.9 355.6 262.1 233.4 355.3 273.7 375.9 193.4 128.9 293.3 178.3 114.3 408.9 523.1 373.4 323.9 214.7 99.7 170.5 277.6 246.4 399.2 193.6 228.4 286.1 256.6 253.4 325.0 248.0 136.6 162.4 208.8 392.9
932.9 409.0 310.3 414.7 262.6 29.6 314.9 86.8 193.3 202.2 387.9 306.7 308.1 216.6 247.4 322.0 136.8 457.1 266.7 446.4 279.2 398.2 316.6 408.6 299.2 316.7 282.6 411.9 419.2 191.3 312.2 193.5 376.5 336.2 264.6 352.3 265.8 245.1 163.9 443.1 361.8 215.2 255.7 305.7 197.9 425.9 319.8 282.7 421.2 351.2 99.2 382.8 194.6 308.8 228.8 409.7 592.1 268.9 249.2 315.6 266.1 347.1 171.5 398.7 255.8 175.4 303.0 295.0 329.1 346.7 329.2 299.9 191.9 409.0 196.4 0.0 180.4 314.1 165.5 223.2 153.5 258.9 310.7 288.7 403.7 302.9 281.5 402.5 321.8 416.7 52.8 75.2 327.5 99.2 122.4 458.8 629.6 420.2 358.1 312.6 197.6 94.4 325.7 344.4 449.1 291.5 319.0 334.2 304.7 301.5 359.2 345.9 8.3 1.6 306.7 442.8
839.7 355.0 253.4 357.8 135.9 177.6 258.0 154.1 12.8 75.5 331.0 249.8 181.4 85.6 120.7 265.1 81.7 400.2 209.8 389.5 222.3 361.9 259.7 340.9 242.3 259.8 225.7 361.1 315.1 46.6 242.4 73.9 319.6 279.3 138.8 295.4 208.9 118.4 147.1 386.2 304.9 88.5 129.0 248.8 181.1 364.6 193.1 225.8 364.3 294.3 144.9 325.9 82.9 251.9 102.1 353.4 575.3 142.2 192.3 262.6 205.9 290.2 154.7 341.8 206.7 56.2 246.1 161.0 272.7 289.8 272.3 173.2 65.2 352.1 85.4 147.9 0.0 257.2 20.8 96.5 136.7 202.0 253.8 250.9 346.8 246.0 224.6 346.5 264.9 351.4 184.6 120.1 270.6 146.3 105.6 401.9 514.3 363.3 301.2 185.9 70.9 161.7 268.8 215.4 392.2 164.8 192.3 277.3 247.8 244.6 302.3 219.2 139.5 146.9 180.0 385.9
796.5 209.7 240.5 212.5 239.0 301.1 184.3 310.3 313.3 234.9 185.7 236.9 238.3 224.8 189.7 122.1 237.9 254.9 238.9 244.2 211.7 196.0 288.8 195.6 260.0 227.9 263.4 209.7 217.0 331.3 284.4 353.5 174.3 308.4 288.9 148.7 147.0 221.5 288.1 240.9 181.9 250.8 253.9 170.9 319.3 219.3 250.0 21.5 219.0 216.4 300.3 180.6 288.3 62.7 264.4 208.1 575.4 268.8 207.1 291.7 226.9 147.2 292.9 196.5 244.4 315.4 275.2 217.9 259.3 91.4 83.1 225.4 294.3 206.8 352.1 271.4 300.4 0.0 305.5 324.0 267.2 191.4 181.9 280.0 201.5 31.9 253.7 200.3 50.8 214.5 324.3 276.3 81.4 325.7 243.8 256.6 571.6 218.0 178.2 242.8 300.0 317.9 123.5 256.1 246.9 268.5 249.2 154.3 234.9 273.7 224.4 276.1 270.1 269.8 220.7 240.6
842.3 348.6 256.0 351.4 118.5 180.2 260.6 156.7 31.2 58.1 324.6 252.4 164.0 68.2 103.3 267.7 84.3 393.8 212.4 383.1 224.9 355.5 262.3 334.5 244.9 262.4 228.3 354.7 308.7 25.8 245.0 76.5 313.2 281.9 121.4 298.0 211.5 101.0 149.7 379.8 307.5 71.1 111.6 251.4 183.7 358.2 175.7 240.1 357.9 296.9 147.5 319.5 65.5 266.2 84.7 347.0 577.9 124.8 194.9 265.2 208.5 292.8 157.3 335.4 209.3 58.8 248.7 143.6 275.3 304.1 286.6 155.8 47.8 345.7 88.0 150.5 18.3 271.5 0.0 79.1 139.3 204.6 256.4 253.5 340.4 260.3 227.2 340.1 279.2 345.0 187.2 122.7 284.9 148.9 108.2 395.5 516.9 356.9 303.8 168.5 53.5 164.3 262.4 198.0 385.8 147.4 174.9 279.9 250.4 247.2 304.9 201.8 142.1 149.5 162.6 379.5
873.1 377.3 286.8 383.0 150.1 211.0 291.8 187.5 80.0 111.1 356.2 283.2 195.6 99.8 134.9 298.5 115.1 425.4 243.2 414.7 255.7 366.5 293.1 366.1 275.7 293.2 259.1 380.2 387.5 98.0 288.7 99.9 344.8 312.7 152.1 328.8 242.3 132.6 180.5 411.4 331.0 102.7 143.2 282.2 214.5 389.8 207.3 271.7 389.5 327.7 177.5 351.1 82.1 297.8 110.1 378.0 608.7 156.4 225.7 292.1 237.4 323.6 188.1 367.0 232.3 82.1 279.5 175.2 305.6 335.7 318.2 187.4 79.4 377.3 103.1 181.3 67.1 303.1 72.2 0.0 162.4 235.4 287.2 261.4 372.0 291.9 258.0 370.8 310.8 385.0 218.0 153.5 316.5 179.7 139.0 427.1 546.9 388.5 334.6 229.2 85.1 195.1 294.0 225.2 417.4 179.0 206.5 310.7 281.2 278.0 335.7 233.4 172.9 179.7 194.2 411.1
867.7 362.0 260.1 356.8 230.4 202.6 265.0 171.1 161.1 190.7 337.7 256.5 275.9 180.4 215.2 271.8 106.4 399.2 216.5 388.5 229.0 340.3 266.4 347.9 249.3 266.5 232.4 354.0 361.3 159.1 249.4 148.7 318.6 286.0 233.6 302.4 215.6 205.2 25.5 392.9 311.9 183.0 223.5 255.5 59.2 371.3 287.6 232.5 371.0 301.0 169.1 324.9 154.7 258.9 196.9 360.4 526.9 236.7 191.3 269.6 211.0 296.9 17.9 348.5 213.7 135.5 252.8 255.8 279.7 288.8 279.0 267.7 159.7 358.8 166.0 172.9 148.2 264.2 133.3 191.0 0.0 208.7 260.5 257.9 353.5 245.0 231.3 353.5 271.6 358.8 209.6 137.1 277.6 190.1 29.7 408.9 565.5 371.4 307.9 280.7 165.4 186.7 275.5 305.8 391.2 259.6 279.1 284.0 254.5 251.3 301.3 313.7 145.8 163.3 274.5 384.9
849.2 250.4 225.5 256.1 262.6 234.5 233.0 243.7 251.8 258.5 229.3 221.9 261.9 248.4 213.3 90.5 171.3 298.5 181.9 287.8 20.2 239.6 231.8 250.0 116.0 231.9 119.4 253.3 260.6 249.8 227.4 233.1 217.9 251.4 312.5 120.8 34.3 245.1 218.7 284.5 130.3 274.4 277.5 220.9 252.7 267.3 273.6 126.8 262.6 266.4 234.5 224.2 264.4 152.9 288.0 251.7 526.8 292.4 63.1 234.7 82.9 115.6 226.3 240.1 100.4 233.9 218.2 248.8 244.8 190.8 173.3 249.0 250.4 250.4 256.7 204.8 238.9 158.2 224.0 281.7 208.3 0.0 225.9 200.1 245.1 147.0 196.7 243.9 165.9 258.1 257.7 209.7 171.6 259.1 177.2 300.2 523.0 261.6 126.6 266.4 256.1 251.3 167.1 282.0 290.5 292.1 272.8 102.7 219.9 216.7 274.4 299.7 203.7 203.2 244.3 284.2
795.0 205.3 91.6 211.0 246.7 256.0 47.7 265.2 273.3 242.6 184.2 88.0 246.0 228.2 197.4 147.8 192.8 253.4 150.0 242.7 235.9 194.5 199.9 194.1 257.4 45.9 239.3 208.2 215.5 271.3 195.5 260.6 172.8 219.5 296.6 198.1 172.7 229.2 240.2 239.4 200.3 258.5 261.6 20.5 274.2 217.6 257.7 128.9 217.5 84.0 256.0 179.1 284.7 155.8 265.9 206.0 548.3 276.5 205.9 198.9 217.6 172.9 247.8 195.0 212.5 255.4 186.3 225.6 110.4 192.9 175.4 233.1 271.9 205.3 292.1 226.3 260.4 160.3 245.5 303.2 229.8 215.6 0.0 168.2 200.0 149.1 164.8 198.8 168.0 213.0 279.2 231.2 173.7 288.2 198.7 255.1 544.5 217.9 203.9 279.6 277.6 272.8 122.0 259.4 245.4 276.2 256.9 180.0 65.0 184.8 92.0 283.8 225.0 224.7 228.4 239.1
850.7 292.3 193.6 298.0 337.3 248.6 198.2 257.8 256.9 290.6 274.8 193.6 336.6 289.2 288.0 234.8 176.4 353.0 66.8 329.7 219.5 294.1 32.1 291.9 235.9 200.0 219.3 295.2 302.5 251.3 66.1 257.1 272.4 161.1 324.6 289.0 202.5 328.8 226.6 330.0 291.2 275.2 328.3 192.6 257.8 321.8 344.7 219.5 304.5 234.5 257.8 266.1 258.2 242.0 288.8 296.6 528.3 328.9 185.9 103.1 197.6 272.5 240.4 282.0 192.5 235.4 136.9 323.5 225.5 292.5 266.0 320.1 264.5 304.9 256.4 209.9 240.4 250.9 225.5 295.8 202.1 208.2 194.0 0.0 290.6 239.7 58.6 289.4 258.6 300.0 259.2 211.2 264.3 264.2 193.0 342.1 524.5 303.5 298.4 366.6 257.6 256.4 209.0 354.4 332.4 363.2 347.5 274.5 200.6 97.1 242.5 370.8 217.6 208.3 328.0 326.1
755.8 187.0 248.8 171.8 276.5 353.2 188.4 362.4 350.8 272.4 39.6 245.2 275.8 262.3 227.2 177.6 290.0 214.2 247.2 203.5 267.2 175.9 297.1 88.7 315.5 236.2 318.9 193.1 129.1 368.8 279.8 378.1 133.6 316.7 327.3 227.9 202.5 259.0 337.4 207.0 237.4 288.3 291.4 179.2 371.4 178.6 287.5 158.7 196.3 224.7 352.4 139.9 329.5 184.8 301.9 185.4 612.9 306.3 262.6 300.0 279.1 202.7 345.0 67.8 299.9 360.4 283.5 255.4 268.1 222.7 205.2 262.9 331.8 184.1 389.6 323.5 337.9 190.1 343.0 361.5 327.0 246.9 190.2 288.3 0.0 178.9 262.0 94.3 197.8 99.2 378.4 328.4 203.5 354.6 295.9 215.9 609.9 177.3 233.7 280.3 337.5 370.0 82.8 293.6 224.2 306.0 286.7 209.8 243.2 282.0 232.7 313.6 315.1 322.5 258.2 199.9
790.2 200.5 234.2 206.2 232.7 294.8 173.8 304.0 307.0 225.6 179.4 230.6 232.0 214.2 183.4 115.8 231.6 248.6 232.6 237.9 205.4 189.7 282.5 200.1 253.7 221.6 257.1 203.4 210.7 325.0 265.2 326.9 168.0 302.1 282.6 166.1 140.7 215.2 279.0 234.6 168.3 244.5 247.6 164.6 313.0 212.8 243.7 16.6 212.7 210.1 294.8 174.3 270.7 56.4 258.1 201.8 569.1 262.5 200.8 281.5 217.3 140.9 286.6 190.2 230.3 309.1 268.9 211.6 253.0 59.4 76.8 219.1 288.0 200.5 330.1 265.1 294.1 56.8 299.2 317.7 260.9 185.1 175.6 250.8 195.2 0.0 247.4 194.9 18.9 208.2 320.0 270.0 75.1 323.0 237.5 250.3 565.3 211.7 171.9 265.6 293.7 311.6 117.2 245.4 240.6 262.2 242.9 148.0 228.6 267.4 218.1 269.8 256.7 263.5 214.4 234.3
846.4 290.9 189.3 293.7 329.4 231.7 193.9 240.9 249.0 257.9 266.9 185.7 328.7 268.0 280.1 230.5 168.5 336.1 62.5 325.4 211.6 297.8 63.5 276.8 231.6 195.7 215.0 297.0 251.0 247.0 34.1 236.3 255.5 153.2 321.2 284.7 198.2 311.9 215.9 322.1 294.2 270.9 311.4 184.7 249.9 300.5 340.4 211.6 300.2 230.2 230.9 261.8 265.3 237.7 284.5 289.3 524.0 324.6 181.6 102.7 195.2 255.6 223.5 277.7 196.0 238.6 120.0 308.3 208.6 275.6 258.1 315.8 247.6 288.0 267.8 202.0 236.1 243.0 221.2 278.9 205.5 191.3 189.7 60.6 282.7 231.8 0.0 282.4 250.7 287.3 256.9 206.9 256.4 233.1 174.4 337.8 521.0 299.2 290.5 333.2 253.3 248.5 204.7 346.5 328.1 358.9 339.6 266.6 183.7 92.8 238.2 366.5 193.6 201.0 311.1 321.8
762.6 190.9 255.6 177.1 283.3 360.0 198.1 369.2 356.1 289.9 105.6 252.0 282.6 264.8 234.0 184.4 296.8 219.5 254.0 208.8 274.0 160.6 303.9 90.5 322.3 243.0 324.2 192.3 201.1 375.6 299.5 377.5 138.9 323.5 333.2 211.0 209.3 264.3 347.0 213.8 236.9 295.1 298.2 186.0 378.2 185.2 294.3 164.0 203.1 231.5 358.5 145.2 321.3 192.4 302.5 191.6 619.7 313.1 267.9 302.9 284.0 209.5 350.3 116.4 298.9 359.7 290.3 269.5 274.4 228.0 212.0 268.2 338.6 190.9 382.4 328.8 344.7 195.4 349.8 366.8 326.1 252.2 195.5 293.6 121.4 184.2 268.8 0.0 204.6 83.3 383.2 333.7 208.8 392.2 304.4 175.9 615.9 185.5 240.5 316.2 344.3 377.5 89.6 296.0 229.5 312.8 292.0 216.6 250.0 288.8 238.0 320.4 329.0 328.7 265.0 205.2
820.4 233.6 264.4 236.4 262.9 325.0 204.0 334.2 337.2 258.8 209.6 260.8 262.2 248.7 213.6 146.0 261.8 278.8 262.8 268.1 235.6 240.5 312.7 219.5 283.9 251.8 287.3 239.7 193.7 355.2 295.4 364.5 198.2 332.3 313.7 196.3 170.9 245.4 309.2 264.8 205.8 274.7 277.8 194.8 343.2 243.2 273.9 46.9 242.9 240.3 324.2 204.5 315.9 81.4 288.3 232.0 599.3 292.7 231.0 315.6 247.5 171.1 316.8 220.4 268.3 346.8 299.1 241.8 283.7 40.5 107.0 249.3 318.2 230.7 376.0 295.3 324.3 87.0 329.4 347.9 298.8 215.3 205.8 303.9 225.4 30.2 277.6 225.1 0.0 230.0 350.2 300.2 62.7 326.4 267.7 280.5 596.3 241.9 202.1 266.7 323.9 341.8 147.4 280.0 270.8 292.4 273.1 178.2 258.8 297.6 248.3 300.0 286.9 294.3 244.6 264.5
747.0 175.3 240.0 163.0 267.7 344.4 179.6 353.6 342.0 263.6 90.0 236.4 267.0 249.2 218.4 168.8 281.2 205.4 238.4 194.7 258.4 146.5 288.3 64.1 306.7 227.4 310.1 178.2 185.5 360.0 271.0 361.9 124.8 307.9 317.6 195.4 193.7 250.2 328.6 198.2 228.6 279.5 282.6 170.4 362.6 169.8 278.7 149.9 187.5 215.9 343.6 131.1 305.7 176.0 293.1 176.6 604.1 297.5 253.8 291.2 268.4 193.9 336.2 100.8 291.1 344.1 274.7 246.6 258.8 213.9 196.4 254.1 323.0 175.3 365.1 314.7 329.1 181.3 334.2 352.7 318.5 238.1 181.4 256.6 105.8 170.1 253.2 75.9 189.0 0.0 367.6 319.6 194.7 345.8 288.8 207.1 600.3 168.5 224.9 300.6 328.7 361.2 74.0 284.8 215.4 297.2 277.9 201.0 234.4 273.2 223.9 304.8 313.4 313.1 249.4 191.1
969.3 443.6 344.9 448.8 297.2 16.0 352.4 43.0 227.9 265.2 422.5 341.3 342.7 251.2 282.0 356.6 171.4 491.7 301.3 480.5 313.8 432.8 351.2 443.2 333.8 351.3 316.7 446.0 453.8 225.9 346.8 207.8 410.6 370.8 299.2 363.2 300.4 279.2 203.1 477.7 389.1 249.8 290.3 340.3 234.3 455.9 354.4 316.8 455.8 385.8 90.3 416.9 228.7 344.2 257.2 444.3 628.5 303.5 283.3 350.2 295.5 381.7 205.6 433.3 290.4 210.0 337.6 329.6 363.7 381.3 363.8 334.0 226.5 443.6 232.7 34.0 215.0 348.7 200.1 257.8 182.2 293.0 344.8 322.8 438.3 337.5 316.1 437.1 356.4 450.8 0.0 109.3 361.6 7.3 160.5 492.9 666.0 456.2 392.7 376.3 232.2 51.3 360.3 372.3 483.7 325.6 353.6 368.8 339.3 336.1 393.8 380.5 70.8 37.9 341.3 476.9
886.6 348.4 249.7 354.1 202.0 113.3 257.2 54.9 132.7 163.0 327.3 246.1 247.5 156.0 186.8 261.4 76.2 396.5 206.1 385.8 218.6 337.6 256.0 337.2 238.6 256.1 222.0 351.3 358.6 130.7 251.6 132.9 315.9 275.6 204.0 291.7 205.2 184.5 120.4 382.5 293.9 154.6 195.1 245.1 151.6 360.9 259.2 222.1 360.6 290.6 17.7 322.2 134.0 248.2 168.2 349.1 545.8 208.3 188.6 258.9 200.3 286.5 125.2 338.1 203.0 114.8 242.4 234.4 268.5 286.1 268.6 239.3 131.3 348.4 135.8 83.6 119.8 253.5 104.9 162.6 99.5 198.3 250.1 224.3 343.1 242.3 220.9 341.9 261.2 356.1 98.7 0.0 266.9 65.6 76.1 398.2 584.1 359.6 297.5 281.1 137.0 46.6 265.1 277.1 388.5 230.9 258.4 273.6 244.1 240.9 298.6 285.3 75.2 82.0 246.1 382.2
795.7 208.9 239.7 211.7 238.2 300.3 179.3 309.5 312.5 234.1 184.9 236.1 237.5 224.0 188.9 121.3 237.1 254.1 238.1 243.4 210.9 195.2 288.0 194.8 259.2 227.1 262.6 208.9 216.2 330.5 283.6 352.7 173.5 307.6 288.1 171.6 146.2 220.7 284.5 240.1 181.1 250.0 253.1 170.1 318.5 218.3 249.2 55.8 218.2 215.6 299.5 179.8 276.2 17.8 257.4 206.7 574.6 268.0 206.3 290.9 226.1 146.4 292.1 195.7 243.6 314.6 274.4 224.4 258.5 19.1 58.3 224.6 293.5 206.0 335.6 270.6 299.6 87.2 304.7 323.2 266.4 190.6 181.1 256.3 200.7 76.0 252.9 200.4 47.5 213.7 323.5 275.5 0.0 324.9 243.0 255.8 570.8 217.2 177.4 242.0 299.2 317.8 122.7 257.6 246.1 267.7 248.4 153.5 234.1 272.9 223.6 275.3 269.3 269.0 219.9 239.8
966.8 434.2 329.9 416.9 282.2 71.1 337.2 33.5 195.5 229.4 407.5 326.3 327.7 234.6 267.0 341.6 156.4 484.3 286.3 448.6 298.8 395.2 336.2 420.1 296.2 336.3 302.2 431.5 416.2 210.9 321.6 202.9 396.1 355.8 287.8 374.6 285.4 264.7 200.5 462.7 384.1 234.8 275.3 325.3 231.8 441.1 339.4 302.3 440.8 370.8 32.7 385.0 191.6 331.1 251.1 432.6 626.0 288.5 268.8 341.8 263.1 366.7 205.4 418.3 285.9 195.0 322.6 310.0 351.9 366.3 348.8 322.2 211.5 428.6 217.8 69.4 200.0 333.7 185.1 220.2 182.4 261.1 330.3 281.9 423.3 322.5 301.1 425.7 341.4 413.7 55.0 97.5 354.7 0.0 159.0 455.8 667.0 440.9 385.3 334.9 217.2 41.1 345.3 360.0 446.1 288.5 321.2 353.8 324.3 321.1 386.4 365.5 77.8 71.0 326.3 462.4
838.2 329.3 230.6 336.7 200.9 172.8 238.1 149.3 131.6 168.9 308.2 227.0 246.4 154.9 185.7 242.3 76.9 377.4 187.0 368.4 199.5 320.2 236.9 328.9 221.2 237.0 202.9 332.2 339.5 129.6 232.5 111.5 296.8 256.5 202.9 248.9 186.1 185.1 44.2 363.4 274.8 153.5 194.0 226.0 75.4 341.6 258.1 203.0 341.5 271.5 139.3 303.1 132.9 229.9 160.9 330.0 497.4 207.2 169.5 235.9 181.2 267.4 49.0 319.0 176.1 115.4 223.3 233.3 249.4 267.0 249.5 238.2 130.2 329.3 136.4 144.8 118.7 234.4 103.8 161.5 23.3 179.2 231.0 228.1 324.0 224.9 201.8 322.8 242.1 337.0 182.1 115.3 249.5 172.3 0.0 379.1 534.9 341.9 280.1 280.0 135.9 157.6 246.0 276.0 369.4 229.8 257.3 254.5 225.0 221.8 279.5 284.2 109.1 143.2 245.0 363.1
746.1 139.8 296.1 144.1 323.8 400.5 235.7 409.7 398.1 323.4 172.3 292.5 323.1 305.3 274.5 224.9 337.3 186.5 294.5 175.8 314.5 127.6 344.4 193.0 336.6 283.5 366.2 142.7 221.6 416.1 327.1 418.0 72.8 364.0 373.7 275.2 249.8 306.3 384.7 103.6 277.4 335.6 338.7 226.5 418.7 57.2 334.8 206.0 223.6 272.0 409.7 67.1 373.1 232.1 349.2 140.5 605.0 353.6 309.9 343.4 324.5 250.0 392.3 183.1 339.4 400.2 330.8 302.7 314.9 270.0 252.5 310.2 379.1 139.8 421.2 370.8 385.2 237.4 390.3 408.8 366.6 294.2 237.5 312.7 188.1 226.2 309.3 186.9 245.1 201.1 423.7 375.7 250.8 401.9 343.2 0.0 601.2 55.9 281.0 356.7 384.8 417.3 115.2 336.5 150.7 353.3 334.0 257.1 290.5 329.3 280.0 360.9 362.4 369.2 305.5 172.2
947.8 599.9 560.5 549.8 586.4 505.5 627.1 514.7 522.8 560.9 560.8 556.9 585.7 546.9 537.1 613.4 443.1 593.0 516.9 581.5 529.4 533.3 566.8 581.5 548.6 566.9 532.8 602.8 609.3 521.6 562.4 503.5 491.6 586.4 594.9 640.0 516.0 568.9 493.3 565.8 665.9 545.5 586.0 615.0 524.5 537.2 597.4 575.1 612.1 660.5 505.5 498.7 524.9 602.0 552.9 600.6 44.2 599.2 498.6 565.8 511.1 638.5 497.3 571.6 506.0 505.7 553.2 572.6 579.3 639.9 622.4 572.8 522.2 599.9 528.4 475.8 510.7 606.5 495.8 552.7 472.4 508.3 625.2 557.2 576.6 595.3 531.7 575.4 615.0 588.8 529.5 481.5 619.9 538.5 450.7 573.9 0.0 537.5 668.7 619.3 527.9 523.8 503.7 599.1 612.9 615.1 595.8 645.6 554.9 551.7 667.7 623.5 475.3 474.2 568.1 577.9
710.1 126.7 260.1 106.8 287.8 363.2 202.6 372.4 360.8 287.4 136.3 256.5 287.1 273.6 238.5 188.9 301.3 149.2 258.5 138.5 278.5 90.3 308.4 146.2 325.5 247.5 328.9 125.4 184.3 380.1 291.1 389.4 35.5 328.0 338.6 239.2 213.8 269.0 348.7 87.6 248.7 299.6 302.7 190.5 382.7 1.1 298.8 168.7 187.6 236.0 364.5 31.6 324.5 196.1 313.2 125.1 569.0 317.6 272.6 311.3 290.4 214.0 356.8 147.1 311.2 362.9 294.8 266.7 279.4 232.7 216.5 272.9 343.1 123.8 385.7 333.5 349.2 200.1 354.3 371.5 337.3 256.9 200.2 280.5 152.1 190.7 273.3 151.8 209.1 163.8 389.7 338.4 213.5 389.1 307.2 77.2 566.0 0.0 245.5 291.6 348.8 381.3 79.2 304.9 133.4 317.8 296.7 221.1 254.5 293.3 242.7 324.9 332.4 331.9 269.5 134.9
821.0 234.2 265.0 237.0 243.5 327.8 208.8 337.0 317.8 250.1 210.2 261.4 242.8 225.0 194.2 53.4 264.6 279.4 275.2 268.7 161.0 220.5 325.1 220.1 209.3 252.4 212.7 234.2 241.5 335.8 320.7 337.7 198.8 344.7 293.4 19.3 96.3 226.0 312.0 265.4 66.5 255.3 258.4 195.4 346.0 248.2 254.5 107.7 243.5 240.9 327.0 205.1 292.8 133.8 268.9 232.6 579.9 273.3 156.4 328.0 176.2 78.5 319.6 221.0 193.7 319.9 311.5 229.7 283.8 171.7 154.2 229.9 298.8 231.3 356.6 298.1 304.9 139.1 310.0 328.5 293.9 140.7 206.4 297.2 226.0 127.9 290.0 224.8 146.8 239.0 353.0 303.0 152.5 352.4 272.2 281.1 576.9 242.5 0.0 276.4 304.5 344.6 148.0 256.2 271.4 273.0 253.7 46.2 259.4 310.0 248.9 280.6 296.8 296.5 225.2 265.1
828.8 275.8 309.5 281.5 114.8 320.1 252.0 296.6 189.1 121.4 254.7 305.9 62.1 96.3 65.5 209.1 224.2 323.9 307.9 313.2 298.7 265.0 357.8 275.4 364.8 296.9 368.2 296.5 303.8 207.1 353.4 209.0 243.3 377.4 164.7 235.7 234.0 97.3 292.4 309.9 261.6 126.6 129.7 239.9 323.6 288.1 73.8 170.2 288.0 285.4 287.4 267.4 164.1 197.1 134.0 276.5 603.7 144.6 294.1 356.8 308.7 234.2 297.2 265.5 341.4 209.0 344.2 61.8 328.3 234.2 216.7 101.2 170.1 275.8 213.9 290.4 176.2 201.6 181.3 199.8 271.5 296.2 268.7 326.1 270.5 208.2 322.7 269.3 209.3 301.3 329.4 280.4 232.8 319.6 249.8 325.6 599.9 288.4 265.2 0.0 175.8 304.9 192.5 127.5 333.7 144.3 37.5 241.3 303.9 342.7 293.4 29.6 256.4 288.8 96.5 327.4
876.6 345.3 290.3 348.1 115.2 214.5 294.9 191.0 83.5 54.8 321.3 286.7 160.7 64.9 100.0 302.0 118.6 390.5 246.7 379.8 259.2 352.2 296.6 331.2 279.2 296.7 262.6 351.4 305.4 101.5 279.3 110.8 309.9 316.2 118.1 332.3 245.8 97.7 184.0 376.5 341.8 67.8 108.3 285.7 218.0 354.9 172.4 236.8 354.6 331.2 181.8 316.2 44.2 262.9 81.4 343.7 612.2 121.5 229.2 299.5 242.8 327.1 191.6 332.1 243.6 93.1 283.0 140.3 309.6 300.8 283.3 152.5 6.0 342.4 122.3 184.8 70.6 268.2 75.7 94.2 173.6 238.9 290.7 287.8 337.1 257.0 261.5 336.8 275.9 341.7 221.5 157.0 281.6 183.2 142.5 392.2 551.2 353.6 338.1 165.2 0.0 198.6 259.1 194.7 382.5 144.1 171.6 314.2 284.7 281.5 339.2 198.5 176.4 183.8 159.3 376.2
939.6 401.4 302.7 407.8 255.0 67.4 310.2 8.2 185.7 223.0 380.3 299.1 300.5 209.0 239.8 314.4 129.2 449.5 259.1 438.8 271.6 390.6 309.0 401.0 291.6 309.1 275.7 404.3 411.6 183.7 304.6 165.6 368.9 328.6 257.0 321.0 258.2 237.5 173.4 435.5 346.9 207.6 248.1 298.1 204.6 413.7 312.2 275.8 413.6 343.6 39.6 375.2 198.3 302.0 215.0 402.1 598.8 261.3 241.6 308.0 253.3 339.5 178.9 391.1 248.2 167.8 295.4 287.4 321.5 339.1 321.6 292.3 184.3 401.4 190.5 88.4 172.8 306.5 157.9 215.6 152.5 251.3 303.8 281.8 396.1 295.3 273.9 394.9 314.2 409.8 53.6 56.6 320.6 43.8 130.8 451.2 636.3 414.0 350.5 334.1 190.0 0.0 318.1 330.1 441.5 283.9 312.1 326.6 297.1 293.9 352.3 338.3 59.0 89.3 299.1 435.2
672.9 99.0 180.8 88.9 208.5 285.2 120.4 294.4 282.8 204.4 57.0 177.2 207.8 194.3 159.2 109.6 222.0 131.3 179.2 120.6 199.2 93.0 229.1 66.9 247.5 168.2 250.9 105.1 46.2 300.8 211.8 310.1 50.7 248.7 259.3 159.9 134.5 191.0 269.4 124.1 169.4 220.3 223.4 111.2 303.4 95.7 219.5 90.7 108.3 156.7 294.4 57.0 261.5 116.8 233.9 97.4 544.9 238.3 194.6 232.0 211.1 134.7 277.0 67.8 231.9 292.4 215.5 187.4 200.1 154.7 137.2 194.9 263.8 96.1 321.6 255.5 269.9 122.1 275.0 293.5 259.0 178.9 122.2 220.3 72.8 110.9 194.0 72.5 129.8 77.4 310.4 260.4 135.5 286.6 227.9 133.0 541.9 94.4 165.7 212.3 269.5 302.0 0.0 225.6 136.2 238.0 218.7 141.8 175.2 214.0 164.7 245.6 247.1 254.5 190.2 117.0
891.3 343.5 372.0 326.7 122.9 361.1 313.9 335.3 210.5 149.5 317.2 368.4 156.6 141.6 104.2 271.6 262.9 386.4 370.4 358.4 361.2 327.5 420.3 329.4 423.5 359.4 409.2 323.9 331.2 245.8 405.3 257.4 288.5 439.9 206.6 324.2 296.5 136.0 330.6 372.4 333.7 165.3 139.8 302.4 362.3 350.8 168.3 232.7 350.5 347.9 308.8 294.8 174.2 261.1 158.8 341.9 666.2 183.3 356.2 425.5 387.1 296.7 338.2 328.0 390.2 229.9 406.7 138.5 393.6 296.7 279.2 57.1 208.8 338.3 252.7 329.1 214.9 264.1 220.0 238.5 312.5 323.6 296.1 394.2 333.0 235.6 385.2 335.0 271.8 328.7 368.1 301.3 260.2 337.0 289.1 388.1 665.5 350.6 330.0 163.4 214.5 345.2 255.0 0.0 378.4 185.3 169.8 303.8 366.4 405.2 355.9 194.4 302.3 327.5 45.3 354.8
797.4 37.1 287.8 195.4 315.5 392.2 227.4 401.4 389.8 322.1 182.0 284.2 314.8 297.0 266.2 216.6 329.0 237.8 286.2 227.1 306.2 178.9 336.1 202.7 354.5 275.2 357.9 37.1 144.2 407.8 331.7 409.7 124.1 355.7 365.4 266.9 241.5 298.0 376.4 81.7 269.1 327.3 330.4 218.2 410.4 130.9 326.5 197.7 146.2 263.7 392.2 118.4 353.5 224.6 334.7 38.7 651.9 345.3 301.6 335.1 321.4 241.7 384.0 192.8 331.1 391.9 322.5 294.4 324.4 261.7 244.2 301.9 370.8 40.0 412.9 362.5 376.9 229.1 382.0 400.5 358.3 285.9 229.2 304.4 197.8 217.9 301.0 196.6 236.8 210.8 417.4 367.4 242.5 393.6 334.9 183.8 648.9 126.6 272.7 348.4 376.5 409.7 139.8 328.2 0.0 345.0 325.7 248.8 282.2 321.0 271.7 352.6 354.1 360.9 297.2 229.2
854.1 304.0 334.8 306.8 93.3 298.6 274.4 275.1 167.6 89.2 280.0 331.2 119.4 74.8 58.7 234.4 202.7 349.2 330.8 338.5 343.3 290.3 380.7 289.9 363.3 322.2 346.7 304.0 311.3 185.6 376.3 194.9 268.6 400.3 96.6 284.7 259.3 75.8 268.1 335.2 294.2 105.1 108.2 265.2 302.1 313.6 131.1 195.5 313.3 310.7 265.9 274.9 131.3 221.6 112.5 301.8 696.3 76.5 313.3 379.7 330.2 259.5 275.7 290.8 319.9 169.7 367.1 106.3 353.6 259.5 242.0 111.2 148.6 301.1 192.5 268.9 154.7 226.9 159.8 178.3 257.7 323.0 276.2 352.8 295.8 215.7 345.6 294.6 234.6 308.8 305.6 241.1 240.3 290.5 226.6 350.9 634.5 312.3 290.5 153.0 154.3 282.7 217.8 153.4 341.2 0.0 130.3 266.6 329.2 365.6 318.7 157.2 242.1 267.3 118.0 334.9
848.8 298.7 329.5 301.5 134.8 340.1 272.0 316.6 209.1 130.7 274.7 325.9 82.1 120.6 85.5 229.1 244.2 343.9 327.9 333.2 318.7 285.0 377.8 284.6 367.0 316.9 388.2 298.7 306.0 227.1 360.5 249.3 263.3 397.4 184.7 255.7 254.0 117.3 312.4 329.9 288.9 146.6 149.7 259.9 343.6 312.7 93.8 190.2 308.0 305.4 306.6 269.6 172.8 216.3 160.2 296.5 623.7 164.6 314.1 376.8 328.7 254.2 317.2 285.5 369.2 211.2 364.2 81.8 348.8 254.2 236.7 121.2 190.1 295.8 232.2 310.4 196.2 221.6 201.3 219.8 299.5 298.4 270.9 369.0 290.5 210.4 342.7 289.3 229.3 303.5 347.1 282.6 235.0 332.0 268.1 345.6 619.9 307.0 285.2 60.2 195.8 324.2 212.5 154.2 335.9 164.3 0.0 261.3 323.9 362.7 313.4 64.4 283.6 308.8 116.5 329.6
797.2 210.4 241.2 213.2 219.7 304.0 180.8 313.2 294.0 215.6 186.4 237.6 219.0 205.5 170.4 29.6 240.8 255.6 251.4 244.9 137.2 217.3 301.3 196.3 185.5 228.6 188.9 216.5 170.5 312.0 284.0 321.3 175.0 320.9 270.5 60.5 72.5 202.2 288.2 241.6 27.5 231.5 234.6 171.6 322.2 220.0 230.7 83.9 219.7 217.1 304.0 181.3 272.7 110.0 245.1 208.8 556.1 249.5 132.6 304.2 149.1 54.7 295.8 197.2 169.9 303.6 287.7 198.6 260.5 147.9 130.4 206.1 275.0 207.5 332.8 274.3 281.1 115.3 286.2 304.7 277.8 116.9 182.6 292.5 202.2 104.1 266.2 201.9 123.0 206.8 329.2 279.2 128.7 305.4 246.7 257.3 553.1 218.7 66.3 223.5 280.7 320.8 124.2 236.8 247.6 249.2 229.9 0.0 235.6 286.2 225.1 256.8 265.9 273.3 201.4 241.3
858.1 260.6 76.3 263.4 299.1 243.4 127.1 252.6 260.7 269.6 236.6 72.7 298.4 284.9 249.8 200.2 180.2 305.8 137.4 295.1 223.3 267.5 187.3 246.5 243.3 23.9 226.7 266.7 220.7 258.7 170.0 248.0 225.2 206.9 332.9 250.5 209.9 281.6 227.6 291.8 260.0 282.6 314.0 99.9 261.6 270.2 310.1 181.3 269.9 163.4 242.6 231.5 277.0 207.4 296.2 259.0 535.7 328.9 193.3 190.2 206.9 225.3 235.2 247.4 207.7 250.3 173.7 278.0 95.6 245.3 227.8 285.5 259.3 257.7 279.5 213.7 247.8 212.7 232.9 290.6 217.2 203.0 79.3 178.5 252.4 201.5 152.2 252.1 220.4 257.0 268.6 218.6 226.1 244.8 186.1 307.5 532.7 268.9 256.3 302.9 265.0 260.2 174.4 316.2 297.8 328.6 309.3 232.4 0.0 172.2 171.4 336.2 205.3 212.7 280.8 291.5
850.2 294.7 193.1 297.5 333.2 235.5 197.7 244.7 252.8 261.7 270.7 189.5 332.5 271.8 283.9 234.3 172.3 339.9 53.6 329.2 215.4 301.6 121.5 280.6 235.4 199.5 218.8 300.8 254.8 250.8 104.2 240.1 259.3 139.0 325.0 288.5 202.0 315.7 219.7 325.9 298.0 274.7 315.2 188.5 253.7 304.3 344.2 215.4 304.0 234.0 235.5 265.6 269.1 241.5 288.3 293.1 527.8 328.4 185.4 9.8 199.0 259.4 227.3 281.5 199.8 242.4 105.8 312.1 212.4 279.4 261.9 319.6 251.4 291.8 271.6 205.8 239.9 246.8 225.0 282.7 209.3 195.1 193.5 112.7 286.5 235.6 86.4 286.2 254.5 291.1 260.7 210.7 260.2 236.9 178.2 341.6 524.8 303.0 294.3 337.0 257.1 252.3 208.5 350.3 331.9 362.7 343.4 270.4 187.5 0.0 242.0 370.3 197.4 204.8 314.9 325.6
824.4 234.7 150.6 240.4 276.1 285.4 50.7 294.6 302.7 272.0 213.6 147.0 275.4 257.6 226.8 177.2 222.2 282.8 179.4 272.1 265.3 223.9 229.3 234.3 285.3 104.9 268.7 237.6 244.9 300.7 224.9 290.0 202.2 248.9 326.0 227.5 202.1 258.6 269.6 268.8 229.7 287.9 291.0 67.9 303.6 247.2 287.1 158.3 246.9 69.0 284.6 208.5 314.1 184.4 295.3 235.4 577.7 305.9 235.3 228.3 247.0 202.3 277.2 224.4 241.9 284.8 215.7 262.3 169.9 222.3 204.8 262.5 301.3 234.7 321.5 255.7 289.8 189.7 274.9 332.6 259.5 245.0 58.9 197.6 229.4 178.5 194.2 228.2 197.4 242.4 308.6 260.6 203.1 292.0 228.1 284.5 573.9 245.9 233.3 309.0 307.0 302.9 151.4 288.8 274.8 305.6 286.3 209.4 124.0 214.2 0.0 313.2 254.6 254.1 257.8 268.5
859.6 309.5 340.3 312.3 145.6 350.9 279.9 327.4 219.9 141.5 285.5 336.7 92.9 131.4 96.3 239.9 255.0 354.7 338.7 344.0 329.5 316.4 388.6 295.4 377.8 327.7 399.0 315.6 269.6 237.9 371.3 247.2 274.1 408.2 196.4 290.2 264.8 128.1 320.4 340.7 299.7 157.4 160.5 270.7 354.4 319.1 104.6 201.0 318.8 316.2 327.4 280.4 198.6 227.1 171.0 307.9 634.5 175.4 324.9 391.5 341.4 265.0 328.0 296.3 380.0 229.5 375.0 85.3 359.6 265.0 247.5 132.0 200.9 306.6 258.7 321.2 207.0 232.4 212.1 230.6 310.0 309.2 281.7 379.8 301.3 221.2 353.5 301.0 240.1 305.9 357.9 293.4 245.8 319.6 278.9 356.4 631.5 317.8 296.0 47.1 206.6 335.0 223.3 162.7 346.7 175.1 68.3 272.1 334.7 373.5 324.2 0.0 312.8 320.2 127.3 340.4
911.4 385.1 283.5 387.9 235.8 56.4 288.1 78.4 184.9 196.1 361.1 279.9 281.3 185.5 220.6 295.2 110.0 448.7 239.9 419.6 252.4 389.8 289.8 371.0 290.8 289.9 248.1 385.1 384.7 164.5 272.5 153.8 368.1 309.4 238.7 325.5 239.0 210.6 135.2 416.3 335.0 188.4 228.9 278.9 176.4 394.7 293.0 248.2 394.4 324.4 65.5 356.0 160.1 282.0 202.0 383.5 570.6 242.1 240.8 292.7 236.0 320.3 150.0 371.9 236.8 167.0 276.2 260.9 302.8 338.3 302.4 273.1 165.1 382.2 177.6 8.3 153.6 305.7 138.7 196.4 132.0 232.1 302.3 258.1 376.9 294.5 254.7 376.6 295.0 389.9 81.6 66.8 300.7 70.6 93.7 450.4 601.7 394.5 323.6 285.8 170.8 67.6 298.9 315.3 414.6 264.7 292.2 307.4 277.9 274.7 324.7 319.1 0.0 32.3 279.9 416.0
931.3 407.4 308.7 413.1 261.0 31.2 313.3 85.2 191.7 229.0 386.3 305.1 306.5 215.0 245.8 320.4 135.2 455.5 265.1 444.8 277.6 396.6 315.0 407.0 297.6 315.1 281.0 410.3 417.6 189.7 297.7 171.6 374.9 334.6 263.9 350.7 264.2 243.5 162.3 441.5 360.2 213.6 254.1 304.1 196.3 419.9 318.2 281.1 419.6 349.6 98.4 381.2 193.0 307.2 221.0 408.7 590.5 267.3 247.6 314.0 259.3 345.5 169.9 397.1 254.2 173.8 301.4 293.4 328.0 345.1 327.6 298.3 190.3 407.4 194.8 1.6 178.8 312.5 163.9 221.6 144.2 257.3 309.1 287.1 402.1 301.3 279.9 400.9 320.2 415.1 56.4 73.6 325.9 100.8 120.8 457.2 628.8 418.6 356.5 340.1 196.0 93.5 324.1 336.1 447.5 289.9 317.4 332.6 303.1 299.9 357.6 344.3 32.8 0.0 305.1 441.2
845.9 295.8 326.6 298.6 77.5 313.4 266.2 289.9 182.4 104.0 271.8 323.0 111.2 93.9 58.8 226.2 217.5 341.0 325.0 330.3 315.8 302.7 374.9 281.7 378.1 314.0 361.5 301.9 255.9 200.4 357.6 209.7 260.4 394.5 158.9 276.5 251.1 90.6 282.9 327.0 286.0 119.9 94.4 257.0 316.9 305.4 122.9 187.3 305.1 302.5 289.9 266.7 161.1 213.4 111.1 294.2 620.8 137.9 328.1 377.8 341.7 251.3 290.5 282.6 342.5 192.0 361.3 90.8 345.9 251.3 233.8 11.7 163.4 292.9 221.2 283.7 169.5 218.7 174.6 193.1 272.5 295.5 268.0 366.1 287.6 207.5 339.8 287.3 226.4 292.2 320.4 255.9 232.1 282.1 241.4 342.7 617.8 304.1 282.3 115.7 169.1 297.5 209.6 35.3 333.0 137.6 122.1 258.4 321.0 359.8 310.5 149.0 275.3 282.7 0.0 326.7
745.9 215.3 315.9 66.3 343.6 404.8 258.4 414.0 417.9 339.5 192.1 312.3 342.9 325.1 294.3 244.7 341.6 13.3 314.3 56.3 334.3 69.6 364.2 202.0 384.1 303.3 386.0 218.2 241.4 435.9 359.8 458.1 105.7 383.8 393.5 295.0 269.6 326.1 389.0 179.1 297.2 355.4 358.5 246.3 423.0 150.5 354.6 225.8 243.4 291.8 404.0 112.0 392.9 251.9 362.8 216.6 604.8 373.4 329.7 363.2 344.3 269.8 396.6 202.9 359.2 420.0 350.6 322.5 334.7 289.8 272.3 330.0 398.9 215.3 450.1 375.1 405.0 257.2 410.1 428.6 378.9 314.0 257.3 355.4 207.9 244.1 329.1 206.7 264.9 220.9 428.0 380.0 270.6 429.4 347.5 188.0 601.8 149.4 300.8 376.5 404.6 421.6 135.0 356.3 226.2 373.1 353.8 276.9 310.3 349.1 299.8 380.7 366.7 373.5 325.3 0.0
