Name		1117_BED-Amazon_n100_m170_bt22
Number_of_Customers	100
Number_of_Items		170
Number_of_ItemTypes	22
Number_of_Vehicles	1
TimeWindows		0
Dist_type	manual

VEHICLE
Mass_Capacity	2071
CargoSpace_Length	174
CargoSpace_Width	61
CargoSpace_Height	84

CUSTOMERS
i	x	y	Demand	ReadyTime	DueDate	ServiceTime	DemandedMass	DemandedVolume
0	42.139891	-71.494346	0	0	0	0	0	0
1	42.252566	-71.796169	1	0	0	0	2.5	3978
2	42.250863	-71.792082	1	0	0	0	4.7	1380
3	42.250856	-71.787965	1	0	0	0	4.7	1380
4	42.264634	-71.815374	1	0	0	0	4.7	1380
5	42.260591	-71.804069	1	0	0	0	4.7	1380
6	42.261033	-71.793916	3	0	0	0	7.17	13445
7	42.251793	-71.797924	1	0	0	0	7.3	3640
8	42.261727	-71.801369	5	0	0	0	20.57	30768
9	42.252516	-71.786735	1	0	0	0	0.7	2640
10	42.255597	-71.787169	2	0	0	0	3.3	13040
11	42.251152	-71.79002	1	0	0	0	4.7	1380
12	42.252803	-71.79362	3	0	0	0	5.2	14216
13	42.262194	-71.802737	3	0	0	0	12.7	7660
14	42.265645	-71.810434	2	0	0	0	2.5	5160
15	42.251328	-71.787998	1	0	0	0	3.44	17100
16	42.254741	-71.8104	1	0	0	0	3.5	9216
17	42.253641	-71.794326	1	0	0	0	1.75	4608
18	42.255502	-71.821754	1	0	0	0	2.5	3978
19	42.26517	-71.805091	1	0	0	0	0.7	2640
20	42.265274	-71.806234	1	0	0	0	4.7	1380
21	42.254566	-71.789071	1	0	0	0	4.7	1380
22	42.262206	-71.805718	1	0	0	0	0.7	2640
23	42.261833	-71.797471	5	0	0	0	18.06	26621
24	42.259133	-71.817256	1	0	0	0	4.7	1380
25	42.249775	-71.797047	1	0	0	0	4.7	1380
26	42.259313	-71.807272	2	0	0	0	6.5	3900
27	42.256301	-71.792463	1	0	0	0	3.01	5544
28	42.264484	-71.801736	3	0	0	0	9.9	7456
29	42.254584	-71.821661	1	0	0	0	4.7	1380
30	42.262921	-71.80875	1	0	0	0	0.7	2640
31	42.249829	-71.794442	1	0	0	0	2.5	3978
32	42.252901	-71.794542	1	0	0	0	3.44	17100
33	42.25691	-71.820547	1	0	0	0	0.7	2640
34	42.261135	-71.811087	1	0	0	0	4.7	1380
35	42.249025	-71.796792	1	0	0	0	3.82	7600
36	42.253817	-71.818426	1	0	0	0	1.75	4608
37	42.256866	-71.818959	1	0	0	0	9.4	2760
38	42.251868	-71.789256	1	0	0	0	0.7	2640
39	42.248769	-71.794707	2	0	0	0	5.99	10715
40	42.254547	-71.821052	1	0	0	0	4.7	1380
41	42.265209	-71.805476	2	0	0	0	5.17	9648
42	42.24771	-71.795644	2	0	0	0	3.95	3600
43	42.261358	-71.816368	1	0	0	0	4.7	1380
44	42.252634	-71.787176	1	0	0	0	2.5	3978
45	42.253273	-71.795458	1	0	0	0	1.75	4608
46	42.265999	-71.814106	3	0	0	0	16.55	11388
47	42.262567	-71.815625	1	0	0	0	1.77	9425
48	42.256104	-71.821492	2	0	0	0	12.0	5020
49	42.255437	-71.818466	2	0	0	0	7.2	5358
50	42.255003	-71.820855	1	0	0	0	4.7	1380
51	42.249781	-71.796581	1	0	0	0	2.15	1080
52	42.257631	-71.816899	2	0	0	0	5.4	4020
53	42.258001	-71.819992	1	0	0	0	0.7	2640
54	42.25482	-71.795057	2	0	0	0	6.85	2460
55	42.260355	-71.8046	7	0	0	0	26.05	26668
56	42.250374	-71.781555	1	0	0	0	1.8	2520
57	42.255223	-71.809151	1	0	0	0	0.7	2640
58	42.259904	-71.819656	1	0	0	0	9.4	2760
59	42.261325	-71.820775	7	0	0	0	88.77	45200
60	42.259215	-71.808267	1	0	0	0	0.7	2640
61	42.257969	-71.8111	1	0	0	0	4.7	1380
62	42.264614	-71.807375	2	0	0	0	6.85	2460
63	42.255861	-71.790443	1	0	0	0	0.7	2640
64	42.26042	-71.820229	1	0	0	0	4.7	1380
65	42.254565	-71.785723	1	0	0	0	4.7	1380
66	42.249805	-71.795268	1	0	0	0	4.7	1380
67	42.255175	-71.785802	1	0	0	0	4.7	1380
68	42.25623	-71.813176	2	0	0	0	6.6	2556
69	42.257377	-71.819673	1	0	0	0	7.3	3640
70	42.249316	-71.783233	1	0	0	0	4.7	1380
71	42.26529	-71.816117	1	0	0	0	4.7	1380
72	42.2572	-71.792904	1	0	0	0	1.9	1176
73	42.257441	-71.797354	1	0	0	0	3.82	8580
74	42.250547	-71.798231	1	0	0	0	2.85	5320
75	42.251978	-71.787365	1	0	0	0	1.75	4608
76	42.265415	-71.807994	1	0	0	0	3.8	2352
77	42.254709	-71.78707	1	0	0	0	0.7	2640
78	42.253021	-71.785496	1	0	0	0	9.4	2760
79	42.255376	-71.794519	1	0	0	0	4.7	1380
80	42.250674	-71.783972	1	0	0	0	1.9	1176
81	42.253682	-71.785598	1	0	0	0	1.9	1176
82	42.253778	-71.821658	1	0	0	0	0.7	2640
83	42.263239	-71.809909	1	0	0	0	4.7	1380
84	42.252039	-71.786095	1	0	0	0	7.63	16848
85	42.259688	-71.811868	2	0	0	0	7.71	6924
86	42.256475	-71.817833	1	0	0	0	1.9	1176
87	42.257614	-71.794844	1	0	0	0	4.7	1380
88	42.266965	-71.813138	1	0	0	0	4.7	1380
89	42.265275	-71.812101	1	0	0	0	4.7	1380
90	42.266223	-71.816454	2	0	0	0	7.09	10595
91	42.249024	-71.796446	1	0	0	0	4.7	1380
92	42.260058	-71.799391	1	0	0	0	7.3	3640
93	42.251313	-71.79588	1	0	0	0	4.7	1380
94	42.262966	-71.806175	1	0	0	0	1.9	1176
95	42.26179	-71.813344	1	0	0	0	4.7	1380
96	42.254585	-71.819997	1	0	0	0	1.9	1176
97	42.264553	-71.807382	1	0	0	0	2.15	1080
98	42.2635	-71.811132	1	0	0	0	2.15	1080
99	42.256492	-71.806413	6	0	0	0	41.95	26586
100	42.255284	-71.793984	1	0	0	0	4.7	1380

ITEMS
Type	Length	Width	Height	Mass	Fragility	LoadBearingStrength
Bt1	10	10	10	14.15	1	0
Bt2	18	12	5	2.15	1	0
Bt3	21	14	4	1.9	1	0
Bt4	23	15	4	4.7	1	0
Bt5	20	18	7	1.8	1	0
Bt6	15	11	16	0.7	1	0
Bt7	20	14	13	7.3	1	0
Bt8	17	13	18	2.5	1	0
Bt9	24	12	16	1.75	1	0
Bt10	24	15	14	3.42	1	0
Bt11	28	19	10	2.85	1	0
Bt12	28	22	9	3.01	1	0
Bt13	40	19	10	3.82	1	0
Bt14	23	19	18	2.5	1	0
Bt15	20	20	20	21.36	1	0
Bt16	25	19	17	5.29	1	0
Bt17	22	15	26	3.816	1	0
Bt18	29	25	13	1.77	1	0
Bt19	40	20	13	2.6	1	0
Bt20	27	23	24	2.94	1	0
Bt21	39	27	16	7.63	1	0
Bt22	57	15	20	3.44	1	0

DEMANDS PER CUSTOMER
i	Type Quantity
1	Bt8 1	
2	Bt4 1	
3	Bt4 1	
4	Bt4 1	
5	Bt4 1	
6	Bt18 1	Bt6 1	Bt4 1	
7	Bt7 1	
8	Bt20 1	Bt5 1	Bt12 1	Bt10 1	Bt4 2	
9	Bt6 1	
10	Bt6 1	Bt19 1	
11	Bt4 1	
12	Bt6 1	Bt19 1	Bt3 1	
13	Bt6 1	Bt7 1	Bt4 1	
14	Bt6 1	Bt5 1	
15	Bt22 1	
16	Bt9 2	
17	Bt9 1	
18	Bt8 1	
19	Bt6 1	
20	Bt4 1	
21	Bt4 1	
22	Bt6 1	
23	Bt17 1	Bt4 1	Bt8 1	Bt9 1	Bt16 1	
24	Bt4 1	
25	Bt4 1	
26	Bt4 1	Bt5 1	
27	Bt12 1	
28	Bt6 1	Bt3 1	Bt7 1	
29	Bt4 1	
30	Bt6 1	
31	Bt8 1	
32	Bt22 1	
33	Bt6 1	
34	Bt4 1	
35	Bt13 1	
36	Bt9 1	
37	Bt4 2	
38	Bt6 1	
39	Bt16 1	Bt6 1	
40	Bt4 1	
41	Bt9 1	Bt10 1	
42	Bt2 1	Bt5 1	
43	Bt4 1	
44	Bt8 1	
45	Bt9 1	
46	Bt4 3	Bt9 1	Bt6 1	
47	Bt18 1	
48	Bt7 1	Bt4 1	
49	Bt4 1	Bt8 1	
50	Bt4 1	
51	Bt2 1	
52	Bt6 1	Bt4 1	
53	Bt6 1	
54	Bt2 1	Bt4 1	
55	Bt3 1	Bt8 1	Bt7 1	Bt14 1	Bt4 2	Bt9 1	Bt6 1	
56	Bt5 1	
57	Bt6 1	
58	Bt4 2	
59	Bt3 2	Bt7 1	Bt15 2	Bt6 2	Bt4 6	Bt9 1	Bt5 2	
60	Bt6 1	
61	Bt4 1	
62	Bt4 1	Bt2 1	
63	Bt6 1	
64	Bt4 1	
65	Bt4 1	
66	Bt4 1	
67	Bt4 1	
68	Bt3 1	Bt4 1	
69	Bt7 1	
70	Bt4 1	
71	Bt4 1	
72	Bt3 1	
73	Bt17 1	
74	Bt11 1	
75	Bt9 1	
76	Bt3 2	
77	Bt6 1	
78	Bt4 2	
79	Bt4 1	
80	Bt3 1	
81	Bt3 1	
82	Bt6 1	
83	Bt4 1	
84	Bt21 1	
85	Bt12 1	Bt4 1	
86	Bt3 1	
87	Bt4 1	
88	Bt4 1	
89	Bt4 1	
90	Bt5 1	Bt16 1	
91	Bt4 1	
92	Bt7 1	
93	Bt4 1	
94	Bt3 1	
95	Bt4 1	
96	Bt3 1	
97	Bt2 1	
98	Bt2 1	
99	Bt8 1	Bt2 1	Bt9 1	Bt4 4	Bt19 1	Bt1 1	
100	Bt4 1	

DISTANCE MATRIX
0.0 2317.8 2401.1 2501.5 2853.7 2540.8 2414.8 2396.2 2544.2 2476.3 2415.3 2438.7 2381.0 2574.1 2762.7 2490.8 2535.6 2347.5 2664.4 2677.7 2698.2 2400.9 2633.3 2543.1 2720.2 2422.8 2556.3 2383.3 2603.5 2650.0 2716.1 2374.4 2364.5 2631.6 2590.0 2440.5 2595.0 2626.2 2474.0 2395.2 2648.3 2684.1 2431.2 2693.7 2501.5 2342.3 2815.5 2727.6 2650.4 2625.3 2661.1 2421.2 2634.4 2653.1 2400.1 2558.7 2367.0 2550.1 2724.0 2748.9 2570.6 2680.8 2770.9 2424.8 2715.0 2451.8 2393.3 2441.1 2641.9 2663.5 2417.5 2801.2 2408.2 2404.5 2383.4 2457.2 2723.2 2432.3 2480.8 2417.1 2384.5 2467.2 2670.1 2674.6 2515.4 2686.7 2608.2 2412.6 2732.0 2748.2 2774.9 2433.8 2533.2 2360.1 2668.3 2664.6 2638.9 2768.6 2646.0 2485.0 2415.9
2225.1 0.0 159.2 157.0 585.3 267.6 238.7 78.3 240.9 175.4 200.6 156.1 107.4 282.9 477.4 146.3 357.0 73.9 551.1 392.4 412.9 186.2 380.1 258.7 420.5 113.1 287.9 168.6 346.2 580.3 447.7 56.5 90.9 489.7 321.6 122.6 525.3 531.3 114.2 77.3 578.6 398.8 113.3 425.3 257.6 68.7 530.2 459.2 537.1 519.6 556.4 103.3 460.0 467.4 126.5 290.3 320.2 334.0 491.6 456.9 317.3 370.5 395.3 210.1 449.0 237.1 75.4 226.4 497.6 509.5 267.0 559.9 193.5 136.1 93.8 139.3 437.9 217.6 204.7 146.0 260.2 252.5 600.4 406.2 156.7 374.4 487.5 144.2 553.7 524.9 559.3 115.9 229.9 42.2 399.9 396.2 569.2 393.0 377.6 265.7 147.5
2299.4 115.6 0.0 115.3 701.0 383.3 288.0 146.2 335.0 133.7 192.6 37.5 89.6 390.1 571.5 104.6 472.7 135.2 666.8 486.5 507.0 164.7 474.2 352.8 536.2 174.7 403.6 134.0 440.3 652.9 563.4 90.2 106.4 605.4 437.3 205.1 597.9 647.0 72.5 143.7 651.2 492.9 159.5 541.0 193.5 122.9 624.3 574.9 652.8 635.3 672.1 164.9 575.7 583.1 169.8 406.0 253.7 449.7 607.3 572.6 433.0 486.2 547.9 174.4 564.7 191.6 137.0 202.3 613.3 625.2 240.4 675.6 147.9 230.2 166.4 97.6 532.0 175.6 163.0 142.3 193.7 176.2 701.5 521.9 115.0 490.1 603.2 193.5 647.8 619.0 653.4 198.4 324.0 128.1 515.6 511.9 641.8 545.6 493.3 381.4 118.3
2415.3 168.3 136.8 0.0 753.7 436.0 313.1 198.9 409.3 76.6 149.6 105.5 146.3 451.3 645.8 11.0 525.4 196.8 719.5 560.8 581.3 122.9 548.5 427.1 588.9 251.7 456.3 204.7 514.6 718.9 616.1 193.6 168.0 658.1 490.0 261.2 663.9 699.7 56.5 215.9 735.4 567.2 261.8 593.7 116.8 197.6 698.6 627.6 705.5 688.0 724.8 241.9 628.4 635.8 231.4 458.7 151.8 502.4 660.0 625.3 485.7 538.9 563.7 180.8 617.4 134.5 214.0 145.2 666.0 677.9 138.5 728.3 218.6 304.5 232.4 40.5 606.3 132.6 105.9 234.4 91.8 119.1 754.2 574.6 57.9 542.8 655.9 264.2 722.1 693.3 727.7 254.5 398.3 180.8 568.3 564.6 707.8 561.4 546.0 434.1 189.0
2621.6 500.3 648.0 657.4 0.0 340.2 438.9 578.7 369.9 675.8 649.1 685.6 563.5 298.3 141.9 646.7 350.3 530.0 294.9 286.1 205.6 635.2 269.9 349.0 170.8 613.5 347.0 577.4 310.8 327.5 171.2 556.9 547.0 233.5 205.4 623.0 361.1 282.6 614.6 577.7 310.8 292.5 613.7 147.1 714.1 524.8 126.1 108.6 280.9 307.5 300.2 603.7 247.9 211.2 546.1 330.3 820.6 337.9 234.7 187.5 313.8 308.9 188.3 636.4 192.1 685.6 575.8 674.9 335.0 253.3 767.4 170.9 609.3 484.6 594.2 639.7 179.3 666.1 714.6 530.5 760.6 701.0 329.6 180.2 657.1 229.0 275.4 526.0 147.4 141.4 174.6 616.3 449.2 542.6 196.9 135.5 342.5 186.0 130.0 383.9 529.3
2462.8 341.5 428.0 481.9 409.2 0.0 254.4 419.9 79.4 473.9 412.9 465.6 401.5 41.8 269.8 471.2 205.5 371.2 349.8 152.1 172.6 398.5 102.8 164.5 244.4 454.7 137.4 357.4 108.3 351.2 271.6 398.1 388.2 317.0 145.5 464.2 296.2 311.6 439.1 418.9 349.5 158.5 454.9 249.2 499.1 366.0 289.9 283.1 335.8 298.5 344.1 444.9 319.8 291.3 326.1 114.2 622.5 190.1 315.5 280.8 126.3 197.5 194.0 422.4 272.9 449.4 417.0 438.7 200.4 348.9 608.6 383.8 389.3 235.1 435.4 464.2 197.6 429.9 478.4 310.5 562.5 464.8 371.3 230.1 481.6 219.7 293.6 366.1 335.3 354.3 319.0 457.5 163.1 383.8 223.8 220.1 340.1 191.7 201.5 155.8 309.3
2292.0 269.2 302.2 296.3 525.1 279.1 0.0 347.6 206.7 271.1 210.1 317.8 274.6 245.5 313.9 285.6 379.4 276.1 637.3 234.4 254.9 195.7 329.6 99.8 530.6 382.4 423.2 178.1 238.0 638.7 357.1 325.8 275.1 593.3 456.9 391.9 583.7 592.5 268.8 346.6 637.0 240.8 382.6 498.8 296.3 312.1 372.2 461.3 623.3 586.0 631.6 372.6 595.3 571.0 200.3 425.6 419.7 365.2 594.5 547.3 413.8 485.0 327.6 219.6 551.9 246.6 344.7 235.9 487.9 613.1 406.4 445.6 203.0 176.2 363.1 301.9 280.0 227.1 275.6 184.7 359.7 262.0 658.8 376.8 310.2 507.2 581.1 150.8 395.7 366.9 401.3 385.2 169.6 311.5 309.4 453.1 627.6 325.3 378.7 287.6 183.5
2265.8 90.1 249.4 247.2 626.0 308.3 222.8 0.0 281.6 284.3 223.3 246.3 153.3 323.6 518.1 236.5 397.7 119.8 591.8 433.1 453.6 208.9 420.8 299.4 461.2 203.3 328.6 191.3 386.9 670.5 488.4 146.7 136.8 530.4 362.3 212.8 615.5 572.0 204.4 167.5 607.7 439.5 203.5 466.0 309.5 114.6 570.9 499.9 577.8 560.3 597.1 193.5 500.7 508.1 172.4 331.0 410.4 374.7 532.3 497.6 358.0 411.2 436.0 232.8 489.7 259.8 165.6 249.1 538.3 550.2 357.2 600.6 216.2 176.8 184.0 229.5 478.6 240.3 288.8 189.4 350.4 275.2 626.5 446.9 246.9 415.1 528.2 184.9 594.4 565.6 600.0 206.1 270.6 132.4 440.6 436.9 659.4 433.7 418.3 306.4 188.2
2383.3 262.0 348.5 402.4 410.3 96.9 202.3 340.4 0.0 394.4 333.4 386.1 320.9 55.0 248.0 391.7 326.5 291.7 446.8 168.5 189.0 319.0 139.1 113.8 341.4 375.2 234.4 277.9 105.2 448.2 242.3 318.6 308.7 414.0 242.5 384.7 393.2 408.6 359.6 339.4 446.5 174.9 375.4 346.2 419.6 286.5 306.3 380.1 432.8 395.5 441.1 365.4 416.8 388.3 246.6 211.2 543.0 312.3 412.5 377.8 223.3 294.5 212.8 342.9 369.9 369.9 337.5 359.2 297.4 445.9 529.1 398.2 309.8 155.6 355.9 384.7 214.1 350.4 398.9 231.0 483.0 385.3 468.3 267.3 402.1 316.7 390.6 287.7 329.8 301.0 335.4 378.0 83.6 304.3 236.6 317.1 437.1 210.5 238.7 234.7 229.8
2396.1 169.2 137.7 79.1 754.6 436.9 268.3 199.8 410.2 0.0 58.8 106.4 147.2 452.2 587.8 68.4 526.3 197.7 720.4 502.8 523.3 108.3 549.4 368.2 589.8 252.6 457.2 205.6 515.5 719.8 617.0 193.4 168.9 659.0 490.9 262.1 664.8 700.6 57.4 216.8 736.3 509.2 262.7 594.6 81.1 198.5 640.6 628.5 706.4 688.9 725.7 242.8 629.3 636.7 232.3 459.6 183.2 503.3 660.9 626.2 486.6 539.8 596.0 166.2 618.3 135.2 214.9 124.5 666.9 678.8 169.9 729.2 219.5 305.4 233.3 30.7 548.3 41.8 86.7 235.3 123.2 99.9 755.1 575.5 38.7 543.7 656.8 265.1 664.1 635.3 669.7 255.4 399.2 181.7 569.2 565.5 708.7 593.7 546.9 435.0 189.9
2410.8 230.2 198.7 144.4 734.6 533.4 209.4 260.8 436.4 60.9 0.0 167.4 208.2 491.5 528.9 133.7 578.5 258.7 781.4 443.9 464.4 113.3 575.6 309.3 650.8 313.6 518.2 226.8 447.5 780.8 566.6 254.4 229.9 720.0 551.9 323.1 725.8 760.3 118.4 277.8 797.3 450.3 323.7 655.6 86.1 259.5 581.7 689.5 767.4 749.9 786.7 303.8 690.3 697.7 259.3 520.6 249.4 564.3 721.9 687.2 547.6 600.8 537.1 171.2 679.3 76.3 275.9 65.6 727.9 739.8 236.1 655.1 234.2 331.6 294.3 91.7 489.4 16.9 105.3 243.7 189.4 91.7 816.1 586.3 99.7 604.7 717.8 294.9 605.2 576.4 610.8 316.4 379.1 242.7 518.9 626.5 769.7 534.8 607.9 496.0 219.7
2340.8 157.0 41.3 92.1 742.4 424.7 329.4 187.6 376.4 110.5 169.4 0.0 131.0 431.5 612.9 81.4 514.1 176.6 708.2 527.9 548.4 134.0 515.6 394.2 577.6 216.1 445.0 175.4 481.7 694.3 604.8 131.6 147.8 646.8 478.7 246.5 639.3 688.4 62.2 185.1 692.6 534.3 200.9 582.4 168.7 164.3 665.7 616.3 694.2 676.7 713.5 206.3 617.1 624.5 211.2 447.4 230.5 491.1 648.7 614.0 474.4 527.6 589.3 215.8 606.1 168.4 178.4 179.1 654.7 666.6 217.2 717.0 189.3 271.6 207.8 74.4 573.4 152.4 139.8 183.7 170.5 153.0 742.9 563.3 91.8 531.5 644.6 234.9 689.2 660.4 694.8 239.8 365.4 169.5 557.0 553.3 683.2 587.0 534.7 422.8 159.7
2289.7 64.5 105.3 138.2 649.9 332.2 274.6 117.7 302.7 156.6 212.7 137.3 0.0 344.7 542.0 127.5 421.6 74.1 615.7 457.0 477.5 154.4 444.7 320.5 485.1 170.5 352.5 123.7 408.0 660.3 512.3 104.1 45.3 554.3 386.2 180.0 658.0 595.9 95.4 131.9 631.6 464.2 170.7 489.9 196.5 61.8 592.0 523.8 601.7 584.2 621.0 160.7 524.6 532.0 91.0 352.1 276.6 398.6 553.4 521.5 381.9 435.1 457.1 164.1 513.6 214.5 132.8 225.2 562.2 574.1 263.3 624.5 137.6 200.7 151.2 120.5 502.5 211.4 185.9 88.9 216.6 199.1 650.4 470.8 137.9 439.0 552.1 176.8 618.3 589.5 624.7 173.3 294.5 99.6 464.5 460.8 649.2 457.6 442.2 330.3 104.4
2420.9 299.6 386.1 440.0 371.5 41.8 212.5 378.0 37.5 432.0 371.0 423.7 358.5 0.0 209.2 429.3 257.2 329.3 391.7 129.7 150.2 356.6 84.0 122.6 286.3 412.8 179.3 315.5 66.4 393.1 253.7 356.2 346.3 358.9 187.4 422.3 338.1 353.5 397.2 377.0 391.4 136.1 413.0 291.1 457.2 324.1 267.5 325.0 377.7 340.4 386.0 403.0 320.3 333.2 284.2 156.1 580.6 232.0 357.4 322.7 168.2 239.4 174.0 380.5 314.8 407.5 375.1 396.8 242.3 390.8 566.7 359.4 347.4 193.2 393.5 422.3 175.3 388.0 436.5 268.6 520.6 422.9 413.2 212.2 439.7 261.6 335.5 324.2 317.4 351.6 296.6 415.6 121.2 341.9 181.5 262.0 382.0 171.7 183.6 197.7 267.4
2566.9 445.6 593.3 602.7 201.4 290.4 389.1 524.0 320.1 718.7 657.7 630.9 512.4 248.5 0.0 592.0 393.9 475.3 402.7 236.3 63.6 580.5 202.1 299.2 278.6 558.8 296.8 522.7 261.0 435.3 122.8 502.2 492.3 341.3 180.7 568.3 508.1 381.6 559.9 523.0 418.6 242.7 553.5 246.8 659.4 470.1 58.2 209.2 388.7 409.8 408.0 549.0 350.2 319.0 491.4 236.6 765.9 435.4 337.0 240.5 262.8 342.4 165.3 581.7 299.9 694.2 521.1 683.5 412.3 361.1 712.7 126.1 554.6 567.3 539.5 585.0 37.1 674.7 728.7 475.8 705.9 709.6 437.4 142.5 602.4 268.8 383.2 481.8 76.2 47.4 81.8 561.6 399.4 487.9 129.1 201.1 450.3 163.0 126.7 385.8 474.6
2404.2 157.2 125.7 10.6 742.6 424.9 302.0 187.8 398.2 65.5 138.5 94.4 135.2 440.2 634.7 0.0 514.3 185.7 708.4 549.7 570.2 111.8 537.4 416.0 577.8 240.6 445.2 193.6 503.5 707.8 605.0 204.3 156.9 647.0 478.9 250.1 652.8 688.6 45.4 204.8 724.3 556.1 250.7 582.6 105.7 186.5 687.5 616.5 694.4 676.9 713.7 230.8 617.3 624.7 220.3 447.6 162.5 491.3 648.9 614.2 474.6 527.8 552.6 169.7 606.3 123.4 202.9 134.1 654.9 666.8 149.2 717.2 207.5 293.4 221.3 29.4 595.2 121.5 94.8 223.3 102.5 108.0 743.1 563.5 46.8 531.7 644.8 253.1 711.0 682.2 716.6 243.4 387.2 169.7 557.2 553.5 696.7 550.3 534.9 423.0 177.9
2420.3 350.4 498.1 507.5 420.3 206.2 339.6 428.8 285.7 525.9 482.9 535.7 417.2 248.1 365.8 496.8 0.0 380.1 241.1 374.0 424.0 485.3 309.1 317.4 296.6 463.6 192.0 427.5 314.6 242.5 353.1 407.0 397.1 208.3 243.3 473.1 187.5 196.3 464.7 418.0 240.8 380.4 454.0 300.7 564.2 374.9 364.5 308.6 227.1 189.8 235.4 453.8 256.3 229.8 386.4 274.4 670.7 71.0 300.7 325.6 190.1 145.1 370.2 486.5 291.7 529.2 425.9 518.5 106.2 240.2 617.5 409.3 459.4 320.7 381.3 489.8 397.5 509.7 548.4 380.6 610.7 544.6 262.6 320.6 507.2 157.0 184.9 376.1 385.8 379.8 393.6 466.4 298.4 392.7 378.8 245.6 231.4 367.9 292.0 112.7 379.4
2324.0 98.8 117.5 171.4 684.2 366.5 276.4 152.0 323.4 193.5 216.4 155.1 33.4 381.8 559.9 160.7 455.9 0.0 650.0 474.9 495.4 141.5 462.6 341.2 519.4 204.8 386.8 110.8 428.7 694.6 546.6 138.4 79.6 588.6 420.5 214.3 692.3 630.2 128.6 211.4 665.9 481.3 227.2 524.2 183.6 96.1 612.7 558.1 636.0 618.5 655.3 195.0 558.9 566.3 92.8 389.2 309.8 432.9 590.5 555.8 416.2 469.4 494.2 151.2 547.9 247.7 167.1 261.5 596.5 608.4 296.5 658.8 124.7 218.6 185.5 153.7 520.4 199.4 219.1 94.0 249.8 232.3 684.7 505.1 171.1 473.3 586.4 181.9 636.2 607.4 641.8 207.6 312.4 133.9 498.8 495.1 683.5 491.9 476.5 364.6 109.5
2554.7 513.9 661.6 671.0 314.1 376.8 564.5 592.3 456.3 689.4 665.1 699.2 577.1 418.7 381.4 660.3 247.4 543.6 0.0 465.2 445.1 648.8 451.5 530.6 165.5 627.1 335.2 591.0 485.2 41.5 352.8 570.5 560.6 58.9 263.4 636.6 98.8 86.6 628.2 591.3 69.2 471.6 627.3 201.0 727.7 538.4 332.6 259.6 14.0 80.1 77.0 617.3 121.4 80.4 559.7 365.6 834.2 267.0 139.2 164.1 295.7 308.8 369.9 650.0 130.2 701.6 589.4 690.9 230.9 103.5 781.0 365.8 622.9 549.5 607.8 653.3 418.8 682.1 730.6 544.1 774.2 717.0 71.0 361.8 670.7 260.6 95.2 539.6 354.0 380.9 303.8 629.9 540.0 556.2 378.5 290.3 94.2 367.6 311.6 313.0 542.9
2514.1 392.8 540.5 549.9 286.4 237.6 336.3 471.2 267.3 568.3 544.0 578.1 456.0 195.7 84.9 539.2 397.6 422.5 439.6 0.0 20.4 527.7 149.3 246.4 315.5 506.0 249.5 469.9 208.2 510.3 142.0 449.4 439.5 378.2 222.4 515.5 455.3 470.7 507.1 470.2 508.6 6.3 506.2 326.1 606.6 417.3 137.7 246.2 425.6 420.4 444.9 496.2 360.8 355.9 438.6 183.8 713.1 382.6 379.4 320.0 210.0 289.6 112.5 528.9 336.8 580.5 468.3 569.8 359.5 398.0 659.9 211.1 501.8 382.0 486.7 532.2 45.4 561.0 609.5 423.0 653.1 595.9 530.4 161.7 549.6 276.5 388.3 418.5 161.2 132.4 166.8 508.8 346.6 435.1 76.3 238.0 499.2 110.2 198.9 333.0 421.8
2503.2 381.9 529.6 539.0 299.1 226.7 325.4 460.3 256.4 557.4 533.1 567.2 445.1 184.8 64.4 528.3 386.7 411.6 428.7 172.6 0.0 516.8 138.4 235.5 304.6 495.1 238.6 459.0 197.3 499.4 131.1 438.5 428.6 367.3 211.5 504.6 444.4 459.8 496.2 459.3 497.7 179.0 495.3 315.2 595.7 406.4 117.2 235.3 414.7 409.5 434.0 485.3 349.9 345.0 427.7 172.9 702.2 371.7 368.5 299.5 199.1 278.7 101.6 518.0 325.9 569.6 457.4 558.9 348.6 387.1 649.0 190.6 490.9 371.1 475.8 521.3 24.9 550.1 598.6 412.1 642.2 585.0 519.5 150.8 538.7 265.6 377.4 407.6 140.7 111.9 146.3 497.9 335.7 424.2 65.4 227.1 488.3 99.3 188.0 322.1 410.9
2470.4 184.8 153.3 118.2 724.6 421.4 204.5 215.4 324.4 110.9 99.4 122.0 162.8 379.5 560.9 107.5 496.3 213.3 690.4 475.9 496.4 0.0 463.6 342.2 559.8 268.2 427.2 133.3 429.7 772.7 587.0 209.0 184.5 629.0 460.9 277.7 717.7 670.6 73.0 232.4 706.3 482.3 278.3 564.6 101.0 190.0 613.7 598.5 676.4 658.9 695.7 258.4 599.3 606.7 147.3 429.6 264.7 473.3 630.9 596.2 456.6 509.8 532.2 71.2 588.3 135.9 230.5 125.2 621.9 648.8 251.4 687.1 140.2 219.6 248.9 96.2 521.4 116.4 164.9 131.7 204.7 151.3 725.1 545.5 113.6 513.7 626.8 182.9 637.2 608.4 642.8 271.0 313.4 197.3 539.2 535.5 761.6 529.9 516.9 405.0 107.7
2467.1 345.8 493.5 502.9 324.7 275.1 373.8 424.2 304.8 521.3 584.0 531.1 409.0 233.2 202.2 492.2 350.6 375.5 424.4 221.0 167.7 480.7 0.0 283.9 293.8 459.0 202.5 422.9 245.7 463.3 204.0 402.4 392.5 363.0 157.6 468.5 408.3 404.6 460.1 423.2 440.3 227.4 459.2 298.6 559.6 370.3 255.9 332.5 410.4 392.9 429.7 449.2 333.3 340.7 391.6 220.3 666.1 335.6 364.9 330.2 163.0 242.6 127.2 481.9 322.3 620.5 421.3 609.8 312.5 382.8 612.9 312.6 454.8 419.5 439.7 485.2 239.6 601.0 649.5 376.0 606.1 635.9 459.1 162.5 502.6 229.5 360.8 371.5 267.7 301.9 285.0 461.8 384.1 388.1 131.8 269.5 452.2 124.9 133.9 286.0 374.8
2351.1 288.4 361.3 386.2 425.2 187.5 89.8 366.8 136.7 361.0 300.0 398.9 333.7 145.6 304.3 375.5 334.9 335.2 537.4 201.4 221.9 285.6 229.7 0.0 430.7 401.6 325.0 268.0 138.1 538.8 257.2 345.0 334.2 493.4 332.8 411.1 483.8 499.2 358.7 365.8 537.1 207.8 401.8 398.9 386.2 312.9 339.2 361.4 523.4 486.1 531.7 391.8 507.4 471.1 259.4 301.8 509.6 320.7 494.6 447.4 313.9 385.1 227.7 309.5 452.0 336.5 363.9 325.8 388.0 513.2 496.3 413.1 292.9 266.1 382.3 391.8 246.9 317.0 365.5 243.8 449.6 351.9 558.9 276.9 400.1 400.0 481.2 209.9 369.8 383.6 368.3 404.4 125.1 330.7 209.5 353.2 527.7 225.4 278.8 243.1 242.6
2505.1 383.8 531.5 540.9 211.7 244.1 487.6 462.2 323.6 559.3 535.0 569.1 447.0 286.0 232.2 530.2 251.8 413.5 170.0 335.1 294.1 518.7 335.2 414.3 0.0 497.0 205.1 460.9 352.5 212.7 236.5 440.4 430.5 108.6 133.3 506.5 190.2 124.6 498.1 461.2 185.9 341.5 497.2 76.6 597.6 408.3 249.8 143.3 156.0 136.6 175.3 487.2 77.0 86.3 429.6 235.5 704.1 239.4 160.0 193.6 165.6 210.4 253.6 519.9 151.0 571.5 459.3 560.8 236.5 95.4 650.9 261.2 492.8 419.4 477.7 523.2 269.6 552.0 600.5 414.0 644.1 586.9 204.7 245.5 540.6 130.5 104.5 409.5 237.7 231.7 221.0 499.8 407.3 426.1 262.2 165.9 200.4 251.3 195.3 288.6 412.8
2355.9 123.4 186.9 230.7 708.8 436.4 322.5 99.6 364.4 249.1 323.0 229.8 190.5 406.4 600.9 220.0 431.2 197.4 560.0 515.9 536.4 272.6 503.6 382.2 544.0 0.0 411.4 291.0 469.7 545.6 571.2 84.2 178.7 527.2 445.1 113.3 490.6 521.8 187.9 68.0 543.9 522.3 104.0 548.8 307.3 167.7 653.7 582.7 546.0 520.9 556.7 9.8 530.0 548.7 242.1 413.8 347.9 445.7 619.6 580.4 440.8 494.0 518.8 332.5 572.5 307.0 37.7 317.7 537.5 559.1 294.7 683.4 281.3 259.6 59.1 213.0 561.4 291.0 278.4 261.6 287.9 291.6 565.7 529.7 230.4 497.9 503.8 267.7 677.2 648.4 682.8 106.6 353.4 165.5 523.4 519.7 534.5 516.5 501.1 389.2 271.0
2378.7 257.4 405.1 414.5 382.0 117.7 361.2 335.8 197.2 432.9 408.6 442.7 320.6 159.6 248.1 403.8 200.3 287.1 319.8 190.7 211.2 392.3 150.7 271.6 279.4 370.6 0.0 334.5 221.5 321.2 244.4 314.0 304.1 287.0 118.3 380.1 266.2 280.4 371.7 334.8 319.5 197.1 370.8 222.0 471.2 281.9 328.5 292.6 305.8 268.5 314.1 360.8 240.3 301.1 303.2 91.1 577.7 193.5 356.8 253.6 29.3 82.5 232.6 393.5 245.7 445.1 332.9 434.4 170.4 283.1 524.5 393.3 366.4 293.0 351.3 396.8 236.2 425.6 474.1 287.6 517.7 460.5 341.3 202.9 414.2 122.7 254.6 283.1 308.1 363.8 357.6 373.4 258.2 299.7 218.7 229.6 310.1 230.3 174.3 143.9 286.4
2352.1 170.1 157.5 211.0 650.3 347.1 203.1 222.3 250.1 185.8 124.8 195.1 134.1 305.2 486.6 200.3 422.0 158.0 616.1 401.6 422.1 110.4 389.3 267.9 485.5 275.1 352.9 0.0 355.4 698.4 512.7 197.9 150.9 554.7 386.6 312.8 643.4 596.3 183.5 251.4 632.0 408.0 267.2 490.3 201.1 167.4 539.4 524.2 602.1 584.6 621.4 265.3 525.0 532.4 82.2 355.3 334.4 399.0 556.6 521.9 382.3 435.5 463.0 58.9 514.0 161.3 237.4 150.6 547.6 574.5 321.1 612.8 45.1 145.3 255.8 193.7 447.1 141.8 190.3 66.6 274.4 176.7 650.8 471.2 224.9 439.4 552.5 108.6 562.9 534.1 568.5 306.1 239.1 204.2 464.9 461.2 687.3 460.7 442.6 330.7 65.4
2398.9 362.8 409.1 519.8 357.0 101.3 193.8 441.2 100.7 494.6 433.6 446.7 381.5 59.4 148.2 509.1 306.9 383.0 451.2 63.2 83.7 419.2 143.5 159.3 345.8 476.0 238.8 338.5 0.0 452.6 189.0 419.4 382.0 418.4 246.9 485.5 397.6 413.0 420.2 440.2 450.9 69.6 476.2 350.6 519.8 419.0 201.0 293.2 437.2 399.9 445.5 466.2 379.8 392.7 307.2 215.6 643.2 291.5 416.9 379.2 227.7 298.9 159.5 443.1 374.3 470.1 438.3 459.4 301.8 450.3 629.9 344.9 426.5 343.2 456.7 445.3 108.8 450.6 499.1 291.6 583.2 485.5 472.7 208.7 462.7 321.1 395.0 257.7 224.5 195.7 230.1 478.8 211.1 405.1 141.3 321.5 441.5 157.2 243.1 257.2 290.4
2549.2 545.1 692.8 702.2 345.3 387.1 574.8 623.5 466.6 720.6 696.3 730.4 608.3 429.0 412.6 691.5 257.7 574.8 31.1 496.4 476.3 680.0 482.7 561.8 196.7 658.3 371.5 622.2 495.5 0.0 384.0 601.7 591.8 90.1 294.6 667.8 57.2 118.6 659.4 622.5 27.6 502.8 658.5 232.2 758.9 569.6 363.8 290.8 45.1 92.7 40.4 648.5 146.0 111.6 590.9 396.8 865.4 277.3 170.4 195.3 326.9 333.4 401.1 681.2 161.4 732.8 620.6 722.1 241.2 134.7 812.2 397.0 654.1 546.1 495.3 684.5 450.0 713.3 761.8 575.3 805.4 748.2 29.4 393.0 701.9 296.9 119.8 570.8 385.2 412.1 335.0 661.1 550.3 587.4 409.7 321.5 52.6 398.8 342.8 323.3 574.1
2533.6 412.3 560.0 569.4 288.0 255.3 430.5 490.7 361.5 587.8 563.5 597.6 475.5 289.9 149.1 558.7 318.3 442.0 371.3 277.7 212.8 547.2 261.5 340.6 240.7 525.5 233.6 489.4 302.4 415.9 0.0 468.9 459.0 309.9 104.5 535.0 393.4 351.5 526.6 489.7 387.2 284.1 525.7 245.5 626.1 436.8 202.8 279.4 357.3 339.8 376.6 515.7 280.2 287.6 458.1 222.4 732.6 305.9 311.8 277.1 194.1 273.7 179.9 548.4 269.2 600.0 487.8 589.3 303.0 329.7 679.4 275.9 521.3 447.9 506.2 551.7 186.5 580.5 629.0 442.5 672.6 615.4 406.0 109.4 569.1 197.0 307.7 438.0 214.6 248.8 231.9 528.3 389.5 454.6 188.5 216.4 404.8 177.6 80.8 317.1 441.3
2281.3 57.0 102.6 164.3 642.4 324.7 295.8 105.6 298.0 182.7 241.6 140.2 124.1 340.0 534.5 153.6 414.1 131.0 608.2 449.5 470.0 206.2 437.2 315.8 477.6 84.4 345.0 201.0 403.3 562.6 504.8 0.0 112.3 546.8 378.7 93.9 507.6 538.8 121.5 48.6 560.9 455.9 84.6 482.4 240.9 101.3 587.3 516.3 594.2 576.7 573.7 74.6 517.1 524.5 175.7 347.4 263.6 391.1 548.7 514.0 374.4 427.6 452.4 241.4 506.1 240.6 46.7 251.3 554.7 566.6 210.4 617.0 214.9 193.2 76.1 146.6 495.0 224.6 212.0 195.2 203.6 225.2 582.7 463.3 164.0 431.5 544.6 201.3 610.8 582.0 616.4 87.2 287.0 54.7 457.0 453.3 551.5 450.1 434.7 322.8 204.6
2278.8 53.6 123.0 159.1 639.0 321.3 265.2 115.6 294.6 177.5 254.3 158.2 62.2 336.6 531.1 148.4 410.7 28.7 604.8 446.1 466.6 170.3 433.8 312.4 474.2 168.3 341.6 139.6 399.9 649.4 501.4 139.8 0.0 543.4 375.3 177.8 647.1 585.0 116.3 132.5 620.7 452.5 168.5 479.0 212.4 50.9 583.9 512.9 590.8 573.3 610.1 158.5 513.7 521.1 63.3 344.0 297.5 387.7 545.3 510.6 371.0 424.2 449.0 180.0 502.7 235.4 130.6 246.1 551.3 563.2 284.2 613.6 153.5 189.8 149.0 141.4 491.6 228.2 206.8 82.8 237.5 220.0 639.5 459.9 158.8 428.1 541.2 170.7 607.4 578.6 613.0 171.1 283.6 97.4 453.6 449.9 638.3 446.7 431.3 319.4 98.3
2576.2 454.9 602.6 612.0 245.5 315.2 558.7 533.3 394.7 630.4 606.1 640.2 518.1 357.1 289.5 601.3 237.0 484.6 61.3 406.2 351.4 589.8 392.5 471.6 106.5 568.1 276.2 532.0 423.6 93.9 293.8 511.5 501.6 0.0 204.4 577.6 123.3 55.2 569.2 532.3 77.2 412.6 568.3 142.0 668.7 479.4 312.9 200.6 47.3 69.7 66.6 558.3 126.0 21.4 500.7 306.6 775.2 256.6 110.8 144.4 236.7 281.5 310.9 591.0 101.8 642.6 530.4 631.9 307.6 44.5 722.0 346.1 563.9 490.5 548.8 594.3 326.9 623.1 671.6 485.1 715.2 658.0 96.0 302.8 611.7 201.6 84.8 480.6 295.0 289.0 284.1 570.9 478.4 497.2 319.5 231.3 115.1 308.6 252.6 359.7 483.9
2429.0 307.7 455.4 464.8 300.9 183.0 405.6 386.1 262.5 483.2 458.9 493.0 370.9 265.0 124.2 454.1 213.7 337.4 266.7 252.8 187.9 442.6 236.6 315.7 136.1 420.9 129.0 384.8 277.5 311.3 126.0 364.3 354.4 205.3 0.0 430.4 288.8 246.9 422.0 385.1 282.6 259.2 421.1 140.9 521.5 332.2 177.9 174.8 252.7 235.2 272.0 411.1 175.6 183.0 353.5 150.1 628.0 201.3 207.2 172.5 89.5 169.1 155.0 443.8 164.6 495.4 383.2 484.7 198.4 225.1 574.8 275.5 416.7 343.3 401.6 447.1 161.6 475.9 524.4 337.9 568.0 510.8 301.4 84.5 464.5 92.4 203.1 333.4 189.7 223.9 207.0 423.7 317.2 350.0 163.6 111.8 300.2 152.7 55.9 212.5 336.7
2303.8 187.0 232.6 287.1 772.4 466.8 347.3 124.4 428.0 305.5 347.8 270.2 234.0 470.0 664.5 276.4 461.6 261.0 590.4 579.5 600.0 333.4 567.2 445.8 607.6 68.2 475.0 315.8 533.3 576.0 634.8 129.9 232.7 557.6 508.7 0.0 521.0 552.2 244.3 109.3 574.3 585.9 98.5 612.4 363.7 231.3 717.3 646.3 576.4 551.3 587.1 78.0 560.4 579.1 296.1 477.4 393.6 476.1 650.0 644.0 504.4 606.8 582.4 357.3 641.0 363.4 105.9 373.6 567.9 589.5 340.4 747.0 340.7 323.2 89.5 269.4 625.0 347.4 334.8 315.6 333.6 348.0 596.1 593.3 286.8 612.7 534.2 334.8 740.8 712.0 746.4 174.9 417.0 190.3 587.0 583.3 564.9 580.1 564.7 411.0 308.1
2491.9 532.2 679.9 689.3 383.7 329.8 517.5 610.6 409.3 707.7 683.4 717.5 595.4 371.7 442.3 678.6 200.4 561.9 86.1 517.5 506.0 667.1 522.3 494.4 187.0 496.8 326.7 609.3 438.2 54.9 423.6 588.8 578.9 116.4 281.7 654.9 0.0 109.8 646.5 609.6 53.2 523.9 645.6 263.7 746.0 556.7 402.2 330.4 100.1 47.9 66.0 635.6 101.2 137.9 578.0 417.9 852.5 220.0 208.8 233.7 314.0 288.6 440.7 668.3 199.8 719.9 607.7 709.2 183.9 147.1 799.3 435.4 641.2 488.8 438.0 671.6 479.7 700.4 748.9 562.4 792.5 735.3 75.0 366.3 689.0 252.1 75.0 557.9 447.8 441.8 373.4 648.2 493.0 574.5 449.3 307.6 43.8 438.4 382.4 266.0 561.2
2597.2 475.9 623.6 633.0 321.8 336.2 586.3 554.3 422.3 651.4 633.7 661.2 542.7 384.7 327.7 622.3 291.3 505.6 87.3 469.0 384.1 610.8 425.2 504.3 122.9 589.1 284.8 553.0 451.2 119.7 326.5 532.5 522.6 54.5 225.4 598.6 116.2 0.0 590.2 553.3 92.2 482.0 595.9 174.7 689.7 500.4 340.3 233.3 73.3 62.6 81.6 579.3 75.9 54.1 528.3 376.0 796.2 249.5 139.9 171.8 257.7 240.1 354.3 612.0 130.9 663.6 551.4 652.9 272.8 33.1 743.0 373.5 584.9 511.5 569.8 615.3 359.4 644.1 699.2 506.1 736.2 679.0 111.0 335.5 632.7 209.6 70.2 501.6 327.7 321.7 304.4 591.9 499.4 518.2 352.2 259.1 75.7 341.3 285.3 288.4 504.9
2399.8 111.7 83.2 42.7 697.1 379.4 302.1 142.3 352.7 61.1 120.0 41.8 89.7 394.7 589.2 32.0 468.8 140.2 662.9 504.2 524.7 84.6 491.9 370.5 532.3 195.1 399.7 148.1 458.0 662.3 559.5 135.9 111.4 601.5 433.4 204.6 607.3 643.1 0.0 159.3 678.8 510.6 205.2 537.1 119.3 141.0 642.0 571.0 648.9 631.4 668.2 185.3 571.8 579.2 174.8 402.1 181.1 445.8 603.4 568.7 429.1 482.3 507.1 155.9 560.8 119.0 157.4 129.7 609.4 621.3 167.8 671.7 162.0 247.9 175.8 25.0 549.7 103.0 90.4 177.8 121.1 103.6 697.6 518.0 42.4 486.2 599.3 207.6 665.5 636.7 671.1 197.9 341.7 124.2 511.7 508.0 651.2 504.8 489.4 377.5 132.4
2287.1 77.6 141.1 184.9 663.0 345.3 316.4 126.2 318.6 203.3 262.2 184.0 144.7 360.6 555.1 174.2 425.9 151.6 628.8 470.1 490.6 226.8 457.8 336.4 498.2 78.0 365.6 221.6 423.9 583.2 525.4 38.4 132.9 567.4 399.3 61.3 528.2 552.8 142.1 0.0 581.5 476.5 35.9 503.0 261.5 121.9 607.9 536.9 614.8 597.3 594.3 68.2 537.7 545.1 196.3 368.0 302.1 411.7 569.3 534.6 395.0 448.2 473.0 262.0 526.7 261.2 40.3 271.9 575.3 587.2 248.9 637.6 235.5 213.8 96.7 167.2 515.7 245.2 232.6 215.8 242.1 245.8 603.3 483.9 184.6 444.8 565.2 221.9 631.4 602.6 637.0 54.6 307.6 75.3 477.6 473.9 572.1 470.7 455.3 343.4 225.2
2556.5 538.1 685.8 695.2 350.4 390.0 577.7 616.5 469.5 713.6 689.3 723.4 601.3 431.9 372.7 684.5 260.6 567.8 47.8 489.4 434.6 673.0 475.7 554.8 189.7 651.3 359.4 615.2 498.4 16.6 377.0 594.7 584.8 83.1 287.6 660.8 64.5 99.8 652.4 615.5 0.0 495.8 651.5 225.2 751.9 562.6 368.9 283.8 61.8 93.3 12.7 641.5 134.6 104.6 583.9 389.8 858.4 280.2 175.5 200.4 319.9 322.0 394.1 674.2 166.5 725.8 613.6 715.1 244.1 127.7 805.2 402.1 647.1 573.7 502.6 677.5 410.1 706.3 754.8 568.3 798.4 741.2 18.7 386.0 694.9 284.8 108.4 563.8 378.2 372.2 340.1 654.1 553.2 580.4 402.7 314.5 59.9 391.8 335.8 326.2 567.1
2507.7 386.4 534.1 543.5 280.0 231.2 329.9 464.8 260.9 561.9 537.6 571.7 449.6 189.3 73.0 532.8 390.4 416.1 433.2 177.1 14.0 521.3 142.9 240.0 309.1 499.6 243.1 463.5 201.8 503.9 135.6 443.0 433.1 371.8 216.0 509.1 448.9 464.3 500.7 463.8 502.2 0.0 499.8 319.7 600.2 410.9 131.3 239.8 419.2 414.0 438.5 489.8 354.4 349.5 432.2 177.4 706.7 376.2 373.0 313.6 203.6 283.2 106.1 522.5 330.4 574.1 461.9 563.4 353.1 391.6 653.5 204.7 495.4 375.6 480.3 525.8 39.1 554.6 603.1 416.6 646.7 589.5 524.0 155.3 543.2 270.1 381.9 412.1 154.8 126.0 160.4 502.4 340.2 428.7 69.9 231.6 492.8 103.8 192.5 326.6 415.4
2291.7 122.4 185.9 229.7 707.8 390.1 361.2 194.7 363.4 248.1 307.0 228.8 185.3 405.4 594.4 219.0 523.1 196.4 660.7 514.9 535.4 271.6 502.6 381.2 543.0 138.5 410.4 266.4 468.7 646.3 570.2 83.2 177.7 612.2 444.1 106.1 591.3 622.5 186.9 44.7 644.6 521.3 0.0 547.8 306.3 166.7 652.7 581.7 646.7 621.6 657.4 113.0 577.0 589.9 241.1 412.8 346.9 456.5 614.1 579.4 439.8 493.0 517.8 306.8 571.5 306.0 85.1 316.7 620.1 632.0 293.7 682.4 280.3 258.6 159.8 212.0 560.4 290.0 277.4 260.6 286.9 290.6 666.4 528.7 229.4 496.9 604.5 266.7 676.2 647.4 681.8 99.4 352.4 120.1 522.4 518.7 635.2 515.5 500.1 388.2 270.0
2536.5 415.2 562.9 572.3 166.5 283.4 459.0 493.6 390.0 590.7 566.4 600.5 478.4 318.4 223.9 561.6 283.3 444.9 216.2 306.2 287.6 550.1 290.0 369.1 83.2 528.4 280.0 492.3 330.9 248.8 191.3 471.8 461.9 154.8 125.6 537.9 273.5 203.9 529.5 492.6 232.1 312.6 528.6 0.0 629.0 439.7 204.6 69.6 202.2 219.9 221.5 518.6 160.3 132.5 461.0 250.5 735.5 270.9 165.5 137.6 197.0 241.9 208.4 551.3 122.9 602.9 490.7 592.2 268.0 174.6 682.3 252.9 524.2 450.8 509.1 554.6 261.3 583.4 631.9 445.4 675.5 618.3 250.9 200.3 572.0 162.0 187.8 440.9 229.4 223.4 175.8 531.2 417.6 457.5 217.0 89.2 263.8 206.1 150.1 316.9 444.2
2400.3 160.5 129.0 76.8 745.9 428.2 316.1 191.1 401.5 61.6 120.5 97.7 138.5 443.5 638.0 59.7 517.6 189.0 711.7 553.0 573.5 111.5 540.7 419.3 581.1 243.9 448.5 196.9 506.8 711.1 608.3 187.4 160.2 650.3 482.2 253.4 656.1 691.9 48.7 208.1 727.6 559.4 254.0 585.9 0.0 189.8 690.8 619.8 697.7 680.2 717.0 234.1 620.6 628.0 223.6 450.9 163.6 494.6 652.2 617.5 477.9 531.1 555.9 182.8 609.6 119.5 206.2 130.2 658.2 670.1 150.3 720.5 210.8 296.7 224.6 22.0 598.5 103.5 90.9 226.6 103.6 104.1 746.4 566.8 42.9 535.0 648.1 256.4 714.3 685.5 719.9 246.7 390.5 173.0 560.5 556.8 700.0 553.6 538.2 426.3 181.2
2278.8 53.6 149.6 201.4 639.0 321.3 292.4 161.1 294.6 225.6 254.3 187.2 65.5 336.6 531.1 190.7 410.7 32.0 604.8 446.1 466.6 173.6 433.8 312.4 474.2 168.3 341.6 142.9 399.9 649.4 501.4 111.7 49.0 543.4 375.3 177.8 647.1 585.0 158.6 132.5 620.7 452.5 168.5 479.0 215.7 0.0 583.9 512.9 590.8 573.3 610.1 158.5 513.7 521.1 84.6 344.0 339.8 387.7 545.3 510.6 371.0 424.2 449.0 183.3 502.7 290.8 130.6 280.1 551.3 563.2 326.5 613.6 156.8 189.8 149.0 183.7 491.6 231.5 249.1 104.1 279.8 262.3 639.5 459.9 201.1 428.1 541.2 197.9 607.4 578.6 613.0 171.1 283.6 97.4 453.6 449.9 638.3 446.7 431.3 319.4 119.6
2650.0 494.4 642.1 651.5 148.6 339.2 437.9 572.8 368.9 745.7 684.7 679.7 557.6 297.3 48.7 640.8 354.5 524.1 322.9 285.1 112.4 670.3 250.9 348.0 249.0 607.6 351.1 571.5 309.8 364.5 171.6 551.0 541.1 311.7 189.4 617.1 435.0 360.8 608.7 571.8 350.9 291.5 607.8 194.9 708.2 518.9 0.0 156.4 308.9 385.7 340.3 597.8 320.6 289.4 540.2 285.4 814.7 342.1 251.6 182.2 311.6 313.1 214.1 630.5 270.3 721.2 569.9 710.5 339.2 331.5 761.5 73.3 603.4 594.3 588.3 633.8 85.9 701.7 750.2 524.6 754.7 736.6 369.7 185.6 651.2 233.2 353.6 508.8 72.2 48.2 29.0 610.4 448.2 536.7 177.9 171.5 374.5 211.8 135.4 434.6 523.4
2572.1 450.8 598.5 607.9 154.2 332.6 431.3 529.2 362.3 626.3 641.5 636.1 514.0 290.7 197.9 597.2 300.8 480.5 276.2 278.5 261.6 585.7 262.3 341.4 143.2 564.0 297.5 527.9 303.2 308.8 163.6 507.4 497.5 214.8 161.1 573.5 333.5 263.9 565.1 528.2 292.1 284.9 564.2 59.9 664.6 475.3 182.1 0.0 262.2 279.9 281.5 554.2 220.3 192.5 496.6 286.0 771.1 288.4 225.5 197.6 264.3 259.4 180.7 586.9 182.9 678.0 526.3 667.3 285.5 234.6 717.9 226.9 559.8 477.0 544.7 590.2 235.3 658.5 707.0 481.0 711.1 693.4 310.9 172.6 607.6 179.5 247.8 476.5 203.4 197.4 163.5 566.8 441.6 493.1 189.3 86.0 323.8 178.4 122.4 334.4 479.8
2540.7 499.9 647.6 657.0 300.1 362.8 550.5 578.3 442.3 675.4 651.1 685.2 563.9 404.7 372.9 646.3 233.4 529.6 14.0 451.2 431.1 634.8 437.5 516.6 151.5 613.1 321.2 577.0 471.2 55.5 338.8 556.5 546.6 44.9 249.4 622.6 112.8 72.6 614.2 577.3 73.6 457.6 613.3 187.0 713.7 524.4 318.6 245.6 0.0 66.1 63.0 603.3 112.6 66.4 545.7 351.6 820.2 253.0 125.2 150.1 281.7 294.8 355.9 636.0 116.2 687.6 575.4 676.9 216.9 89.5 767.0 351.8 608.9 535.5 593.8 639.3 404.6 668.1 716.6 530.1 760.2 703.0 85.0 347.8 656.7 252.6 81.2 525.6 340.0 366.9 289.8 615.9 526.0 542.2 364.5 276.3 97.2 353.6 297.6 299.0 528.9
2504.5 484.2 631.9 641.3 335.7 326.6 514.3 562.6 406.1 659.7 635.4 669.5 547.4 368.5 394.3 630.6 197.2 513.9 107.2 469.5 458.0 619.1 474.3 491.2 139.0 597.4 278.7 561.3 435.0 76.0 375.6 540.8 530.9 68.4 233.7 606.9 53.5 56.4 598.5 561.6 74.3 475.9 597.6 215.7 698.0 508.7 354.2 282.4 87.2 0.0 87.1 587.6 58.4 89.9 530.0 369.9 804.5 216.8 160.8 185.7 266.0 240.6 392.7 620.3 151.8 671.9 559.7 661.2 266.7 100.3 751.3 387.4 593.2 519.8 578.1 623.6 431.5 652.4 700.9 514.4 744.5 687.3 96.1 318.3 641.0 210.1 27.0 509.9 399.8 393.8 325.4 600.2 489.8 526.5 401.3 259.6 64.9 390.4 334.4 262.8 513.2
2555.1 525.3 673.0 682.4 337.6 377.2 564.9 603.7 456.7 700.8 676.5 710.6 588.5 419.1 359.9 671.7 247.8 555.0 58.4 476.6 421.8 660.2 462.9 542.0 176.9 638.5 346.6 602.4 485.6 27.2 364.2 581.9 572.0 70.3 274.8 648.0 75.1 87.0 639.6 602.7 10.6 483.0 638.7 212.4 739.1 549.8 356.1 271.0 72.4 80.5 0.0 628.7 121.8 91.8 571.1 377.0 845.6 267.4 162.7 187.6 307.1 309.2 381.3 661.4 153.7 713.0 600.8 702.3 231.3 114.9 792.4 389.3 634.3 560.9 619.2 664.7 397.3 693.5 742.0 555.5 785.6 728.4 29.3 373.2 682.1 272.0 95.6 551.0 365.4 359.4 327.3 641.3 540.4 567.6 389.9 301.7 70.5 379.0 323.0 313.4 554.3
2338.8 113.6 177.1 220.9 699.0 381.3 352.4 109.4 354.6 239.3 298.2 220.0 180.7 396.6 591.1 210.2 441.0 187.6 569.8 506.1 526.6 262.8 493.8 372.4 534.2 9.8 401.6 257.6 459.9 555.4 561.4 74.4 168.9 537.0 435.3 103.5 500.4 531.6 178.1 58.2 553.7 512.5 94.2 539.0 297.5 157.9 643.9 572.9 555.8 530.7 566.5 0.0 539.8 558.5 232.3 404.0 338.1 455.5 605.3 570.6 431.0 484.2 509.0 298.0 562.7 297.2 27.8 307.9 547.3 568.9 284.9 673.6 271.5 249.8 68.9 203.2 551.6 281.2 268.6 251.8 278.1 281.8 575.5 519.9 220.6 488.1 513.6 257.9 667.4 638.6 673.0 96.8 343.6 111.3 513.6 509.9 544.3 506.7 491.3 379.4 261.2
2552.2 430.9 578.6 588.0 331.2 291.2 529.5 509.3 370.7 606.4 576.9 616.2 497.7 333.1 310.2 577.3 266.5 460.6 128.8 382.2 368.4 565.8 421.0 500.1 85.7 544.1 252.2 508.0 394.4 135.6 322.3 487.5 477.6 96.0 180.4 553.6 113.1 78.3 545.2 508.3 133.9 388.6 544.3 162.4 644.7 455.4 355.2 229.1 120.3 65.0 123.1 534.3 0.0 91.9 476.7 282.6 751.2 244.3 153.1 186.7 212.7 215.3 339.4 567.0 138.6 618.6 506.4 607.9 241.4 73.9 698.0 382.9 539.9 466.5 524.8 570.3 341.9 599.1 642.4 461.1 691.2 634.0 155.7 265.0 587.7 183.6 27.4 456.6 323.0 317.0 320.9 546.9 454.4 473.2 348.0 182.8 124.5 337.1 281.1 290.3 459.9
2554.7 433.4 581.1 590.5 224.0 293.7 537.2 511.8 373.2 608.9 584.6 618.7 496.6 335.6 268.0 579.8 301.4 463.1 83.6 384.7 329.9 568.3 371.0 450.1 85.0 546.6 254.7 510.5 402.1 116.2 272.3 490.0 480.1 22.2 182.9 556.1 145.6 71.3 547.7 510.8 99.5 391.1 546.8 120.5 647.2 457.9 291.4 179.1 69.6 92.0 88.9 536.8 106.4 0.0 479.2 285.1 753.7 289.0 89.3 122.9 215.2 260.0 289.4 569.5 80.3 621.1 508.9 610.4 286.1 37.7 700.5 324.6 542.4 469.0 527.3 572.8 305.4 601.6 650.1 463.6 693.7 636.5 118.3 281.3 590.2 180.1 105.9 459.1 273.5 267.5 262.6 549.4 456.9 475.7 298.0 209.8 131.2 287.1 231.1 338.2 462.4
2353.6 128.4 153.6 207.5 649.0 345.8 201.8 190.4 248.8 229.6 217.1 191.2 73.6 303.9 485.3 196.8 411.9 75.7 614.8 400.3 420.8 140.8 388.0 266.6 484.2 243.1 351.6 92.2 354.1 697.1 511.4 178.6 74.7 553.4 385.3 252.6 642.1 593.7 164.7 247.5 630.7 406.7 263.3 489.0 219.7 125.7 538.1 522.9 600.8 583.3 620.1 233.3 523.7 531.1 0.0 354.0 345.9 397.7 555.3 520.6 381.0 434.2 461.7 150.5 512.7 253.6 205.4 242.9 546.3 573.2 332.6 611.5 124.1 144.0 223.8 189.8 445.8 234.1 255.2 19.4 285.9 269.0 649.5 469.9 207.2 430.8 551.2 107.3 561.6 532.8 567.2 245.9 237.8 172.2 463.6 459.9 686.0 459.4 441.3 329.4 34.9
2369.8 248.5 396.2 405.6 416.0 32.8 254.3 326.9 112.3 424.0 397.6 433.8 312.5 74.7 282.1 394.9 236.4 278.2 356.6 220.6 241.1 383.4 180.6 197.4 251.2 361.7 144.2 325.6 141.2 358.0 278.4 305.1 295.2 323.8 152.3 371.2 303.0 318.4 362.8 325.9 356.3 227.0 361.9 256.0 462.3 273.0 330.3 289.9 342.6 305.3 350.9 351.9 285.2 298.1 294.3 0.0 568.8 222.2 322.3 287.6 133.1 204.3 226.0 384.6 279.7 434.1 324.0 423.4 207.2 355.7 515.6 390.6 357.5 225.6 342.4 387.9 266.1 414.6 463.1 278.7 508.8 449.5 378.1 236.9 405.3 226.5 300.4 274.2 342.1 361.1 359.4 364.5 167.0 290.8 230.6 226.9 346.9 223.7 208.3 144.6 277.5
2297.8 315.2 283.9 150.7 900.6 582.9 441.5 337.0 556.2 177.0 235.9 243.6 284.4 598.2 761.0 161.8 672.3 334.9 866.4 676.0 696.5 257.4 695.4 541.4 735.8 342.6 603.2 342.8 661.5 820.8 763.0 258.1 306.1 805.0 636.9 352.1 765.8 797.0 194.6 306.8 819.1 682.4 342.8 740.6 267.6 335.7 813.8 774.5 852.4 834.9 831.9 332.8 775.3 782.7 369.5 605.6 0.0 649.3 806.9 772.2 632.6 685.8 769.2 331.6 764.3 179.3 304.9 190.0 812.9 824.8 104.0 875.2 356.7 451.4 334.3 167.9 721.5 218.9 150.7 372.5 71.0 163.9 840.9 721.5 153.2 689.7 802.8 402.3 837.3 808.5 842.9 345.4 545.2 312.9 715.2 711.5 809.7 766.9 692.9 581.0 327.1
2397.0 327.1 474.8 484.2 405.1 187.3 326.1 405.5 266.8 502.6 469.4 512.4 390.3 229.2 345.1 473.5 50.7 356.8 257.2 359.0 379.5 462.0 290.2 303.9 276.0 440.3 192.1 404.2 295.7 258.6 337.9 383.7 373.8 224.4 228.1 449.8 203.6 219.0 441.4 404.5 256.9 365.4 440.5 285.5 540.9 351.6 349.3 293.4 243.2 205.9 251.5 430.5 227.2 245.9 372.9 283.3 647.4 0.0 316.8 341.7 181.0 129.9 355.0 463.2 307.8 505.9 402.6 495.2 107.8 256.3 594.2 394.1 436.1 297.4 358.0 466.5 382.5 486.4 534.9 357.3 587.4 521.3 278.7 305.4 483.9 135.8 201.0 352.8 370.6 364.6 378.4 443.1 275.1 369.4 363.6 230.4 247.5 352.7 276.8 89.4 356.1
2544.0 422.7 570.4 579.8 213.3 283.0 526.5 501.1 362.5 598.2 573.9 608.0 489.5 324.9 257.3 569.1 290.7 452.4 158.2 374.0 319.2 557.6 360.3 439.4 108.7 535.9 244.0 499.8 391.4 190.8 261.6 479.3 469.4 96.8 172.2 545.4 220.2 145.9 537.0 500.1 174.1 380.4 536.1 109.8 636.5 447.2 251.4 168.4 144.2 166.6 163.5 526.1 145.6 74.5 468.5 274.4 743.0 278.3 0.0 181.8 204.5 249.3 278.7 558.8 139.2 610.4 498.2 599.7 275.4 116.6 689.8 284.6 531.7 458.3 516.6 562.1 294.5 590.9 639.4 452.9 683.0 625.8 192.9 270.6 579.5 169.4 177.7 448.4 262.8 256.8 222.6 538.7 446.2 465.0 287.3 199.1 205.8 276.4 220.4 327.5 451.7
2528.9 407.6 555.3 564.7 149.9 267.9 507.5 486.0 347.4 583.1 558.8 592.9 474.4 309.8 217.2 554.0 275.6 437.3 140.6 354.7 280.9 542.5 338.5 417.6 93.6 520.8 228.9 484.7 376.3 182.2 239.8 464.2 454.3 127.8 157.1 530.3 214.7 176.9 521.9 485.0 168.6 361.1 521.0 112.7 621.4 432.1 168.4 146.6 126.6 161.1 158.0 511.0 155.4 105.5 453.4 259.3 727.9 263.2 91.3 0.0 189.4 234.2 256.9 543.7 48.7 595.3 483.1 584.6 260.3 147.6 674.7 201.6 516.6 443.2 501.5 547.0 254.6 575.8 624.3 437.8 667.9 610.7 187.4 248.8 564.4 160.3 182.9 433.3 240.7 216.7 139.6 523.6 431.1 449.9 265.5 184.6 236.8 254.6 198.6 312.4 436.6
2418.2 296.9 444.6 454.0 352.6 145.9 400.7 375.3 225.4 472.4 448.1 482.2 360.1 187.8 213.2 443.3 187.5 326.6 298.8 230.2 250.7 431.8 190.2 311.1 250.0 410.1 39.4 374.0 254.3 300.2 215.0 353.5 343.6 266.0 88.9 419.6 245.2 260.6 411.2 374.3 298.5 236.6 410.3 192.6 510.7 321.4 266.9 270.7 284.8 247.5 293.1 400.3 232.1 287.5 342.7 130.6 617.2 172.5 258.9 224.2 0.0 79.5 199.7 433.0 216.3 484.6 372.4 473.9 149.4 280.1 564.0 371.4 405.9 332.5 390.8 436.3 250.6 465.1 513.6 327.1 557.2 500.0 320.3 173.5 453.7 93.3 242.6 322.6 278.7 341.9 296.0 412.9 297.7 339.2 204.3 207.7 289.1 197.4 144.9 122.9 325.9
2519.3 398.0 545.7 555.1 361.2 258.3 501.8 476.4 337.8 573.5 549.2 583.3 461.2 300.2 301.2 544.4 233.2 427.7 352.8 361.7 364.9 532.9 321.7 442.6 228.8 511.2 170.9 475.1 366.7 359.6 294.0 454.6 444.7 314.4 184.2 520.7 313.7 280.7 512.3 475.4 357.9 368.1 511.4 238.8 611.8 422.5 305.4 249.5 338.8 283.5 347.1 501.4 223.9 292.1 443.8 262.1 718.3 220.8 357.1 265.2 131.4 0.0 311.1 534.1 257.3 585.7 473.5 575.0 217.9 283.4 665.1 350.2 507.0 433.6 491.9 537.4 338.6 566.2 614.7 428.2 658.3 601.1 379.7 261.5 554.8 72.1 251.4 423.7 326.7 320.7 334.5 514.0 429.2 440.3 319.7 186.5 348.5 308.8 232.9 254.4 427.0
2543.7 422.4 570.1 579.5 339.6 267.2 365.9 500.8 296.9 597.9 573.6 607.7 489.2 225.3 83.7 568.8 426.4 452.1 469.2 213.1 40.4 557.3 178.9 276.0 345.1 535.6 279.1 499.5 237.8 539.9 171.6 479.0 469.1 407.8 252.0 545.1 484.9 448.1 536.7 499.8 538.2 219.5 535.8 355.7 636.2 446.9 136.5 275.8 455.2 450.0 474.5 525.8 384.9 385.5 468.2 213.4 742.7 412.2 409.0 361.8 239.6 319.2 0.0 558.5 366.4 610.1 497.9 599.4 389.1 427.6 689.5 209.9 531.4 411.6 516.3 561.8 44.2 590.6 639.1 452.6 682.7 625.5 560.0 191.3 579.2 306.1 417.9 448.1 160.0 131.2 165.6 538.4 376.2 464.7 105.9 267.6 528.8 139.8 228.5 362.6 451.4
2482.1 199.9 187.3 178.9 701.0 411.8 175.8 252.1 314.8 171.6 111.1 186.6 163.9 369.9 495.3 168.2 486.7 209.5 680.8 410.3 430.8 64.5 454.0 275.7 550.2 304.9 417.6 97.6 420.1 763.1 577.4 227.7 180.7 619.4 451.3 342.6 708.1 661.0 137.6 281.2 696.7 416.7 297.0 555.0 161.7 197.2 548.1 588.9 666.8 649.3 686.1 295.1 589.7 597.1 137.7 420.0 320.7 463.7 621.3 586.6 447.0 500.2 503.5 0.0 578.7 147.6 267.2 136.9 612.3 639.2 307.4 621.5 104.5 210.0 285.6 160.8 455.8 128.1 176.6 122.1 260.7 163.0 715.5 535.9 178.2 504.1 617.2 173.3 571.6 542.8 577.2 335.9 303.8 234.0 529.6 525.9 752.0 501.2 507.3 395.4 98.1
2537.8 416.5 564.2 573.6 182.9 276.8 513.5 494.9 356.3 592.0 567.7 601.8 479.7 318.7 241.5 562.9 284.5 446.2 132.8 360.7 303.4 551.4 344.5 423.6 102.5 529.7 237.8 493.6 385.2 174.4 245.8 473.1 463.2 106.1 166.0 539.2 206.9 143.2 530.8 493.9 160.8 367.1 529.9 110.9 630.3 441.0 221.0 152.6 118.8 153.3 150.2 519.9 164.3 83.8 462.3 268.2 736.8 272.1 42.5 129.7 198.3 243.1 262.9 552.6 0.0 604.2 492.0 593.5 269.2 107.9 683.6 254.2 525.5 452.1 510.4 555.9 278.9 584.7 633.2 446.7 676.8 619.6 179.6 254.8 573.3 163.2 176.1 442.2 247.0 241.0 192.2 532.5 440.0 458.8 271.5 190.6 184.4 260.6 204.6 321.3 445.5
2401.9 219.1 187.6 142.1 775.4 486.8 250.2 249.7 460.1 87.3 146.2 156.3 197.1 502.1 569.7 118.3 576.2 247.6 770.3 484.7 505.2 170.1 599.3 350.1 639.7 302.5 507.1 255.5 488.3 769.7 607.4 243.3 218.8 708.9 540.8 312.0 714.7 750.5 107.3 266.7 786.2 491.1 312.6 644.5 168.5 248.4 622.5 678.4 756.3 738.8 775.6 292.7 679.2 686.6 282.2 509.5 173.0 553.2 710.8 676.1 536.5 589.7 577.9 241.4 668.2 0.0 264.8 10.6 716.8 728.7 159.7 695.9 269.4 355.3 283.2 80.6 530.2 129.2 28.9 285.2 113.0 15.4 805.0 625.4 63.5 593.6 706.7 315.0 646.0 617.2 651.6 305.3 449.1 231.6 559.7 615.4 758.6 575.6 596.8 484.9 239.8
2310.9 85.7 149.2 193.0 671.1 353.4 324.5 137.3 326.7 211.4 270.3 192.1 152.8 368.7 563.2 182.3 468.9 159.7 597.7 478.2 498.7 234.9 465.9 344.5 506.3 37.7 373.7 229.7 432.0 583.3 533.5 46.5 141.0 564.9 407.4 75.6 528.3 559.5 150.2 30.3 581.6 484.6 66.3 511.1 269.6 130.0 616.0 545.0 583.7 558.6 594.4 27.8 545.8 553.2 204.4 376.1 310.2 419.8 577.4 542.7 403.1 456.3 481.1 270.1 534.8 269.3 0.0 280.0 575.2 596.8 257.0 645.7 243.6 221.9 96.8 175.3 523.7 253.3 240.7 223.9 250.2 253.9 603.4 492.0 192.7 460.2 541.5 230.0 639.5 610.7 645.1 68.9 315.7 83.4 485.7 482.0 572.2 478.8 463.4 351.5 233.3
2396.3 229.8 198.3 152.8 764.7 497.5 239.5 260.4 470.8 98.0 156.9 167.0 207.8 512.8 559.0 129.0 586.9 258.3 781.0 474.0 494.5 180.8 610.0 339.4 650.4 313.2 517.8 167.2 477.6 780.4 596.7 254.0 229.5 719.6 551.5 322.7 725.4 761.2 118.0 277.4 796.9 480.4 323.3 655.2 179.2 259.1 611.8 689.1 767.0 749.5 786.3 303.4 689.9 697.3 292.9 520.2 183.7 563.9 721.5 686.8 547.2 600.4 567.2 252.1 678.9 10.6 275.5 0.0 727.5 739.4 170.4 685.2 280.1 366.0 293.9 91.3 519.5 139.9 39.6 295.9 123.7 26.0 815.7 636.1 74.2 604.3 717.4 325.7 635.3 606.5 640.9 316.0 409.2 242.3 549.0 626.1 769.3 564.9 607.5 495.6 250.5
2475.0 451.4 599.1 608.5 449.2 231.2 456.1 529.8 310.7 626.9 599.4 636.7 514.6 273.1 376.5 597.8 106.6 481.1 214.7 384.7 434.7 586.3 344.7 433.9 233.5 564.6 193.9 528.5 339.6 216.1 363.8 508.0 498.1 181.9 254.0 574.1 161.1 176.5 565.7 528.8 214.4 391.1 564.8 310.2 665.2 475.9 375.2 319.3 200.7 163.4 209.0 554.8 184.7 203.4 497.2 285.1 771.7 121.4 274.3 299.2 200.8 155.8 380.9 587.5 265.3 635.9 526.9 625.2 0.0 213.8 718.5 420.0 560.4 427.4 443.0 590.8 408.4 616.4 664.9 481.6 711.7 651.3 236.2 331.3 608.2 161.7 158.5 477.1 396.5 390.5 438.9 567.4 394.4 493.7 389.5 256.3 205.0 378.6 302.7 167.4 480.4
2582.1 460.8 608.5 617.9 296.1 321.1 564.6 539.2 400.6 636.3 612.0 646.1 524.0 363.0 309.2 607.2 298.3 490.5 109.5 412.1 371.1 595.7 412.2 491.3 107.8 574.0 282.1 537.9 429.5 157.0 313.5 517.4 507.5 48.1 210.3 583.5 153.5 46.6 575.1 538.2 125.4 418.5 574.2 161.7 674.6 485.3 314.6 220.3 95.5 99.9 114.8 564.2 87.5 43.4 506.6 312.5 781.1 285.9 112.5 146.1 242.6 256.9 330.6 596.9 103.5 648.5 536.3 637.8 283.0 0.0 727.9 347.8 569.8 496.4 554.7 600.2 346.6 629.0 677.5 491.0 721.1 663.9 144.2 322.5 617.6 207.5 87.0 486.5 314.7 308.7 285.8 576.8 484.3 503.1 339.2 251.0 113.0 328.3 272.3 365.6 489.8
2347.2 267.1 235.8 136.3 852.5 534.8 415.2 322.6 508.1 162.6 221.5 229.2 270.0 550.1 744.6 147.4 624.2 320.5 818.3 659.6 680.1 243.0 647.3 525.9 687.7 294.5 555.1 340.0 613.4 772.7 714.9 210.0 291.7 756.9 588.8 304.0 717.7 748.9 180.2 258.7 771.0 666.0 294.7 692.5 253.2 311.4 797.4 726.4 804.3 786.8 783.8 284.7 727.2 734.6 355.1 557.5 82.9 601.2 758.8 724.1 584.5 637.7 662.5 317.2 716.2 164.9 256.8 175.6 764.8 776.7 0.0 827.1 353.9 403.3 286.2 153.5 705.1 204.5 136.3 358.1 56.6 149.5 792.8 673.4 138.8 641.6 754.7 411.4 820.9 792.1 826.5 297.3 497.1 264.8 667.1 663.4 761.6 660.2 644.8 532.9 324.3
2663.1 541.8 689.5 698.9 111.0 418.1 516.8 620.2 447.8 810.9 749.9 727.1 605.0 376.2 144.4 688.2 407.3 571.5 310.4 364.0 208.1 735.5 346.6 426.9 209.8 655.0 446.8 618.9 388.7 343.0 249.1 598.4 588.5 249.0 261.9 664.5 372.4 298.1 656.1 619.2 326.3 370.4 655.2 178.0 755.6 566.3 95.6 155.9 296.4 318.8 315.7 645.2 286.9 226.7 587.6 381.1 862.1 394.9 235.6 188.4 407.3 365.9 309.8 677.9 193.0 786.4 617.3 775.7 392.0 268.8 808.9 0.0 650.8 562.5 635.7 681.2 181.8 766.9 815.4 572.0 802.1 801.8 345.1 258.1 698.6 286.0 314.4 574.0 167.9 143.9 66.8 657.8 527.1 584.1 273.6 238.8 358.0 307.5 207.9 530.3 570.8
2377.3 177.3 164.7 218.6 675.5 372.3 228.3 229.5 275.3 225.9 164.9 202.3 141.3 330.4 511.8 207.9 447.2 186.9 641.3 426.8 447.3 141.7 414.5 293.1 510.7 282.3 378.1 54.1 380.6 723.6 537.9 205.1 158.1 579.9 411.8 320.0 668.6 621.5 175.8 258.6 657.2 433.2 274.4 515.5 223.2 174.6 564.6 549.4 627.3 609.8 646.6 272.5 550.2 557.6 107.4 380.5 357.0 424.2 581.8 547.1 407.5 460.7 488.2 99.0 539.2 201.4 244.6 190.7 572.8 599.7 343.7 638.0 0.0 170.5 263.0 200.9 472.3 181.9 230.4 91.8 297.0 216.8 676.0 496.4 218.3 464.6 577.7 133.8 588.1 559.3 593.7 313.3 264.3 211.4 490.1 486.4 712.5 485.9 467.8 355.9 89.5
2319.0 197.7 241.1 332.1 544.3 226.6 187.5 276.1 143.5 306.9 245.9 278.7 214.6 241.9 380.0 321.4 316.0 215.0 510.1 295.0 315.5 231.5 282.7 161.3 379.5 310.9 246.9 213.9 248.8 554.7 406.7 254.3 214.0 448.7 280.6 320.4 552.4 490.3 304.6 275.1 526.0 301.4 311.1 384.3 332.1 222.2 432.8 418.2 496.1 478.6 515.4 301.1 419.0 426.4 139.2 249.3 455.5 293.0 450.6 415.9 276.3 329.5 354.3 255.4 408.0 282.4 273.2 271.7 456.6 468.5 442.2 518.9 238.8 0.0 291.6 277.3 340.5 262.9 311.4 123.6 395.5 297.8 544.8 365.2 346.0 333.4 446.5 70.4 456.3 427.5 461.9 313.7 132.5 240.0 358.9 355.2 543.6 352.0 336.6 224.7 122.4
2296.7 130.6 167.2 203.1 666.5 377.2 263.3 40.4 322.1 221.5 263.8 202.2 150.0 364.1 558.6 192.4 372.0 177.5 500.8 473.6 494.1 249.4 461.3 339.9 501.7 58.7 369.1 231.8 427.4 486.4 528.9 69.0 148.7 468.0 402.8 135.1 431.4 462.6 160.3 89.8 484.7 480.0 125.8 506.5 279.7 151.5 611.4 540.4 486.8 461.7 497.5 68.5 470.8 489.5 212.1 371.5 341.5 386.5 560.4 538.1 398.5 517.2 476.5 273.3 551.4 279.4 87.9 289.6 478.3 499.9 279.5 641.1 256.7 217.3 0.0 185.4 519.1 263.4 250.8 231.6 281.5 264.0 506.5 487.4 202.8 523.1 444.6 258.7 634.9 606.1 640.5 128.4 311.1 106.3 481.1 477.4 475.3 474.2 458.8 321.4 224.1
2374.7 138.4 106.9 48.3 723.8 406.1 294.0 169.0 379.4 36.0 94.9 75.6 116.4 421.4 615.9 37.6 495.5 166.9 689.6 530.9 551.4 89.4 518.6 397.2 559.0 221.8 426.4 174.8 484.7 689.0 586.2 162.6 138.1 628.2 460.1 231.3 634.0 669.8 26.6 186.0 705.5 537.3 231.9 563.8 104.9 167.7 668.7 597.7 675.6 658.1 694.9 212.0 598.5 605.9 201.5 428.8 156.0 472.5 630.1 595.4 455.8 509.0 533.8 160.7 587.5 93.9 184.1 104.6 636.1 648.0 142.7 698.4 188.7 274.6 202.5 0.0 576.4 77.9 65.3 204.5 96.0 78.5 724.3 544.7 17.3 512.9 626.0 234.3 692.2 663.4 697.8 224.6 368.4 150.9 538.4 534.7 677.9 531.5 516.1 404.2 159.1
2528.5 407.2 554.9 564.3 239.9 252.0 350.8 485.6 281.7 582.7 558.5 592.5 474.0 210.1 32.9 553.6 411.2 436.9 414.2 197.9 25.2 542.1 163.7 260.8 329.9 520.4 264.0 484.3 222.7 524.7 156.4 463.8 453.9 392.6 236.8 529.9 469.7 432.9 521.5 484.6 523.0 204.4 520.6 286.2 621.0 431.7 91.0 247.7 400.2 434.9 459.3 510.6 369.7 370.3 453.1 198.3 727.5 397.0 342.7 273.5 224.4 304.0 126.9 543.3 351.2 594.9 482.7 584.2 373.9 412.4 674.3 164.6 516.2 396.4 501.1 546.6 0.0 575.4 624.0 437.4 667.5 610.3 544.8 176.1 564.0 283.6 402.7 432.9 114.7 85.9 120.3 523.2 361.0 449.5 90.7 252.4 513.6 124.6 213.3 347.5 436.2
2427.8 213.2 181.7 127.4 751.6 516.4 226.4 243.8 419.4 43.9 16.9 150.4 191.2 474.5 545.9 116.7 570.3 241.7 764.4 460.9 481.4 96.3 558.6 326.3 633.8 296.6 501.2 209.8 464.5 763.8 583.6 237.4 212.9 703.0 534.9 306.1 708.8 744.6 101.4 260.8 780.3 467.3 306.7 638.6 69.1 242.5 598.7 672.5 750.4 732.9 769.7 286.8 673.3 680.7 242.3 503.6 232.8 547.3 704.9 670.2 530.6 583.8 554.1 154.2 662.3 93.3 258.9 82.6 710.9 722.8 219.5 672.1 217.2 314.6 277.3 74.7 506.4 0.0 122.3 226.7 172.8 108.7 799.1 619.5 82.7 587.7 700.8 277.9 622.2 593.4 627.8 299.4 408.4 225.7 535.9 609.5 752.7 551.8 590.9 479.0 202.7
2378.6 190.1 158.6 113.1 775.5 457.8 278.8 220.7 431.1 58.3 117.2 127.3 168.1 473.1 592.8 89.3 538.4 218.6 741.3 513.3 533.8 141.1 570.3 378.7 610.7 273.5 478.1 226.5 536.4 740.7 637.9 214.3 189.8 679.9 511.8 283.0 685.7 720.2 78.3 237.7 757.2 519.7 283.6 615.5 139.5 219.4 651.1 649.4 727.3 709.8 746.6 263.7 650.2 657.6 253.2 480.5 144.0 524.2 681.8 647.1 507.5 560.7 606.5 212.4 639.2 28.5 235.8 39.2 687.8 699.7 130.7 750.1 240.4 326.3 254.2 51.6 558.9 100.2 0.0 256.2 84.0 13.1 776.0 596.4 34.5 564.6 677.7 286.0 674.6 645.8 680.2 276.3 420.1 202.6 590.1 586.4 729.6 604.2 567.8 455.9 210.8
2331.3 144.0 134.1 188.0 629.5 326.3 182.3 198.9 229.3 210.1 197.6 171.7 90.9 284.4 465.8 177.3 401.2 91.3 595.3 380.8 401.3 121.3 368.5 247.1 464.7 251.7 332.1 72.7 334.6 677.6 491.9 174.5 90.3 533.9 365.8 289.4 622.6 575.5 145.2 228.0 611.2 387.2 243.8 469.5 200.2 141.3 518.6 503.4 581.3 563.8 600.6 241.9 504.2 511.6 15.5 334.5 326.4 378.2 535.8 501.1 361.5 414.7 442.2 131.0 493.2 234.1 214.0 223.4 526.8 553.7 313.1 592.0 104.6 124.5 232.4 170.3 426.3 214.6 235.7 0.0 266.4 249.5 630.0 450.4 187.7 418.6 531.7 87.8 542.1 513.3 547.7 282.7 218.3 180.8 444.1 440.4 666.5 439.9 421.8 309.9 15.4
2324.2 235.3 203.8 79.6 820.7 503.0 358.5 265.9 476.3 105.9 164.8 172.5 213.3 518.3 678.0 90.7 592.4 263.8 786.5 593.0 613.5 186.3 615.5 458.4 655.9 292.7 523.3 271.7 581.6 770.9 683.1 208.2 235.0 725.1 557.0 302.2 715.9 766.7 123.5 256.9 769.2 599.4 292.9 660.7 196.5 264.6 730.8 694.6 772.5 755.0 791.8 282.9 695.4 702.8 298.4 525.7 59.9 569.4 727.0 692.3 552.7 605.9 686.2 260.5 684.4 108.2 255.0 118.9 733.0 744.9 46.6 795.3 285.6 371.5 284.4 96.8 638.5 147.8 79.6 301.4 0.0 92.8 791.0 641.6 82.1 609.8 722.9 331.2 754.3 725.5 759.9 295.5 465.3 247.8 635.3 631.6 759.8 683.9 613.0 501.1 256.0
2386.5 203.7 172.2 126.7 789.1 471.4 265.6 234.3 444.7 71.9 130.8 140.9 181.7 486.7 585.1 102.9 560.8 232.2 754.9 500.1 520.6 154.7 583.9 365.5 624.3 287.1 491.7 240.1 503.7 754.3 651.5 227.9 203.4 693.5 525.4 296.6 699.3 735.1 91.9 251.3 770.8 506.5 297.2 629.1 153.1 233.0 637.9 663.0 740.9 723.4 760.2 277.3 663.8 671.2 266.8 494.1 157.6 537.8 695.4 660.7 521.1 574.3 593.3 226.0 652.8 15.4 249.4 26.0 701.4 713.3 144.3 711.3 254.0 339.9 267.8 65.2 545.6 113.8 13.5 269.8 97.6 0.0 789.6 610.0 48.1 578.2 691.3 299.6 661.4 632.6 667.0 289.9 433.7 216.2 603.7 600.0 743.2 591.0 581.4 469.5 224.4
2560.6 559.2 706.9 716.3 369.0 398.5 586.2 637.6 478.0 734.7 710.4 744.5 622.4 440.4 436.3 705.6 269.1 588.9 71.9 510.5 500.0 694.1 496.8 575.9 210.8 672.4 382.9 636.3 506.9 40.7 398.1 615.8 605.9 104.2 308.7 681.9 68.6 130.0 673.5 636.6 21.0 516.9 672.6 246.3 773.0 583.7 387.5 304.9 85.9 104.1 33.8 662.6 157.4 125.7 605.0 410.9 879.5 288.7 211.3 219.0 341.0 344.8 415.2 695.3 202.3 746.9 634.7 736.2 252.6 148.8 826.3 420.7 668.2 557.5 506.7 698.6 473.7 727.4 775.9 589.4 819.5 762.3 0.0 407.1 716.0 308.3 131.2 584.9 399.3 435.8 358.7 675.2 561.7 601.5 423.8 335.6 64.0 412.9 356.9 334.7 588.2
2514.8 393.5 541.2 550.6 240.5 284.3 383.0 471.9 314.0 569.0 544.7 578.8 456.7 242.4 101.6 539.9 299.5 423.2 352.5 230.2 165.3 528.4 214.0 293.1 221.9 506.7 214.8 470.6 254.9 397.1 41.4 450.1 440.2 291.1 85.7 516.2 374.6 332.7 507.8 470.9 368.4 236.6 506.9 226.7 607.3 418.0 155.3 260.6 338.5 321.0 357.8 496.9 261.4 268.8 439.3 228.6 713.8 287.1 293.0 258.3 175.3 254.9 132.4 529.6 250.4 581.2 469.0 570.5 284.2 310.9 660.6 228.4 502.5 428.7 487.4 532.9 139.0 561.7 610.2 423.7 653.8 596.6 387.2 0.0 550.3 178.2 288.9 419.2 167.1 201.3 184.4 509.5 393.3 435.8 141.0 197.6 386.0 130.1 33.3 298.3 422.5
2357.3 155.5 124.0 65.4 740.9 423.2 292.1 186.1 396.5 23.7 82.6 92.7 133.5 438.5 633.0 54.7 512.6 184.0 706.7 548.0 568.5 106.5 535.7 414.3 576.1 238.9 443.5 191.9 501.8 706.1 603.3 179.7 155.2 645.3 477.2 248.4 651.1 686.9 43.7 203.1 722.6 554.4 249.0 580.9 104.9 184.8 685.8 614.8 692.7 675.2 712.0 229.1 615.6 623.0 218.6 445.9 144.4 489.6 647.2 612.5 472.9 526.1 550.9 177.8 604.6 76.5 201.2 87.2 653.2 665.1 131.1 715.5 205.8 291.7 219.6 17.0 593.5 65.6 47.9 221.6 84.4 61.1 741.4 561.8 0.0 530.0 643.1 251.4 709.3 680.5 714.9 241.7 385.5 168.0 555.5 551.8 695.0 548.6 533.2 421.3 176.2
2467.5 346.2 493.9 503.3 289.0 206.5 449.1 424.6 285.1 521.7 496.5 531.5 413.0 248.4 234.5 492.6 170.8 375.9 280.6 315.0 292.7 481.1 275.0 395.9 156.6 459.4 124.2 423.3 314.9 287.4 221.8 402.8 392.9 242.2 112.0 468.9 241.5 215.6 460.5 422.7 285.7 321.4 458.7 166.6 560.0 370.7 240.5 177.3 273.9 218.6 274.9 449.6 146.2 219.9 392.0 209.4 666.5 148.6 284.9 200.3 84.7 109.9 238.9 482.3 185.1 533.9 421.7 523.2 145.7 211.2 613.3 278.0 455.2 381.8 440.1 485.6 266.2 514.4 562.9 376.4 606.5 549.3 307.5 189.3 503.0 0.0 179.2 371.9 254.5 248.5 269.6 462.2 369.7 388.5 247.5 114.3 276.3 236.6 160.7 201.7 375.2
2578.4 457.1 604.8 614.2 335.8 317.4 560.9 535.5 396.9 632.6 608.3 642.4 520.3 359.3 367.2 603.5 254.9 486.8 101.3 442.4 430.9 592.0 447.2 523.3 111.9 570.3 251.6 534.2 425.8 108.1 348.5 513.7 503.8 68.5 206.6 579.8 85.6 63.1 571.4 534.5 106.4 448.8 570.5 188.6 670.9 481.6 354.3 255.3 87.3 32.0 95.6 560.5 26.1 90.0 502.9 342.8 777.4 242.5 160.9 185.8 238.9 213.5 365.6 593.2 151.9 644.8 532.6 634.1 239.6 92.1 724.2 387.5 566.1 492.7 551.0 596.5 404.6 625.3 673.8 487.3 717.4 660.2 128.2 291.2 613.9 177.0 0.0 482.8 372.7 366.7 325.5 573.1 480.6 499.4 374.2 232.5 97.0 363.3 307.3 288.5 486.1
2386.5 314.0 301.4 262.0 619.6 373.6 94.4 366.2 235.9 236.8 175.8 283.5 278.0 291.0 413.9 251.3 478.0 301.9 672.1 328.9 349.4 161.4 375.1 194.3 541.5 419.0 408.9 143.8 332.5 684.2 451.6 341.8 294.8 610.7 442.6 456.7 629.2 644.6 234.5 395.3 682.5 335.3 411.1 546.3 262.0 311.3 466.7 555.8 658.1 640.6 677.1 409.2 581.0 588.4 226.1 411.3 385.4 455.0 612.6 577.9 438.3 491.5 422.1 185.3 570.0 212.3 381.3 201.6 533.4 630.5 372.1 540.1 168.7 161.9 399.7 267.6 374.4 192.8 241.3 210.5 325.4 227.7 704.3 471.3 275.9 495.4 608.5 0.0 490.2 461.4 495.8 450.0 264.1 348.1 403.9 517.2 673.1 419.8 473.2 382.1 209.3
2650.5 589.1 660.7 771.4 225.4 429.0 527.7 667.5 458.7 746.2 685.2 698.3 634.2 387.1 147.9 760.7 439.1 634.6 383.7 494.5 211.6 670.8 350.1 437.8 259.6 702.3 435.8 590.1 444.0 416.3 260.0 645.7 633.6 322.3 294.2 711.8 449.9 371.4 671.8 666.5 399.6 500.9 702.5 235.9 771.4 613.6 99.1 197.4 369.7 396.3 389.0 692.5 336.7 300.0 558.8 419.1 894.8 426.7 323.5 241.2 402.6 397.7 313.3 694.7 280.9 721.7 664.6 711.0 423.8 342.1 881.5 114.3 678.1 594.8 683.0 696.9 185.3 702.2 750.7 543.2 834.8 737.1 418.4 269.0 714.3 317.8 364.2 509.3 0.0 165.9 88.0 705.1 538.0 631.4 277.1 224.3 431.3 311.0 218.8 472.7 542.0
2570.2 448.9 596.6 606.0 195.2 297.3 396.0 527.3 327.0 667.2 606.2 634.2 512.1 255.4 154.1 595.3 306.2 478.6 324.8 243.2 217.8 591.8 227.0 306.1 200.7 562.1 302.9 526.0 267.9 357.4 128.3 505.5 495.6 263.4 141.1 571.6 386.7 312.5 563.2 526.3 340.7 249.6 562.3 168.9 662.7 473.4 138.3 131.4 310.8 337.4 330.1 552.3 277.8 241.1 494.7 284.0 769.2 293.8 264.6 217.4 269.7 264.8 145.4 585.0 222.0 642.7 524.4 632.0 290.9 283.2 716.0 183.1 557.9 441.7 542.8 588.3 191.5 623.2 671.7 479.1 709.2 658.1 359.5 137.3 605.7 184.9 305.3 516.1 159.6 0.0 204.5 564.9 406.3 491.2 154.0 123.2 372.4 143.1 87.1 339.8 477.9
2664.7 523.2 670.9 680.3 119.5 368.0 466.7 601.6 397.7 760.4 699.4 708.5 586.4 326.1 83.0 669.6 386.7 552.9 293.8 313.9 141.2 685.0 279.7 376.8 207.2 636.4 379.9 600.3 338.6 363.9 200.4 579.8 569.9 269.9 241.8 645.9 397.5 310.2 637.5 600.6 347.2 320.3 636.6 183.5 785.6 547.7 28.7 145.0 279.8 343.9 336.6 626.6 284.3 247.6 569.0 314.2 843.5 374.3 222.5 153.1 340.4 345.3 242.9 708.9 228.5 735.9 598.7 725.2 371.4 289.7 790.3 61.9 632.2 609.0 617.1 662.6 114.9 716.4 764.9 553.4 783.5 751.3 366.0 214.4 680.0 265.4 311.8 523.5 101.0 77.0 0.0 639.2 477.0 565.5 206.7 171.9 378.9 240.6 164.2 463.4 552.2
2311.5 194.7 240.3 294.8 780.1 474.5 355.0 132.1 435.7 313.2 355.5 277.9 241.7 477.7 672.2 284.1 469.3 268.7 598.1 587.2 607.7 341.1 574.9 453.5 615.3 75.9 482.7 323.5 541.0 583.7 642.5 137.6 240.4 565.3 516.4 6.6 528.7 559.9 252.0 117.0 582.0 593.6 106.2 620.1 371.4 239.0 725.0 654.0 584.1 559.0 594.8 85.7 568.1 586.8 303.8 485.1 401.3 483.8 657.7 651.7 512.1 614.5 590.1 365.0 648.7 371.1 113.6 381.3 575.6 597.2 348.1 754.7 348.4 330.9 97.2 277.1 632.7 355.1 342.5 323.3 341.3 355.7 603.8 601.0 294.5 620.4 541.9 342.5 748.5 719.7 754.1 0.0 424.7 198.0 594.7 591.0 572.6 587.8 572.4 418.7 315.8
2379.5 258.2 344.7 398.6 521.1 149.2 198.5 336.6 156.1 390.6 329.6 382.3 318.2 182.5 366.7 387.9 258.3 287.9 497.4 281.7 302.2 315.2 241.7 176.3 391.8 371.4 283.1 274.1 249.0 498.8 353.1 314.8 304.9 464.6 292.9 380.9 443.8 459.2 355.8 335.6 497.1 288.1 371.6 396.6 415.8 282.7 419.5 430.5 483.4 446.1 491.7 361.6 467.4 438.7 242.8 261.6 539.2 235.3 462.9 428.2 272.0 343.2 323.6 339.1 420.3 366.1 333.7 355.4 348.0 496.5 525.3 509.0 306.0 151.8 352.1 380.9 327.2 346.6 395.1 227.2 479.2 381.5 518.9 369.9 398.3 365.1 441.2 283.9 443.0 414.2 448.6 374.2 0.0 300.5 339.2 367.5 487.7 321.3 341.3 157.7 226.0
2328.3 152.6 189.2 225.1 688.5 370.8 285.3 62.4 344.1 243.5 285.8 224.2 172.0 386.1 580.6 214.4 460.2 199.5 680.8 495.6 516.1 271.4 483.3 361.9 523.7 199.2 391.1 253.8 449.4 666.4 550.9 142.6 170.7 592.9 424.8 208.7 611.4 642.6 182.3 163.4 664.7 502.0 199.4 528.5 301.7 205.2 633.4 562.4 666.8 641.7 677.5 189.4 563.2 570.6 234.1 393.5 363.5 437.2 594.8 560.1 420.5 473.7 498.5 295.3 552.2 301.4 161.5 311.6 600.8 612.7 350.2 663.1 278.7 239.3 179.9 207.4 541.1 285.4 272.8 253.6 303.5 286.0 686.5 509.4 224.8 477.6 624.6 247.4 656.9 628.1 662.5 202.0 333.1 0.0 503.1 499.4 655.3 496.2 480.8 368.9 246.1
2437.7 316.4 464.1 473.5 313.3 140.3 362.4 394.8 293.4 491.9 467.6 501.7 379.6 221.8 190.8 462.8 321.2 346.1 375.5 209.6 156.3 451.3 72.9 272.5 244.9 429.6 173.1 393.5 234.3 433.9 192.6 373.0 363.1 314.1 146.0 439.1 378.9 394.3 430.7 393.8 432.2 216.0 429.8 249.7 530.2 340.9 244.5 283.6 361.5 344.0 380.8 419.8 284.4 291.8 362.2 107.4 636.7 306.2 316.0 281.3 133.6 213.2 115.8 452.5 273.4 504.1 391.9 493.4 283.1 333.9 583.5 301.2 425.4 352.0 410.3 455.8 228.2 484.6 533.1 346.6 576.7 519.5 454.0 151.1 473.2 200.1 311.9 342.1 256.3 290.5 273.6 432.4 274.5 358.7 0.0 220.6 422.8 113.5 122.5 256.6 345.4
2511.8 390.5 538.2 547.6 189.7 240.6 420.6 468.9 351.6 566.0 541.7 575.8 453.7 280.0 134.6 536.9 240.5 420.2 297.8 267.8 198.3 525.4 251.6 330.7 164.8 503.7 237.2 467.6 292.5 330.4 152.9 447.1 437.2 236.4 82.8 513.2 321.0 285.5 504.8 467.9 313.7 274.2 503.9 81.5 604.3 415.0 118.8 80.8 283.8 294.3 303.1 493.9 241.9 214.1 436.3 207.7 710.8 228.1 247.1 217.3 204.0 199.1 170.0 526.6 204.5 578.2 466.0 567.5 225.2 256.2 657.6 163.6 499.5 426.1 484.4 529.9 172.0 558.7 607.2 420.7 650.8 593.6 332.5 160.1 547.3 119.2 262.2 416.2 140.1 134.1 147.9 506.5 374.8 432.8 178.6 0.0 345.4 167.7 111.7 274.1 419.5
2549.4 541.9 689.6 699.0 356.6 374.1 561.8 620.3 453.6 717.4 693.1 727.2 605.1 416.0 392.3 688.3 244.7 571.6 75.1 535.0 454.2 676.8 495.3 574.4 188.9 655.1 344.2 619.0 482.5 43.9 396.6 598.5 588.6 89.3 291.4 664.6 57.4 65.9 656.2 619.3 42.2 541.4 655.3 244.8 755.7 566.4 375.1 303.4 89.1 77.4 55.0 645.3 118.7 124.2 587.7 435.4 862.2 264.3 181.7 206.6 323.7 306.1 413.7 678.0 172.7 729.6 617.4 718.9 228.2 103.2 809.0 408.3 650.9 577.5 495.5 681.3 429.7 710.1 758.6 572.1 802.2 745.0 64.0 405.6 698.7 269.6 92.5 567.6 397.8 391.8 346.3 657.9 537.3 584.2 422.3 325.1 0.0 411.4 355.4 310.3 570.9
2544.8 423.5 571.2 580.6 340.7 268.3 367.0 501.9 298.0 599.0 574.7 608.8 486.7 226.4 84.8 569.9 428.3 453.2 470.3 214.2 41.5 558.4 180.0 277.1 346.2 536.7 280.2 500.6 238.9 541.0 172.7 480.1 470.2 408.9 253.1 546.2 486.0 501.4 537.8 500.9 539.3 220.6 536.9 356.8 637.3 448.0 137.6 276.9 456.3 451.1 475.6 526.9 391.5 386.6 469.3 214.5 743.8 413.3 410.1 362.9 240.7 320.3 1.0 559.6 367.5 611.2 499.0 600.5 390.2 428.7 690.6 211.0 532.5 412.7 517.4 562.9 45.3 591.7 640.2 453.7 683.8 626.6 561.1 192.4 580.3 307.2 419.0 449.2 161.1 132.3 166.7 539.5 377.3 465.8 107.0 268.7 529.9 0.0 229.6 363.7 452.5
2483.0 361.7 509.4 518.8 207.1 250.9 349.6 440.1 280.6 537.2 512.9 547.0 424.9 209.0 68.2 508.1 267.7 391.4 320.7 196.8 131.9 496.6 180.6 259.7 190.1 474.9 183.0 438.8 221.5 365.3 81.9 418.3 408.4 259.3 53.9 484.4 342.8 300.9 476.0 439.1 336.6 203.2 475.1 194.9 575.5 386.2 121.9 228.8 306.7 289.2 326.0 465.1 229.6 237.0 407.5 196.8 682.0 255.3 261.2 226.5 143.5 223.1 99.0 497.8 218.6 549.4 437.2 538.7 252.4 279.1 628.8 195.0 470.7 395.3 455.6 501.1 105.6 529.9 578.4 391.9 622.0 564.8 355.4 50.1 518.5 146.4 257.1 387.4 133.7 167.9 151.0 477.7 359.9 404.0 107.6 165.8 354.2 96.7 0.0 266.5 390.7
2307.5 260.3 408.0 417.4 466.9 164.6 261.6 338.7 244.1 435.8 411.5 445.6 323.5 206.5 333.0 406.7 106.4 290.0 312.6 316.1 336.6 395.2 267.5 239.4 364.3 373.5 125.3 337.4 273.0 314.0 329.3 316.9 307.0 279.8 203.2 383.0 259.0 274.4 374.6 337.7 312.3 322.5 373.7 306.9 474.1 284.8 381.2 385.0 298.6 261.3 306.9 363.7 282.6 301.3 306.1 216.5 580.6 92.2 372.2 338.5 114.2 185.4 300.5 396.4 363.2 448.0 335.8 437.3 163.2 311.7 527.4 485.7 369.3 232.9 275.5 399.7 361.6 428.5 477.0 290.5 520.6 463.4 334.1 287.8 417.1 200.3 256.4 286.0 393.0 456.2 410.3 376.3 210.6 302.6 305.1 322.0 302.9 298.2 259.2 0.0 289.3
2318.6 131.2 118.6 172.5 616.8 313.6 169.6 183.4 216.6 194.6 184.9 156.2 95.2 271.7 453.1 161.8 388.5 115.3 582.6 368.1 388.6 105.8 355.8 234.4 452.0 236.2 319.4 60.0 321.9 664.9 479.2 159.0 112.0 521.2 353.1 273.9 609.9 562.8 129.7 212.5 598.5 374.5 228.3 456.8 184.7 128.5 505.9 490.7 568.6 551.1 587.9 226.4 491.5 498.9 39.5 321.8 310.9 365.5 523.1 488.4 348.8 402.0 429.5 119.0 480.5 221.4 198.5 210.7 514.1 541.0 297.6 579.3 91.9 111.8 216.9 154.8 413.6 201.9 220.2 23.9 250.9 236.8 617.3 437.7 172.2 405.9 519.0 75.1 529.4 500.6 535.0 267.2 205.6 165.3 431.4 427.7 653.8 427.2 409.1 297.2 0.0
