Name		1250_BED-Amazon_n98_m205_bt40
Number_of_Customers	98
Number_of_Items		205
Number_of_ItemTypes	40
Number_of_Vehicles	1
TimeWindows		0
Dist_type	manual

VEHICLE
Mass_Capacity	1814
CargoSpace_Length	133
CargoSpace_Width	71
CargoSpace_Height	83

CUSTOMERS
i	x	y	Demand	ReadyTime	DueDate	ServiceTime	DemandedMass	DemandedVolume
0	33.918699	-118.324843	0	0	0	0	0	0
1	33.771228	-118.183706	2	0	0	0	8.0	6280
2	33.780598	-118.178575	1	0	0	0	1.8	2520
3	33.780756	-118.178761	1	0	0	0	4.7	1380
4	33.779855	-118.176339	1	0	0	0	0.7	2640
5	33.780112	-118.182856	2	0	0	0	16.7	6400
6	33.767514	-118.174465	3	0	0	0	10.85	10768
7	33.768534	-118.177394	1	0	0	0	0.7	2640
8	33.765578	-118.176656	3	0	0	0	8.0	14420
9	33.765747	-118.178725	3	0	0	0	23.21	16344
10	33.776215	-118.172617	2	0	0	0	9.5	7580
11	33.774404	-118.174727	1	0	0	0	4.7	1380
12	33.768988	-118.176128	2	0	0	0	9.45	4720
13	33.772149	-118.179649	4	0	0	0	15.08	14506
14	33.769377	-118.179159	1	0	0	0	4.7	1380
15	33.772576	-118.179655	2	0	0	0	4.56	13956
16	33.768769	-118.174319	3	0	0	0	9.1	14300
17	33.769289	-118.184502	1	0	0	0	9.4	2760
18	33.765773	-118.178206	1	0	0	0	0.7	2640
19	33.772472	-118.183686	1	0	0	0	1.9	1176
20	33.775351	-118.172698	1	0	0	0	1.75	4608
21	33.780584	-118.17696	1	0	0	0	3.42	23780
22	33.773624	-118.186372	4	0	0	0	14.45	13824
23	33.76605	-118.180265	3	0	0	0	11.89	10631
24	33.771657	-118.185819	2	0	0	0	6.88	11080
25	33.772288	-118.180596	2	0	0	0	4.5	13680
26	33.766663	-118.176292	4	0	0	0	9.9	15596
27	33.774322	-118.186368	1	0	0	0	1.59	3400
28	33.773608	-118.187678	1	0	0	0	4.7	1380
29	33.781672	-118.179952	1	0	0	0	1.9	1176
30	33.778288	-118.184839	2	0	0	0	6.6	2556
31	33.769225	-118.180359	2	0	0	0	5.54	25304
32	33.778389	-118.178052	1	0	0	0	4.7	1380
33	33.765886	-118.179074	1	0	0	0	0.7	2640
34	33.768888	-118.175235	1	0	0	0	2.94	14904
35	33.765204	-118.177905	1	0	0	0	2.5	3978
36	33.775351	-118.186693	1	0	0	0	9.4	2760
37	33.766953	-118.178562	2	0	0	0	5.4	4020
38	33.775959	-118.174986	1	0	0	0	0.7	2640
39	33.767669	-118.175609	3	0	0	0	11.25	12188
40	33.769418	-118.179465	2	0	0	0	7.23	12196
41	33.770104	-118.181781	2	0	0	0	3.65	5784
42	33.773225	-118.186369	2	0	0	0	6.51	13485
43	33.76685	-118.177733	2	0	0	0	5.4	4020
44	33.769232	-118.178058	1	0	0	0	4.7	1380
45	33.77708	-118.179176	1	0	0	0	4.7	1380
46	33.771718	-118.187792	4	0	0	0	16.77	17488
47	33.772045	-118.182396	1	0	0	0	3.8	2352
48	33.775782	-118.175501	3	0	0	0	11.85	10008
49	33.771716	-118.188804	5	0	0	0	14.34	34535
50	33.781999	-118.182872	1	0	0	0	9.4	2760
51	33.772192	-118.177971	1	0	0	0	1.75	4608
52	33.765197	-118.176073	1	0	0	0	3.82	8580
53	33.77172	-118.177401	2	0	0	0	9.5	7580
54	33.769825	-118.184081	2	0	0	0	7.2	5358
55	33.774149	-118.182995	2	0	0	0	12.0	5020
56	33.772915	-118.186651	1	0	0	0	1.95	15708
57	33.772996	-118.179886	1	0	0	0	2.91	13520
58	33.773765	-118.177972	1	0	0	0	3.01	5544
59	33.766627	-118.180206	2	0	0	0	6.45	5988
60	33.775341	-118.177551	2	0	0	0	10.1	5400
61	33.77998	-118.183935	2	0	0	0	19.9	29160
62	33.776002	-118.177927	1	0	0	0	0.7	2640
63	33.77777	-118.183114	1	0	0	0	4.7	1380
64	33.771719	-118.187814	1	0	0	0	2.5	3978
65	33.777077	-118.187654	1	0	0	0	7.3	3640
66	33.771713	-118.184255	2	0	0	0	7.64	16284
67	33.777601	-118.182392	1	0	0	0	4.7	1380
68	33.767924	-118.177547	1	0	0	0	4.7	1380
69	33.777458	-118.182389	3	0	0	0	6.86	17528
70	33.773526	-118.176339	1	0	0	0	18.8	5520
71	33.769192	-118.177762	2	0	0	0	6.78	14295
72	33.778646	-118.182385	1	0	0	0	4.7	1380
73	33.778585	-118.179173	2	0	0	0	9.99	9455
74	33.778136	-118.187657	1	0	0	0	1.9	1176
75	33.777972	-118.189268	4	0	0	0	15.69	35448
76	33.776711	-118.183045	1	0	0	0	9.4	2760
77	33.776273	-118.173035	1	0	0	0	7.3	3640
78	33.777759	-118.187145	1	0	0	0	9.4	2760
79	33.772697	-118.176918	2	0	0	0	24.05	24000
80	33.780389	-118.181225	1	0	0	0	4.7	1380
81	33.768132	-118.179208	1	0	0	0	2.5	3978
82	33.766095	-118.180568	2	0	0	0	5.2	13420
83	33.769278	-118.182716	1	0	0	0	4.8	6200
84	33.777435	-118.177448	2	0	0	0	5.4	4020
85	33.768419	-118.176502	2	0	0	0	2.45	7248
86	33.765053	-118.17518	6	0	0	0	23.98	35031
87	33.76674	-118.176845	1	0	0	0	1.75	4608
88	33.774332	-118.179843	2	0	0	0	5.57	12208
89	33.771711	-118.183965	1	0	0	0	1.75	4608
90	33.78152	-118.180692	2	0	0	0	9.99	9455
91	33.778969	-118.184075	2	0	0	0	6.6	2556
92	33.774141	-118.186183	7	0	0	0	34.16	104764
93	33.776067	-118.187667	2	0	0	0	6.45	5988
94	33.766016	-118.175465	2	0	0	0	11.48	9000
95	33.765225	-118.178815	1	0	0	0	6.34	28768
96	33.765685	-118.177546	2	0	0	0	6.6	2556
97	33.774345	-118.187019	1	0	0	0	1.5	9280
98	33.769121	-118.177212	1	0	0	0	4.7	1380

ITEMS
Type	Length	Width	Height	Mass	Fragility	LoadBearingStrength
Bt1	18	12	5	2.15	1	0
Bt2	21	14	4	1.9	1	0
Bt3	23	15	4	4.7	1	0
Bt4	20	18	7	1.8	1	0
Bt5	15	11	16	0.7	1	0
Bt6	34	10	10	1.59	1	0
Bt7	20	14	13	7.3	1	0
Bt8	17	13	18	2.5	1	0
Bt9	29	15	10	4.66	1	0
Bt10	24	12	16	1.75	1	0
Bt11	28	22	9	3.01	1	0
Bt12	31	20	10	4.8	1	0
Bt13	30	16	13	2.08	1	0
Bt14	31	17	12	2.09	1	0
Bt15	26	20	14	2.21	1	0
Bt16	26	24	12	2.3	1	0
Bt17	40	19	10	3.82	1	0
Bt18	25	19	17	5.29	1	0
Bt19	37	20	11	3.8	1	0
Bt20	29	19	15	2.52	1	0
Bt21	22	15	26	3.816	1	0
Bt22	28	18	18	2.75	1	0
Bt23	29	21	15	1.85	1	0
Bt24	29	20	16	1.5	1	0
Bt25	41	19	12	2.81	1	0
Bt26	39	15	17	2.12	1	0
Bt27	50	20	10	4.73	1	0
Bt28	40	20	13	2.6	1	0
Bt29	26	16	26	2.53	1	0
Bt30	26	20	26	2.91	1	0
Bt31	27	23	24	2.94	1	0
Bt32	44	17	21	1.95	1	0
Bt33	57	15	20	3.44	1	0
Bt34	40	30	15	4.876	1	0
Bt35	33	20	28	5.25	1	0
Bt36	41	20	29	3.42	1	0
Bt37	58	40	11	12.6	1	0
Bt38	38	37	20	7.568	1	0
Bt39	31	29	32	6.338	1	0
Bt40	59	40	18	5.982	1	0

DEMANDS PER CUSTOMER
i	Type Quantity
1	Bt5 1	Bt7 1	
2	Bt4 1	
3	Bt3 1	
4	Bt5 1	
5	Bt3 2	Bt7 1	
6	Bt4 1	Bt10 1	Bt7 1	
7	Bt5 1	
8	Bt28 1	Bt5 1	Bt3 1	
9	Bt5 2	Bt3 4	Bt11 1	
10	Bt12 1	Bt3 1	
11	Bt3 1	
12	Bt1 1	Bt7 1	
13	Bt2 1	Bt3 1	Bt9 1	Bt17 1	
14	Bt3 1	
15	Bt25 1	Bt10 1	
16	Bt3 1	Bt28 1	Bt4 1	
17	Bt3 2	
18	Bt5 1	
19	Bt2 1	
20	Bt10 1	
21	Bt36 1	
22	Bt3 2	Bt5 2	Bt10 1	Bt2 1	
23	Bt2 1	Bt18 1	Bt3 1	
24	Bt27 1	Bt1 1	
25	Bt10 1	Bt22 1	
26	Bt3 1	Bt5 1	Bt28 1	Bt2 1	
27	Bt6 1	
28	Bt3 1	
29	Bt2 1	
30	Bt3 1	Bt2 1	
31	Bt31 1	Bt28 1	
32	Bt3 1	
33	Bt5 1	
34	Bt31 1	
35	Bt8 1	
36	Bt3 2	
37	Bt5 1	Bt3 1	
38	Bt5 1	
39	Bt10 1	Bt12 1	Bt3 1	
40	Bt29 1	Bt3 1	
41	Bt2 1	Bt10 1	
42	Bt9 1	Bt23 1	
43	Bt3 1	Bt5 1	
44	Bt3 1	
45	Bt3 1	
46	Bt10 1	Bt17 1	Bt4 1	Bt3 2	
47	Bt2 2	
48	Bt3 2	Bt10 1	Bt5 1	
49	Bt5 1	Bt33 1	Bt11 1	Bt2 1	Bt18 1	
50	Bt3 2	
51	Bt10 1	
52	Bt21 1	
53	Bt3 1	Bt12 1	
54	Bt3 1	Bt8 1	
55	Bt3 1	Bt7 1	
56	Bt32 1	
57	Bt30 1	
58	Bt11 1	
59	Bt10 1	Bt3 1	
60	Bt3 2	Bt5 1	
61	Bt7 1	Bt37 1	
62	Bt5 1	
63	Bt3 1	
64	Bt8 1	
65	Bt7 1	
66	Bt3 1	Bt31 1	
67	Bt3 1	
68	Bt3 1	
69	Bt22 1	Bt15 1	Bt2 1	
70	Bt3 4	
71	Bt26 1	Bt9 1	
72	Bt3 1	
73	Bt3 1	Bt18 1	
74	Bt2 1	
75	Bt16 1	Bt3 1	Bt34 1	Bt21 1	
76	Bt3 2	
77	Bt7 1	
78	Bt3 2	
79	Bt3 4	Bt35 1	
80	Bt3 1	
81	Bt8 1	
82	Bt19 1	Bt5 2	
83	Bt12 1	
84	Bt3 1	Bt5 1	
85	Bt10 1	Bt5 1	
86	Bt5 3	Bt20 1	Bt10 2	Bt4 1	Bt3 2	Bt9 1	
87	Bt10 1	
88	Bt10 1	Bt17 1	
89	Bt10 1	
90	Bt18 1	Bt3 1	
91	Bt3 1	Bt2 1	
92	Bt28 1	Bt14 1	Bt17 1	Bt40 1	Bt38 1	Bt12 1	Bt7 1	
93	Bt3 1	Bt10 1	
94	Bt3 2	Bt13 1	
95	Bt39 1	
96	Bt3 1	Bt2 1	
97	Bt24 1	
98	Bt3 1	

DISTANCE MATRIX
0.0 1974.4 1950.9 1957.6 2014.5 1915.7 2145.6 2007.3 1970.4 1953.4 2142.6 2082.0 2076.4 2043.2 2021.8 2031.9 2108.4 1925.5 1950.0 1936.8 2085.4 2042.9 1856.1 1925.6 1934.3 2026.0 2029.5 1861.0 1835.4 1943.2 1919.5 2016.4 2042.7 1940.7 2091.4 1981.9 1979.3 1989.1 2161.9 2064.3 2016.6 1970.5 1866.3 2003.7 2041.7 2030.1 1890.8 1963.0 2144.8 1862.5 1877.8 2040.0 1996.7 2066.4 1977.8 1899.2 1883.6 2013.7 1999.5 1982.4 2016.3 1901.9 2067.0 1949.2 1901.5 1922.3 1975.4 1997.0 2046.6 1999.7 2081.6 2047.0 1973.5 1986.4 1898.8 1871.4 2001.0 2158.5 1945.4 2083.4 1963.2 2025.0 1920.8 1959.0 2091.4 2017.5 2006.9 2020.2 2001.8 1970.5 1915.1 1929.9 1844.9 1885.3 2060.4 1976.6 1958.8 1856.5 2056.7
2041.8 0.0 232.3 254.7 333.5 296.0 307.6 169.3 294.6 277.6 325.3 227.1 231.2 113.0 173.8 122.9 225.5 185.4 265.0 41.3 280.6 290.3 173.5 288.5 74.5 121.9 231.7 178.0 176.3 347.2 203.8 228.6 243.3 265.0 246.4 306.2 192.8 257.4 288.4 231.0 168.5 73.5 162.3 272.0 196.7 188.6 132.0 65.9 290.9 132.4 315.7 135.2 321.0 117.2 61.9 112.4 137.1 142.8 172.1 223.4 219.3 263.1 238.7 200.9 112.7 268.7 42.1 222.6 208.6 213.1 209.6 202.0 249.8 204.6 290.1 252.6 274.9 317.4 288.7 170.0 356.0 222.3 244.4 100.4 256.3 181.1 331.2 288.5 153.3 37.0 324.8 240.6 179.9 266.1 237.9 300.9 257.6 206.5 211.7
2002.3 241.4 0.0 22.3 75.5 132.2 417.5 279.2 387.8 370.8 224.8 191.0 321.5 198.8 266.9 187.5 342.8 344.9 367.4 219.3 194.4 57.9 277.0 343.0 242.3 181.6 356.6 233.9 299.4 71.6 189.2 269.1 74.0 358.1 336.5 399.3 185.6 332.0 222.9 336.2 261.7 190.8 265.8 346.6 286.8 79.1 285.1 192.9 205.8 299.3 171.8 213.6 414.1 228.1 272.1 156.3 260.2 169.3 173.1 357.8 125.3 141.9 130.6 146.7 280.5 240.1 209.7 140.5 318.5 143.2 228.5 292.1 117.0 35.4 212.1 280.3 177.1 219.5 222.4 249.2 159.6 296.9 338.2 326.3 147.4 289.4 424.3 347.3 140.3 204.8 104.8 118.4 303.0 217.9 361.4 394.0 367.5 255.1 301.8
2022.6 257.4 15.9 0.0 77.8 148.2 433.5 295.2 403.8 386.8 227.1 207.0 365.7 214.8 282.9 203.5 358.8 360.9 383.4 235.3 210.4 60.2 293.0 359.0 258.3 197.6 372.6 249.9 315.4 82.1 205.2 285.1 115.7 374.1 380.7 415.3 201.6 348.0 225.2 352.2 277.7 206.8 281.8 362.6 302.8 95.1 301.1 208.9 208.1 315.3 187.8 229.6 430.1 244.1 288.1 172.3 276.2 185.3 189.1 373.8 141.3 157.9 146.6 162.7 296.5 256.1 225.7 156.5 334.5 159.2 230.8 308.1 133.0 51.4 228.1 296.3 193.1 221.8 238.4 251.5 175.6 312.9 354.2 342.3 149.7 305.4 440.3 363.3 156.3 220.8 59.7 134.4 319.0 233.9 377.4 410.0 383.5 271.1 317.8
2090.4 306.3 107.9 92.4 0.0 179.1 439.9 300.8 384.6 400.3 149.2 171.3 287.8 263.1 375.4 265.8 319.8 409.8 376.2 284.2 207.5 73.7 333.3 401.0 307.2 282.7 357.9 314.0 352.6 174.1 236.1 343.9 82.7 386.4 302.8 409.6 265.7 400.2 147.3 357.4 370.2 255.7 330.7 414.8 326.6 138.6 350.0 257.8 130.2 364.2 218.7 241.7 410.9 220.6 337.0 221.2 325.1 247.0 204.8 426.9 146.6 188.8 144.0 193.6 345.4 282.5 274.6 187.4 319.8 190.1 152.9 331.9 163.9 100.3 259.0 316.5 224.0 143.9 269.3 173.6 206.5 347.1 405.5 391.2 108.5 308.7 421.1 348.6 205.2 269.7 151.7 165.3 367.9 298.0 382.6 423.5 368.8 335.2 341.6
1979.4 264.4 135.5 119.5 197.4 0.0 505.7 367.4 476.0 458.9 282.4 269.0 425.9 308.6 355.1 297.3 457.9 307.6 455.6 226.8 317.0 179.8 260.2 431.2 245.8 291.4 444.8 240.9 271.0 121.0 119.2 356.5 144.2 446.3 440.9 487.5 194.6 420.2 285.4 424.4 349.8 279.0 270.4 434.8 375.0 201.5 283.7 228.4 268.3 303.7 39.5 316.6 502.3 328.9 326.4 193.5 241.7 279.1 276.1 404.7 212.9 72.5 215.3 98.1 284.0 166.2 265.4 85.5 406.7 88.2 291.0 380.3 62.0 123.6 142.7 200.2 143.3 277.1 155.2 345.1 82.3 385.1 425.7 364.9 192.9 377.6 512.5 435.5 228.5 260.5 98.6 49.0 267.0 191.1 451.0 482.2 455.7 264.1 390.0
2146.0 256.4 371.2 427.9 335.4 479.1 0.0 97.6 106.9 151.4 324.6 257.2 104.2 224.2 165.9 234.6 136.2 299.0 127.4 301.5 275.6 409.2 375.3 152.2 318.4 241.1 111.0 399.4 399.9 436.3 433.0 133.6 341.6 137.6 119.2 160.8 386.6 135.3 290.3 20.4 160.7 178.0 364.1 149.9 185.8 327.5 356.3 261.5 273.2 376.3 518.7 202.8 129.6 181.7 258.9 308.3 376.5 263.2 239.7 208.1 258.4 488.8 306.3 408.2 356.6 441.1 285.8 378.1 54.9 375.4 191.9 191.1 402.8 338.0 466.8 476.7 394.2 319.3 470.4 211.5 506.5 82.2 156.7 251.3 315.4 85.5 126.3 101.7 286.7 280.9 413.9 450.2 401.3 418.9 65.0 174.7 120.0 443.4 200.8
2114.2 182.5 282.5 304.9 278.0 371.7 138.2 0.0 125.5 119.7 267.2 199.8 46.8 138.0 74.5 148.4 78.8 211.8 95.6 211.8 218.2 340.5 295.4 120.4 227.0 149.7 77.3 319.5 316.7 354.2 354.3 43.0 293.5 105.8 61.8 129.0 305.2 119.6 232.9 56.9 69.3 89.3 284.2 134.2 94.4 238.8 269.8 177.6 215.8 284.0 411.3 160.2 130.3 142.0 170.2 219.6 296.6 174.5 197.1 146.3 224.9 381.4 263.7 326.8 265.2 359.7 194.4 296.7 39.2 294.0 134.5 99.7 321.4 249.3 385.4 399.1 312.8 261.9 389.0 114.1 399.1 66.5 124.9 193.2 306.5 10.1 140.5 68.0 198.0 189.5 332.5 372.6 321.4 337.5 82.1 142.9 88.2 363.5 109.4
2038.9 275.8 372.7 395.1 349.8 446.3 139.2 112.0 0.0 44.4 339.1 271.6 118.5 233.1 169.6 243.6 150.5 192.0 20.3 302.9 290.0 423.6 339.9 45.0 301.0 244.8 59.1 364.1 358.4 444.4 369.5 138.2 356.0 30.5 133.6 53.7 339.8 128.8 304.7 146.7 164.3 179.4 328.8 143.5 189.5 329.0 324.6 272.7 287.6 320.5 482.4 217.2 26.2 196.0 229.2 313.1 341.2 264.7 254.1 96.0 274.7 425.4 320.7 383.2 324.9 394.4 248.9 404.9 87.3 407.5 206.3 194.9 425.4 339.4 420.1 409.6 388.6 333.7 399.5 225.9 515.4 114.6 49.6 225.4 329.9 100.0 36.4 49.8 288.2 254.3 422.8 387.7 366.1 372.3 91.4 67.6 12.8 384.4 204.5
2033.0 269.8 366.8 389.2 376.6 440.3 174.8 160.3 35.6 0.0 365.8 298.4 145.4 227.2 163.7 237.6 177.4 186.0 15.1 297.0 316.8 424.8 334.1 39.2 295.2 238.9 85.9 358.2 352.5 438.5 363.5 132.2 377.8 24.6 160.4 47.0 334.0 122.9 331.5 173.6 158.5 173.6 322.9 137.5 183.6 323.1 318.7 266.8 314.4 314.6 476.5 244.0 61.8 231.2 223.2 307.2 335.3 258.8 280.9 90.0 318.8 419.4 347.5 377.3 319.0 388.5 242.9 399.0 114.1 401.7 233.1 188.9 419.5 333.6 414.2 403.7 382.6 360.5 393.5 252.7 509.5 141.4 43.7 219.5 356.6 128.3 72.0 76.6 282.3 248.4 416.8 381.8 360.1 366.3 118.2 23.3 23.9 378.5 198.6
2128.1 351.9 189.3 230.0 137.5 277.1 324.7 298.3 370.8 397.7 0.0 114.8 285.1 252.9 372.9 263.3 275.4 421.4 373.7 336.2 57.2 211.3 313.3 401.1 349.8 272.5 355.4 294.0 332.6 272.1 294.3 340.6 125.7 383.9 300.3 407.1 244.1 377.3 128.1 306.8 367.6 267.3 321.9 393.5 318.2 118.1 387.7 300.4 111.0 407.7 316.7 224.8 393.3 211.8 348.6 232.8 320.3 244.5 184.3 454.4 119.4 287.2 123.5 267.3 389.6 300.2 319.0 237.2 317.3 232.9 150.4 321.9 261.9 156.1 325.9 338.8 251.7 5.3 329.5 204.5 304.5 344.6 403.5 404.4 99.5 291.4 390.0 346.1 243.9 313.9 249.7 265.9 361.5 276.4 328.7 421.0 368.9 315.2 333.2
2090.1 225.3 203.0 273.3 180.8 324.5 305.6 199.7 283.5 299.2 170.0 0.0 186.7 144.0 271.9 154.4 218.7 361.5 275.1 225.7 60.2 254.6 309.3 299.5 240.9 163.6 256.8 333.4 330.6 257.4 255.2 240.4 187.0 285.3 201.7 308.5 207.7 268.4 135.7 256.3 266.7 207.4 298.1 283.0 207.7 179.4 283.7 191.5 118.6 297.9 364.1 122.6 309.8 101.5 287.3 257.8 310.5 159.7 142.9 295.1 88.6 334.2 111.1 229.3 279.1 262.2 208.3 199.2 218.7 196.5 65.6 213.0 223.9 169.8 287.9 302.4 215.3 164.7 291.5 86.3 351.9 233.3 304.0 325.8 160.8 207.6 320.0 247.5 221.6 203.4 235.0 273.5 335.3 240.0 281.5 322.4 267.7 277.2 222.7
2184.2 245.1 359.9 425.6 333.1 476.8 179.3 77.3 145.3 189.8 324.9 254.9 0.0 215.6 151.9 225.3 32.1 289.2 165.6 289.2 273.3 406.9 372.8 190.6 304.4 227.1 167.4 396.9 394.1 431.6 430.7 119.6 339.3 175.8 15.0 199.0 382.8 191.7 288.0 81.3 146.6 166.9 361.6 206.3 171.8 316.2 342.3 255.2 270.9 362.3 516.4 200.5 167.8 179.4 247.8 297.0 374.0 251.9 237.4 246.3 258.0 486.9 304.0 404.2 342.6 437.1 272.0 374.1 111.1 371.6 189.8 177.1 398.8 326.9 462.8 474.6 390.4 317.0 466.6 209.2 504.2 138.4 195.4 270.6 313.1 65.9 164.5 157.9 275.6 266.9 409.9 448.1 398.8 414.9 103.4 212.9 158.4 440.9 186.8
2108.6 115.4 203.5 225.9 263.8 310.9 319.1 181.1 257.8 240.7 258.5 168.2 172.3 0.0 202.0 9.8 204.5 251.6 256.5 115.8 203.7 261.5 199.4 229.6 131.0 53.7 238.9 223.5 220.7 275.2 259.2 169.7 214.5 266.7 187.5 269.3 226.2 198.5 221.6 249.2 196.7 97.5 188.2 213.1 137.8 159.8 168.9 81.6 204.5 188.9 350.5 82.1 284.1 58.1 177.4 161.3 188.4 38.5 90.3 225.2 144.2 315.5 156.9 254.6 169.2 313.1 98.4 224.5 200.1 221.8 123.2 143.1 249.2 170.3 338.8 309.1 240.6 250.6 330.3 93.9 320.1 163.4 233.6 215.9 224.0 173.9 294.3 229.6 119.0 93.5 253.5 277.5 225.4 290.9 271.2 264.0 249.1 267.5 152.8
2123.4 210.0 310.0 332.4 303.7 399.2 233.9 85.5 199.8 140.8 292.9 225.5 54.5 165.5 0.0 175.9 86.5 276.4 160.9 239.3 243.9 368.0 322.9 129.6 254.5 177.2 138.9 347.0 344.2 381.7 381.8 70.5 321.0 171.1 69.5 169.3 332.7 98.5 258.6 131.2 96.8 116.8 311.7 113.1 19.8 266.3 297.3 205.1 241.5 311.5 438.8 171.1 184.1 169.5 197.7 247.1 324.1 202.0 208.0 125.2 252.4 408.9 274.6 354.3 292.7 387.2 221.9 324.2 104.5 321.5 160.2 25.1 348.9 276.8 412.9 426.6 340.3 287.6 416.5 139.8 426.6 63.4 134.1 220.7 283.7 73.9 194.3 129.6 225.5 217.0 360.0 400.1 348.9 365.0 156.4 164.0 153.5 391.0 34.8
2098.2 142.8 193.1 215.5 253.4 300.5 329.9 192.4 269.0 251.5 248.1 189.9 183.6 10.7 213.3 0.0 215.3 262.9 267.8 127.1 193.3 251.1 194.8 240.9 141.8 64.5 249.7 218.9 217.2 264.8 267.4 181.0 204.1 278.0 198.8 280.6 216.3 209.8 211.2 265.2 208.0 108.3 184.1 224.4 149.1 149.4 179.7 92.9 194.1 200.2 340.1 71.7 295.4 69.6 188.2 150.9 178.0 28.1 79.9 296.8 132.0 310.6 146.5 244.2 180.5 309.6 109.9 214.1 211.4 211.4 112.8 153.9 238.8 160.4 335.3 320.4 230.2 240.2 320.4 83.5 309.7 174.7 244.9 227.2 213.6 186.8 305.6 240.9 108.6 104.8 243.1 284.6 220.8 287.9 282.5 275.3 259.9 247.4 164.1
2256.7 256.6 384.7 442.4 349.9 493.6 147.3 146.2 217.6 262.1 291.9 253.0 170.6 230.1 220.8 240.5 0.0 358.1 238.1 298.0 290.1 423.7 371.8 262.9 332.9 241.8 276.9 395.9 396.4 450.8 428.4 188.5 356.1 248.3 185.8 271.5 398.9 235.3 304.8 167.9 215.5 235.6 360.6 249.9 206.7 341.0 357.0 258.0 287.7 384.1 541.4 217.3 240.3 196.0 316.5 344.7 373.0 276.7 254.2 318.8 272.9 484.3 320.8 438.0 357.3 488.8 286.5 407.9 202.3 405.2 206.4 212.0 432.6 351.5 514.5 473.2 424.0 299.8 458.4 226.0 521.0 229.6 266.9 339.5 329.9 136.4 226.4 267.6 300.2 281.6 428.4 446.7 397.8 466.6 212.4 285.4 230.7 439.9 221.7
2076.5 105.9 276.7 299.1 337.0 390.7 240.6 102.3 227.9 197.3 354.2 284.8 149.2 175.4 123.7 186.9 181.2 0.0 198.0 147.3 288.2 334.7 281.3 186.2 180.5 164.7 179.7 305.4 321.7 348.4 313.9 91.4 287.7 208.2 164.2 225.9 284.4 155.1 335.3 159.4 118.4 83.5 270.1 169.7 143.6 233.0 218.4 126.0 318.2 238.4 426.9 197.6 232.7 179.4 52.2 257.6 282.5 168.7 218.2 181.8 226.9 369.8 284.5 327.7 218.7 338.9 193.5 275.9 141.6 273.2 236.9 148.9 300.6 243.5 364.6 393.7 333.0 346.3 343.9 243.5 459.9 120.0 190.2 33.4 300.7 112.5 242.9 170.4 192.2 198.8 326.7 332.2 307.3 316.7 185.9 220.6 190.6 328.9 158.6
2018.5 255.3 352.3 374.7 361.4 425.8 159.6 145.8 20.3 24.0 350.6 283.2 130.2 212.7 149.2 223.1 162.2 171.5 0.0 282.5 301.6 410.3 319.6 24.7 280.7 224.4 70.7 343.7 338.0 424.0 349.0 117.7 363.3 10.1 145.2 31.8 319.5 108.4 316.3 202.8 144.0 159.1 308.4 123.0 169.1 308.6 291.1 252.3 299.2 301.0 462.0 234.9 46.6 216.7 208.7 292.7 320.8 244.3 271.8 75.5 294.7 404.9 338.4 362.8 304.5 374.0 228.6 384.5 98.9 387.2 217.9 174.4 405.0 319.1 399.7 389.2 368.1 345.3 379.0 197.5 495.0 163.5 29.2 205.0 376.3 156.0 56.8 61.4 267.8 233.9 402.3 367.3 345.6 351.8 101.6 47.2 8.7 364.0 184.1
2079.4 37.5 227.4 322.3 287.7 235.0 345.2 206.9 311.3 294.3 302.3 235.8 248.0 130.9 190.4 119.6 280.0 223.0 332.0 0.0 239.2 285.4 112.5 305.1 71.1 113.7 314.4 136.6 134.9 305.8 184.0 246.0 238.4 281.6 263.0 322.8 152.8 274.0 271.9 263.9 185.2 114.3 101.3 288.6 213.3 183.7 113.9 68.7 254.8 128.1 274.6 164.4 337.6 133.6 99.5 71.0 95.7 101.4 171.3 281.3 170.1 221.3 238.8 159.5 109.3 227.3 38.5 181.2 275.6 181.2 205.5 218.6 208.4 194.2 248.7 249.2 154.8 297.0 227.7 189.8 314.6 238.9 261.7 138.0 251.4 217.1 347.8 305.1 173.6 33.6 283.4 202.3 138.5 205.1 289.1 317.5 324.6 165.1 228.3
2070.8 262.2 183.7 247.7 155.2 261.1 295.3 241.5 339.7 341.0 68.3 57.5 228.5 223.5 316.1 233.9 244.4 365.7 316.9 238.6 0.0 229.0 256.0 341.7 263.1 243.1 298.6 236.7 275.3 238.1 235.9 284.6 161.4 327.1 243.5 350.3 188.4 347.9 110.1 271.1 310.9 211.6 266.2 362.5 287.2 140.0 305.9 213.7 93.0 320.1 300.7 202.1 362.3 181.0 292.9 177.1 263.0 182.8 119.3 374.6 69.3 270.8 91.8 210.0 301.3 242.9 230.5 179.9 260.5 177.2 93.6 292.5 204.6 150.5 268.6 283.1 196.0 74.6 272.2 114.3 288.5 312.8 346.2 347.1 135.2 262.0 359.0 289.3 161.1 225.6 215.7 254.2 305.8 220.7 296.3 364.2 309.5 257.9 302.2
2072.1 326.9 85.4 74.1 53.0 232.2 493.0 353.9 437.7 453.4 202.3 224.4 340.9 316.2 428.5 318.9 372.9 430.4 429.3 304.8 260.6 0.0 362.5 454.1 327.8 335.8 411.0 319.4 384.9 156.3 289.2 397.0 135.8 439.5 355.9 462.7 271.1 453.3 200.4 410.5 423.3 276.3 351.3 467.9 379.7 191.7 370.6 278.4 183.3 384.8 271.8 294.8 464.0 273.7 357.6 241.8 345.7 300.1 257.9 443.3 199.7 241.9 197.1 239.3 366.0 335.6 295.2 240.5 372.9 243.2 206.0 385.0 217.0 120.9 312.1 368.6 269.7 197.0 315.0 226.7 259.6 400.2 458.6 411.8 161.6 361.8 474.2 401.7 225.8 290.3 133.9 218.4 388.5 303.4 435.7 476.6 421.9 340.6 394.7
1958.4 136.2 272.9 342.4 365.8 255.1 415.6 277.3 354.6 337.5 366.0 263.0 328.7 212.4 284.7 201.1 360.7 174.9 334.2 116.3 266.4 330.9 0.0 309.8 74.0 195.2 395.1 24.0 66.6 325.9 154.5 325.9 316.5 324.9 343.7 366.1 76.0 354.7 299.1 334.4 279.4 208.6 10.1 369.3 294.0 229.2 80.4 144.0 282.0 100.4 294.7 221.0 380.9 214.5 187.6 80.2 27.4 182.9 180.5 334.3 197.3 234.2 248.0 176.0 80.7 139.6 109.5 197.7 316.6 200.4 262.6 299.3 224.9 295.9 162.8 190.8 179.3 360.7 141.8 250.8 334.7 319.6 304.3 208.4 315.1 289.1 391.1 385.8 182.8 114.8 303.5 196.6 25.9 136.8 360.9 360.8 343.0 68.1 309.0
1993.7 212.7 327.5 349.9 387.8 401.0 184.0 121.0 44.7 27.6 402.4 302.0 178.8 187.9 124.4 197.8 211.0 146.7 24.3 257.7 339.0 385.5 294.8 0.0 255.9 199.6 124.0 318.9 313.2 399.2 324.2 92.9 338.5 15.0 194.0 56.2 294.7 83.6 363.3 178.1 119.1 134.3 283.6 98.2 144.3 283.8 279.4 227.5 346.2 275.3 437.2 210.1 71.0 192.1 183.9 267.9 296.0 219.5 247.0 50.7 277.7 380.5 313.6 338.0 279.7 349.2 203.8 359.7 160.3 362.4 264.9 149.6 380.2 294.3 374.9 364.4 343.3 397.1 354.2 244.9 470.2 138.7 3.9 180.2 351.5 131.2 81.2 114.7 243.0 209.1 377.5 342.5 320.8 327.0 156.3 50.9 33.1 339.2 159.3
1983.7 94.0 255.5 277.9 356.7 250.6 346.1 207.8 283.7 266.5 345.9 250.3 254.6 136.2 197.0 146.6 286.6 105.4 263.2 82.5 296.9 313.5 68.3 238.8 0.0 125.5 321.0 92.4 89.6 321.4 173.8 251.8 266.5 253.9 269.6 295.1 144.4 280.6 311.6 264.8 191.7 120.9 57.1 295.2 219.9 211.8 37.8 86.2 294.5 57.8 286.8 158.4 309.9 140.4 116.6 148.6 69.5 163.4 195.3 246.6 205.7 229.7 261.9 187.6 38.1 182.0 35.2 236.1 282.2 233.4 213.2 225.2 229.8 222.3 207.7 178.0 192.9 340.6 210.2 193.2 319.8 245.5 233.3 138.9 279.5 218.0 320.1 311.7 171.0 40.7 299.0 192.1 94.3 159.8 291.4 289.8 272.0 136.4 234.9
2087.1 120.0 182.0 204.4 242.3 289.4 337.9 199.9 276.5 259.5 256.9 190.1 191.1 67.3 220.8 56.0 223.3 240.1 275.3 104.3 193.5 240.0 183.7 248.4 119.5 0.0 257.7 207.8 206.1 253.7 248.8 188.5 193.0 285.5 206.3 288.1 204.7 217.3 240.3 272.7 215.5 86.0 172.5 231.9 156.6 138.3 157.4 70.1 223.2 177.4 329.0 100.8 302.9 76.9 165.9 139.8 166.9 37.8 109.0 211.7 132.2 299.5 175.6 233.1 157.7 298.5 86.9 203.0 218.9 200.3 141.9 161.9 227.7 148.8 324.2 297.6 219.1 251.6 308.8 112.6 298.6 182.2 253.4 204.4 206.0 192.7 313.1 248.4 97.5 82.0 232.0 266.0 209.7 276.3 290.0 282.8 267.9 236.3 171.6
2113.2 332.2 447.0 469.4 424.1 520.5 130.4 183.4 74.2 123.7 399.7 345.9 192.9 307.4 243.9 317.8 224.9 266.2 94.6 377.2 364.3 497.9 414.3 119.4 375.4 319.1 0.0 438.4 432.7 518.7 443.7 211.6 430.3 104.8 207.9 128.0 414.2 203.1 379.0 150.9 238.6 253.8 403.1 217.7 263.8 403.3 398.9 347.0 361.9 394.8 556.7 291.5 96.8 270.4 303.4 387.4 415.5 339.0 328.4 175.3 389.4 499.6 395.0 457.5 399.2 468.7 323.3 479.2 161.6 481.9 280.6 269.1 499.7 413.8 494.4 483.9 462.8 408.0 473.7 300.2 589.7 188.9 123.4 299.7 404.1 174.2 93.5 124.1 362.5 328.6 497.0 462.0 440.3 446.5 32.2 141.9 87.2 458.7 278.8
1934.3 155.5 299.4 318.3 341.7 231.0 434.9 296.6 373.9 356.9 366.1 263.1 348.0 231.7 290.4 220.4 380.0 194.2 353.5 135.6 266.5 376.3 19.2 329.1 93.3 214.5 414.4 0.0 85.9 301.8 197.0 346.0 292.4 344.2 363.0 385.4 51.9 374.0 299.2 353.6 285.2 214.3 29.4 388.6 313.3 284.5 104.6 169.5 282.1 118.8 270.6 265.2 400.2 233.6 206.9 80.3 46.7 202.2 180.6 381.3 197.4 210.1 248.1 151.9 100.0 115.5 128.8 173.6 335.9 176.3 306.3 318.6 200.8 271.8 138.7 166.7 155.2 360.8 117.7 290.6 310.6 338.9 324.3 227.7 341.1 306.8 410.4 405.1 182.9 134.1 279.4 172.5 26.0 123.0 378.8 380.1 362.3 79.2 328.3
1938.2 177.2 294.7 351.9 375.3 264.6 439.6 301.3 377.1 360.1 387.8 284.8 363.7 239.8 306.5 228.5 395.7 198.9 356.7 139.6 288.2 352.7 58.9 332.3 109.0 222.6 378.7 63.8 0.0 335.4 230.6 361.7 326.0 347.4 378.7 388.6 156.9 354.1 320.9 358.3 301.3 230.4 69.1 368.7 329.0 251.0 55.3 165.8 303.8 84.8 304.2 242.8 403.4 249.3 210.1 102.0 53.0 210.3 202.3 397.4 219.1 243.7 269.8 197.0 66.0 92.3 144.5 218.7 340.6 221.4 284.4 334.3 243.8 305.4 118.0 161.5 195.8 382.5 122.9 286.2 344.2 319.0 327.5 232.4 336.9 311.5 413.6 369.4 204.6 149.8 313.0 206.1 47.7 70.1 383.5 383.3 365.5 59.3 344.0
1992.1 306.2 64.7 71.4 152.8 156.5 482.3 344.0 452.6 435.6 302.1 255.8 386.3 263.6 331.7 252.3 407.6 409.7 432.2 284.1 259.2 135.2 341.8 407.8 307.1 246.4 421.4 298.7 364.2 0.0 213.5 333.9 164.0 422.9 401.3 464.1 250.4 396.8 300.2 401.0 326.5 255.6 330.6 411.4 351.6 143.9 349.9 257.7 283.1 364.1 118.4 278.4 478.9 292.9 336.9 221.1 325.0 234.1 237.9 422.6 190.1 166.2 195.4 153.0 345.3 266.3 274.5 158.4 383.3 161.1 255.4 356.9 141.3 100.2 249.7 282.3 183.4 296.8 228.7 276.1 203.7 361.7 403.0 391.1 212.7 354.2 489.1 412.1 205.1 269.6 34.5 142.7 367.8 282.7 426.2 458.8 432.3 319.9 366.6
1992.3 397.3 168.6 187.5 210.9 100.8 466.4 328.1 403.8 386.8 302.4 277.4 443.1 320.7 372.5 309.9 475.3 225.7 383.5 206.6 280.8 245.5 177.2 359.7 163.9 302.4 405.5 164.7 199.0 171.0 0.0 317.2 161.6 374.2 458.3 415.4 103.8 380.9 302.8 389.8 367.2 296.4 165.4 395.5 420.0 218.9 201.8 243.3 285.7 222.4 136.4 334.0 430.2 340.5 472.9 185.9 159.8 291.2 293.5 422.1 219.5 79.7 232.7 86.8 202.1 106.9 245.4 101.5 367.4 104.2 308.4 424.2 79.4 141.0 90.3 122.9 134.2 294.5 113.9 362.5 169.4 345.8 353.6 259.2 210.9 339.9 441.0 396.2 245.9 240.3 148.6 41.7 202.6 121.1 411.7 410.1 392.3 338.4 435.0
2125.1 148.0 265.0 287.4 315.4 370.8 265.4 117.0 231.4 172.2 307.2 209.0 85.8 94.9 31.4 104.8 118.8 307.9 192.4 168.7 255.6 323.0 252.3 161.1 184.7 106.6 170.4 276.4 273.6 336.7 312.3 0.0 276.0 202.6 101.0 200.8 281.7 130.0 270.3 167.4 26.1 148.3 241.1 144.6 51.3 221.3 221.8 134.5 253.2 241.8 424.2 117.1 215.6 99.1 189.8 221.2 253.5 133.5 154.0 217.0 206.1 367.5 220.6 314.5 222.1 366.0 151.5 284.4 136.0 281.7 171.9 56.6 309.1 232.6 391.7 356.8 300.5 299.3 341.2 151.9 436.0 94.9 166.1 252.2 288.5 107.0 225.8 161.1 180.5 146.4 315.8 329.5 278.3 344.6 189.3 195.5 185.0 320.4 66.3
2082.5 267.0 80.1 132.1 84.2 151.3 446.8 307.7 391.5 407.2 138.1 167.7 294.7 225.4 356.4 214.1 326.7 370.5 383.1 244.9 196.4 118.8 286.5 384.0 267.9 248.1 364.8 267.2 305.8 146.3 208.3 324.9 0.0 393.3 309.7 416.5 218.9 352.9 154.2 364.3 351.2 216.4 291.4 367.5 292.2 57.2 310.7 218.5 137.1 324.9 190.9 172.3 417.8 208.9 297.7 181.9 285.8 195.3 131.8 379.6 99.8 161.0 71.0 165.8 306.1 273.4 235.3 159.6 326.7 162.3 159.8 297.5 136.1 95.2 231.2 313.6 196.2 132.8 241.5 180.5 178.7 317.8 388.5 351.9 87.2 315.6 428.0 355.5 191.4 230.4 123.9 137.5 328.6 251.2 389.5 430.4 375.7 288.4 307.2
2008.3 245.1 342.1 364.5 370.7 415.6 168.9 135.6 29.6 12.6 359.9 316.6 139.5 202.5 139.0 212.9 171.5 161.3 9.2 272.3 353.6 400.1 309.4 14.5 270.5 214.2 80.0 333.5 327.8 413.8 338.8 107.5 353.1 0.0 154.5 41.1 309.3 98.2 325.6 192.6 133.8 148.9 298.2 112.8 158.9 298.4 280.9 242.1 308.5 290.8 451.8 224.7 55.9 206.5 198.5 282.5 310.6 234.1 261.6 65.3 284.5 394.7 328.2 352.6 294.3 363.8 218.4 374.3 108.2 377.0 227.2 164.2 394.8 308.9 389.5 379.0 357.9 354.6 368.8 206.8 484.8 153.3 19.0 194.8 366.1 145.8 66.1 70.7 257.6 223.7 392.1 357.1 335.4 341.6 110.9 35.8 18.0 353.8 173.9
2169.2 242.8 344.9 410.6 318.1 461.8 164.3 62.3 130.2 174.7 307.3 239.9 86.9 200.4 136.9 210.8 16.9 274.2 150.6 274.2 258.3 391.9 357.8 175.4 289.4 212.1 152.2 381.9 379.1 416.6 414.6 105.4 324.3 160.8 0.0 184.0 367.6 176.5 273.0 61.6 131.7 151.7 346.6 191.1 156.8 301.2 332.2 240.0 255.9 346.4 501.4 185.5 152.8 164.4 232.6 282.0 359.0 236.9 222.4 203.2 287.3 471.5 289.0 389.2 327.6 422.1 256.8 359.1 96.1 356.4 174.6 162.1 383.8 311.7 447.8 459.4 375.2 302.0 451.4 154.2 489.2 123.4 179.9 255.6 298.1 52.5 149.5 142.9 260.4 251.9 394.9 432.9 383.8 399.9 86.8 197.9 143.2 425.9 171.8
2067.1 303.9 400.9 423.3 391.5 474.4 189.7 194.4 50.4 72.6 380.7 313.3 160.3 261.3 197.8 271.7 192.3 220.1 48.5 331.1 331.7 465.3 368.2 73.3 329.3 273.0 100.8 392.3 386.6 472.6 397.6 166.3 397.7 58.7 175.3 0.0 368.1 157.0 346.4 188.4 192.6 207.7 357.0 171.6 217.7 357.2 339.7 300.9 329.3 349.6 510.6 258.9 76.7 237.8 257.3 341.3 369.4 292.9 295.8 124.1 343.3 453.5 362.4 411.4 353.1 422.6 277.2 433.1 129.0 435.8 248.0 223.0 453.6 367.7 448.3 437.8 416.7 375.4 427.6 227.6 543.6 156.3 77.8 253.6 371.5 141.6 86.9 91.5 316.4 282.5 450.9 415.9 394.2 400.4 131.7 95.8 38.8 412.6 232.7
1882.3 315.1 295.1 314.0 337.4 226.7 526.6 388.3 464.1 447.0 426.3 309.9 452.9 355.0 395.5 344.2 485.1 285.9 443.7 245.6 313.3 372.0 168.6 419.3 224.1 337.8 465.7 149.3 86.8 297.5 192.7 377.4 288.1 434.4 468.1 475.6 0.0 441.1 429.3 450.0 390.2 319.4 178.8 455.7 418.4 345.4 152.6 274.8 412.2 172.6 266.3 332.5 490.4 338.7 297.1 239.9 139.9 325.5 292.0 440.0 252.0 205.8 359.2 159.1 152.9 54.4 233.9 180.8 427.6 183.5 309.5 423.7 205.9 267.5 80.1 94.6 157.9 421.0 85.0 400.3 306.3 406.0 413.8 319.4 336.8 400.1 500.6 456.4 277.2 279.3 275.1 168.2 114.3 32.2 471.9 470.3 452.5 69.4 433.4
2095.2 273.7 429.0 441.5 349.0 502.5 170.8 111.2 114.6 100.6 338.2 270.8 117.6 237.8 225.9 248.2 149.8 248.2 76.6 315.1 289.2 422.8 396.3 101.4 357.4 257.4 40.3 420.4 414.7 449.9 425.7 193.6 355.2 86.8 132.8 110.0 396.2 0.0 303.9 145.9 220.6 235.8 385.1 14.6 245.8 347.6 380.9 275.1 286.8 376.8 538.7 216.4 111.3 195.3 285.4 369.4 397.5 276.4 253.3 157.3 272.0 481.6 319.9 439.5 381.2 450.7 305.3 391.7 86.5 389.0 205.5 251.1 416.4 395.8 476.4 465.9 444.8 332.9 455.7 225.1 520.1 113.8 105.9 281.7 329.0 99.1 121.5 31.0 344.5 310.6 427.5 444.0 422.3 428.5 72.6 123.9 69.2 440.7 260.8
2118.3 314.6 212.4 235.1 142.6 286.3 410.1 271.0 354.8 370.5 114.0 141.5 258.0 233.3 345.6 236.0 290.0 413.2 346.4 315.0 172.3 216.4 303.5 371.2 330.2 252.9 328.1 284.2 322.8 285.6 283.4 314.1 148.8 356.6 273.0 379.8 235.9 370.4 0.0 327.6 340.4 259.1 313.7 385.0 296.8 141.2 373.0 280.8 19.0 387.2 325.9 211.9 381.1 190.8 340.4 224.6 310.5 217.2 200.4 397.1 116.8 296.0 139.3 257.5 368.4 290.4 297.6 227.4 290.0 224.7 123.1 302.1 252.1 179.2 316.1 330.6 243.5 108.7 319.7 143.8 313.7 317.3 375.7 394.6 122.6 278.9 391.3 318.8 208.6 292.7 263.2 272.5 353.3 268.2 352.8 393.7 339.0 305.4 311.8
2139.6 239.5 350.6 407.3 314.8 453.9 193.1 77.0 117.1 132.8 304.0 236.6 83.6 203.7 145.3 214.0 111.0 288.0 108.7 280.9 255.0 388.6 354.8 145.9 297.9 220.5 90.4 378.8 379.3 415.7 411.3 113.8 321.0 118.9 98.6 142.1 361.4 114.8 269.7 0.0 140.1 152.8 338.9 129.4 165.2 306.9 331.1 240.9 252.6 355.8 498.2 182.2 143.4 161.1 233.7 283.1 355.9 242.6 219.1 141.4 239.7 468.2 285.7 387.6 336.0 420.5 265.2 357.5 34.3 354.9 166.7 170.5 382.2 312.8 446.2 456.2 369.0 298.7 449.9 186.3 485.9 61.6 149.9 230.7 294.8 64.9 149.0 81.1 266.2 260.3 393.4 425.0 380.7 393.7 133.7 156.0 96.7 422.8 180.2
2128.6 200.4 315.2 337.6 308.9 404.5 239.2 90.7 205.1 146.0 300.7 230.7 59.5 170.8 5.1 180.6 91.8 281.6 166.1 244.5 249.1 373.2 328.1 134.9 259.8 182.5 144.1 352.2 349.4 386.9 388.1 74.9 326.2 176.3 74.7 174.5 337.9 103.8 263.8 136.5 0.0 122.0 316.9 118.4 25.0 271.5 297.6 210.4 246.7 317.7 444.1 176.3 189.3 174.9 202.9 252.3 329.3 207.2 213.2 190.7 265.4 414.5 279.8 359.5 297.9 392.4 227.3 329.4 109.7 326.8 165.4 30.3 354.1 282.0 418.1 431.9 345.6 292.8 421.7 185.1 431.8 68.6 139.8 225.9 288.9 80.7 199.5 134.8 230.7 222.2 365.3 405.3 354.1 370.2 163.0 169.2 158.8 396.2 40.0
2044.5 77.4 193.1 215.5 253.4 282.3 226.6 88.3 196.8 179.8 268.0 201.2 144.8 91.8 76.0 103.8 164.4 154.0 176.5 114.8 204.6 251.1 192.6 152.1 130.0 81.1 211.4 216.7 217.2 264.8 249.2 142.2 204.1 167.2 160.0 208.4 215.8 171.0 284.1 145.3 70.7 0.0 181.4 185.6 110.3 149.4 167.9 78.8 267.0 187.9 321.9 114.0 223.2 96.0 81.2 130.2 193.8 85.1 134.6 125.6 143.3 292.0 200.9 237.4 168.2 270.3 97.4 207.3 171.5 204.6 168.8 115.6 232.0 159.9 296.0 294.0 223.4 262.7 299.6 159.9 309.7 135.9 146.6 135.4 217.1 98.5 233.4 202.1 108.6 92.5 243.1 267.5 218.6 248.1 171.9 203.1 220.5 260.7 125.3
1969.6 157.9 298.7 353.6 377.0 266.3 405.4 267.1 344.4 327.3 377.2 274.2 318.3 202.2 260.9 190.9 350.5 164.7 324.0 106.1 277.6 356.7 11.1 299.6 63.8 185.0 384.9 35.2 56.4 337.1 165.7 315.7 327.7 314.7 333.5 355.9 87.2 344.5 310.3 328.8 255.6 184.8 0.0 359.1 283.8 255.0 70.2 140.0 293.2 90.2 305.9 232.2 370.7 204.3 177.4 91.4 17.2 172.7 191.7 310.5 208.5 245.8 259.2 187.2 70.5 148.8 99.1 208.9 306.4 211.6 273.8 289.1 236.1 307.1 174.0 202.0 190.5 371.9 153.0 247.5 345.9 309.4 294.1 198.2 326.3 277.3 380.9 375.6 194.0 104.6 314.7 207.8 37.1 126.6 350.7 350.6 332.8 79.2 298.8
2080.6 267.7 414.4 426.9 334.4 487.9 156.2 96.6 100.1 86.0 323.6 256.2 103.0 223.2 211.3 233.6 135.2 233.6 62.0 300.5 274.6 408.2 381.7 86.8 342.8 242.8 25.7 405.8 400.1 435.3 411.1 179.8 340.6 72.2 118.2 95.4 381.6 170.5 289.3 136.0 206.0 221.2 370.5 0.0 231.2 333.0 366.3 260.5 272.2 362.2 524.1 201.8 96.7 180.5 270.8 354.8 382.9 261.8 238.7 120.1 257.4 467.0 305.3 424.9 366.6 436.1 290.7 377.1 71.9 374.4 190.9 236.5 401.8 381.2 461.8 451.3 430.2 318.3 441.1 210.5 505.5 99.2 91.8 267.1 314.4 84.5 106.9 16.4 329.9 296.0 412.9 429.4 407.7 413.9 58.0 109.3 54.6 426.1 246.2
2159.6 208.5 348.2 376.3 283.8 427.5 214.0 65.6 179.9 165.1 273.0 205.6 34.6 172.6 140.2 183.0 66.6 312.6 141.0 249.9 224.0 357.6 323.7 165.8 269.5 192.2 122.7 347.8 348.3 384.7 380.3 108.7 290.0 151.2 49.6 174.4 335.0 165.0 238.7 111.3 135.0 155.0 312.5 179.6 0.0 282.4 301.4 209.9 221.6 326.5 467.1 151.2 175.7 130.1 235.9 285.3 324.9 240.2 188.1 191.7 215.9 437.2 254.7 356.6 307.7 389.5 236.9 326.5 84.6 323.8 140.3 5.2 351.2 315.0 415.2 425.1 342.6 267.7 418.8 119.9 454.9 111.9 170.3 258.9 263.8 102.2 185.9 113.4 263.7 232.0 362.3 398.6 349.7 367.3 136.5 188.3 133.6 391.8 15.0
2073.5 209.7 71.1 93.5 131.4 160.3 427.2 288.1 371.9 339.1 118.5 148.1 275.1 205.8 235.2 194.5 307.1 313.2 363.5 187.6 176.8 129.1 245.3 364.4 210.6 228.5 345.2 202.2 267.7 142.8 201.4 305.3 65.2 373.7 290.1 396.9 153.9 333.3 134.6 344.7 230.0 159.1 234.1 347.9 272.6 0.0 253.4 161.2 117.5 267.6 199.9 152.7 398.2 189.3 240.4 124.6 228.5 175.7 112.2 326.1 80.2 170.0 51.4 175.5 248.8 208.4 178.0 145.4 307.1 142.7 140.2 277.9 145.1 37.9 234.1 248.6 161.5 113.2 237.7 160.9 187.7 298.2 368.9 294.6 67.6 296.0 408.4 335.9 108.6 173.1 132.9 146.5 271.3 186.2 369.9 362.3 356.1 223.4 287.6
1976.9 100.6 294.0 316.4 395.2 308.5 384.6 246.3 322.1 305.0 384.4 288.8 292.9 174.7 235.5 184.6 325.1 143.9 301.7 121.0 335.4 352.0 95.3 277.3 38.4 164.0 359.5 119.4 66.9 379.3 212.3 290.3 305.0 292.4 308.1 333.6 228.5 319.1 350.1 303.3 230.3 159.4 84.1 333.7 258.4 250.3 0.0 124.7 333.0 19.9 347.7 196.9 348.4 178.7 155.1 169.0 73.8 201.9 233.8 326.4 236.4 288.0 300.4 257.8 0.3 159.3 73.9 279.5 320.7 282.2 251.7 263.7 287.7 260.8 196.8 140.1 267.4 379.1 183.7 231.7 388.1 284.0 271.8 177.4 318.0 256.5 358.6 350.2 209.5 79.2 356.9 250.0 114.7 137.1 329.9 328.3 310.5 133.2 273.4
2075.2 51.4 210.8 306.9 271.1 236.2 290.9 152.6 278.3 261.0 288.3 227.5 214.6 114.3 157.2 103.5 246.8 155.6 248.3 60.6 230.9 268.8 144.2 236.5 75.8 97.1 230.0 168.3 165.5 290.4 204.0 212.0 221.8 258.5 229.8 289.6 174.5 205.4 271.8 209.6 152.0 81.1 133.0 220.0 180.1 167.1 113.7 0.0 254.7 133.7 275.8 147.8 304.4 100.6 110.8 86.6 131.7 84.8 156.0 248.1 169.6 245.9 222.6 179.9 114.0 257.9 43.4 149.8 191.9 147.1 173.4 185.4 174.5 177.6 276.6 253.9 165.9 280.4 255.6 159.6 301.4 170.3 240.5 160.7 234.8 162.8 314.6 220.7 158.3 38.3 268.0 222.3 170.2 235.7 236.2 284.3 240.9 201.1 195.1
2099.3 295.6 193.4 216.1 123.6 267.3 391.1 252.0 335.8 351.4 97.6 122.5 239.0 214.3 326.6 217.5 271.0 394.2 327.4 296.0 153.3 197.4 284.5 352.2 311.2 233.9 309.1 265.2 303.8 266.6 264.4 295.1 129.8 337.6 254.0 360.8 216.9 351.4 17.1 308.6 321.4 240.1 294.7 366.0 277.8 122.2 349.1 261.8 0.0 369.1 306.9 192.9 362.1 171.8 321.4 205.6 291.5 198.2 181.4 408.1 97.8 277.0 120.3 238.5 349.4 271.4 278.6 208.4 271.0 205.7 104.1 283.1 233.1 160.2 297.1 311.6 224.5 89.7 300.7 158.2 294.7 298.3 356.7 375.6 103.6 259.9 372.3 299.8 189.6 273.7 244.2 253.5 334.3 249.2 335.2 374.7 320.0 286.4 292.8
1925.8 154.0 315.5 375.8 399.2 288.5 406.1 267.8 343.5 326.5 405.9 310.3 314.4 196.2 257.0 206.1 346.6 165.4 323.2 142.5 352.1 373.5 122.8 298.8 59.9 185.5 381.0 140.9 102.1 359.3 254.5 311.8 349.9 313.9 329.6 355.1 208.5 340.6 371.6 324.9 251.8 180.9 105.6 355.2 279.9 271.8 21.4 146.2 354.5 0.0 327.7 218.4 369.9 200.2 176.6 165.9 95.3 223.4 266.2 306.6 290.8 267.6 333.7 237.8 20.9 161.9 95.4 259.5 342.2 262.2 273.2 285.2 267.7 282.3 176.8 120.1 247.4 400.6 163.7 253.2 368.1 305.5 294.5 198.9 339.5 279.6 380.1 371.7 268.5 100.7 336.9 230.0 111.6 149.4 351.4 349.8 332.0 123.2 294.9
1939.8 317.8 141.0 139.2 182.8 37.8 543.6 405.3 513.9 496.8 332.1 317.8 470.5 346.5 393.0 335.7 502.7 345.5 493.5 264.7 321.2 199.5 298.1 469.1 283.7 329.3 540.8 278.8 308.9 111.5 157.7 394.4 182.1 484.2 485.7 525.4 232.5 458.1 330.2 467.0 387.8 316.9 308.3 472.7 412.9 239.4 321.6 266.3 313.1 341.6 0.0 354.5 540.2 366.8 364.3 231.4 279.6 317.0 314.0 442.6 282.0 110.8 253.2 136.0 321.9 204.1 303.5 123.4 502.7 126.1 335.8 418.2 99.9 161.5 180.6 238.1 181.2 326.8 193.1 389.9 102.0 423.0 464.3 402.8 230.8 417.1 550.4 531.5 266.4 298.4 83.4 86.9 304.9 229.0 488.9 520.1 551.7 302.0 427.9
2100.4 137.4 232.6 255.0 231.2 319.3 298.6 159.5 239.8 222.8 221.4 146.8 154.5 56.1 184.0 66.5 186.5 273.6 234.9 137.8 150.2 290.6 221.4 211.6 153.0 75.7 220.9 245.5 242.7 267.7 281.2 152.5 176.5 245.1 169.5 251.3 218.0 180.5 186.1 216.1 178.8 119.5 210.2 195.1 119.8 168.9 195.8 103.6 169.0 210.0 358.9 0.0 266.1 36.5 199.4 151.7 221.5 71.6 36.8 207.2 98.9 329.0 103.4 263.0 191.2 272.5 120.4 232.9 178.5 230.2 87.7 125.1 257.6 199.4 298.2 331.1 249.0 216.1 338.7 72.0 355.3 145.4 216.1 237.9 170.5 155.9 276.3 211.6 115.5 115.5 245.3 299.5 247.4 250.3 251.8 246.0 227.5 289.5 134.8
2079.9 316.7 413.7 436.1 390.8 487.2 156.5 153.0 40.9 85.4 380.0 312.6 159.6 274.1 210.6 284.5 191.6 232.9 61.3 343.9 331.0 464.6 381.0 86.1 342.1 285.8 100.1 405.1 399.4 485.4 410.4 179.1 397.0 71.5 174.6 94.7 380.9 169.8 345.7 177.0 205.4 220.5 369.8 184.4 230.5 370.0 352.5 313.7 328.6 362.4 523.4 258.2 0.0 237.1 270.1 354.1 382.2 305.7 295.1 136.9 356.1 466.3 361.7 424.2 365.9 435.4 290.0 445.9 128.3 448.6 247.3 235.8 466.4 380.5 461.1 450.6 429.5 374.7 440.4 226.9 556.4 155.6 90.6 266.4 370.8 140.9 53.7 90.8 329.2 295.3 463.7 428.7 407.0 413.2 131.0 108.6 53.9 425.4 245.5
2120.4 139.8 220.4 242.8 216.4 326.4 261.8 122.9 206.6 222.1 208.2 110.0 109.7 42.4 170.3 52.3 141.9 259.9 198.3 124.1 171.3 278.4 207.9 197.9 139.3 62.2 179.8 231.8 229.0 288.8 268.6 138.0 197.6 208.5 124.9 231.7 238.0 166.8 171.3 184.2 165.0 105.8 196.7 181.4 106.1 176.7 177.2 89.9 154.0 197.2 380.7 21.0 233.0 0.0 185.7 172.8 208.9 81.0 57.9 253.8 110.0 323.8 124.5 269.9 177.5 321.4 106.9 239.8 141.9 237.3 72.9 111.6 264.5 187.2 347.1 317.6 256.1 200.3 297.5 52.7 391.4 131.7 202.9 224.2 191.8 132.4 243.2 170.7 136.1 101.8 266.4 285.8 233.7 299.4 205.9 245.6 190.7 275.8 121.1
2052.0 121.0 278.3 300.7 338.6 296.9 280.1 141.8 261.8 244.6 353.2 317.1 195.4 190.9 140.8 200.8 227.4 157.9 237.5 132.5 320.5 336.3 191.4 216.9 152.5 180.2 219.2 215.5 231.8 367.7 482.7 130.9 289.3 232.0 210.4 273.2 190.6 194.6 366.3 203.5 135.5 85.1 180.2 209.2 160.7 234.6 147.8 122.9 349.2 167.8 333.1 213.1 288.0 194.9 0.0 163.8 192.6 207.8 264.1 190.4 259.2 276.0 286.1 233.9 148.1 245.1 99.5 255.6 181.1 258.3 267.9 166.0 276.1 245.1 270.8 282.9 348.8 347.9 250.1 247.9 366.1 159.5 212.6 72.9 302.3 152.0 298.2 209.9 193.8 105.0 345.3 238.4 217.4 222.9 225.4 267.9 230.1 307.6 175.7
1986.1 115.2 206.2 282.8 314.5 195.5 354.7 216.4 325.4 308.2 288.3 196.3 278.6 143.9 204.4 132.6 280.3 175.8 304.9 71.1 199.7 264.2 158.1 280.5 139.6 126.7 293.8 182.2 180.5 266.3 133.2 275.8 240.8 295.6 293.6 336.8 103.7 269.2 232.4 273.4 199.1 128.3 146.9 283.8 243.9 162.5 177.5 63.7 215.3 197.5 246.2 140.7 351.6 164.4 174.6 0.0 141.3 114.4 100.2 254.0 130.6 181.8 167.7 120.0 177.8 189.4 107.2 112.0 255.7 109.3 195.9 249.2 136.7 173.0 209.2 240.6 115.3 280.4 188.2 170.5 275.1 234.1 275.0 263.8 234.8 226.6 361.8 284.5 102.5 102.1 243.9 151.5 184.1 136.0 300.0 331.5 304.7 176.2 258.9
1977.4 128.2 283.2 305.6 343.5 293.7 391.4 253.1 328.9 311.9 358.1 309.6 321.0 186.7 272.8 175.4 353.0 150.7 308.5 90.6 313.0 341.2 38.5 284.1 66.3 169.5 330.5 62.6 39.1 364.5 175.1 243.0 294.2 299.2 336.0 340.4 114.6 305.9 359.7 310.1 267.6 196.7 27.3 320.5 286.3 239.5 68.3 124.5 342.6 91.8 288.1 220.2 355.2 206.6 161.9 118.8 0.0 157.2 219.1 363.7 243.9 272.8 286.6 214.6 73.0 131.5 101.8 236.3 292.4 237.5 261.3 291.6 263.5 250.0 157.2 200.7 217.9 352.8 162.1 245.6 373.3 270.8 279.3 184.2 307.2 263.3 365.4 321.2 221.4 107.1 342.1 235.2 64.5 109.3 335.3 335.1 317.3 69.3 301.3
2070.0 146.5 164.9 187.3 225.2 272.3 354.6 215.5 299.3 270.3 239.8 173.0 202.0 29.4 231.5 18.1 234.0 252.5 290.9 108.9 176.4 222.9 166.6 259.1 160.5 53.0 268.4 190.7 189.0 236.6 238.1 200.0 175.9 301.1 217.0 298.8 187.6 228.0 202.4 272.1 226.3 98.4 155.4 242.6 167.3 121.2 203.3 90.2 185.3 217.5 311.9 62.9 325.6 87.6 201.1 122.7 149.8 0.0 71.1 254.7 107.3 282.0 137.7 216.0 198.7 281.4 127.9 185.9 234.5 183.2 104.0 172.6 210.6 131.7 307.1 282.3 202.0 234.5 291.7 88.3 281.5 192.9 263.6 233.9 188.9 203.4 335.8 259.1 80.4 123.0 214.9 256.4 192.6 259.2 297.3 293.5 283.5 219.2 182.3
2063.5 177.9 195.7 218.1 213.3 282.4 350.1 211.0 294.8 263.3 184.5 109.9 195.0 93.5 224.5 82.2 227.0 314.1 286.4 172.4 113.3 253.7 230.1 252.1 193.5 116.2 261.4 254.2 252.5 230.8 248.1 193.0 139.6 296.6 210.0 291.8 181.1 221.0 200.6 267.6 219.3 160.0 218.9 235.6 160.3 132.0 236.3 144.1 183.5 250.5 322.0 40.4 321.1 77.0 239.9 114.8 213.3 63.4 0.0 247.7 62.0 292.1 66.5 226.1 231.7 235.6 160.9 196.0 230.0 193.3 109.5 165.6 220.7 162.5 261.3 275.8 212.1 179.2 301.8 83.8 318.4 185.9 256.6 278.4 133.6 196.4 331.3 252.1 78.6 156.0 208.4 266.4 256.1 213.4 292.3 286.5 279.0 291.1 175.3
2058.2 228.6 343.4 365.8 403.7 432.6 250.2 116.7 105.7 88.7 395.9 297.7 174.5 264.8 120.1 193.5 177.6 211.2 85.4 257.4 354.9 401.4 371.7 76.8 272.6 195.3 68.1 365.1 362.3 415.1 389.8 87.8 354.4 76.1 189.7 117.3 371.6 27.7 359.0 178.4 114.8 211.2 360.5 42.3 140.0 299.7 356.3 304.4 341.9 352.2 514.1 205.8 132.1 187.8 260.8 280.5 342.2 235.4 242.7 0.0 293.6 445.0 309.3 402.5 310.8 413.7 240.2 373.1 156.0 370.4 260.6 145.3 397.8 371.2 439.4 441.3 420.2 388.0 418.7 240.6 460.0 134.4 82.6 244.7 356.8 128.5 142.3 110.4 258.9 235.1 393.4 419.4 397.7 403.9 152.0 112.0 97.0 403.7 155.0
2008.6 201.9 121.5 143.9 176.4 198.9 352.2 205.3 289.1 312.5 149.5 57.8 190.5 167.6 278.1 168.5 224.3 296.3 280.7 176.4 61.2 179.5 193.8 313.3 200.9 185.4 260.6 174.5 213.1 175.9 175.6 246.6 104.6 290.9 207.3 314.1 128.1 304.7 93.9 264.8 272.9 149.4 204.0 283.4 229.3 77.8 231.6 144.3 75.0 258.8 240.4 97.6 315.4 123.3 232.6 114.9 200.8 149.7 57.1 329.6 0.0 210.5 31.5 147.8 239.1 180.7 170.2 117.7 224.3 107.8 65.2 234.6 142.4 88.3 206.4 220.9 133.8 142.3 210.0 109.7 226.3 249.8 310.0 284.9 96.7 211.4 323.8 253.1 98.9 163.4 153.5 184.8 243.6 160.4 288.5 328.0 281.1 195.7 244.3
1968.7 282.4 164.8 148.8 226.7 65.0 515.6 376.9 485.4 468.4 294.5 278.5 435.2 318.5 364.6 307.3 467.4 286.5 465.1 212.9 326.5 209.1 239.5 440.7 224.7 300.9 454.7 219.8 249.9 150.3 98.1 366.0 153.7 455.8 450.4 497.0 180.7 429.7 294.9 438.6 359.3 288.5 249.3 444.7 384.5 211.0 262.6 237.9 277.8 282.6 86.4 326.1 511.8 338.6 312.5 203.0 220.6 288.6 285.6 414.2 220.6 0.0 224.8 93.1 262.9 145.1 251.7 95.0 416.2 97.7 300.5 389.8 71.5 133.1 121.6 179.1 143.6 286.6 136.4 354.6 111.6 394.6 435.2 320.0 202.8 388.7 522.0 445.0 238.0 246.6 140.4 27.9 245.9 170.4 460.9 491.7 465.2 250.2 399.5
2030.2 238.7 136.6 159.0 146.7 220.5 410.9 271.8 355.6 324.1 117.9 96.6 255.8 154.3 285.3 143.0 287.8 325.1 347.2 233.2 100.0 194.6 215.4 312.9 254.3 177.0 322.2 196.1 234.7 197.5 195.3 253.8 73.0 357.4 270.8 352.6 147.8 281.8 134.0 328.4 280.1 171.0 225.6 296.4 221.1 65.4 297.1 204.9 116.9 311.3 260.1 101.2 381.9 137.8 252.3 156.5 222.4 124.2 60.7 308.5 28.7 230.2 0.0 169.4 292.5 202.3 221.7 139.3 290.8 136.6 139.6 226.4 164.0 103.4 228.0 242.5 155.4 112.6 231.6 144.6 247.9 246.7 317.4 306.5 67.0 257.2 392.1 312.9 120.3 216.8 175.1 213.6 265.2 180.1 353.1 347.3 339.8 217.3 236.1
2015.4 202.8 185.2 169.2 206.8 100.9 455.5 317.2 442.8 434.7 295.7 216.0 379.4 244.7 330.8 233.4 411.4 250.0 412.9 165.2 219.4 229.5 196.3 401.1 188.2 227.5 394.6 177.0 218.0 152.7 63.6 377.4 157.5 422.0 394.4 463.2 133.0 370.0 298.7 374.2 325.6 254.7 206.5 384.6 344.7 214.8 273.4 164.5 281.6 245.2 140.5 259.5 478.0 265.0 264.8 129.6 223.8 215.2 219.0 421.7 150.3 87.2 228.6 0.0 226.4 113.2 203.8 21.6 356.5 24.3 215.6 350.0 48.8 136.9 96.6 129.2 45.3 290.4 75.6 236.3 175.7 334.9 402.1 303.3 206.2 327.4 488.2 385.3 183.3 198.9 130.3 63.7 203.1 138.1 399.4 457.9 405.5 202.5 359.7
1977.4 101.1 294.5 316.9 395.7 308.2 385.1 246.8 322.6 305.6 384.9 289.3 293.6 175.2 236.0 185.6 325.6 144.4 302.2 121.5 335.9 352.5 95.8 277.8 38.9 164.5 360.0 119.9 67.4 379.0 212.8 291.6 305.5 292.9 308.6 334.1 228.2 319.6 350.6 303.8 230.8 159.9 84.6 334.2 258.9 250.8 20.5 125.2 333.5 18.7 347.4 197.4 348.9 179.2 155.6 169.5 74.3 202.4 234.3 326.9 236.9 287.3 300.9 257.5 0.0 159.8 74.4 279.2 321.2 281.9 252.2 264.2 287.4 261.3 196.5 139.8 267.1 379.6 183.4 231.8 387.8 284.5 273.0 177.9 318.5 257.0 359.1 350.7 210.0 79.7 356.6 249.7 115.2 137.6 329.0 328.8 311.0 133.7 273.9
1918.2 266.1 240.6 259.5 282.9 172.2 509.5 371.2 447.0 430.0 371.8 292.8 436.0 337.9 378.4 326.6 468.0 268.8 426.6 228.5 296.2 317.5 151.5 402.2 207.0 320.7 448.6 132.2 104.7 243.0 138.2 361.1 233.6 417.3 451.0 458.5 101.9 424.0 374.8 428.2 373.2 302.3 161.7 438.6 401.3 290.9 160.1 257.7 357.7 189.6 211.8 315.4 473.3 321.6 280.0 222.8 157.8 308.4 274.9 450.7 227.1 151.3 304.7 104.6 170.8 0.0 216.8 126.3 410.5 129.0 292.4 406.6 151.4 213.0 25.6 76.2 140.8 366.5 30.5 313.1 251.8 388.9 397.4 302.3 282.3 381.4 483.5 439.3 260.1 262.2 220.6 113.7 132.2 24.8 453.4 453.2 435.4 124.4 416.3
2013.6 58.5 220.0 242.4 321.2 237.3 312.1 173.8 282.5 265.3 313.0 214.8 219.1 100.9 161.5 110.6 251.1 112.3 303.1 47.0 261.1 278.0 100.7 276.2 32.5 90.0 285.5 125.0 122.2 308.3 161.8 216.3 231.0 252.7 234.1 293.9 131.2 245.3 276.1 235.5 156.2 85.6 89.5 259.9 184.4 176.3 70.4 50.7 259.0 90.2 273.7 122.9 308.7 104.9 88.6 104.4 102.1 127.9 159.8 211.1 199.8 217.0 226.4 174.5 70.7 214.6 0.0 196.2 246.7 198.7 177.7 189.7 216.7 186.8 240.3 210.4 179.8 305.1 190.5 157.9 306.7 210.0 232.1 127.1 244.0 185.6 319.1 276.2 135.7 5.2 285.7 178.8 126.7 192.4 257.4 288.6 295.9 169.0 199.4
2005.5 217.1 140.3 159.2 182.6 86.3 433.8 295.5 421.1 413.0 271.5 194.3 357.7 223.0 309.1 211.7 389.7 263.6 391.2 179.5 197.7 217.2 218.8 379.4 218.7 205.8 372.9 199.5 235.8 142.7 101.7 355.7 133.3 400.3 372.7 441.5 123.1 348.3 274.5 352.5 303.9 233.0 226.0 362.9 323.0 190.6 261.5 142.8 257.4 275.7 125.9 237.8 456.3 243.3 253.7 107.9 220.4 193.5 197.3 400.0 128.6 96.0 204.4 30.0 256.9 143.3 186.1 0.0 334.8 2.7 193.9 328.3 24.6 112.7 126.7 159.3 51.1 266.2 105.7 214.6 151.5 313.2 380.4 317.6 182.0 305.7 466.5 363.6 161.6 181.2 120.3 72.5 263.2 155.4 377.7 436.2 383.8 192.6 338.0
2105.2 218.9 316.2 338.6 376.5 405.4 245.8 107.5 139.6 122.6 391.1 288.5 165.5 174.4 110.9 184.8 197.5 258.2 157.0 248.2 327.7 374.2 331.8 111.4 263.4 186.1 120.7 355.9 353.1 387.9 390.7 79.4 327.2 109.9 180.5 151.1 338.9 80.3 349.8 164.5 105.7 123.0 320.6 94.9 130.8 272.5 306.2 214.0 332.7 320.4 445.0 196.6 165.9 178.4 203.9 253.3 333.0 208.2 233.5 107.0 258.6 415.1 300.1 360.5 301.6 393.4 230.8 330.4 0.0 327.7 251.4 136.1 355.1 283.0 419.1 435.5 346.5 385.8 422.7 231.0 432.8 27.2 115.9 196.3 340.2 117.7 176.1 111.4 231.7 225.9 366.2 409.0 357.8 371.2 151.6 145.8 149.6 399.9 145.8
2002.8 214.4 143.0 161.9 185.3 89.0 431.1 292.8 418.3 410.2 274.2 191.6 354.8 220.3 306.4 209.0 387.0 260.9 388.5 176.8 195.0 219.9 216.1 376.7 216.0 203.1 370.2 196.8 233.1 145.4 104.4 352.2 136.0 397.6 370.0 438.8 120.4 345.6 277.2 354.5 301.1 230.3 223.3 360.2 320.3 193.3 253.9 140.1 260.1 273.9 128.6 235.1 453.6 240.6 251.0 105.2 217.7 190.8 194.6 356.0 133.7 98.7 207.1 32.7 254.2 145.7 183.6 2.7 332.1 0.0 191.2 325.6 27.3 115.4 129.4 162.0 48.4 268.9 108.4 265.6 154.2 310.5 377.0 314.9 184.7 304.6 463.8 360.9 158.9 178.5 123.0 75.2 260.5 152.7 376.4 433.5 381.1 189.9 335.3
2077.0 207.5 213.2 235.9 143.4 287.1 286.9 147.8 231.6 247.2 132.6 65.2 134.8 110.1 222.4 112.8 166.8 327.6 223.2 191.8 83.6 217.2 260.7 248.0 207.0 129.7 204.9 284.8 283.1 244.3 242.1 190.1 149.6 233.4 149.8 256.6 194.6 247.2 98.3 204.4 217.1 173.5 249.5 261.8 173.6 142.0 244.9 157.6 81.2 264.9 326.7 88.7 257.9 67.6 273.9 192.1 243.9 94.0 77.2 273.9 66.4 296.8 98.0 216.2 245.2 249.1 174.4 186.1 166.8 183.4 0.0 178.9 210.8 180.0 274.8 289.3 202.2 127.3 278.4 54.0 314.5 194.1 252.0 291.9 123.4 155.7 266.7 195.6 155.9 169.5 221.9 273.3 286.7 226.9 229.6 270.5 215.8 264.1 188.6
2154.3 203.2 342.9 371.0 278.5 422.2 208.7 60.3 174.5 159.7 267.7 200.3 29.1 167.3 134.9 177.7 61.3 307.3 135.7 244.6 218.7 352.3 318.4 160.5 264.2 186.9 117.4 342.5 343.0 379.4 376.1 102.6 284.7 145.9 44.3 169.1 329.7 159.7 233.4 106.0 129.7 149.7 307.2 174.3 154.8 277.1 302.1 204.6 216.3 322.1 461.8 145.9 170.4 124.6 230.6 280.0 319.6 234.9 182.8 216.4 201.5 432.3 249.4 351.3 302.4 384.2 231.8 321.2 79.3 318.5 135.0 0.0 345.9 309.7 409.9 419.8 337.3 262.4 413.5 154.6 449.6 106.6 164.5 253.6 258.5 96.9 180.6 108.1 258.4 226.7 357.0 393.3 344.4 362.0 132.6 183.0 128.3 386.5 9.7
2029.0 238.9 115.6 134.5 157.9 61.6 457.3 319.0 440.4 423.4 246.8 217.8 381.2 246.5 319.5 235.2 413.2 286.1 414.7 201.3 221.2 192.5 232.4 395.6 242.2 229.3 396.4 213.1 254.1 118.0 86.7 379.2 108.6 410.7 396.2 451.9 146.6 371.8 249.8 376.0 314.3 243.4 242.6 386.4 346.5 165.9 285.0 166.3 232.7 299.2 101.2 261.3 466.7 266.8 277.2 131.4 243.9 217.0 220.8 410.4 152.1 71.3 179.7 36.0 280.4 149.3 209.6 23.4 358.3 26.1 255.4 351.8 0.0 88.0 132.7 165.3 74.6 241.5 111.7 276.1 126.8 336.7 390.8 378.9 157.3 329.2 476.9 387.1 192.9 204.7 95.6 47.8 239.2 174.2 401.2 446.6 407.3 216.1 361.5
2032.5 184.8 33.1 55.5 93.4 122.3 382.0 243.7 352.3 335.2 184.9 155.5 285.8 163.3 231.4 152.0 307.3 309.4 331.9 183.8 158.9 91.1 241.5 307.5 206.8 146.1 321.1 198.4 263.9 104.8 197.6 232.8 44.1 322.6 301.0 363.8 150.1 296.5 185.3 305.4 226.2 155.3 230.3 311.1 251.3 43.6 244.7 157.4 168.2 264.7 161.9 216.5 378.6 192.6 236.6 120.8 224.7 133.8 176.0 281.0 89.8 132.4 115.2 171.7 245.0 204.6 174.4 141.6 283.0 138.9 190.9 256.6 166.3 0.0 230.3 244.8 157.7 177.0 233.9 245.0 149.7 261.4 302.0 290.8 92.8 253.9 388.8 311.8 104.8 169.3 94.9 108.5 267.5 182.4 327.3 358.5 332.0 219.6 266.3
1941.7 281.2 214.9 233.8 257.2 146.5 517.1 378.8 454.6 437.6 346.1 300.4 443.6 350.6 418.8 339.3 475.6 276.4 434.2 243.6 303.8 291.8 172.3 409.8 214.6 333.4 456.2 153.0 128.2 217.3 112.5 368.7 207.9 424.9 458.6 466.1 122.7 431.6 349.1 435.8 413.6 342.7 182.5 446.2 408.9 265.2 183.6 270.4 332.0 213.1 186.1 323.0 480.9 329.2 287.6 235.5 181.3 321.1 282.5 509.7 234.7 125.6 279.0 105.8 194.3 23.4 224.4 127.5 418.1 130.2 300.0 414.2 125.7 187.3 0.0 57.4 151.2 340.8 31.7 320.7 226.1 396.5 405.0 309.9 256.6 389.0 491.1 446.9 292.2 229.7 194.9 88.0 155.7 48.3 461.0 460.8 443.0 147.9 423.9
1909.3 358.4 236.7 255.6 279.0 168.3 557.3 419.0 494.7 477.7 370.5 340.6 511.2 394.1 440.6 382.8 543.4 316.6 474.4 288.9 344.0 313.6 215.6 450.0 254.8 376.9 496.4 196.3 197.8 239.1 134.3 408.9 229.7 465.1 526.4 506.3 166.0 471.8 370.9 480.7 435.4 364.5 225.8 486.4 449.1 287.0 263.6 313.9 353.8 283.6 207.5 402.1 521.1 369.4 327.8 279.0 243.1 364.6 361.6 490.2 274.9 147.4 300.8 167.1 263.9 93.0 264.6 171.0 458.3 173.7 376.5 454.4 147.5 209.1 69.5 0.0 219.2 362.6 101.3 430.6 247.9 436.7 444.5 350.1 278.4 429.2 531.3 487.1 314.0 269.9 216.7 109.8 222.4 117.9 502.6 501.0 483.2 217.5 464.1
2001.2 188.6 224.3 208.3 246.3 141.5 448.0 309.7 435.4 427.1 337.8 208.5 371.7 237.2 323.3 225.9 403.9 247.5 405.4 151.0 211.9 268.6 187.8 393.6 222.2 220.0 387.1 168.5 204.8 191.8 133.8 369.9 197.0 414.5 386.9 455.7 118.8 362.5 338.2 366.8 318.0 247.2 198.0 377.1 337.2 254.3 260.1 157.0 321.1 280.1 181.1 252.0 470.5 257.5 337.5 122.1 209.9 207.7 211.5 372.9 152.4 128.2 268.1 54.2 260.4 117.4 189.6 62.8 349.0 60.9 208.1 342.5 88.3 176.4 143.1 168.6 0.0 329.9 129.9 282.5 215.2 327.4 393.9 289.1 245.7 321.5 480.7 377.8 175.8 184.7 169.4 116.7 194.6 124.9 393.3 450.4 398.0 286.7 352.2
2134.4 336.6 184.0 224.7 132.2 271.8 332.6 293.0 377.0 392.5 5.3 121.1 280.0 255.3 367.6 258.0 281.7 426.1 368.4 337.0 63.5 206.0 319.6 393.2 352.2 274.9 350.1 300.3 338.9 266.8 299.5 336.1 120.4 378.6 295.0 401.8 252.0 392.4 122.8 308.4 362.4 272.0 329.8 407.0 318.8 112.8 395.0 302.8 105.7 409.2 311.4 219.5 403.1 212.8 353.3 274.8 326.6 239.2 179.0 419.1 132.9 281.5 118.2 273.6 390.4 306.5 319.6 243.5 312.0 240.8 145.1 324.1 268.2 150.8 332.2 346.7 259.6 0.0 335.8 165.8 299.2 339.3 397.7 407.5 94.2 299.3 396.3 340.8 238.6 314.7 244.4 258.0 369.4 284.3 333.6 415.7 361.0 321.5 333.8
1955.8 249.4 259.3 243.3 278.2 167.5 485.3 347.0 422.9 405.7 369.7 268.6 411.8 318.8 354.2 307.5 443.8 244.6 402.4 211.8 272.0 303.6 140.5 378.0 182.8 301.6 424.4 121.2 142.3 226.8 122.5 336.9 228.9 393.1 426.8 434.3 90.9 399.8 370.1 408.7 348.9 278.1 150.7 414.4 377.1 286.2 208.1 238.6 353.0 228.1 207.1 291.2 449.1 297.4 255.8 203.7 168.0 289.3 250.7 426.5 210.7 146.6 300.0 74.0 208.4 37.5 192.6 95.7 386.3 98.4 268.2 382.4 122.9 208.3 20.9 53.5 119.4 361.8 0.0 364.1 247.1 364.7 373.7 278.1 277.6 357.2 459.3 415.1 235.9 197.9 204.4 109.0 147.3 62.4 430.6 429.0 411.2 160.4 392.1
2133.4 171.9 251.6 291.9 199.4 352.3 306.5 167.4 251.2 266.8 188.6 121.2 154.2 90.6 218.5 100.5 186.4 308.1 242.8 172.3 139.6 273.2 253.3 246.1 187.5 110.2 224.5 277.4 275.7 300.7 315.7 186.2 209.5 253.0 169.4 276.2 251.0 215.0 154.3 224.0 213.2 154.0 242.1 229.6 154.3 201.9 225.4 138.1 137.2 245.4 391.9 69.2 277.5 48.1 233.9 184.7 236.5 86.6 69.8 241.7 131.9 362.0 136.4 296.0 225.7 305.5 155.1 265.9 186.4 263.2 55.9 159.6 290.6 218.4 331.2 365.6 282.0 183.3 371.7 0.0 370.5 179.9 250.1 272.4 203.5 175.3 287.7 215.2 148.5 150.0 278.3 334.0 279.3 283.3 250.6 290.1 235.4 305.9 169.3
2029.5 320.7 108.4 92.4 170.3 119.1 509.8 371.5 480.1 463.1 286.5 272.8 430.0 291.1 359.2 279.8 462.0 437.2 459.7 283.1 276.2 152.7 316.5 435.3 302.1 273.9 448.9 297.2 327.3 93.9 176.1 361.4 148.3 450.4 445.0 491.6 250.6 424.3 289.5 428.5 354.0 283.1 326.7 438.9 379.1 205.6 344.9 270.3 272.4 359.1 158.7 320.7 506.4 362.8 364.4 235.4 298.0 261.6 280.2 450.1 207.1 128.8 219.4 140.0 340.3 222.5 302.0 127.4 410.8 130.1 295.1 384.4 103.9 127.7 199.0 256.5 187.3 281.2 211.5 315.8 0.0 389.2 430.5 418.6 197.0 381.7 516.6 439.6 232.6 297.1 71.5 105.3 323.3 247.4 453.7 486.3 459.8 320.1 394.1
2078.1 191.6 288.9 311.3 349.2 378.1 218.5 80.2 205.8 175.3 363.8 261.2 138.2 147.1 83.6 157.5 170.2 187.6 175.9 220.9 300.4 346.9 304.5 164.1 236.1 158.8 157.6 328.6 325.8 360.6 363.4 52.1 299.9 186.1 153.2 203.8 311.6 133.0 322.5 137.2 78.4 95.7 293.3 147.6 103.5 245.2 278.9 186.7 305.4 293.1 417.7 169.3 210.6 151.1 176.6 226.0 305.7 180.9 206.2 159.7 231.3 387.8 272.8 333.2 274.3 366.1 203.5 303.1 119.5 300.4 224.1 108.8 327.8 255.7 391.8 408.2 319.2 358.5 395.4 203.7 405.5 0.0 168.6 169.0 312.9 90.4 220.8 148.3 204.4 198.6 338.9 381.7 330.5 343.9 162.4 198.5 168.5 372.6 118.5
1989.2 226.5 323.0 345.4 383.3 396.0 188.8 116.5 49.5 32.4 398.4 297.5 175.0 183.9 119.9 193.8 206.0 142.7 29.1 253.2 334.5 381.0 290.3 5.4 250.9 194.6 119.0 314.4 308.7 394.7 320.2 88.9 334.0 19.8 189.5 61.0 289.7 78.6 358.8 174.0 115.2 129.8 279.6 93.2 139.8 279.3 274.9 223.5 341.7 270.8 432.7 205.6 75.8 187.9 178.9 263.9 291.5 215.0 242.5 46.7 273.2 376.1 309.1 333.5 275.2 344.7 199.8 355.2 155.8 357.4 260.4 144.6 375.7 289.8 370.4 360.4 338.8 392.6 349.2 240.4 465.7 134.2 0.0 175.7 347.5 127.2 86.7 110.2 238.0 204.6 373.5 337.5 315.8 322.5 151.3 55.7 37.4 334.7 154.8
2043.0 188.4 243.2 265.6 303.5 328.8 207.1 68.8 194.4 163.9 318.1 251.3 115.7 141.9 90.2 153.4 147.7 152.5 164.5 144.7 254.7 301.2 241.1 152.7 159.9 131.2 146.2 265.2 263.5 314.9 330.0 58.7 254.2 174.7 130.7 192.4 300.5 121.6 301.8 125.8 85.0 50.0 229.9 136.2 110.1 199.5 202.7 92.5 284.7 216.9 368.4 164.1 199.2 145.9 98.0 179.2 224.3 135.2 184.7 148.3 185.6 338.5 251.0 272.5 198.1 355.0 127.3 242.4 108.1 239.7 203.4 115.4 267.1 210.0 369.2 338.0 258.5 312.8 348.2 183.0 394.0 86.5 157.2 0.0 267.2 79.0 209.4 136.9 158.7 122.4 293.2 348.3 267.1 332.8 151.0 187.1 157.1 345.0 125.1
2096.1 249.1 131.6 164.4 110.4 198.3 421.4 282.3 366.2 381.7 112.7 152.8 269.1 220.2 356.9 208.9 301.3 373.7 357.7 248.1 171.0 151.1 281.3 382.5 271.1 242.9 339.4 262.0 300.6 193.3 254.7 324.6 68.0 367.9 284.3 391.1 213.7 347.7 128.8 338.9 351.6 219.6 291.5 362.3 287.0 60.4 309.0 221.7 111.7 329.0 237.9 167.1 392.4 201.9 300.9 222.4 288.3 190.1 126.6 345.3 120.9 208.0 65.8 235.3 309.3 268.2 238.5 205.2 301.3 202.5 134.4 292.3 183.1 98.4 293.9 308.4 221.3 107.4 297.5 188.5 225.7 312.6 386.5 355.1 0.0 290.2 402.6 330.1 186.2 233.6 170.9 184.5 331.1 246.0 365.5 405.0 350.3 283.2 302.0
2154.3 177.5 292.3 358.0 265.5 409.2 128.0 9.7 115.4 158.1 257.3 187.3 34.1 147.8 84.3 157.7 66.3 221.6 135.7 221.6 205.7 339.3 305.2 160.5 236.8 161.1 84.8 329.3 326.5 364.0 363.1 52.0 271.7 145.9 49.3 169.1 315.0 98.8 220.4 51.4 79.0 99.1 294.0 113.4 104.2 248.6 274.7 187.4 203.3 294.7 448.8 132.9 137.9 111.6 180.0 229.4 306.4 184.3 169.8 216.4 190.4 419.3 236.4 336.6 275.0 369.5 204.4 306.5 81.2 305.4 122.0 109.5 331.2 259.1 395.2 408.4 322.6 249.4 400.4 143.2 436.6 108.5 165.5 203.0 245.5 0.0 134.6 75.5 209.4 199.3 342.3 380.3 331.2 347.3 73.3 183.0 128.3 373.3 119.2
2084.5 321.3 418.3 440.7 395.4 490.7 137.0 157.6 45.6 89.9 384.6 317.2 164.0 278.7 215.2 288.6 196.2 237.5 65.9 348.5 335.6 469.2 385.6 90.7 346.7 290.4 104.7 409.7 404.0 490.0 415.0 182.9 401.6 76.1 179.2 99.3 385.5 174.4 350.3 157.6 209.9 225.1 374.4 189.0 235.1 374.6 370.2 318.3 332.1 365.0 528.0 262.8 68.1 241.7 274.7 358.7 386.8 310.3 299.7 141.5 320.3 471.3 366.3 428.8 370.5 440.0 294.4 450.5 132.9 453.2 251.9 240.4 471.0 385.1 465.7 455.2 434.1 379.3 445.0 271.5 561.0 160.2 94.7 271.0 375.4 145.5 0.0 95.4 333.8 299.9 468.3 433.3 411.6 417.8 137.0 113.2 58.5 430.0 250.1
2122.5 359.3 456.3 478.7 433.4 529.8 139.7 192.7 83.5 128.0 422.6 355.2 202.2 316.7 253.2 327.1 234.2 275.5 103.9 386.5 373.6 507.2 423.6 128.7 384.7 328.4 9.3 447.7 442.0 528.0 453.0 221.7 439.6 114.1 217.2 137.3 423.5 212.4 388.3 160.2 248.0 263.1 412.4 227.0 273.1 412.6 395.1 356.3 371.2 405.0 566.0 300.8 106.1 279.7 312.7 396.7 424.8 348.3 337.7 179.5 398.7 508.9 404.3 466.8 408.5 478.0 332.6 488.5 170.9 491.2 289.9 278.4 509.0 423.1 503.7 493.2 472.1 417.3 483.0 269.5 599.0 198.2 133.2 309.0 413.4 183.5 102.8 0.0 371.8 337.9 506.3 471.3 449.6 455.8 40.1 151.2 96.5 468.0 288.1
2032.1 163.6 127.0 149.4 187.3 216.2 339.7 282.6 310.1 292.9 201.9 135.1 266.7 165.2 189.1 153.9 298.7 267.1 358.0 160.2 138.5 185.0 199.2 323.8 164.5 187.9 333.1 223.3 221.6 198.7 222.3 264.7 138.0 368.2 281.7 321.5 149.7 292.7 218.0 258.4 183.8 113.0 188.0 307.3 232.0 83.3 202.4 141.9 200.9 222.4 255.8 112.1 336.3 148.9 194.3 89.0 182.4 135.1 71.6 280.0 77.2 225.9 134.8 200.3 202.7 204.2 131.9 170.2 301.6 167.5 134.7 237.3 194.9 93.8 229.9 244.4 186.3 196.6 276.0 141.9 243.6 257.6 328.3 248.5 151.0 211.6 346.5 323.8 0.0 127.0 177.0 240.6 225.2 182.0 285.0 316.2 350.6 219.2 247.0
2063.2 21.3 214.7 237.1 315.9 242.4 306.8 168.5 277.1 260.1 305.1 209.5 213.8 95.4 156.2 105.8 245.8 206.8 297.8 41.7 266.0 272.7 105.8 270.9 37.4 84.7 280.2 129.9 127.1 313.2 165.6 211.8 225.7 247.4 228.8 288.6 136.1 239.8 270.8 225.5 151.0 80.1 94.6 254.4 179.1 171.0 80.2 45.4 253.7 94.4 278.6 117.6 303.4 99.4 83.3 109.3 107.0 122.6 154.5 247.1 196.9 221.5 221.1 179.4 75.6 219.5 4.8 201.1 241.4 203.8 172.4 184.4 221.6 181.5 245.2 215.5 184.7 299.8 195.6 152.0 311.6 204.7 227.5 121.8 238.7 178.7 313.6 270.9 130.2 0.0 290.8 183.9 131.8 197.3 250.7 283.3 290.4 173.9 194.1
1972.6 291.8 87.1 71.9 154.3 121.9 489.0 350.7 459.3 442.2 265.7 234.3 368.8 270.3 338.4 259.5 400.8 416.4 438.9 279.7 237.7 132.2 314.8 414.5 313.8 253.1 438.9 295.5 333.5 22.3 178.3 339.8 127.5 429.6 383.8 470.8 212.1 403.5 268.7 407.8 333.1 262.3 325.0 418.1 358.3 184.8 351.7 258.5 251.6 371.7 161.5 256.9 485.6 301.4 343.6 223.6 286.7 240.8 216.4 388.0 168.6 131.6 198.6 118.4 352.0 231.7 281.2 123.8 400.8 126.5 233.9 363.6 106.7 106.9 215.1 247.7 148.8 260.4 194.1 286.7 149.3 368.4 409.7 397.8 176.2 360.9 495.8 429.6 211.8 276.3 0.0 108.1 321.6 244.4 434.3 465.5 449.8 281.6 373.3
2000.3 216.6 126.8 145.7 169.1 58.4 481.3 343.0 451.6 434.5 258.0 244.6 401.5 284.2 330.7 272.9 433.5 258.5 431.2 179.0 292.6 203.7 211.1 406.8 196.7 267.0 420.4 191.8 221.9 129.2 70.1 332.9 119.8 421.9 416.5 463.1 146.8 395.8 261.0 400.0 325.4 254.6 221.3 410.4 350.6 177.1 234.6 204.0 243.9 254.6 98.0 292.2 477.9 304.5 278.6 169.1 192.6 254.7 251.7 380.3 186.7 37.9 190.9 59.2 234.9 117.1 217.6 61.1 382.3 63.8 266.6 355.9 37.6 99.2 93.6 161.0 109.3 252.7 107.4 320.7 138.0 360.7 401.3 317.1 168.5 353.2 488.1 411.1 204.1 212.7 106.8 0.0 217.9 142.0 426.6 457.8 431.3 216.3 365.6
1981.4 129.4 246.9 292.6 368.8 205.3 391.8 253.5 329.4 312.2 340.0 237.0 332.9 198.2 258.7 186.9 334.6 151.1 308.9 91.8 240.4 304.9 102.0 284.5 89.3 181.0 330.9 126.1 124.4 276.1 128.5 242.6 295.1 299.6 347.9 340.8 99.0 306.3 273.1 310.6 253.4 182.6 90.8 320.9 298.2 203.2 127.2 118.0 256.0 147.2 241.5 195.0 355.6 218.7 162.3 54.2 85.2 168.7 154.5 308.3 171.3 184.4 222.0 160.7 127.5 216.8 130.4 166.3 292.8 163.6 236.6 303.5 191.0 213.7 242.5 267.4 156.0 334.7 228.9 224.8 274.5 271.2 280.2 184.6 289.1 265.3 365.8 321.6 156.8 125.5 253.7 146.8 0.0 194.6 337.1 335.5 317.7 117.6 313.2
1893.3 250.9 262.8 281.7 305.1 194.4 494.3 356.0 431.9 414.7 394.0 277.6 443.6 319.7 386.0 308.4 475.6 253.6 411.4 213.3 281.0 339.7 136.3 387.0 191.8 302.5 433.4 117.0 79.8 265.2 160.4 345.1 255.8 402.1 458.6 443.3 86.7 408.8 397.0 417.7 380.7 309.9 146.5 423.4 408.9 313.1 145.6 242.5 379.9 165.6 234.0 300.2 458.1 329.4 264.8 161.6 132.9 290.2 259.7 435.5 211.9 173.5 326.9 126.8 145.9 22.1 224.4 148.5 395.3 151.2 277.2 414.2 173.6 235.2 47.8 91.3 125.6 388.7 52.7 365.0 274.0 373.7 382.7 287.1 304.5 366.2 468.3 424.1 244.9 229.7 242.8 135.9 107.3 0.0 439.6 438.0 420.2 99.5 423.9
2080.9 299.9 414.7 437.1 391.8 488.2 231.6 154.0 41.8 86.3 381.0 313.6 160.6 275.1 211.6 285.0 192.6 233.9 62.3 344.9 332.0 465.6 382.0 87.1 343.1 286.8 101.1 406.1 400.4 486.4 412.5 180.1 398.0 72.5 175.6 95.7 381.9 170.8 346.7 193.4 206.3 221.5 370.8 185.4 231.5 371.0 366.6 314.7 329.6 362.5 524.4 259.2 64.5 237.9 271.1 355.1 383.2 306.7 296.1 137.9 357.1 467.3 362.7 425.2 366.9 436.4 290.8 446.9 129.3 449.6 248.3 236.8 467.4 381.5 462.1 451.6 430.5 375.7 441.4 267.9 557.4 156.6 91.1 267.4 371.8 143.5 61.2 91.8 330.2 296.3 464.7 429.7 408.0 414.2 0.0 109.6 54.9 426.4 246.5
2063.0 299.8 396.8 419.2 406.6 470.3 204.8 190.3 65.5 29.8 395.8 328.4 175.4 257.2 193.7 267.6 207.4 216.0 45.1 327.0 346.8 454.8 364.1 69.2 325.2 268.9 115.9 388.2 382.5 468.5 393.5 162.2 407.8 54.6 190.4 77.0 364.0 152.9 361.5 203.5 188.5 203.6 352.9 167.5 213.6 353.1 335.6 296.8 344.4 345.5 506.5 274.0 91.8 261.2 253.2 337.2 365.3 288.8 310.9 120.0 339.2 449.4 377.5 407.3 349.0 418.5 273.1 429.0 144.1 431.7 263.1 218.9 449.5 363.6 444.2 433.7 412.6 390.5 423.5 242.7 539.5 171.4 73.7 249.5 386.6 156.7 102.0 106.6 312.3 278.4 446.8 411.8 390.1 396.3 146.8 0.0 53.9 408.5 228.6
2025.9 244.9 359.7 382.1 352.6 433.2 150.8 153.2 11.6 31.3 344.4 274.4 121.4 220.1 156.6 230.5 153.4 178.9 7.3 289.9 292.8 417.7 327.0 32.1 288.1 231.8 61.9 351.1 345.4 431.4 356.4 124.3 370.7 17.5 136.4 40.7 326.9 115.8 307.5 154.2 151.3 166.5 315.8 130.4 176.5 316.0 311.6 259.7 290.4 307.5 469.4 242.3 37.8 224.1 216.1 300.1 328.2 251.7 279.2 88.0 309.9 412.7 345.8 370.2 311.9 381.4 235.8 391.9 90.1 394.6 209.1 181.8 412.4 326.5 407.1 396.6 375.5 336.5 386.4 228.7 502.4 170.9 36.6 212.4 383.7 104.3 48.0 52.6 275.2 241.3 409.7 374.7 353.0 359.2 94.2 54.6 0.0 371.4 191.5
1943.7 208.5 339.1 369.8 396.7 286.0 471.7 333.4 409.2 392.2 377.9 329.2 396.8 267.0 296.6 255.7 428.8 231.0 388.8 170.9 332.6 397.1 88.6 364.4 142.1 249.8 410.8 71.6 69.5 353.3 340.7 394.8 347.4 379.5 411.8 420.7 131.3 386.2 365.3 390.4 291.4 220.5 78.7 400.8 362.1 295.4 123.5 155.9 348.2 141.8 325.6 232.9 435.5 282.4 312.2 92.1 80.2 237.5 192.4 387.5 263.5 265.1 259.9 206.9 123.0 116.9 177.6 228.6 372.7 228.0 328.8 367.4 255.4 326.8 142.6 186.1 293.1 372.6 147.5 276.3 365.6 351.1 359.6 264.5 327.0 343.6 445.7 401.5 194.7 182.9 330.9 227.5 37.8 94.7 415.6 415.4 397.6 0.0 377.1
2144.6 193.5 333.2 361.3 268.8 412.5 199.0 50.6 164.9 150.1 258.0 190.6 19.6 157.6 125.2 168.0 51.6 297.6 126.0 234.9 209.0 342.6 308.7 150.8 254.5 177.2 107.7 332.8 333.3 369.7 365.3 93.7 275.0 136.2 34.6 159.4 320.0 150.0 223.7 96.3 120.0 140.0 297.5 164.6 145.1 267.4 286.4 194.9 206.6 311.5 452.1 136.2 160.7 115.1 220.9 270.3 309.9 225.2 173.1 176.7 200.9 422.2 239.7 341.6 292.7 374.5 221.9 311.5 69.6 308.8 125.3 150.4 336.2 300.0 400.2 410.1 327.6 252.7 403.8 104.9 439.9 96.9 155.3 243.9 248.8 87.2 170.9 98.4 248.7 217.0 347.3 383.6 334.7 352.3 121.5 173.3 118.6 376.8 0.0
