Name		1284_BED-Amazon_n119_m257_bt32
Number_of_Customers	119
Number_of_Items		257
Number_of_ItemTypes	32
Number_of_Vehicles	1
TimeWindows		0
Dist_type	manual

VEHICLE
Mass_Capacity	1024
CargoSpace_Length	212
CargoSpace_Width	111
CargoSpace_Height	105

CUSTOMERS
i	x	y	Demand	ReadyTime	DueDate	ServiceTime	DemandedMass	DemandedVolume
0	33.688122	-117.847178	0	0	0	0	0	0
1	33.644696	-117.746154	1	0	0	0	14.1	4140
2	33.61857	-117.73434	3	0	0	0	8.0	14420
3	33.621956	-117.73495	1	0	0	0	1.75	4608
4	33.624377	-117.743467	1	0	0	0	4.7	1380
5	33.646224	-117.752123	8	0	0	0	50.09	41916
6	33.618044	-117.741665	1	0	0	0	4.7	1380
7	33.628358	-117.736247	2	0	0	0	8.52	8980
8	33.643572	-117.749422	4	0	0	0	15.85	17548
9	33.625226	-117.736753	1	0	0	0	0.7	2640
10	33.617158	-117.745618	1	0	0	0	2.15	1080
11	33.622456	-117.738185	1	0	0	0	2.6	10400
12	33.629234	-117.738563	1	0	0	0	0.7	2640
13	33.625942	-117.737985	1	0	0	0	0.7	2640
14	33.622334	-117.735045	2	0	0	0	6.45	5988
15	33.648143	-117.75064	7	0	0	0	39.78	37147
16	33.644416	-117.746866	1	0	0	0	4.7	1380
17	33.643486	-117.75118	1	0	0	0	14.15	1000
18	33.646296	-117.749139	4	0	0	0	13.55	9836
19	33.642509	-117.74819	1	0	0	0	4.7	1380
20	33.629847	-117.737302	1	0	0	0	1.9	1176
21	33.618307	-117.743335	4	0	0	0	13.65	13384
22	33.645469	-117.747534	1	0	0	0	3.01	5544
23	33.626521	-117.741617	1	0	0	0	7.3	3640
24	33.6167	-117.739636	1	0	0	0	3.82	7600
25	33.616144	-117.748048	2	0	0	0	5.51	9522
26	33.621875	-117.737311	1	0	0	0	0.7	2640
27	33.620246	-117.745275	1	0	0	0	0.7	2640
28	33.646358	-117.750364	1	0	0	0	2.5	3978
29	33.620678	-117.738764	1	0	0	0	4.7	1380
30	33.623081	-117.73733	1	0	0	0	1.8	2520
31	33.646169	-117.744432	6	0	0	0	23.8	20262
32	33.621738	-117.740675	3	0	0	0	20.52	14000
33	33.629713	-117.735846	1	0	0	0	1.9	1176
34	33.617961	-117.739718	1	0	0	0	4.7	1380
35	33.618414	-117.746128	1	0	0	0	4.7	1380
36	33.618063	-117.741055	1	0	0	0	0.7	2640
37	33.626326	-117.742035	2	0	0	0	16.6	11161
38	33.622368	-117.740962	1	0	0	0	1.9	1176
39	33.647267	-117.750491	3	0	0	0	8.51	14384
40	33.626959	-117.742212	1	0	0	0	4.7	1380
41	33.620427	-117.737762	2	0	0	0	9.2	4816
42	33.646224	-117.746773	5	0	0	0	26.35	20562
43	33.642922	-117.750604	1	0	0	0	3.82	7600
44	33.646839	-117.751344	2	0	0	0	7.4	19560
45	33.624944	-117.742692	1	0	0	0	4.7	1380
46	33.628663	-117.736898	2	0	0	0	9.5	7580
47	33.623418	-117.743864	1	0	0	0	4.7	1380
48	33.645129	-117.746729	2	0	0	0	9.99	9455
49	33.644778	-117.750978	1	0	0	0	1.8	2520
50	33.630414	-117.740931	1	0	0	0	4.7	1380
51	33.621246	-117.739471	4	0	0	0	14.37	18803
52	33.645712	-117.748998	3	0	0	0	9.75	10888
53	33.629718	-117.740325	1	0	0	0	0.7	2640
54	33.644626	-117.7461	4	0	0	0	25.03	27444
55	33.64556	-117.750945	3	0	0	0	11.09	20320
56	33.64796	-117.752091	4	0	0	0	7.78	14990
57	33.629101	-117.737789	1	0	0	0	0.7	2640
58	33.619313	-117.73511	1	0	0	0	4.7	1380
59	33.623606	-117.743106	3	0	0	0	14.66	33865
60	33.646641	-117.749844	1	0	0	0	4.7	1380
61	33.623447	-117.737876	1	0	0	0	3.5	9216
62	33.647584	-117.751534	1	0	0	0	4.7	1380
63	33.625326	-117.740985	1	0	0	0	9.4	2760
64	33.619396	-117.743278	3	0	0	0	17.4	9040
65	33.618346	-117.74166	1	0	0	0	3.82	8580
66	33.648092	-117.752888	2	0	0	0	7.89	18475
67	33.630092	-117.739142	1	0	0	0	9.4	2760
68	33.620599	-117.735123	1	0	0	0	4.7	1380
69	33.621677	-117.744271	2	0	0	0	6.45	5988
70	33.6225	-117.737023	1	0	0	0	1.9	1176
71	33.625467	-117.741852	2	0	0	0	2.45	7248
72	33.618396	-117.740835	3	0	0	0	7.3	5196
73	33.646668	-117.748306	2	0	0	0	6.6	2556
74	33.625902	-117.737655	1	0	0	0	3.82	7600
75	33.644539	-117.752074	2	0	0	0	14.69	10835
76	33.62261	-117.736442	1	0	0	0	1.9	1176
77	33.619516	-117.747122	1	0	0	0	7.3	3640
78	33.625081	-117.739209	1	0	0	0	4.7	1380
79	33.625336	-117.737682	1	0	0	0	2.15	1080
80	33.630123	-117.739279	1	0	0	0	3.82	7600
81	33.643049	-117.748797	5	0	0	0	10.12	23970
82	33.625974	-117.740677	2	0	0	0	4.91	6720
83	33.617261	-117.747225	1	0	0	0	4.7	1380
84	33.615065	-117.744382	2	0	0	0	5.99	10715
85	33.619228	-117.741439	2	0	0	0	6.1	6660
86	33.62426	-117.7373	1	0	0	0	4.7	1380
87	33.625879	-117.740068	1	0	0	0	4.7	1380
88	33.620601	-117.744289	1	0	0	0	4.7	1380
89	33.642984	-117.749806	2	0	0	0	10.8	8040
90	33.627186	-117.741196	1	0	0	0	1.9	6496
91	33.644779	-117.745682	1	0	0	0	4.7	1380
92	33.644779	-117.743408	1	0	0	0	2.54	5952
93	33.645376	-117.749703	1	0	0	0	2.75	9072
94	33.617883	-117.74519	2	0	0	0	12.0	5020
95	33.645418	-117.746339	2	0	0	0	3.65	5784
96	33.619404	-117.74552	1	0	0	0	9.4	2760
97	33.622301	-117.743752	2	0	0	0	20.7	6696
98	33.620149	-117.736003	1	0	0	0	7.3	3640
99	33.622961	-117.738591	2	0	0	0	4.76	10152
100	33.645035	-117.746974	2	0	0	0	12.0	5020
101	33.623177	-117.73972	1	0	0	0	4.7	1380
102	33.628477	-117.736867	2	0	0	0	3.71	8184
103	33.622118	-117.742909	1	0	0	0	0.7	2640
104	33.64573	-117.748979	4	0	0	0	19.02	23453
105	33.623515	-117.736731	1	0	0	0	1.8	2520
106	33.620291	-117.742835	2	0	0	0	5.99	10715
107	33.624298	-117.73791	3	0	0	0	7.4	10016
108	33.624813	-117.742994	2	0	0	0	4.25	8586
109	33.621604	-117.735518	1	0	0	0	4.7	1380
110	33.645696	-117.749017	2	0	0	0	6.45	5988
111	33.647474	-117.74974	1	0	0	0	7.3	3640
112	33.620012	-117.73816	1	0	0	0	7.3	3640
113	33.643802	-117.747271	1	0	0	0	0.7	2640
114	33.624045	-117.741503	1	0	0	0	4.7	1380
115	33.618573	-117.73518	1	0	0	0	4.7	1380
116	33.618708	-117.740192	1	0	0	0	2.15	1080
117	33.623024	-117.739188	2	0	0	0	5.4	4020
118	33.62662	-117.736726	3	0	0	0	11.01	14700
119	33.621251	-117.741243	2	0	0	0	14.27	42736

ITEMS
Type	Length	Width	Height	Mass	Fragility	LoadBearingStrength
Bt1	10	10	10	14.15	1	0
Bt2	18	12	5	2.15	1	0
Bt3	21	14	4	1.9	1	0
Bt4	23	15	4	4.7	1	0
Bt5	20	18	7	1.8	1	0
Bt6	15	11	16	0.7	1	0
Bt7	20	14	13	7.3	1	0
Bt8	17	13	18	2.5	1	0
Bt9	24	12	16	1.75	1	0
Bt10	40	15	9	4.21	1	0
Bt11	28	22	9	3.01	1	0
Bt12	28	19	11	2.78	1	0
Bt13	31	12	16	2.54	1	0
Bt14	31	20	10	4.8	1	0
Bt15	29	16	14	1.9	1	0
Bt16	59	17	7	2.5	1	0
Bt17	30	24	10	2.155	1	0
Bt18	26	24	12	2.3	1	0
Bt19	36	19	11	2.87	1	0
Bt20	40	19	10	3.82	1	0
Bt21	25	19	17	5.29	1	0
Bt22	22	15	26	3.816	1	0
Bt23	28	18	18	2.75	1	0
Bt24	29	25	13	1.77	1	0
Bt25	40	20	13	2.6	1	0
Bt26	42	18	15	2.57	1	0
Bt27	29	27	15	2.11	1	0
Bt28	29	24	21	6.7	1	0
Bt29	27	23	24	2.94	1	0
Bt30	39	27	16	7.63	1	0
Bt31	33	20	28	5.25	1	0
Bt32	38	37	20	7.568	1	0

DEMANDS PER CUSTOMER
i	Type Quantity
1	Bt4 3	
2	Bt4 1	Bt6 1	Bt25 1	
3	Bt9 1	
4	Bt4 1	
5	Bt8 2	Bt1 1	Bt4 4	Bt29 1	Bt5 1	Bt14 1	Bt6 1	Bt3 1	
6	Bt4 1	
7	Bt20 1	Bt4 1	
8	Bt7 1	Bt9 1	Bt6 3	Bt4 1	
9	Bt6 1	
10	Bt2 1	
11	Bt25 1	
12	Bt6 1	
13	Bt6 1	
14	Bt4 1	Bt9 1	
15	Bt4 3	Bt21 1	Bt3 3	Bt19 1	Bt7 1	Bt20 1	Bt6 1	
16	Bt4 1	
17	Bt1 1	
18	Bt2 1	Bt14 1	Bt3 1	Bt4 1	
19	Bt4 1	
20	Bt3 1	
21	Bt2 1	Bt7 1	Bt18 1	Bt3 1	
22	Bt11 1	
23	Bt7 1	
24	Bt20 1	
25	Bt11 1	Bt8 1	
26	Bt6 1	
27	Bt6 1	
28	Bt8 1	
29	Bt4 1	
30	Bt5 1	
31	Bt6 2	Bt4 3	Bt2 1	Bt8 1	Bt3 1	Bt9 1	
32	Bt4 2	Bt20 1	Bt7 1	
33	Bt3 1	
34	Bt4 1	
35	Bt4 1	
36	Bt6 1	
37	Bt16 1	Bt4 3	
38	Bt3 1	
39	Bt14 1	Bt6 1	Bt11 1	
40	Bt4 1	
41	Bt3 1	Bt7 1	
42	Bt4 4	Bt9 1	Bt6 2	Bt3 1	Bt8 1	
43	Bt20 1	
44	Bt2 1	Bt31 1	
45	Bt4 1	
46	Bt4 1	Bt14 1	
47	Bt4 1	
48	Bt4 1	Bt21 1	
49	Bt5 1	
50	Bt4 1	
51	Bt6 1	Bt24 1	Bt4 2	Bt8 1	
52	Bt6 1	Bt7 1	Bt9 1	
53	Bt6 1	
54	Bt4 3	Bt30 1	Bt6 2	Bt3 1	
55	Bt4 1	Bt20 1	Bt26 1	
56	Bt8 1	Bt6 1	Bt5 1	Bt12 1	
57	Bt6 1	
58	Bt4 1	
59	Bt7 1	Bt27 1	Bt31 1	
60	Bt4 1	
61	Bt9 2	
62	Bt4 1	
63	Bt4 2	
64	Bt6 1	Bt4 2	Bt7 1	
65	Bt22 1	
66	Bt21 1	Bt25 1	
67	Bt4 2	
68	Bt4 1	
69	Bt4 1	Bt9 1	
70	Bt3 1	
71	Bt6 1	Bt9 1	
72	Bt6 1	Bt3 1	Bt4 1	
73	Bt3 1	Bt4 1	
74	Bt20 1	
75	Bt4 2	Bt21 1	
76	Bt3 1	
77	Bt7 1	
78	Bt4 1	
79	Bt2 1	
80	Bt20 1	
81	Bt11 1	Bt6 1	Bt8 1	Bt9 1	Bt17 1	
82	Bt3 1	Bt11 1	
83	Bt4 1	
84	Bt6 1	Bt21 1	
85	Bt6 2	Bt4 1	
86	Bt4 1	
87	Bt4 1	
88	Bt4 1	
89	Bt4 2	Bt6 2	
90	Bt15 1	
91	Bt4 1	
92	Bt13 1	
93	Bt23 1	
94	Bt4 1	Bt7 1	
95	Bt9 1	Bt3 1	
96	Bt4 2	
97	Bt4 4	Bt3 1	
98	Bt7 1	
99	Bt11 1	Bt9 1	
100	Bt4 1	Bt7 1	
101	Bt4 1	
102	Bt6 1	Bt11 1	
103	Bt6 1	
104	Bt24 1	Bt4 3	Bt6 2	Bt9 1	
105	Bt5 1	
106	Bt6 1	Bt21 1	
107	Bt6 1	Bt14 1	Bt3 1	
108	Bt9 1	Bt8 1	
109	Bt4 1	
110	Bt9 1	Bt4 1	
111	Bt7 1	
112	Bt7 1	
113	Bt6 1	
114	Bt4 1	
115	Bt4 1	
116	Bt2 1	
117	Bt4 1	Bt6 1	
118	Bt6 3	Bt4 1	Bt10 1	
119	Bt28 1	Bt32 1	

DISTANCE MATRIX
0.0 966.2 1346.6 1371.1 1225.1 1042.8 1364.6 1186.0 1031.1 1180.4 1365.2 1253.5 1136.5 1140.4 1361.9 1092.2 1019.0 1085.6 1036.1 1048.6 1154.3 1356.3 1032.1 1216.2 1395.5 1384.1 1313.3 1296.7 987.4 1388.1 1249.6 1016.6 1283.0 1198.3 1419.7 1306.3 1354.4 1200.2 1329.5 1048.7 1167.1 1389.4 1238.8 1059.8 990.6 1203.2 1153.7 1281.7 1045.3 1061.6 1118.3 1323.1 976.0 1069.8 1026.0 1028.3 1092.4 1157.6 1345.2 1235.6 1044.3 1224.5 1114.8 1254.9 1378.6 1378.3 1125.0 1126.1 1387.8 1260.5 1268.0 1214.9 1341.7 1162.9 1147.8 1069.0 1281.2 1370.3 1236.8 1160.8 1131.8 1031.7 1255.1 1357.3 1443.2 1336.4 1249.0 1272.4 1297.6 1007.6 1194.2 1277.3 905.7 956.9 1334.4 1013.8 1286.7 1305.6 1376.0 1239.6 1021.7 1198.8 1169.7 1229.5 980.3 1251.7 1360.9 1253.0 1210.8 1346.8 975.4 1053.4 1359.1 1061.4 1198.7 1344.0 1359.0 1226.3 1161.1 1263.9
1072.3 0.0 726.0 741.1 595.1 195.7 734.6 556.0 114.3 550.4 735.2 623.5 506.5 510.4 731.9 209.8 29.3 209.0 174.9 151.8 524.3 726.3 101.0 586.2 765.5 754.1 683.3 666.7 140.3 761.5 619.6 329.4 653.0 568.3 793.1 676.3 724.4 570.2 699.5 164.8 537.1 762.8 332.4 181.2 143.5 573.2 512.8 651.7 110.5 214.5 488.3 693.1 115.5 439.8 8.0 181.2 199.9 527.6 718.6 605.6 183.1 594.5 230.9 624.9 748.6 748.3 241.1 496.1 761.2 630.5 638.0 593.5 709.7 277.3 517.8 262.9 651.2 740.3 606.8 530.8 501.8 123.8 625.1 727.3 816.6 706.4 619.0 642.4 667.6 129.0 564.2 393.4 218.5 109.8 704.4 37.2 656.7 652.1 749.4 609.6 88.2 568.8 539.7 599.5 114.9 621.7 730.9 623.0 580.8 716.8 117.1 124.6 732.5 71.7 568.7 717.4 732.4 593.4 549.2 633.9
1340.9 706.5 0.0 451.6 327.4 759.7 191.5 418.1 737.4 298.5 296.9 334.0 373.1 276.1 447.9 810.6 735.9 791.9 753.0 754.9 407.5 222.5 749.0 344.6 238.3 317.4 393.8 230.0 704.3 163.8 330.1 703.3 232.5 451.5 195.4 239.6 181.3 328.6 225.7 781.3 330.3 119.4 933.2 766.1 709.2 309.2 379.4 359.5 760.9 778.5 391.5 272.6 692.9 343.0 714.6 745.2 800.7 394.2 51.3 304.5 761.2 305.0 831.7 339.4 219.9 205.2 840.3 379.3 93.9 216.2 348.5 289.9 166.6 878.1 283.5 775.3 367.2 303.6 305.7 278.9 385.0 726.9 330.1 290.6 287.1 177.7 356.8 347.4 230.9 713.9 357.4 994.2 592.4 673.8 267.7 730.7 220.0 282.8 82.1 320.1 738.6 279.3 406.3 204.7 694.5 337.7 202.2 333.5 316.8 428.6 692.3 770.3 117.0 778.3 267.6 33.1 134.7 306.8 335.7 213.4
1311.5 685.6 450.7 0.0 329.6 762.2 435.7 393.2 708.0 195.9 436.3 122.5 343.7 226.6 12.7 811.6 738.4 762.5 755.5 725.5 378.1 427.4 751.5 346.8 466.6 455.2 88.0 367.8 706.8 425.6 123.5 708.3 354.1 422.1 470.9 377.4 425.5 330.8 400.6 768.1 332.5 426.9 958.2 736.7 710.0 311.4 360.9 361.7 764.7 781.0 362.1 394.2 695.4 313.6 745.4 747.7 811.8 364.8 449.3 306.7 763.7 151.5 834.2 326.0 449.7 449.4 844.4 349.9 491.9 331.6 104.9 292.1 412.8 882.3 219.2 745.9 104.4 441.4 307.9 215.5 355.6 708.6 332.3 428.4 473.5 407.5 188.7 349.6 368.7 684.5 359.6 996.7 597.4 676.3 405.5 733.2 357.8 376.7 478.4 153.1 741.1 151.4 376.9 300.6 699.7 124.3 432.0 212.0 319.0 50.0 694.8 772.8 396.6 780.8 269.8 448.1 410.3 149.4 288.2 335.0
1206.3 580.4 307.3 330.4 0.0 657.0 292.3 288.0 602.8 177.3 292.9 212.8 238.5 154.9 326.7 706.4 633.2 657.3 650.3 620.3 272.9 284.0 646.3 113.5 323.2 311.8 272.6 224.4 601.6 282.2 208.9 603.1 210.7 316.9 327.5 234.0 282.1 97.5 257.2 662.9 99.2 283.5 853.0 631.5 604.8 21.8 255.7 56.5 659.5 675.8 256.9 250.8 590.2 208.4 640.2 642.5 706.6 259.6 305.9 22.8 658.5 183.8 729.0 149.7 306.3 306.0 739.2 244.7 348.5 188.2 227.3 69.8 269.4 777.1 162.3 640.7 246.0 298.0 131.6 157.7 250.4 603.4 110.0 285.0 330.1 264.1 235.6 127.3 225.3 579.3 126.3 891.5 492.2 571.1 262.1 628.0 214.4 233.3 335.0 198.9 635.9 158.1 271.7 157.2 594.5 216.5 288.6 212.3 14.3 307.4 589.6 667.6 253.2 675.6 59.7 304.7 266.9 185.6 196.4 191.6
1102.9 200.1 756.6 771.7 625.7 0.0 765.2 582.1 162.9 581.0 765.8 654.1 537.1 541.0 762.5 195.3 229.5 203.9 156.0 200.4 554.9 756.9 210.8 616.8 796.1 784.7 713.9 697.3 71.0 792.1 650.2 360.0 683.6 598.9 823.7 706.9 755.0 600.8 730.1 149.1 567.7 793.4 317.9 227.4 92.2 603.8 554.3 682.3 254.5 72.4 518.9 723.7 125.8 470.4 208.2 39.1 185.4 558.2 749.2 636.2 164.2 625.1 216.4 655.5 779.2 778.9 225.0 526.7 791.8 661.1 668.6 615.5 740.3 262.8 548.4 131.0 681.8 770.9 637.4 561.4 532.4 172.4 655.7 757.9 847.2 737.0 649.6 673.0 698.2 177.6 594.8 378.9 249.1 124.7 735.0 231.4 687.3 682.7 780.0 640.2 232.2 599.4 570.3 630.1 127.4 652.3 761.5 653.6 611.4 747.4 125.2 166.2 763.1 271.9 599.3 748.0 763.0 624.0 579.8 664.5
1329.8 703.9 185.4 440.5 316.3 780.5 0.0 411.5 726.3 287.4 287.4 322.9 362.0 265.0 436.8 829.9 756.7 780.8 773.8 743.8 396.4 158.4 769.8 333.5 215.8 306.3 382.7 218.9 725.1 164.7 319.0 726.6 221.4 440.4 172.9 228.5 10.1 317.5 214.6 786.4 319.2 166.0 976.5 755.0 728.3 298.1 379.2 348.4 783.0 799.3 380.4 261.5 713.7 331.9 763.7 766.0 830.1 383.1 184.0 293.4 782.0 293.9 852.5 312.7 155.8 8.6 862.7 368.2 226.6 205.1 337.4 278.8 32.8 900.6 272.4 764.2 356.1 292.5 294.6 267.8 373.9 726.9 319.0 279.5 324.6 75.4 345.7 336.3 219.8 702.8 346.3 1015.0 615.7 694.6 256.6 751.5 208.9 261.0 214.8 309.0 759.4 268.2 395.2 193.6 718.0 326.6 138.1 322.4 305.7 417.5 713.1 791.1 135.7 799.1 256.5 182.8 56.7 295.7 306.5 202.3
1153.2 524.3 428.1 440.0 294.0 577.5 433.5 0.0 549.7 249.3 434.1 322.4 106.8 209.3 404.4 654.8 580.1 604.2 597.2 567.2 99.9 425.2 593.2 285.1 464.4 426.6 382.2 365.6 548.5 423.4 318.5 523.6 325.5 88.8 468.7 375.2 423.3 269.1 398.4 625.5 236.0 424.7 777.4 578.4 553.4 272.1 55.0 350.6 605.1 622.7 203.8 392.0 537.1 155.3 532.4 563.0 698.9 86.7 447.1 304.5 605.4 297.4 675.9 339.4 421.1 447.2 684.5 171.7 489.7 338.1 336.9 292.4 408.6 722.3 216.7 557.6 350.1 439.2 305.7 229.7 163.0 512.8 326.3 426.2 444.9 378.9 317.9 341.3 366.5 499.8 263.1 838.4 439.1 518.0 376.9 548.5 329.2 324.6 476.2 309.0 594.9 267.7 66.2 298.4 512.3 320.6 403.4 321.9 253.3 415.7 536.5 614.5 394.4 622.5 267.6 445.9 408.1 292.3 248.1 306.4
1039.1 118.3 692.8 707.9 561.9 177.4 701.4 518.3 0.0 517.2 702.0 590.3 473.3 477.2 698.7 255.2 147.7 92.2 152.7 54.5 491.1 693.1 160.8 553.0 732.3 720.9 650.1 633.5 122.0 728.3 586.4 296.2 619.8 535.1 759.9 643.1 691.2 537.0 666.3 210.2 503.9 729.6 377.8 71.8 125.2 540.0 490.5 618.5 172.7 196.2 455.1 659.9 92.6 406.6 126.4 162.9 291.4 494.4 685.4 572.4 160.9 561.3 276.3 591.7 715.4 715.1 284.9 462.9 728.0 597.3 604.8 551.7 676.5 322.7 484.6 169.5 618.0 707.1 573.6 497.6 468.6 26.5 591.9 694.1 783.4 673.2 585.8 609.2 634.4 49.7 531.0 438.8 185.3 91.5 671.2 142.5 623.5 618.9 716.2 576.4 162.5 535.6 506.5 566.3 94.2 588.5 697.7 589.8 547.6 683.6 92.0 170.0 699.3 190.1 535.5 684.2 699.2 560.2 516.0 600.7
1131.6 505.7 308.4 195.0 187.3 582.3 293.4 213.3 528.1 0.0 294.0 122.8 163.8 66.8 182.3 631.7 558.5 582.6 575.6 545.6 198.2 285.1 571.6 204.5 324.3 312.9 175.4 225.5 526.9 283.3 90.3 528.4 211.8 242.2 328.6 235.1 283.2 188.5 258.3 588.2 169.9 284.6 778.3 556.8 530.1 169.1 181.0 219.4 584.8 601.1 182.2 251.9 515.5 133.7 565.5 567.8 631.9 184.9 307.0 164.4 583.8 93.8 654.3 183.7 307.4 307.1 664.5 170.0 349.6 189.3 108.7 149.8 270.5 702.4 65.5 566.0 101.6 299.1 165.6 19.5 175.7 528.7 190.0 286.1 331.2 265.2 69.4 207.3 226.4 504.6 197.0 816.8 417.5 496.4 263.2 553.3 215.5 234.4 336.1 135.1 561.2 127.6 197.0 158.3 519.8 72.1 289.7 92.7 176.7 167.2 514.9 592.9 254.3 600.9 127.5 305.8 268.0 149.7 108.3 192.7
1344.9 719.0 296.9 455.6 331.4 795.6 281.9 426.6 741.4 302.5 0.0 338.0 377.1 280.1 451.9 845.0 771.8 795.9 788.9 758.9 411.5 237.5 784.9 348.6 276.7 78.1 397.8 111.1 740.2 271.8 334.1 741.7 236.5 455.5 281.0 58.8 271.7 332.6 229.7 801.5 334.3 273.1 991.6 770.1 743.4 313.2 394.3 363.5 798.1 814.4 395.5 276.6 728.8 347.0 778.8 781.1 845.2 398.2 295.5 308.5 797.1 309.0 867.6 327.8 262.3 295.6 877.8 383.3 338.1 220.2 352.5 293.9 259.0 915.7 287.5 779.3 371.2 104.7 309.7 282.9 389.0 742.0 334.1 51.3 73.8 253.7 360.8 351.4 146.4 717.9 361.4 1030.1 630.8 709.7 41.3 766.6 78.4 276.1 324.6 324.1 774.5 283.3 410.3 208.7 733.1 341.7 263.2 337.5 320.8 432.6 728.2 806.2 242.8 814.2 271.6 294.3 256.5 310.8 321.6 217.4
1213.9 588.0 353.1 142.0 232.0 664.6 338.1 295.6 610.4 122.8 338.7 0.0 246.1 149.1 129.3 714.0 640.8 664.9 657.9 627.9 280.5 329.8 653.9 249.2 369.0 357.6 74.7 270.2 609.2 328.0 66.1 610.7 256.5 324.5 373.3 279.8 327.9 233.2 303.0 670.5 234.9 329.3 860.6 639.1 612.4 213.8 263.3 264.1 667.1 683.4 264.5 296.6 597.8 216.0 647.8 650.1 714.2 267.2 351.7 209.1 666.1 28.9 736.6 228.4 352.1 351.8 746.8 252.3 394.3 234.0 45.4 194.5 315.2 784.7 146.1 648.3 66.6 343.8 210.3 142.4 258.0 611.0 234.7 330.8 375.9 309.9 115.6 252.0 271.1 586.9 262.0 899.1 499.8 578.7 307.9 635.6 260.2 279.1 380.8 78.0 643.5 76.3 279.3 203.0 602.1 79.3 334.4 101.3 221.4 114.2 597.2 675.2 299.0 683.2 172.2 350.5 312.7 74.3 190.6 237.4
1083.3 457.4 378.6 370.1 224.1 534.0 363.6 106.4 479.8 179.4 364.2 252.5 0.0 139.4 360.9 583.4 510.2 534.3 527.3 497.3 149.9 355.3 523.3 215.2 394.5 383.1 312.3 295.7 478.6 353.5 248.6 480.1 282.0 150.9 398.8 305.3 353.4 199.2 328.5 539.9 166.1 354.8 730.0 508.5 481.8 202.2 74.1 280.7 536.5 552.8 133.9 322.1 467.2 85.4 517.2 519.5 583.6 78.0 377.2 234.6 535.5 223.5 606.0 253.9 377.6 377.3 616.2 121.7 419.8 259.5 267.0 213.9 340.7 654.1 146.8 517.7 280.2 369.3 235.8 159.8 127.4 480.4 254.1 356.3 401.4 335.4 248.0 271.4 296.6 456.3 193.2 768.5 369.2 448.1 333.4 505.0 285.7 304.6 406.3 238.6 512.9 197.8 90.1 228.5 471.5 250.7 359.9 252.0 209.8 345.8 466.6 544.6 324.5 552.6 197.7 376.0 338.2 225.3 160.1 262.9
1091.6 465.7 286.0 234.1 164.9 542.3 271.0 173.3 488.1 61.3 271.6 159.9 123.8 0.0 221.4 591.7 518.5 542.6 535.6 505.6 158.2 262.7 531.6 179.0 301.9 290.5 214.5 203.1 486.9 260.9 129.4 488.4 189.4 202.2 306.2 212.7 260.8 163.0 235.9 548.2 129.9 262.2 738.3 516.8 490.1 146.7 141.0 197.0 544.8 561.1 142.2 229.5 475.5 93.7 525.5 527.8 591.9 144.9 284.6 142.0 543.8 130.9 614.3 161.3 285.0 284.7 624.5 130.0 327.2 166.9 147.8 127.4 248.1 662.4 7.4 526.0 140.7 276.7 143.2 67.2 135.7 488.7 167.6 263.7 308.8 242.8 108.5 184.9 204.0 464.6 157.0 776.8 377.5 456.4 240.8 513.3 193.1 212.0 313.7 146.0 521.2 105.2 157.0 135.9 479.8 111.2 267.3 131.8 154.3 206.3 474.9 552.9 231.9 560.9 105.1 283.4 245.6 132.7 68.3 170.3
1305.6 703.1 469.4 12.7 342.3 756.3 448.4 387.3 702.1 183.2 449.0 135.2 337.8 213.9 0.0 807.2 732.5 756.6 749.6 719.6 372.2 440.1 745.6 359.5 479.3 467.9 100.7 380.5 700.9 438.3 123.0 702.4 366.8 416.2 483.6 390.1 438.2 343.5 413.3 777.9 343.9 439.6 929.8 730.8 704.1 324.1 344.1 374.4 757.5 775.1 356.2 406.9 689.5 307.7 711.2 741.8 851.3 358.9 462.0 319.4 757.8 154.0 828.3 338.7 462.4 462.1 836.9 344.0 504.6 344.3 117.6 304.8 423.5 874.7 206.5 753.1 112.7 454.1 320.6 202.8 349.7 691.6 345.0 441.1 486.2 420.2 176.0 362.3 381.4 678.6 371.0 990.8 591.5 670.4 418.2 727.3 370.5 365.9 491.1 165.8 747.3 164.1 371.0 313.3 691.1 111.6 444.7 199.3 331.7 62.7 688.9 766.9 409.3 774.9 282.5 460.8 423.0 162.1 300.4 347.7
1188.8 231.4 842.5 893.4 747.4 202.7 886.9 703.8 276.5 702.7 887.5 775.8 658.8 662.7 884.2 0.0 221.8 289.8 199.1 331.1 676.6 878.6 269.0 738.5 917.8 906.4 835.6 819.0 231.0 876.8 771.9 445.9 805.3 720.6 909.6 828.6 876.7 722.5 851.8 154.6 689.4 878.1 122.5 313.3 234.2 725.5 665.1 804.0 272.7 221.5 640.6 845.4 173.9 592.1 200.5 188.2 61.5 679.9 835.1 757.9 180.4 746.8 92.5 777.2 900.9 900.6 76.3 648.4 877.7 782.8 790.3 737.2 862.0 69.1 670.1 198.2 803.5 892.6 759.1 683.1 654.1 303.1 777.4 879.6 924.7 858.7 771.3 794.7 819.9 293.8 716.5 183.5 335.0 200.5 856.7 164.2 809.0 804.4 865.9 761.9 262.5 721.1 692.0 751.8 173.3 774.0 883.2 775.3 733.1 869.1 175.5 107.5 847.8 263.6 721.0 833.9 848.9 745.7 701.5 786.2
1111.9 72.8 759.6 780.7 634.7 235.3 774.2 595.6 153.9 590.0 774.8 663.1 546.1 550.0 771.5 234.7 0.0 248.6 214.5 191.4 563.9 765.9 140.6 625.8 805.1 793.7 722.9 706.3 179.9 801.1 659.2 369.0 692.6 607.9 832.7 715.9 764.0 609.8 739.1 204.4 576.7 802.4 86.7 220.8 183.1 612.8 563.3 691.3 151.4 254.1 527.9 732.7 155.1 479.4 6.9 220.8 248.1 567.2 758.2 645.2 222.7 634.1 270.5 664.5 788.2 787.9 280.7 535.7 800.8 670.1 677.6 624.5 751.3 162.6 557.4 289.4 690.8 779.9 646.4 570.4 541.4 174.5 664.7 766.9 856.2 746.0 658.6 682.0 707.2 168.6 603.8 40.3 258.1 149.4 744.0 76.8 696.3 715.2 789.0 649.2 127.8 608.4 579.3 639.1 151.8 661.3 770.5 662.6 620.4 756.4 156.7 164.2 772.1 42.3 608.3 757.0 772.0 635.9 570.7 673.5
1130.8 186.6 772.8 782.2 636.2 284.2 775.7 597.1 92.3 591.5 776.3 664.6 547.6 551.5 773.0 293.4 239.4 0.0 202.4 146.9 565.4 767.4 227.3 627.3 806.6 795.2 724.4 707.8 171.7 765.6 660.7 387.9 694.1 609.4 845.9 717.4 765.5 611.3 740.6 249.9 578.2 766.9 440.0 27.7 174.9 614.3 564.8 692.8 265.7 303.0 529.4 734.2 142.3 480.9 246.4 269.7 293.6 568.7 771.4 646.7 210.6 635.6 316.0 666.0 789.7 789.4 326.2 537.2 814.0 671.6 679.1 626.0 752.8 364.1 558.9 180.0 692.3 781.4 647.9 571.9 542.9 130.0 666.2 768.4 813.5 747.5 660.1 683.5 708.7 79.9 605.3 478.5 277.0 141.2 745.5 234.2 697.8 716.7 802.2 650.7 242.1 609.9 580.8 640.6 146.6 662.8 772.0 664.1 621.9 757.9 141.7 219.7 736.6 281.8 609.8 770.2 785.2 637.4 572.2 675.0
1101.4 176.1 755.1 770.2 624.2 135.8 763.7 580.6 153.6 579.5 764.3 652.6 535.6 539.5 761.0 176.2 205.5 184.4 0.0 208.2 553.4 755.4 155.3 615.3 794.6 783.2 712.4 695.8 59.1 790.6 648.7 358.5 682.1 597.4 822.2 705.4 753.5 599.3 728.6 131.2 566.2 791.9 298.8 207.9 101.6 602.3 552.8 680.8 205.2 154.6 517.4 722.2 70.3 468.9 184.2 121.3 166.3 556.7 747.7 634.7 41.6 623.6 197.3 654.0 777.7 777.4 205.9 525.2 790.3 659.6 667.1 614.0 738.8 243.7 546.9 183.2 680.3 769.4 635.9 559.9 530.9 180.2 654.2 756.4 845.7 735.5 648.1 671.5 696.7 176.1 593.3 359.8 247.6 77.6 733.5 175.9 685.8 681.2 778.5 638.7 195.0 597.9 568.8 628.6 71.9 650.8 760.0 652.1 609.9 745.9 69.7 147.1 761.6 247.9 597.8 746.5 761.5 622.5 578.3 663.0
1054.9 110.7 702.6 723.7 577.7 205.3 717.2 538.6 52.8 533.0 717.8 606.1 489.1 493.0 714.5 254.7 163.5 145.1 205.6 0.0 506.9 708.9 176.6 568.8 748.1 736.7 665.9 649.3 149.9 744.1 602.2 312.0 635.6 550.9 775.7 658.9 707.0 552.8 682.1 211.2 519.7 745.4 401.3 124.7 153.1 555.8 506.3 634.3 189.8 224.1 470.9 675.7 145.5 422.4 170.5 190.8 254.9 510.2 701.2 588.2 213.8 577.1 277.3 607.5 731.2 730.9 287.5 478.7 743.8 613.1 620.6 567.5 694.3 325.4 500.4 206.3 633.8 722.9 589.4 513.4 484.4 18.2 607.7 709.9 799.2 689.0 601.6 625.0 650.2 85.5 546.8 439.8 201.1 119.4 687.0 158.3 639.3 658.2 732.0 592.2 166.2 551.4 522.3 582.1 149.8 604.3 713.5 605.6 563.4 699.4 144.9 222.9 715.1 205.9 551.3 700.0 715.0 578.9 513.7 616.5
1104.2 478.3 416.1 407.6 261.6 554.9 401.1 113.0 500.7 216.9 401.7 290.0 155.5 176.9 398.4 604.3 531.1 555.2 548.2 518.2 0.0 392.8 544.2 252.7 432.0 420.6 349.8 333.2 499.5 391.0 286.1 501.0 319.5 90.9 436.3 342.8 390.9 236.7 366.0 560.8 203.6 392.3 750.9 529.4 502.7 239.7 92.8 318.2 557.4 573.7 136.8 359.6 488.1 88.3 538.1 540.4 604.5 135.4 414.7 272.1 556.4 261.0 626.9 291.4 415.1 414.8 637.1 84.3 457.3 297.0 304.5 251.4 378.2 675.0 184.3 538.6 317.7 406.8 273.3 197.3 90.0 501.3 291.6 393.8 438.9 372.9 285.5 308.9 334.1 477.2 230.7 789.4 390.1 469.0 370.9 525.9 323.2 342.1 443.8 276.1 533.8 235.3 114.9 266.0 492.4 288.2 397.4 289.5 247.3 383.3 487.5 565.5 362.0 573.5 235.2 413.5 375.7 262.8 197.6 300.4
1293.1 690.6 212.4 403.8 279.6 743.8 138.4 370.3 689.6 250.7 220.1 286.2 325.3 228.3 400.1 794.7 720.0 744.1 737.1 707.1 359.7 0.0 733.1 296.8 118.8 239.0 346.0 151.6 688.4 181.3 282.3 689.9 184.7 403.7 123.1 161.2 128.2 280.8 177.9 749.7 282.5 182.6 917.3 718.3 691.6 261.4 331.6 311.7 745.0 762.6 343.7 224.8 677.0 295.2 698.7 729.3 838.8 346.4 205.0 256.7 745.3 257.2 815.8 291.6 87.0 152.1 824.4 331.5 247.6 168.4 300.7 242.1 113.5 862.2 235.7 740.6 319.4 225.2 257.9 231.1 337.2 679.1 282.3 212.2 220.8 110.2 309.0 299.6 152.5 666.1 309.6 978.3 579.0 657.9 189.3 714.8 141.6 235.0 234.1 272.3 722.7 231.5 358.5 156.9 678.6 289.9 87.9 285.7 269.0 380.8 676.4 754.4 152.3 762.4 219.8 203.8 132.3 256.1 287.9 165.6
1105.9 109.1 753.6 774.7 628.7 205.1 768.2 589.6 147.9 584.0 768.8 657.1 540.1 544.0 765.5 243.8 139.5 226.0 152.0 185.4 557.9 759.9 0.0 619.8 799.1 787.7 716.9 700.3 149.7 795.1 653.2 363.0 686.6 601.9 826.7 709.9 758.0 603.8 733.1 200.3 570.7 796.4 390.4 214.8 152.9 606.8 557.3 685.3 101.4 223.9 521.9 726.7 78.6 473.4 146.5 190.6 244.0 561.2 752.2 639.2 160.2 628.1 266.4 658.5 782.2 781.9 276.6 529.7 794.8 664.1 671.6 618.5 745.3 314.5 551.4 254.6 684.8 773.9 640.4 564.4 535.4 168.5 658.7 760.9 850.2 740.0 652.6 676.0 701.2 162.6 597.8 428.9 252.1 119.2 738.0 109.9 690.3 709.2 783.0 643.2 77.8 602.4 573.3 633.1 87.0 655.3 764.5 656.6 614.4 750.4 94.2 160.1 766.1 181.9 602.3 751.0 766.0 629.9 564.7 667.5
1177.4 551.5 344.5 367.6 113.5 628.1 329.5 259.1 573.9 209.0 330.1 250.0 209.6 169.0 363.9 677.5 604.3 628.4 621.4 591.4 244.0 321.2 617.4 0.0 360.4 349.0 309.8 261.6 572.7 319.4 246.1 574.2 247.9 288.0 364.7 271.2 319.3 15.9 294.4 634.0 70.3 320.7 824.1 602.6 575.9 91.6 226.8 170.1 630.6 646.9 228.0 288.0 561.3 179.5 611.3 613.6 677.7 230.7 343.1 136.4 629.6 221.0 700.1 183.2 343.5 343.2 710.3 215.8 385.7 225.4 264.5 103.3 306.6 748.2 176.4 611.8 283.2 335.2 165.1 189.4 221.5 574.5 143.5 322.2 367.3 301.3 272.8 160.8 262.5 550.4 97.4 862.6 463.3 542.2 299.3 599.1 251.6 270.5 372.2 236.1 607.0 195.3 242.8 194.4 565.6 253.7 325.8 249.5 99.2 344.6 560.7 638.7 290.4 646.7 121.8 341.9 304.1 222.8 189.7 228.8
1362.6 736.7 212.2 473.3 349.1 813.3 205.3 444.3 759.1 320.2 289.6 355.7 394.8 297.8 469.6 862.7 789.5 813.6 806.6 776.6 429.2 129.1 802.6 366.3 0.0 308.5 415.5 221.1 757.9 220.9 351.8 759.4 254.2 473.2 113.5 230.7 195.1 350.3 247.4 819.2 352.0 222.2 1009.3 787.8 761.1 330.9 412.0 381.2 815.8 832.1 413.2 294.3 746.5 364.7 796.5 798.8 862.9 415.9 210.8 326.2 814.8 326.7 885.3 345.5 153.9 219.0 895.5 401.0 253.4 237.9 370.2 311.6 182.4 933.4 305.2 797.0 388.9 294.7 327.4 300.6 406.7 759.7 351.8 281.7 290.3 177.1 378.5 369.1 222.0 735.6 379.1 1047.8 648.5 727.4 258.8 784.3 211.1 293.8 241.6 341.8 792.2 301.0 428.0 226.4 750.8 359.4 154.8 355.2 338.5 450.3 745.9 823.9 191.9 831.9 289.3 209.6 159.0 328.5 339.3 235.1
1363.8 761.3 321.8 474.5 350.3 814.5 300.8 441.0 760.3 321.4 79.0 356.9 396.0 299.0 470.8 865.4 790.7 814.8 807.8 777.8 430.4 256.4 803.8 367.5 295.6 0.0 416.7 130.0 759.1 290.7 353.0 760.6 255.4 474.4 299.9 77.7 290.6 351.5 248.6 820.4 353.2 292.0 988.0 789.0 762.3 332.1 402.3 382.4 817.0 833.3 414.4 295.5 747.7 365.9 769.4 800.0 864.1 417.1 314.4 327.4 816.0 331.9 886.5 346.7 281.2 314.5 896.7 416.6 357.0 247.8 371.4 312.8 275.9 932.9 306.4 768.2 390.1 123.6 328.6 301.8 407.9 749.8 353.0 26.7 152.9 272.6 379.7 370.3 165.3 736.8 380.3 1049.0 649.7 728.6 102.7 785.5 97.3 305.7 343.5 343.5 793.4 302.2 429.2 227.6 749.3 360.6 282.1 356.4 339.7 451.5 747.1 825.1 261.7 833.1 290.5 313.2 275.4 329.7 358.6 236.3
1253.7 627.8 392.9 108.0 271.8 704.4 377.9 335.4 650.2 166.0 378.5 64.7 285.9 188.9 120.7 753.8 680.6 704.7 697.7 667.7 320.3 369.6 693.7 289.0 408.8 397.4 0.0 310.0 649.0 367.8 75.6 650.5 296.3 364.3 413.1 319.6 367.7 273.0 342.8 710.3 274.7 369.1 900.4 678.9 652.2 253.6 303.1 303.9 706.9 723.2 304.3 336.4 637.6 255.8 687.6 689.9 754.0 307.0 391.5 248.9 705.9 91.2 776.4 268.2 391.9 391.6 786.6 292.1 434.1 273.8 54.9 234.3 355.0 824.5 189.3 688.1 76.1 383.6 250.1 185.6 297.8 650.8 274.5 370.6 415.7 349.7 158.8 291.8 310.9 626.7 301.8 938.9 539.6 618.5 347.7 675.4 300.0 318.9 420.6 95.3 683.3 93.6 319.1 242.8 641.9 95.0 374.2 161.5 261.2 85.0 637.0 715.0 338.8 723.0 212.0 390.3 352.5 91.6 230.4 277.2
1286.4 660.5 238.4 397.1 272.9 737.1 223.4 368.1 682.9 244.0 101.1 279.5 318.6 221.6 393.4 786.5 713.3 737.4 730.4 700.4 353.0 179.0 726.4 290.1 218.2 120.0 339.3 0.0 681.7 213.3 275.6 683.2 178.0 397.0 222.5 42.2 213.2 274.1 171.2 743.0 275.8 214.6 933.1 711.6 684.9 254.7 335.8 305.0 739.6 755.9 337.0 218.1 670.3 288.5 720.3 722.6 786.7 339.7 237.0 250.0 738.6 250.5 809.1 269.3 203.8 237.1 819.3 324.8 279.6 161.7 294.0 235.4 200.5 857.2 229.0 720.8 312.7 106.2 251.2 224.4 330.5 683.5 275.6 93.2 138.3 195.2 302.3 292.9 87.9 659.4 302.9 971.6 572.3 651.2 70.3 708.1 22.6 217.6 266.1 265.6 716.0 224.8 351.8 150.2 674.6 283.2 204.7 279.0 262.3 374.1 669.7 747.7 184.3 755.7 213.1 235.8 198.0 252.3 263.1 158.9
1065.5 186.2 713.2 734.3 588.3 61.4 727.8 549.2 163.5 543.6 728.4 616.7 499.7 503.6 725.1 128.8 215.4 194.3 79.7 163.0 517.5 719.5 165.2 579.4 758.7 747.3 676.5 659.9 0.0 754.7 612.8 322.6 646.2 561.5 786.3 669.5 717.6 563.4 692.7 85.3 530.3 756.0 275.4 217.8 27.2 566.4 516.9 644.9 216.4 80.2 481.5 686.3 80.2 433.0 222.4 46.9 129.0 520.8 711.8 598.8 87.9 587.7 151.4 618.1 741.8 741.5 161.6 489.3 754.4 623.7 631.2 578.1 704.9 199.5 511.0 108.8 644.4 733.5 600.0 524.0 495.0 146.1 618.3 720.5 809.8 699.6 612.2 635.6 660.8 140.2 557.4 313.9 211.7 87.5 697.6 185.8 649.9 668.8 742.6 602.8 192.8 562.0 532.9 592.7 84.5 614.9 724.1 616.2 574.0 710.0 79.6 101.2 725.7 257.8 561.9 710.6 725.6 589.5 524.3 627.1
1299.7 673.8 167.7 410.4 286.2 750.4 164.7 381.4 696.2 257.3 257.3 292.8 331.9 234.9 406.7 799.8 726.6 750.7 743.7 713.7 366.3 181.3 739.7 303.4 230.9 276.2 352.6 188.8 695.0 0.0 288.9 696.5 191.3 410.3 188.0 198.4 154.5 287.4 184.5 756.3 289.1 96.5 946.4 724.9 698.2 268.0 349.1 318.3 752.9 769.2 350.3 231.4 683.6 301.8 733.6 735.9 800.0 353.0 166.3 263.3 751.9 263.8 822.4 282.6 178.7 178.4 832.6 338.1 178.2 175.0 307.3 248.7 141.8 870.5 242.3 734.1 326.0 262.4 264.5 237.7 343.8 696.8 288.9 249.4 294.5 136.5 315.6 306.2 189.7 672.7 316.2 984.9 585.6 664.5 226.5 721.4 178.8 230.9 148.0 278.9 729.3 238.1 365.1 163.5 687.9 296.5 161.0 292.3 275.6 387.4 683.0 761.0 66.2 769.0 226.4 165.1 127.3 265.6 276.4 172.2
1210.0 584.1 349.2 132.9 228.1 660.7 334.2 291.7 606.5 90.3 334.8 65.5 242.2 121.0 120.2 710.1 636.9 661.0 654.0 624.0 276.6 325.9 650.0 245.3 365.1 353.7 85.0 266.3 605.3 324.1 0.0 606.8 252.6 320.6 369.4 275.9 324.0 229.3 299.1 666.6 231.0 325.4 856.7 635.2 608.5 209.9 259.4 260.2 663.2 679.5 260.6 292.7 593.9 212.1 643.9 646.2 710.3 263.3 347.8 205.2 662.2 62.7 732.7 224.5 348.2 347.9 742.9 248.4 390.4 230.1 18.3 190.6 311.3 780.8 113.6 644.4 57.5 339.9 206.4 109.9 254.1 607.1 230.8 326.9 372.0 306.0 83.1 248.1 267.2 583.0 258.1 895.2 495.9 574.8 304.0 631.7 256.3 275.2 376.9 104.0 639.6 118.6 275.4 199.1 598.2 46.8 330.5 97.4 217.5 105.1 593.3 671.3 295.1 679.3 168.3 346.6 308.8 119.7 186.7 233.5
966.2 265.4 646.4 724.0 578.0 318.6 709.6 538.9 306.9 533.3 718.1 606.4 489.4 493.3 714.8 369.5 294.8 361.4 311.9 324.4 507.2 709.2 307.9 569.1 748.4 737.0 666.2 649.6 263.2 681.9 602.5 0.0 635.9 551.2 713.5 659.2 699.4 553.1 682.4 324.5 520.0 683.2 492.1 335.6 266.4 556.1 506.6 634.6 321.1 337.4 471.2 676.0 251.8 422.7 273.5 304.1 368.2 510.5 639.0 588.5 320.1 577.4 390.6 623.4 731.5 723.3 400.8 493.4 681.6 613.4 620.9 576.4 684.7 437.0 500.7 344.8 634.1 723.2 589.7 513.7 484.7 296.4 608.0 710.2 737.0 689.3 601.9 625.3 650.5 283.4 547.1 553.1 89.9 232.7 687.3 289.6 639.6 635.0 669.8 592.5 297.5 551.7 522.6 582.4 253.4 604.6 713.8 605.9 563.7 699.7 251.2 329.2 652.9 337.2 551.6 637.8 652.8 576.3 532.1 616.8
1238.2 635.7 252.4 348.9 224.7 688.9 231.4 315.4 634.7 195.8 232.0 231.3 270.4 173.4 345.2 739.8 665.1 689.2 682.2 652.2 304.8 223.1 678.2 241.9 262.3 250.9 291.1 163.5 633.5 221.3 227.4 635.0 0.0 348.8 266.6 173.1 221.2 225.9 46.4 710.5 227.6 222.6 862.4 663.4 636.7 206.5 276.7 256.8 690.1 707.7 288.8 72.9 622.1 240.3 643.8 674.4 738.5 291.5 245.0 201.8 690.4 202.3 760.9 236.7 245.4 245.1 769.5 291.0 287.6 133.7 245.8 195.8 206.5 807.3 180.8 672.6 264.5 237.1 203.0 176.2 282.3 624.2 227.4 224.1 269.2 203.2 254.1 244.7 164.4 611.2 254.7 923.4 524.1 603.0 201.2 659.9 153.5 200.3 274.1 217.9 679.9 176.6 303.6 122.2 623.7 235.0 227.7 230.8 214.1 325.9 621.5 699.5 192.3 707.5 164.9 243.8 206.0 201.2 233.0 19.0
1146.2 520.3 458.1 449.6 303.6 596.9 443.1 99.9 542.7 258.9 443.7 332.0 142.4 218.9 440.4 646.3 573.1 597.2 590.2 560.2 68.9 434.8 586.2 294.7 474.0 462.6 391.8 375.2 541.5 433.0 328.1 543.0 361.5 0.0 478.3 384.8 432.9 278.7 408.0 602.8 245.6 434.3 792.9 571.4 544.7 281.7 79.7 360.2 599.4 615.7 178.8 401.6 530.1 130.3 580.1 582.4 646.5 122.3 456.7 314.1 598.4 303.0 668.9 333.4 457.1 456.8 679.1 126.3 499.3 339.0 346.5 293.4 420.2 717.0 226.3 580.6 359.7 448.8 315.3 239.3 132.0 543.3 333.6 435.8 480.9 414.9 327.5 350.9 376.1 519.2 272.7 831.4 432.1 511.0 412.9 567.9 365.2 384.1 485.8 318.1 575.8 277.3 101.8 308.0 534.4 330.2 439.4 331.5 289.3 425.3 529.5 607.5 404.0 615.5 277.2 455.5 417.7 304.8 239.6 342.4
1356.9 731.0 199.3 467.6 343.4 807.6 199.6 438.6 753.4 314.5 283.9 350.0 389.1 292.1 463.9 857.0 783.8 807.9 800.9 770.9 423.5 123.4 796.9 360.6 123.5 302.8 409.8 215.4 752.2 208.0 346.1 753.7 248.5 467.5 0.0 225.0 189.4 344.6 241.7 813.5 346.3 209.3 1003.6 782.1 755.4 325.2 406.3 375.5 810.1 826.4 407.5 288.6 740.8 359.0 790.8 793.1 857.2 410.2 197.9 320.5 809.1 321.0 879.6 339.8 148.2 213.3 889.8 395.3 240.5 232.2 364.5 305.9 176.7 927.7 299.5 791.3 383.2 289.0 321.7 294.9 401.0 754.0 346.1 276.0 284.6 171.4 372.8 363.4 216.3 729.9 373.4 1042.1 642.8 721.7 253.1 778.6 205.4 288.1 228.7 336.1 786.5 295.3 422.3 220.7 745.1 353.7 149.1 349.5 332.8 444.6 740.2 818.2 179.0 826.2 283.6 196.7 146.1 322.8 333.6 229.4
1286.0 660.1 238.0 396.7 272.5 736.7 223.0 367.7 682.5 243.6 55.7 279.1 318.2 221.2 393.0 786.1 712.9 737.0 730.0 700.0 352.6 178.6 726.0 289.7 217.8 77.7 338.9 52.2 681.3 212.9 275.2 682.8 177.6 396.6 222.1 0.0 212.8 273.7 170.8 742.6 275.4 214.2 932.7 711.2 684.5 254.3 335.4 304.6 739.2 755.5 336.6 217.7 669.9 288.1 719.9 722.2 786.3 339.3 236.6 249.6 738.2 250.1 808.7 268.9 203.4 236.7 818.9 324.4 279.2 161.3 293.6 235.0 200.1 856.8 228.6 720.4 312.3 63.9 250.8 224.0 330.1 683.1 275.2 50.9 92.9 194.8 301.9 292.5 87.5 659.0 302.5 971.2 571.9 650.8 24.9 707.7 19.5 217.2 265.7 265.2 715.6 224.4 351.4 149.8 674.2 282.8 204.3 278.6 261.9 373.7 669.3 747.3 183.9 755.3 212.7 235.4 197.6 251.9 262.7 158.5
1319.6 693.7 175.2 430.3 306.1 770.3 10.1 401.3 716.1 277.2 277.2 312.7 351.8 254.8 426.6 819.7 746.5 770.6 763.6 733.6 386.2 148.2 759.6 323.3 205.6 296.1 372.5 208.7 714.9 154.5 308.8 716.4 211.2 430.2 162.7 218.3 0.0 307.3 204.4 776.2 309.0 155.8 966.3 744.8 718.1 287.9 369.0 338.2 772.8 789.1 370.2 251.3 703.5 321.7 753.5 755.8 819.9 372.9 173.8 283.2 771.8 283.7 842.3 302.5 145.6 23.8 852.5 358.0 216.4 194.9 327.2 268.6 22.6 890.4 262.2 754.0 345.9 282.3 284.4 257.6 363.7 716.7 308.8 269.3 314.4 65.2 335.5 326.1 209.6 692.6 336.1 1004.8 605.5 684.4 246.4 741.3 198.7 250.8 204.6 298.8 749.2 258.0 385.0 183.4 707.8 316.4 127.9 312.2 295.5 407.3 702.9 780.9 125.5 788.9 246.3 172.6 46.5 285.5 296.3 192.1
1161.4 558.9 334.5 351.6 97.5 612.1 313.5 238.6 557.9 193.0 314.1 234.0 193.6 153.0 347.9 663.0 588.3 612.4 605.4 575.4 228.0 305.2 601.4 15.9 344.4 333.0 293.8 245.6 556.7 303.4 230.1 558.2 231.9 272.0 348.7 255.2 303.3 0.0 278.4 618.0 54.3 304.7 785.6 586.6 559.9 75.6 199.9 154.1 613.3 630.9 212.0 272.0 545.3 163.5 567.0 597.6 707.1 214.7 327.1 120.4 613.6 205.0 684.1 167.2 327.5 327.2 692.7 199.8 369.7 209.4 248.5 87.3 288.6 730.5 160.4 608.9 267.2 319.2 149.1 173.4 205.5 547.4 129.8 306.2 351.3 285.3 256.8 144.8 246.5 534.4 81.4 846.6 447.3 526.2 283.3 583.1 235.6 231.0 356.2 220.1 591.0 179.3 226.8 178.4 546.9 237.7 309.8 233.5 83.2 328.6 544.7 622.7 274.4 630.7 105.8 325.9 288.1 203.9 191.8 212.8
1198.4 572.5 283.7 309.1 184.9 649.1 268.7 280.1 594.9 156.0 269.3 191.5 230.6 133.6 305.4 698.5 625.3 649.4 642.4 612.4 265.0 260.4 638.4 202.1 299.6 288.2 251.3 200.8 593.7 258.6 187.6 595.2 37.2 309.0 303.9 210.4 258.5 186.1 0.0 655.0 187.8 259.9 845.1 623.6 596.9 166.7 247.8 217.0 651.6 667.9 249.0 96.7 582.3 200.5 632.3 634.6 698.7 251.7 282.3 162.0 650.6 162.5 721.1 181.3 282.7 282.4 731.3 236.8 324.9 171.0 206.0 147.4 245.8 769.2 141.0 632.8 224.7 274.4 163.2 136.4 242.5 595.5 187.6 261.4 306.5 240.5 214.3 204.9 201.7 571.4 214.9 883.6 484.3 563.2 238.5 620.1 190.8 226.9 311.4 177.6 628.0 136.8 263.8 159.5 586.6 195.2 265.0 191.0 174.3 286.1 581.7 659.7 229.6 667.7 125.1 281.1 243.3 164.3 175.1 56.3
1131.7 164.0 775.1 814.7 668.7 166.1 808.2 629.6 198.1 624.0 808.8 697.1 580.1 584.0 816.8 133.7 235.8 222.4 131.7 252.7 597.9 811.2 199.8 659.8 839.1 827.7 756.9 740.3 89.4 820.9 693.2 378.5 737.9 641.9 852.5 749.9 798.0 643.8 773.1 0.0 610.7 810.7 256.3 245.9 116.5 646.8 597.3 725.3 251.0 169.5 561.9 752.5 100.6 513.4 228.7 120.8 132.4 601.2 778.0 665.0 38.9 668.1 154.8 698.5 808.0 821.9 165.0 569.7 820.6 704.1 711.6 658.5 769.1 202.9 591.4 191.8 724.8 813.9 680.4 604.4 575.4 224.7 698.7 800.9 857.3 780.0 692.6 716.0 741.2 226.4 637.8 317.3 277.9 122.1 778.0 163.8 730.3 737.0 808.8 683.2 227.4 642.4 624.6 673.1 102.2 695.3 804.5 707.9 640.2 790.4 100.0 104.6 791.9 278.2 642.3 776.8 791.8 669.9 608.6 707.5
1128.3 502.4 330.2 350.6 99.2 579.0 315.2 210.0 524.8 159.9 315.8 233.0 160.5 119.9 341.4 628.4 555.2 579.3 572.3 542.3 194.9 306.9 568.3 90.3 346.1 334.7 292.8 247.3 523.6 305.1 229.1 525.1 233.6 238.9 350.4 256.9 305.0 74.3 280.1 584.9 0.0 306.4 775.0 553.5 526.8 77.3 177.7 155.8 581.5 597.8 178.9 273.7 512.2 130.4 562.2 564.5 628.6 181.6 328.8 122.1 580.5 204.0 651.0 168.9 329.2 328.9 661.2 166.7 371.4 211.1 247.5 89.0 292.3 699.1 127.3 562.7 260.7 320.9 150.8 140.3 172.4 525.4 129.2 307.9 353.0 287.0 228.5 146.5 248.2 501.3 27.1 813.5 414.2 493.1 285.0 550.0 237.3 256.2 357.9 219.1 557.9 178.3 193.7 180.1 516.5 231.2 311.5 232.5 84.9 326.3 511.6 589.6 276.1 597.6 107.5 327.6 289.8 205.8 140.6 214.5
1291.0 688.5 129.3 401.7 277.5 741.7 156.0 368.2 687.5 248.6 248.6 284.1 323.2 226.2 398.0 792.6 717.9 742.0 735.0 705.0 357.6 172.6 731.0 294.7 222.2 267.5 343.9 180.1 686.3 66.5 280.2 687.8 182.6 401.6 179.3 189.7 145.8 278.7 175.8 747.6 280.4 0.0 915.2 716.2 689.5 259.3 329.5 309.6 744.2 760.5 341.6 222.7 674.9 293.1 696.6 727.2 828.8 344.3 103.5 254.6 743.2 259.1 813.7 273.9 170.0 169.7 822.3 329.4 109.1 166.3 298.6 240.0 131.1 860.1 233.6 738.5 317.3 253.7 255.8 229.0 335.1 677.0 280.2 240.7 285.8 127.8 306.9 297.5 181.0 664.0 307.5 976.2 576.9 655.8 217.8 712.7 170.1 232.9 78.9 270.2 720.6 229.4 356.4 154.8 676.5 287.8 152.3 283.6 266.9 378.7 674.3 752.3 18.9 760.3 217.7 120.7 118.6 256.9 285.8 163.5
1312.6 355.2 966.3 1017.2 871.2 326.5 1010.7 832.1 400.3 826.5 1011.3 899.6 782.6 786.5 1008.0 123.7 99.2 413.6 322.9 454.9 800.4 1002.4 392.8 862.3 1041.6 1030.2 959.4 942.8 354.8 1000.6 895.7 569.7 929.1 844.4 1033.4 952.4 1000.5 846.3 975.6 278.4 813.2 1001.9 0.0 437.1 358.0 849.3 788.9 927.8 396.5 345.3 764.4 969.2 297.7 715.9 77.9 312.0 193.9 803.7 958.9 881.7 304.2 870.6 216.3 901.0 1024.7 1024.4 200.1 772.2 1001.5 906.6 914.1 869.6 985.8 53.3 793.9 352.0 927.3 1016.4 882.9 806.9 777.9 426.9 901.2 1003.4 1048.5 982.5 895.1 918.5 943.7 417.6 840.3 60.9 458.8 324.3 980.5 41.6 932.8 928.2 989.7 885.7 386.3 844.9 815.8 875.6 297.1 897.8 1007.0 899.1 856.9 992.9 299.3 231.3 971.6 141.0 844.8 957.7 972.7 869.5 825.3 910.0
1103.0 158.8 745.0 754.4 608.4 287.7 747.9 569.3 72.5 563.7 748.5 636.8 519.8 523.7 745.2 296.9 211.6 27.7 205.9 127.1 537.6 739.6 224.7 599.5 778.8 767.4 696.6 680.0 175.2 737.8 632.9 360.1 666.3 581.6 818.1 689.6 737.7 583.5 712.8 253.4 550.4 739.1 443.5 0.0 178.4 586.5 537.0 665.0 237.9 306.5 501.6 706.4 145.8 453.1 218.6 273.2 297.1 540.9 743.6 618.9 214.1 607.8 319.5 638.2 761.9 761.6 329.7 509.4 786.2 643.8 651.3 598.2 725.0 367.6 531.1 183.5 664.5 753.6 620.1 544.1 515.1 110.2 638.4 740.6 785.7 719.7 632.3 655.7 680.9 52.1 577.5 482.0 249.2 144.7 717.7 206.4 670.0 688.9 774.4 622.9 214.3 582.1 553.0 612.8 150.1 635.0 744.2 636.3 594.1 730.1 145.2 223.2 708.8 254.0 582.0 742.4 757.4 609.6 544.4 647.2
1106.8 196.1 760.5 811.4 665.4 119.0 804.9 621.8 241.2 620.7 805.5 693.8 576.8 580.7 800.5 103.0 227.2 207.8 123.4 204.3 594.6 794.9 235.4 656.5 835.8 824.4 753.6 737.0 197.4 794.8 689.9 362.2 721.6 638.6 827.6 746.6 794.7 640.5 769.8 86.9 607.4 794.4 225.6 231.3 0.0 643.5 583.1 722.0 239.1 139.5 558.6 761.7 138.6 510.1 204.2 104.5 147.1 597.9 753.1 674.2 106.4 668.8 124.1 710.8 817.2 818.6 132.7 580.8 795.7 709.5 708.3 663.8 778.3 170.5 588.1 116.2 721.5 810.6 677.1 601.1 572.1 174.6 697.7 797.6 841.0 776.7 689.3 712.7 737.9 210.1 634.5 286.6 253.0 166.9 773.0 195.9 725.3 720.7 783.9 680.4 228.9 639.1 608.3 669.8 138.0 692.0 801.2 691.6 649.4 787.1 140.2 73.9 765.8 269.6 639.0 751.9 766.9 663.7 617.8 704.2
1184.4 558.5 289.1 312.2 21.8 635.1 274.1 266.1 580.9 159.1 274.7 194.6 216.6 136.7 308.5 684.5 611.3 635.4 628.4 598.4 251.0 265.8 624.4 91.6 305.0 293.6 254.4 206.2 579.7 264.0 190.7 581.2 192.5 295.0 309.3 215.8 263.9 75.6 239.0 641.0 77.3 265.3 831.1 609.6 582.9 0.0 233.8 78.4 637.6 653.9 235.0 232.6 568.3 186.5 618.3 620.6 684.7 237.7 287.7 44.7 636.6 165.6 707.1 127.8 288.1 287.8 717.3 222.8 330.3 170.0 209.1 47.9 251.2 755.2 144.1 618.8 227.8 279.8 109.7 139.5 228.5 581.5 88.1 266.8 311.9 245.9 217.4 105.4 207.1 557.4 104.4 869.6 470.3 549.2 243.9 606.1 196.2 215.1 316.8 180.7 614.0 139.9 249.8 139.0 572.6 198.3 270.4 194.1 7.5 289.2 567.7 645.7 235.0 653.7 66.4 286.5 248.7 167.4 178.2 173.4
1109.0 506.5 410.3 395.8 249.8 548.8 389.3 27.7 494.6 205.1 389.9 278.2 62.6 165.1 386.6 599.7 535.9 560.0 553.0 523.0 87.8 370.1 549.0 240.9 420.2 408.8 338.0 321.4 504.3 379.2 274.3 505.8 296.8 76.7 424.5 331.0 379.1 224.9 354.2 581.3 191.8 369.6 722.3 534.2 509.2 227.9 0.0 306.4 560.9 578.5 159.6 336.9 482.0 111.1 514.6 545.2 654.7 42.5 402.9 249.4 561.2 253.2 631.7 295.2 392.4 403.0 640.3 159.6 445.5 293.9 292.7 248.2 353.5 678.1 172.5 513.4 305.9 395.0 261.5 185.5 150.9 484.1 282.1 382.0 416.2 361.1 273.7 297.1 322.3 482.0 218.9 794.2 394.9 473.8 348.2 530.7 300.5 295.9 432.0 264.8 550.7 223.5 26.8 254.2 483.6 276.4 385.6 266.8 224.6 371.5 481.4 570.3 350.2 578.3 223.4 401.7 363.9 248.1 193.0 288.6
1241.8 615.9 329.4 352.5 66.5 692.5 314.4 323.5 638.3 199.4 315.0 234.9 274.0 177.0 348.8 741.9 668.7 692.8 685.8 655.8 308.4 306.1 681.8 180.1 345.3 333.9 294.7 246.5 637.1 304.3 231.0 638.6 232.8 352.4 349.6 256.1 304.2 164.1 279.3 698.4 165.8 305.6 888.5 667.0 640.3 88.4 291.2 0.0 695.0 711.3 292.4 272.9 625.7 243.9 675.7 678.0 742.1 295.1 328.0 69.5 694.0 205.9 764.5 182.9 328.4 328.1 774.7 280.2 370.6 210.3 249.4 136.4 291.5 812.6 184.4 676.2 268.1 320.1 164.8 179.8 285.9 638.9 176.6 307.1 352.2 286.2 257.7 193.9 247.4 614.8 192.9 927.0 527.7 606.6 284.2 663.5 236.5 255.4 357.1 221.0 671.4 180.2 307.2 179.3 630.0 238.6 310.7 234.4 80.8 329.5 625.1 703.1 275.3 711.1 81.8 326.8 289.0 207.7 218.5 213.7
1121.0 81.5 773.4 789.8 643.8 243.1 783.3 600.2 161.7 599.1 783.9 672.2 555.2 559.1 779.3 243.4 112.2 257.7 203.8 200.5 573.0 773.7 83.3 634.9 814.2 801.5 732.0 715.4 189.0 810.2 668.3 376.8 700.4 617.0 841.8 725.0 773.1 617.6 748.2 233.4 585.8 810.2 364.7 229.9 193.9 621.9 561.5 700.4 0.0 263.2 537.0 740.5 130.4 488.5 89.6 228.6 287.5 576.3 767.3 653.0 213.3 647.2 264.5 689.2 796.0 797.0 273.1 559.2 809.9 687.9 686.7 642.2 757.1 310.9 566.5 268.5 699.9 789.0 655.5 579.5 550.5 171.2 676.1 776.0 864.0 753.8 667.7 691.1 716.3 176.4 612.9 427.0 267.2 158.5 753.1 81.3 704.1 699.5 798.1 658.8 27.9 617.5 587.1 648.2 136.1 670.4 778.3 670.4 628.2 765.5 146.0 158.2 781.2 154.6 617.4 766.1 781.1 642.1 596.6 681.3
1101.2 175.0 748.9 770.0 624.0 68.2 763.5 584.9 161.2 579.3 764.1 652.4 535.4 539.3 760.8 192.1 227.8 202.2 154.3 198.7 553.2 755.2 209.1 615.1 794.4 783.0 712.2 695.6 69.3 790.4 648.5 358.3 681.9 597.2 822.0 705.2 753.3 599.1 728.4 148.6 566.0 791.7 338.7 225.7 90.5 602.1 552.6 680.6 254.1 0.0 517.2 722.0 124.1 468.7 234.8 32.6 192.3 556.5 747.5 634.5 162.5 623.4 214.7 653.8 777.5 777.2 224.9 525.0 790.1 659.4 666.9 613.8 740.6 262.8 546.7 28.5 680.1 769.2 635.7 559.7 530.7 181.8 654.0 756.2 845.5 735.3 647.9 671.3 696.5 175.9 593.1 377.2 247.4 123.0 733.3 229.7 685.6 704.5 778.3 638.5 230.5 597.7 568.6 628.4 128.4 650.6 759.8 651.9 609.7 745.7 123.5 164.5 761.4 270.2 597.6 746.3 761.3 625.2 560.0 662.8
1122.1 496.2 414.0 405.5 259.5 572.8 399.0 203.1 518.6 214.8 399.6 287.9 153.6 174.8 396.3 622.2 549.0 573.1 566.1 536.1 170.7 390.7 562.1 250.6 429.9 418.5 347.7 331.1 517.4 388.9 284.0 518.9 317.4 214.7 434.2 340.7 388.8 234.6 363.9 578.7 201.5 390.2 768.8 547.3 520.6 237.6 170.8 316.1 575.3 591.6 0.0 357.5 506.0 76.1 556.0 558.3 622.4 174.7 412.6 270.0 574.3 258.9 644.8 289.3 413.0 412.7 655.0 142.5 455.2 294.9 302.4 249.3 376.1 692.9 182.2 556.5 315.6 404.7 271.2 195.2 148.2 519.2 289.5 391.7 436.8 370.8 283.4 306.8 332.0 495.1 228.6 807.3 408.0 486.9 368.8 543.8 321.1 340.0 441.7 274.0 551.7 233.2 186.8 263.9 510.3 286.1 395.3 287.4 245.2 381.2 505.4 583.4 359.9 591.4 233.1 411.4 373.6 260.7 195.5 298.3
1279.3 676.8 307.4 390.0 265.8 730.0 286.4 361.0 675.8 236.9 287.0 272.4 311.5 214.5 386.3 780.9 706.2 730.3 723.3 693.3 345.9 278.1 719.3 283.0 317.3 305.9 332.2 218.5 674.6 276.3 268.5 676.1 67.8 389.9 321.6 228.1 276.2 267.0 80.8 752.7 268.7 277.6 903.5 704.5 677.8 247.6 328.7 297.9 731.2 748.8 329.9 0.0 663.2 281.4 684.9 715.5 779.6 332.6 300.0 242.9 731.5 243.4 802.0 277.8 300.4 300.1 810.6 332.1 342.6 188.7 286.9 228.3 261.5 848.4 221.9 713.7 305.6 292.1 244.1 217.3 323.4 665.3 268.5 279.1 324.2 258.2 295.2 285.8 219.4 652.3 295.8 964.5 565.2 644.1 256.2 701.0 208.5 255.3 329.1 258.5 721.0 217.7 344.7 177.2 664.8 276.1 282.7 271.9 255.2 367.0 662.6 740.6 247.3 748.6 206.0 298.8 261.0 242.3 274.1 74.0
1049.3 104.7 703.0 718.1 572.1 111.4 711.6 528.5 101.5 527.4 712.2 600.5 483.5 487.4 708.9 161.5 134.1 132.3 58.3 156.1 501.3 703.3 79.9 563.2 742.5 731.1 660.3 643.7 56.0 738.5 596.6 306.4 630.0 545.3 770.1 653.3 701.4 547.2 676.5 96.7 514.1 739.8 284.1 155.8 59.2 550.2 489.8 628.7 129.8 130.2 465.3 670.1 0.0 416.8 112.8 96.9 160.2 504.6 695.6 582.6 66.5 571.5 182.6 601.9 725.6 725.3 192.8 473.1 738.2 616.2 615.0 561.9 686.7 229.0 494.8 160.9 628.2 717.3 583.8 507.8 478.8 128.1 602.1 704.3 793.6 683.4 596.0 619.4 644.6 162.8 541.2 345.1 195.5 25.5 681.4 104.5 633.7 629.1 726.4 586.6 107.5 545.8 516.7 576.5 0.6 598.7 707.9 600.0 557.8 693.8 0.5 76.3 709.5 176.5 545.7 694.4 709.4 570.4 526.2 610.9
1045.9 420.0 337.8 329.3 183.3 496.6 322.8 144.2 442.4 138.6 323.4 211.7 94.7 98.6 320.1 546.0 472.8 496.9 489.9 459.9 94.5 314.5 485.9 174.4 353.7 342.3 271.5 254.9 441.2 312.7 207.8 442.7 241.2 138.5 358.0 264.5 312.6 158.4 287.7 502.5 125.3 314.0 692.6 471.1 444.4 161.4 111.9 239.9 499.1 515.4 48.4 281.3 429.8 0.0 479.8 482.1 546.2 115.8 336.4 193.8 498.1 182.7 568.6 213.1 336.8 336.5 578.8 66.3 379.0 218.7 226.2 173.1 299.9 616.7 106.0 480.3 239.4 328.5 195.0 119.0 72.0 443.0 213.3 315.5 360.6 294.6 207.2 230.6 255.8 418.9 152.4 731.1 331.8 410.7 292.6 467.6 244.9 263.8 365.5 197.8 475.5 157.0 127.9 187.7 434.1 209.9 319.1 211.2 169.0 305.0 429.2 507.2 283.7 515.2 156.9 335.2 297.4 184.5 119.3 222.1
1090.6 18.2 744.3 759.4 613.4 214.0 752.9 574.3 132.6 568.7 753.5 641.8 524.8 528.7 750.2 211.7 21.2 227.3 193.2 170.1 542.6 744.6 119.3 604.5 783.8 772.4 701.6 685.0 158.6 779.8 637.9 347.7 671.3 586.6 811.4 694.6 742.7 588.5 717.8 236.7 555.4 781.1 87.9 199.5 161.8 591.5 531.1 670.0 128.8 232.8 506.6 711.4 133.8 458.1 0.0 199.5 226.8 545.9 736.9 623.9 201.4 616.8 249.2 658.8 766.9 766.6 257.8 528.8 779.5 648.8 656.3 611.8 728.0 141.3 536.1 268.1 669.5 758.6 625.1 549.1 520.1 142.1 643.4 745.6 834.9 724.7 637.3 660.7 685.9 147.3 582.5 19.0 236.8 128.1 722.7 55.5 675.0 670.4 767.7 627.9 118.6 587.1 558.0 617.8 133.2 640.0 749.2 641.3 599.1 735.1 135.4 142.9 750.8 63.6 587.0 735.7 750.7 611.7 567.5 652.2
1068.5 165.7 722.2 737.3 591.3 39.2 730.8 552.2 128.5 546.6 731.4 619.7 502.7 506.6 728.1 160.9 195.1 169.5 121.6 166.0 520.5 722.5 176.4 582.4 761.7 750.3 679.5 662.9 36.6 757.7 615.8 325.6 649.2 564.5 789.3 672.5 720.6 566.4 695.7 121.0 533.3 759.0 283.5 193.0 57.8 569.4 509.0 647.9 220.1 33.2 484.5 689.3 91.4 436.0 173.8 0.0 159.6 523.8 714.8 601.8 129.8 594.7 182.0 636.7 744.8 744.5 192.2 506.7 757.4 626.7 634.2 589.7 705.9 228.4 514.0 101.1 647.4 736.5 603.0 527.0 498.0 138.0 621.3 723.5 812.8 702.6 615.2 638.6 663.8 143.2 560.4 344.5 214.7 90.3 700.6 197.0 652.9 648.3 745.6 605.8 209.9 565.0 535.9 595.7 93.0 617.9 727.1 619.2 577.0 713.0 90.8 131.8 728.7 237.5 564.9 713.6 728.6 592.5 545.4 630.1
1165.1 199.1 810.2 869.7 723.7 170.4 863.2 680.1 290.3 679.0 863.8 752.1 635.1 639.0 898.0 59.1 237.1 266.1 166.8 307.4 652.9 846.3 245.3 714.8 894.1 920.2 811.9 795.3 207.3 853.1 748.2 457.2 773.0 696.9 885.9 804.9 853.0 736.3 828.1 137.2 665.7 889.4 209.6 289.6 212.2 701.8 641.4 780.3 249.0 197.8 616.9 856.7 141.6 568.4 207.2 202.0 0.0 656.2 811.4 769.2 156.7 727.1 52.0 769.1 912.2 876.9 30.9 639.1 854.0 767.8 766.6 713.5 838.3 135.2 646.4 174.5 779.8 868.9 735.4 659.4 630.4 314.4 756.0 855.9 936.0 872.5 747.6 771.0 796.2 305.1 692.8 251.3 311.3 176.8 824.4 242.5 776.7 772.1 842.2 738.7 238.8 697.4 705.8 728.1 141.0 750.3 897.0 743.0 744.4 845.4 151.8 83.8 824.1 279.5 697.3 810.2 825.2 722.0 677.8 800.0
1101.4 475.5 396.7 388.2 242.2 552.1 381.7 83.3 497.9 197.5 382.3 270.6 55.0 157.5 379.0 601.5 528.3 552.4 545.4 515.4 138.9 373.4 541.4 233.3 412.6 401.2 330.4 313.8 496.7 371.6 266.7 498.2 300.1 127.8 416.9 323.4 371.5 217.3 346.6 558.0 184.2 372.9 748.1 526.6 499.9 220.3 51.0 298.8 554.6 570.9 152.0 340.2 485.3 103.5 535.3 537.6 601.7 0.0 395.3 252.7 553.6 241.6 624.1 272.0 395.7 395.4 634.3 139.8 437.9 277.6 285.1 232.0 358.8 672.2 164.9 535.8 298.3 387.4 253.9 177.9 145.5 498.5 272.2 374.4 419.5 353.5 266.1 289.5 314.7 474.4 211.3 786.6 387.3 466.2 351.5 523.1 303.8 322.7 424.4 256.7 531.0 215.9 67.0 246.6 489.6 268.8 378.0 270.1 227.9 363.9 484.7 562.7 342.6 570.7 215.8 394.1 356.3 243.4 178.2 281.0
1333.4 675.6 65.2 444.1 319.9 752.2 184.0 415.1 729.9 291.0 289.4 326.5 365.6 268.6 440.4 801.6 728.4 784.4 745.5 747.4 400.0 215.0 741.5 337.1 230.8 309.9 386.3 222.5 696.8 152.6 322.6 695.8 225.0 444.0 187.9 232.1 173.8 321.1 218.2 758.1 322.8 93.5 948.2 758.6 700.0 301.7 382.8 352.0 754.7 771.0 384.0 265.1 685.4 335.5 735.4 737.7 801.8 386.7 0.0 297.0 753.7 297.5 824.2 316.3 212.4 197.7 834.4 371.8 36.2 208.7 341.0 282.4 161.1 872.3 276.0 767.8 359.7 296.1 298.2 271.4 377.5 730.5 322.6 283.1 279.6 170.2 349.3 339.9 223.4 706.4 349.9 986.7 584.9 666.3 260.2 723.2 212.5 264.6 56.2 312.6 731.1 271.8 398.8 197.2 689.7 330.2 194.7 326.0 309.3 421.1 684.8 762.8 91.1 770.8 260.1 62.6 127.2 299.3 310.1 205.9
1196.8 594.3 290.4 307.5 22.8 647.5 269.4 274.0 593.3 154.4 270.0 189.9 229.0 132.0 303.8 698.4 623.7 647.8 640.8 610.8 263.4 261.1 636.8 136.4 300.3 288.9 249.7 201.5 592.1 259.3 186.0 593.6 187.8 307.4 304.6 211.1 259.2 120.4 234.3 653.4 122.1 260.6 821.0 622.0 595.3 44.7 235.3 60.4 648.7 666.3 247.4 227.9 580.7 198.9 602.4 633.0 688.5 250.1 283.0 0.0 649.0 160.9 719.5 137.9 283.4 283.1 728.1 249.6 325.6 165.3 204.4 92.7 244.5 765.9 139.4 601.2 223.1 275.1 119.8 134.8 240.9 582.8 132.9 262.1 307.2 241.2 212.7 150.2 202.4 569.8 149.2 882.0 482.7 561.6 239.2 618.5 191.5 186.9 312.1 176.0 626.4 135.2 262.2 134.3 582.3 193.6 265.7 189.4 37.1 284.5 580.1 658.1 230.3 666.1 36.8 281.8 244.0 162.7 191.6 168.7
1112.2 187.1 759.9 781.0 635.0 146.6 774.5 595.9 164.4 590.3 775.1 663.4 546.4 550.3 771.8 169.2 216.3 195.2 64.2 219.0 564.2 766.2 166.1 626.1 805.4 794.0 723.2 706.6 69.9 801.4 659.5 369.3 692.9 608.2 833.0 716.2 764.3 610.1 739.4 125.7 577.0 802.7 315.8 218.7 112.4 613.1 563.6 691.6 217.3 165.4 528.2 733.0 81.1 479.7 223.3 132.1 169.4 567.5 758.5 645.5 0.0 634.4 191.8 664.8 788.5 788.2 202.0 536.0 801.1 670.4 677.9 624.8 751.6 239.9 557.7 194.0 691.1 780.2 646.7 570.7 541.7 202.1 665.0 767.2 856.5 746.3 658.9 682.3 707.5 186.9 604.1 354.3 258.4 88.4 744.3 186.7 696.6 715.5 789.3 649.5 193.7 608.7 579.6 639.4 85.4 661.6 770.8 662.9 620.7 756.7 80.5 141.6 772.4 258.7 608.6 757.3 772.3 636.2 571.0 673.8
1184.9 586.4 330.1 168.5 203.0 635.6 309.1 262.1 581.4 93.8 309.7 28.9 217.1 120.1 155.8 686.5 611.8 635.9 628.9 598.9 251.5 300.8 624.9 220.2 340.0 328.6 101.2 241.2 580.2 299.0 42.7 585.7 227.5 295.5 344.3 250.8 298.9 204.2 274.0 657.2 205.9 304.3 809.1 610.1 585.1 184.8 223.4 235.1 636.8 654.4 235.5 267.6 568.8 187.0 594.5 625.1 730.6 238.2 322.7 184.1 637.1 0.0 707.6 215.0 323.1 322.8 716.2 237.7 365.3 213.7 61.1 174.1 288.2 754.0 117.1 589.3 79.8 314.8 181.3 113.4 229.0 570.9 208.0 301.8 346.9 280.9 86.6 223.0 242.1 561.9 233.0 870.1 470.8 549.7 282.9 610.6 235.2 226.6 351.8 79.4 626.6 93.5 250.3 174.0 570.4 50.3 305.4 72.3 192.4 140.7 568.2 646.2 270.0 654.2 143.2 321.5 283.7 91.7 179.7 208.4
1165.6 208.4 813.3 870.2 724.2 179.5 863.7 685.1 253.3 679.5 864.3 752.6 635.6 639.5 861.0 66.7 237.6 266.6 175.9 307.9 653.4 855.4 245.8 715.3 894.6 883.2 812.4 795.8 207.8 853.6 748.7 422.7 782.1 697.4 886.4 805.4 853.5 699.3 828.6 44.1 666.2 854.9 213.3 290.1 211.0 702.3 652.8 780.8 250.8 198.3 617.4 822.2 150.7 568.9 244.6 165.0 50.1 656.7 811.9 734.7 157.2 723.6 0.0 754.0 877.7 877.4 82.7 625.2 854.5 759.6 767.1 714.0 840.8 137.4 646.9 205.0 780.3 869.4 735.9 659.9 630.9 291.0 754.2 856.4 901.5 835.5 748.1 771.5 796.7 270.6 693.3 251.8 311.8 177.3 833.5 208.0 785.8 804.7 842.7 738.7 227.2 697.9 668.8 728.6 147.4 750.8 860.0 752.1 709.9 845.9 152.3 84.3 824.6 280.0 697.8 810.7 825.7 725.4 660.2 763.0
1216.9 631.9 328.0 327.6 130.5 685.1 289.5 294.1 613.4 174.5 290.1 210.0 249.1 152.1 323.9 718.5 643.8 667.9 678.4 630.9 283.5 298.7 656.9 144.0 320.4 309.0 269.8 221.6 612.2 279.4 206.1 613.7 225.4 327.5 324.7 231.2 279.3 128.0 254.4 689.2 129.7 280.7 841.1 642.1 617.1 108.6 255.4 173.7 668.8 686.4 267.5 248.0 600.8 219.0 640.0 653.1 762.6 270.2 303.1 136.2 669.1 185.0 739.6 0.0 321.0 303.2 748.2 269.7 345.7 194.1 224.5 97.9 264.6 786.0 159.5 621.3 243.2 295.2 83.9 154.9 261.0 620.4 86.6 282.2 344.8 261.3 232.8 71.6 222.5 589.9 156.8 902.1 502.8 581.7 259.3 656.1 211.6 224.5 332.2 196.6 658.6 155.3 282.3 154.4 619.9 213.7 285.8 209.5 116.2 304.6 600.2 678.2 250.4 686.2 81.8 301.9 264.1 179.9 229.2 188.8
1317.9 715.4 209.8 428.6 304.4 768.6 135.8 395.1 714.4 275.5 244.9 311.0 350.1 253.1 424.9 819.5 744.8 768.9 761.9 731.9 384.5 67.0 757.9 321.6 143.6 263.8 370.8 176.4 713.2 178.7 307.1 714.7 209.5 428.5 147.9 186.0 125.6 305.6 202.7 790.2 307.3 180.0 942.1 743.1 716.4 286.2 356.4 336.5 769.8 787.4 368.5 249.6 701.8 320.0 723.5 754.1 809.6 371.2 202.4 281.5 770.1 282.0 840.6 300.8 0.0 149.5 849.2 370.7 245.0 193.2 325.5 266.9 110.9 888.7 260.5 752.3 344.2 250.0 282.7 255.9 362.0 703.9 307.1 237.0 245.6 107.6 333.8 324.4 177.3 690.9 334.4 1003.1 603.8 682.7 214.1 739.6 166.4 259.8 231.5 297.1 747.5 256.3 383.3 181.7 703.4 314.7 85.3 310.5 293.8 405.6 701.2 779.2 149.7 787.2 244.6 201.2 129.7 280.9 312.7 190.4
1351.7 725.8 207.3 462.4 338.2 802.4 8.6 433.4 748.2 309.3 309.3 344.8 383.9 286.9 458.7 851.8 778.6 802.7 795.7 765.7 418.3 180.3 791.7 355.4 237.7 328.2 404.6 240.8 747.0 186.6 340.9 748.5 243.3 462.3 194.8 250.4 32.0 339.4 236.5 808.3 341.1 187.9 998.4 776.9 750.2 320.0 401.1 370.3 804.9 821.2 402.3 283.4 735.6 353.8 785.6 787.9 852.0 405.0 205.9 315.3 803.9 315.8 874.4 334.6 177.7 0.0 884.6 390.1 248.5 227.0 359.3 300.7 54.7 922.5 294.3 786.1 378.0 314.4 316.5 289.7 395.8 748.8 340.9 301.4 346.5 97.3 367.6 358.2 241.7 724.7 368.2 1036.9 637.6 716.5 278.5 773.4 230.8 282.9 236.7 330.9 781.3 290.1 417.1 215.5 739.9 348.5 160.0 344.3 327.6 439.4 735.0 813.0 157.6 821.0 278.4 204.7 78.6 317.6 328.4 224.2
1207.7 248.7 859.8 912.3 766.3 220.0 905.8 722.7 293.8 721.6 906.4 794.7 677.7 681.6 901.5 73.9 279.7 308.7 216.4 350.0 695.5 897.5 287.9 757.4 936.7 923.7 854.5 837.9 249.9 895.7 790.8 464.8 822.6 739.5 928.5 847.5 895.6 739.8 870.7 179.8 708.3 897.0 196.5 332.2 254.8 744.4 684.0 822.9 291.6 240.4 659.5 864.3 192.8 611.0 256.8 205.5 13.4 698.8 854.0 776.8 199.3 769.7 94.6 811.7 918.2 919.5 0.0 681.7 896.6 810.4 809.2 764.7 880.9 141.4 689.0 217.1 822.4 911.5 778.0 702.0 673.0 320.4 798.6 898.5 942.0 876.0 790.2 813.6 838.8 312.7 735.4 257.5 353.9 219.4 874.0 248.5 826.3 821.7 884.8 781.3 281.4 740.0 709.3 770.7 192.2 792.9 900.5 792.6 752.0 888.0 192.8 126.4 866.7 322.1 739.9 852.8 867.8 764.6 718.8 803.5
1064.9 472.9 393.3 368.3 222.3 515.6 361.8 142.2 461.4 177.6 362.4 250.7 133.7 137.6 369.6 566.5 491.8 515.9 519.4 478.9 93.2 353.5 504.9 213.4 392.7 381.3 310.5 293.9 460.2 351.7 246.8 472.2 290.7 137.2 397.0 303.5 351.6 197.4 326.7 537.2 164.3 353.0 689.1 490.1 465.1 200.4 140.0 278.9 516.8 534.4 97.5 320.3 448.8 49.0 481.0 501.1 610.6 154.8 375.4 232.8 517.1 225.7 587.6 267.7 386.3 375.5 596.2 0.0 418.0 266.4 265.2 220.7 336.9 634.0 145.0 469.3 278.4 367.5 234.0 158.0 5.7 450.9 254.6 354.5 410.1 344.1 246.2 269.6 294.8 448.4 191.4 750.1 350.8 429.7 331.6 497.1 283.9 289.8 404.5 237.3 506.6 196.0 161.2 226.7 450.4 248.9 368.6 250.2 208.0 344.0 448.2 526.2 322.7 534.2 195.9 374.2 336.4 220.6 176.4 261.1
1366.0 708.2 97.8 476.7 352.5 784.8 216.6 447.7 762.5 323.6 322.0 359.1 398.2 301.2 473.0 834.2 761.0 817.0 778.1 780.0 432.6 247.6 774.1 369.7 263.4 342.5 418.9 255.1 729.4 148.2 355.2 728.4 257.6 476.6 220.5 264.7 206.4 353.7 250.8 790.7 355.4 89.1 980.8 791.2 732.6 334.3 415.4 384.6 787.3 803.6 416.6 297.7 718.0 368.1 768.0 770.3 834.4 419.3 46.2 329.6 786.3 330.1 856.8 348.9 245.0 230.3 867.0 404.4 0.0 241.3 373.6 315.0 193.7 904.9 308.6 800.4 392.3 328.7 330.8 304.0 410.1 763.1 355.2 315.7 312.2 202.8 381.9 372.5 256.0 739.0 382.5 1019.3 617.5 698.9 292.8 755.8 245.1 297.2 51.8 345.2 763.7 304.4 431.4 229.8 722.3 362.8 227.3 358.6 341.9 453.7 717.4 795.4 86.7 803.4 292.7 95.2 159.8 331.9 342.7 238.5
1232.1 638.3 214.8 342.8 218.6 682.8 185.1 309.3 628.6 189.7 185.7 225.2 264.3 167.3 347.8 733.7 659.0 683.1 676.1 646.1 298.7 176.8 672.1 235.8 216.0 204.6 285.0 117.2 627.4 175.0 221.3 628.9 132.4 342.7 220.3 126.8 174.9 228.5 116.9 704.4 221.5 176.3 865.0 657.3 632.3 200.4 270.6 250.7 684.0 701.6 282.7 163.8 616.0 234.2 637.7 668.3 777.8 285.4 198.7 195.7 684.3 200.2 754.8 230.6 207.8 198.8 763.4 284.9 241.3 0.0 239.7 189.7 160.2 801.2 174.7 636.5 258.4 190.8 196.9 170.1 276.2 618.1 223.6 177.8 222.9 156.9 248.0 238.6 118.1 613.8 248.6 917.3 518.0 596.9 154.9 653.8 115.9 70.6 227.8 211.8 673.8 170.5 297.5 30.9 617.6 228.9 181.4 224.7 208.0 319.8 624.1 693.4 146.0 701.4 158.8 197.5 159.7 195.1 226.9 104.6
1228.6 602.7 367.8 112.4 246.7 679.3 352.8 310.3 625.1 108.9 353.4 65.0 260.8 139.6 99.7 728.7 655.5 679.6 672.6 642.6 295.2 344.5 668.6 263.9 383.7 372.3 69.9 284.9 623.9 342.7 18.5 625.4 271.2 339.2 388.0 294.5 342.6 247.9 317.7 685.2 249.6 344.0 875.3 653.8 627.1 228.5 278.0 278.8 681.8 698.1 279.2 311.3 612.5 230.7 662.5 664.8 728.9 281.9 366.4 223.8 680.8 71.5 751.3 243.1 366.8 366.5 761.5 267.0 409.0 248.7 0.0 209.2 329.9 799.4 132.2 663.0 37.0 358.5 225.0 128.5 272.7 625.7 249.4 345.5 390.6 324.6 101.7 266.7 285.8 601.6 276.7 913.8 514.5 593.4 322.6 650.3 274.9 293.8 395.5 122.6 658.2 133.3 294.0 217.7 616.8 55.9 349.1 116.0 236.1 84.6 611.9 689.9 313.7 697.9 186.9 365.2 327.4 131.3 205.3 252.1
1176.1 582.2 304.4 312.9 69.8 626.8 274.8 253.3 581.2 159.8 275.4 195.3 208.3 137.4 317.8 677.7 603.0 627.1 620.1 590.1 242.7 266.5 616.1 83.3 305.7 302.9 255.1 206.9 571.4 264.7 191.4 572.9 193.2 286.7 310.0 216.5 264.6 67.3 239.7 648.4 69.0 266.0 800.3 601.3 576.3 47.9 214.6 126.4 628.0 645.6 226.7 233.3 560.0 178.2 590.3 620.9 676.4 229.4 288.4 92.7 628.3 170.3 698.8 123.9 288.8 288.5 707.4 228.9 331.0 179.4 209.8 0.0 249.9 745.2 144.8 580.5 228.5 280.5 102.4 140.2 220.2 562.1 42.4 267.5 312.6 246.6 218.1 57.4 207.8 557.7 96.1 861.3 462.0 540.9 244.6 597.8 196.9 192.3 317.5 181.9 617.8 140.6 241.5 139.7 561.6 199.0 279.7 194.8 64.1 289.9 568.0 637.4 235.7 645.4 67.1 287.2 249.4 165.2 197.0 182.7
1294.9 692.4 156.5 405.6 281.4 745.6 24.8 376.6 691.4 252.5 252.5 288.0 327.1 230.1 401.9 796.5 721.8 745.9 738.9 708.9 361.5 123.5 734.9 298.6 180.9 271.4 347.8 184.0 690.2 129.8 284.1 691.7 186.5 405.5 138.0 193.6 14.6 282.6 179.7 768.3 284.3 131.1 919.1 720.1 693.4 263.2 344.3 313.5 746.8 764.4 345.5 226.6 678.8 297.0 700.5 731.1 832.7 348.2 149.1 258.5 747.1 259.0 817.6 277.8 120.9 38.5 826.2 347.7 191.7 170.2 302.5 243.9 0.0 864.0 237.5 742.4 321.2 257.6 259.7 232.9 339.0 680.9 284.1 244.6 289.7 40.5 310.8 301.4 184.9 667.9 311.4 980.1 580.8 659.7 221.7 716.6 174.0 236.8 179.9 274.1 736.6 233.3 360.3 158.7 680.4 291.7 103.2 287.5 270.8 382.6 678.2 756.2 100.8 764.2 221.6 147.9 21.8 257.9 289.7 167.4
1259.2 301.8 912.9 963.8 817.8 271.4 957.3 774.2 345.2 773.1 957.9 846.2 729.2 733.1 952.9 70.3 152.6 360.2 267.8 401.5 747.0 947.3 339.4 808.9 988.2 976.8 906.0 889.4 301.4 947.2 842.3 514.6 874.0 791.0 980.0 899.0 947.1 791.2 922.2 231.3 759.8 946.8 53.3 383.7 304.6 795.9 735.5 874.4 343.1 291.9 711.0 914.1 242.6 662.5 131.3 256.9 160.2 750.3 905.5 826.6 250.8 821.2 162.9 863.2 969.6 971.0 148.3 733.2 948.1 861.9 860.7 816.2 930.7 0.0 740.5 268.6 873.9 963.0 829.5 753.5 724.5 371.8 850.1 950.0 993.4 929.1 841.7 865.1 890.3 362.5 786.9 114.3 405.4 270.9 925.4 96.7 877.7 873.1 936.3 832.8 332.9 791.5 760.7 822.2 242.0 844.4 953.6 844.0 801.8 939.5 244.2 177.9 918.2 194.4 791.4 904.3 919.3 816.1 770.2 856.6
1099.0 473.1 293.4 226.7 172.3 549.7 278.4 180.7 495.5 53.9 279.0 154.5 131.2 7.4 214.0 599.1 525.9 550.0 543.0 513.0 165.6 270.1 539.0 186.4 309.3 297.9 207.1 210.5 494.3 268.3 122.0 495.8 196.8 209.6 313.6 220.1 268.2 170.4 243.3 555.6 137.3 269.6 745.7 524.2 497.5 154.1 148.4 204.4 552.2 568.5 149.6 236.9 482.9 101.1 532.9 535.2 599.3 152.3 292.0 149.4 551.2 125.5 621.7 168.7 292.4 292.1 631.9 137.4 334.6 174.3 140.4 134.8 255.5 669.8 0.0 533.4 133.3 284.1 150.6 73.5 143.1 496.1 175.0 271.1 316.2 250.2 101.1 192.3 211.4 472.0 164.4 784.2 384.9 463.8 248.2 520.7 200.5 219.4 321.1 153.4 528.6 112.6 164.4 143.3 487.2 103.8 274.7 124.4 161.7 198.9 482.3 560.3 239.3 568.3 112.5 290.8 253.0 140.1 75.7 177.7
1138.7 292.4 801.8 783.8 637.8 135.7 777.3 620.1 210.0 593.1 777.9 666.2 549.2 553.1 796.0 174.2 300.4 180.2 196.3 225.2 567.0 769.0 276.1 628.9 808.2 818.2 726.0 709.4 133.1 767.2 662.3 395.8 717.1 611.0 847.5 719.0 767.1 612.9 742.2 184.9 579.8 768.5 357.5 203.7 154.3 615.9 587.8 694.4 348.1 63.7 531.0 696.5 191.1 482.5 300.5 96.4 233.6 570.3 773.0 648.3 200.0 658.6 234.6 689.0 752.0 791.0 266.2 560.2 815.6 694.6 680.7 649.0 773.8 304.1 560.5 0.0 693.9 783.0 649.5 573.5 544.5 197.2 689.2 770.0 836.5 709.8 661.7 685.1 710.3 184.2 606.9 397.1 284.9 190.0 768.5 296.7 720.8 716.2 803.8 673.7 324.5 611.5 603.8 642.2 192.7 664.4 795.0 687.1 584.2 759.5 211.9 184.4 738.2 342.8 611.4 771.8 786.8 660.4 613.3 698.0
1221.3 595.4 383.6 101.8 262.5 672.0 368.6 303.0 617.8 98.9 369.2 85.2 253.5 129.6 89.1 721.4 648.2 672.3 665.3 635.3 287.9 360.3 661.3 279.7 399.5 388.1 99.5 300.7 616.6 358.5 56.7 618.1 287.0 331.9 403.8 310.3 358.4 263.7 333.5 677.9 259.6 359.8 868.0 646.5 619.8 244.3 270.7 294.6 674.5 690.8 271.9 327.1 605.2 223.4 655.2 657.5 721.6 274.6 382.2 239.6 673.5 91.7 744.0 258.9 382.6 382.3 754.2 259.7 424.8 264.5 56.0 225.0 345.7 792.1 122.2 655.7 0.0 374.3 240.8 118.5 265.4 618.4 265.2 361.3 406.4 340.4 91.7 282.5 301.6 594.3 286.7 906.5 507.2 586.1 338.4 643.0 290.7 309.6 411.3 138.4 650.9 153.0 286.7 233.5 609.5 27.3 364.9 115.0 251.9 74.0 604.6 682.6 329.5 690.6 202.7 381.0 343.2 154.1 198.0 267.9
1370.0 744.1 322.0 480.7 356.5 820.7 307.0 451.7 766.5 327.6 125.6 363.1 402.2 305.2 477.0 870.1 796.9 821.0 814.0 784.0 436.6 262.6 810.0 373.7 301.8 123.6 422.9 136.2 765.3 296.9 359.2 766.8 261.6 480.6 306.1 83.9 296.8 357.7 254.8 826.6 359.4 298.2 1016.7 795.2 768.5 338.3 419.4 388.6 823.2 839.5 420.6 301.7 753.9 372.1 803.9 806.2 870.3 423.3 320.6 333.6 822.2 334.1 892.7 352.9 287.4 320.7 902.9 408.4 363.2 245.3 377.6 319.0 284.1 940.8 312.6 804.4 396.3 0.0 334.8 308.0 414.1 767.1 359.2 96.8 176.9 278.8 385.9 376.5 171.5 743.0 386.5 1055.2 655.9 734.8 108.9 791.7 103.5 301.2 349.7 349.2 799.6 308.4 435.4 233.8 758.2 366.8 288.3 362.6 345.9 457.7 753.3 831.3 267.9 839.3 296.7 319.4 281.6 335.9 346.7 242.5
1210.5 584.6 298.1 321.2 124.1 661.2 283.1 292.2 607.0 168.1 283.7 203.6 242.7 145.7 317.5 710.6 637.4 661.5 654.5 624.5 277.1 274.8 650.5 137.6 314.0 302.6 263.4 215.2 605.8 273.0 199.7 607.3 201.5 321.1 318.3 224.8 272.9 121.6 248.0 667.1 123.3 274.3 857.2 635.7 609.0 102.2 259.9 167.3 663.7 680.0 261.1 241.6 594.4 212.6 644.4 646.7 710.8 263.8 296.7 112.3 662.7 174.6 733.2 75.6 297.1 296.8 743.4 248.9 339.3 179.0 218.1 82.9 260.2 781.3 153.1 644.9 236.8 288.8 0.0 148.5 254.6 607.6 76.9 275.8 320.9 254.9 226.4 59.6 216.1 583.5 150.4 895.7 496.4 575.3 252.9 632.2 205.2 224.1 325.8 189.7 640.1 148.9 275.9 148.0 598.7 207.3 279.4 203.1 109.8 298.2 593.8 671.8 244.0 679.8 75.4 295.5 257.7 176.4 187.2 182.4
1112.0 486.1 288.8 214.6 167.7 562.7 273.8 193.7 508.5 19.5 274.4 142.4 144.2 47.2 201.9 612.1 538.9 563.0 556.0 526.0 178.6 265.5 552.0 184.9 304.7 293.3 195.0 205.9 507.3 263.7 109.9 508.8 192.2 222.6 309.0 215.5 263.6 168.9 238.7 568.6 150.3 265.0 758.7 537.2 510.5 149.5 161.4 199.8 565.2 581.5 162.6 232.3 495.9 114.1 545.9 548.2 612.3 165.3 287.4 144.8 564.2 113.4 634.7 164.1 287.8 287.5 644.9 150.4 330.0 169.7 128.3 130.2 250.9 682.8 54.6 546.4 121.2 279.5 146.0 0.0 156.1 509.1 170.4 266.5 311.6 245.6 89.0 187.7 206.8 485.0 177.4 797.2 397.9 476.8 243.6 533.7 195.9 214.8 316.5 148.8 541.6 108.0 177.4 138.7 500.2 91.7 270.1 112.3 157.1 186.8 495.3 573.3 234.7 581.3 107.9 286.2 248.4 131.3 88.7 173.1
1069.1 443.2 381.0 372.5 226.5 519.8 366.0 163.5 465.6 181.8 366.6 254.9 137.9 141.8 363.3 569.2 496.0 520.1 513.1 483.1 97.4 357.7 509.1 217.6 396.9 385.5 314.7 298.1 464.4 355.9 251.0 465.9 284.4 141.4 401.2 307.7 355.8 201.6 330.9 525.7 168.5 357.2 715.8 494.3 467.6 204.6 143.3 283.1 522.3 538.6 101.7 324.5 453.0 53.2 503.0 505.3 569.4 159.0 379.6 237.0 521.3 225.9 591.8 256.3 380.0 379.7 602.0 4.1 422.2 261.9 269.4 216.3 343.1 639.9 149.2 503.5 282.6 371.7 238.2 162.2 0.0 466.2 256.5 358.7 403.8 337.8 250.4 273.8 299.0 442.1 195.6 754.3 355.0 433.9 335.8 490.8 288.1 307.0 408.7 241.0 498.7 200.2 165.4 230.9 457.3 253.1 362.3 254.4 212.2 348.2 452.4 530.4 326.9 538.4 200.1 378.4 340.6 227.7 162.5 265.3
1026.5 105.7 680.2 695.3 549.3 176.9 688.8 505.7 24.4 504.6 689.4 577.7 460.7 464.6 686.1 227.8 135.1 116.7 177.2 27.9 478.5 680.5 148.2 540.4 719.7 708.3 637.5 620.9 121.5 715.7 573.8 283.6 607.2 522.5 747.3 630.5 678.6 524.4 653.7 215.6 491.3 717.0 350.4 96.3 124.7 527.4 477.9 605.9 160.1 195.7 442.5 647.3 117.1 394.0 113.8 162.4 226.5 481.8 672.8 559.8 185.4 548.7 248.9 579.1 702.8 702.5 257.5 450.3 715.4 584.7 592.2 547.7 663.9 295.3 472.0 177.9 605.4 694.5 561.0 485.0 456.0 0.0 579.3 681.5 770.8 660.6 573.2 596.6 621.8 57.1 518.4 411.4 172.7 91.0 658.6 129.9 610.9 606.3 703.6 563.8 137.8 523.0 493.9 553.7 121.4 575.9 685.1 577.2 535.0 671.0 116.5 194.5 686.7 177.5 522.9 671.6 686.6 547.6 503.4 588.1
1216.3 616.1 336.0 353.1 110.0 667.0 315.0 293.5 612.8 200.0 315.6 235.5 248.5 177.6 349.4 717.9 643.2 667.3 660.3 630.3 282.9 306.7 656.3 123.5 345.9 336.8 295.3 247.1 611.6 304.9 231.6 613.1 233.4 326.9 350.2 256.7 304.8 107.5 279.9 688.6 109.2 306.2 840.5 641.5 616.5 88.1 254.8 166.6 668.2 685.8 266.9 273.5 600.2 218.4 624.2 652.5 762.0 269.6 328.6 132.9 668.5 210.5 739.0 83.7 329.0 328.7 747.6 269.1 371.2 219.6 250.0 31.5 290.1 785.4 185.0 620.7 268.7 320.7 62.2 180.4 260.4 602.3 0.0 307.7 352.8 289.1 258.3 17.2 248.0 589.3 136.3 901.5 502.2 581.1 284.8 640.3 237.1 232.5 357.7 222.1 658.0 180.8 281.7 179.9 601.8 239.2 313.6 235.0 98.0 330.1 601.9 677.6 275.9 685.6 107.3 327.4 289.6 205.4 237.2 216.6
1337.0 711.1 289.0 447.7 323.5 787.7 274.0 418.7 733.5 294.6 52.2 330.1 369.2 272.2 444.0 837.1 763.9 788.0 781.0 751.0 403.6 229.6 777.0 340.7 268.8 26.7 389.9 103.2 732.3 263.9 326.2 733.8 228.6 447.6 273.1 50.9 263.8 324.7 221.8 793.6 326.4 265.2 983.7 762.2 735.5 305.3 386.4 355.6 790.2 806.5 387.6 268.7 720.9 339.1 770.9 773.2 837.3 390.3 287.6 300.6 789.2 301.1 859.7 319.9 254.4 287.7 869.9 375.4 330.2 212.3 344.6 286.0 251.1 907.8 279.6 771.4 363.3 96.8 301.8 275.0 381.1 734.1 326.2 0.0 126.1 245.8 352.9 343.5 138.5 710.0 353.5 1022.2 622.9 701.8 75.9 758.7 70.5 268.2 316.7 316.2 766.6 275.4 402.4 200.8 725.2 333.8 255.3 329.6 312.9 424.7 720.3 798.3 234.9 806.3 263.7 286.4 248.6 302.9 313.7 209.5
1361.6 759.1 319.6 472.3 348.1 812.3 298.6 443.3 758.1 319.2 72.7 354.7 393.8 296.8 468.6 863.2 788.5 812.6 805.6 775.6 428.2 254.2 801.6 365.3 293.4 150.9 414.5 127.8 756.9 288.5 350.8 758.4 253.2 472.2 297.7 92.4 288.4 349.3 246.4 833.9 351.0 289.8 985.8 786.8 760.1 329.9 400.1 380.2 813.5 831.1 412.2 293.3 745.5 363.7 767.2 797.8 907.3 414.9 312.2 325.2 813.8 329.7 884.3 344.5 279.0 312.3 892.9 400.0 354.8 236.9 369.2 310.6 273.7 930.7 304.2 809.1 387.9 156.4 326.4 299.6 405.7 747.6 353.1 124.1 0.0 270.4 377.5 368.1 163.1 734.6 378.1 1046.8 647.5 726.4 57.4 783.3 95.1 303.5 341.3 340.8 803.3 300.0 427.0 225.4 747.1 358.4 279.9 354.2 337.5 449.3 744.9 822.9 259.5 830.9 288.3 311.0 273.2 324.6 356.4 234.1
1301.6 699.1 167.6 412.3 288.1 752.3 55.4 378.8 698.1 259.2 259.2 294.7 333.8 236.8 408.6 803.2 728.5 752.6 745.6 715.6 368.2 130.2 741.6 305.3 206.8 278.1 354.5 190.7 696.9 136.5 290.8 698.4 193.2 412.2 165.5 200.3 45.2 289.3 186.4 773.9 291.0 137.8 925.8 726.8 700.1 269.9 340.1 320.2 753.5 771.1 352.2 233.3 685.5 303.7 707.2 737.8 793.3 354.9 160.2 265.2 753.8 265.7 824.3 284.5 127.6 69.1 832.9 354.4 202.8 176.9 309.2 250.6 30.5 872.4 244.2 736.0 327.9 264.3 266.4 239.6 345.7 687.6 290.8 251.3 296.4 0.0 317.5 308.1 191.6 674.6 318.1 986.8 587.5 666.4 228.4 723.3 180.7 243.5 189.3 280.8 731.2 240.0 367.0 165.4 687.1 298.4 109.9 294.2 277.5 389.3 684.9 762.9 107.5 770.9 228.3 159.0 49.3 264.6 296.4 174.1
1211.8 585.9 355.9 187.8 234.8 662.5 340.9 293.5 608.3 89.4 341.5 115.6 244.0 120.1 175.1 711.9 638.7 662.8 655.8 625.8 278.4 332.6 651.8 252.0 371.8 360.4 168.2 273.0 607.1 330.8 83.1 608.6 259.3 322.4 376.1 282.6 330.7 236.0 305.8 668.4 237.7 332.1 858.5 637.0 610.3 216.6 261.2 266.9 665.0 681.3 262.4 299.4 595.7 213.9 645.7 648.0 712.1 265.1 354.5 211.9 664.0 86.6 734.5 231.2 354.9 354.6 744.7 250.2 397.1 236.8 101.5 197.3 318.0 782.6 112.7 646.2 94.4 346.6 213.1 109.0 255.9 608.9 237.5 333.6 378.7 312.7 0.0 254.8 273.9 584.8 264.8 897.0 497.7 576.6 310.7 633.5 263.0 281.9 383.6 92.7 641.4 125.3 277.2 205.8 600.0 64.9 337.2 23.2 224.2 160.0 595.1 673.1 301.8 681.1 175.0 353.3 315.5 126.4 188.5 240.2
1233.6 607.7 343.1 366.2 127.3 684.3 328.1 315.3 630.1 213.1 328.7 248.6 265.8 190.7 362.5 733.7 660.5 684.6 677.6 647.6 300.2 319.8 673.6 140.8 359.0 347.6 308.4 260.2 628.9 318.0 244.7 630.4 246.5 344.2 363.3 269.8 317.9 124.8 293.0 690.2 126.5 319.3 880.3 658.8 632.1 105.4 283.0 183.9 686.8 703.1 284.2 286.6 617.5 235.7 667.5 669.8 733.9 286.9 341.7 150.2 685.8 219.6 756.3 50.8 342.1 341.8 766.5 272.0 384.3 224.0 263.1 57.4 305.2 804.4 198.1 668.0 281.8 333.8 44.9 193.5 277.7 630.7 17.2 320.8 365.9 299.9 271.4 0.0 261.1 606.6 153.6 918.8 519.5 598.4 297.9 655.3 250.2 269.1 370.8 234.7 663.2 193.9 299.0 193.0 621.8 252.3 324.4 248.1 113.0 343.2 616.9 694.9 289.0 702.9 120.4 340.5 302.7 221.4 232.2 227.4
1278.4 652.5 230.4 389.1 264.9 729.1 215.4 360.1 674.9 236.0 131.5 271.5 310.6 213.6 385.4 778.5 705.3 729.4 722.4 692.4 345.0 171.0 718.4 282.1 210.2 150.4 331.3 63.0 673.7 205.3 267.6 675.2 170.0 389.0 214.5 72.6 205.2 266.1 163.2 735.0 267.8 206.6 925.1 703.6 676.9 246.7 327.8 297.0 731.6 747.9 329.0 210.1 662.3 280.5 712.3 714.6 778.7 331.7 229.0 242.0 730.6 242.5 801.1 261.3 195.8 229.1 811.3 316.8 271.6 153.7 286.0 227.4 192.5 849.2 221.0 712.8 304.7 136.6 243.2 216.4 322.5 675.5 267.6 123.6 168.7 187.2 294.3 284.9 0.0 651.4 294.9 963.6 564.3 643.2 100.7 700.1 53.0 209.6 258.1 257.6 708.0 216.8 343.8 142.2 666.6 275.2 196.7 271.0 254.3 366.1 661.7 739.7 176.3 747.7 205.1 227.8 190.0 244.3 255.1 150.9
1050.8 130.0 698.8 702.2 556.2 248.2 695.7 512.6 42.0 511.5 696.3 584.6 467.6 471.5 693.0 258.9 159.4 79.9 231.6 84.2 485.4 687.4 172.5 547.3 726.6 715.2 644.4 627.8 145.8 685.6 580.7 307.9 614.1 529.4 765.9 637.4 685.5 531.3 660.6 242.8 498.2 686.9 381.5 52.1 149.0 534.3 473.9 612.8 184.4 267.0 449.4 654.2 171.5 400.9 138.1 233.7 249.0 488.7 691.4 566.7 239.8 555.6 280.0 601.6 709.7 709.4 288.6 457.2 734.0 600.3 599.1 546.0 670.8 328.1 478.9 144.0 612.3 701.4 567.9 491.9 462.9 56.2 586.2 688.4 733.5 667.5 580.1 603.5 628.7 0.0 525.3 442.5 197.0 115.3 665.5 154.2 617.8 613.2 722.2 570.7 162.1 529.9 500.8 560.6 173.1 582.8 692.0 584.1 541.9 677.9 170.9 229.8 656.6 201.8 529.8 690.2 705.2 554.5 510.3 595.0
1155.4 529.5 357.3 377.7 126.3 606.1 342.3 237.1 551.9 187.0 342.9 260.1 187.6 147.0 368.5 655.5 582.3 606.4 599.4 569.4 222.0 334.0 595.4 117.4 373.2 361.8 319.9 274.4 550.7 332.2 256.2 552.2 260.7 266.0 377.5 284.0 332.1 101.4 307.2 612.0 27.1 333.5 802.1 580.6 553.9 104.4 204.8 182.9 608.6 624.9 206.0 300.8 539.3 157.5 589.3 591.6 655.7 208.7 355.9 149.2 607.6 231.1 678.1 196.0 356.3 356.0 688.3 193.8 398.5 238.2 274.6 116.1 319.4 726.2 154.4 589.8 287.8 348.0 177.9 167.4 199.5 552.5 156.3 335.0 380.1 314.1 255.6 173.6 275.3 528.4 0.0 840.6 441.3 520.2 312.1 577.1 264.4 283.3 385.0 246.2 585.0 205.4 220.8 207.2 543.6 258.3 338.6 259.6 112.0 353.4 538.7 616.7 303.2 624.7 134.6 354.7 316.9 232.9 167.7 241.6
1373.5 416.3 1021.2 1078.1 932.1 387.4 1071.6 893.0 461.2 887.4 1072.2 960.5 843.5 847.4 1068.9 186.3 50.2 474.5 383.8 515.8 861.3 1063.3 453.7 923.2 1102.5 1091.1 1020.3 1003.7 415.7 1061.5 956.6 630.6 990.0 905.3 1094.3 1013.3 1061.4 907.2 1036.5 252.0 874.1 1062.8 38.3 498.0 418.9 910.2 860.7 988.7 458.7 406.2 825.3 1030.1 358.6 776.8 57.2 372.9 254.8 864.6 1019.8 942.6 365.1 931.5 277.2 961.9 1085.6 1085.3 261.0 833.1 1062.4 967.5 975.0 921.9 1048.7 114.2 854.8 412.9 988.2 1077.3 943.8 867.8 838.8 498.9 962.1 1064.3 1109.4 1043.4 956.0 979.4 1004.6 478.5 901.2 0.0 519.7 385.2 1041.4 45.4 993.7 1012.6 1050.6 946.6 435.1 905.8 876.7 936.5 355.3 958.7 1067.9 960.0 917.8 1053.8 360.2 292.2 1032.5 80.0 905.7 1018.6 1033.6 933.3 868.1 970.9
876.2 152.0 550.4 634.0 488.0 228.6 619.6 448.9 216.9 443.3 628.1 516.4 399.4 403.3 624.8 278.0 204.8 271.4 221.9 234.4 417.2 619.2 217.9 479.1 658.4 647.0 576.2 559.6 173.2 591.9 512.5 108.5 545.9 461.2 623.5 569.2 609.4 463.1 592.4 234.5 430.0 593.2 424.6 245.6 176.4 466.1 416.6 544.6 231.1 247.4 381.2 586.0 161.8 332.7 211.8 214.1 278.2 420.5 549.0 498.5 230.1 487.4 300.6 517.8 641.5 633.3 310.8 389.0 591.6 523.4 530.9 477.8 596.7 348.7 410.7 254.8 544.1 633.2 499.7 423.7 394.7 217.5 518.0 620.2 647.0 599.3 511.9 535.3 560.5 193.4 457.1 463.1 0.0 142.7 597.3 199.6 549.6 568.5 579.8 502.5 207.5 461.7 432.6 492.4 166.1 514.6 623.8 515.9 473.7 609.7 161.2 239.2 562.9 247.2 461.6 547.8 562.8 489.2 424.0 526.8
1089.9 231.7 737.6 758.7 612.7 85.8 752.2 573.6 149.9 568.0 752.8 641.1 524.1 528.0 749.5 135.2 260.9 190.9 115.4 187.4 541.9 743.9 269.1 603.8 783.1 771.7 700.9 684.3 30.4 779.1 637.2 347.0 670.6 585.9 810.7 693.9 742.0 587.8 717.1 91.7 554.7 780.4 281.8 214.4 33.6 590.8 541.3 669.3 274.1 104.6 505.9 710.7 174.0 457.4 267.9 71.3 135.4 545.2 736.2 623.2 123.6 612.1 157.8 642.5 766.2 765.9 168.0 513.7 778.8 648.1 655.6 602.5 729.3 205.9 535.4 133.2 668.8 757.9 624.4 548.4 519.4 170.5 642.7 744.9 834.2 724.0 636.6 660.0 685.2 164.6 581.8 320.3 236.1 0.0 722.0 231.3 674.3 693.2 767.0 627.2 250.5 586.4 557.3 617.1 170.7 639.3 748.5 640.6 598.4 734.4 175.6 107.6 750.1 303.3 586.3 735.0 750.0 613.9 548.7 651.5
1304.1 701.6 262.1 414.8 290.6 754.8 241.1 385.8 700.6 261.7 30.7 297.2 336.3 239.3 411.1 805.7 731.0 755.1 748.1 718.1 370.7 196.7 744.1 307.8 235.9 108.9 357.0 70.3 699.4 231.0 293.3 700.9 195.7 414.7 240.2 34.9 230.9 291.8 188.9 760.7 293.5 232.3 928.3 729.3 704.3 272.4 353.5 322.7 756.0 773.6 354.7 235.8 688.0 306.2 709.7 740.3 849.8 357.4 254.7 267.7 756.3 272.2 826.8 302.6 221.5 254.8 835.4 356.9 297.3 179.4 311.7 261.7 216.2 873.2 246.7 738.5 330.4 98.9 268.9 242.1 348.2 690.1 293.3 82.1 67.9 212.9 320.0 310.6 105.6 677.1 320.6 989.3 590.0 668.9 0.0 725.8 37.6 246.0 283.8 283.8 745.8 242.5 369.5 167.9 689.6 300.9 222.4 296.7 280.0 391.8 687.4 765.4 202.0 773.4 230.8 253.5 215.7 267.1 298.9 176.6
1085.7 46.4 739.4 754.5 608.5 209.1 748.0 569.4 127.7 563.8 748.6 636.9 519.9 523.8 745.3 175.4 73.8 222.4 163.9 165.2 537.7 739.7 90.0 599.6 778.9 767.5 696.7 680.1 153.7 774.9 633.0 342.8 666.4 581.7 806.5 689.7 737.8 583.6 712.9 192.2 550.5 776.2 51.6 194.6 156.9 586.6 537.1 665.1 99.5 227.9 501.7 706.5 104.5 453.2 52.5 194.6 242.9 541.0 732.0 619.0 172.1 611.9 219.9 653.9 762.0 761.7 228.5 523.9 774.6 643.9 651.4 606.9 723.1 105.0 531.2 233.2 664.6 753.7 620.2 544.2 515.2 137.2 640.8 740.7 830.0 719.8 632.4 655.8 681.0 142.4 577.6 35.5 231.9 123.2 717.8 0.0 670.1 665.5 762.8 623.5 89.3 582.2 553.1 612.9 103.9 635.1 744.3 636.4 594.2 730.2 106.1 113.6 745.9 115.6 582.1 730.8 745.8 609.7 562.6 647.3
1266.4 663.9 224.4 377.1 252.9 717.1 203.4 348.1 662.9 224.0 78.4 259.5 298.6 201.6 373.4 768.0 693.3 717.4 710.4 680.4 333.0 159.0 706.4 270.1 198.2 97.3 319.3 32.6 661.7 193.3 255.6 663.2 158.0 377.0 202.5 19.5 193.2 254.1 151.2 738.7 255.8 194.6 890.6 691.6 664.9 234.7 304.9 285.0 718.3 735.9 317.0 198.1 650.3 268.5 672.0 702.6 812.1 319.7 217.0 230.0 718.6 234.5 789.1 264.9 183.8 217.1 797.7 304.8 259.6 141.7 274.0 224.0 178.5 835.5 209.0 713.9 292.7 83.5 231.2 204.4 310.5 652.4 257.9 70.5 115.6 175.2 282.3 272.9 67.9 639.4 282.9 951.6 552.3 631.2 47.6 688.1 0.0 208.3 246.1 245.6 696.0 204.8 331.8 130.2 651.9 263.2 184.7 259.0 242.3 354.1 649.7 727.7 164.3 735.7 193.1 215.8 178.0 232.3 261.2 138.9
1300.1 697.6 274.1 410.8 286.6 750.8 253.1 392.7 696.6 257.7 253.7 293.2 332.3 235.3 407.1 801.7 727.0 751.1 744.1 714.1 366.7 244.8 740.1 303.8 284.0 272.6 353.0 185.2 695.4 243.0 289.3 696.9 177.5 410.7 288.3 194.8 242.9 287.8 184.9 773.5 289.5 244.3 924.3 725.3 698.6 268.4 349.5 318.7 752.0 769.6 350.7 217.6 684.0 302.2 705.7 736.3 800.4 353.4 266.7 263.7 752.3 264.2 822.8 298.6 267.1 266.8 833.0 352.9 309.3 90.4 307.7 257.7 228.2 869.2 242.7 704.5 326.4 258.8 264.9 238.1 344.2 686.1 289.3 245.8 290.9 224.9 316.0 306.6 186.1 673.1 316.6 985.3 586.0 664.9 222.9 721.8 175.2 0.0 295.8 279.3 741.8 238.5 365.5 59.4 685.6 296.9 249.4 292.7 276.0 387.8 683.4 761.4 214.0 769.4 226.8 265.5 227.7 263.1 294.9 158.4
1343.2 697.1 86.7 453.9 329.7 773.7 205.5 424.9 739.7 300.8 300.8 336.3 375.4 278.4 450.2 823.1 749.9 794.2 767.0 757.2 409.8 224.8 763.0 346.9 252.3 319.7 396.1 232.3 718.3 118.7 332.4 717.3 234.8 453.8 209.4 241.9 195.3 330.9 228.0 779.6 332.6 59.6 969.7 768.4 721.5 311.5 392.6 361.8 776.2 792.5 393.8 274.9 706.9 345.3 756.9 759.2 823.3 396.5 66.9 306.8 775.2 307.3 845.7 326.1 222.2 219.2 855.9 381.6 72.5 218.5 350.8 292.2 182.6 893.8 285.8 777.6 369.5 305.9 308.0 281.2 387.3 740.3 332.4 292.9 301.1 180.0 359.1 349.7 233.2 716.2 359.7 1008.2 606.4 687.8 270.0 744.7 222.3 274.4 0.0 322.4 752.6 281.6 408.6 207.0 711.2 340.0 204.5 335.8 319.1 430.9 706.3 784.3 57.2 792.3 269.9 84.1 148.7 309.1 319.9 215.7
1196.7 594.2 341.9 177.3 214.8 647.4 320.9 273.9 593.7 131.8 321.5 84.6 228.9 131.9 189.5 698.3 623.6 647.7 640.7 610.7 263.3 312.6 636.7 232.0 351.8 340.4 119.5 253.0 592.0 310.8 80.7 593.5 239.8 307.3 356.1 262.6 310.7 216.0 285.8 669.0 217.7 312.1 820.9 621.9 596.9 196.6 235.2 246.9 648.6 666.2 247.3 279.9 580.6 198.8 602.3 632.9 742.4 250.0 334.5 192.4 648.9 59.6 719.4 226.8 334.9 334.6 728.0 249.5 377.1 225.5 99.1 185.9 296.0 765.8 139.3 601.1 117.8 326.6 193.1 134.7 240.8 582.7 219.8 313.6 358.7 292.7 89.4 234.8 253.9 569.7 244.8 881.9 482.6 561.5 290.7 618.4 243.0 238.4 363.6 0.0 638.4 88.3 262.1 185.8 582.2 88.3 317.7 66.1 204.7 154.3 580.0 658.0 281.8 666.0 155.0 333.3 295.5 88.8 192.0 220.7
1108.9 70.7 784.7 777.7 631.7 232.3 771.2 588.1 173.0 587.0 771.8 660.1 543.1 547.0 768.5 231.3 100.1 245.6 193.0 188.4 560.9 785.0 71.2 622.8 802.1 812.8 719.9 703.3 176.9 798.1 656.2 388.1 711.7 604.9 829.7 712.9 761.0 628.9 736.1 221.3 573.7 821.5 353.9 217.8 181.8 609.8 549.4 688.3 24.0 251.1 524.9 729.7 141.7 476.4 100.9 217.8 275.4 564.2 755.2 664.3 201.2 635.1 252.4 677.1 785.2 784.9 261.0 547.1 797.8 675.8 674.6 630.1 768.4 298.8 554.4 256.4 687.8 776.9 643.4 567.4 538.4 160.4 664.0 763.9 875.3 765.1 655.6 679.0 704.2 187.7 600.8 414.9 255.1 146.4 763.1 92.6 715.4 710.8 786.0 646.7 0.0 605.4 576.3 636.1 147.4 658.3 789.6 681.7 617.4 753.4 157.3 146.1 769.1 142.5 605.3 754.0 769.0 630.0 585.8 692.6
1160.0 534.1 299.2 172.2 178.1 610.7 284.2 241.7 556.5 117.6 284.8 97.1 192.2 95.2 184.9 660.1 586.9 611.0 604.0 574.0 226.6 275.9 600.0 195.3 315.1 303.7 114.4 216.3 555.3 274.1 99.4 556.8 202.6 270.6 319.4 225.9 274.0 179.3 249.1 616.6 181.0 275.4 806.7 585.2 558.5 159.9 209.4 210.2 613.2 629.5 210.6 242.7 543.9 162.1 593.9 596.2 660.3 213.3 297.8 155.2 612.2 74.3 682.7 174.5 298.2 297.9 692.9 198.4 340.4 180.1 117.8 140.6 261.3 730.8 102.6 594.4 136.5 289.9 156.4 98.0 204.1 557.1 180.8 276.9 322.0 256.0 126.1 198.1 217.2 533.0 208.1 845.2 445.9 524.8 254.0 581.7 206.3 225.2 326.9 89.4 589.6 0.0 225.4 149.1 548.2 107.0 280.5 102.8 167.5 149.2 543.3 621.3 245.1 629.3 118.3 296.6 258.8 76.1 136.7 183.5
1138.1 535.6 439.4 424.9 278.9 588.8 418.4 42.9 534.6 234.2 419.0 307.3 91.7 194.2 415.7 639.7 565.0 589.1 582.1 552.1 103.0 410.1 578.1 270.0 449.3 437.9 367.1 350.5 533.4 408.3 303.4 534.9 336.8 91.9 453.6 360.1 408.2 254.0 383.3 594.7 220.9 409.6 762.3 563.3 536.6 257.0 29.0 335.5 590.0 607.6 188.7 376.9 522.0 140.2 543.7 574.3 683.8 71.6 432.0 289.4 590.3 282.3 660.8 308.7 432.4 432.1 669.4 160.4 474.6 314.3 321.8 268.7 393.5 707.2 201.6 585.6 335.0 424.1 290.6 214.6 166.1 524.1 308.9 411.1 456.2 390.2 302.8 326.2 351.4 511.1 248.0 823.3 424.0 502.9 388.2 559.8 340.5 335.9 461.1 293.9 579.8 252.6 0.0 283.3 523.6 305.5 414.7 306.8 264.6 400.6 521.4 599.4 379.3 607.4 252.5 430.8 393.0 280.1 233.0 317.7
1240.6 614.7 208.6 351.3 227.1 691.3 193.6 322.3 637.1 198.2 194.2 233.7 272.8 175.8 347.6 740.7 667.5 691.6 684.6 654.6 307.2 185.3 680.6 244.3 224.5 213.1 293.5 125.7 635.9 183.5 229.8 637.4 123.5 351.2 228.8 135.3 183.4 228.3 125.4 697.2 230.0 184.8 887.3 665.8 639.1 208.9 290.0 259.2 693.8 710.1 291.2 163.6 624.5 242.7 674.5 676.8 740.9 293.9 207.2 204.2 692.8 204.7 763.3 223.5 207.6 207.3 773.5 279.0 249.8 30.9 248.2 189.6 170.7 811.4 183.2 675.0 266.9 199.3 205.4 178.6 284.7 637.7 229.8 186.3 231.4 165.4 256.5 247.1 126.6 613.6 257.1 925.8 526.5 605.4 163.4 662.3 115.7 86.8 236.3 219.8 670.2 179.0 306.0 0.0 628.8 237.4 189.9 233.2 216.5 328.3 623.9 701.9 154.5 709.9 167.3 206.0 168.2 206.5 217.3 104.4
1050.9 104.1 704.6 719.7 573.7 113.0 713.2 530.1 103.1 529.0 713.8 602.1 485.1 489.0 710.5 160.9 133.5 133.9 59.9 157.7 502.9 704.9 95.6 564.8 744.1 732.7 661.9 645.3 57.6 740.1 598.2 308.0 631.6 546.9 771.7 654.9 703.0 548.8 678.1 98.3 515.7 741.4 283.5 157.4 60.8 551.8 491.4 630.3 145.5 131.8 466.9 671.7 0.6 418.4 112.2 98.5 197.1 506.2 697.2 584.2 68.1 577.1 182.0 619.1 727.2 726.9 192.2 489.1 739.8 609.1 616.6 563.5 688.3 228.4 496.4 162.5 629.8 718.9 585.4 509.4 480.4 129.7 603.7 705.9 795.2 685.0 597.6 621.0 646.2 125.6 542.8 344.5 197.1 27.1 683.0 103.9 635.3 630.7 728.0 588.2 135.3 547.4 518.3 578.1 0.0 600.3 709.5 601.6 559.4 695.4 2.1 75.7 711.1 175.9 547.3 696.0 711.0 572.0 527.8 612.5
1193.9 568.0 356.2 122.8 235.1 644.6 341.2 275.6 590.4 71.5 341.8 86.2 226.1 102.2 110.1 694.0 620.8 644.9 637.9 607.9 260.5 332.9 633.9 252.3 372.1 360.7 105.7 273.3 589.2 331.1 57.7 590.7 259.6 304.5 376.4 282.9 331.0 236.3 306.1 650.5 232.2 332.4 840.6 619.1 592.4 216.9 243.3 267.2 647.1 663.4 244.5 299.7 577.8 196.0 627.8 630.1 694.2 247.2 354.8 212.2 646.1 69.7 716.6 231.5 355.2 354.9 726.8 232.3 397.4 237.1 57.0 197.6 318.3 764.7 94.8 628.3 29.4 346.9 213.4 91.1 238.0 591.0 237.8 333.9 379.0 313.0 64.3 255.1 274.2 566.9 259.3 879.1 479.8 558.7 311.0 615.6 263.3 282.2 383.9 111.0 623.5 125.6 259.3 206.1 582.1 0.0 337.5 87.6 224.5 95.0 577.2 655.2 302.1 663.2 175.3 353.6 315.8 126.7 170.6 240.5
1318.8 716.3 192.1 429.5 305.3 769.5 118.1 400.5 715.3 276.4 245.8 311.9 351.0 254.0 425.8 820.4 745.7 769.8 762.8 732.8 385.4 67.9 758.8 322.5 144.5 264.7 371.7 177.3 714.1 161.0 308.0 715.6 210.4 429.4 148.8 186.9 107.9 306.5 203.6 792.2 308.2 162.3 943.0 744.0 717.3 287.1 368.2 337.4 770.7 788.3 369.4 250.5 702.7 320.9 724.4 755.0 856.6 372.1 184.7 282.4 771.0 282.9 841.5 317.3 65.3 131.8 850.1 371.6 227.3 202.8 326.4 267.8 93.2 889.6 261.4 753.2 345.1 250.9 283.6 256.8 362.9 704.8 308.0 237.9 246.5 89.9 334.7 325.3 178.2 691.8 335.3 1004.0 604.7 683.6 215.0 740.5 167.3 260.7 213.8 298.0 760.5 257.2 384.2 182.6 704.3 315.6 0.0 311.4 294.7 406.5 702.1 780.1 132.0 788.1 245.5 183.5 112.0 281.8 313.6 191.3
1193.4 590.9 338.6 211.1 211.5 644.1 317.6 275.1 589.9 112.7 318.2 101.3 225.6 128.6 198.4 695.0 620.3 644.4 637.4 607.4 260.0 309.3 633.4 228.7 348.5 337.1 173.6 249.7 588.7 307.5 97.4 590.2 236.0 304.0 352.8 259.3 307.4 212.7 282.5 650.0 214.4 308.8 817.6 618.6 593.6 193.3 242.8 243.6 645.3 662.9 244.0 276.1 577.3 195.5 599.0 629.6 739.1 246.7 331.2 188.6 645.6 72.3 716.1 223.5 331.6 331.3 724.7 246.2 373.8 213.5 115.8 182.6 292.7 762.5 136.0 640.9 117.7 323.3 189.8 131.4 237.5 579.4 216.5 310.3 355.4 289.4 23.2 231.5 250.6 566.4 241.5 878.6 479.3 558.2 287.4 615.1 239.7 235.1 360.3 69.9 635.1 102.0 258.8 182.5 578.9 88.2 313.9 0.0 200.9 183.3 576.7 654.7 278.5 662.7 151.7 330.0 292.2 100.2 188.2 216.9
1192.0 589.5 302.7 319.8 14.3 642.7 281.7 273.7 588.5 166.7 282.3 202.2 224.2 144.3 316.1 693.6 618.9 643.0 636.0 606.0 258.6 273.4 632.0 99.2 312.6 301.2 262.0 213.8 587.3 271.6 198.3 588.8 200.1 302.6 316.9 223.4 271.5 83.2 246.6 648.6 84.9 272.9 816.2 617.2 592.2 7.5 241.4 70.8 643.9 661.5 242.6 240.2 575.9 194.1 597.6 628.2 729.8 245.3 295.3 37.1 644.2 177.2 714.7 151.0 295.7 295.4 723.3 244.8 337.9 177.6 216.7 64.1 256.8 761.1 151.7 626.4 235.4 287.4 117.3 147.1 236.1 578.0 98.0 274.4 319.5 253.5 225.0 113.0 214.7 565.0 112.0 877.2 477.9 556.8 251.5 613.7 203.8 199.2 324.4 188.8 633.7 147.5 257.4 146.6 577.5 205.9 278.0 201.7 0.0 296.8 575.3 653.3 242.6 661.3 74.0 294.1 256.3 172.1 203.9 181.0
1287.7 661.8 427.7 70.0 306.6 738.4 412.7 369.4 684.2 165.3 413.3 99.5 319.9 196.0 57.5 787.8 714.6 738.7 731.7 701.7 354.3 404.4 727.7 323.8 443.6 432.2 65.0 344.8 683.0 402.6 100.5 684.5 331.1 398.3 447.9 354.4 402.5 307.8 377.6 744.3 309.5 403.9 934.4 712.9 686.2 288.4 337.1 338.7 740.9 757.2 338.3 371.2 671.6 289.8 721.6 723.9 788.0 341.0 426.3 283.7 739.9 128.5 810.4 303.0 426.7 426.4 820.6 326.1 468.9 308.6 81.9 269.1 389.8 858.5 188.6 722.1 81.4 418.4 284.9 184.9 331.8 684.8 309.3 405.4 450.5 384.5 158.1 326.6 345.7 660.7 336.6 972.9 573.6 652.5 382.5 709.4 334.8 353.7 455.4 130.1 717.3 128.4 353.1 277.6 675.9 93.7 409.0 181.4 296.0 0.0 671.0 749.0 373.6 757.0 246.8 425.1 387.3 126.4 264.4 312.0
1048.7 106.3 702.4 717.5 571.5 110.8 711.0 532.4 100.9 526.8 711.6 599.9 482.9 486.8 708.3 161.7 135.7 131.7 57.7 155.5 500.7 702.7 85.5 562.6 741.9 730.5 659.7 643.1 55.4 737.9 596.0 305.8 629.4 544.7 769.5 652.7 700.8 546.6 675.9 96.1 513.5 739.2 284.3 155.2 58.6 549.6 489.2 628.1 136.7 129.6 464.7 669.5 0.5 416.2 114.4 96.3 160.4 504.0 695.0 582.0 65.9 570.9 182.8 616.9 725.0 724.7 193.0 472.5 737.6 606.9 614.4 561.3 686.1 229.2 494.2 160.3 627.6 716.7 583.2 507.2 478.2 127.5 601.5 703.7 793.0 682.8 595.4 618.8 644.0 123.4 540.6 345.3 194.9 24.9 680.8 106.1 633.1 628.5 725.8 586.0 113.1 545.2 516.1 575.9 2.1 598.1 707.3 599.4 557.2 693.2 0.0 77.9 708.9 178.1 545.1 693.8 708.8 569.8 525.6 610.3
1116.7 124.0 764.4 785.5 639.5 171.2 779.0 600.4 168.9 594.8 779.6 667.9 550.9 554.8 776.3 83.6 153.2 199.7 125.7 223.5 568.7 770.7 161.4 630.6 809.9 798.5 727.7 711.1 123.4 805.9 664.0 373.8 697.4 612.7 837.5 720.7 768.8 614.6 743.9 40.1 581.5 807.2 230.2 223.2 126.6 617.6 568.1 696.1 166.4 190.0 532.7 737.5 66.3 484.2 160.2 156.7 83.8 572.0 763.0 650.0 133.9 638.9 106.2 669.3 793.0 792.7 116.4 540.5 805.6 674.9 682.4 629.3 756.1 154.3 562.2 196.7 695.6 784.7 651.2 575.2 546.2 206.6 669.5 771.7 861.0 750.8 663.4 686.8 712.0 219.8 608.6 268.7 262.9 92.9 748.8 123.6 701.1 720.0 793.8 654.0 142.8 613.2 584.1 643.9 63.0 666.1 775.3 667.4 625.2 761.2 67.9 0.0 776.9 195.6 613.1 761.8 776.8 640.7 575.5 678.3
1270.7 644.8 120.9 381.4 257.2 721.4 135.7 352.4 667.2 228.3 228.3 263.8 302.9 205.9 377.7 770.8 697.6 721.7 714.7 684.7 337.3 152.3 710.7 274.4 201.9 247.2 323.6 159.8 666.0 46.2 259.9 667.5 162.3 381.3 159.0 169.4 125.5 258.4 155.5 727.3 260.1 28.9 917.4 695.9 669.2 239.0 320.1 289.3 723.9 740.2 321.3 202.4 654.6 272.8 704.6 706.9 771.0 324.0 101.1 234.3 722.9 234.8 793.4 253.6 149.7 149.4 803.6 309.1 106.7 146.0 278.3 219.7 112.8 841.5 213.3 705.1 297.0 233.4 235.5 208.7 314.8 667.8 259.9 220.4 265.5 107.5 286.6 277.2 160.7 643.7 287.2 955.9 556.6 635.5 197.5 692.4 149.8 201.9 76.5 249.9 700.3 209.1 336.1 134.5 658.9 267.5 132.0 263.3 246.6 358.4 654.0 732.0 0.0 740.0 197.4 118.3 98.3 236.6 247.4 143.2
1144.3 105.2 792.0 813.1 667.1 267.7 806.6 628.0 186.3 622.4 807.2 695.5 578.5 582.4 803.9 266.9 32.3 281.0 246.9 223.8 596.3 798.3 173.0 658.2 837.5 826.1 755.3 738.7 212.3 833.5 691.6 401.4 725.0 640.3 865.1 748.3 796.4 642.2 771.5 236.8 609.1 834.8 118.9 253.2 215.5 645.2 595.7 723.7 183.8 286.5 560.3 765.1 187.5 511.8 25.3 253.2 280.5 599.6 790.6 677.6 255.1 666.5 302.9 696.9 820.6 820.3 313.1 568.1 833.2 702.5 710.0 656.9 783.7 194.8 589.8 321.8 723.2 812.3 678.8 602.8 573.8 206.9 697.1 799.3 888.6 778.4 691.0 714.4 739.6 201.0 636.2 72.7 290.5 181.8 776.4 109.2 728.7 747.6 821.4 681.6 160.2 640.8 611.7 671.5 184.2 693.7 802.9 695.0 652.8 788.8 189.1 196.6 804.5 0.0 640.7 789.4 804.4 668.3 603.1 705.9
1159.9 534.0 247.5 270.6 59.7 610.6 232.5 241.6 556.4 117.5 233.1 153.0 192.1 95.1 266.9 660.0 586.8 610.9 603.9 573.9 226.5 224.2 599.9 121.8 263.4 252.0 212.8 164.6 555.2 222.4 149.1 556.7 150.9 270.5 267.7 174.2 222.3 105.8 197.4 616.5 107.5 223.7 806.6 585.1 558.4 81.6 209.3 91.8 613.1 629.4 210.5 191.0 543.8 162.0 593.8 596.1 660.2 213.2 246.1 36.8 612.1 124.0 682.6 101.0 246.5 246.2 692.8 198.3 288.7 128.4 167.5 67.1 209.6 730.7 102.5 594.3 186.2 238.2 82.9 97.9 204.0 557.0 107.3 225.2 270.3 204.3 175.8 124.6 165.5 532.9 134.6 845.1 445.8 524.7 202.3 581.6 154.6 173.5 275.2 139.1 589.5 98.3 225.3 97.4 548.1 156.7 228.8 152.5 74.0 247.6 543.2 621.2 193.4 629.2 0.0 244.9 207.1 125.8 136.6 131.8
1342.2 684.4 17.0 452.9 328.7 761.0 192.8 423.9 738.7 299.8 298.2 335.3 374.4 277.4 449.2 810.4 737.2 793.2 754.3 756.2 408.8 223.8 750.3 345.9 239.6 318.7 395.1 231.3 705.6 165.1 331.4 704.6 233.8 452.8 196.7 240.9 182.6 329.9 227.0 766.9 331.6 120.7 957.0 767.4 708.8 310.5 391.6 360.8 763.5 779.8 392.8 273.9 694.2 344.3 744.2 746.5 810.6 395.5 52.6 305.8 762.5 306.3 833.0 325.1 221.2 206.5 843.2 380.6 95.2 217.5 349.8 291.2 169.9 881.1 284.8 776.6 368.5 304.9 307.0 280.2 386.3 739.3 331.4 291.9 288.4 179.0 358.1 348.7 232.2 715.2 358.7 995.5 593.7 675.1 269.0 732.0 221.3 273.4 83.4 321.4 739.9 280.6 407.6 206.0 698.5 339.0 203.5 334.8 318.1 429.9 693.6 771.6 118.3 779.6 268.9 0.0 136.0 308.1 318.9 214.7
1303.7 677.8 128.6 414.4 290.2 754.4 56.7 385.4 700.2 261.3 261.3 296.8 335.9 238.9 410.7 803.8 730.6 754.7 747.7 717.7 370.3 132.3 743.7 307.4 159.0 280.2 356.6 192.8 699.0 137.3 292.9 700.5 195.3 414.3 116.1 202.4 46.5 291.4 188.5 760.3 293.1 138.6 950.4 728.9 702.2 272.0 353.1 322.3 756.9 773.2 354.3 235.4 687.6 305.8 737.6 739.9 804.0 357.0 127.2 267.3 755.9 267.8 826.4 286.6 129.7 70.4 836.6 342.1 169.8 179.0 311.3 252.7 33.8 874.5 246.3 738.1 330.0 266.4 268.5 241.7 347.8 700.8 292.9 253.4 273.4 49.3 319.6 310.2 193.7 676.7 320.2 988.9 589.6 668.5 230.5 725.4 182.8 234.9 158.0 282.9 733.3 242.1 369.1 167.5 691.9 300.5 112.0 296.3 279.6 391.4 687.0 765.0 108.3 773.0 230.4 126.0 0.0 269.6 280.4 176.2
1181.1 576.1 323.8 174.2 199.2 629.3 305.3 258.3 577.6 138.7 305.9 98.0 213.3 116.3 186.9 680.2 608.0 632.1 622.6 595.1 247.7 294.5 621.1 216.4 336.2 322.3 116.4 237.4 576.4 295.2 94.1 577.9 221.2 291.7 340.5 247.0 295.1 197.9 270.2 653.4 202.1 296.5 802.8 606.3 581.3 181.0 219.6 231.3 633.0 650.6 231.7 261.3 562.5 183.2 584.2 617.3 726.8 234.4 318.9 176.3 633.3 73.0 703.8 211.2 316.8 319.0 712.4 233.9 361.5 209.9 112.5 170.3 280.4 750.2 123.7 585.5 131.2 311.0 177.5 119.1 225.2 564.6 204.2 298.0 340.6 274.6 120.8 219.2 238.3 554.1 229.2 866.3 467.0 545.9 272.6 600.3 224.9 220.3 348.0 84.6 622.8 63.2 244.0 170.2 564.1 101.7 299.1 97.5 186.1 151.2 561.9 642.4 266.2 650.4 139.4 317.7 279.9 0.0 173.4 202.1
1128.3 525.8 349.5 335.0 222.4 579.0 328.5 205.5 524.8 144.3 329.1 217.4 160.5 104.3 325.8 629.9 555.2 579.3 572.3 542.3 194.9 320.2 568.3 215.7 359.4 348.0 277.2 260.6 523.6 318.4 213.5 525.1 246.9 238.9 363.7 270.2 318.3 199.7 293.4 584.9 166.6 319.7 752.5 553.5 526.8 202.7 166.8 254.5 580.2 597.8 178.9 287.0 512.2 130.4 533.9 564.5 674.0 181.6 342.1 199.5 580.5 192.4 651.0 234.4 342.5 342.2 659.6 166.7 384.7 224.4 231.9 193.5 303.6 697.4 111.7 562.7 245.1 334.2 200.7 124.7 172.4 514.3 225.1 321.2 366.3 300.3 212.9 242.4 261.5 501.3 193.7 813.5 414.2 493.1 298.3 550.0 250.6 246.0 371.2 203.5 557.9 162.7 193.7 193.4 513.8 215.6 324.8 216.9 210.3 310.7 511.6 589.6 289.4 597.6 162.6 340.9 303.1 187.3 0.0 227.8
1219.1 616.6 233.3 329.8 205.6 669.8 212.3 296.3 615.6 176.7 212.9 212.2 251.3 154.3 326.1 720.7 646.0 670.1 663.1 633.1 285.7 204.0 659.1 222.8 243.2 231.8 272.0 144.4 614.4 202.2 208.3 615.9 19.0 329.7 247.5 154.0 202.1 206.8 65.5 675.7 208.5 203.5 843.3 644.3 617.6 187.4 257.6 237.7 672.3 688.6 269.7 59.1 603.0 221.2 624.7 655.3 756.9 272.4 225.9 182.7 671.3 187.2 741.8 217.6 226.3 226.0 752.0 257.5 268.5 114.6 226.7 168.1 187.4 788.2 161.7 666.6 245.4 218.0 183.9 157.1 263.2 605.1 208.3 205.0 250.1 184.1 235.0 225.6 145.3 592.1 235.6 904.3 505.0 583.9 182.1 640.8 134.4 181.2 255.0 198.8 648.7 157.5 284.5 103.1 604.6 215.9 208.6 211.7 195.0 306.8 602.4 680.4 173.2 688.4 145.8 224.7 186.9 185.0 213.9 0.0
