Name		1287_BED-Amazon_n112_m239_bt29
Number_of_Customers	112
Number_of_Items		239
Number_of_ItemTypes	29
Number_of_Vehicles	1
TimeWindows		0
Dist_type	manual

VEHICLE
Mass_Capacity	1693
CargoSpace_Length	160
CargoSpace_Width	70
CargoSpace_Height	72

CUSTOMERS
i	x	y	Demand	ReadyTime	DueDate	ServiceTime	DemandedMass	DemandedVolume
0	33.688122	-117.847178	0	0	0	0	0	0
1	33.525776	-117.619756	1	0	0	0	4.7	1380
2	33.494318	-117.620458	4	0	0	0	19.3	10216
3	33.546256	-117.631408	1	0	0	0	1.75	4608
4	33.527114	-117.617657	2	0	0	0	12.0	5020
5	33.54579	-117.63886	3	0	0	0	13.25	19960
6	33.492518	-117.622907	2	0	0	0	12.18	8612
7	33.527095	-117.616249	1	0	0	0	3.82	8580
8	33.545042	-117.633716	7	0	0	0	17.79	42908
9	33.548248	-117.63718	1	0	0	0	4.7	1380
10	33.54758	-117.635268	4	0	0	0	24.87	24620
11	33.52842	-117.616221	1	0	0	0	4.7	1380
12	33.526374	-117.621339	2	0	0	0	6.47	16536
13	33.493509	-117.621336	2	0	0	0	12.1	9840
14	33.525805	-117.622961	2	0	0	0	5.11	13464
15	33.543766	-117.634745	3	0	0	0	7.9	7998
16	33.526856	-117.620812	5	0	0	0	21.82	35760
17	33.524549	-117.620832	1	0	0	0	7.3	3640
18	33.544355	-117.636591	1	0	0	0	7.3	3640
19	33.546629	-117.632453	2	0	0	0	4.5	13680
20	33.526664	-117.630474	1	0	0	0	3.01	5544
21	33.524455	-117.623645	1	0	0	0	9.4	2760
22	33.546685	-117.632458	1	0	0	0	7.63	16848
23	33.546725	-117.634688	1	0	0	0	2.15	1080
24	33.527508	-117.623839	2	0	0	0	4.84	16080
25	33.493685	-117.621142	1	0	0	0	3.42	23780
26	33.495284	-117.618968	1	0	0	0	7.63	16848
27	33.524276	-117.625471	1	0	0	0	3.5	9216
28	33.518725	-117.618947	1	0	0	0	1.75	4608
29	33.545544	-117.63759	2	0	0	0	6.85	2460
30	33.527698	-117.620195	4	0	0	0	17.12	19618
31	33.546651	-117.634807	2	0	0	0	8.7	8920
32	33.524002	-117.6257	1	0	0	0	4.7	1380
33	33.525736	-117.627552	2	0	0	0	4.76	10152
34	33.526551	-117.622089	2	0	0	0	11.15	7368
35	33.544553	-117.634569	2	0	0	0	4.52	10240
36	33.545793	-117.630435	1	0	0	0	4.7	1380
37	33.54396	-117.635879	2	0	0	0	19.3	8660
38	33.528482	-117.622158	2	0	0	0	5.99	10715
39	33.522175	-117.619898	4	0	0	0	20.55	20484
40	33.547091	-117.631361	3	0	0	0	18.1	11680
41	33.529952	-117.620328	2	0	0	0	2.85	3720
42	33.546368	-117.633759	1	0	0	0	9.4	2760
43	33.546589	-117.630249	1	0	0	0	4.7	1380
44	33.529524	-117.621546	1	0	0	0	4.7	1380
45	33.525345	-117.620241	1	0	0	0	1.75	4608
46	33.524964	-117.621297	1	0	0	0	1.75	4608
47	33.544918	-117.634569	1	0	0	0	1.75	4608
48	33.527649	-117.615954	1	0	0	0	4.7	1380
49	33.52699	-117.61762	2	0	0	0	13.32	14728
50	33.526005	-117.620871	2	0	0	0	3.65	5784
51	33.495834	-117.622468	2	0	0	0	3.15	9888
52	33.525476	-117.622697	1	0	0	0	3.82	7600
53	33.545393	-117.633771	1	0	0	0	2.5	3978
54	33.528962	-117.625191	1	0	0	0	4.7	1380
55	33.528143	-117.617154	1	0	0	0	1.9	1176
56	33.529044	-117.620966	1	0	0	0	5.2	20800
57	33.530325	-117.623288	1	0	0	0	2.6	10400
58	33.49237	-117.622607	2	0	0	0	5.4	4020
59	33.527574	-117.617014	2	0	0	0	9.99	9455
60	33.527995	-117.618339	6	0	0	0	29.41	37234
61	33.546405	-117.635289	1	0	0	0	4.7	1380
62	33.546891	-117.635329	1	0	0	0	1.9	1176
63	33.528669	-117.616839	1	0	0	0	3.01	5544
64	33.545554	-117.637337	1	0	0	0	7.3	3640
65	33.526968	-117.619836	1	0	0	0	0.7	2640
66	33.544813	-117.637422	2	0	0	0	7.71	6924
67	33.524147	-117.622889	1	0	0	0	2.15	1080
68	33.54653	-117.637962	2	0	0	0	17.92	11740
69	33.544325	-117.635797	1	0	0	0	9.4	2760
70	33.527421	-117.615218	3	0	0	0	5.2	14216
71	33.52902	-117.622881	3	0	0	0	12.62	28596
72	33.546915	-117.636661	1	0	0	0	0.7	2640
73	33.526985	-117.627526	1	0	0	0	4.7	1380
74	33.525635	-117.624058	1	0	0	0	8.58	19082
75	33.523793	-117.624879	1	0	0	0	1.9	1176
76	33.525869	-117.621349	2	0	0	0	3.71	8184
77	33.54553	-117.637959	2	0	0	0	5.99	10715
78	33.525314	-117.626842	3	0	0	0	9.65	23634
79	33.530109	-117.622571	2	0	0	0	8.3	13619
80	33.527217	-117.622936	1	0	0	0	4.7	1380
81	33.496362	-117.618465	1	0	0	0	5.25	18480
82	33.527374	-117.628213	1	0	0	0	3.97	12558
83	33.545938	-117.635998	2	0	0	0	3.9	5688
84	33.547907	-117.634789	1	0	0	0	7.3	3640
85	33.526702	-117.627802	1	0	0	0	7.3	3640
86	33.528978	-117.623614	2	0	0	0	7.71	6924
87	33.524984	-117.623904	3	0	0	0	9.35	6438
88	33.525652	-117.620192	1	0	0	0	2.82	6400
89	33.524909	-117.622467	1	0	0	0	1.4	5280
90	33.530173	-117.620785	2	0	0	0	7.2	5358
91	33.543839	-117.634379	1	0	0	0	2.15	1080
92	33.524912	-117.626446	2	0	0	0	7.2	5358
93	33.526321	-117.623494	7	0	0	0	23.82	41054
94	33.5286	-117.617403	1	0	0	0	4.7	1380
95	33.527431	-117.621557	2	0	0	0	2.6	3816
96	33.546395	-117.636447	2	0	0	0	9.45	4720
97	33.523411	-117.62596	1	0	0	0	4.7	1380
98	33.493292	-117.621834	1	0	0	0	3.82	8580
99	33.529467	-117.624445	1	0	0	0	1.38	5100
100	33.54732	-117.63759	1	0	0	0	2.15	1080
101	33.544962	-117.635291	3	0	0	0	10.77	37500
102	33.531226	-117.622768	2	0	0	0	2.6	3816
103	33.525569	-117.622359	1	0	0	0	2.5	3978
104	33.547311	-117.632502	2	0	0	0	5.5	8840
105	33.526322	-117.620139	1	0	0	0	1.75	4608
106	33.527432	-117.616284	2	0	0	0	2.84	16560
107	33.528251	-117.624857	5	0	0	0	15.33	25266
108	33.525307	-117.627804	1	0	0	0	7.3	3640
109	33.529097	-117.624995	2	0	0	0	3.55	7128
110	33.527125	-117.629505	1	0	0	0	2.91	13520
111	33.526378	-117.628975	1	0	0	0	0.7	2640
112	33.525401	-117.621474	1	0	0	0	3.01	5544

ITEMS
Type	Length	Width	Height	Mass	Fragility	LoadBearingStrength
Bt1	18	12	5	2.15	1	0
Bt2	21	14	4	1.9	1	0
Bt3	23	15	4	4.7	1	0
Bt4	20	18	7	1.8	1	0
Bt5	15	11	16	0.7	1	0
Bt6	20	14	13	7.3	1	0
Bt7	17	13	18	2.5	1	0
Bt8	24	12	16	1.75	1	0
Bt9	30	17	10	1.38	1	0
Bt10	28	22	9	3.01	1	0
Bt11	30	19	10	2.15	1	0
Bt12	28	19	11	2.78	1	0
Bt13	31	20	10	4.8	1	0
Bt14	32	20	10	2.82	1	0
Bt15	40	19	10	3.82	1	0
Bt16	25	19	17	5.29	1	0
Bt17	22	15	26	3.816	1	0
Bt18	28	18	18	2.75	1	0
Bt19	50	20	10	4.73	1	0
Bt20	40	20	13	2.6	1	0
Bt21	39	23	14	3.97	1	0
Bt22	26	20	26	2.91	1	0
Bt23	40	29	12	2.137	1	0
Bt24	27	23	24	2.94	1	0
Bt25	39	27	16	7.63	1	0
Bt26	57	15	20	3.44	1	0
Bt27	33	20	28	5.25	1	0
Bt28	47	29	14	8.58	1	0
Bt29	41	20	29	3.42	1	0

DEMANDS PER CUSTOMER
i	Type Quantity
1	Bt3 1	
2	Bt6 1	Bt3 2	Bt2 1	Bt5 1	
3	Bt8 1	
4	Bt6 1	Bt3 1	
5	Bt17 1	Bt19 1	Bt3 1	
6	Bt12 1	Bt3 2	
7	Bt17 1	
8	Bt5 3	Bt8 1	Bt24 1	Bt20 1	Bt3 1	Bt4 1	Bt2 1	
9	Bt3 1	
10	Bt3 3	Bt17 1	Bt11 1	Bt13 1	
11	Bt3 1	
12	Bt7 1	Bt21 1	
13	Bt13 1	Bt6 1	
14	Bt5 3	Bt10 1	
15	Bt3 1	Bt7 1	Bt5 1	
16	Bt8 3	Bt21 1	Bt7 1	Bt3 2	Bt5 1	
17	Bt6 1	
18	Bt6 1	
19	Bt8 1	Bt18 1	
20	Bt10 1	
21	Bt3 2	
22	Bt25 1	
23	Bt1 1	
24	Bt24 1	Bt2 1	
25	Bt29 1	
26	Bt25 1	
27	Bt8 2	
28	Bt8 1	
29	Bt3 1	Bt1 1	
30	Bt3 2	Bt5 2	Bt7 1	Bt15 1	
31	Bt6 1	Bt5 2	
32	Bt3 1	
33	Bt10 1	Bt8 1	
34	Bt3 2	Bt8 1	
35	Bt15 1	Bt5 1	
36	Bt3 1	
37	Bt3 1	Bt6 2	
38	Bt5 1	Bt16 1	
39	Bt5 4	Bt2 1	Bt8 1	Bt3 3	
40	Bt3 2	Bt6 1	Bt5 2	
41	Bt1 1	Bt5 1	
42	Bt3 2	
43	Bt3 1	
44	Bt3 1	
45	Bt8 1	
46	Bt8 1	
47	Bt8 1	
48	Bt3 1	
49	Bt6 1	Bt10 2	
50	Bt2 1	Bt8 1	
51	Bt5 2	Bt8 1	
52	Bt15 1	
53	Bt7 1	
54	Bt3 1	
55	Bt2 1	
56	Bt20 2	
57	Bt20 1	
58	Bt3 1	Bt5 1	
59	Bt16 1	Bt3 1	
60	Bt3 4	Bt20 1	Bt5 1	Bt2 1	Bt7 1	Bt22 1	
61	Bt3 1	
62	Bt2 1	
63	Bt10 1	
64	Bt6 1	
65	Bt5 1	
66	Bt3 1	Bt10 1	
67	Bt1 1	
68	Bt15 1	Bt3 3	
69	Bt3 2	
70	Bt2 1	Bt20 1	Bt5 1	
71	Bt29 1	Bt6 1	Bt2 1	
72	Bt5 1	
73	Bt3 1	
74	Bt28 1	
75	Bt2 1	
76	Bt10 1	Bt5 1	
77	Bt5 1	Bt16 1	
78	Bt27 1	Bt2 1	Bt7 1	
79	Bt10 1	Bt16 1	
80	Bt3 1	
81	Bt27 1	
82	Bt21 1	
83	Bt8 1	Bt1 1	
84	Bt6 1	
85	Bt6 1	
86	Bt3 1	Bt10 1	
87	Bt3 1	Bt7 1	Bt1 1	
88	Bt14 1	
89	Bt5 2	
90	Bt3 1	Bt7 1	
91	Bt1 1	
92	Bt7 1	Bt3 1	
93	Bt20 1	Bt2 2	Bt3 1	Bt10 2	Bt8 2	Bt5 1	Bt7 1	
94	Bt3 1	
95	Bt2 1	Bt5 1	
96	Bt1 1	Bt6 1	
97	Bt3 1	
98	Bt17 1	
99	Bt9 1	
100	Bt1 1	
101	Bt19 1	Bt26 1	Bt20 1	
102	Bt5 1	Bt2 1	
103	Bt7 1	
104	Bt13 1	Bt5 1	
105	Bt8 1	
106	Bt23 1	Bt5 1	
107	Bt8 1	Bt3 1	Bt21 1	Bt2 1	Bt10 1	
108	Bt6 1	
109	Bt8 1	Bt4 1	
110	Bt22 1	
111	Bt5 1	
112	Bt10 1	

DISTANCE MATRIX
0.0 2260.8 2530.7 2163.6 2299.7 2104.5 2525.6 2347.1 2162.0 2153.7 2135.8 2297.6 2277.8 2501.6 2222.1 2178.8 2310.3 2207.0 2168.3 2187.2 2326.1 2191.8 2189.0 2112.6 2288.9 2508.0 2407.8 2244.4 2253.7 2142.5 2349.4 2108.9 2254.0 2293.9 2291.9 2170.8 2203.6 2160.3 2380.0 2154.0 2186.0 2315.9 2150.2 2231.6 2293.3 2229.4 2228.3 2182.0 2293.9 2326.9 2258.1 2554.5 2215.5 2150.2 2318.8 2244.6 2318.6 2299.8 2517.3 2252.9 2308.5 2099.6 2169.3 2293.5 2135.5 2340.6 2171.9 2171.9 2074.1 2133.9 2254.9 2359.3 2184.9 2292.0 2219.4 2249.7 2248.2 2152.9 2271.5 2286.9 2265.1 2372.3 2297.4 2097.9 2150.6 2298.7 2331.8 2232.8 2236.3 2207.6 2304.8 2169.9 2298.4 2275.8 2234.7 2315.9 2145.5 2273.3 2487.4 2335.7 2034.2 2106.0 2315.8 2226.8 2208.2 2260.8 2288.9 2310.3 2317.6 2323.3 2325.1 2328.4 2239.5
2190.8 0.0 719.7 462.7 302.1 546.0 714.6 349.5 499.4 604.8 561.4 300.0 97.3 690.6 115.2 572.6 204.3 64.0 562.1 486.3 336.7 124.9 488.1 514.5 174.6 697.0 596.8 255.0 442.7 564.4 243.4 510.8 264.6 304.5 185.9 564.6 502.7 554.1 265.7 361.0 485.1 270.2 552.1 530.7 247.6 41.3 84.3 575.8 296.3 329.3 70.7 743.5 108.5 487.6 204.5 247.0 272.9 254.1 706.3 255.3 310.9 501.5 594.9 295.9 557.4 234.6 584.0 102.5 553.5 527.7 311.9 245.0 606.8 302.6 152.5 260.3 79.1 574.8 282.1 241.2 159.1 561.3 308.0 519.8 576.2 309.3 217.5 147.7 35.3 100.7 259.1 563.7 309.0 127.0 237.1 209.9 567.4 283.9 676.4 221.4 513.6 499.8 270.1 100.0 507.3 48.7 291.3 196.0 328.2 209.0 335.7 339.0 95.5
2416.8 693.7 0.0 757.7 613.0 841.0 128.0 662.5 816.0 899.8 856.4 613.0 714.4 24.5 631.3 867.6 654.1 639.9 857.1 781.3 759.0 624.7 783.1 809.5 632.7 17.9 160.6 677.3 484.6 859.4 693.2 805.8 686.9 726.8 627.8 857.0 797.7 849.8 723.8 438.6 780.1 659.7 847.1 825.7 637.1 662.3 661.2 870.8 609.3 620.3 691.0 124.6 637.4 782.6 662.6 560.0 662.4 643.6 119.7 568.3 607.1 796.5 889.9 608.9 852.4 684.4 879.0 604.8 868.7 822.7 548.5 698.6 901.8 724.9 645.2 682.6 681.1 869.8 704.4 630.7 608.9 174.6 730.3 814.8 871.2 731.6 675.6 644.9 669.2 640.5 648.6 858.7 728.4 619.6 550.1 659.7 862.4 706.2 40.0 679.5 808.6 794.8 681.9 659.7 802.3 693.7 604.3 645.7 750.5 667.1 758.0 761.3 672.4
2054.2 459.5 761.7 0.0 362.1 220.1 756.6 409.5 114.1 219.5 176.1 360.0 428.5 732.6 349.9 187.3 372.7 405.7 176.8 50.5 620.1 391.9 52.3 129.2 351.3 739.0 638.8 538.4 484.7 179.1 411.8 125.5 548.0 587.9 354.3 179.3 60.8 168.8 442.4 403.0 22.3 378.3 166.8 88.8 355.7 428.1 418.5 190.5 356.3 389.3 408.8 785.5 356.0 102.3 381.2 307.0 381.0 362.2 748.3 315.3 370.9 116.2 209.6 355.9 172.1 403.0 198.7 385.9 180.4 142.4 353.9 421.7 221.5 586.0 363.8 543.7 398.9 189.5 565.5 349.3 327.5 603.3 591.4 134.5 190.9 592.7 394.2 363.5 435.0 365.0 367.2 178.4 592.4 338.2 297.1 378.3 182.1 567.3 718.4 398.1 141.8 114.5 378.2 377.5 71.5 451.0 351.3 372.7 611.6 385.7 619.1 622.4 407.2
2168.2 319.9 640.1 354.7 0.0 436.1 633.1 132.1 389.5 496.8 451.5 101.1 292.6 609.0 208.4 464.6 231.2 266.1 454.1 371.1 480.5 250.4 380.1 406.5 208.4 617.4 517.2 396.9 363.1 458.0 270.3 400.9 408.4 448.3 206.8 454.0 394.7 444.9 302.2 281.4 377.1 236.8 442.2 422.7 216.1 288.5 278.9 467.8 97.4 5.1 267.3 656.1 216.4 379.6 241.6 66.1 234.9 222.6 624.8 44.1 75.1 393.5 486.9 97.0 449.4 263.4 474.1 246.3 447.0 417.8 241.3 275.7 498.8 446.4 224.2 404.1 272.7 464.9 424.0 209.7 187.9 481.7 451.8 409.9 468.2 453.1 252.7 240.1 295.4 225.4 225.7 455.7 449.9 196.7 69.3 239.3 457.5 427.7 596.8 258.5 405.6 389.9 260.9 237.9 396.7 311.4 68.5 224.7 472.0 244.2 479.5 482.8 267.6
1983.8 580.7 882.9 228.8 481.2 0.0 877.8 530.7 237.2 244.6 189.4 481.2 553.4 851.8 471.1 232.4 493.9 526.9 221.9 252.4 741.3 513.1 254.2 166.2 472.5 860.2 760.0 659.6 605.9 196.1 533.0 162.5 669.2 709.1 467.8 224.4 268.8 214.6 563.0 524.2 251.2 499.5 203.8 296.8 476.9 549.3 539.7 235.6 477.5 488.5 530.0 898.9 477.2 203.8 502.4 428.2 502.2 483.4 869.5 436.5 475.3 153.2 222.9 477.1 189.1 524.2 225.5 507.1 129.2 187.5 484.1 538.4 238.5 707.2 485.0 664.9 520.1 206.5 686.7 470.5 448.7 724.5 712.6 151.5 204.2 713.9 515.4 484.7 556.2 486.2 488.4 223.5 713.6 459.4 418.3 499.5 199.1 688.5 839.6 519.3 87.8 159.6 521.7 498.7 273.4 572.2 472.5 485.5 732.8 506.9 740.3 743.6 528.4
2384.5 661.4 120.8 725.4 580.7 808.7 0.0 630.2 783.7 867.5 824.1 580.7 682.1 89.7 599.0 835.3 621.8 607.6 824.8 741.8 726.7 592.4 750.8 777.2 600.4 98.1 128.3 645.0 452.3 827.1 660.9 773.5 654.6 694.5 595.5 824.7 765.4 817.5 690.9 406.3 747.8 627.4 814.8 793.4 604.8 630.0 628.9 838.5 577.0 588.0 658.7 162.1 605.1 750.3 630.3 527.7 630.1 611.3 6.1 536.0 574.8 764.2 857.6 576.6 820.1 652.1 846.7 572.5 836.4 790.4 516.2 666.3 869.5 692.6 612.9 650.3 648.8 837.5 672.1 598.4 576.6 142.3 698.0 782.5 838.9 699.3 643.3 612.6 636.9 608.2 616.3 826.4 696.1 587.3 517.8 627.4 830.1 673.9 77.5 647.2 776.3 762.5 649.6 627.4 770.0 661.4 572.0 613.4 718.2 634.8 725.7 729.0 640.1
2207.1 358.8 679.0 393.6 162.0 476.9 673.9 0.0 430.3 535.7 492.3 82.2 327.8 649.9 249.2 503.5 272.0 305.0 493.0 417.2 519.4 291.2 419.0 445.4 250.6 656.3 556.1 437.7 402.0 495.3 311.1 441.7 447.3 487.2 253.6 495.5 433.6 485.0 341.7 320.3 416.0 277.6 483.0 461.6 255.0 327.4 317.8 506.7 54.6 189.2 308.1 702.8 255.3 418.5 280.5 110.9 280.3 261.5 665.6 102.0 163.2 432.4 525.8 96.5 488.3 302.3 514.9 285.2 484.4 458.6 271.2 321.0 537.7 485.3 263.1 443.0 298.2 505.7 464.8 248.6 226.8 520.6 490.7 450.7 507.1 492.0 293.5 262.8 334.3 264.3 266.5 494.6 491.7 237.5 108.2 277.6 498.3 466.6 635.7 297.4 444.5 430.7 277.5 276.8 438.2 350.3 75.9 272.0 510.9 285.0 518.4 521.7 306.5
2055.8 457.9 773.8 97.2 358.4 232.2 768.7 421.6 0.0 235.8 138.6 358.4 426.9 742.7 362.0 163.5 374.6 417.8 139.3 133.1 618.5 390.3 134.9 105.4 360.1 737.4 650.9 550.5 483.1 141.6 410.2 101.7 546.4 586.3 352.7 139.2 135.8 132.0 440.2 401.4 131.9 390.4 129.3 163.8 354.1 426.5 416.9 166.7 354.7 365.7 420.9 776.1 354.4 7.4 393.3 305.4 386.6 360.6 746.7 327.4 352.5 78.7 172.1 354.3 134.6 401.4 161.2 384.3 163.1 104.9 361.3 417.0 197.7 584.4 362.2 555.8 424.4 165.7 577.6 361.4 325.9 615.4 589.8 97.0 167.1 591.1 392.6 361.9 433.4 363.4 365.6 140.9 587.9 336.6 295.5 390.4 144.6 579.4 716.8 396.5 129.7 77.0 390.3 389.6 137.8 449.4 352.0 376.4 610.0 384.1 617.5 620.8 419.3
2041.4 579.9 882.1 217.8 482.5 239.4 877.0 529.9 217.5 0.0 206.8 480.4 548.9 853.0 470.3 249.8 493.1 526.1 239.3 241.4 740.5 512.3 243.2 183.6 471.7 859.4 759.2 658.8 605.1 213.5 532.2 179.9 668.4 708.3 474.7 241.8 257.8 231.3 562.8 523.4 240.2 498.7 221.2 285.8 476.1 548.5 538.9 253.0 476.7 509.7 529.2 905.9 476.4 205.7 501.6 427.4 501.4 482.6 868.7 435.7 491.3 170.6 240.3 476.3 206.5 523.4 242.9 506.3 170.5 204.9 474.3 542.1 255.9 706.4 484.2 664.1 519.3 223.9 685.9 469.7 447.9 723.7 711.8 168.9 221.6 713.1 514.6 483.9 555.4 485.4 487.6 240.9 712.8 458.6 417.5 498.7 216.5 687.7 838.8 518.5 131.9 177.0 498.6 497.9 262.4 571.4 471.7 493.1 732.0 506.1 739.5 742.8 527.6
2015.2 559.2 861.4 197.1 459.7 210.3 856.3 509.2 160.1 208.9 0.0 459.7 528.2 832.3 449.6 174.7 472.4 505.4 164.2 213.5 719.8 491.6 222.5 91.7 451.0 838.7 738.5 638.1 584.4 138.4 511.5 94.3 647.7 687.6 446.1 164.1 237.1 156.9 541.5 502.7 219.5 478.0 117.6 265.1 455.4 527.8 518.2 177.9 456.0 467.0 508.5 877.4 455.7 146.1 480.9 406.7 480.7 461.9 848.0 415.0 453.8 95.5 110.0 455.6 131.4 502.7 167.8 485.6 161.6 129.8 462.6 516.9 180.8 685.7 463.5 643.4 512.0 148.8 665.2 449.0 427.2 703.0 691.1 93.8 14.7 692.4 493.9 480.2 534.7 464.7 466.9 165.8 689.2 437.9 396.8 478.0 141.4 667.0 818.1 497.8 102.8 101.9 500.2 477.2 239.1 550.7 451.0 464.0 711.3 485.4 718.8 722.1 506.9
2148.2 299.9 620.1 334.7 103.1 418.0 615.0 92.8 371.4 476.8 433.4 0.0 268.9 591.0 190.3 444.6 213.1 246.1 434.1 358.3 460.5 232.3 360.1 386.5 191.7 597.4 497.2 378.8 343.1 436.4 252.2 382.8 388.4 428.3 194.7 436.6 374.7 426.1 282.8 261.4 357.1 218.7 424.1 402.7 196.1 268.5 258.9 447.8 39.6 130.3 249.2 643.9 196.4 359.6 221.6 48.3 221.4 202.6 606.7 56.6 112.2 373.5 466.9 37.6 429.4 243.4 456.0 226.3 425.5 399.7 212.3 262.1 478.8 426.4 204.2 384.1 239.3 446.8 405.9 189.7 167.9 461.7 431.8 391.8 448.2 433.1 234.6 203.9 275.4 205.4 207.6 435.7 432.8 178.6 49.3 218.7 439.4 407.7 576.8 238.5 385.6 371.8 218.6 217.9 379.3 291.4 56.6 213.1 452.0 226.1 459.5 462.8 247.6
2182.5 108.6 664.1 407.1 244.4 490.4 659.0 293.9 449.7 549.2 505.8 244.4 0.0 633.0 59.6 520.7 154.5 74.7 506.5 423.5 328.4 120.3 432.5 458.9 115.7 641.4 541.2 250.4 387.1 510.4 187.8 458.9 256.3 296.2 122.4 506.4 447.1 499.2 209.5 305.4 433.2 218.3 496.5 475.1 192.0 70.1 43.0 520.2 240.7 251.7 40.3 680.1 48.8 432.0 148.9 191.4 210.8 198.5 650.7 203.4 238.5 445.9 539.3 240.3 501.8 179.0 528.4 94.2 499.4 472.1 265.3 184.9 551.2 294.3 103.0 252.0 15.4 522.9 273.8 185.6 103.5 505.7 299.7 464.2 520.6 301.0 161.9 108.2 63.2 75.5 203.5 508.1 297.8 71.4 181.5 154.9 515.5 275.6 620.8 165.8 458.0 444.2 236.8 40.3 449.1 79.0 236.6 132.0 319.9 153.4 327.4 330.7 31.7
2393.8 670.7 31.1 734.7 590.0 816.4 105.0 639.5 769.8 876.8 833.4 590.0 691.4 0.0 608.3 843.0 631.6 616.9 834.1 751.1 736.0 600.1 760.1 786.5 606.4 6.3 137.6 652.7 461.6 836.4 668.6 781.2 663.9 702.2 604.8 834.0 774.7 825.2 700.2 414.0 755.5 635.1 824.1 802.7 614.1 639.3 638.2 847.8 586.3 595.7 666.4 101.6 614.4 759.6 639.6 537.0 632.9 620.6 96.7 545.3 584.1 773.5 866.9 585.9 829.4 661.4 856.0 581.8 827.0 798.1 523.9 674.0 878.8 701.9 622.2 659.6 671.5 845.2 681.4 606.1 585.9 151.6 707.3 790.2 848.2 708.6 651.0 613.4 646.2 617.5 624.0 835.7 705.4 595.0 527.1 637.3 837.8 683.2 17.0 656.5 785.6 770.2 658.9 636.7 776.7 670.7 582.2 621.1 727.5 642.5 735.0 738.3 649.4
2124.2 109.5 604.4 347.4 184.7 430.7 599.3 234.2 384.1 489.5 446.1 184.7 78.5 573.3 0.0 457.3 89.0 55.7 446.8 363.8 270.1 58.3 372.8 399.2 59.3 581.7 481.5 188.4 327.4 449.1 128.1 395.5 198.0 237.9 70.6 449.3 387.4 439.5 149.8 245.7 369.8 154.9 436.8 415.4 132.3 78.1 68.5 460.5 181.0 192.0 58.8 620.4 6.1 372.3 89.2 131.7 151.1 138.8 591.0 140.0 178.8 386.2 479.6 180.6 442.1 119.3 468.7 35.9 458.4 412.4 205.6 125.2 491.5 236.0 43.3 193.7 48.9 459.5 215.5 125.9 43.8 446.0 241.4 404.5 460.9 242.7 102.2 32.4 85.0 15.0 143.8 448.4 239.5 11.7 121.8 95.2 452.1 217.3 561.1 106.1 398.3 384.5 177.1 27.5 389.4 101.0 176.9 72.3 261.6 93.7 269.1 272.4 57.2
2055.8 528.0 830.2 165.9 428.5 250.9 825.1 478.0 128.9 249.5 152.3 428.5 497.0 801.1 418.4 0.0 441.2 474.2 85.0 189.5 688.6 460.4 191.3 105.4 416.5 807.5 707.3 606.9 553.2 118.2 480.3 101.7 616.5 656.4 422.8 41.1 205.9 77.7 510.9 471.5 188.3 446.8 143.0 233.9 424.2 496.6 487.0 52.3 424.8 435.8 477.3 846.2 424.5 114.9 449.7 375.5 449.5 430.7 816.8 383.8 422.6 92.4 185.8 424.4 111.2 471.5 106.9 454.4 202.2 50.6 431.4 485.7 142.6 654.5 432.3 612.2 480.8 128.6 634.0 417.8 396.0 671.8 659.9 103.3 167.1 661.2 462.7 448.2 503.5 433.5 435.7 7.8 658.0 406.7 365.6 446.8 103.2 635.8 786.9 466.6 143.4 58.8 469.0 446.0 210.5 519.5 419.8 446.5 680.1 454.2 687.6 690.9 475.7
2195.8 225.2 624.8 367.8 207.2 451.1 619.7 256.7 429.6 512.0 466.5 205.1 192.8 599.2 112.1 477.7 0.0 167.9 467.2 384.2 384.4 154.1 393.2 419.6 110.2 602.1 501.9 300.6 347.8 471.1 106.1 418.0 310.2 352.2 26.0 467.1 407.8 459.9 204.0 266.1 390.2 175.3 457.2 435.8 152.7 192.4 180.7 480.9 201.4 212.4 171.0 640.8 118.2 392.7 143.4 152.1 171.5 161.3 611.4 160.4 199.2 406.6 500.0 201.0 462.5 26.7 489.1 148.1 453.4 432.8 226.0 179.4 514.0 348.2 128.1 305.9 161.1 482.0 327.7 146.3 45.1 466.4 353.6 424.9 481.3 354.9 156.4 129.2 197.2 129.3 164.2 468.8 353.8 100.4 142.2 72.6 472.5 329.5 581.5 160.3 418.7 408.4 197.5 139.7 415.9 213.2 196.4 140.2 373.8 147.9 384.8 384.6 169.4
2126.7 53.7 655.6 398.6 238.0 481.9 650.5 285.4 435.3 540.7 497.3 235.9 66.4 626.5 51.1 508.5 140.2 0.0 498.0 422.2 272.6 60.8 424.0 450.4 110.5 632.9 532.7 190.9 378.6 500.3 179.3 446.7 200.5 240.4 121.8 500.5 438.6 490.0 201.6 296.9 421.0 206.1 488.0 466.6 183.5 22.3 20.2 511.7 232.2 265.2 64.6 679.4 44.5 423.5 140.4 182.9 208.8 190.0 642.2 191.2 246.8 437.4 530.8 231.8 493.3 170.5 519.9 38.4 489.4 463.6 247.8 180.9 542.7 238.5 88.4 196.2 54.8 510.7 218.0 177.1 95.0 497.2 243.9 455.7 512.1 245.2 153.4 83.6 29.2 36.6 195.0 499.6 244.9 62.9 173.0 145.8 503.3 219.8 612.3 157.3 449.5 435.7 206.0 55.8 443.2 53.7 227.2 131.9 264.1 144.9 271.6 274.9 31.4
2060.8 533.0 835.2 170.9 435.6 255.9 830.1 483.0 131.7 254.5 157.3 433.5 502.0 806.1 423.4 80.5 448.3 479.2 0.0 194.5 693.6 465.4 196.3 110.4 424.8 812.5 712.3 611.9 558.2 82.0 485.3 106.7 621.5 661.4 427.8 72.5 210.9 45.2 515.9 476.5 193.3 451.8 148.0 238.9 429.2 501.6 492.0 83.7 429.8 462.8 482.3 859.0 429.5 119.9 454.7 380.5 454.5 435.7 821.8 388.8 444.4 97.4 190.8 429.4 75.0 476.5 70.7 459.4 187.0 25.9 427.4 495.2 106.4 659.5 437.3 617.2 472.4 92.4 639.0 422.8 401.0 676.8 664.9 88.1 172.1 666.2 467.7 437.0 508.5 438.5 440.7 71.6 665.9 411.7 370.6 451.8 67.0 640.8 791.9 471.6 148.4 63.8 451.7 451.0 215.5 524.5 424.8 446.2 685.1 459.2 692.6 695.9 480.7
2066.9 472.2 768.9 59.6 372.7 232.8 769.3 422.2 129.0 232.2 183.3 372.7 444.9 743.3 357.1 200.0 385.4 418.4 189.5 0.0 632.8 404.6 1.7 141.9 360.7 751.7 651.5 545.6 497.4 193.4 419.0 138.2 560.7 600.6 359.1 189.4 99.6 182.2 454.5 410.2 82.0 385.5 179.5 127.6 368.4 440.8 431.2 203.2 369.0 380.0 416.0 784.9 368.7 115.0 393.9 319.7 387.2 374.9 761.0 328.0 361.3 128.9 222.3 368.6 184.8 415.7 211.4 398.6 194.6 155.1 370.1 424.4 234.2 598.7 376.5 556.4 425.0 202.2 578.2 362.0 340.2 616.0 604.1 147.2 203.6 605.4 401.4 392.4 447.7 377.7 379.9 191.1 602.2 345.4 309.8 391.6 194.8 580.0 731.1 410.8 154.5 121.7 413.2 390.2 18.3 463.7 364.9 385.2 624.3 392.9 631.8 635.1 419.9
2191.0 313.6 772.8 622.4 461.8 705.7 767.7 509.2 659.1 764.5 721.1 459.7 330.6 743.7 274.9 732.3 364.0 259.8 721.8 646.0 0.0 244.6 647.8 674.2 334.3 750.1 649.9 146.3 495.8 724.1 403.1 670.5 155.9 109.8 345.6 724.3 662.4 713.8 425.4 396.1 644.8 429.9 711.8 690.4 407.3 282.2 281.1 735.5 456.0 489.0 310.9 796.6 268.3 647.3 364.2 406.7 432.6 413.8 759.4 415.0 470.6 661.2 754.6 455.6 717.1 394.3 743.7 224.7 713.2 687.4 471.6 404.7 766.5 81.5 272.2 151.6 301.0 734.5 113.8 400.9 318.8 614.4 52.3 679.5 735.9 88.2 377.2 285.6 289.1 260.4 418.8 723.4 140.7 286.7 396.8 369.6 727.1 175.2 729.5 381.1 673.3 659.5 429.8 279.6 667.0 313.6 451.0 355.7 133.5 368.7 51.4 83.3 292.3
2098.1 121.2 656.5 399.5 236.8 482.8 651.4 286.3 457.8 541.6 498.2 236.8 112.3 625.4 61.5 509.4 141.1 67.4 498.9 415.9 244.0 0.0 424.9 451.3 108.1 633.8 533.6 162.3 379.5 501.2 180.2 447.6 171.9 211.8 122.7 498.8 439.5 491.6 201.9 297.8 421.9 207.0 488.9 467.5 184.4 89.8 102.3 512.6 233.1 244.1 92.6 672.5 54.0 424.4 141.3 183.8 209.7 190.9 643.1 192.1 230.9 438.3 531.7 232.7 494.2 171.4 520.8 32.3 490.3 464.5 257.7 177.3 543.6 209.9 27.5 167.6 96.1 511.6 189.4 178.0 95.9 498.1 215.3 456.6 513.0 216.6 154.3 40.9 96.7 66.8 195.9 500.5 216.3 63.8 173.9 146.7 504.2 191.2 613.2 158.2 450.4 436.6 229.2 61.3 441.5 134.8 228.1 124.4 235.5 145.8 243.0 246.3 91.0
2068.2 473.5 775.7 60.9 376.1 234.1 770.6 423.5 128.1 233.5 190.1 374.0 442.5 746.6 363.9 201.3 386.7 419.7 190.8 1.3 634.1 405.9 0.0 143.2 365.3 753.0 652.8 552.4 498.7 193.1 425.8 139.5 562.0 601.9 368.3 193.3 100.9 182.8 456.4 417.0 83.3 392.3 180.8 128.9 369.7 442.1 432.5 204.5 370.3 403.3 422.8 799.5 370.0 116.3 395.2 321.0 395.0 376.2 762.3 329.3 384.9 130.2 223.6 369.9 186.1 417.0 212.7 399.9 194.4 156.4 367.9 435.7 235.5 600.0 377.8 557.7 412.9 203.5 579.5 363.3 341.5 617.3 605.4 148.5 204.9 606.7 408.2 377.5 449.0 379.0 381.2 192.4 606.4 352.2 311.1 392.3 196.1 581.3 732.4 412.1 155.8 128.5 392.2 391.5 19.2 465.0 365.3 386.7 625.6 399.7 633.1 636.4 421.2
1992.8 513.1 815.3 151.0 415.7 187.9 810.2 463.1 111.8 186.5 89.3 413.6 482.1 786.2 403.5 128.6 426.3 459.3 103.8 174.6 673.7 445.5 176.4 0.0 404.9 792.6 692.4 592.0 538.3 74.3 465.4 2.6 601.6 641.5 407.9 120.6 191.0 110.1 496.0 456.6 173.4 431.9 37.5 219.0 409.3 481.7 472.1 131.8 409.9 442.9 462.4 839.1 409.6 100.0 434.8 360.6 434.6 415.8 801.9 368.9 424.5 14.6 87.1 409.5 67.3 456.6 103.7 439.5 119.0 83.7 407.5 475.3 116.7 639.6 417.4 597.3 452.5 84.7 619.1 402.9 381.1 656.9 645.0 29.7 97.8 646.3 447.8 417.1 488.6 418.6 420.8 119.7 646.0 391.8 350.7 431.9 77.3 620.9 772.0 451.7 80.4 55.8 431.8 431.1 195.6 504.6 404.9 426.3 665.2 439.3 672.7 676.0 460.8
2191.4 176.7 633.9 379.9 217.2 460.2 628.8 266.7 416.6 522.0 475.6 217.2 149.4 605.8 64.1 489.8 118.5 122.9 479.3 396.3 337.3 106.1 405.3 431.7 0.0 614.2 514.0 252.6 359.9 483.2 160.6 425.0 265.2 305.1 95.2 479.2 419.9 472.0 130.6 275.2 402.3 184.4 466.3 447.9 164.8 145.3 135.7 493.0 213.5 224.5 123.0 652.9 73.2 404.8 70.0 164.2 183.6 171.3 620.5 169.5 208.3 418.7 512.1 213.1 474.6 151.8 498.2 103.1 472.2 441.9 235.1 106.0 524.0 303.2 81.0 260.9 129.5 489.0 282.7 155.4 76.3 478.5 308.6 434.0 493.4 309.9 80.0 96.9 152.2 82.2 176.3 480.9 306.7 52.4 154.3 127.7 481.6 284.5 593.6 86.9 430.8 417.0 209.6 94.7 421.9 168.2 209.4 66.8 328.8 74.5 336.3 339.6 124.4
2398.8 675.7 22.7 739.7 597.1 823.0 110.0 644.5 776.4 881.8 838.4 595.0 692.7 5.0 613.3 849.6 636.1 621.9 839.1 763.3 741.0 606.7 765.1 791.5 614.7 0.0 142.6 659.3 466.6 841.4 675.2 787.8 668.9 708.8 617.7 841.6 779.7 831.1 705.8 420.6 762.1 641.7 829.1 807.7 619.1 644.3 643.2 852.8 591.3 624.3 673.0 114.4 619.4 764.6 644.6 542.0 644.4 625.6 101.7 550.3 605.9 778.5 871.9 590.9 834.4 666.4 861.0 586.8 830.5 804.7 521.5 685.1 883.8 706.9 627.2 664.6 663.1 851.8 686.4 612.7 590.9 156.6 712.3 796.8 853.2 713.6 657.6 626.9 651.2 622.5 630.6 840.7 713.3 601.6 532.1 641.7 844.4 688.2 22.0 661.5 790.6 776.8 641.6 641.7 784.3 675.7 586.3 636.1 732.5 649.1 740.0 743.3 654.4
2308.4 585.3 155.1 649.3 506.7 732.6 150.0 554.1 686.0 791.4 748.0 504.6 602.3 126.0 522.9 759.2 545.7 531.5 748.7 672.9 650.6 516.3 674.7 701.1 524.3 132.4 0.0 568.9 376.2 751.0 584.8 697.4 578.5 618.4 527.3 751.2 689.3 740.7 615.4 330.2 671.7 551.3 738.7 717.3 528.7 553.9 552.8 762.4 500.9 533.9 582.6 204.2 529.0 674.2 554.2 451.6 554.0 535.2 141.7 459.9 515.5 688.1 781.5 500.5 744.0 576.0 770.6 496.4 740.1 714.3 431.1 594.7 793.4 616.5 536.8 574.2 572.7 761.4 596.0 522.3 500.5 66.2 621.9 706.4 762.8 623.2 567.2 536.5 560.8 532.1 540.2 750.3 622.9 511.2 441.7 551.3 754.0 597.8 111.8 571.1 700.2 686.4 551.2 551.3 693.9 585.3 495.9 545.7 642.1 558.7 649.6 652.9 564.0
2151.0 273.6 732.8 582.4 419.7 665.7 727.7 469.2 640.7 724.5 681.1 419.7 290.6 701.7 234.9 692.3 324.0 219.8 681.8 598.8 159.6 204.6 607.8 634.2 291.0 710.1 609.9 0.0 455.8 684.1 363.1 630.5 9.5 127.4 305.6 681.7 622.4 674.5 384.8 356.1 604.8 389.9 671.8 650.4 367.3 242.2 241.1 695.5 416.0 427.0 270.9 748.8 228.3 607.3 324.2 366.7 392.6 373.8 719.4 375.0 413.8 621.2 714.6 415.6 677.1 354.3 703.7 184.7 673.2 647.4 440.6 360.2 726.5 125.5 232.2 58.7 274.4 694.5 105.0 360.9 278.8 574.4 130.9 639.5 695.9 132.2 337.2 216.3 249.1 220.4 378.8 683.4 129.0 246.7 356.8 329.6 687.1 28.9 689.5 341.1 633.3 619.5 412.1 239.6 624.4 273.6 411.0 321.0 151.1 328.7 158.6 161.9 252.3
2142.3 419.2 589.3 483.2 340.6 566.5 584.2 388.0 519.9 625.3 581.9 338.5 436.2 560.2 356.8 593.1 379.6 365.4 582.6 506.8 484.5 350.2 508.6 535.0 358.2 566.6 466.4 402.8 0.0 584.9 418.7 531.3 412.4 452.3 361.2 585.1 523.2 574.6 449.3 164.1 505.6 385.2 572.6 551.2 362.6 387.8 386.7 596.3 334.8 367.8 416.5 613.1 362.9 508.1 388.1 285.5 387.9 369.1 575.9 293.8 349.4 522.0 615.4 334.4 577.9 409.9 604.5 330.3 574.0 548.2 265.0 428.6 627.3 450.4 370.7 408.1 406.6 595.3 429.9 356.2 334.4 430.9 455.8 540.3 596.7 457.1 401.1 370.4 394.7 366.0 374.1 584.2 456.8 345.1 275.6 385.2 587.9 431.7 546.0 405.0 534.1 520.3 385.1 385.2 527.8 419.2 329.8 379.6 476.0 392.6 483.5 486.8 397.9
2051.0 542.9 845.1 180.8 443.4 246.1 840.0 492.9 163.2 244.7 147.5 443.4 515.6 814.0 433.3 107.7 456.1 489.1 56.0 197.2 703.5 475.3 206.2 82.6 431.4 822.4 722.2 621.8 568.1 0.0 495.2 80.1 631.4 672.5 429.8 97.1 220.8 73.1 525.2 486.4 203.2 461.7 120.2 248.8 439.1 511.5 501.9 110.9 439.7 450.7 492.2 862.3 439.4 129.8 464.6 390.4 457.9 445.6 832.9 398.7 437.5 69.6 169.8 439.3 5.6 486.4 57.1 469.3 178.7 53.1 446.3 500.6 88.9 669.4 447.2 627.1 495.7 8.8 648.9 432.7 410.9 686.7 674.8 52.6 162.3 676.1 477.6 463.1 518.4 448.4 450.6 98.8 672.9 421.6 380.5 462.3 49.5 650.7 801.8 481.5 138.6 73.7 483.9 460.9 222.8 534.4 435.6 448.9 695.0 469.1 702.5 705.8 490.6
2208.3 234.2 637.3 380.3 217.6 463.6 632.2 267.1 417.0 522.4 479.0 217.6 203.2 608.2 124.6 490.2 99.5 180.4 479.7 396.7 394.8 166.6 405.7 432.1 122.7 614.6 514.4 313.1 360.3 482.0 0.0 428.4 322.7 362.6 81.1 479.6 420.3 472.4 216.5 278.6 402.7 187.8 469.7 448.3 165.2 202.8 193.2 493.4 213.9 224.9 183.5 653.3 130.7 405.2 155.9 164.6 184.0 171.7 623.9 172.9 211.7 419.1 512.5 213.5 475.0 129.8 501.6 160.6 465.9 445.3 238.5 191.9 524.4 360.7 138.5 318.4 173.6 492.4 340.2 158.8 57.6 478.9 366.1 437.4 493.8 367.4 168.9 138.2 209.7 139.7 176.7 481.3 364.2 112.9 154.7 24.6 485.0 342.0 594.0 172.8 431.2 417.4 210.0 152.2 422.3 225.7 208.9 139.0 386.3 160.4 393.8 397.1 181.9
1989.1 509.4 811.6 147.3 409.9 184.2 806.5 459.4 129.7 182.8 85.6 409.9 482.1 780.5 399.8 124.9 422.6 455.6 100.1 170.9 670.0 441.8 172.7 2.6 401.2 788.9 688.7 588.3 534.6 72.2 461.7 0.0 597.9 637.8 396.5 114.3 187.3 107.1 491.7 452.9 169.7 428.2 40.1 215.3 405.6 478.0 468.4 128.1 406.2 417.2 458.7 827.6 405.9 96.3 431.1 356.9 424.4 412.1 798.2 365.2 404.0 10.9 89.7 405.8 63.6 452.9 100.0 435.8 115.3 80.0 412.8 467.1 113.0 635.9 413.7 593.6 448.8 81.0 615.4 399.2 377.4 653.2 641.3 26.0 100.4 642.6 444.1 413.4 484.9 414.9 417.1 116.0 642.3 388.1 347.0 428.8 73.6 617.2 768.3 448.0 76.7 52.1 450.4 427.4 189.3 500.9 401.2 414.2 661.5 435.6 669.0 672.3 457.1
2160.6 283.2 742.4 592.0 431.4 675.3 737.3 478.8 628.7 734.1 690.7 429.3 300.2 713.3 244.5 701.9 333.6 229.4 691.4 615.6 169.2 214.2 617.4 643.8 303.9 719.7 619.5 9.5 465.4 693.7 372.7 640.1 0.0 137.0 315.2 693.9 632.0 683.4 395.0 365.7 614.4 399.5 681.4 660.0 376.9 251.8 250.7 705.1 425.6 458.6 280.5 766.2 237.9 616.9 333.8 376.3 402.2 383.4 729.0 384.6 440.2 630.8 724.2 425.2 686.7 363.9 713.3 194.3 682.8 657.0 441.2 374.3 736.1 135.1 241.8 49.2 270.6 704.1 114.6 370.5 288.4 584.0 140.5 649.1 705.5 141.8 346.8 255.2 258.7 230.0 388.4 693.0 141.5 256.3 366.4 339.2 696.7 19.3 699.1 350.7 642.9 629.1 399.4 249.2 636.6 283.2 420.6 325.3 160.7 338.3 168.2 171.5 261.9
2145.6 268.2 727.4 577.0 416.4 660.3 722.3 463.8 613.7 719.1 675.7 414.3 288.9 696.3 229.5 686.9 320.7 214.4 676.4 600.6 116.6 199.2 602.4 628.8 288.9 704.7 604.5 100.9 450.4 680.3 357.7 625.1 110.5 0.0 300.2 676.3 617.0 669.1 379.4 350.7 599.4 384.5 666.4 645.0 361.9 236.8 235.7 690.1 410.6 421.6 265.5 743.4 222.9 601.9 318.8 361.3 387.2 368.4 714.0 369.6 408.4 615.8 709.2 410.2 671.7 348.9 698.3 179.3 688.0 642.0 435.2 354.8 721.1 82.5 226.8 106.2 269.0 689.1 68.4 355.5 273.4 569.0 87.9 634.1 690.5 89.2 331.8 240.2 243.7 215.0 373.4 678.0 92.4 241.3 351.4 324.2 681.7 129.8 684.1 335.7 627.9 614.1 384.4 234.2 619.0 268.2 405.6 315.6 23.6 323.3 115.6 118.9 246.9
2169.7 195.6 598.7 341.7 181.1 424.8 593.6 228.5 386.1 483.8 448.1 179.0 164.6 569.6 85.8 451.4 26.2 141.8 441.1 365.3 356.2 128.0 367.1 393.5 87.4 576.0 475.8 274.3 321.7 443.4 79.8 397.5 284.1 323.8 0.0 443.6 381.7 433.8 178.5 240.0 363.9 156.9 430.9 409.7 126.6 164.2 154.6 454.8 175.3 194.0 152.6 614.7 92.1 366.6 117.3 126.0 151.9 133.1 585.3 134.1 173.1 380.5 473.9 174.9 436.4 56.3 462.8 122.0 432.5 406.5 199.9 161.0 485.8 322.1 99.9 279.8 135.0 453.8 301.4 120.2 19.0 440.3 327.5 398.6 455.2 328.8 138.0 115.8 171.1 100.9 145.8 442.7 328.5 74.3 116.1 46.5 446.4 303.4 555.4 134.2 392.6 386.5 149.1 113.6 386.3 187.1 170.3 100.4 347.7 129.5 355.2 358.5 143.3
2040.0 512.2 812.2 150.1 412.7 232.9 809.3 462.2 110.9 233.7 134.3 412.7 484.9 783.3 400.4 51.1 423.2 458.4 69.2 166.5 672.8 442.4 175.5 89.6 400.7 791.7 691.5 588.9 537.4 104.0 462.3 83.7 600.7 640.6 399.1 0.0 190.1 61.9 494.5 453.5 170.3 428.8 125.0 218.1 408.4 480.8 471.2 11.2 409.0 417.8 459.3 830.4 408.7 99.1 433.9 359.7 427.2 414.9 801.0 368.0 406.8 76.6 170.0 408.6 95.4 455.7 88.9 438.6 167.7 32.6 413.4 467.7 126.8 638.7 416.5 596.4 465.0 112.8 618.2 402.0 380.2 656.0 644.1 85.3 151.3 645.4 444.7 432.4 487.7 417.7 417.7 44.4 642.2 388.7 349.8 431.6 85.2 620.0 771.1 450.8 127.6 43.0 453.2 430.2 192.1 503.7 404.9 417.0 664.3 436.2 671.8 675.1 459.9
2089.5 494.8 797.0 36.1 397.4 255.4 791.9 444.8 149.4 254.8 211.4 395.3 463.8 767.9 385.2 222.6 408.0 441.0 212.1 85.8 655.4 427.2 87.6 164.5 386.6 774.3 674.1 573.7 520.0 214.4 447.1 160.8 583.3 623.2 389.6 214.6 0.0 204.1 477.7 438.3 58.5 413.6 202.1 27.9 391.0 463.4 453.8 225.8 391.6 424.6 444.1 820.8 391.3 137.6 416.5 342.3 416.3 397.5 783.6 350.6 406.2 151.5 244.9 391.2 207.4 438.3 234.0 421.2 215.7 177.7 389.2 457.0 256.8 621.3 399.1 579.0 434.2 224.8 600.8 384.6 362.8 638.6 626.7 169.8 226.2 628.0 429.5 398.8 470.3 400.3 402.5 213.7 627.7 373.5 332.4 413.6 217.4 602.6 753.7 433.4 177.1 149.8 413.5 412.8 106.8 486.3 386.6 408.0 646.9 421.0 654.4 657.7 442.5
2050.8 523.0 825.2 160.9 425.6 245.9 820.1 473.0 121.7 244.5 147.3 423.5 495.7 794.1 413.4 70.5 439.7 469.2 63.2 177.3 683.6 455.4 186.3 100.4 414.8 802.5 702.3 601.9 548.2 96.4 475.3 96.7 611.5 651.4 417.8 59.9 200.9 0.0 505.3 466.5 183.3 441.8 138.0 228.9 419.2 491.6 482.0 73.7 419.8 430.8 472.3 841.2 419.5 109.9 444.7 370.5 444.5 425.7 811.8 378.8 417.6 87.4 180.8 419.4 89.4 466.5 85.1 449.4 197.2 28.8 426.4 480.7 120.8 649.5 427.3 607.2 462.4 106.8 629.0 412.8 391.0 666.8 654.9 98.3 162.1 656.2 457.7 427.0 498.5 428.5 430.7 61.6 655.9 401.7 360.6 441.8 81.4 630.8 781.9 461.6 138.4 53.8 464.0 441.0 202.9 514.5 415.7 427.8 675.1 449.2 682.6 685.9 470.7
2273.8 259.1 718.9 462.3 299.6 545.6 713.8 349.1 520.6 604.4 560.6 299.6 231.8 688.2 149.5 571.8 203.9 205.3 561.7 478.7 419.7 191.1 487.7 514.1 139.2 696.6 596.4 337.6 442.3 565.6 242.6 510.4 347.6 387.5 177.6 561.6 502.3 554.4 0.0 360.6 484.7 269.4 551.3 530.3 247.2 227.7 218.1 575.4 295.9 306.9 208.4 735.3 155.6 487.2 118.6 246.6 266.0 253.7 705.9 254.9 293.7 501.1 594.5 295.5 557.0 234.2 583.2 185.5 554.6 526.9 320.5 16.8 606.4 385.6 163.4 343.3 211.9 574.0 364.7 240.8 158.7 560.9 391.0 519.0 575.8 392.3 45.4 179.3 234.6 164.2 258.7 563.3 389.1 137.8 236.7 210.1 566.6 366.9 676.0 135.5 513.2 499.4 292.0 177.1 504.3 250.6 291.8 58.5 411.2 122.7 418.7 422.0 206.8
2132.5 302.2 622.4 319.0 176.4 402.3 617.3 223.8 355.7 461.1 417.7 174.3 274.9 593.3 192.6 428.9 215.4 248.4 418.4 342.6 462.8 234.6 344.4 370.8 194.0 599.7 499.5 381.1 345.4 420.7 254.5 367.1 390.7 430.6 189.1 418.3 359.0 411.1 284.5 0.0 341.4 221.0 408.4 387.0 198.4 270.8 261.2 432.1 170.6 181.6 251.5 638.4 198.7 343.9 223.9 121.3 217.2 204.9 609.0 129.6 168.4 357.8 451.2 170.2 413.7 245.7 440.3 228.6 409.8 384.0 109.8 259.9 463.1 428.7 206.5 386.4 241.6 431.1 408.2 192.0 170.2 464.0 434.1 376.1 432.5 435.4 236.9 222.4 277.7 207.7 209.9 420.0 432.2 180.9 111.4 221.6 423.7 410.0 579.1 240.8 369.9 356.1 243.2 220.2 361.0 293.7 165.6 207.0 454.3 228.4 461.8 465.1 249.9
2074.0 479.3 781.5 19.7 379.8 239.9 776.4 429.3 133.9 239.3 195.9 379.8 448.3 752.4 369.7 207.1 394.6 425.5 196.6 70.3 639.9 411.7 72.1 149.0 371.1 758.8 658.6 558.2 504.5 200.5 431.6 145.3 567.8 607.7 366.4 196.5 80.6 189.3 461.6 422.8 0.0 398.1 186.6 108.6 375.5 447.9 438.3 210.3 376.1 387.1 428.6 797.5 375.8 122.1 401.0 326.8 400.8 382.0 768.1 335.1 373.9 136.0 229.4 375.7 191.9 422.8 218.5 405.7 195.0 162.2 382.7 437.0 241.3 605.8 383.6 563.5 432.1 209.3 585.3 369.1 347.3 623.1 611.2 154.3 210.7 612.5 414.0 399.5 454.8 384.8 387.0 198.2 609.3 358.0 316.9 398.7 201.9 587.1 738.2 417.9 161.6 134.3 420.3 397.3 88.7 470.8 371.1 384.1 631.4 405.5 638.9 642.2 427.0
2228.1 263.7 657.1 400.1 237.4 483.4 652.0 286.9 458.4 542.2 498.8 237.4 232.7 626.0 154.1 510.0 176.9 209.9 499.5 416.5 424.3 196.1 425.5 451.9 152.2 634.4 534.2 342.6 380.1 501.8 216.0 448.2 352.2 392.1 150.6 499.4 440.1 492.2 246.6 298.4 422.5 0.0 489.5 468.1 89.4 232.3 222.7 513.2 233.7 244.7 213.0 673.1 160.2 425.0 185.4 184.4 114.7 75.9 643.7 192.7 231.5 438.9 532.3 233.3 494.8 207.2 521.4 190.1 490.9 465.1 258.3 221.4 544.2 390.2 168.0 347.9 216.5 512.2 369.7 63.0 131.7 498.7 395.6 457.2 513.6 396.9 198.4 184.7 239.2 169.2 7.7 501.1 393.7 142.4 174.5 182.5 504.8 371.5 613.8 202.3 451.0 437.2 65.4 181.7 442.1 255.2 228.7 182.2 415.8 189.9 423.3 426.6 211.4
2037.1 557.4 859.6 195.3 457.9 232.2 854.5 507.4 177.7 230.8 111.0 457.9 530.1 828.5 447.8 172.9 470.6 503.6 148.1 218.9 718.0 489.8 220.7 44.2 449.2 836.9 736.7 636.3 582.6 120.2 509.7 46.8 645.9 685.8 444.5 162.3 235.3 155.1 539.7 500.9 217.7 476.2 0.0 263.3 453.6 526.0 516.4 176.1 454.2 465.2 506.7 875.6 453.9 144.3 479.1 404.9 472.4 460.1 846.2 413.2 452.0 58.9 89.7 453.8 111.6 500.9 148.0 483.8 163.3 128.0 460.8 515.1 161.0 683.9 461.7 641.6 496.8 129.0 663.4 447.2 425.4 701.2 689.3 74.0 100.4 690.6 492.1 477.6 532.9 462.9 465.1 164.0 690.3 436.1 395.0 476.8 121.6 665.2 816.3 496.0 124.7 100.1 498.4 475.4 237.3 548.9 449.2 475.9 709.5 483.6 717.0 720.3 505.1
2105.5 510.8 813.0 52.1 413.4 271.4 807.9 460.8 165.4 270.8 227.4 411.3 479.8 783.9 401.2 238.6 424.0 457.0 228.1 101.8 671.4 443.2 103.6 180.5 402.6 790.3 690.1 589.7 536.0 230.4 463.1 176.8 599.3 639.2 405.6 230.6 15.9 220.1 493.7 454.3 74.5 429.6 218.1 0.0 407.0 479.4 469.8 241.8 407.6 440.6 460.1 836.8 407.3 153.6 432.5 358.3 432.3 413.5 799.6 366.6 422.2 167.5 260.9 407.2 223.4 454.3 250.0 437.2 231.7 193.7 405.2 473.0 272.8 637.3 415.1 595.0 450.2 240.8 616.8 400.6 378.8 654.6 642.7 185.8 242.2 644.0 445.5 414.8 486.3 416.3 418.5 229.7 643.7 389.5 348.4 429.6 233.4 618.6 769.7 449.4 193.1 165.8 429.5 428.8 122.8 502.3 402.6 424.0 662.9 437.0 670.4 673.7 458.5
2206.2 241.8 635.2 378.2 217.6 461.5 630.1 265.0 414.9 520.3 476.9 215.5 210.8 606.1 132.2 488.1 155.0 188.0 477.6 401.8 402.4 174.2 403.6 430.0 133.6 612.5 512.3 320.7 358.2 479.9 194.1 426.3 330.3 370.2 136.6 480.1 418.2 469.6 224.7 276.5 400.6 70.1 467.6 446.2 0.0 210.4 200.8 491.3 211.8 244.8 191.1 659.0 138.3 403.1 163.5 162.5 25.3 36.0 621.8 170.8 226.4 417.0 510.4 211.4 472.9 185.3 499.5 168.2 469.0 443.2 227.4 204.0 522.3 368.3 146.1 326.0 181.2 490.3 347.8 23.1 109.8 476.8 373.7 435.3 491.7 375.0 176.5 145.8 217.3 147.3 59.0 479.2 374.7 120.5 152.6 160.6 482.9 349.6 591.9 180.4 429.1 415.3 70.0 159.8 422.8 233.3 206.8 155.0 393.9 168.0 401.4 404.7 189.5
2149.4 31.3 678.3 421.3 260.7 504.6 673.2 308.1 458.0 563.4 520.0 258.6 68.8 649.2 73.8 531.2 162.9 22.6 520.7 444.9 295.3 83.5 446.7 473.1 133.2 655.6 555.4 213.6 401.3 523.0 202.0 469.4 223.2 263.1 144.5 523.2 461.3 512.7 224.3 319.6 443.7 228.8 510.7 489.3 206.2 0.0 42.9 534.4 254.9 287.9 42.2 702.1 67.2 446.2 163.1 205.6 231.5 212.7 664.9 213.9 269.5 460.1 553.5 254.5 516.0 193.2 542.6 61.1 512.1 486.3 270.5 203.6 565.4 261.2 111.1 218.9 50.6 533.4 240.7 199.8 117.7 519.9 266.6 478.4 534.8 267.9 176.1 106.3 6.8 59.3 217.7 522.3 267.6 85.6 195.7 168.5 526.0 242.5 635.0 180.0 472.2 458.4 228.7 71.5 465.9 31.3 249.9 154.6 286.8 167.6 294.3 297.6 54.1
2139.4 85.4 668.3 411.3 250.7 494.6 663.2 298.1 448.0 553.4 510.0 248.6 46.1 639.2 63.8 521.2 152.9 31.6 510.7 434.9 285.3 73.5 436.7 463.1 123.2 645.6 545.4 203.6 391.3 513.0 192.0 459.4 213.2 253.1 134.5 513.2 451.3 502.7 214.3 309.6 433.7 218.8 500.7 479.3 196.2 54.0 0.0 524.4 244.9 277.9 44.4 692.1 57.2 436.2 153.1 195.6 221.5 202.7 654.9 203.9 259.5 450.1 543.5 244.5 506.0 183.2 532.6 51.1 502.1 476.3 260.5 193.6 555.4 251.2 101.1 208.9 34.5 523.4 230.7 189.8 107.7 509.9 256.6 468.4 524.8 257.9 166.1 96.3 70.8 49.3 207.7 512.3 257.6 75.6 185.7 158.5 516.0 232.5 625.0 170.0 462.2 448.4 218.7 53.4 455.9 86.6 239.9 144.6 276.8 157.6 284.3 287.6 11.1
2049.1 521.3 823.5 159.2 423.9 244.2 818.4 471.3 120.0 242.8 145.6 421.8 490.3 794.4 411.7 62.4 434.5 467.5 78.3 182.8 681.9 453.7 184.6 98.7 413.1 800.8 700.6 600.2 546.5 111.5 473.6 95.0 609.8 649.7 416.1 9.0 199.2 70.3 504.2 464.8 181.6 440.1 136.3 227.2 417.5 489.9 480.3 0.0 418.1 451.1 470.6 847.3 417.8 108.2 443.0 368.8 442.8 424.0 810.1 377.1 432.7 85.7 179.1 417.7 104.5 464.8 100.2 447.7 175.3 43.9 415.7 483.5 135.9 647.8 425.6 605.5 460.7 121.9 627.3 411.1 389.3 665.1 653.2 96.6 160.4 654.5 456.0 425.3 496.8 426.8 429.0 53.5 654.2 400.0 358.9 440.1 96.5 629.1 780.2 459.9 136.7 52.1 440.0 439.3 203.8 512.8 413.1 434.5 673.4 447.5 680.9 684.2 469.0
2152.4 304.1 624.3 338.9 107.3 422.2 619.2 53.1 375.6 481.0 437.6 27.5 273.1 595.2 194.5 448.8 217.3 250.3 438.3 362.5 464.7 236.5 364.3 390.7 195.9 601.6 501.4 383.0 347.3 440.6 256.4 387.0 392.6 432.5 198.9 440.8 378.9 430.3 287.0 265.6 361.3 222.9 428.3 406.9 200.3 272.7 263.1 452.0 0.0 134.5 253.4 648.1 200.6 363.8 225.8 51.9 225.6 206.8 610.9 43.0 104.2 377.7 471.1 41.8 433.6 247.6 460.2 230.5 429.7 403.9 216.5 266.3 483.0 430.6 208.4 388.3 243.5 451.0 410.1 193.9 172.1 465.9 436.0 396.0 452.4 437.3 238.8 208.1 279.6 209.6 211.8 439.9 437.0 182.8 53.5 222.9 443.6 411.9 581.0 242.7 389.8 376.0 222.8 222.1 383.5 295.6 16.9 217.3 456.2 230.3 463.7 467.0 251.8
2172.9 324.6 644.8 359.4 4.6 442.7 639.7 136.8 417.7 501.5 458.1 105.8 297.3 613.7 215.0 469.3 237.8 270.8 458.8 375.8 485.2 257.0 384.8 411.2 216.4 622.1 521.9 403.5 367.8 462.7 276.9 407.5 413.1 453.0 211.7 458.7 399.4 451.5 306.9 286.1 381.8 243.4 448.8 427.4 220.8 293.2 283.6 472.5 102.1 0.0 273.9 660.8 221.1 384.3 246.3 70.8 239.6 227.3 631.4 50.7 81.7 398.2 491.6 101.7 454.1 268.1 480.7 251.0 450.2 424.4 246.0 282.3 503.5 451.1 228.9 408.8 264.0 471.5 430.6 214.4 192.6 486.4 456.5 416.5 472.9 457.8 259.3 228.6 300.1 230.1 232.3 460.4 457.5 203.3 74.0 244.0 464.1 432.4 601.5 263.2 410.3 396.5 265.6 242.6 401.4 316.1 72.3 229.4 476.7 250.8 484.2 487.5 272.3
2182.7 71.7 653.0 396.0 233.3 479.3 647.9 282.8 454.3 538.1 494.7 233.3 43.6 621.9 48.5 505.9 137.6 55.9 495.4 419.6 328.6 111.0 421.4 447.8 104.6 630.3 530.1 246.9 376.0 497.7 176.7 444.1 256.5 296.4 111.3 497.9 436.0 488.1 198.4 294.3 418.4 203.5 485.4 464.0 180.9 33.2 49.9 509.1 229.6 240.6 0.0 669.0 37.7 420.9 137.8 180.3 206.2 187.4 639.6 188.6 227.4 434.8 528.2 229.2 490.7 167.9 517.3 94.4 488.3 461.0 254.2 173.8 540.1 294.5 91.9 252.2 8.4 508.1 274.0 174.5 92.4 494.6 299.9 453.1 509.5 301.2 150.8 96.3 26.3 60.7 192.4 497.0 298.0 60.3 170.4 143.8 500.7 275.8 609.7 154.7 446.9 433.1 225.7 29.2 440.6 42.1 224.6 120.9 320.1 142.3 327.6 330.9 38.6
2430.3 707.2 116.8 771.2 626.5 854.5 141.5 676.0 807.9 913.3 869.9 626.5 724.2 85.7 644.8 881.1 672.9 653.4 870.6 794.8 772.5 638.2 796.6 823.0 642.9 94.1 174.1 690.8 498.1 872.9 706.7 819.3 700.4 740.3 641.5 873.1 811.2 863.3 736.7 452.1 793.6 673.2 860.6 839.2 650.6 675.8 674.7 884.3 622.8 633.8 704.5 0.0 650.9 796.1 676.1 573.5 675.9 657.1 133.2 581.8 620.6 810.0 903.4 622.4 865.9 697.9 892.5 618.3 862.0 836.2 562.0 712.1 915.3 738.4 658.7 696.1 708.0 883.3 717.9 644.2 622.4 188.1 743.8 828.3 884.7 745.1 689.1 649.1 682.7 654.0 662.1 872.2 744.8 633.1 563.6 673.2 875.9 719.7 58.0 693.0 822.1 808.3 673.1 673.2 813.2 707.2 617.8 672.9 764.0 680.6 771.5 774.8 685.9
2117.0 102.3 609.9 352.9 192.3 436.2 604.8 239.7 389.6 495.0 451.6 190.2 57.2 580.8 5.5 462.8 96.6 48.5 452.3 376.5 262.9 51.1 378.3 404.7 64.8 587.2 487.0 181.2 332.9 454.6 133.6 401.0 190.8 230.7 76.1 454.8 392.9 444.3 155.9 251.2 375.3 160.4 442.3 420.9 137.8 70.8 47.2 466.0 186.5 219.5 37.5 633.7 0.0 377.8 94.7 137.2 163.1 144.3 596.5 145.5 201.1 391.7 485.1 186.1 447.6 124.8 474.2 28.7 443.7 417.9 202.1 135.2 497.0 228.8 48.8 186.5 27.6 465.0 208.3 131.4 49.3 451.5 234.2 410.0 466.4 235.5 107.7 37.9 63.9 7.8 149.3 453.9 235.2 17.2 127.3 100.1 457.6 210.1 566.6 111.6 403.8 390.0 160.3 6.2 397.5 79.7 181.5 86.2 254.4 99.2 261.9 265.2 35.9
2034.7 450.5 752.7 88.4 353.1 211.1 747.6 400.5 11.7 228.4 131.2 351.0 419.5 723.6 340.9 142.4 363.7 396.7 131.9 112.0 611.1 382.9 113.8 84.3 342.3 730.0 629.8 529.4 475.7 134.2 402.8 80.6 539.0 578.9 345.3 134.4 128.4 123.9 433.4 394.0 110.8 369.3 121.9 156.4 346.7 419.1 409.5 145.6 347.3 380.3 399.8 776.5 347.0 0.0 372.2 298.0 372.0 353.2 739.3 306.3 361.9 71.3 164.7 346.9 127.2 394.0 153.8 376.9 160.9 97.5 344.9 412.7 176.6 577.0 354.8 534.7 389.9 144.6 556.5 340.3 318.5 594.3 582.4 89.6 146.0 583.7 385.2 354.5 426.0 356.0 358.2 133.5 583.4 329.2 288.1 369.3 137.2 558.3 709.4 389.1 122.3 69.6 369.2 368.5 133.0 442.0 342.3 363.7 602.6 376.7 610.1 613.4 398.2
2222.2 207.5 667.7 410.7 250.1 494.0 662.6 297.5 447.4 552.8 509.4 248.0 176.5 638.6 97.9 520.6 152.3 153.7 510.1 434.3 368.1 139.9 436.1 462.5 90.9 645.0 544.8 286.4 390.7 512.4 191.4 458.8 296.0 335.9 133.9 512.6 450.7 502.1 148.2 309.0 433.1 218.2 500.1 478.7 195.6 176.1 166.5 523.8 244.3 277.3 156.8 691.5 104.0 435.6 0.0 195.0 220.9 202.1 654.3 203.3 258.9 449.5 542.9 243.9 505.4 182.6 532.0 133.9 501.5 475.7 259.9 127.5 554.8 334.0 111.8 291.7 146.9 522.8 313.5 189.2 107.1 509.3 339.4 467.8 524.2 340.7 100.0 111.5 183.0 113.0 207.1 511.7 340.4 86.2 185.1 157.9 515.4 315.3 624.4 16.8 461.6 447.8 218.1 125.5 455.3 199.0 239.3 78.5 359.6 4.4 367.1 370.4 155.2
2113.2 264.9 585.1 299.7 55.0 383.0 580.0 95.8 336.4 441.8 398.4 46.3 233.9 556.0 155.3 409.6 178.1 211.1 399.1 323.3 425.5 197.3 325.1 351.5 156.7 562.4 462.2 343.8 308.1 401.4 217.2 347.8 353.4 393.3 159.7 401.6 339.7 391.1 247.8 226.4 322.1 183.7 389.1 367.7 161.1 233.5 223.9 412.8 42.6 82.2 214.2 608.9 161.4 324.6 186.6 0.0 186.4 167.6 571.7 8.2 63.8 338.5 431.9 42.2 394.4 208.4 421.0 191.3 390.5 364.7 177.3 227.1 443.8 391.4 169.2 349.1 204.3 411.8 370.9 154.7 132.9 426.7 396.8 356.8 413.2 398.1 199.6 168.9 240.4 170.4 172.6 400.7 397.8 143.6 14.3 183.7 404.4 372.7 541.8 203.5 350.6 336.8 183.6 182.9 344.3 256.4 44.2 178.1 417.0 191.1 424.5 427.8 212.6
2221.6 257.2 650.6 393.6 230.9 472.9 641.5 280.4 451.9 535.7 488.3 230.9 229.9 619.5 143.6 499.5 166.4 203.4 493.0 410.0 417.8 185.6 419.0 445.4 145.7 627.9 527.7 336.1 373.6 496.9 205.5 441.7 345.7 385.6 144.1 492.9 433.6 485.7 239.5 291.9 416.0 81.5 483.0 461.6 15.4 225.8 216.2 506.7 227.2 234.2 202.5 662.6 153.7 418.5 178.9 177.9 0.0 51.4 633.2 186.2 225.0 432.4 525.8 226.8 488.3 200.7 514.9 183.6 485.9 458.6 251.8 210.9 537.7 383.7 161.5 341.4 210.0 505.7 363.2 34.5 125.2 492.2 389.1 450.7 507.1 390.4 187.9 177.4 232.7 162.7 74.4 494.6 387.2 131.9 168.0 176.6 498.3 365.0 607.3 195.8 444.5 426.7 107.7 175.2 435.6 248.7 223.1 162.0 409.3 179.4 416.8 420.1 204.9
2202.0 237.6 631.0 374.0 213.4 457.3 625.9 260.8 410.7 516.1 472.7 211.3 206.6 601.9 128.0 483.9 150.8 183.8 473.4 397.6 398.2 170.0 399.4 425.8 129.4 608.3 508.1 316.5 354.0 475.7 189.9 422.1 326.1 366.0 132.4 475.9 414.0 465.4 220.5 272.3 396.4 85.9 463.4 442.0 45.3 206.2 196.6 487.1 207.6 240.6 186.9 654.8 134.1 398.9 159.3 158.3 70.6 0.0 617.6 166.6 222.2 412.8 506.2 207.2 468.7 181.1 495.3 164.0 464.8 439.0 223.2 199.8 518.1 364.1 141.9 321.8 177.0 486.1 343.6 12.8 105.6 472.6 369.5 431.1 487.5 370.8 172.3 141.6 213.1 143.1 74.8 475.0 370.5 116.3 148.4 156.4 478.7 345.4 587.7 176.2 424.9 411.1 85.8 155.6 418.6 229.1 202.6 150.8 389.7 163.8 397.2 400.5 185.3
2378.3 655.2 114.6 719.2 576.6 802.5 8.3 624.0 777.5 861.3 817.9 574.5 672.2 83.5 592.8 829.1 615.6 601.4 818.6 742.8 720.5 586.2 744.6 771.0 594.2 91.9 122.1 638.8 446.1 820.9 654.7 767.3 648.4 688.3 589.3 818.5 759.2 811.3 684.7 400.1 741.6 621.2 808.6 787.2 598.6 623.8 622.7 832.3 570.8 581.8 652.5 155.9 598.9 744.1 624.1 521.5 617.4 605.1 0.0 529.8 568.6 758.0 851.4 570.4 813.9 645.9 840.5 566.3 810.0 784.2 510.0 660.1 863.3 686.4 606.7 644.1 656.0 831.3 665.9 592.2 570.4 136.1 691.8 776.3 832.7 693.1 637.1 597.9 630.7 602.0 610.1 820.2 689.9 581.1 511.6 621.8 823.9 667.7 71.3 641.0 770.1 756.3 643.4 621.2 761.2 655.2 565.8 620.9 712.0 628.6 719.5 722.8 633.9
2122.1 273.8 594.0 308.6 44.6 391.9 588.9 104.7 366.9 450.7 407.3 55.2 242.8 562.9 164.2 418.5 187.0 220.0 408.0 332.2 434.4 206.2 334.0 360.4 162.3 571.3 471.1 352.7 317.0 410.3 226.1 356.7 362.3 402.2 168.6 410.5 348.6 400.7 256.7 235.3 331.0 192.6 398.0 376.6 170.0 242.4 232.8 421.7 51.5 51.9 223.1 610.0 170.3 333.5 195.5 8.8 195.3 176.5 580.6 0.0 69.3 347.4 440.8 51.1 403.3 217.3 429.9 200.2 400.9 373.6 195.2 231.5 452.7 400.3 178.1 358.0 226.6 420.7 379.8 163.6 141.8 435.6 405.7 365.7 422.1 407.0 208.5 177.8 249.3 179.3 181.5 409.6 403.8 152.5 23.2 192.6 413.3 381.6 550.7 212.4 359.5 345.7 192.5 191.8 353.2 265.3 35.9 192.3 425.9 200.0 433.4 436.7 221.5
2165.7 317.4 637.6 352.2 60.3 435.5 632.5 130.3 388.9 494.3 450.9 80.8 290.1 608.5 207.8 462.1 234.1 263.6 451.6 368.6 478.0 249.8 377.6 404.0 205.9 614.9 514.7 396.3 360.6 453.9 269.7 400.3 405.9 445.8 204.5 451.5 392.2 444.3 299.7 278.9 374.6 236.2 441.6 420.2 213.6 286.0 276.4 465.3 77.1 67.6 266.7 653.6 213.9 377.1 239.1 45.8 232.4 220.1 624.2 54.1 0.0 391.0 484.4 76.7 446.9 260.9 473.5 243.8 437.8 417.2 238.8 275.1 496.3 443.9 221.7 401.6 256.8 464.3 423.4 207.2 185.4 479.2 449.3 409.3 465.7 450.6 252.1 221.4 292.9 222.9 225.1 453.2 450.3 196.1 66.8 236.2 456.9 425.2 594.3 256.0 403.1 389.3 258.4 235.4 394.2 308.9 93.2 222.2 469.5 243.6 477.0 480.3 265.1
1978.1 498.4 800.6 136.3 401.0 173.2 795.5 448.4 97.1 171.8 74.6 398.9 467.4 771.5 388.8 113.9 411.6 444.6 89.1 159.9 659.0 430.8 161.7 12.9 390.2 777.9 677.7 577.3 523.6 59.6 450.7 9.2 586.9 626.8 393.2 105.9 176.3 95.4 481.3 441.9 158.7 417.2 50.5 204.3 394.6 467.0 457.4 117.1 395.2 428.2 447.7 824.4 394.9 85.3 420.1 345.9 419.9 401.1 787.2 354.2 409.8 0.0 100.1 394.8 52.6 441.9 89.0 424.8 104.3 69.0 392.8 460.6 102.0 624.9 402.7 582.6 437.8 70.0 604.4 388.2 366.4 642.2 630.3 15.0 89.4 631.6 433.1 402.4 473.9 403.9 406.1 105.0 631.3 377.1 336.0 417.2 62.6 606.2 757.3 437.0 65.7 41.1 417.1 416.4 180.9 489.9 390.2 411.6 650.5 424.6 658.0 661.3 446.1
2070.0 590.3 892.5 228.2 492.9 265.1 887.4 540.3 189.0 263.7 136.7 490.8 559.3 863.4 480.7 205.8 503.5 536.5 181.0 251.8 750.9 522.7 253.6 77.1 482.1 869.8 769.6 669.2 615.5 151.5 542.6 79.7 678.8 718.7 485.1 197.8 268.2 187.3 573.2 533.8 250.6 509.1 103.0 296.2 486.5 558.9 549.3 209.0 487.1 520.1 539.6 916.3 486.8 177.2 512.0 437.8 511.8 493.0 879.1 446.1 501.7 91.8 0.0 486.7 144.5 533.8 180.9 516.7 196.2 160.9 484.7 552.5 193.9 716.8 494.6 674.5 529.7 161.9 696.3 480.1 458.3 734.1 722.2 106.9 126.1 723.5 525.0 494.3 565.8 495.8 498.0 196.9 723.2 469.0 427.9 509.1 154.5 698.1 849.2 528.9 157.6 133.0 509.0 508.3 272.8 581.8 482.1 503.5 742.4 516.5 749.9 753.2 538.0
2144.9 296.6 616.8 331.4 99.8 414.7 611.7 107.9 368.1 473.5 430.1 58.4 265.6 587.7 187.0 441.3 209.8 242.8 430.8 355.0 457.2 229.0 356.8 383.2 188.4 594.1 493.9 375.5 339.8 433.1 248.9 379.5 385.1 425.0 191.4 433.3 371.4 422.8 279.5 258.1 353.8 215.4 420.8 399.4 192.8 265.2 255.6 444.5 54.7 127.0 245.9 640.6 193.1 356.3 218.3 45.0 218.1 199.3 603.4 53.3 108.9 370.2 463.6 0.0 426.1 240.1 452.7 223.0 422.2 396.4 209.0 258.8 475.5 423.1 200.9 380.8 236.0 443.5 402.6 186.4 164.6 458.4 428.5 388.5 444.9 429.8 231.3 200.6 272.1 202.1 204.3 432.4 429.5 175.3 46.0 215.4 436.1 404.4 573.5 235.2 382.3 368.5 215.3 214.6 376.0 288.1 65.9 209.8 448.7 222.8 456.2 459.5 244.3
2045.3 537.2 839.4 175.1 439.8 240.4 834.3 487.2 135.9 239.0 141.8 437.7 506.2 810.3 427.6 102.0 450.4 483.4 50.3 198.7 697.8 469.6 200.5 76.9 429.0 816.7 716.5 616.1 562.4 7.0 489.5 73.2 625.7 665.6 432.0 94.0 215.1 66.7 520.1 480.7 197.5 456.0 114.5 243.1 433.4 505.8 496.2 105.2 434.0 467.0 486.5 863.2 433.7 124.1 458.9 384.7 458.7 439.9 826.0 393.0 448.6 63.9 164.1 433.6 0.0 480.7 50.2 463.6 171.5 47.4 431.6 499.4 83.2 663.7 441.5 621.4 476.6 17.4 643.2 427.0 405.2 681.0 669.1 46.9 156.6 670.4 471.9 441.2 512.7 442.7 444.9 93.1 670.1 415.9 374.8 456.0 43.8 645.0 796.1 475.8 132.9 68.0 455.9 455.2 219.7 528.7 429.0 450.4 689.3 463.4 696.8 700.1 484.9
2220.2 246.1 649.2 392.2 231.6 475.5 644.1 279.0 428.9 534.3 490.9 229.5 215.1 620.1 136.5 502.1 20.8 192.3 491.6 415.8 406.7 178.5 417.6 444.0 137.9 626.5 526.3 325.0 372.2 493.9 130.5 440.3 334.6 374.5 42.7 494.1 432.2 483.6 229.0 290.5 414.6 199.7 481.6 460.2 177.1 214.7 205.1 505.3 225.8 258.8 195.4 673.0 142.6 417.1 167.8 176.5 202.4 183.6 635.8 184.8 240.4 431.0 524.4 225.4 486.9 0.0 513.5 172.5 483.0 457.2 241.4 208.3 536.3 372.6 150.4 330.3 185.5 504.3 352.1 170.7 69.5 490.8 378.0 449.3 505.7 379.3 180.8 150.1 221.6 151.6 188.6 493.2 379.0 124.8 166.6 97.0 496.9 353.9 605.9 184.7 443.1 429.3 199.6 164.1 436.8 237.6 220.8 159.3 398.2 172.3 405.7 409.0 193.8
2077.1 549.3 851.5 187.2 449.8 272.2 846.4 499.3 169.6 270.8 173.6 449.8 522.0 820.4 439.7 96.8 462.5 495.5 45.1 210.8 709.9 481.7 212.6 112.4 441.1 828.8 728.6 628.2 574.5 76.3 501.6 108.7 637.8 677.7 436.4 88.8 227.2 62.2 531.6 492.8 209.6 468.1 150.0 255.2 445.5 517.9 508.3 100.0 446.1 457.1 498.6 867.5 445.8 136.2 471.0 396.8 464.3 452.0 838.1 405.1 443.9 99.4 199.6 445.7 69.3 492.8 0.0 475.7 203.3 42.2 452.7 507.0 100.7 675.8 453.6 633.5 488.7 86.7 655.3 439.1 417.3 693.1 681.2 82.4 188.4 682.5 484.0 469.5 524.8 454.8 457.0 87.9 682.2 428.0 386.9 468.7 61.3 657.1 808.2 487.9 164.7 80.1 490.3 467.3 229.2 540.8 441.1 467.8 701.4 475.5 708.9 712.2 497.0
2088.2 88.8 654.6 397.6 237.0 480.9 649.5 284.4 434.3 539.7 496.3 234.9 105.8 625.5 50.1 507.5 139.2 35.0 497.0 421.2 234.1 22.3 423.0 449.4 109.5 631.9 531.7 152.4 377.6 499.3 178.3 445.7 162.0 201.9 120.8 499.5 437.6 489.0 200.6 295.9 420.0 205.1 487.0 465.6 182.5 57.4 56.3 510.7 231.2 264.2 86.1 678.4 43.5 422.5 139.4 181.9 207.8 189.0 641.2 190.2 245.8 436.4 529.8 230.8 492.3 169.5 518.9 0.0 488.4 462.6 246.8 179.9 541.7 200.0 49.9 157.7 76.2 509.7 179.5 176.1 94.0 496.2 205.4 454.7 511.1 206.7 152.4 63.3 64.3 35.6 194.0 498.6 206.4 61.9 172.0 144.8 502.3 181.3 611.3 156.3 448.5 434.7 205.0 54.8 442.2 88.8 226.2 130.9 225.6 143.9 233.1 236.4 67.5
1965.3 534.7 836.9 172.6 435.2 160.4 842.1 484.7 154.2 184.4 128.0 435.2 507.4 805.8 419.9 171.0 442.7 480.9 165.7 189.0 695.3 477.4 198.0 110.0 423.2 814.2 714.0 608.4 559.9 141.5 481.8 106.3 623.2 657.9 421.6 165.6 212.6 168.7 517.0 488.5 195.0 448.3 147.6 240.6 430.9 503.3 493.7 179.4 431.5 452.8 495.5 864.4 431.2 147.6 456.4 382.2 449.7 437.4 833.8 400.8 424.1 97.0 166.7 431.1 132.9 478.2 169.3 461.1 0.0 142.8 448.4 487.2 182.3 661.2 439.0 618.9 487.5 160.6 640.7 424.5 402.7 678.5 666.6 105.6 148.0 667.9 464.2 454.9 510.2 440.2 453.9 167.3 664.7 408.2 372.3 454.1 137.7 642.5 793.6 473.3 52.9 98.2 475.7 452.7 214.6 526.2 427.4 448.0 686.8 472.4 694.3 697.6 482.4
2034.8 507.0 809.2 144.9 409.6 229.9 804.1 457.0 105.7 228.5 131.3 407.5 476.0 778.1 397.4 54.5 420.2 453.2 34.3 168.5 667.6 439.4 170.3 84.4 395.5 786.5 686.3 585.9 532.2 67.5 459.3 80.7 595.5 635.4 401.8 43.9 184.9 19.9 489.9 450.5 167.3 425.8 122.0 212.9 403.2 475.6 466.0 57.7 403.8 414.8 456.3 825.2 403.5 93.9 428.7 354.5 428.5 409.7 795.8 362.8 401.6 71.4 164.8 403.4 60.5 450.5 56.2 433.4 161.0 0.0 410.4 464.7 91.9 633.5 411.3 591.2 459.8 77.9 613.0 396.8 375.0 650.8 638.9 73.6 146.1 640.2 441.7 411.0 482.5 412.5 414.7 45.6 637.0 385.7 344.6 425.8 52.5 614.8 765.9 445.6 122.4 37.8 448.0 425.0 186.9 498.5 398.8 425.5 659.1 433.2 666.6 669.9 454.7
2135.6 313.9 564.6 330.7 186.0 414.0 559.5 235.5 389.0 472.8 429.4 186.0 282.9 533.5 204.3 440.6 227.1 260.1 430.1 347.1 474.5 246.3 356.1 382.5 202.4 541.9 441.7 392.8 287.6 434.0 266.2 378.8 402.4 442.3 200.8 432.6 370.7 422.8 296.8 205.9 353.1 232.7 420.1 398.7 210.1 282.5 272.9 443.8 182.3 193.3 263.2 580.6 210.4 355.6 235.6 133.0 228.9 216.6 551.2 141.3 180.1 369.5 462.9 181.9 425.4 257.4 452.0 240.3 416.3 395.7 0.0 271.6 474.8 440.4 218.2 398.1 253.3 442.8 419.9 203.7 181.9 406.2 445.8 387.8 444.2 447.1 248.6 234.9 289.4 219.4 221.6 431.7 443.9 192.6 123.1 232.7 435.4 421.7 521.3 252.5 381.6 367.8 232.6 231.9 372.7 305.4 178.2 232.4 466.0 240.1 473.5 476.8 261.6
2256.6 241.9 702.1 445.1 282.4 528.4 697.0 331.9 481.8 587.2 543.8 282.4 210.9 673.0 132.3 555.0 186.7 188.1 544.5 468.7 402.5 174.3 470.5 496.9 125.3 679.4 579.2 320.8 425.1 546.8 225.8 493.2 330.4 370.3 160.6 544.4 485.1 537.2 24.5 343.4 467.5 252.6 534.5 513.1 230.0 210.5 200.9 558.2 278.7 289.7 191.2 718.1 138.4 470.0 101.4 229.4 248.8 236.5 688.7 237.7 276.5 483.9 577.3 278.3 539.8 217.0 566.4 168.3 556.1 510.1 303.3 0.0 589.2 368.4 146.2 326.1 194.7 557.2 347.9 223.6 141.5 543.7 373.8 502.2 558.6 375.1 28.6 162.9 217.4 147.4 241.5 546.1 371.9 120.6 219.5 192.3 549.8 349.7 658.8 118.3 496.0 482.2 274.8 159.9 489.7 233.4 273.7 41.7 394.0 105.9 401.5 404.8 189.6
2092.8 584.0 886.2 221.9 486.6 287.9 881.1 534.0 182.7 286.5 189.3 484.5 553.0 857.1 474.4 131.5 497.2 530.2 79.8 245.5 744.6 516.4 247.3 124.4 475.8 863.5 763.3 662.9 609.2 68.3 536.3 120.7 672.5 712.4 478.8 123.5 261.9 96.2 566.9 527.5 244.3 502.8 162.0 289.9 480.2 552.6 543.0 134.7 480.8 513.8 533.3 910.0 480.5 170.9 505.7 431.5 505.5 486.7 872.8 439.8 495.4 111.4 211.6 480.4 61.3 527.5 79.7 510.4 219.0 76.9 478.4 546.2 0.0 710.5 488.3 668.2 523.4 78.7 690.0 473.8 452.0 727.8 715.9 94.4 204.1 717.2 518.7 488.0 559.5 489.5 491.7 122.6 716.9 462.7 421.6 502.8 23.8 691.8 842.9 522.6 180.4 114.8 502.7 502.0 266.5 575.5 475.8 497.2 736.1 510.2 743.6 746.9 531.7
2147.3 269.9 729.1 578.7 418.1 662.0 724.0 465.5 615.4 720.8 677.4 416.0 286.9 700.0 231.2 688.6 320.3 216.1 678.1 602.3 91.9 200.9 604.1 630.5 290.6 706.4 606.2 102.6 452.1 680.4 359.4 626.8 112.2 66.1 301.9 680.6 618.7 670.1 381.7 352.4 601.1 386.2 668.1 646.7 363.6 238.5 237.4 691.8 412.3 445.3 267.2 752.9 224.6 603.6 320.5 363.0 388.9 370.1 715.7 371.3 426.9 617.5 710.9 411.9 673.4 350.6 700.0 181.0 669.5 643.7 427.9 361.0 722.8 0.0 228.5 107.9 257.3 690.8 70.1 357.2 275.1 570.7 63.2 635.8 692.2 6.6 333.5 241.9 245.4 216.7 375.1 679.7 97.0 243.0 353.1 325.9 683.4 131.5 685.8 337.4 629.6 615.8 386.1 235.9 623.3 269.9 407.3 312.0 89.8 325.0 90.9 94.2 248.6
2126.2 143.5 628.9 371.9 211.3 455.2 623.8 258.7 408.6 514.0 470.6 209.2 112.5 599.8 33.9 481.8 113.5 89.7 471.3 395.5 272.1 28.0 397.3 423.7 83.8 606.2 506.0 190.4 351.9 473.6 152.6 420.0 200.0 239.9 95.1 473.8 411.9 463.3 174.9 270.2 394.3 179.4 461.3 439.9 156.8 112.1 102.5 485.0 205.5 238.5 92.8 652.7 40.0 396.8 113.7 156.2 182.1 163.3 615.5 164.5 220.1 410.7 504.1 205.1 466.6 143.8 493.2 69.9 462.7 436.9 221.1 154.2 516.0 238.0 0.0 195.7 82.9 484.0 217.5 150.4 68.3 470.5 243.4 429.0 485.4 244.7 126.7 41.2 119.0 49.0 168.3 472.9 244.4 36.2 146.3 119.1 476.6 219.3 585.6 130.6 422.8 409.0 179.3 61.5 416.5 135.0 200.5 105.2 263.6 118.2 271.1 274.4 91.2
2146.3 268.9 728.1 577.7 417.1 661.0 723.0 464.5 614.4 719.8 676.4 415.0 285.9 699.0 230.2 687.6 321.4 215.1 677.1 601.3 154.9 199.9 603.1 629.5 289.6 705.4 605.2 58.7 451.1 679.4 358.4 625.8 49.2 122.7 300.9 679.6 617.7 669.1 380.7 351.4 600.1 385.2 667.1 645.7 362.6 237.5 236.4 690.8 411.3 444.3 266.2 751.9 223.6 602.6 319.5 362.0 387.9 369.1 714.7 370.3 425.9 616.5 709.9 410.9 672.4 349.6 699.0 180.0 668.5 642.7 426.9 360.0 721.8 120.8 227.5 0.0 256.3 689.8 100.3 356.2 274.1 569.7 126.2 634.8 691.2 127.5 332.5 240.9 244.4 215.7 374.1 678.7 127.2 242.0 352.1 324.9 682.4 29.8 684.8 336.4 628.6 614.8 385.1 234.9 622.3 268.9 406.3 311.0 146.4 324.0 153.9 157.2 247.6
2161.5 81.6 648.6 387.6 224.9 474.9 643.5 274.4 449.9 529.7 486.3 224.9 35.2 613.5 40.1 497.5 129.2 65.8 487.0 404.0 307.4 101.1 413.0 439.4 96.2 621.9 521.7 225.7 367.6 490.9 168.3 435.7 235.3 280.7 102.9 486.9 427.6 479.7 190.0 289.9 410.0 195.1 481.0 455.6 172.5 43.1 41.5 500.7 221.2 232.2 9.9 660.6 29.3 412.5 129.4 171.9 191.3 179.0 635.2 184.2 219.0 426.4 519.8 220.8 482.3 159.5 512.9 73.2 479.9 456.6 249.8 169.4 531.7 273.3 83.5 231.0 0.0 499.7 258.3 170.1 84.0 486.2 278.7 448.7 501.1 280.0 146.4 88.7 36.2 56.3 184.0 488.6 276.8 51.9 162.0 135.4 496.3 254.6 601.3 146.3 438.5 424.7 217.3 20.8 429.6 52.0 217.1 130.2 298.9 137.9 306.4 309.7 30.2
2059.3 551.2 853.4 189.1 451.7 254.4 848.3 501.2 171.5 253.0 155.8 451.7 520.2 824.3 441.6 116.0 464.4 497.4 64.3 212.7 711.8 483.6 214.5 90.9 443.0 830.7 730.5 630.1 576.4 8.3 503.5 87.2 639.7 679.6 438.3 105.4 229.1 81.4 533.5 494.7 211.5 470.0 128.5 257.1 447.4 519.8 510.2 119.2 448.0 459.0 500.5 869.4 447.7 138.1 472.9 398.7 472.7 453.9 840.0 407.0 445.8 77.9 178.1 447.6 13.9 494.7 64.2 477.6 185.5 61.4 454.6 508.9 97.2 677.7 455.5 635.4 504.0 0.0 657.2 441.0 419.2 695.0 683.1 60.9 170.6 684.4 485.9 472.2 526.7 456.7 458.9 107.1 681.2 429.9 388.8 470.6 57.8 659.0 810.1 489.8 146.9 82.0 492.2 469.2 233.7 542.7 443.0 469.7 703.3 477.4 710.8 714.1 498.9
2127.5 250.1 709.3 558.9 398.3 642.2 704.2 445.7 617.2 701.0 657.6 396.2 267.1 680.2 211.4 668.8 302.6 196.3 658.3 582.5 124.9 181.1 584.3 610.7 267.5 686.6 586.4 82.8 432.3 660.6 339.6 607.0 92.4 92.7 274.2 658.2 598.9 651.0 361.9 332.6 581.3 366.4 648.3 626.9 343.8 218.7 217.6 672.0 392.5 403.5 247.4 725.3 204.8 583.8 300.7 343.2 369.1 350.3 695.9 351.5 390.3 597.7 691.1 392.1 653.6 330.8 680.2 161.2 644.5 623.9 417.1 336.7 703.0 90.8 208.7 88.1 250.9 671.0 0.0 337.4 255.3 550.9 96.2 616.0 672.4 97.5 313.7 192.0 225.6 196.9 355.3 659.9 28.5 223.2 333.3 306.1 663.6 111.7 666.0 317.6 609.8 596.0 388.6 216.1 600.9 250.1 387.5 297.5 116.4 305.2 123.9 127.2 228.8
2189.1 224.7 618.1 361.1 200.5 444.4 613.0 247.9 419.4 503.2 459.8 198.4 193.7 587.0 115.1 471.0 137.9 170.9 460.5 384.7 385.3 157.1 386.5 412.9 113.2 595.4 495.2 303.6 341.1 464.4 177.0 409.2 313.2 353.1 111.6 460.4 401.1 453.2 207.0 259.4 383.5 73.0 450.5 429.1 32.4 193.3 183.7 474.2 194.7 205.7 174.0 634.1 121.2 386.0 146.4 145.4 57.7 12.8 604.7 153.7 192.5 399.9 493.3 194.3 455.8 168.2 482.4 151.1 472.1 426.1 219.3 182.4 505.2 351.2 129.0 308.9 177.5 473.2 330.7 0.0 92.7 459.7 356.6 418.2 474.6 357.9 159.4 128.7 200.2 130.2 61.9 462.1 354.7 103.4 135.5 144.1 465.8 332.5 574.8 163.3 412.0 398.2 72.9 142.7 403.1 216.2 189.7 129.5 376.8 150.9 384.3 387.6 172.4
2150.6 176.5 579.6 322.6 162.0 405.9 574.5 209.4 359.3 464.7 421.3 159.9 145.5 550.5 66.9 432.5 45.1 122.7 422.0 346.2 337.1 108.9 348.0 374.4 68.3 556.9 456.7 255.4 302.6 424.3 84.2 370.7 265.0 304.9 26.7 424.5 362.6 414.0 159.4 220.9 345.0 130.1 412.0 390.6 107.5 145.1 135.5 435.7 156.2 189.2 125.8 603.4 73.0 347.5 98.2 106.9 132.8 114.0 566.2 115.2 170.8 361.4 454.8 155.8 417.3 75.4 443.9 102.9 413.4 387.6 171.8 138.7 466.7 303.0 80.8 260.7 115.9 434.7 282.5 101.1 0.0 421.2 308.4 379.7 436.1 309.7 111.2 80.5 152.0 82.0 119.0 423.6 309.4 55.2 97.0 50.7 427.3 284.3 536.3 115.1 373.5 359.7 130.0 94.5 367.2 168.0 151.2 89.7 328.6 102.7 336.1 339.4 124.2
2281.4 558.3 158.3 622.3 479.7 705.6 153.2 527.1 659.0 764.4 721.0 477.6 575.3 129.2 495.9 732.2 518.7 504.5 721.7 645.9 623.6 489.3 647.7 674.1 497.3 135.6 35.4 541.9 349.2 724.0 557.8 670.4 551.5 591.4 500.3 724.2 662.3 713.7 588.4 303.2 644.7 524.3 711.7 690.3 501.7 526.9 525.8 735.4 473.9 506.9 555.6 207.4 502.0 647.2 527.2 424.6 527.0 508.2 144.9 432.9 488.5 661.1 754.5 473.5 717.0 549.0 743.6 469.4 713.1 687.3 404.1 567.7 766.4 589.5 509.8 547.2 545.7 734.4 569.0 495.3 473.5 0.0 594.9 679.4 735.8 596.2 540.2 509.5 533.8 505.1 513.2 723.3 595.9 484.2 414.7 524.3 727.0 570.8 115.0 544.1 673.2 659.4 524.2 524.3 666.9 558.3 468.9 518.7 615.1 531.7 622.6 625.9 537.0
2153.8 276.4 735.6 585.2 424.6 668.5 730.5 472.0 621.9 727.3 683.9 422.5 293.4 706.5 237.7 695.1 326.8 222.6 684.6 608.8 63.8 207.4 610.6 637.0 297.1 712.9 612.7 109.1 458.6 686.9 365.9 633.3 118.7 72.6 308.4 687.1 625.2 676.6 388.2 358.9 607.6 392.7 674.6 653.2 370.1 245.0 243.9 698.3 418.8 451.8 273.7 759.4 231.1 610.1 327.0 369.5 395.4 376.6 722.2 377.8 433.4 624.0 717.4 418.4 679.9 357.1 706.5 187.5 676.0 650.2 434.4 367.5 729.3 44.3 235.0 114.4 263.8 697.3 76.6 363.7 281.6 577.2 0.0 642.3 698.7 51.0 340.0 248.4 251.9 223.2 381.6 686.2 103.5 249.5 359.6 332.4 689.9 138.0 692.3 343.9 636.1 622.3 392.6 242.4 629.8 276.4 413.8 318.5 96.3 331.5 62.8 30.9 255.1
1998.3 498.6 800.8 136.5 401.2 193.4 795.7 448.6 97.3 192.0 94.8 399.1 467.6 769.7 389.0 105.8 411.8 444.8 74.0 160.1 659.2 431.0 161.9 29.9 387.1 778.1 677.9 577.5 523.8 44.5 450.9 26.2 587.1 627.0 393.4 97.8 176.5 88.0 480.9 442.1 158.9 417.4 67.5 204.5 394.8 467.2 457.6 109.0 395.4 406.4 447.9 816.8 395.1 85.5 420.3 346.1 420.1 401.3 787.4 354.4 393.2 16.9 117.1 395.0 37.5 442.1 73.9 425.0 144.7 60.9 402.0 456.3 86.9 625.1 402.9 582.8 451.4 54.9 604.6 388.4 366.6 642.4 630.5 0.0 109.6 631.8 433.3 418.8 474.1 404.1 406.3 96.9 628.6 377.3 336.2 417.4 47.5 606.4 757.5 437.2 85.9 41.3 417.3 416.6 178.5 490.1 390.4 417.1 650.7 424.8 658.2 661.5 446.3
2020.8 564.8 867.0 202.7 467.4 215.9 861.9 514.8 163.5 214.5 15.9 465.3 533.8 837.9 455.2 180.3 480.1 511.0 169.8 226.3 725.4 497.2 228.1 76.9 456.6 844.3 744.1 643.7 590.0 144.0 517.1 79.5 653.3 693.2 459.6 172.3 242.7 161.8 547.7 508.3 225.1 483.6 102.8 270.7 461.0 533.4 523.8 183.5 461.6 494.6 514.1 890.8 461.3 151.7 486.5 412.3 486.3 467.5 853.6 420.6 476.2 91.6 95.2 461.2 137.0 508.3 173.4 491.2 147.0 135.4 459.2 527.0 186.4 691.3 469.1 649.0 504.2 154.4 670.8 454.6 432.8 708.6 696.7 99.4 0.0 698.0 499.5 468.8 540.3 470.3 472.5 171.4 697.7 443.5 402.4 483.6 147.0 672.6 823.7 503.4 108.4 107.5 483.5 482.8 247.3 556.3 456.6 478.0 716.9 491.0 724.4 727.7 512.5
2153.4 276.0 735.2 584.8 424.2 668.1 730.1 471.6 621.5 726.9 683.5 422.1 293.0 706.1 237.3 694.7 326.4 222.2 684.2 608.4 98.0 207.0 610.2 636.6 296.7 712.5 612.3 108.7 458.2 686.5 365.5 632.9 118.3 72.2 308.0 686.7 624.8 676.2 387.8 358.5 607.2 392.3 674.2 652.8 369.7 244.6 243.5 697.9 418.4 451.4 273.3 759.0 230.7 609.7 326.6 369.1 395.0 376.2 721.8 377.4 433.0 623.6 717.0 418.0 679.5 356.7 706.1 187.1 675.6 649.8 434.0 367.1 728.9 6.1 234.6 114.0 263.4 696.9 76.2 363.3 281.2 576.8 69.3 641.9 698.3 0.0 339.6 248.0 251.5 222.8 381.2 685.8 103.1 249.1 359.2 332.0 689.5 137.6 691.9 343.5 635.7 621.9 392.2 242.0 629.4 276.0 413.4 318.1 95.9 331.1 97.0 100.3 254.7
2227.9 213.2 673.4 416.4 253.7 499.7 668.3 303.2 453.1 558.5 515.1 253.7 185.9 642.3 103.6 526.3 160.1 159.4 515.8 440.0 373.8 145.6 441.8 468.2 96.6 650.7 550.5 292.1 396.4 518.1 197.1 464.5 301.7 341.6 139.6 515.7 456.4 508.5 48.1 314.7 438.8 223.9 505.8 484.4 201.3 181.8 172.2 529.5 250.0 261.0 162.5 689.4 109.7 441.3 72.7 200.7 226.6 207.8 660.0 209.0 247.8 455.2 548.6 249.6 511.1 188.3 537.7 139.6 507.2 481.4 274.6 22.9 560.5 339.7 117.5 297.4 152.6 528.5 319.2 194.9 112.8 515.0 345.1 473.5 529.9 346.4 0.0 117.2 188.7 118.7 212.8 517.4 346.1 91.9 190.8 163.6 521.1 321.0 630.1 89.6 467.3 453.5 246.1 131.2 458.4 204.7 245.9 24.1 365.3 77.2 372.8 376.1 160.9
2110.3 132.6 644.8 387.8 228.0 471.1 640.5 274.6 446.1 529.9 486.5 225.1 118.1 616.5 49.8 481.3 129.4 78.8 487.2 412.2 256.2 11.3 413.2 439.6 100.5 622.1 521.9 211.3 367.8 490.3 168.5 419.5 184.1 224.0 103.3 490.5 427.8 480.7 191.6 269.7 393.8 178.9 460.8 455.8 172.7 101.2 108.1 500.9 221.4 232.4 81.7 644.4 55.9 412.7 129.6 172.1 198.8 179.2 632.2 180.4 202.8 426.6 520.0 221.0 482.5 159.7 509.1 44.5 479.4 452.8 229.6 165.6 531.9 222.1 16.6 179.8 88.5 483.5 200.8 149.9 84.2 486.4 227.5 444.9 501.3 228.8 142.6 0.0 108.1 64.9 184.2 488.8 227.7 35.7 162.2 135.8 492.5 203.4 601.5 146.5 438.7 424.9 196.0 67.1 433.2 140.6 217.2 96.3 247.7 134.1 255.2 258.5 96.8
2156.3 45.3 685.2 428.2 267.6 511.5 680.1 315.0 464.9 570.3 526.9 265.5 61.9 656.1 80.7 538.1 169.8 29.5 527.6 451.8 302.2 90.4 453.6 480.0 140.1 662.5 562.3 220.5 408.2 529.9 208.9 476.3 230.1 270.0 151.4 530.1 468.2 519.6 231.2 326.5 450.6 235.7 517.6 496.2 213.1 6.8 49.8 541.3 261.8 294.8 35.3 709.0 73.1 453.1 170.0 212.5 238.4 219.6 671.8 220.8 276.4 467.0 560.4 261.4 522.9 200.1 549.5 68.0 519.0 493.2 277.4 210.5 572.3 268.1 118.0 225.8 43.7 540.3 247.6 206.7 124.6 526.8 273.5 485.3 541.7 274.8 183.0 113.2 0.0 66.2 224.6 529.2 274.5 92.5 202.6 175.4 532.9 249.4 641.9 186.9 479.1 465.3 235.6 64.6 472.8 24.4 256.8 161.5 293.7 174.5 301.2 304.5 61.0
2109.1 94.4 618.9 361.9 201.3 445.2 613.8 248.7 420.2 504.0 460.6 199.2 73.8 587.8 14.4 471.8 103.5 40.6 461.3 385.5 255.0 43.2 387.3 413.7 73.8 596.2 496.0 173.3 341.9 465.2 142.6 410.0 182.9 222.8 77.4 461.2 401.9 454.0 164.3 260.2 384.3 169.4 451.3 429.9 146.8 63.0 60.1 475.0 195.5 206.5 50.4 634.9 7.8 386.8 103.7 146.2 172.1 153.3 605.5 154.5 193.3 400.7 494.1 195.1 456.6 133.8 483.2 20.8 472.9 426.9 220.1 139.7 506.0 220.9 70.8 178.6 40.5 474.0 200.4 140.4 58.3 460.5 226.3 419.0 475.4 227.6 116.7 54.1 69.9 0.0 158.3 462.9 224.4 26.2 136.3 109.7 466.6 202.2 575.6 120.6 412.8 399.0 169.3 19.1 403.9 92.6 190.5 100.5 246.5 108.2 254.0 257.3 48.8
2220.4 256.0 649.4 392.4 229.7 475.7 644.3 279.2 450.7 534.5 491.1 229.7 225.0 618.3 146.4 502.3 169.2 202.2 491.8 416.0 416.6 188.4 417.8 444.2 144.5 626.7 526.5 334.9 372.4 494.1 208.3 440.5 344.5 384.4 142.9 491.7 432.4 484.5 238.9 290.7 414.8 11.0 481.8 460.4 81.7 224.6 215.0 505.5 226.0 237.0 205.3 665.4 152.5 417.3 177.7 176.7 107.0 68.2 636.0 185.0 223.8 431.2 524.6 225.6 487.1 199.5 513.7 182.4 483.2 457.4 250.6 213.7 536.5 382.5 160.3 340.2 208.8 504.5 362.0 55.3 124.0 491.0 387.9 449.5 505.9 389.2 190.7 160.0 231.5 161.5 0.0 493.4 386.0 134.7 166.8 174.8 497.1 363.8 606.1 194.6 443.3 429.5 57.7 174.0 434.4 247.5 221.9 160.8 408.1 182.2 415.6 418.9 203.7
2047.9 520.1 822.3 158.0 422.7 243.0 817.2 470.1 118.8 241.6 144.4 420.6 489.1 793.2 410.5 8.9 433.3 466.3 77.1 181.6 680.7 452.5 183.4 97.5 411.9 799.6 699.4 599.0 545.3 110.3 472.4 93.8 608.6 648.5 414.9 33.2 198.0 69.1 503.0 463.6 180.4 438.9 135.1 226.0 416.3 488.7 479.1 44.4 416.9 449.9 469.4 846.1 416.6 107.0 441.8 367.6 441.6 422.8 808.9 375.9 431.5 84.5 177.9 416.5 103.3 463.6 99.0 446.5 174.1 42.7 414.5 482.3 134.7 646.6 424.4 604.3 459.5 120.7 626.1 409.9 388.1 663.9 652.0 95.4 159.2 653.3 454.8 424.1 495.6 425.6 427.8 0.0 653.0 398.8 357.7 438.9 95.3 627.9 779.0 458.7 135.5 50.9 438.8 438.1 202.6 511.6 411.9 433.3 672.2 446.3 679.7 683.0 467.8
2144.3 266.9 730.7 575.7 413.0 659.0 721.0 462.5 612.4 717.8 674.4 413.0 287.6 695.0 228.2 690.2 320.8 213.1 675.1 592.1 141.7 202.5 601.1 627.5 284.3 703.4 603.2 104.2 449.1 679.0 356.4 628.4 109.2 114.1 291.0 675.0 615.7 672.4 378.1 354.0 602.7 387.8 665.1 643.7 360.6 235.5 234.4 688.8 409.3 424.9 264.2 746.7 221.6 600.6 317.5 360.0 379.4 367.1 712.7 368.3 407.1 614.5 707.9 408.9 670.4 347.6 697.0 178.0 668.0 640.7 433.9 353.5 719.8 107.6 225.5 104.9 267.7 692.4 28.2 354.2 272.1 567.7 113.0 632.8 689.2 114.3 330.5 209.6 242.4 218.3 376.7 676.7 0.0 240.0 350.1 323.5 680.4 128.5 682.8 334.4 626.6 617.4 405.4 232.9 617.7 266.9 405.2 300.6 133.2 322.0 140.7 144.0 245.6
2135.9 121.2 592.6 335.6 172.9 418.9 587.5 222.4 393.9 477.7 434.3 172.9 90.2 561.5 11.6 445.5 77.2 67.4 435.0 352.0 281.8 53.6 361.0 387.4 44.2 569.9 469.7 200.1 315.6 437.3 116.3 383.7 209.7 249.6 50.9 434.9 375.6 427.7 138.6 233.9 358.0 143.1 425.0 403.6 120.5 89.8 80.2 448.7 169.2 180.2 70.5 608.6 17.7 360.5 77.4 119.9 139.3 127.0 579.2 128.2 167.0 374.4 467.8 168.8 430.3 107.5 456.9 47.6 421.2 400.6 193.8 113.4 479.7 247.7 25.5 205.4 74.0 447.7 227.2 114.1 32.0 434.2 253.1 392.7 449.1 254.4 90.4 41.4 96.7 26.7 132.0 436.6 251.2 0.0 110.0 82.8 440.3 229.0 549.3 94.3 386.5 372.7 165.3 39.2 377.6 112.7 164.2 74.2 273.3 81.9 280.8 284.1 68.9
2098.8 250.5 570.7 285.3 64.9 368.6 565.6 112.3 322.0 427.4 384.0 62.8 219.5 541.6 140.9 395.2 163.7 196.7 384.7 308.9 411.1 182.9 310.7 337.1 142.3 548.0 447.8 329.4 293.7 387.0 202.8 333.4 339.0 378.9 145.3 387.2 325.3 376.7 233.4 212.0 307.7 169.3 374.7 353.3 146.7 219.1 209.5 398.4 59.1 92.1 199.8 594.5 147.0 310.2 172.2 9.8 172.0 153.2 557.3 18.1 73.7 324.1 417.5 58.7 380.0 194.0 406.6 176.9 376.1 350.3 162.9 212.7 429.4 377.0 154.8 334.7 189.9 397.4 356.5 140.3 118.5 412.3 382.4 342.4 398.8 383.7 185.2 154.5 226.0 156.0 158.2 386.3 383.4 129.2 0.0 169.3 390.0 358.3 527.4 189.1 336.2 322.4 169.2 168.5 329.9 242.0 54.1 163.7 402.6 176.7 410.1 413.4 198.2
2183.6 209.5 612.6 355.6 192.9 438.9 607.9 242.4 392.3 497.7 454.7 192.9 182.2 581.5 99.9 465.5 74.8 155.7 455.0 372.0 370.1 141.9 381.0 407.4 98.0 589.9 489.7 288.4 335.6 458.9 32.8 403.7 298.0 337.9 48.5 454.9 395.6 448.1 191.8 253.9 378.0 163.1 445.0 423.6 140.5 178.1 168.5 468.7 189.2 200.2 158.8 628.6 106.0 380.5 131.2 139.9 159.3 147.0 599.6 148.6 187.4 394.4 487.8 188.8 450.3 105.1 476.9 135.9 447.9 420.6 213.8 167.6 499.7 336.0 113.8 293.7 162.3 467.7 315.9 134.5 32.9 454.2 341.4 412.7 469.1 342.7 144.2 129.7 185.0 115.4 152.0 456.6 339.5 88.2 130.0 0.0 460.7 317.3 569.3 148.1 406.5 392.7 185.3 127.5 397.6 201.0 185.1 128.0 361.6 136.1 369.1 372.4 157.2
2068.9 560.1 862.3 198.0 460.6 264.0 857.2 510.1 161.0 262.6 165.4 460.6 529.1 833.2 450.5 107.6 473.3 506.3 55.9 221.6 720.7 492.5 223.4 100.5 448.6 839.6 739.4 639.0 585.3 44.4 512.4 96.8 648.6 688.5 447.0 97.0 238.0 73.0 542.4 503.6 220.4 478.9 138.1 266.0 456.3 528.7 519.1 110.8 456.9 467.9 509.4 878.3 456.6 147.0 481.8 407.6 481.6 462.8 848.9 415.9 454.7 87.5 187.7 456.5 37.4 503.6 55.8 486.5 195.1 53.0 463.5 517.8 39.3 686.6 464.4 644.3 512.9 54.8 666.1 449.9 428.1 703.9 692.0 70.5 180.2 693.3 494.8 464.1 535.6 465.6 467.8 98.7 690.1 438.8 397.7 478.9 0.0 667.9 819.0 498.7 156.5 90.9 501.1 478.1 240.0 551.6 451.9 464.9 712.2 486.3 719.7 723.0 507.8
2176.2 298.8 758.0 607.6 447.0 690.9 752.9 494.4 644.3 749.7 706.3 444.9 315.8 728.9 260.1 717.5 352.7 245.0 707.0 631.2 184.8 229.8 633.0 659.4 319.5 735.3 635.1 28.9 481.0 709.3 388.3 655.7 19.3 152.6 330.8 709.5 647.6 699.0 410.6 381.3 630.0 415.1 697.0 675.6 392.5 267.4 266.3 720.7 441.2 474.2 296.1 781.8 253.5 632.5 349.4 391.9 417.8 399.0 744.6 400.2 455.8 646.4 739.8 440.8 702.3 379.5 728.9 209.9 698.4 672.6 456.8 389.9 751.7 150.7 257.4 29.8 286.2 719.7 130.2 386.1 304.0 599.6 156.1 664.7 721.1 157.4 362.4 270.8 274.3 245.6 404.0 708.6 157.1 271.9 382.0 354.8 712.3 0.0 714.7 366.3 658.5 644.7 415.0 264.8 652.2 298.8 436.2 340.9 176.3 353.9 183.8 187.1 277.5
2372.2 649.1 58.7 713.1 570.5 796.4 83.4 617.9 749.8 855.2 811.8 568.4 666.1 29.6 586.7 823.0 609.5 595.3 812.5 736.7 714.4 580.1 738.5 764.9 588.1 36.0 116.0 632.7 440.0 814.8 648.6 761.2 642.3 682.2 591.1 815.0 753.1 804.5 679.2 394.0 735.5 615.1 802.5 781.1 592.5 617.7 616.6 826.2 564.7 597.7 646.4 92.3 592.8 738.0 618.0 515.4 617.8 599.0 75.1 523.7 579.3 751.9 845.3 564.3 807.8 639.8 834.4 560.2 803.9 778.1 494.9 658.5 857.2 680.3 600.6 638.0 636.5 825.2 659.8 586.1 564.3 130.0 685.7 770.2 826.6 687.0 631.0 600.3 624.6 595.9 604.0 814.1 686.7 575.0 505.5 615.1 817.8 661.6 0.0 634.9 764.0 750.2 615.0 615.1 757.7 649.1 559.7 609.5 705.9 622.5 713.4 716.7 627.8
2239.1 224.4 684.6 427.6 267.0 510.9 679.5 314.4 464.3 569.7 526.3 264.9 193.4 655.5 114.8 537.5 169.2 170.6 527.0 451.2 385.0 156.8 453.0 479.4 107.8 661.9 561.7 303.3 407.6 529.3 208.3 475.7 312.9 352.8 150.8 529.5 467.6 519.0 165.1 325.9 450.0 235.1 517.0 495.6 212.5 193.0 183.4 540.7 261.2 294.2 173.7 708.4 120.9 452.5 16.8 211.9 237.8 219.0 671.2 220.2 275.8 466.4 559.8 260.8 522.3 199.5 548.9 150.8 518.4 492.6 276.8 144.4 571.7 350.9 128.7 308.6 163.8 539.7 330.4 206.1 124.0 526.2 356.3 484.7 541.1 357.6 116.9 128.4 199.9 129.9 224.0 528.6 357.3 103.1 202.0 174.8 532.3 332.2 641.3 0.0 478.5 464.7 235.0 142.4 472.2 215.9 256.2 95.4 376.5 12.4 384.0 387.3 172.1
1912.3 509.2 811.4 140.9 411.8 107.4 806.3 459.2 127.7 152.7 101.5 409.7 478.2 782.3 399.6 144.5 422.4 455.4 134.0 164.5 669.8 441.6 166.3 78.3 401.0 788.7 688.5 588.1 534.4 108.2 461.5 74.6 597.7 637.6 404.0 136.5 180.9 126.0 492.1 452.7 163.3 428.0 115.9 208.9 405.4 477.8 468.2 147.7 406.0 439.0 458.5 835.2 405.7 115.9 430.9 356.7 430.7 411.9 798.0 365.0 420.6 65.3 135.0 405.6 101.2 452.7 137.6 435.6 39.8 99.6 403.6 471.4 150.6 635.7 413.5 593.4 448.6 118.6 615.2 399.0 377.2 653.0 641.1 63.6 116.3 642.4 443.9 413.2 484.7 414.7 416.9 135.6 642.1 387.9 346.8 428.0 111.2 617.0 768.1 447.8 0.0 71.7 427.9 427.2 185.5 500.7 401.0 422.4 661.3 435.4 668.8 672.1 456.9
1996.9 469.1 771.3 107.0 369.6 192.0 766.2 419.1 67.8 190.6 93.4 369.6 441.8 740.2 359.5 72.7 384.4 415.3 62.2 130.6 629.7 401.5 132.4 46.5 360.9 748.6 648.4 548.0 494.3 77.0 421.4 42.8 557.6 597.5 356.0 64.7 147.0 54.9 451.4 412.6 129.4 387.9 84.1 175.0 365.3 437.7 428.1 75.9 365.9 376.9 418.4 787.3 365.6 56.0 390.8 316.6 384.1 371.8 757.9 324.9 363.7 33.5 126.9 365.5 70.0 412.6 84.1 395.5 143.3 27.8 372.5 426.8 119.4 595.6 373.4 553.3 408.5 87.4 575.1 358.9 337.1 612.9 601.0 38.3 108.2 602.3 403.8 389.3 444.6 374.6 376.8 63.8 602.0 347.8 306.7 387.9 80.0 576.9 728.0 407.7 84.5 0.0 410.1 387.1 149.0 460.6 360.9 387.6 621.2 395.3 628.7 632.0 416.8
2216.6 252.2 658.2 388.6 225.9 484.5 640.5 275.4 425.3 530.7 487.3 225.9 224.9 614.5 142.6 498.5 165.4 198.4 488.0 405.0 412.8 184.6 414.0 440.4 140.7 622.9 522.7 331.1 368.6 491.9 204.5 449.3 340.7 393.2 139.1 487.9 428.6 480.7 234.5 299.5 411.0 64.3 490.6 456.6 77.9 220.8 211.2 501.7 222.2 233.2 201.5 674.2 148.7 413.5 173.9 172.9 96.7 64.4 632.2 193.8 232.6 427.4 520.8 221.8 483.3 195.7 522.5 178.6 480.9 466.2 259.4 209.9 532.7 378.7 156.5 336.4 205.0 513.3 370.8 64.1 120.2 487.2 384.1 458.3 502.1 385.4 186.9 172.4 227.7 170.3 40.6 489.6 382.2 130.9 163.0 171.6 505.9 360.0 602.3 190.8 439.5 425.7 0.0 170.2 430.6 243.7 218.1 169.6 404.3 178.4 411.8 415.1 199.9
2140.6 103.0 623.7 366.7 206.1 450.0 618.6 253.5 403.4 508.8 465.4 204.0 50.9 594.6 19.2 476.6 108.3 72.1 466.1 390.3 286.5 81.7 392.1 418.5 78.6 601.0 500.8 204.8 346.7 468.4 147.4 414.8 214.4 254.3 89.9 468.6 406.7 458.1 169.7 265.0 389.1 174.2 456.1 434.7 151.6 64.5 40.9 479.8 200.3 233.3 31.2 647.5 8.5 391.6 108.5 151.0 176.9 158.1 610.3 159.3 214.9 405.5 498.9 199.9 461.4 138.6 488.0 52.3 457.5 431.7 215.9 149.0 510.8 252.4 62.6 210.1 21.3 478.8 231.9 145.2 63.1 465.3 257.8 423.8 480.2 259.1 121.5 51.7 57.6 31.4 163.1 467.7 258.8 31.0 141.1 113.9 471.4 233.7 580.4 125.4 417.6 403.8 174.1 0.0 411.3 73.4 195.3 100.0 278.0 113.0 285.5 288.8 29.6
2082.8 488.1 788.4 75.5 388.6 248.7 785.2 438.1 162.4 248.1 202.8 388.6 460.8 759.2 376.6 214.0 399.4 434.3 205.4 21.4 648.7 418.6 14.6 157.8 376.6 767.6 667.4 565.1 513.3 209.3 438.5 152.2 576.6 616.5 375.0 205.3 115.5 196.2 470.4 429.7 97.9 405.0 193.5 143.5 384.3 456.7 447.1 219.1 384.9 394.0 435.5 806.3 384.6 130.9 409.8 335.6 403.1 390.8 776.9 342.0 380.8 144.8 238.2 384.5 200.7 431.6 225.4 414.5 210.5 169.1 389.6 443.9 250.1 614.6 392.4 572.3 440.9 216.2 592.2 376.0 356.1 631.9 620.0 161.2 219.5 621.3 420.9 408.3 463.6 393.6 393.9 207.0 618.1 364.9 325.7 407.5 208.8 595.9 747.0 426.7 170.4 141.2 429.1 406.1 0.0 479.6 380.8 391.0 640.2 412.4 647.7 651.0 435.8
2195.9 53.0 689.3 432.3 271.7 515.6 684.2 319.1 469.0 574.4 531.0 269.6 62.8 660.2 84.8 542.2 173.9 69.1 531.7 455.9 341.8 130.0 457.7 484.1 144.2 666.6 566.4 260.1 412.3 534.0 213.0 480.4 269.7 309.6 155.5 534.2 472.3 523.7 235.3 330.6 454.7 239.8 521.7 500.3 217.2 46.4 86.2 545.4 265.9 298.9 36.2 713.1 74.0 457.2 174.1 216.6 242.5 223.7 675.9 224.9 280.5 471.1 564.5 265.5 527.0 204.2 553.6 107.6 523.1 497.3 281.5 214.6 576.4 307.7 128.2 265.4 44.6 544.4 287.2 210.8 128.7 530.9 313.1 489.4 545.8 314.4 187.1 117.3 39.5 105.8 228.7 533.3 314.1 96.6 206.7 179.5 537.0 289.0 646.0 191.0 483.2 469.4 239.7 65.5 476.9 0.0 260.9 165.6 333.3 178.6 340.8 344.1 74.9
2148.2 299.9 620.1 334.7 76.3 418.9 615.9 64.4 393.0 476.8 433.4 54.5 272.6 589.0 190.3 444.6 213.1 246.1 434.1 351.1 460.5 232.3 360.1 386.5 188.4 597.4 497.2 378.8 343.1 438.0 252.2 382.8 388.4 428.3 186.8 434.0 374.7 426.8 282.2 261.4 357.1 218.7 424.1 402.7 196.1 268.5 258.9 447.8 26.9 83.6 249.2 636.1 196.4 359.6 221.6 34.9 214.9 202.6 606.7 26.0 107.7 373.5 466.9 53.9 429.4 243.4 456.0 226.3 427.0 400.6 221.3 257.6 478.8 426.4 204.2 384.1 252.7 446.8 405.9 189.7 167.9 461.7 431.8 392.7 448.2 433.1 234.6 220.1 275.4 205.4 208.5 435.7 429.9 178.6 49.3 219.3 440.3 407.7 576.8 238.5 385.6 371.8 240.9 217.9 376.7 291.4 0.0 204.7 452.0 226.1 459.5 462.8 247.6
2203.8 200.1 649.3 392.3 229.6 486.6 644.2 290.1 450.6 545.4 491.0 240.6 161.8 618.2 90.5 513.2 133.9 146.3 491.7 419.7 360.7 121.5 417.7 444.1 69.2 626.6 537.4 268.0 372.3 494.0 173.0 440.4 288.6 328.5 107.8 491.6 432.3 484.4 64.3 290.6 425.7 210.8 481.7 460.3 177.2 168.7 148.1 505.4 225.9 236.9 138.4 676.3 96.6 417.2 48.6 176.6 196.0 194.7 635.9 184.9 223.7 442.1 524.5 225.5 498.0 164.2 513.6 115.5 484.6 457.3 261.5 39.1 536.4 315.6 104.4 273.3 128.5 504.4 295.1 170.8 88.7 490.9 321.0 449.4 505.8 322.3 16.1 104.1 164.6 105.6 188.7 504.3 322.0 67.8 177.7 139.5 497.0 296.9 617.0 65.5 443.2 429.4 199.7 107.1 434.3 180.6 231.9 0.0 352.2 64.1 348.7 352.0 136.8
2158.8 281.4 740.6 590.2 429.6 673.5 735.5 477.0 626.9 732.3 688.9 427.5 298.4 711.5 242.7 700.1 331.8 227.6 689.6 613.8 129.8 212.4 615.6 642.0 302.1 717.9 617.7 114.1 463.6 691.9 370.9 638.3 123.7 13.1 313.4 692.1 630.2 681.6 393.2 363.9 612.6 397.7 679.6 658.2 375.1 250.0 248.9 703.3 423.8 456.8 278.7 764.4 236.1 615.1 332.0 374.5 400.4 381.6 727.2 382.8 438.4 629.0 722.4 423.4 684.9 362.1 711.5 192.5 681.0 655.2 439.4 372.5 734.3 95.7 240.0 119.4 268.8 702.3 81.6 368.7 286.6 582.2 101.1 647.3 703.7 102.4 345.0 253.4 256.9 228.2 386.6 691.2 108.5 254.5 364.6 337.4 694.9 143.0 697.3 348.9 641.1 627.3 397.6 247.4 634.8 281.4 418.8 323.5 0.0 336.5 128.8 132.1 260.1
2226.7 212.0 672.2 415.2 252.5 498.5 667.1 302.0 451.9 557.3 513.9 252.5 184.7 641.1 102.4 525.1 160.3 158.2 514.6 438.8 372.6 144.4 440.6 467.0 92.1 649.5 549.3 290.9 395.2 516.9 195.9 463.3 300.5 340.4 138.4 514.5 455.2 507.3 152.7 313.5 437.6 222.7 504.6 483.2 200.1 180.6 171.0 528.3 248.8 259.8 161.3 688.2 108.5 440.1 4.4 199.5 225.4 206.6 658.8 207.8 246.6 454.0 547.4 248.4 509.9 187.1 536.5 138.4 506.0 480.2 273.4 127.5 559.3 338.5 116.3 296.2 164.8 527.3 318.0 193.7 111.6 513.8 343.9 472.3 528.7 345.2 104.5 132.2 187.5 117.5 211.6 516.2 344.9 90.7 189.6 162.4 519.9 319.8 628.9 12.4 466.1 452.3 244.9 130.0 457.2 203.5 243.8 88.3 364.1 0.0 371.6 374.9 159.7
2178.3 300.9 760.1 609.7 449.1 693.0 755.0 496.5 646.4 751.8 708.4 447.0 317.9 731.0 262.2 719.6 353.4 247.1 709.1 633.3 59.7 231.9 635.1 661.5 321.6 737.4 637.2 133.6 483.1 711.4 390.4 657.8 143.2 97.1 332.9 711.6 649.7 701.1 412.7 383.4 632.1 417.2 699.1 677.7 394.6 269.5 268.4 722.8 443.3 476.3 298.2 783.9 255.6 634.6 351.5 394.0 419.9 401.1 746.7 402.3 457.9 648.5 741.9 442.9 704.4 381.6 731.0 212.0 700.5 674.7 458.9 392.0 753.8 68.8 259.5 138.9 288.3 721.8 101.1 388.2 306.1 601.7 39.6 666.8 723.2 75.5 364.5 272.9 276.4 247.7 406.1 710.7 128.0 274.0 384.1 356.9 714.4 162.5 716.8 368.4 660.6 646.8 417.1 266.9 654.3 300.9 438.3 343.0 120.8 356.0 0.0 70.6 279.6
2181.4 304.0 763.2 612.8 452.2 696.1 758.1 499.6 649.5 754.9 711.5 450.1 321.0 734.1 265.3 722.7 354.4 250.2 712.2 636.4 91.4 235.0 638.2 664.6 324.7 740.5 640.3 136.7 486.2 714.5 393.5 660.9 146.3 100.2 336.0 714.7 652.8 704.2 415.8 386.5 635.2 420.3 702.2 680.8 397.7 272.6 271.5 725.9 446.4 479.4 301.3 787.0 258.7 637.7 354.6 397.1 423.0 404.2 749.8 405.4 461.0 651.6 745.0 446.0 707.5 384.7 734.1 215.1 703.6 677.8 462.0 395.1 756.9 71.9 262.6 142.0 291.4 724.9 104.2 391.3 309.2 604.8 27.5 669.9 726.3 78.6 367.6 276.0 279.5 250.8 409.2 713.8 131.1 277.1 387.2 360.0 717.5 165.6 719.9 371.5 663.7 649.9 420.2 270.0 657.4 304.0 441.4 346.1 123.9 359.1 90.4 0.0 282.7
2150.7 105.0 666.0 409.0 248.4 492.3 660.9 295.8 445.7 551.1 507.7 246.3 34.9 636.9 61.5 518.9 150.6 42.9 508.4 432.6 296.6 84.8 434.4 460.8 120.9 643.3 543.1 214.9 389.0 510.7 189.7 457.1 224.5 264.4 132.2 510.9 449.0 500.4 212.0 307.3 431.4 216.5 498.4 477.0 193.9 66.5 11.2 522.1 242.6 275.6 33.2 689.8 50.7 433.9 150.8 193.3 219.2 200.4 652.6 201.6 257.2 447.8 541.2 242.2 503.7 180.9 530.3 62.4 499.8 474.0 258.2 191.3 553.1 262.5 112.4 220.2 23.3 521.1 242.0 187.5 105.4 507.6 267.9 466.1 522.5 269.2 163.8 94.0 59.6 60.6 205.4 510.0 268.9 73.3 183.4 156.2 513.7 243.8 622.7 167.7 459.9 446.1 216.4 42.2 453.6 75.4 237.6 142.3 288.1 155.3 295.6 298.9 0.0
