Name		1340_BED-Amazon_n101_m246_bt36
Number_of_Customers	101
Number_of_Items		246
Number_of_ItemTypes	36
Number_of_Vehicles	1
TimeWindows		0
Dist_type	manual

VEHICLE
Mass_Capacity	1208
CargoSpace_Length	174
CargoSpace_Width	97
CargoSpace_Height	105

CUSTOMERS
i	x	y	Demand	ReadyTime	DueDate	ServiceTime	DemandedMass	DemandedVolume
0	30.445236	-97.709418	0	0	0	0	0	0
1	30.295597	-97.699391	1	0	0	0	4.7	1380
2	30.294601	-97.700058	2	0	0	0	6.1	6660
3	30.285516	-97.711305	1	0	0	0	3.42	23780
4	30.295692	-97.69924	1	0	0	0	0.7	2640
5	30.297329	-97.701419	1	0	0	0	0.7	2640
6	30.295024	-97.701092	6	0	0	0	18.9	31855
7	30.299447	-97.700434	1	0	0	0	4.7	1380
8	30.282364	-97.7155	1	0	0	0	1.9	1176
9	30.295165	-97.698425	3	0	0	0	9.22	12600
10	30.294375	-97.697105	1	0	0	0	7.3	3640
11	30.28906	-97.713754	1	0	0	0	4.8	6200
12	30.293606	-97.703521	1	0	0	0	4.7	1380
13	30.291308	-97.695014	3	0	0	0	10.33	57488
14	30.297309	-97.702618	1	0	0	0	4.7	1380
15	30.290556	-97.70013	3	0	0	0	21.83	25808
16	30.292348	-97.696676	4	0	0	0	7.51	21848
17	30.286634	-97.716582	1	0	0	0	4.7	1380
18	30.294893	-97.703067	2	0	0	0	12.0	5020
19	30.294016	-97.69757	1	0	0	0	1.8	2520
20	30.296719	-97.700826	3	0	0	0	12.0	6576
21	30.286915	-97.712376	4	0	0	0	16.4	10174
22	30.299974	-97.701522	3	0	0	0	6.99	7420
23	30.285012	-97.702161	3	0	0	0	10.69	12095
24	30.300611	-97.700457	2	0	0	0	7.68	34220
25	30.28437	-97.70329	2	0	0	0	11.3	3936
26	30.29553	-97.704398	2	0	0	0	6.1	6660
27	30.291566	-97.700387	2	0	0	0	2.6	3816
28	30.292888	-97.701256	1	0	0	0	4.7	1380
29	30.296566	-97.702149	1	0	0	0	4.7	1380
30	30.293645	-97.698376	2	0	0	0	6.4	12752
31	30.293412	-97.701857	1	0	0	0	10.38	18252
32	30.295919	-97.700306	2	0	0	0	12.31	16280
33	30.29516	-97.702745	1	0	0	0	1.9	1176
34	30.302908	-97.702022	10	0	0	0	96.85	93563
35	30.298657	-97.700943	2	0	0	0	14.2	8960
36	30.283919	-97.708344	1	0	0	0	4.7	1380
37	30.288214	-97.708983	1	0	0	0	0.7	2640
38	30.287024	-97.700843	1	0	0	0	2.5	3978
39	30.283915	-97.713199	1	0	0	0	2.85	5320
40	30.28512	-97.713935	1	0	0	0	1.8	2520
41	30.298686	-97.700002	1	0	0	0	2.91	13520
42	30.290335	-97.704691	1	0	0	0	1.75	4608
43	30.299345	-97.697752	2	0	0	0	6.45	5988
44	30.303724	-97.701497	3	0	0	0	6.99	7420
45	30.301722	-97.700248	6	0	0	0	42.42	37832
46	30.29802	-97.69852	1	0	0	0	2.5	3978
47	30.285354	-97.714255	3	0	0	0	11.85	10008
48	30.300002	-97.700009	1	0	0	0	0.7	2640
49	30.298115	-97.70018	1	0	0	0	7.3	3640
50	30.290154	-97.703363	2	0	0	0	8.73	25175
51	30.292506	-97.703119	2	0	0	0	7.2	5358
52	30.294985	-97.697621	4	0	0	0	12.35	21288
53	30.293384	-97.700977	1	0	0	0	0.7	2640
54	30.28546	-97.707673	1	0	0	0	4.7	1380
55	30.289284	-97.705341	3	0	0	0	7.69	23133
56	30.298631	-97.702299	2	0	0	0	17.3	26900
57	30.290073	-97.700179	3	0	0	0	14.31	31120
58	30.28647	-97.713286	3	0	0	0	18.62	15360
59	30.284245	-97.711053	1	0	0	0	7.3	3640
60	30.300373	-97.7013	4	0	0	0	13.75	11184
61	30.2979	-97.697709	1	0	0	0	4.7	1380
62	30.295641	-97.701576	1	0	0	0	3.82	8580
63	30.294185	-97.69813	1	0	0	0	2.15	1080
64	30.299459	-97.698618	1	0	0	0	1.4	5280
65	30.284985	-97.714793	2	0	0	0	3.86	16353
66	30.287294	-97.708357	1	0	0	0	5.29	8075
67	30.29368	-97.697268	3	0	0	0	7.15	8628
68	30.294407	-97.696019	2	0	0	0	12.0	5020
69	30.286275	-97.715222	1	0	0	0	4.7	1380
70	30.298955	-97.70204	2	0	0	0	6.45	5988
71	30.296378	-97.701878	1	0	0	0	4.8	6200
72	30.293716	-97.695657	4	0	0	0	28.46	10480
73	30.299003	-97.702833	3	0	0	0	9.22	12600
74	30.285788	-97.716497	1	0	0	0	9.4	2760
75	30.294046	-97.6992	1	0	0	0	4.7	1380
76	30.292935	-97.69859	1	0	0	0	4.7	1380
77	30.297055	-97.700348	1	0	0	0	3.01	5544
78	30.291427	-97.704043	6	0	0	0	21.1	18340
79	30.287659	-97.715032	5	0	0	0	39.99	25004
80	30.298581	-97.704781	1	0	0	0	1.75	4608
81	30.282736	-97.706836	1	0	0	0	4.7	1380
82	30.293017	-97.69539	1	0	0	0	4.26	10440
83	30.301232	-97.700967	1	0	0	0	4.7	1380
84	30.300441	-97.702095	2	0	0	0	7.2	9246
85	30.298696	-97.699203	1	0	0	0	3.01	5544
86	30.293873	-97.701055	2	0	0	0	12.9	11976
87	30.297872	-97.702002	2	0	0	0	6.45	5988
88	30.297412	-97.698417	4	0	0	0	11.12	12796
89	30.295607	-97.700088	1	0	0	0	4.7	1380
90	30.297377	-97.699359	1	0	0	0	6.02	11088
91	30.282901	-97.708355	2	0	0	0	7.79	12053
92	30.283567	-97.705653	1	0	0	0	4.7	1380
93	30.292941	-97.702563	1	0	0	0	2.5	3978
94	30.28393	-97.714968	1	0	0	0	2.6	10400
95	30.299446	-97.701264	1	0	0	0	4.7	1380
96	30.291449	-97.697484	3	0	0	0	17.16	35232
97	30.295725	-97.698159	1	0	0	0	0.7	2640
98	30.29135	-97.701817	2	0	0	0	5.4	4020
99	30.290791	-97.706398	2	0	0	0	6.74	17256
100	30.294245	-97.702904	4	0	0	0	20.58	63236
101	30.295653	-97.700994	2	0	0	0	6.6	7876

ITEMS
Type	Length	Width	Height	Mass	Fragility	LoadBearingStrength
Bt1	10	10	10	14.15	1	0
Bt2	18	12	5	2.15	1	0
Bt3	21	14	4	1.9	1	0
Bt4	23	15	4	4.7	1	0
Bt5	20	18	7	1.8	1	0
Bt6	15	11	16	0.7	1	0
Bt7	34	10	10	1.59	1	0
Bt8	20	14	13	7.3	1	0
Bt9	17	13	18	2.5	1	0
Bt10	24	12	16	1.75	1	0
Bt11	28	19	10	2.85	1	0
Bt12	28	22	9	3.01	1	0
Bt13	27	20	11	1.75	1	0
Bt14	31	20	10	4.8	1	0
Bt15	29	16	14	1.9	1	0
Bt16	40	19	10	3.82	1	0
Bt17	23	19	18	2.5	1	0
Bt18	25	19	17	5.29	1	0
Bt19	22	15	26	3.816	1	0
Bt20	30	20	15	1.76	1	0
Bt21	39	15	17	2.12	1	0
Bt22	40	20	13	2.6	1	0
Bt23	29	24	15	4.26	1	0
Bt24	29	27	15	2.11	1	0
Bt25	26	20	26	2.91	1	0
Bt26	27	23	24	2.94	1	0
Bt27	39	27	16	7.63	1	0
Bt28	57	15	20	3.44	1	0
Bt29	57	22	14	7.9	1	0
Bt30	39	26	18	10.38	1	0
Bt31	33	20	28	5.25	1	0
Bt32	41	20	29	3.42	1	0
Bt33	38	30	22	12.4	1	0
Bt34	58	40	11	12.6	1	0
Bt35	34	25	32	4.54	1	0
Bt36	59	40	18	5.982	1	0

DEMANDS PER CUSTOMER
i	Type Quantity
1	Bt4 1	
2	Bt6 2	Bt4 1	
3	Bt32 1	
4	Bt6 1	
5	Bt6 1	
6	Bt6 2	Bt3 1	Bt12 1	Bt22 1	Bt4 1	Bt18 1	
7	Bt4 1	
8	Bt3 1	
9	Bt19 1	Bt4 1	Bt6 1	
10	Bt8 1	
11	Bt14 1	
12	Bt4 1	
13	Bt10 1	Bt36 1	Bt22 1	
14	Bt4 1	
15	Bt4 2	Bt27 1	Bt14 1	
16	Bt25 1	Bt10 1	Bt2 1	Bt6 1	
17	Bt4 1	
18	Bt8 1	Bt4 1	
19	Bt5 1	
20	Bt3 1	Bt4 2	Bt6 1	
21	Bt9 1	Bt3 1	Bt8 1	Bt4 1	
22	Bt6 1	Bt4 1	Bt7 1	
23	Bt4 1	Bt18 1	Bt6 1	
24	Bt32 1	Bt23 1	
25	Bt3 1	Bt4 2	
26	Bt6 2	Bt4 1	
27	Bt6 1	Bt3 1	
28	Bt4 1	
29	Bt4 1	
30	Bt3 2	Bt22 1	
31	Bt30 1	
32	Bt25 1	Bt4 2	
33	Bt3 1	
34	Bt19 1	Bt8 3	Bt10 2	Bt4 8	Bt6 3	Bt18 3	Bt9 1	Bt14 1	Bt12 1	Bt13 1	
35	Bt14 1	Bt4 2	
36	Bt4 1	
37	Bt6 1	
38	Bt9 1	
39	Bt11 1	
40	Bt5 1	
41	Bt25 1	
42	Bt10 1	
43	Bt4 1	Bt10 1	
44	Bt6 1	Bt4 1	Bt7 1	
45	Bt9 4	Bt16 1	Bt4 4	Bt8 1	Bt6 1	Bt5 1	
46	Bt9 1	
47	Bt4 2	Bt10 1	Bt6 1	
48	Bt6 1	
49	Bt8 1	
50	Bt28 1	Bt18 1	
51	Bt9 1	Bt4 1	
52	Bt22 1	Bt8 1	Bt6 1	Bt10 1	
53	Bt6 1	
54	Bt4 1	
55	Bt21 1	Bt19 1	Bt10 1	
56	Bt4 1	Bt34 1	
57	Bt31 1	Bt20 1	Bt8 1	
58	Bt4 3	Bt19 1	Bt6 1	
59	Bt8 1	
60	Bt4 2	Bt6 1	Bt3 1	Bt10 1	
61	Bt4 1	
62	Bt19 1	
63	Bt2 1	
64	Bt6 2	
65	Bt10 1	Bt24 1	
66	Bt18 1	
67	Bt4 1	Bt10 1	Bt6 1	
68	Bt4 1	Bt8 1	
69	Bt4 1	
70	Bt4 1	Bt10 1	
71	Bt14 1	
72	Bt12 1	Bt4 2	Bt3 1	Bt1 1	
73	Bt4 1	Bt19 1	Bt6 1	
74	Bt4 2	
75	Bt4 1	
76	Bt4 1	
77	Bt12 1	
78	Bt4 1	Bt6 2	Bt8 1	Bt3 2	Bt10 1	Bt2 1	
79	Bt12 2	Bt4 3	Bt16 1	Bt1 1	Bt3 1	
80	Bt10 1	
81	Bt4 1	
82	Bt23 1	
83	Bt4 1	
84	Bt4 1	Bt17 1	
85	Bt12 1	
86	Bt4 2	Bt10 2	
87	Bt10 1	Bt4 1	
88	Bt16 1	Bt4 1	Bt3 1	Bt6 1	
89	Bt4 1	
90	Bt12 2	
91	Bt9 1	Bt18 1	
92	Bt4 1	
93	Bt9 1	
94	Bt22 1	
95	Bt4 1	
96	Bt10 1	Bt12 1	Bt33 1	
97	Bt6 1	
98	Bt4 1	Bt6 1	
99	Bt3 2	Bt26 1	
100	Bt28 1	Bt29 1	Bt35 1	Bt4 1	
101	Bt15 1	Bt4 1	

DISTANCE MATRIX
0.0 1388.1 1355.0 1360.1 1391.6 1318.0 1340.1 1298.7 1495.3 1397.7 1381.4 1288.1 1295.7 1470.6 1295.9 1414.0 1454.9 1316.4 1319.4 1386.3 1353.9 1351.0 1311.1 1413.1 1281.9 1488.7 1301.7 1395.0 1363.7 1364.8 1398.8 1327.6 1345.7 1337.3 1253.3 1322.4 1430.2 1306.8 1417.1 1497.5 1390.0 1332.3 1321.1 1368.2 1228.0 1265.7 1381.1 1375.3 1314.3 1393.5 1369.1 1345.0 1402.3 1339.0 1339.3 1345.3 1305.5 1386.4 1375.3 1412.3 1322.2 1398.7 1365.3 1376.6 1353.1 1427.5 1349.6 1414.8 1398.9 1339.1 1333.5 1322.3 1443.2 1320.2 1463.1 1359.7 1405.7 1330.1 1340.2 1324.1 1247.4 1417.5 1449.8 1287.0 1335.9 1345.8 1330.1 1333.5 1409.7 1368.4 1386.2 1476.3 1361.4 1362.6 1465.6 1335.4 1437.8 1410.6 1386.8 1293.1 1287.6 1366.0
1385.8 0.0 74.6 355.9 3.4 145.3 99.4 123.2 525.1 33.9 102.8 462.8 150.6 173.7 123.2 183.4 147.2 468.2 149.0 78.6 66.0 416.4 117.6 309.3 141.0 384.9 186.3 146.4 130.4 80.8 89.6 128.8 79.7 133.2 213.6 92.5 426.0 337.4 240.8 434.9 385.8 71.8 241.8 126.3 194.7 174.0 109.3 400.0 90.6 55.4 232.4 191.7 54.3 118.3 335.1 266.1 113.5 176.6 407.9 408.1 133.6 94.7 110.3 100.5 129.4 396.2 349.3 107.1 114.8 444.4 122.4 141.9 138.7 137.1 465.6 50.5 96.5 118.2 225.5 455.9 184.1 408.5 152.9 128.1 142.4 85.3 109.4 142.4 81.8 88.0 66.0 432.5 369.6 164.6 451.4 121.4 130.1 22.4 190.2 254.8 112.0 128.3
1418.9 33.0 0.0 368.8 36.5 138.5 138.9 116.4 538.0 67.0 135.9 475.7 183.7 198.3 116.4 196.3 200.7 481.1 147.3 111.7 64.9 429.3 110.8 322.2 134.2 393.2 154.8 159.3 143.3 74.0 122.7 161.9 72.9 134.3 206.8 84.9 438.9 397.7 253.7 447.8 398.7 65.0 254.7 137.7 187.9 167.2 102.5 412.5 83.8 48.6 245.3 217.3 87.4 151.4 348.0 279.0 106.7 184.5 425.5 421.0 120.9 115.5 103.5 133.6 122.6 409.1 362.2 140.2 147.9 457.3 115.6 135.1 170.9 129.0 478.5 83.6 129.6 111.4 225.4 468.8 177.3 421.4 177.5 121.3 135.6 78.5 142.5 135.6 75.0 13.3 59.2 445.4 402.7 177.5 464.3 114.6 162.3 55.5 203.1 287.9 145.1 93.2
1360.2 318.4 285.3 0.0 321.9 368.4 304.1 410.6 133.2 352.4 329.7 143.9 259.7 253.1 346.3 277.6 316.1 112.2 283.4 333.0 344.6 60.4 372.8 161.1 431.4 236.7 265.7 267.9 304.5 359.4 324.6 291.6 358.3 289.4 398.4 378.1 130.6 127.8 165.1 114.7 29.8 350.4 202.9 423.1 423.7 445.5 387.9 43.6 369.2 334.0 250.0 259.8 358.7 303.0 64.1 159.5 355.9 268.2 51.9 72.7 406.7 400.9 321.7 324.9 408.0 40.2 92.3 335.6 347.2 88.4 383.9 341.3 319.6 370.6 109.6 308.0 276.5 401.5 204.0 99.9 297.8 137.5 303.6 404.3 388.4 363.9 294.1 383.9 360.4 298.7 344.6 176.7 135.4 301.1 95.4 395.0 280.5 340.9 250.6 174.9 251.6 332.0
1393.8 3.4 82.6 363.9 0.0 148.8 107.4 126.7 533.1 30.4 99.3 470.8 158.6 170.2 126.7 191.4 143.7 476.2 157.0 75.1 75.2 424.4 121.1 317.3 144.5 392.9 194.3 154.4 138.4 84.3 97.6 136.8 83.2 141.2 217.1 96.0 434.0 345.4 248.8 442.9 393.8 75.3 249.8 122.8 198.2 177.5 112.8 408.0 94.1 58.9 240.4 199.7 50.8 126.3 343.1 274.1 117.0 184.6 415.9 416.1 137.1 91.2 113.8 97.0 132.9 404.2 357.3 103.6 111.3 452.4 125.9 145.4 135.2 140.6 473.6 58.5 104.5 121.7 233.5 463.9 187.6 416.5 149.4 131.6 145.9 88.8 117.4 145.9 85.3 96.0 69.5 440.5 377.6 172.6 459.4 124.9 126.6 18.9 198.2 262.8 120.0 103.5
1316.2 157.4 110.8 344.5 153.9 0.0 106.0 131.8 513.7 167.5 137.2 451.4 157.2 226.0 22.3 172.0 210.7 456.8 106.4 142.1 35.8 405.0 98.3 297.9 166.8 373.5 112.8 135.0 119.0 67.7 154.6 148.6 48.6 91.3 183.7 67.7 414.6 335.4 229.4 423.5 374.4 89.0 230.4 167.8 209.0 210.5 137.8 388.2 129.4 100.1 221.0 180.9 134.9 126.6 323.7 254.7 68.2 165.2 396.5 396.7 109.9 162.2 79.2 132.4 168.2 384.8 337.9 170.6 154.7 433.0 59.1 94.3 202.2 69.7 454.2 115.5 161.5 33.0 201.1 444.5 83.1 423.7 211.0 139.7 95.9 102.5 116.0 27.9 126.5 124.2 110.7 421.1 367.6 153.2 440.0 79.3 184.9 134.9 178.8 257.2 118.6 68.9
1325.6 107.2 74.1 336.6 110.7 137.5 0.0 225.2 505.8 115.9 100.5 443.5 90.4 195.8 115.4 115.1 174.0 448.9 86.7 105.4 133.4 397.1 187.4 290.0 208.4 361.0 88.5 96.1 64.8 148.2 117.9 68.6 142.8 73.0 263.6 170.4 406.7 277.2 221.5 415.6 366.5 139.2 203.9 206.7 288.9 241.4 176.7 380.3 158.0 122.8 194.5 138.8 121.4 40.1 315.8 246.8 159.2 133.7 393.3 388.8 215.4 182.1 37.2 95.7 191.5 376.9 330.0 133.9 109.2 425.1 176.2 105.1 165.5 144.9 446.3 78.8 124.8 170.6 162.2 436.6 176.3 365.5 175.0 195.5 203.0 152.7 31.2 156.6 149.2 87.5 133.4 413.2 309.4 99.0 432.1 200.0 153.1 129.7 139.9 194.6 51.8 22.4
1343.5 155.7 109.1 342.8 152.2 51.7 104.3 0.0 512.0 165.8 135.5 449.7 155.5 224.3 74.1 170.3 209.0 455.1 140.4 140.4 56.9 403.3 85.1 296.2 140.0 371.8 128.8 133.3 117.3 66.0 152.9 146.9 46.9 125.3 172.2 23.6 412.9 371.7 227.7 421.8 372.7 33.5 228.7 112.3 197.5 183.7 82.3 386.9 70.3 98.4 219.3 179.2 133.2 124.9 322.0 253.0 44.6 163.5 394.8 395.0 83.1 106.7 77.5 130.7 114.5 383.1 336.2 168.9 153.0 431.3 53.5 127.1 200.5 68.2 452.5 113.8 159.8 31.3 212.4 442.8 110.1 395.4 209.3 112.9 90.3 47.0 114.3 73.5 110.9 122.5 87.4 419.4 348.9 151.5 438.3 52.5 183.2 133.2 177.1 255.5 116.9 67.2
1460.2 458.6 425.5 140.1 462.1 508.6 444.3 550.8 0.0 492.6 469.9 243.6 399.9 393.3 486.5 417.8 456.3 208.2 423.6 473.2 490.5 193.1 513.0 301.3 571.6 376.9 405.9 408.1 444.7 499.6 464.8 431.8 498.5 429.6 538.6 518.3 270.8 268.0 305.3 118.7 111.1 490.6 343.1 563.3 563.9 585.7 528.1 139.6 509.4 474.2 390.2 400.0 498.9 443.2 204.3 299.7 496.1 408.4 163.3 160.8 546.9 541.1 461.9 465.1 548.2 100.6 232.5 475.8 487.4 184.4 524.1 481.5 459.8 510.8 164.8 448.2 416.7 541.7 344.2 195.9 438.0 277.7 443.8 544.5 528.6 504.1 434.3 524.1 500.6 438.9 484.8 212.4 275.6 441.3 71.2 535.2 420.7 481.1 390.8 315.1 391.8 472.2
1376.0 45.8 64.8 346.1 42.3 191.2 96.0 169.1 515.3 0.0 55.8 453.0 140.8 150.1 169.1 173.6 150.1 458.4 139.6 60.7 111.4 405.6 163.5 299.9 186.4 370.5 175.5 136.6 120.6 126.7 89.2 119.0 125.6 123.4 259.5 138.4 416.2 327.6 231.0 425.1 376.0 117.7 232.0 127.8 240.6 219.4 137.2 390.2 136.5 101.3 221.6 182.3 55.8 108.5 325.3 258.5 158.9 160.8 401.8 398.3 173.6 96.7 132.8 51.0 168.2 386.8 339.5 89.6 73.7 434.6 168.3 175.3 121.2 182.5 456.2 58.7 104.7 164.1 201.7 446.5 230.0 398.7 130.3 174.0 187.8 131.2 100.0 187.8 115.6 78.2 111.4 421.7 359.8 154.8 441.6 167.3 111.2 24.4 180.8 245.4 102.6 118.9
1369.3 87.2 58.1 345.3 75.6 201.0 82.9 174.6 478.6 45.4 0.0 452.2 134.1 95.2 178.9 166.9 97.0 457.6 132.5 28.4 123.1 405.8 169.0 292.8 192.4 368.4 169.8 129.9 113.9 132.2 57.9 112.3 131.1 116.7 265.0 143.9 415.4 374.2 230.2 424.3 375.2 123.2 225.3 116.7 246.1 225.4 125.6 389.4 142.0 106.8 215.9 175.2 24.4 101.8 324.5 255.5 164.9 160.1 397.3 397.5 185.0 85.1 126.1 32.3 157.1 385.6 338.7 56.9 17.4 433.8 173.8 168.6 67.8 188.5 455.0 52.0 73.1 169.6 209.0 445.3 239.8 397.9 74.4 179.5 193.8 136.7 92.9 193.8 104.0 71.5 117.4 416.0 351.4 148.1 440.8 172.8 79.9 64.7 173.7 238.3 95.5 111.8
1352.3 477.6 444.5 103.8 481.1 454.6 429.6 496.8 256.0 487.2 470.9 0.0 385.2 363.1 432.5 388.0 426.1 107.7 408.9 475.8 490.5 62.8 459.0 271.1 517.6 346.7 391.2 354.1 390.7 518.6 488.3 417.1 504.5 414.9 510.6 464.3 240.6 189.2 275.1 196.0 122.6 509.6 289.1 548.3 509.9 546.8 547.1 125.9 494.4 493.2 336.2 346.0 491.8 428.5 174.1 227.7 442.1 354.4 87.1 182.7 492.9 552.5 447.2 466.1 533.2 133.0 232.0 504.3 488.4 124.4 470.1 466.8 429.6 456.8 202.4 449.2 386.5 487.7 290.2 57.6 384.0 247.5 413.6 490.5 474.6 523.1 419.6 470.1 519.6 457.9 503.8 286.7 245.4 387.3 185.9 481.2 390.5 500.1 336.8 261.1 377.1 457.5
1295.0 132.2 99.1 277.5 135.7 153.8 84.2 241.5 410.8 141.8 125.5 384.4 0.0 220.8 131.7 148.1 199.0 389.8 85.3 130.4 164.1 338.0 203.7 304.2 233.4 379.8 95.5 129.1 76.0 173.2 142.9 71.7 159.1 69.5 279.9 186.7 347.6 246.6 235.7 356.5 307.4 164.2 150.3 236.9 287.1 266.4 201.7 321.2 183.0 147.8 127.9 49.2 146.4 83.1 256.7 261.0 164.5 171.5 329.5 329.7 237.6 207.1 105.5 120.7 221.8 317.8 270.9 158.9 143.0 366.0 192.5 121.4 190.5 161.2 387.2 103.8 149.8 186.9 108.2 377.5 192.6 334.9 200.0 220.5 219.3 177.7 74.2 172.9 174.2 112.5 158.4 427.4 278.8 66.8 373.0 216.3 181.9 154.7 116.1 146.1 31.7 113.1
1434.7 192.0 158.9 250.0 178.3 281.9 193.7 274.7 383.3 148.9 104.3 356.9 238.5 0.0 259.8 133.2 70.6 362.3 234.8 116.3 208.3 310.5 269.1 174.0 293.2 245.0 274.2 161.5 219.8 217.4 122.2 216.7 216.3 221.1 365.8 243.9 320.1 278.9 134.9 329.0 279.9 224.0 187.7 210.0 346.9 326.2 203.1 293.7 242.8 207.6 178.3 248.1 128.8 209.4 229.2 160.2 265.7 117.5 306.7 302.2 279.2 172.1 230.5 136.7 244.1 290.3 243.4 98.5 86.6 338.5 274.6 273.0 66.4 288.0 359.7 145.6 108.5 270.4 227.9 350.0 320.7 302.6 50.4 280.3 293.9 237.5 218.3 294.6 181.5 172.3 202.6 366.2 256.1 254.0 345.5 273.6 85.9 159.3 181.7 214.5 199.9 216.2
1293.8 179.5 132.9 343.9 176.0 22.0 128.1 127.6 535.8 189.6 159.3 434.7 138.3 248.1 0.0 194.1 232.8 456.2 84.0 164.2 57.9 404.4 89.8 320.0 178.5 395.6 90.4 157.1 141.1 89.8 176.7 150.5 70.7 68.9 161.3 72.8 414.0 313.0 251.5 422.9 373.8 94.1 252.5 172.9 186.6 223.0 142.9 387.6 125.2 122.2 243.1 165.4 157.0 148.7 323.1 276.8 50.6 187.3 395.9 396.1 123.7 167.3 96.9 154.5 164.0 384.2 337.3 192.7 176.8 432.4 72.3 71.9 224.3 47.3 453.6 137.6 183.6 55.1 211.0 443.9 60.7 401.3 233.1 151.4 105.4 107.6 138.1 41.1 171.5 146.3 148.0 443.2 345.2 166.7 439.4 101.4 207.0 157.0 200.9 253.0 99.7 91.0
1376.6 144.9 111.8 264.6 148.4 252.5 114.9 228.3 433.8 178.5 167.8 371.5 154.0 153.2 230.4 0.0 159.1 376.9 174.0 172.7 171.1 325.1 222.7 218.0 246.1 289.0 203.5 48.6 86.5 185.9 151.1 116.1 184.8 160.3 318.7 196.5 334.7 293.5 149.5 343.6 294.5 176.9 88.7 244.4 299.8 279.1 214.4 308.7 195.7 160.5 79.3 112.7 185.2 76.1 243.8 174.8 207.6 18.5 321.3 316.8 232.8 227.4 152.2 163.0 229.2 304.9 258.0 162.1 176.5 353.1 227.5 220.1 193.7 258.6 374.3 146.1 103.0 223.3 114.7 364.6 291.3 317.2 163.5 233.2 247.5 190.4 85.0 271.6 186.9 125.2 171.1 341.2 270.7 120.7 360.1 226.5 129.9 167.4 82.7 115.5 139.1 137.4
1450.9 154.8 105.9 316.1 146.8 260.3 155.1 238.2 485.3 134.9 93.9 423.0 215.7 73.9 238.2 138.2 0.0 428.4 212.0 71.1 165.2 355.8 228.3 248.7 240.2 287.1 235.6 120.0 185.2 195.8 110.2 193.9 194.7 198.3 312.8 208.0 386.2 345.0 201.0 395.1 346.0 186.8 202.0 204.2 293.9 273.2 198.0 339.4 205.6 170.4 192.6 193.4 96.8 174.8 295.3 231.5 217.5 131.8 352.0 368.3 226.9 157.5 207.7 102.2 234.3 357.3 309.5 88.8 111.4 404.6 237.4 250.2 105.3 250.8 416.5 100.4 63.3 233.2 195.4 395.3 299.1 368.7 44.4 243.1 241.6 200.3 162.9 241.6 181.4 135.1 197.5 392.7 322.2 219.4 411.6 236.4 55.5 137.1 172.9 208.0 161.7 177.6
1342.7 502.3 469.2 116.4 505.8 514.6 454.3 556.8 188.9 511.9 495.6 84.1 409.9 369.6 492.5 412.7 432.6 0.0 433.6 500.5 528.5 147.0 519.0 277.6 553.4 353.2 415.9 378.8 415.4 543.3 513.0 441.8 529.2 439.6 501.0 524.3 247.1 213.9 281.6 128.9 87.4 545.6 313.8 608.3 518.8 537.2 571.8 58.8 554.4 517.9 360.9 370.7 516.5 453.2 180.6 252.4 502.1 379.1 171.3 171.0 552.9 577.2 471.9 490.8 593.2 81.6 256.7 529.0 513.1 22.7 530.1 491.5 436.1 516.8 151.0 473.9 393.0 547.7 314.9 88.8 444.0 254.0 420.1 550.5 534.6 559.1 444.3 530.1 544.3 482.6 528.5 293.2 251.9 412.0 118.8 541.2 397.0 524.8 361.5 285.8 401.8 482.2
1298.7 141.5 105.9 281.2 145.0 110.4 90.7 198.1 414.5 150.2 134.8 388.1 76.2 227.6 88.3 164.9 228.7 393.5 0.0 139.7 160.9 341.7 160.3 313.5 249.0 331.1 76.9 145.9 113.8 178.2 152.2 81.0 113.2 26.1 234.0 142.6 351.3 250.3 245.0 360.2 311.1 164.6 204.4 244.4 259.3 294.8 213.4 324.9 195.7 149.2 179.5 115.4 184.0 92.4 260.4 275.5 132.1 173.3 337.9 333.4 185.8 193.7 65.9 130.0 229.2 322.4 274.6 168.2 143.5 369.7 146.6 78.0 197.3 116.5 393.0 113.1 159.1 143.5 160.2 381.2 149.2 338.6 209.3 221.9 173.4 178.1 81.0 129.5 173.1 121.8 177.4 397.4 282.5 104.6 376.7 172.9 190.3 184.0 175.6 169.8 35.1 73.7
1387.4 87.3 76.2 328.0 83.8 213.0 101.0 219.9 497.2 63.5 21.6 434.9 152.2 116.9 190.9 157.7 67.5 440.3 150.6 0.0 139.4 388.5 214.3 281.4 210.5 357.0 187.9 141.2 132.0 148.5 28.4 130.4 147.4 134.8 283.1 190.5 398.1 356.9 212.9 407.0 357.9 141.3 212.2 116.8 264.2 243.5 125.7 371.7 160.1 124.9 202.8 193.3 24.5 119.9 307.2 238.2 211.5 147.0 380.0 380.2 230.3 85.2 144.2 47.7 157.2 368.3 321.4 27.4 39.1 416.5 220.4 186.7 59.0 235.1 437.7 57.6 43.6 216.2 220.3 428.0 251.8 380.6 75.4 197.6 239.1 155.4 111.0 240.4 104.1 89.6 119.9 404.6 334.1 166.2 423.5 219.4 50.4 64.8 185.0 239.0 113.6 129.9
1345.2 169.2 122.6 385.0 200.8 44.7 130.3 166.9 525.5 164.4 216.5 475.8 144.4 237.8 57.1 183.8 279.9 497.3 88.0 153.9 0.0 416.8 129.1 377.2 193.7 448.2 96.5 146.8 130.8 25.0 233.9 160.4 60.4 75.0 205.3 111.4 426.4 385.2 241.2 464.0 386.2 115.9 242.2 201.0 240.9 263.6 164.7 400.4 164.5 147.0 232.8 192.7 146.7 170.5 364.2 266.5 104.9 172.0 441.7 408.5 130.9 156.4 91.0 144.2 198.0 425.3 378.4 234.6 225.2 473.5 117.9 75.8 251.3 96.9 466.0 194.8 240.8 112.3 225.9 485.0 118.0 408.9 257.9 190.7 144.7 129.4 161.6 72.7 138.3 136.0 162.2 432.9 362.4 172.8 480.5 106.2 256.7 146.7 208.3 259.1 105.8 80.7
1435.8 375.8 342.7 57.3 379.3 425.8 367.9 468.0 163.1 409.4 387.1 83.4 317.1 310.5 403.7 335.0 353.2 142.1 340.8 390.4 402.0 0.0 430.2 218.5 488.8 289.5 323.1 325.3 361.9 416.8 382.0 349.0 415.7 346.8 455.8 434.8 188.0 272.7 222.5 108.8 59.7 407.8 260.3 480.5 481.1 502.9 445.3 73.5 426.6 391.4 307.4 305.1 416.1 360.4 121.5 211.7 424.3 330.6 86.5 122.8 458.2 458.3 379.1 382.3 460.1 70.1 149.7 393.0 395.8 118.3 441.3 398.7 377.0 421.1 139.5 365.4 333.9 458.9 261.4 129.8 355.2 194.9 361.0 461.7 445.8 421.3 351.5 441.3 417.8 356.1 419.6 234.1 192.8 358.5 125.3 452.4 337.9 398.3 325.7 232.3 309.0 389.4
1320.2 200.2 146.9 380.6 196.7 89.5 137.5 37.7 549.8 209.9 173.3 487.5 193.3 271.6 110.2 208.1 236.3 492.9 154.3 178.2 89.0 441.1 0.0 334.0 90.7 405.0 162.8 171.1 155.1 103.8 190.7 184.7 84.7 141.3 108.1 61.4 450.7 339.4 265.5 459.6 410.5 71.3 266.5 89.2 133.4 134.4 130.8 424.7 35.3 157.5 257.1 217.0 177.7 162.7 359.8 290.8 56.6 196.3 437.3 432.8 27.9 119.7 115.3 168.5 74.1 420.9 374.0 206.7 182.0 469.1 49.9 144.3 244.2 82.9 490.3 151.6 197.6 69.1 237.2 480.6 86.8 427.7 250.8 63.6 24.7 84.8 152.1 81.0 147.0 160.3 115.9 457.2 371.6 189.3 476.1 22.1 225.1 177.7 232.6 293.3 154.7 105.0
1382.9 240.9 207.8 179.6 244.4 346.4 257.0 324.3 281.0 275.9 252.2 286.5 282.4 175.6 324.3 200.1 218.7 291.9 298.1 255.5 272.8 240.1 318.7 0.0 342.1 17.5 288.4 210.4 266.3 281.9 247.1 280.0 280.8 284.4 421.1 292.8 234.5 208.5 82.5 270.6 209.5 272.9 225.6 345.6 395.8 375.1 310.4 223.3 291.7 256.5 245.2 282.5 281.2 255.9 158.8 128.5 314.6 184.4 236.3 228.6 328.8 323.4 293.8 247.4 330.5 219.9 173.0 258.1 260.9 268.1 323.5 336.3 242.1 336.9 289.3 230.5 199.0 319.3 226.7 279.6 320.5 184.3 226.1 329.2 343.5 286.4 264.8 343.5 282.9 221.2 267.1 188.4 148.7 300.5 289.7 322.5 203.0 263.4 248.6 197.6 274.3 279.5
1349.4 172.5 125.9 359.6 169.0 68.5 116.5 16.7 528.8 182.2 152.3 466.5 172.3 241.1 90.9 187.1 225.8 471.9 155.1 157.2 73.7 420.1 29.1 313.0 0.0 384.0 145.6 150.1 134.1 82.8 169.7 163.7 63.7 142.1 137.3 40.4 429.7 388.5 244.5 438.6 389.5 50.3 245.5 81.0 162.6 145.7 99.1 403.7 32.3 115.2 236.1 208.1 150.0 141.7 338.8 272.0 50.4 175.3 416.3 411.8 39.2 116.7 94.3 147.5 65.8 400.8 353.0 185.7 169.8 448.1 70.3 143.9 217.3 81.9 469.3 130.6 176.6 48.1 216.2 459.6 116.0 412.2 226.1 74.9 53.9 63.8 131.1 90.3 127.7 139.3 104.2 436.2 365.7 168.3 455.1 53.4 200.0 150.0 193.9 272.3 133.7 84.0
1470.0 321.9 288.8 260.6 325.4 427.4 338.0 405.3 323.1 355.9 333.2 367.5 369.5 256.6 405.3 227.7 319.6 372.9 408.0 336.5 352.7 321.1 399.7 80.9 369.7 0.0 390.3 296.0 347.3 362.9 328.1 401.4 361.8 365.4 523.0 374.6 276.6 289.5 163.5 312.7 290.5 353.9 312.7 426.6 423.4 456.1 391.4 304.7 372.7 337.5 330.2 384.4 362.2 336.9 254.0 209.5 395.6 265.4 321.9 270.7 356.4 404.4 374.8 328.4 411.5 300.9 254.0 339.1 350.7 349.1 409.1 417.3 323.1 409.3 370.3 311.5 280.0 400.3 328.6 360.6 407.6 226.4 307.1 410.2 424.5 367.4 292.4 424.5 363.9 302.2 348.1 200.9 190.8 410.9 331.8 403.5 285.0 344.4 375.2 299.5 376.2 360.5
1281.3 179.8 146.7 263.8 211.0 118.4 83.2 206.1 397.1 189.9 173.1 370.7 95.8 261.9 96.3 198.4 236.1 376.1 58.9 178.0 154.3 324.3 168.3 333.8 257.0 404.8 0.0 170.9 148.1 186.2 190.5 109.5 123.7 45.9 244.5 150.6 333.9 232.9 265.3 342.8 293.7 172.6 173.1 233.3 269.8 302.8 221.4 307.5 203.7 157.2 179.8 144.0 192.0 123.4 243.0 290.6 129.1 196.1 320.5 316.0 196.3 201.7 55.9 168.3 242.5 304.1 257.2 206.5 181.8 352.3 157.1 86.0 238.1 124.5 373.5 151.4 197.4 151.5 133.8 363.8 157.2 321.2 247.6 229.9 183.9 186.1 114.5 137.5 183.6 160.1 185.4 380.0 265.1 143.7 359.3 180.9 224.9 192.0 180.4 162.5 76.7 66.2
1347.2 114.7 81.6 261.1 118.2 240.3 102.7 198.1 430.3 148.3 126.0 368.0 125.4 142.6 218.2 35.4 128.3 373.4 177.4 129.3 146.6 321.6 192.5 214.5 215.9 232.1 191.3 0.0 74.3 155.7 120.9 103.9 154.6 161.6 288.5 167.9 331.2 290.0 146.0 340.1 291.0 146.7 121.1 219.4 269.6 248.9 184.2 304.8 165.5 130.3 98.7 64.0 155.0 63.9 240.3 176.5 177.4 54.0 317.8 313.3 202.6 197.2 140.0 121.2 204.3 301.4 254.5 131.9 134.7 349.6 197.3 207.9 163.5 217.6 370.8 104.3 72.8 193.1 66.0 361.1 279.1 313.7 133.3 203.0 217.3 160.2 72.8 217.3 156.7 95.0 140.9 337.7 267.2 96.4 356.6 196.3 105.6 137.2 43.7 138.3 126.9 125.2
1356.8 129.7 96.6 283.8 133.2 183.6 63.7 213.1 453.0 139.3 123.0 390.7 67.4 165.3 161.5 72.0 159.8 396.1 115.1 127.9 161.6 344.3 233.5 237.2 230.9 312.8 144.4 53.0 0.0 170.7 140.4 29.5 188.9 99.3 309.7 182.4 353.9 312.7 168.7 362.8 313.7 161.7 156.8 234.4 284.6 263.9 199.2 327.5 180.5 145.3 134.4 61.8 143.9 31.3 263.0 194.0 194.3 95.6 335.8 336.0 223.5 204.6 95.6 118.2 219.3 324.1 277.2 156.4 140.5 372.3 222.3 151.2 188.0 191.0 393.5 101.3 127.4 216.7 114.7 383.8 222.4 336.4 197.5 218.0 249.1 175.2 40.2 202.7 171.7 110.0 155.9 360.4 289.9 34.1 379.3 211.3 124.2 152.2 91.2 172.1 83.0 92.6
1320.1 189.5 175.3 370.2 186.0 64.4 121.9 152.1 503.5 199.6 201.7 461.0 129.6 263.9 42.3 236.5 259.9 482.5 75.3 191.3 117.4 430.7 114.3 362.4 203.0 438.0 81.7 199.5 167.2 0.0 219.1 141.8 113.1 60.2 190.5 97.3 440.3 339.3 293.9 449.2 400.1 118.6 254.9 197.4 215.8 248.8 167.4 413.9 149.7 132.2 235.4 156.7 167.0 155.7 349.4 319.2 75.1 229.7 422.2 422.4 148.2 191.8 88.2 196.9 188.5 410.5 363.6 219.8 219.2 458.7 103.1 61.0 236.5 71.8 479.9 180.0 226.0 97.5 202.7 470.2 103.2 427.6 243.1 175.9 129.9 132.1 146.8 83.5 158.6 188.7 172.5 485.6 371.5 158.0 465.7 126.9 242.8 167.0 211.3 244.3 91.0 98.5
1387.2 87.5 76.0 342.9 75.5 218.9 107.2 192.5 512.1 88.4 62.5 449.8 152.0 115.3 196.8 172.6 82.4 455.2 148.3 39.7 141.0 403.4 186.9 296.3 210.3 313.9 187.7 156.1 131.8 150.1 0.0 130.2 149.0 134.6 282.9 161.8 413.0 371.8 227.8 421.9 372.8 141.1 227.1 164.0 264.0 243.3 166.6 386.6 159.9 124.7 217.7 193.1 65.4 119.7 322.1 258.3 171.8 156.9 399.6 395.1 197.0 126.1 144.0 43.6 202.9 384.1 336.3 24.3 80.0 431.4 191.7 186.5 55.9 196.2 452.6 29.1 58.5 187.5 235.2 442.9 257.7 395.5 90.3 197.4 211.7 154.6 110.8 211.7 145.0 89.4 166.1 419.5 349.0 166.0 438.4 190.7 64.4 94.5 198.0 253.9 113.4 129.7
1327.2 110.7 77.6 322.5 114.2 163.8 62.7 194.1 491.7 120.3 104.0 429.4 73.5 199.3 141.7 110.7 177.5 434.8 90.4 108.9 136.9 383.0 213.7 275.9 211.9 351.5 114.8 91.7 38.6 151.7 121.4 0.0 169.1 74.6 289.9 163.4 392.6 351.4 207.4 401.5 352.4 142.7 162.9 215.4 265.6 244.9 180.2 366.2 161.5 126.3 140.5 67.9 124.9 61.6 301.7 232.7 174.5 134.3 374.5 374.7 204.5 185.6 66.0 99.2 200.3 362.8 315.9 137.4 121.5 411.0 202.5 131.4 169.0 171.2 432.2 82.3 128.3 196.9 120.8 422.5 202.6 375.1 178.5 199.0 229.3 156.2 52.7 182.9 152.7 91.0 136.9 399.1 311.0 40.2 418.0 192.3 160.4 133.2 97.3 178.2 53.4 76.3
1343.7 95.2 62.1 295.8 98.7 130.8 52.7 218.5 465.0 103.9 88.5 402.7 108.5 177.3 108.7 123.3 162.0 408.1 91.3 93.4 121.4 356.3 180.7 249.2 196.4 320.2 81.8 86.3 70.3 136.2 105.9 99.9 0.0 78.3 256.9 163.7 365.9 324.7 180.7 374.8 325.7 127.2 181.7 194.7 282.2 229.4 164.7 339.5 146.0 110.8 172.3 144.3 109.4 77.9 275.0 206.0 152.5 111.5 352.5 348.0 208.7 170.1 30.5 83.7 184.8 336.1 289.2 121.9 97.2 384.3 169.5 98.4 153.5 136.9 405.5 66.8 112.8 163.9 165.4 395.8 169.6 348.4 163.0 183.5 196.3 140.7 67.3 149.9 137.2 75.5 121.4 372.4 301.9 104.5 391.3 193.3 136.2 117.7 130.1 208.5 69.9 20.2
1304.5 134.6 101.5 287.0 138.1 84.2 73.4 171.9 420.3 144.2 127.9 393.9 69.3 223.2 62.1 160.5 201.4 399.3 15.0 132.8 120.1 347.5 134.1 317.6 222.8 393.2 53.2 154.7 106.9 152.0 145.3 74.1 89.5 0.0 210.3 117.1 357.1 256.1 249.1 366.0 316.9 138.4 197.5 199.1 235.6 268.6 187.2 330.7 169.5 123.0 175.1 96.4 157.8 85.5 266.2 274.4 94.9 184.9 339.0 339.2 168.0 167.5 39.7 123.1 208.3 327.3 280.4 161.3 145.4 375.5 122.9 51.8 192.9 91.6 396.7 106.2 152.2 117.3 155.4 387.0 123.0 344.4 202.4 195.7 149.7 151.9 76.6 103.3 149.4 114.9 133.6 403.2 288.3 97.7 382.5 146.7 184.3 157.8 151.0 173.5 30.7 50.0
1305.5 250.4 203.8 381.9 246.9 146.4 194.4 94.6 515.2 260.5 230.2 472.7 250.2 319.0 168.8 265.0 293.6 494.2 216.5 235.1 145.9 442.4 107.0 390.9 77.8 408.5 223.5 228.0 212.0 160.7 247.6 241.6 141.6 203.5 0.0 117.5 452.0 351.0 322.4 460.9 411.8 128.2 323.4 164.1 25.2 61.6 177.0 425.6 110.2 193.1 314.0 273.9 227.9 219.6 361.1 347.7 128.3 253.2 438.6 434.1 111.5 194.6 172.2 225.4 143.7 422.2 375.3 263.6 238.9 470.4 132.8 221.0 295.2 114.9 491.6 208.5 254.5 126.0 294.1 481.9 98.4 439.3 304.0 82.9 92.7 141.7 209.0 168.2 205.6 217.2 174.5 498.1 383.2 246.2 477.4 131.3 277.9 227.9 289.5 314.9 211.6 161.9
1319.8 174.9 113.7 348.5 171.4 57.4 105.4 81.3 517.7 185.0 141.2 455.4 161.2 228.9 79.8 174.9 213.6 460.8 136.9 146.1 55.8 409.7 60.9 300.8 115.8 372.9 133.4 137.9 123.0 71.7 157.5 152.6 51.5 121.0 149.3 0.0 418.6 339.0 233.4 427.5 378.4 21.2 234.4 98.9 173.8 160.0 70.0 391.1 58.0 109.1 225.0 183.8 151.3 130.6 327.7 260.9 21.7 163.1 404.1 400.7 59.4 94.4 83.2 136.4 101.1 387.7 341.9 173.5 157.6 437.0 29.3 124.0 205.1 44.0 457.1 119.5 165.5 37.0 218.8 448.5 86.4 427.3 215.0 89.2 66.6 34.7 120.7 49.8 97.5 128.2 74.0 424.0 371.2 157.2 444.0 28.8 189.9 152.4 181.7 261.9 121.5 72.9
1418.6 376.8 343.7 138.9 380.3 426.8 362.5 469.0 241.1 410.8 388.1 245.8 318.1 311.5 404.7 336.0 374.5 251.2 341.8 391.4 408.7 199.4 431.2 219.5 489.8 295.1 324.1 326.3 362.9 417.8 383.0 350.0 416.7 347.8 456.8 436.5 0.0 186.2 223.5 230.7 168.8 408.8 261.3 481.5 482.1 503.9 446.3 182.6 427.6 392.4 308.4 318.2 417.1 361.4 122.5 217.9 414.3 326.6 190.9 188.7 465.1 459.3 380.1 383.3 466.4 179.2 150.7 394.0 405.6 227.4 442.3 399.7 378.0 429.0 248.6 366.4 334.9 459.9 249.1 238.9 356.2 195.9 362.0 462.7 446.8 422.3 352.5 442.3 418.8 357.1 403.0 46.0 193.8 359.5 249.8 453.4 338.9 399.3 309.0 233.3 310.0 390.4
1318.0 309.9 276.8 120.0 313.4 326.2 261.9 368.4 253.3 319.5 303.2 226.9 217.5 294.1 304.1 259.6 351.2 232.3 241.2 308.1 336.1 180.5 330.6 202.2 389.2 277.8 223.5 225.7 262.3 350.9 320.6 249.4 336.8 247.2 356.2 335.9 190.1 0.0 206.1 199.0 149.9 341.9 160.7 419.9 381.5 403.3 379.4 163.7 366.0 325.5 207.8 217.6 324.1 260.8 105.2 99.3 313.7 226.0 172.0 172.2 364.5 384.8 279.5 298.4 404.8 160.3 42.7 336.6 320.7 208.5 341.7 299.1 368.2 328.4 229.7 281.5 298.6 359.3 161.8 220.0 255.6 178.6 359.1 362.1 346.2 355.4 251.9 341.7 351.9 290.2 336.1 236.2 169.1 258.9 215.5 352.8 331.2 332.4 208.4 132.7 209.4 289.8
1365.8 199.3 166.2 181.1 202.8 304.8 209.0 282.7 355.6 233.3 210.6 288.0 265.3 134.0 282.7 158.5 197.0 293.4 258.6 213.9 225.5 241.6 277.1 81.4 300.5 157.0 271.3 168.8 224.7 240.3 205.5 238.4 239.2 242.8 373.1 252.0 251.2 210.0 0.0 345.2 211.0 231.3 208.5 304.0 354.2 333.5 268.8 224.8 250.1 214.9 203.6 245.0 239.6 214.3 160.3 91.3 273.0 147.8 233.1 303.2 293.1 281.8 252.2 205.8 288.9 221.4 174.5 216.5 228.1 269.6 281.9 294.7 200.5 296.6 290.8 188.9 157.4 277.7 209.6 281.1 303.4 258.9 184.5 287.6 301.9 244.8 223.2 301.9 241.3 179.6 225.5 263.0 223.3 258.9 364.3 280.9 161.4 221.8 207.0 180.5 221.6 237.9
1471.0 404.2 371.1 85.7 407.7 454.2 389.9 496.4 119.0 438.2 415.5 163.6 345.5 338.9 432.1 363.4 401.9 128.2 369.2 418.8 436.1 138.7 458.6 246.9 517.2 322.5 351.5 353.7 390.3 445.2 410.4 377.4 444.1 375.2 484.2 463.9 216.4 213.6 250.9 0.0 60.0 436.2 288.7 508.9 509.5 531.3 473.7 59.6 455.0 419.8 335.8 345.6 444.5 388.8 149.9 245.3 441.7 354.0 112.2 42.0 492.5 486.7 407.5 410.7 493.8 109.3 178.1 421.4 433.0 104.4 469.7 427.1 405.4 456.4 143.6 393.8 362.3 487.3 289.8 115.9 383.6 223.3 389.4 490.1 474.2 449.7 379.9 469.7 446.2 384.5 430.4 198.7 221.2 386.9 59.5 480.8 366.3 426.7 336.4 260.7 337.4 417.8
1422.0 347.4 314.3 28.9 350.9 397.4 333.1 439.6 103.3 381.4 358.7 117.7 288.7 282.1 375.3 306.6 345.1 82.3 312.4 362.0 379.3 81.9 401.8 190.1 460.4 265.7 294.7 296.9 333.5 388.4 353.6 320.6 387.3 318.4 427.4 407.1 159.6 156.8 194.1 72.0 0.0 379.4 231.9 452.1 452.7 474.5 416.9 13.7 398.2 363.0 279.0 288.8 387.7 332.0 93.1 188.5 384.9 297.2 52.1 86.0 435.7 429.9 350.7 353.9 437.0 10.3 121.3 364.6 376.2 58.5 412.9 370.3 348.6 399.6 79.7 337.0 305.5 430.5 233.0 70.0 326.8 166.5 332.6 433.3 417.4 392.9 323.1 412.9 389.4 327.7 373.6 205.7 164.4 330.1 65.5 424.0 309.5 369.9 279.6 203.9 280.6 361.0
1339.0 153.6 122.6 356.3 150.1 65.2 117.8 67.8 525.5 163.7 149.0 463.2 169.0 252.4 100.5 183.8 224.0 468.6 155.3 155.4 64.7 416.8 62.2 309.7 85.6 385.3 142.3 146.8 130.8 79.5 184.9 160.4 60.4 140.2 167.7 19.1 426.4 358.2 241.2 435.3 386.2 0.0 242.2 78.7 139.3 118.6 48.7 400.4 35.2 87.8 232.8 192.7 131.1 138.4 335.5 266.5 40.1 177.0 408.3 408.5 78.6 73.1 91.0 177.3 74.0 396.6 349.7 183.9 166.5 444.8 49.0 143.2 215.5 63.7 466.0 127.3 200.1 44.8 225.9 456.3 105.6 446.5 231.6 72.7 85.8 13.4 127.8 69.0 77.3 136.0 53.8 432.9 390.4 165.0 451.8 48.0 206.9 131.1 190.6 269.0 130.4 80.7
1287.8 214.2 181.1 309.2 217.7 296.0 207.4 338.2 478.4 248.2 225.5 416.1 161.8 197.8 273.9 98.8 224.0 421.5 198.1 222.9 240.4 369.7 300.4 262.6 359.0 338.2 188.9 120.6 157.2 255.2 220.4 174.2 254.1 219.0 326.0 266.9 379.3 338.1 194.1 388.2 339.1 246.2 0.0 318.9 351.3 373.1 283.7 352.9 265.0 229.8 47.9 112.5 248.6 175.0 288.4 219.4 283.5 65.2 361.2 361.4 334.3 309.3 240.3 220.7 303.8 349.5 302.6 225.5 243.0 397.7 311.5 270.9 257.1 298.2 418.9 203.8 172.3 329.1 56.7 409.2 225.4 361.8 244.9 331.9 316.0 259.7 183.9 311.5 256.2 194.5 240.4 385.8 315.3 153.8 404.7 322.6 170.4 236.7 99.3 26.7 166.3 236.3
1408.5 109.8 165.6 425.5 106.3 134.7 196.8 101.9 594.7 120.9 124.7 532.4 235.3 219.0 170.0 259.3 200.6 537.8 204.0 111.6 121.6 486.0 96.3 385.2 137.7 396.5 217.8 216.0 200.0 130.7 147.4 213.5 129.6 191.0 199.3 89.1 495.6 427.7 310.4 504.5 455.4 69.4 324.9 0.0 186.2 165.5 75.0 469.2 69.2 108.8 321.8 274.0 93.6 203.0 404.7 340.9 98.6 261.0 482.2 477.7 101.2 29.3 160.2 133.5 60.1 466.7 418.9 146.4 133.4 514.0 124.8 191.8 178.0 131.9 541.5 164.9 156.3 114.3 288.4 525.5 175.1 516.0 188.1 124.8 121.1 53.5 194.1 144.8 65.3 172.7 80.1 508.4 459.9 234.2 521.0 117.5 162.2 87.3 277.5 358.0 203.0 156.2
1295.9 268.2 221.6 407.2 264.7 164.2 212.2 112.4 540.5 263.4 248.0 498.0 268.0 315.4 186.6 282.8 322.5 519.5 241.8 252.9 169.4 467.7 124.8 408.7 95.6 484.3 241.3 245.8 229.8 178.5 265.4 259.4 159.4 228.8 25.2 135.3 477.3 376.3 340.2 486.2 437.1 146.0 341.2 176.7 0.0 79.4 194.8 450.9 128.0 210.9 331.8 291.7 245.7 237.4 386.4 365.5 146.1 271.0 463.9 459.4 129.3 212.4 190.0 243.2 161.5 448.4 400.6 281.4 277.5 495.7 158.1 246.3 288.0 170.4 516.9 226.3 272.3 143.8 324.9 507.2 123.7 464.6 294.6 100.7 118.0 159.5 226.8 186.0 223.4 235.0 192.3 523.4 408.5 264.0 502.7 149.1 295.7 245.7 289.6 340.2 229.4 179.7
1365.6 188.7 142.1 375.8 185.2 84.7 132.7 32.9 545.0 198.8 168.5 482.7 188.5 257.3 107.1 203.3 231.5 488.1 171.3 173.4 89.9 436.3 45.3 329.2 16.1 346.8 161.8 166.3 150.3 99.0 185.9 179.9 79.9 158.3 106.7 59.8 445.9 404.7 260.7 454.8 405.7 66.5 261.7 97.2 132.0 0.0 115.3 419.9 48.5 131.4 252.3 224.3 166.2 157.9 355.0 288.2 66.6 191.5 432.5 428.0 55.4 132.9 110.5 163.7 82.0 416.1 369.2 201.9 177.2 464.3 86.5 160.1 233.5 98.1 485.5 146.8 192.8 64.3 232.4 475.8 132.2 428.4 242.3 21.2 70.1 80.0 147.3 106.5 143.9 155.5 112.8 452.4 381.9 184.5 471.3 69.6 220.3 166.2 227.8 288.5 149.9 100.2
1424.4 122.2 171.7 437.9 118.7 150.6 196.5 135.5 607.1 132.3 137.1 544.8 247.7 207.1 185.5 265.4 192.6 550.2 218.5 124.0 128.3 498.4 129.9 391.3 153.3 466.9 223.9 228.4 212.4 143.1 153.5 225.9 142.0 203.4 225.9 104.5 508.0 443.6 322.8 516.9 467.8 84.1 337.3 69.0 207.0 186.3 0.0 481.6 102.9 67.7 327.9 274.3 99.7 215.4 417.1 348.1 125.5 272.1 489.9 490.1 145.9 63.4 172.6 145.9 71.2 478.2 431.3 152.5 169.2 526.4 134.4 204.2 179.7 149.1 547.6 177.3 168.7 130.2 307.5 537.9 191.0 531.9 186.3 140.4 154.7 69.4 206.5 154.4 32.0 185.1 33.7 514.5 475.8 246.6 533.4 133.4 175.5 99.7 272.2 364.1 209.1 162.3
1410.9 376.0 342.9 57.5 379.5 426.0 368.1 468.2 130.0 410.0 387.3 103.9 317.3 310.7 403.9 335.2 353.4 68.1 341.0 390.6 402.2 166.8 430.4 218.7 489.0 289.7 323.3 325.5 362.1 417.0 382.2 349.2 415.9 347.0 456.0 435.7 188.2 185.4 222.7 70.0 28.5 408.0 260.5 480.7 481.3 503.1 445.5 0.0 426.8 391.6 307.6 305.3 416.3 360.6 121.7 217.1 424.5 330.8 85.4 112.1 458.4 458.5 379.3 382.5 460.3 22.7 149.9 393.2 396.0 44.3 441.5 398.9 377.2 421.3 92.1 365.6 334.1 459.1 261.6 55.8 355.4 195.1 361.2 461.9 446.0 421.5 351.7 441.5 418.0 356.3 419.8 234.3 193.0 358.7 59.9 452.6 338.1 398.5 325.9 232.5 309.2 389.6
1347.3 164.8 141.8 375.5 161.3 84.4 137.0 32.6 544.7 174.9 179.7 482.4 188.2 236.2 106.8 203.0 235.2 487.8 183.5 166.6 89.6 436.0 27.0 328.9 68.4 404.5 161.5 166.0 150.0 98.7 196.1 179.6 79.6 168.4 135.2 56.3 445.6 366.5 260.4 454.5 405.4 65.8 261.4 53.8 122.1 101.4 95.4 419.6 0.0 122.1 252.0 211.9 142.3 157.6 354.7 285.7 77.3 196.2 427.5 427.7 43.0 84.3 110.2 188.5 38.7 415.8 368.9 195.1 198.3 464.0 77.0 171.4 208.8 79.8 485.2 146.5 211.3 64.0 232.1 475.5 113.9 454.8 215.4 55.5 51.8 65.7 147.0 108.1 111.6 155.2 88.1 452.1 398.7 184.2 471.0 51.3 218.1 142.3 209.8 288.2 149.6 99.9
1356.9 170.0 140.5 374.2 166.5 83.1 135.7 67.7 543.4 180.1 184.9 481.1 186.9 268.8 118.4 201.7 240.4 486.5 173.2 171.8 88.3 434.7 62.1 327.6 85.5 403.2 160.2 164.7 148.7 97.4 201.3 178.3 78.3 158.1 158.1 37.0 444.3 376.1 259.1 453.2 404.1 16.3 260.1 89.0 139.2 118.5 65.1 417.9 35.1 0.0 250.7 210.6 147.5 156.3 353.4 284.4 58.0 194.9 426.2 426.4 78.1 89.5 108.9 193.7 73.9 414.5 367.6 200.3 202.4 462.7 66.9 161.1 231.9 81.6 483.9 145.2 216.5 62.7 243.8 474.2 123.5 464.4 248.0 72.6 86.9 29.8 145.7 86.9 93.7 153.9 70.2 450.8 408.3 182.9 469.7 65.9 223.3 147.5 208.5 286.9 148.3 98.6
1327.8 201.5 168.4 311.8 205.0 269.4 189.5 284.9 481.0 235.5 212.8 418.7 127.9 200.4 247.3 101.4 217.8 424.1 200.9 225.5 233.4 372.3 279.3 265.2 302.7 336.2 184.1 86.7 123.3 242.5 207.7 140.3 274.7 185.1 366.0 253.4 381.9 340.7 196.7 390.8 341.7 233.5 39.9 306.2 356.4 335.7 271.0 355.5 252.3 217.1 0.0 66.5 251.2 150.7 291.0 224.2 280.1 72.8 368.5 364.0 289.4 284.0 206.4 208.0 291.1 352.1 305.2 228.1 221.5 400.3 308.1 237.0 259.7 275.5 421.5 191.1 159.6 302.5 56.1 411.8 265.4 364.4 220.1 289.8 304.1 247.0 159.6 288.5 243.5 181.8 227.7 388.4 317.9 119.9 407.3 283.1 177.1 224.0 69.4 66.7 159.7 212.0
1327.1 178.2 145.1 334.3 181.7 190.7 132.7 278.4 503.5 186.9 171.5 441.2 49.2 214.7 168.6 107.5 190.4 446.6 120.1 176.4 226.6 393.7 240.6 286.6 288.0 305.3 147.9 72.0 50.4 219.2 201.0 67.4 208.1 106.4 328.9 222.9 404.4 363.2 219.2 413.3 364.2 210.2 101.0 277.7 342.1 321.0 247.7 376.9 229.0 193.8 66.5 0.0 192.4 81.8 313.5 249.7 212.4 136.1 389.9 386.5 268.6 253.1 133.5 166.7 262.5 375.5 327.7 217.0 180.2 422.8 241.5 158.3 248.6 196.8 442.9 149.8 157.0 223.8 33.8 433.2 229.5 386.9 217.5 266.5 256.2 223.7 102.8 209.8 228.8 158.5 222.0 409.8 340.4 41.2 429.8 253.2 175.7 200.7 84.5 106.1 81.0 155.2
1383.1 62.7 71.9 353.2 59.2 188.4 103.1 195.3 522.4 59.7 37.3 460.1 147.9 142.4 166.3 183.0 102.1 465.5 144.2 24.2 109.1 413.7 189.7 306.6 203.8 324.2 183.6 143.7 127.7 123.9 53.7 126.1 122.8 130.5 276.4 165.1 423.3 334.7 238.1 432.2 383.1 134.6 237.5 98.5 257.5 236.8 101.1 396.9 153.4 118.2 228.1 201.1 0.0 115.6 332.4 263.4 186.9 167.3 409.9 405.4 199.8 60.6 139.9 46.1 137.4 393.5 346.6 52.7 46.0 441.7 195.8 182.4 84.3 165.7 462.9 65.8 68.9 191.6 209.8 453.2 227.2 405.8 100.7 190.9 214.5 130.8 106.7 215.8 79.5 85.3 100.6 429.8 366.9 161.9 448.7 194.8 71.9 40.2 208.4 264.3 109.3 125.6
1336.7 98.3 65.2 304.7 101.8 176.3 32.3 181.7 473.9 107.9 91.6 411.6 92.1 186.9 154.2 74.9 165.1 417.0 99.9 96.5 130.2 365.2 176.1 258.1 199.5 333.7 127.3 55.9 24.6 139.3 109.0 54.2 181.6 84.1 272.1 151.0 374.8 333.6 189.6 383.7 334.6 130.3 163.7 203.0 253.2 232.5 167.8 348.8 149.1 113.9 154.3 86.5 112.5 0.0 283.9 214.9 187.0 98.5 356.7 356.9 192.1 173.2 76.0 86.8 187.9 345.0 298.1 125.0 109.1 393.2 180.9 143.9 156.6 183.7 414.4 69.9 115.9 209.4 122.0 404.7 215.1 357.3 166.1 186.6 200.9 143.8 8.9 195.4 140.3 78.6 124.5 381.3 310.8 58.8 400.2 179.9 148.0 120.8 99.7 190.5 62.9 61.2
1329.1 287.3 254.2 73.8 290.8 337.3 273.0 379.5 207.1 321.3 298.6 180.7 228.6 222.0 315.2 246.5 285.0 186.1 252.3 301.9 313.5 134.3 341.7 130.0 400.3 205.6 234.6 236.8 273.4 328.3 293.5 260.5 327.2 258.3 367.3 347.0 143.9 102.7 134.0 152.8 103.7 319.3 171.8 392.0 392.6 414.4 356.8 117.5 338.1 302.9 218.9 228.7 327.6 271.9 0.0 128.4 324.8 237.1 125.8 126.0 375.6 369.8 290.6 293.8 376.9 114.1 67.2 304.5 316.1 162.3 352.8 310.2 288.5 339.5 183.5 276.9 245.4 370.4 172.9 173.8 266.7 73.3 272.5 373.2 357.3 332.8 263.0 352.8 329.3 267.6 313.5 218.6 83.7 270.0 169.3 363.9 249.4 309.8 219.5 143.8 220.5 300.9
1272.2 264.1 228.0 180.8 267.6 280.4 224.7 322.6 314.1 273.7 257.4 239.1 171.7 194.7 258.3 210.8 305.4 290.9 195.4 262.3 290.3 239.1 281.8 144.4 345.6 212.4 174.7 176.9 216.5 305.1 274.8 203.6 288.0 201.4 312.6 290.1 250.9 101.6 108.9 259.8 210.7 296.1 114.9 371.1 332.7 354.3 333.6 224.9 320.2 279.7 162.0 171.8 275.3 215.0 160.0 0.0 267.9 182.2 235.3 233.0 309.8 339.0 233.7 252.6 359.0 221.1 144.4 290.8 274.9 269.3 298.1 253.3 322.4 279.6 288.3 235.7 252.8 313.5 99.7 280.8 209.8 207.9 313.3 316.3 297.4 309.6 203.1 298.1 303.1 244.4 290.3 297.0 151.8 213.1 276.3 307.0 286.5 286.6 162.6 89.1 160.6 241.0
1298.8 197.1 137.0 348.9 193.6 65.9 116.6 103.8 539.9 208.2 163.4 439.7 169.4 241.2 59.4 198.2 226.8 461.2 113.0 168.3 68.1 420.2 59.0 313.1 128.2 341.7 121.5 161.2 145.2 93.9 169.8 174.8 74.8 100.0 138.5 21.4 419.0 318.0 255.6 427.9 378.8 43.4 256.6 128.5 152.8 171.9 92.2 392.6 80.2 131.3 236.2 208.6 163.6 152.8 328.1 286.1 0.0 175.4 416.4 401.1 65.4 116.6 105.4 158.6 113.7 390.1 342.3 185.8 172.1 437.4 19.8 103.0 217.4 22.2 458.6 141.7 187.7 59.2 227.3 448.9 65.4 406.3 237.2 110.7 64.7 56.9 131.2 27.9 109.8 150.4 89.7 436.3 350.2 179.4 444.4 51.7 212.1 174.6 222.7 272.4 130.8 84.1
1358.0 143.9 110.8 238.9 147.4 249.4 143.5 227.3 408.1 177.9 155.2 345.8 179.8 127.5 227.3 28.5 133.4 351.2 202.6 152.6 175.8 299.4 221.7 192.3 245.1 263.3 232.1 68.0 115.1 184.9 150.1 144.7 183.8 188.9 317.7 195.8 309.0 267.8 123.8 317.9 268.8 175.9 70.1 248.6 298.8 278.1 213.4 282.6 194.7 159.5 60.7 130.5 178.3 104.7 218.1 154.3 217.6 0.0 295.6 291.1 231.8 239.0 180.8 150.4 228.2 280.1 232.3 155.2 163.9 327.4 226.5 248.7 186.8 226.7 348.6 133.5 102.0 222.3 110.3 338.9 295.6 291.5 174.6 232.2 246.5 189.4 113.6 246.5 185.9 124.2 170.1 315.5 245.0 149.3 334.4 225.5 100.1 166.4 64.1 96.9 167.7 166.0
1444.8 385.2 352.1 66.7 388.7 435.2 377.3 477.4 151.2 418.8 396.5 92.4 326.5 319.9 413.1 344.4 362.6 130.2 352.7 399.8 417.1 117.2 439.6 227.9 498.2 298.9 332.5 334.7 371.3 426.2 391.4 358.4 425.1 356.2 465.2 444.2 197.4 281.7 231.9 109.8 47.8 417.2 269.7 484.7 490.5 512.3 454.7 61.6 436.0 400.8 316.8 326.6 425.5 369.8 130.9 224.1 422.7 340.0 0.0 123.8 467.6 467.7 388.5 391.7 469.5 58.2 159.1 402.4 405.2 106.4 450.7 408.1 386.4 430.5 127.6 374.8 343.3 468.3 257.5 117.9 364.6 204.3 370.4 471.1 455.2 430.7 360.9 450.7 427.2 365.5 429.0 243.5 202.2 367.9 113.4 461.8 347.3 407.7 335.1 241.7 318.4 398.8
1415.8 374.0 340.9 79.6 377.5 424.0 359.7 466.2 161.0 408.0 385.3 205.6 315.3 308.7 401.9 333.2 371.7 170.2 339.0 388.6 400.2 132.6 428.4 216.7 487.0 292.3 321.3 323.5 360.1 415.0 380.2 347.2 413.9 345.0 454.0 433.7 186.2 183.4 220.7 41.9 102.0 406.0 258.5 478.7 479.3 501.1 443.5 101.6 424.8 389.6 305.6 315.4 414.3 358.6 119.7 215.1 411.5 323.8 115.7 0.0 462.3 456.5 377.3 380.5 463.6 104.0 147.9 391.2 402.8 146.4 439.5 396.9 375.2 426.2 173.4 363.6 332.1 457.1 259.6 157.9 353.4 193.1 359.2 459.9 444.0 419.5 349.7 439.5 416.0 354.3 400.2 156.6 191.0 356.7 101.5 450.6 336.1 396.5 306.2 230.5 307.2 387.6
1339.9 200.8 154.2 387.9 197.3 96.8 144.8 45.0 557.1 196.0 180.6 494.8 200.6 269.4 119.2 215.4 243.6 500.2 174.0 185.5 96.3 448.4 19.6 341.3 61.7 416.9 173.9 178.4 162.4 111.1 198.0 192.0 92.0 161.0 114.8 67.9 458.0 359.1 272.8 466.9 417.8 91.0 273.8 105.8 140.1 100.0 139.8 431.6 57.1 143.5 264.4 224.3 178.3 170.0 367.1 298.1 71.4 203.6 444.6 440.1 0.0 141.5 122.6 175.8 90.6 428.2 381.3 214.0 198.1 476.4 69.6 164.0 245.6 102.6 497.6 158.9 204.9 76.4 257.5 487.9 106.5 447.4 254.4 34.6 44.4 104.5 159.4 100.3 168.4 167.6 137.3 464.5 391.3 196.6 483.4 25.9 228.3 178.3 239.9 300.6 162.0 112.3
1421.5 80.4 129.9 396.1 76.9 165.8 154.7 134.6 565.3 90.5 95.3 503.0 205.9 183.3 143.7 223.6 150.8 508.4 176.7 82.2 92.2 456.6 129.0 349.5 165.0 425.1 182.1 186.6 170.6 101.3 111.7 184.1 100.2 161.6 237.2 105.2 466.2 425.0 281.0 475.1 426.0 86.0 295.5 31.5 218.7 198.0 51.2 440.2 101.9 79.4 286.1 232.5 57.9 173.6 375.3 306.3 126.2 230.3 448.1 448.3 145.0 0.0 130.8 104.1 71.9 436.4 389.5 110.7 112.8 484.6 135.1 162.4 142.3 149.8 505.8 135.5 126.9 130.9 265.7 496.1 204.6 448.7 158.7 152.1 153.8 70.1 164.7 155.1 29.6 143.3 45.4 472.7 402.2 204.8 491.6 134.1 133.7 57.9 230.4 322.3 167.3 120.5
1332.6 123.8 90.7 324.4 127.3 100.2 33.6 187.9 493.6 133.4 117.1 431.3 115.8 205.9 78.1 142.4 190.6 436.7 62.8 122.0 136.1 384.9 150.1 277.8 238.8 353.4 51.2 114.9 92.1 168.0 134.5 76.0 105.5 47.7 226.3 133.1 394.5 284.2 209.3 403.4 354.3 154.4 210.3 215.1 251.6 284.6 203.2 368.5 185.5 139.0 200.9 144.0 138.0 67.4 303.6 234.6 110.9 145.1 376.4 376.6 184.0 183.5 0.0 112.3 224.3 364.7 317.8 150.5 134.6 412.9 138.9 67.8 182.1 107.6 434.1 95.4 141.4 133.3 171.8 424.4 139.0 372.5 191.6 211.7 165.7 167.9 58.5 119.3 165.4 104.1 149.6 401.0 316.4 116.3 419.9 162.7 164.8 173.8 158.7 213.8 77.2 10.2
1377.0 95.3 65.8 370.2 83.3 208.7 90.6 182.3 528.0 53.1 24.8 477.1 141.8 120.1 186.6 188.5 97.1 482.5 140.2 29.7 130.8 430.7 176.7 312.2 200.1 387.8 177.5 137.6 121.6 139.9 26.2 120.0 138.8 124.4 272.7 151.6 440.3 399.1 255.1 449.2 400.1 130.9 243.0 138.0 253.8 233.1 146.9 413.9 149.7 114.5 233.6 182.9 45.7 109.5 349.4 280.4 172.6 177.8 422.2 422.4 192.7 106.4 133.8 0.0 178.4 410.5 363.6 46.2 42.3 458.7 181.5 176.3 77.8 196.2 479.9 55.4 54.8 177.3 216.7 470.2 247.5 422.8 99.3 187.2 201.5 144.4 100.6 201.5 125.3 79.2 125.1 435.4 360.8 155.8 465.7 180.5 81.2 77.6 181.4 269.8 103.2 119.5
1390.1 161.5 211.0 407.4 158.0 116.3 164.3 86.6 576.6 172.6 176.4 514.3 220.1 229.4 151.6 234.9 252.3 519.7 204.3 163.3 121.5 467.9 81.0 360.8 122.4 378.4 193.4 203.2 181.9 130.6 192.8 211.5 116.8 191.3 184.4 70.7 477.5 409.3 292.3 486.4 437.3 51.0 293.3 46.6 176.1 150.6 56.6 456.8 53.9 124.4 289.2 255.9 139.0 189.5 386.6 322.8 80.2 228.4 464.1 459.6 86.3 81.0 142.1 185.2 0.0 448.6 400.8 188.3 185.1 495.9 105.4 194.3 202.0 113.5 522.4 178.4 208.0 95.9 264.0 512.7 156.7 497.6 213.4 109.5 105.8 35.1 178.9 120.1 88.7 224.4 83.7 489.3 441.5 216.1 502.9 99.1 213.9 139.0 259.4 320.1 186.8 137.1
1411.6 357.9 324.8 39.4 361.4 407.9 350.9 450.1 129.9 392.9 369.2 170.5 299.2 292.6 385.8 317.1 335.7 105.2 325.4 372.5 384.1 92.4 412.3 200.6 470.9 218.2 305.2 307.4 344.0 398.9 364.1 331.1 398.7 328.9 437.9 416.9 170.1 167.3 204.6 69.9 10.4 389.9 242.4 457.4 464.1 485.0 427.4 28.9 408.7 373.5 289.5 287.2 398.2 342.5 103.6 193.8 406.4 312.7 67.3 96.5 440.3 440.4 361.2 364.4 442.2 0.0 131.8 376.0 377.9 72.8 424.3 380.8 360.0 408.8 68.4 347.5 316.0 441.0 230.2 84.3 337.3 177.0 343.1 443.8 427.9 403.4 333.6 424.3 399.9 338.2 401.7 216.2 174.9 340.6 59.8 434.5 321.0 380.4 307.8 214.4 291.1 371.5
1353.5 345.4 312.3 77.2 348.9 361.7 297.4 403.9 210.5 355.0 338.7 184.1 253.0 251.4 339.6 295.1 314.4 189.5 276.7 343.6 371.6 137.7 366.1 159.4 424.7 235.0 259.0 261.2 297.8 386.4 356.1 284.9 372.3 282.7 391.7 371.4 147.3 35.4 163.4 156.2 107.1 377.4 196.2 455.4 417.0 438.8 414.9 120.9 401.5 361.0 243.3 253.1 359.6 296.3 62.4 134.8 349.2 261.5 129.2 129.4 400.0 420.3 315.0 333.9 440.3 117.5 0.0 372.1 356.2 165.7 377.2 334.6 317.9 363.9 186.9 317.0 274.8 394.8 184.0 177.2 291.1 135.8 301.9 397.6 381.7 390.9 287.4 377.2 387.4 325.7 371.6 193.4 133.7 294.4 172.7 388.3 278.8 367.9 243.9 168.2 244.9 325.3
1406.6 106.5 95.4 341.0 99.2 232.2 126.6 239.1 474.3 81.8 40.8 447.9 171.4 90.9 210.1 170.9 80.7 453.3 169.8 18.0 152.9 401.5 233.5 294.6 229.7 312.2 207.1 154.4 151.2 167.7 23.6 149.6 166.6 154.0 302.3 208.9 411.1 369.9 225.9 420.0 370.9 160.5 225.4 136.0 283.4 262.7 144.9 384.7 179.3 144.1 216.0 218.5 43.7 139.1 320.2 256.4 219.7 155.2 397.7 393.2 243.6 104.4 163.4 42.9 176.4 381.3 334.4 0.0 49.5 429.5 239.6 205.9 31.5 209.5 450.7 52.8 56.8 235.4 233.5 441.0 271.0 393.6 70.1 216.8 258.3 174.6 130.2 259.6 123.3 108.8 144.4 417.8 347.1 185.4 436.5 238.6 59.8 84.0 196.3 252.2 132.8 149.1
1387.0 104.9 67.0 327.8 93.3 218.7 98.2 192.3 461.1 62.2 17.6 434.7 151.8 77.7 196.6 175.8 115.8 440.1 148.1 46.1 132.0 388.3 186.7 251.8 201.3 269.4 178.7 138.8 131.6 149.9 66.8 130.0 140.0 134.4 273.9 162.1 397.9 356.7 212.7 406.8 357.7 140.9 243.0 140.7 255.0 234.3 143.3 371.5 159.7 124.5 224.8 205.0 33.3 119.5 307.0 243.2 171.6 164.0 384.5 380.0 196.8 102.8 143.8 50.0 179.6 369.0 321.2 65.8 0.0 416.3 182.7 186.3 50.3 204.9 437.5 69.7 90.8 187.3 226.7 427.8 257.5 380.4 56.9 197.2 202.7 154.4 101.8 202.7 112.9 89.2 142.8 424.9 333.9 165.8 423.3 190.5 96.7 82.4 209.1 256.0 104.4 120.7
1366.5 412.2 379.1 93.7 415.7 538.4 478.1 580.6 166.2 446.2 423.5 107.9 433.7 346.9 516.3 371.4 409.9 23.7 457.4 426.8 444.1 170.8 542.8 254.9 577.2 330.5 439.7 402.6 439.2 453.2 418.4 465.6 553.0 463.4 524.8 548.1 224.4 237.7 258.9 106.2 64.7 444.2 337.6 516.9 542.6 561.0 481.7 36.1 463.0 427.8 384.7 394.5 452.5 477.0 157.9 276.2 525.9 402.9 195.1 148.3 576.7 494.7 495.7 418.7 501.8 58.9 186.1 429.4 441.0 0.0 553.9 515.3 413.4 540.6 128.3 401.8 370.3 571.5 338.7 66.1 467.8 231.3 397.4 574.3 558.4 457.7 468.1 553.9 454.2 392.5 438.4 270.5 229.2 435.8 96.1 565.0 374.3 434.7 385.3 309.6 425.6 506.0
1319.0 218.2 158.1 369.1 214.7 69.0 148.7 76.9 561.0 227.9 184.5 459.9 189.6 273.3 62.5 219.3 247.9 481.4 133.2 189.4 104.9 429.6 39.1 345.2 109.8 416.2 141.7 182.3 166.3 115.0 201.9 195.9 95.9 120.2 132.0 42.5 439.2 338.2 276.7 448.1 399.0 64.5 277.7 128.4 157.3 171.5 113.3 412.8 74.5 152.4 268.3 216.7 195.7 173.9 348.3 304.2 32.0 207.5 425.8 421.3 67.1 137.7 126.5 179.7 113.3 409.4 362.5 217.9 193.2 457.6 0.0 123.2 249.5 42.4 478.8 162.8 208.8 80.3 248.4 469.1 85.6 426.5 258.3 82.7 36.7 78.0 163.3 31.0 141.9 171.5 110.8 468.4 370.4 200.5 464.6 61.3 232.2 195.7 226.1 304.3 151.0 116.2
1381.4 128.4 99.8 333.5 124.9 168.5 95.0 138.9 502.7 138.5 126.2 440.4 146.2 202.8 146.4 161.0 198.8 445.8 131.1 130.2 81.7 394.0 133.3 286.9 156.7 362.5 119.5 124.0 108.0 96.5 143.6 137.6 37.6 116.0 229.3 108.2 403.6 362.4 218.4 412.5 363.4 87.5 219.4 147.2 210.4 189.7 125.0 377.6 106.3 71.1 210.0 169.9 105.9 115.6 312.7 243.7 129.2 154.2 385.5 385.7 149.3 115.6 68.2 121.4 145.1 373.8 326.9 158.7 143.7 422.0 138.1 0.0 175.4 175.9 443.2 104.5 150.5 133.9 203.1 433.5 207.3 386.1 182.0 143.8 158.1 101.0 105.0 187.6 97.5 113.2 81.7 410.1 339.6 142.2 429.0 137.1 181.7 105.9 167.8 246.2 107.6 57.9
1438.7 138.6 127.5 309.4 131.3 264.3 158.7 271.2 442.7 113.9 72.9 416.3 203.5 59.3 242.2 192.6 97.0 421.7 201.9 50.1 185.0 369.9 265.6 233.4 261.8 304.4 239.2 186.5 183.3 199.8 55.7 181.7 198.7 186.1 334.4 241.8 379.5 338.3 194.3 388.4 339.3 192.6 247.1 168.1 315.5 294.8 177.0 353.5 211.4 176.2 237.7 250.6 75.8 171.2 288.6 224.8 251.8 176.9 366.1 361.6 275.7 136.5 195.5 75.0 208.5 349.7 302.8 32.0 81.6 397.9 271.7 238.0 0.0 241.6 419.1 84.9 88.9 267.5 265.6 409.4 303.1 362.0 38.5 248.9 290.4 206.7 162.3 291.7 155.4 140.9 176.5 425.6 315.5 217.5 404.9 270.7 94.8 116.1 241.1 273.9 164.9 181.2
1303.9 231.1 171.0 354.0 227.6 78.1 143.8 81.5 487.3 242.2 197.4 444.8 156.5 264.2 56.0 233.6 259.8 466.3 73.4 202.3 102.3 411.8 72.5 347.3 161.2 422.9 108.6 184.4 179.2 127.9 216.2 168.7 98.0 87.1 119.9 56.6 424.1 323.1 289.6 433.0 383.9 77.4 281.8 155.6 174.0 176.9 126.2 395.4 79.1 165.3 233.5 154.8 167.3 182.6 333.2 316.3 33.3 209.6 408.0 406.2 100.5 150.6 115.1 192.6 146.7 391.6 347.4 232.2 203.8 442.5 61.9 90.1 262.4 0.0 465.1 175.7 221.7 93.2 230.6 451.3 70.5 411.4 271.2 105.3 88.1 90.9 173.7 61.9 154.8 184.4 130.7 470.2 355.3 184.9 449.5 65.9 246.1 208.6 209.4 272.6 89.1 96.6
1432.8 432.9 399.8 114.4 436.4 482.9 425.0 525.1 142.7 466.5 444.2 191.7 374.2 367.6 460.8 392.1 410.3 126.4 400.4 447.5 464.8 254.6 487.3 275.6 545.9 346.6 380.2 382.4 419.0 473.9 439.1 406.1 472.8 403.9 591.1 491.9 245.1 321.5 279.6 144.9 85.4 464.9 317.4 537.6 608.9 627.3 502.4 185.3 483.7 448.5 364.5 362.2 473.2 417.5 178.6 360.0 481.4 387.7 142.3 171.5 515.3 515.4 436.2 439.4 522.5 74.9 206.8 450.1 452.9 149.1 498.4 455.8 434.1 483.8 0.0 422.5 391.0 516.0 305.2 215.3 412.3 252.0 418.1 518.8 502.9 478.4 408.6 498.4 474.9 413.2 459.1 291.2 249.9 415.6 113.0 509.5 395.0 455.4 365.1 289.4 366.1 446.5
1358.0 58.3 46.8 328.1 46.3 189.7 71.6 163.3 497.3 58.7 42.4 435.0 122.8 137.7 167.6 155.6 98.5 440.4 121.2 47.3 106.1 388.6 157.7 281.5 181.1 357.1 158.5 118.6 102.6 120.9 39.0 101.0 119.8 105.4 253.7 132.6 398.2 309.6 213.0 407.1 358.0 111.9 214.0 169.2 234.8 214.1 149.4 371.8 130.7 95.5 204.6 163.9 63.3 90.5 307.3 238.3 153.6 148.8 380.1 380.3 173.7 137.6 114.8 37.6 169.5 368.4 321.5 63.4 59.9 416.6 162.5 157.3 95.0 177.2 437.8 0.0 45.9 158.3 184.7 428.1 228.5 380.7 106.4 168.2 182.5 125.4 81.6 182.5 121.9 60.2 106.1 404.7 341.8 136.8 423.6 161.5 98.8 65.3 162.4 227.0 84.2 100.5
1387.5 91.4 58.3 331.0 83.4 196.9 101.1 174.8 500.2 95.8 79.2 437.9 152.3 102.1 174.8 160.7 52.5 443.3 150.7 56.4 123.3 391.5 169.2 284.4 192.6 360.0 188.0 144.2 132.1 132.4 46.9 130.5 131.3 134.9 265.2 144.1 401.1 359.9 215.9 410.0 360.9 123.4 215.2 174.4 246.3 225.6 160.9 374.7 142.2 107.0 205.8 193.4 82.1 120.0 310.2 241.2 165.1 150.0 383.0 383.2 185.2 142.8 144.3 69.1 181.0 371.3 324.4 59.0 96.7 419.5 174.0 186.8 90.6 188.7 440.7 37.0 0.0 169.8 210.3 431.0 235.7 383.6 60.4 179.7 194.0 136.9 111.1 194.0 133.4 71.7 117.6 407.6 337.1 166.3 426.5 173.0 53.4 102.4 188.0 242.0 113.7 130.0
1359.3 124.3 77.7 311.4 120.8 99.1 72.9 186.8 480.6 134.4 104.1 418.3 124.1 192.9 77.0 138.9 177.6 423.7 109.0 109.0 25.5 371.9 149.0 264.8 152.6 340.4 97.4 101.9 85.9 34.6 121.5 115.5 15.5 93.9 225.2 132.0 381.5 340.3 196.3 390.4 341.3 83.4 197.3 143.1 250.5 185.6 120.9 355.1 102.2 67.0 187.9 147.8 101.8 93.5 290.6 221.6 109.8 132.1 363.4 363.6 182.9 111.5 46.1 99.3 141.0 351.7 304.8 137.5 121.6 399.9 137.8 95.7 169.1 106.5 421.1 82.4 128.4 0.0 168.0 411.4 137.9 364.0 177.9 139.7 164.6 96.9 82.9 118.2 93.4 91.1 77.6 388.0 317.5 120.1 406.9 161.6 151.8 101.8 145.7 224.1 85.5 35.8
1281.1 178.6 145.5 325.0 195.4 233.4 166.6 318.5 507.5 225.9 212.6 431.9 108.9 206.5 224.3 99.3 192.2 450.6 160.1 217.5 204.8 385.5 256.4 291.7 293.1 354.0 114.9 77.1 113.7 232.9 184.8 130.7 238.7 162.2 306.3 230.5 395.1 272.7 209.9 417.3 354.9 210.6 52.5 291.4 331.6 312.8 248.1 382.0 242.7 194.2 59.2 69.0 232.2 141.1 304.2 235.2 257.1 115.8 395.0 377.2 266.5 274.4 170.9 185.1 262.9 365.3 331.7 209.1 230.1 426.8 272.1 201.0 227.4 223.7 434.7 168.2 136.7 266.5 0.0 425.0 218.7 361.0 210.5 280.2 296.3 224.1 136.7 265.5 233.9 172.2 235.7 401.6 304.9 97.0 433.8 260.2 165.4 201.1 64.2 72.2 118.8 189.1
1398.3 444.3 411.2 151.5 447.8 500.6 482.0 542.8 198.3 532.3 516.9 47.6 431.2 379.0 478.5 434.0 421.7 90.5 454.9 521.8 470.5 110.5 505.0 287.0 563.6 358.0 437.2 400.1 436.7 485.3 534.3 463.1 550.5 460.9 556.6 509.6 256.5 235.2 291.0 138.3 96.8 476.3 335.1 549.0 555.9 592.8 513.8 68.2 495.1 459.9 382.2 392.0 537.8 474.5 190.0 268.5 488.1 405.4 130.1 180.4 533.0 598.5 493.2 512.1 528.6 91.0 278.0 550.3 525.6 66.7 516.1 512.8 445.5 522.5 160.4 495.2 402.4 533.7 322.9 0.0 430.0 263.4 429.5 536.5 520.6 489.8 465.6 516.1 486.3 424.6 488.1 302.6 261.3 433.3 128.2 527.2 406.4 466.8 400.5 307.1 423.1 503.5
1233.3 255.2 195.1 283.4 251.7 90.8 190.3 112.7 416.7 265.3 221.5 374.2 198.6 310.3 68.7 256.3 295.0 395.7 144.3 226.4 137.2 343.9 74.9 336.4 133.5 412.0 150.7 219.3 203.3 152.0 238.9 210.8 132.9 129.2 100.5 80.2 353.5 252.5 313.7 362.4 313.3 101.5 244.4 164.2 125.8 162.2 150.3 327.1 110.3 189.4 292.4 225.7 232.7 210.9 262.6 232.9 58.0 249.5 335.4 335.6 108.8 174.7 157.2 216.7 149.1 323.7 276.8 254.9 239.0 371.9 86.0 122.5 286.5 72.7 393.1 199.8 245.8 117.3 250.2 383.4 0.0 340.8 295.3 106.4 90.5 115.0 200.3 86.0 178.9 208.5 155.4 399.6 284.7 227.0 378.9 97.1 269.2 232.7 263.1 216.4 160.0 153.2
1392.6 350.8 317.7 137.3 354.3 400.8 336.5 443.0 288.7 384.8 362.1 244.2 292.1 285.5 378.7 310.0 348.5 249.6 315.8 365.4 377.0 197.8 405.2 193.5 463.8 269.1 298.1 300.3 336.9 391.8 357.0 324.0 390.7 321.8 430.8 410.5 242.2 166.2 197.5 278.3 167.2 382.8 235.3 455.5 456.1 477.9 420.3 181.4 401.6 366.4 282.4 292.2 391.1 335.4 63.4 191.9 388.3 300.6 189.3 236.3 439.1 433.3 354.1 357.3 440.4 177.6 130.7 368.0 379.6 225.8 416.3 373.7 352.0 403.0 247.0 340.4 308.9 433.9 236.4 237.3 330.2 0.0 336.0 436.7 420.8 396.3 326.5 416.3 392.8 331.1 377.0 196.1 52.2 333.5 297.4 427.4 312.9 373.3 283.0 207.3 284.0 364.4
1445.6 149.5 116.4 291.7 141.5 255.0 159.2 232.9 425.0 130.5 88.6 398.6 210.4 41.6 232.9 174.9 51.2 404.0 208.8 65.8 181.4 352.2 227.3 215.7 250.7 291.3 246.1 171.2 190.2 190.5 89.4 188.6 189.4 193.0 323.3 202.2 361.8 320.6 176.6 370.7 321.6 181.5 229.4 183.8 304.4 283.7 192.7 335.4 200.3 165.1 220.0 247.4 91.5 178.1 270.9 201.9 223.2 164.2 343.7 343.9 243.3 152.2 202.4 96.9 224.2 332.0 285.1 68.4 106.1 380.2 232.1 244.9 56.8 246.8 401.4 95.1 58.0 227.9 250.3 391.7 293.8 344.3 0.0 237.8 252.1 195.0 169.2 252.1 171.1 129.8 175.7 407.9 297.8 224.4 387.2 231.1 82.8 131.8 223.4 256.2 171.8 188.1
1350.9 199.6 153.0 386.7 196.1 95.6 148.2 43.8 555.9 209.7 179.4 493.6 199.4 268.2 118.0 214.2 252.9 499.0 184.3 184.3 100.8 447.2 56.2 340.1 27.0 415.7 172.7 177.2 161.2 109.9 196.8 190.8 90.8 169.2 85.4 67.5 456.8 370.1 271.6 465.7 416.6 77.4 272.6 113.3 110.7 94.0 126.2 430.4 59.4 142.3 263.2 223.1 177.1 168.8 365.9 296.9 88.5 207.4 438.7 438.9 35.1 143.8 121.4 174.6 98.2 427.0 380.1 212.8 196.9 475.2 96.7 171.0 244.4 109.0 496.4 157.7 203.7 75.2 256.3 486.7 117.5 458.4 253.2 0.0 56.6 90.9 158.2 117.4 154.8 166.4 131.3 463.3 402.3 195.4 482.2 67.0 227.1 177.1 221.0 299.4 160.8 111.1
1328.3 237.5 184.2 378.4 234.0 109.1 174.8 75.0 511.7 248.6 210.6 469.2 218.8 308.9 102.6 245.4 273.6 490.7 162.4 215.5 132.0 438.9 37.2 371.3 73.0 442.3 170.9 208.4 192.4 141.1 228.0 222.0 122.0 149.4 95.2 82.6 448.5 347.5 302.8 457.4 408.3 104.6 303.8 121.3 120.5 134.7 153.4 422.1 72.6 192.5 294.4 258.0 215.0 200.0 357.6 328.1 72.1 233.6 435.1 430.6 60.7 157.0 152.6 205.8 106.1 418.7 371.8 244.0 219.3 466.9 40.0 152.4 281.5 91.0 488.1 188.9 234.9 106.4 274.5 478.4 94.9 435.8 288.1 45.9 0.0 118.1 189.4 71.1 182.0 197.6 150.9 494.5 379.7 226.6 473.9 59.4 258.3 215.0 252.2 311.4 180.2 142.3
1354.9 140.1 138.5 372.2 136.6 81.1 133.7 83.7 541.4 150.2 155.0 479.1 184.9 242.4 116.4 199.7 210.5 484.5 171.2 141.9 80.6 432.7 78.1 325.6 101.5 401.2 158.2 162.7 146.7 95.4 171.4 176.3 76.3 156.1 183.6 35.0 442.3 374.1 257.1 451.2 402.1 15.8 258.1 65.2 155.2 134.5 35.2 416.3 51.1 90.1 248.7 208.6 117.6 154.3 351.4 282.4 56.0 192.9 424.2 424.4 94.5 59.6 106.9 163.8 67.4 412.5 365.6 170.4 172.5 460.7 64.9 159.1 202.0 79.6 481.9 143.2 186.6 60.7 241.8 472.2 121.5 462.4 218.4 88.6 101.7 0.0 143.7 84.9 67.3 151.9 56.1 448.8 406.3 180.9 467.7 63.9 193.4 117.6 206.5 284.9 146.3 96.6
1327.8 89.4 56.3 308.0 92.9 167.4 29.8 172.8 477.2 98.1 82.7 414.9 101.0 178.0 145.3 83.8 177.0 420.3 91.0 87.6 115.6 368.5 167.2 261.4 190.6 332.4 118.4 64.8 33.5 130.4 100.1 63.1 172.7 75.2 263.2 141.3 378.1 336.9 192.9 387.0 337.9 121.4 172.6 194.1 244.3 223.6 158.9 352.1 140.2 105.0 163.2 107.5 103.6 8.9 287.2 218.2 178.1 102.4 364.7 360.2 177.3 164.3 67.1 77.9 173.7 349.2 301.4 116.1 100.2 396.5 172.0 135.0 148.1 173.5 417.7 61.0 107.0 200.5 130.9 408.0 206.2 360.6 157.2 177.7 192.0 134.9 0.0 186.5 131.4 69.7 133.2 384.6 314.1 67.7 403.5 171.0 135.3 111.9 108.6 199.4 54.0 52.3
1325.3 195.4 148.8 382.5 191.9 37.9 139.4 108.1 551.7 205.1 175.2 489.4 169.8 264.0 31.4 210.0 248.7 494.8 113.4 180.1 73.8 443.0 70.3 335.9 141.0 353.5 121.9 173.0 157.0 105.7 192.6 182.0 86.6 100.4 163.2 42.6 452.6 344.5 267.4 461.5 412.4 64.6 268.4 149.7 188.5 202.7 113.4 426.2 105.7 152.5 259.0 209.0 172.9 164.6 361.7 297.9 40.2 198.2 439.2 434.7 97.6 137.8 117.2 170.4 144.5 422.8 375.9 208.6 192.7 471.0 31.1 103.4 240.2 48.7 492.2 153.5 199.5 71.0 242.5 482.5 92.2 432.8 249.0 113.9 67.9 78.1 154.0 0.0 142.0 162.2 110.9 459.1 376.7 191.2 478.0 72.9 227.0 172.9 216.8 284.5 131.2 106.9
1420.1 90.1 139.6 405.8 86.6 146.3 170.8 117.5 575.0 99.8 105.0 512.7 215.6 175.0 153.4 233.3 160.5 518.1 184.3 91.9 96.2 466.3 111.9 359.2 135.3 430.2 191.8 196.3 180.3 111.0 121.4 193.8 109.9 171.3 207.9 99.4 475.9 434.7 290.7 484.8 435.7 66.1 305.2 72.0 189.0 168.3 21.5 449.9 84.9 49.7 295.8 242.2 67.6 183.3 385.0 321.2 110.2 235.0 462.5 458.0 122.0 40.4 140.5 113.8 97.6 446.1 399.2 120.4 137.1 494.3 130.1 172.1 147.6 143.5 515.5 145.2 136.6 125.9 262.4 505.8 186.7 458.4 154.2 122.4 136.7 60.9 174.4 150.1 0.0 153.0 15.7 482.4 411.9 214.5 501.3 129.1 139.6 67.6 257.8 332.0 177.0 130.2
1405.5 19.6 94.3 355.4 23.1 125.1 119.1 103.0 524.6 53.6 122.5 462.3 170.3 184.9 103.0 182.9 166.9 467.7 136.0 98.3 51.5 415.9 97.4 308.8 120.8 384.4 141.4 145.9 129.9 60.6 109.3 148.5 59.5 120.9 193.4 72.3 425.5 384.3 240.3 434.4 385.3 51.6 241.3 124.3 174.5 153.8 89.1 399.1 70.4 35.2 231.9 191.8 74.0 138.0 334.6 265.6 93.3 176.1 407.4 407.6 113.4 102.1 90.1 120.2 109.2 395.7 348.8 126.8 134.5 443.9 102.2 121.7 157.5 116.9 465.1 70.2 116.2 98.0 225.0 455.4 163.9 408.0 164.1 107.9 122.2 65.1 129.1 122.2 61.6 0.0 45.8 432.0 389.3 164.1 450.9 101.2 149.8 42.1 189.7 274.5 131.7 79.8
1390.9 105.9 170.7 421.6 102.4 117.1 173.2 101.7 590.8 117.0 120.8 528.5 231.4 206.1 152.4 243.8 196.7 533.9 200.1 107.7 112.0 482.1 96.1 369.7 127.1 392.6 202.3 212.1 196.1 126.8 152.5 209.6 120.4 187.1 192.1 71.5 491.7 410.1 306.5 500.6 451.5 50.3 321.0 94.1 180.8 160.1 43.2 460.0 69.1 33.9 292.8 270.1 98.7 199.1 400.8 337.0 81.0 232.0 473.0 473.8 106.2 56.2 156.3 129.6 102.6 462.8 415.0 136.2 129.5 510.1 100.9 187.9 178.7 114.3 531.3 161.0 152.4 96.7 291.2 516.3 157.5 498.4 170.0 106.6 120.9 57.4 190.2 120.9 15.7 168.8 0.0 498.2 442.3 230.3 517.1 99.9 158.3 83.4 273.6 329.0 192.8 146.0
1464.7 422.9 389.8 172.8 426.4 472.9 415.0 515.1 195.0 456.9 434.2 279.7 364.2 357.6 450.8 382.1 400.3 292.2 387.9 437.5 449.1 233.3 477.3 265.6 535.9 336.6 370.2 372.4 409.0 463.9 429.1 396.1 462.8 393.9 502.9 481.9 46.0 232.3 269.6 184.6 243.6 454.9 307.4 522.4 528.2 550.0 492.4 244.7 473.7 438.5 354.5 352.2 463.2 407.5 168.6 264.0 460.4 377.7 229.5 142.6 505.3 505.4 426.2 429.4 512.5 232.2 196.8 440.1 442.9 289.1 488.4 445.8 424.1 473.8 282.5 412.5 381.0 506.0 308.5 300.6 402.3 242.0 408.1 508.8 492.9 468.4 398.6 488.4 464.9 403.2 449.1 0.0 239.9 405.6 203.7 499.5 385.0 445.4 355.1 279.4 356.1 436.5
1348.3 340.2 307.1 147.2 343.7 356.5 292.2 398.7 256.0 349.8 333.5 254.1 247.8 295.4 334.4 289.9 358.4 259.5 271.5 338.4 392.4 207.7 360.9 203.4 419.5 279.0 253.8 256.0 292.6 381.2 350.9 279.7 367.1 277.5 386.5 366.2 209.5 176.1 207.4 245.6 177.1 372.2 191.0 450.2 411.8 433.6 409.7 190.9 396.3 355.8 238.1 247.9 354.4 291.1 73.3 147.6 344.0 256.3 199.2 203.6 394.8 415.1 309.8 328.7 435.1 187.5 140.6 366.9 351.0 235.7 372.0 329.4 361.9 358.7 256.9 311.8 318.8 389.6 192.1 247.2 285.9 71.7 345.9 392.4 376.5 385.7 282.2 372.0 382.2 320.5 366.4 163.4 0.0 289.2 264.7 383.1 322.8 362.7 238.7 163.0 239.7 320.1
1331.7 141.8 108.7 360.4 145.3 149.4 93.8 237.1 529.6 151.4 135.1 467.3 96.5 230.4 127.3 167.7 208.6 472.7 80.9 140.0 168.0 420.9 199.3 313.8 243.0 389.4 118.4 148.7 117.4 182.8 152.5 81.3 154.7 65.1 275.5 182.3 430.5 283.3 245.3 439.4 390.3 173.8 224.7 246.5 300.8 276.0 211.3 404.1 192.6 157.4 202.3 123.6 156.0 92.7 339.6 270.6 160.1 181.1 412.4 412.6 233.2 216.7 104.9 130.3 231.4 400.7 353.8 168.5 152.6 448.9 188.1 117.0 200.1 156.8 470.1 113.4 159.4 182.5 169.6 460.4 188.2 371.6 209.6 230.1 214.9 187.3 83.8 168.5 183.8 122.1 168.0 437.0 315.5 0.0 455.9 211.9 191.5 164.3 178.2 200.7 57.9 115.2
1479.7 407.7 374.6 89.2 411.2 457.7 393.4 499.9 70.0 441.7 419.0 172.3 349.0 342.4 435.6 366.9 405.4 136.9 372.7 422.3 433.9 142.2 462.1 250.4 520.7 326.0 355.0 357.2 393.8 448.7 413.9 380.9 447.6 378.7 487.7 467.4 219.9 217.1 254.4 58.3 60.2 439.7 292.2 512.4 513.0 534.8 477.2 68.7 458.5 423.3 339.3 349.1 448.0 392.3 153.4 248.8 445.2 357.5 112.4 100.4 496.0 490.2 411.0 414.2 497.3 49.7 181.6 424.9 436.5 113.1 473.2 430.6 408.9 459.9 113.9 397.3 365.8 490.8 280.0 124.6 387.1 226.8 392.9 493.6 477.7 453.2 383.4 473.2 449.7 388.0 433.9 266.0 224.7 390.4 0.0 484.3 369.8 430.2 339.9 264.2 340.9 421.3
1344.3 214.9 158.6 392.3 211.4 71.2 153.8 52.4 561.5 225.0 185.0 499.2 205.0 286.3 93.6 219.8 258.5 504.6 160.6 189.9 112.8 452.8 32.5 345.7 87.4 421.3 167.0 182.8 166.8 115.5 202.4 196.4 96.4 145.5 140.5 43.7 462.4 363.5 277.2 471.3 422.2 65.0 278.2 103.9 165.8 131.1 113.8 436.0 50.0 152.9 268.8 228.7 192.4 174.4 371.5 302.5 45.4 213.0 444.3 444.5 30.5 134.4 127.0 180.2 88.8 432.6 385.7 218.4 202.5 480.8 54.3 148.5 258.9 69.0 502.0 163.3 209.3 80.8 248.9 492.3 110.9 451.8 265.5 60.3 57.3 78.5 163.8 74.3 142.4 172.0 118.9 468.9 395.7 201.0 487.8 0.0 232.7 192.4 226.6 305.0 166.4 116.7
1418.2 122.1 89.0 278.4 125.6 227.6 137.3 205.5 447.6 116.1 74.2 385.3 183.0 77.9 205.5 107.2 66.5 390.7 184.3 51.4 147.4 338.0 199.9 234.7 226.2 302.8 217.8 90.7 147.5 163.1 75.0 161.2 161.1 165.6 295.0 174.8 348.5 307.3 163.3 357.4 308.3 154.1 162.6 166.3 276.1 256.3 178.3 321.2 172.9 137.7 152.3 170.7 74.0 137.1 257.6 191.5 198.7 91.5 334.2 330.6 209.1 137.8 175.0 94.3 206.7 318.7 271.8 50.9 88.6 366.9 203.8 217.5 85.6 218.1 387.2 98.7 61.6 200.5 160.6 381.3 266.4 331.0 73.4 210.4 224.7 167.6 145.1 224.7 153.6 102.4 151.2 354.1 284.5 181.7 373.9 203.7 0.0 117.4 138.3 192.3 144.4 160.7
1408.6 22.4 97.4 378.7 18.9 167.8 122.2 145.7 547.9 32.5 80.3 485.6 173.4 151.2 145.7 214.9 124.7 491.0 171.8 56.1 88.5 439.2 140.1 332.1 163.5 407.7 209.1 169.2 153.2 103.3 85.6 151.6 102.2 156.0 236.1 115.0 448.8 360.2 263.6 457.7 408.6 94.3 269.4 103.8 217.2 196.5 112.7 422.4 113.1 77.9 260.0 214.5 31.8 141.1 357.9 288.9 136.0 204.2 430.7 430.9 156.1 72.2 132.8 78.0 144.2 419.0 372.1 84.6 92.3 467.2 144.9 164.4 116.2 159.6 488.4 77.5 100.8 140.7 248.3 478.7 206.6 431.3 130.4 150.6 164.9 107.8 132.2 164.9 91.1 110.8 88.5 455.3 392.4 187.4 474.2 143.9 107.6 0.0 213.0 277.6 134.8 151.1
1338.7 147.3 137.3 293.7 150.8 237.4 135.3 230.7 462.9 182.3 158.6 400.6 116.9 179.1 215.3 68.0 149.8 406.0 166.8 161.9 202.3 354.2 248.2 243.9 248.5 264.7 208.6 32.5 80.9 188.3 176.6 97.9 210.3 153.1 321.1 200.5 363.8 322.6 178.6 372.7 323.6 179.3 84.3 246.8 325.3 304.6 216.8 337.4 198.1 162.9 57.2 55.5 187.6 96.5 272.9 209.1 210.0 51.5 347.2 345.9 258.3 229.8 164.0 153.8 231.6 334.9 287.1 187.6 167.3 382.2 253.0 205.0 219.2 243.5 400.2 136.9 105.4 270.5 70.5 390.5 276.2 346.3 165.9 235.6 249.9 192.8 128.5 256.5 212.4 127.6 191.1 370.3 299.8 87.9 389.2 228.9 135.1 169.8 0.0 93.4 171.8 180.9
1261.0 239.9 206.8 337.2 243.4 269.2 198.4 311.4 506.4 248.7 233.3 444.1 141.7 225.8 247.1 126.8 232.1 449.5 171.3 238.2 266.1 397.7 273.6 290.6 332.2 361.6 164.9 125.1 156.3 280.9 250.7 173.3 266.9 177.3 299.2 280.0 407.3 247.6 222.1 416.2 367.1 271.9 27.9 344.6 324.5 346.3 309.4 380.9 290.7 255.5 75.9 104.9 254.2 187.7 316.4 249.6 256.7 98.2 393.9 389.4 301.6 314.9 220.9 228.5 329.5 377.5 330.6 253.5 250.8 425.7 284.7 229.2 285.1 270.1 446.9 211.6 198.0 302.3 61.2 437.2 198.6 335.9 272.9 305.1 289.2 285.4 182.0 284.7 281.9 220.2 266.1 413.8 279.8 147.1 432.7 295.8 202.5 262.4 104.2 0.0 139.5 231.2
1273.7 100.4 67.3 256.2 103.9 122.0 58.8 209.7 389.5 110.5 93.7 363.1 38.5 189.0 99.9 126.3 176.5 368.5 65.7 98.6 132.3 316.7 171.9 272.4 201.6 290.0 74.2 107.3 76.0 141.4 111.1 39.9 127.3 37.7 248.1 154.9 326.3 225.3 203.9 335.2 286.1 132.4 177.3 205.1 255.3 234.6 169.9 299.9 151.2 116.0 154.9 88.3 114.6 51.3 235.4 234.4 132.7 134.7 312.9 308.4 199.9 175.3 73.7 88.9 184.7 296.5 249.6 127.1 102.4 344.7 160.7 89.6 158.7 128.1 365.9 72.0 118.0 155.1 122.2 356.2 160.8 313.6 168.2 188.7 187.5 145.9 42.4 141.1 142.4 80.7 144.2 395.6 257.5 77.5 351.7 184.5 146.3 122.9 130.8 142.7 0.0 81.3
1342.9 113.5 80.4 314.1 117.0 110.5 32.4 198.2 483.3 123.6 106.8 421.0 122.9 195.6 88.4 141.6 169.8 426.4 73.1 111.7 146.4 374.6 160.4 267.5 249.1 338.5 61.5 104.6 88.6 178.3 124.2 86.3 115.8 58.0 236.6 144.5 384.2 343.0 199.0 393.1 344.0 164.7 200.0 225.4 261.9 294.9 183.0 357.8 164.3 129.1 190.6 162.6 127.7 72.6 293.3 224.3 121.2 129.8 370.8 366.3 188.4 193.8 10.2 102.0 203.1 354.4 307.5 140.2 115.5 402.6 149.2 78.1 171.8 116.6 423.8 85.1 131.1 143.6 170.7 414.1 149.3 366.7 181.3 222.0 176.0 178.2 63.7 129.6 155.5 93.8 139.7 390.7 320.2 122.8 409.6 173.0 154.5 136.0 148.4 224.1 84.3 0.0
