Name		1346_BED-Amazon_n66_m248_bt35
Number_of_Customers	66
Number_of_Items		248
Number_of_ItemTypes	35
Number_of_Vehicles	1
TimeWindows		0
Dist_type	manual

VEHICLE
Mass_Capacity	2071
CargoSpace_Length	174
CargoSpace_Width	61
CargoSpace_Height	84

CUSTOMERS
i	x	y	Demand	ReadyTime	DueDate	ServiceTime	DemandedMass	DemandedVolume
0	33.918699	-118.324843	0	0	0	0	0	0
1	33.858183	-118.397486	1	0	0	0	4.7	1380
2	33.849842	-118.400903	1	0	0	0	1.75	4608
3	33.86097	-118.398138	2	0	0	0	10.1	5400
4	33.853422	-118.394678	16	0	0	0	126.07	136255
5	33.860383	-118.395786	5	0	0	0	24.87	24960
6	33.858691	-118.396191	1	0	0	0	1.9	1176
7	33.854811	-118.396103	2	0	0	0	4.05	2256
8	33.855345	-118.397226	1	0	0	0	1.9	1176
9	33.860185	-118.398025	1	0	0	0	4.7	1380
10	33.853317	-118.396001	3	0	0	0	14.15	6100
11	33.858713	-118.397141	1	0	0	0	4.7	1380
12	33.856062	-118.399163	2	0	0	0	5.4	4020
13	33.85416	-118.398128	2	0	0	0	5.51	23920
14	33.862115	-118.397085	1	0	0	0	3.01	5544
15	33.860232	-118.397513	4	0	0	0	21.11	17224
16	33.856187	-118.396976	2	0	0	0	7.71	6924
17	33.85835	-118.39705	1	0	0	0	3.82	7600
18	33.855692	-118.398395	1	0	0	0	4.7	1380
19	33.853131	-118.397072	5	0	0	0	19.32	24372
20	33.85973	-118.396795	3	0	0	0	13.57	37926
21	33.858654	-118.398096	2	0	0	0	12.0	5020
22	33.851172	-118.397938	1	0	0	0	3.42	5040
23	33.859968	-118.395237	2	0	0	0	5.94	26144
24	33.861709	-118.396979	1	0	0	0	0.7	2640
25	33.855367	-118.395235	6	0	0	0	72.66	44761
26	33.860083	-118.398473	6	0	0	0	45.3	48504
27	33.855022	-118.397515	1	0	0	0	4.7	1380
28	33.855298	-118.395968	2	0	0	0	5.39	5752
29	33.859139	-118.399294	3	0	0	0	7.51	15765
30	33.854659	-118.398125	1	0	0	0	0.7	2640
31	33.857959	-118.396945	1	0	0	0	2.5	3978
32	33.853856	-118.397184	1	0	0	0	1.75	4608
33	33.857114	-118.398606	2	0	0	0	12.59	11715
34	33.858034	-118.398846	1	0	0	0	1.9	1176
35	33.853292	-118.397775	3	0	0	0	23.95	45450
36	33.856075	-118.395915	2	0	0	0	6.6	2556
37	33.854343	-118.397889	2	0	0	0	10.8	8040
38	33.856722	-118.394688	6	0	0	0	19.68	36155
39	33.859329	-118.396357	3	0	0	0	20.0	11300
40	33.859787	-118.397914	3	0	0	0	8.41	9564
41	33.851519	-118.397577	7	0	0	0	31.85	50081
42	33.855154	-118.396731	2	0	0	0	4.35	15008
43	33.861294	-118.39779	2	0	0	0	2.45	7248
44	33.858819	-118.398609	2	0	0	0	5.4	4020
45	33.858298	-118.398004	2	0	0	0	21.4	7780
46	33.856379	-118.397503	5	0	0	0	27.3	26798
47	33.856301	-118.398404	1	0	0	0	2.5	3978
48	33.854366	-118.396957	3	0	0	0	27.4	32300
49	33.853422	-118.394678	1	0	0	0	7.3	3640
50	33.856068	-118.397422	1	0	0	0	4.7	1380
51	33.856162	-118.396461	2	0	0	0	3.25	13888
52	33.855272	-118.398135	4	0	0	0	14.45	20408
53	33.860704	-118.395022	4	0	0	0	9.8	9174
54	33.854941	-118.396135	2	0	0	0	4.69	19512
55	33.854872	-118.398969	4	0	0	0	9.8	9174
56	33.857142	-118.396714	5	0	0	0	21.11	23762
57	33.854411	-118.39744	1	0	0	0	3.01	5544
58	33.858603	-118.396584	6	0	0	0	15.76	24860
59	33.854104	-118.395919	5	0	0	0	29.47	23966
60	33.854453	-118.393446	2	0	0	0	11.55	3840
61	33.860083	-118.394547	1	0	0	0	9.4	2760
62	33.855935	-118.397849	1	0	0	0	0.7	2640
63	33.859232	-118.397269	1	0	0	0	0.7	2640
64	33.859012	-118.39819	3	0	0	0	8.0	7836
65	33.85662	-118.398482	1	0	0	0	4.7	1380
66	33.853604	-118.394121	3	0	0	0	13.59	8420

ITEMS
Type	Length	Width	Height	Mass	Fragility	LoadBearingStrength
Bt1	10	10	10	14.15	1	0
Bt2	18	12	5	2.15	1	0
Bt3	21	14	4	1.9	1	0
Bt4	23	15	4	4.7	1	0
Bt5	20	18	7	1.8	1	0
Bt6	15	11	16	0.7	1	0
Bt7	34	10	10	1.59	1	0
Bt8	20	14	13	7.3	1	0
Bt9	17	13	18	2.5	1	0
Bt10	29	15	10	4.66	1	0
Bt11	24	12	16	1.75	1	0
Bt12	24	15	14	3.42	1	0
Bt13	28	22	9	3.01	1	0
Bt14	31	20	10	4.8	1	0
Bt15	29	16	14	1.9	1	0
Bt16	35	15	13	1.59	1	0
Bt17	30	19	13	3.18	1	0
Bt18	40	19	10	3.82	1	0
Bt19	25	19	17	5.29	1	0
Bt20	22	15	26	3.816	1	0
Bt21	28	19	17	2.5	1	0
Bt22	29	20	16	1.5	1	0
Bt23	29	25	13	1.77	1	0
Bt24	50	20	10	4.73	1	0
Bt25	40	20	13	2.6	1	0
Bt26	40	13	21	2.98	1	0
Bt27	29	27	15	2.11	1	0
Bt28	26	20	26	2.91	1	0
Bt29	40	29	12	2.137	1	0
Bt30	27	23	24	2.94	1	0
Bt31	39	27	16	7.63	1	0
Bt32	57	15	20	3.44	1	0
Bt33	35	26	19	10.65	1	0
Bt34	33	20	28	5.25	1	0
Bt35	58	40	11	12.6	1	0

DEMANDS PER CUSTOMER
i	Type Quantity
1	Bt4 1	
2	Bt11 1	
3	Bt4 2	Bt6 1	
4	Bt3 3	Bt9 3	Bt18 2	Bt4 12	Bt6 2	Bt16 1	Bt8 1	Bt34 1	Bt17 1	Bt1 1	Bt11 1	Bt30 1	Bt15 1	Bt28 1	Bt5 1	Bt10 1	
5	Bt4 3	Bt11 1	Bt6 2	Bt3 2	Bt20 1	
6	Bt3 1	
7	Bt3 1	Bt2 1	
8	Bt3 1	
9	Bt4 1	
10	Bt2 1	Bt8 1	Bt4 1	
11	Bt4 1	
12	Bt4 1	Bt6 1	
13	Bt25 1	Bt28 1	
14	Bt13 1	
15	Bt13 1	Bt6 2	Bt8 1	Bt4 2	
16	Bt4 1	Bt13 1	
17	Bt18 1	
18	Bt4 1	
19	Bt6 1	Bt4 2	Bt20 1	Bt11 2	Bt3 1	
20	Bt32 1	Bt31 1	Bt9 1	
21	Bt4 1	Bt8 1	
22	Bt12 1	
23	Bt21 1	Bt32 1	
24	Bt6 1	
25	Bt8 1	Bt4 12	Bt6 4	Bt27 1	Bt2 1	Bt3 1	
26	Bt3 1	Bt20 1	Bt29 1	Bt6 4	Bt4 7	Bt11 1	
27	Bt4 1	
28	Bt3 2	Bt7 1	
29	Bt27 1	Bt6 1	Bt4 1	
30	Bt6 1	
31	Bt9 1	
32	Bt11 1	
33	Bt19 1	Bt8 1	
34	Bt3 1	
35	Bt35 1	Bt33 1	Bt6 1	
36	Bt3 1	Bt4 1	
37	Bt4 2	Bt6 2	
38	Bt32 1	Bt11 1	Bt4 1	Bt3 2	Bt6 1	Bt19 1	
39	Bt8 2	Bt4 1	Bt6 1	
40	Bt4 1	Bt13 1	Bt6 1	
41	Bt6 3	Bt11 2	Bt4 2	Bt23 1	Bt14 1	Bt26 1	Bt8 1	
42	Bt11 1	Bt25 1	
43	Bt6 1	Bt11 1	
44	Bt6 1	Bt4 1	
45	Bt4 3	Bt8 1	
46	Bt18 1	Bt4 3	Bt2 1	Bt24 1	Bt9 1	
47	Bt9 1	
48	Bt6 1	Bt4 3	Bt35 1	
49	Bt8 1	
50	Bt4 1	
51	Bt11 1	Bt22 1	
52	Bt6 1	Bt4 2	Bt11 1	Bt25 1	
53	Bt9 1	Bt3 1	Bt6 1	Bt4 1	
54	Bt11 1	Bt30 1	
55	Bt4 1	Bt3 1	Bt9 1	Bt6 1	
56	Bt13 1	Bt4 2	Bt6 2	Bt14 1	Bt9 1	
57	Bt13 1	
58	Bt13 1	Bt6 2	Bt25 1	Bt4 1	Bt2 1	Bt3 1	
59	Bt8 1	Bt9 1	Bt4 3	Bt18 1	Bt11 1	
60	Bt2 1	Bt4 2	
61	Bt4 2	
62	Bt6 1	
63	Bt6 1	
64	Bt4 1	Bt6 2	Bt3 1	
65	Bt4 1	
66	Bt7 1	Bt4 1	Bt8 1	

DISTANCE MATRIX
0.0 1609.0 1849.4 1604.1 1591.2 1532.1 1573.9 1640.6 1719.1 1581.2 1675.8 1576.3 1755.8 1716.0 1592.9 1561.6 1654.0 1583.0 1666.8 1638.3 1533.0 1595.8 1731.6 1502.5 1583.2 1597.9 1577.2 1690.8 1612.5 1609.1 1709.4 1591.0 1668.4 1706.3 1642.9 1731.0 1668.5 1662.5 1559.1 1553.8 1568.7 1782.4 1629.3 1581.7 1654.9 1603.1 1635.7 1693.9 1698.6 1591.2 1654.4 1624.0 1678.9 1521.0 1638.3 1717.9 1597.6 1699.5 1606.7 1709.2 1626.2 1489.6 1728.2 1566.7 1588.5 1699.4 1585.5
1739.5 0.0 357.4 94.7 206.6 100.7 77.6 95.8 91.2 60.8 135.3 54.3 127.0 120.8 149.7 79.8 61.0 47.6 93.4 172.8 65.9 35.5 239.6 96.7 140.0 125.6 59.6 107.0 107.8 106.7 114.2 37.1 138.7 100.5 47.6 135.8 114.6 167.1 130.0 90.6 48.3 290.4 91.3 99.9 59.6 28.2 60.7 144.7 118.7 206.6 75.6 70.1 129.7 139.0 93.5 150.7 43.7 163.9 75.3 110.3 277.9 111.6 139.2 63.9 42.8 93.6 200.9
1950.8 360.5 0.0 390.4 318.4 421.2 402.7 314.7 309.4 399.3 266.1 379.4 346.1 306.3 461.3 400.3 337.9 372.7 331.2 228.6 386.4 361.4 115.3 417.2 451.6 333.2 375.7 281.1 315.4 365.9 299.7 362.2 258.7 296.6 310.8 321.3 385.6 252.8 373.3 411.1 386.8 162.8 297.6 420.4 365.2 354.1 316.9 284.2 288.9 318.4 325.0 340.0 269.2 459.5 317.1 308.2 367.7 289.8 400.4 299.5 486.9 432.1 318.5 385.4 367.6 289.7 312.7
1740.8 91.5 408.4 0.0 226.8 130.5 109.8 114.6 143.3 40.9 170.7 57.8 178.0 171.8 67.0 28.6 135.5 64.5 144.4 195.0 50.6 72.9 290.6 98.0 57.3 161.0 13.5 153.6 143.2 82.9 165.2 72.5 178.5 140.4 117.7 192.1 153.8 210.7 173.8 75.3 43.1 337.6 137.9 27.2 133.5 76.4 121.0 191.3 162.5 243.4 128.8 88.9 176.3 140.3 128.9 201.1 69.8 203.7 102.2 143.7 314.7 112.9 185.8 48.2 65.6 150.1 221.1
1751.7 178.9 258.1 208.8 0.0 257.2 221.1 133.1 127.8 217.7 84.5 197.8 164.4 129.9 279.7 209.7 155.3 191.1 149.6 66.3 204.8 179.8 140.3 235.6 270.0 151.6 195.8 99.5 133.8 184.3 118.1 180.6 77.1 115.0 129.2 139.7 204.0 64.9 201.0 229.5 205.2 191.1 116.0 238.8 166.6 172.5 138.3 102.6 109.8 0.0 143.4 158.4 87.6 277.9 135.3 126.6 178.2 108.2 209.6 118.7 305.3 250.5 136.9 203.8 185.4 108.1 228.3
1699.2 129.8 453.6 96.5 207.0 0.0 96.7 163.3 192.8 104.0 217.5 99.1 228.7 227.7 106.5 75.7 166.4 96.6 195.1 227.1 46.6 109.4 326.6 41.7 96.8 160.5 131.3 194.9 175.1 131.9 201.2 104.6 225.3 198.3 162.0 232.0 196.8 256.2 130.0 67.4 97.0 386.6 170.0 94.5 98.7 131.4 160.3 232.6 208.6 207.0 168.0 137.6 223.1 74.1 161.0 229.4 133.2 250.5 112.0 175.8 293.0 65.8 227.1 80.3 102.1 196.9 201.3
1704.4 59.3 401.3 123.6 182.0 65.6 0.0 116.3 135.1 102.9 155.8 54.8 170.9 164.7 96.6 83.3 120.6 48.1 137.3 193.3 54.7 79.4 283.5 61.6 86.9 135.5 98.9 138.7 128.3 130.8 158.1 57.6 163.6 142.1 91.5 179.7 135.1 192.0 105.4 20.0 90.4 334.3 123.0 103.4 103.5 72.1 102.3 176.4 162.6 182.0 119.5 90.6 161.4 103.9 114.0 182.4 64.2 188.8 32.7 130.8 253.3 76.5 170.9 64.4 86.1 135.2 176.3
1762.5 98.4 288.0 147.6 119.5 161.6 117.2 0.0 52.5 142.7 39.4 75.9 131.3 96.7 183.0 96.1 61.6 69.2 126.3 63.7 109.2 118.5 170.2 140.0 173.3 37.1 161.2 49.7 19.3 170.6 84.9 60.9 47.2 99.8 114.0 106.5 71.5 83.6 86.5 133.9 130.2 221.0 34.0 124.4 131.9 111.2 74.8 87.4 57.6 119.5 68.1 25.9 72.4 172.4 2.3 93.4 45.7 72.4 105.7 12.5 190.8 154.9 81.9 85.5 125.2 92.9 113.8
1789.4 91.2 295.8 133.3 146.4 161.7 133.4 52.2 0.0 139.8 91.7 107.2 99.0 59.2 204.2 136.4 54.9 100.5 92.6 129.2 126.9 74.1 178.0 157.7 194.5 64.0 98.2 17.4 46.2 148.1 52.6 92.2 47.6 67.5 81.7 74.2 114.0 76.0 104.1 151.6 127.3 228.8 28.4 156.5 116.2 66.8 33.7 55.1 27.4 146.4 15.5 69.5 40.1 200.0 49.9 61.1 84.9 72.8 131.1 66.7 217.7 172.6 49.6 116.8 80.8 60.6 140.7
1731.7 60.8 400.6 40.6 252.3 92.9 102.9 140.1 139.8 0.0 179.6 66.7 170.2 164.0 98.0 59.6 121.9 73.4 136.6 217.1 58.1 65.6 282.8 88.9 88.3 169.9 47.0 157.3 152.1 78.9 157.4 81.4 187.4 153.8 108.5 179.0 158.9 215.8 177.6 82.8 12.5 333.6 146.8 58.2 120.5 72.9 121.6 195.0 167.3 252.3 124.2 114.4 180.0 131.2 137.8 183.9 88.0 212.6 135.7 154.6 323.6 103.8 189.5 57.1 58.3 146.9 246.6
1744.2 147.0 268.6 192.4 168.1 210.2 165.8 48.5 101.1 191.3 0.0 124.5 158.0 123.5 231.6 162.9 110.2 117.8 143.2 24.2 157.8 167.1 150.8 192.1 221.9 85.7 187.8 93.1 67.9 177.9 111.7 109.5 62.9 108.6 122.8 133.3 120.1 64.8 135.1 182.5 178.8 201.6 82.6 173.8 160.2 159.8 123.4 96.2 81.6 168.1 116.7 74.5 81.2 230.8 50.9 120.2 94.3 94.0 154.3 34.1 239.4 203.5 130.5 134.1 173.8 101.7 162.4
1706.8 34.3 374.1 71.6 185.5 68.0 73.1 73.3 98.5 66.7 112.8 0.0 145.9 137.5 107.0 29.1 77.6 6.7 112.3 150.3 33.2 54.4 256.3 64.0 97.3 103.1 62.7 95.7 85.3 94.6 130.9 14.6 120.6 99.1 66.5 152.5 92.1 149.0 125.5 57.9 54.2 307.1 80.0 49.2 78.5 47.1 59.3 133.4 123.7 185.5 87.5 47.6 118.4 106.3 71.0 139.4 21.2 145.8 70.8 87.8 256.8 78.9 127.9 9.6 61.1 92.2 179.8
1861.8 181.9 318.8 225.9 209.5 257.8 225.9 115.3 121.1 211.5 154.8 184.6 0.0 87.4 273.5 178.8 131.1 177.9 54.8 196.9 198.3 169.5 201.0 232.9 263.8 144.9 187.7 92.8 109.3 233.5 75.6 169.6 146.5 108.5 123.0 97.2 179.5 182.9 194.3 223.0 198.7 251.8 91.5 233.1 160.4 170.2 114.1 113.9 106.0 227.3 136.7 133.9 98.9 263.9 131.0 73.9 153.7 171.7 213.7 145.6 280.8 244.3 130.2 194.2 176.8 101.9 203.8
1779.5 214.3 236.5 267.1 251.4 292.6 267.1 152.0 145.2 253.1 196.7 225.8 130.1 0.0 315.1 255.0 174.9 219.1 156.8 89.4 240.2 219.4 118.7 274.5 305.4 163.8 258.1 116.9 146.0 219.7 107.3 210.8 170.6 145.2 164.6 9.7 216.2 107.5 213.2 264.9 240.6 169.5 128.2 274.3 202.0 212.1 162.3 138.0 142.7 251.4 160.8 170.6 117.8 305.5 155.1 105.1 195.6 195.8 250.4 164.5 322.7 280.7 154.3 235.4 226.7 143.5 240.5
1726.8 141.4 465.5 60.8 235.0 104.6 96.6 180.4 204.2 98.0 219.9 107.0 235.1 228.9 0.0 77.8 184.7 113.7 201.5 257.4 73.7 130.0 347.7 100.6 9.7 188.5 105.9 202.8 192.4 143.8 222.3 121.7 227.7 206.2 173.6 243.9 199.2 256.1 158.4 76.5 109.4 398.5 187.1 56.4 185.6 137.3 166.4 240.5 230.8 235.0 188.6 154.7 225.5 138.3 178.1 246.5 128.3 252.9 129.4 194.9 306.3 106.9 235.0 97.4 122.7 199.3 229.3
1712.1 63.5 401.6 12.1 205.7 81.9 83.3 101.7 127.7 52.0 133.0 29.1 153.4 170.2 77.8 0.0 105.6 35.8 137.6 165.5 38.5 66.6 283.8 72.8 68.1 132.8 54.6 124.9 115.0 70.9 158.4 43.8 149.8 128.8 95.7 171.0 121.3 186.2 129.6 68.4 40.0 325.6 100.2 19.2 41.2 64.9 93.8 162.6 150.4 214.7 116.7 67.8 138.6 92.7 100.4 161.6 48.7 175.0 56.3 108.0 291.2 65.4 157.1 19.5 64.5 121.4 200.0
1788.6 61.0 324.3 123.0 155.5 166.2 121.2 61.3 48.7 121.9 100.8 81.7 103.3 92.9 188.8 107.2 0.0 75.0 87.5 125.1 113.8 85.8 206.5 149.3 179.1 73.1 148.9 45.9 56.5 140.2 81.1 66.7 77.6 69.7 85.1 102.7 88.5 114.0 122.5 138.5 108.2 257.3 30.2 130.2 121.1 78.5 50.4 83.6 71.4 155.5 59.3 42.8 68.6 180.3 59.2 89.6 50.3 102.8 108.5 73.8 226.8 160.7 78.1 91.3 93.1 64.0 149.8
1713.5 27.6 367.4 78.3 178.8 74.7 66.4 66.6 91.8 73.4 106.1 6.7 139.2 130.8 113.7 35.8 70.9 0.0 105.6 143.6 39.9 47.7 249.6 70.7 104.0 96.4 69.4 89.0 78.6 101.3 124.2 7.9 113.9 92.4 59.8 145.8 85.4 142.3 118.8 64.6 60.9 300.4 73.3 55.9 71.8 40.4 52.6 126.7 117.0 178.8 80.8 40.9 111.7 113.0 64.3 132.7 14.5 139.1 64.1 81.1 250.1 85.6 121.2 16.3 54.4 85.5 173.1
1806.9 145.7 263.9 175.6 182.8 206.4 198.5 88.6 76.6 184.5 128.1 157.2 62.1 27.3 246.5 186.4 105.1 150.5 0.0 165.6 171.6 150.8 146.1 202.4 236.8 100.4 174.9 48.3 82.6 151.1 20.7 142.2 102.0 81.8 96.0 42.3 152.8 130.4 140.5 196.3 172.0 196.9 64.8 206.5 150.4 143.5 110.4 69.4 81.8 182.8 92.2 107.2 54.4 244.7 86.3 47.2 134.9 127.2 196.2 103.1 254.1 217.3 85.7 166.8 157.5 74.9 177.1
1762.4 148.2 286.8 178.1 186.3 226.5 184.0 66.7 96.3 187.0 18.1 142.7 133.8 99.2 249.0 162.9 124.6 136.0 118.9 0.0 174.1 149.1 169.0 204.9 239.3 103.9 163.5 68.8 86.1 153.6 87.4 127.7 38.6 84.3 98.5 109.0 138.3 34.2 153.3 198.8 174.5 219.8 85.3 192.0 135.9 141.8 107.6 71.9 71.3 186.3 111.9 92.7 56.9 237.3 68.9 95.9 112.5 69.7 172.5 52.3 257.6 219.8 106.2 152.3 154.7 77.4 180.6
1673.5 75.9 397.7 40.6 196.0 52.3 44.7 116.6 136.9 48.1 156.1 43.2 149.5 161.1 83.7 33.7 120.9 49.9 133.7 180.4 0.0 62.7 279.9 34.2 74.0 146.4 45.8 139.0 128.6 76.0 154.5 57.9 163.9 142.4 109.8 176.1 135.4 192.3 109.8 24.6 35.6 330.7 123.3 48.6 121.8 70.0 113.6 176.7 161.9 196.0 121.3 90.9 161.7 72.9 114.3 182.7 71.8 189.1 50.6 129.1 267.3 45.6 171.2 33.6 56.0 135.5 190.3
1726.3 55.5 358.3 78.7 220.6 105.1 97.5 115.9 74.1 65.6 155.4 61.3 110.1 121.7 130.0 32.9 85.8 67.7 94.3 179.7 52.7 0.0 240.5 83.5 120.3 138.2 66.2 91.6 120.4 73.9 115.1 57.2 121.8 88.1 48.5 136.7 134.7 154.0 140.5 77.4 53.1 291.3 102.6 85.9 35.2 7.2 50.8 129.3 99.1 220.6 58.5 90.2 114.3 125.8 113.6 135.3 71.1 147.0 86.2 128.4 291.9 98.4 123.8 51.7 6.6 81.2 214.9
1835.4 245.1 117.7 275.0 203.0 305.8 287.3 199.3 194.0 283.9 150.7 264.0 230.7 190.9 345.9 284.9 222.5 257.3 215.8 113.2 271.0 246.0 0.0 301.8 336.2 217.8 260.3 165.7 200.0 250.5 184.3 246.8 143.3 181.2 195.4 205.9 270.2 137.4 257.9 295.7 271.4 47.4 182.2 305.0 249.8 238.7 201.5 168.8 173.5 203.0 209.6 224.6 153.8 344.1 201.7 192.8 252.3 174.4 285.0 184.1 371.5 316.7 203.1 270.0 251.6 174.3 197.3
1642.7 106.4 428.2 71.1 161.7 32.9 71.3 147.1 167.4 78.6 186.6 73.7 180.0 196.8 90.3 50.2 150.2 80.4 164.2 210.9 33.7 96.5 310.4 0.0 80.6 115.2 138.8 165.8 129.8 106.5 185.0 88.4 194.4 176.2 140.3 209.9 169.2 230.8 75.5 51.2 66.1 361.2 146.6 78.3 67.8 100.5 144.1 203.5 187.8 165.2 151.8 121.4 185.0 34.4 145.0 209.5 102.3 219.6 81.1 162.9 233.0 11.3 198.0 64.1 89.8 166.0 156.0
1733.7 131.7 455.8 51.1 244.7 94.9 86.9 170.7 194.5 88.3 210.2 97.3 225.4 219.2 9.7 68.1 175.0 104.0 191.8 247.7 64.0 120.3 338.0 90.9 0.0 198.2 96.2 193.1 182.7 134.1 212.6 112.0 218.0 196.5 163.9 234.2 189.5 246.4 168.1 66.8 99.7 388.8 177.4 46.7 175.9 127.6 156.7 230.8 221.1 244.7 178.9 145.0 215.8 133.2 168.4 236.8 118.6 243.2 119.7 185.2 316.0 105.8 225.3 87.7 113.0 189.6 239.0
1725.3 113.7 325.4 159.1 82.3 184.0 132.5 42.6 49.8 158.0 82.1 91.2 128.6 88.8 198.3 129.6 58.9 84.5 155.2 106.4 124.5 124.0 207.6 155.3 188.6 0.0 149.8 47.0 14.5 166.4 82.2 76.2 89.9 97.1 111.3 103.8 86.8 112.0 49.3 149.2 145.5 258.4 31.3 139.7 147.2 116.7 72.1 84.7 72.5 82.3 65.4 41.2 69.7 159.1 40.3 90.7 61.0 115.1 121.0 55.1 153.6 127.8 79.2 100.8 130.7 90.2 76.6
1729.4 106.1 513.1 135.4 260.3 129.2 128.2 137.8 99.9 64.0 177.3 64.4 130.5 142.1 99.8 60.9 143.1 71.1 128.6 201.6 69.7 160.1 260.9 86.6 90.1 164.0 0.0 121.8 150.6 57.0 135.5 79.1 161.5 248.3 105.8 161.5 161.0 176.0 170.1 80.5 178.6 324.0 128.4 147.9 18.3 33.0 83.9 289.5 129.3 260.3 98.2 112.1 140.1 135.0 135.7 161.1 97.4 172.8 96.8 283.0 322.1 131.3 163.5 66.6 153.4 138.5 256.1
1777.4 113.9 278.3 143.8 134.4 174.6 150.1 40.2 28.2 152.7 79.7 108.8 81.5 41.7 214.7 138.0 56.7 102.1 108.1 117.2 139.8 102.4 160.5 170.6 205.0 52.0 126.5 0.0 34.2 119.3 35.1 93.8 53.6 50.0 64.2 56.7 104.4 82.0 92.1 164.5 140.2 211.3 16.4 158.1 118.6 95.1 62.0 37.6 33.4 134.4 43.8 58.8 22.6 212.9 37.9 43.6 86.5 78.8 147.8 54.7 205.7 185.5 32.1 118.4 109.1 43.1 128.7
1743.1 99.1 310.8 144.5 100.1 162.3 117.9 28.0 35.2 143.4 67.5 76.6 113.9 74.2 183.7 96.8 44.3 69.9 140.6 91.8 109.9 109.4 193.0 144.2 174.0 17.7 135.2 32.4 0.0 151.8 67.6 61.6 75.3 82.5 96.7 89.2 72.2 97.4 67.1 134.6 130.9 243.8 16.7 125.1 132.6 102.1 57.5 70.1 57.9 100.1 50.8 26.6 55.1 173.1 25.7 76.1 46.4 100.5 106.4 40.5 171.4 155.6 64.6 86.2 116.1 75.6 94.4
1816.2 90.4 321.6 150.6 240.5 197.6 132.6 146.3 118.3 151.3 185.8 109.3 73.4 90.2 216.4 129.5 112.0 102.6 57.6 210.1 142.6 91.3 203.8 176.9 206.7 158.1 131.0 106.0 140.3 0.0 78.4 92.1 159.7 89.7 58.7 100.0 169.6 196.1 175.4 152.7 138.8 254.6 122.5 157.8 96.1 84.0 96.0 127.1 137.0 240.5 102.7 125.1 112.1 205.8 144.0 104.9 106.0 184.9 121.1 158.8 311.8 188.3 143.4 118.9 98.6 82.8 234.8
1786.1 220.9 243.1 250.8 258.0 281.6 273.7 163.8 151.8 259.7 203.3 232.4 136.8 6.5 321.7 261.6 180.3 225.7 163.4 81.9 246.8 226.0 125.3 277.6 312.0 175.6 250.1 123.5 157.8 226.3 0.0 217.4 177.2 157.0 171.2 21.5 228.0 106.1 215.7 271.5 247.2 176.1 140.0 281.7 225.6 218.7 185.6 144.6 157.0 258.0 167.4 182.4 129.6 319.9 161.5 116.9 210.1 202.4 271.4 178.3 329.3 292.5 160.9 242.0 232.7 150.1 252.3
1721.8 37.4 359.4 86.6 170.8 83.0 56.2 58.6 83.8 81.7 98.1 14.9 134.6 122.8 122.0 44.1 62.9 8.2 101.0 135.6 48.2 57.5 241.6 79.0 112.3 88.4 77.7 81.0 70.6 109.6 116.2 0.0 105.9 84.4 69.6 137.8 77.4 134.3 108.6 72.9 69.2 292.4 65.3 64.2 81.6 50.2 44.6 118.7 109.0 170.8 72.8 32.9 103.7 121.3 56.3 124.7 6.6 131.1 53.9 73.1 242.1 93.9 113.2 24.5 64.8 77.5 165.1
1777.0 136.0 301.4 165.9 177.5 196.7 175.2 57.9 57.6 174.8 52.8 133.9 121.6 81.8 236.8 163.1 90.0 127.2 106.7 90.3 161.9 131.8 183.6 192.7 227.1 95.1 151.2 50.7 77.3 141.4 75.2 118.9 0.0 72.1 86.3 96.8 129.5 28.3 135.2 186.6 162.3 234.4 63.8 183.2 140.7 124.5 91.4 59.7 30.1 177.5 73.2 83.9 44.7 235.0 60.3 83.7 111.6 25.1 172.9 42.7 248.8 207.6 70.1 143.5 138.5 65.2 171.8
1763.3 63.8 341.9 97.5 235.0 142.1 106.0 124.2 100.4 102.6 163.7 82.7 93.7 105.3 164.6 96.6 106.2 76.0 77.9 188.0 89.7 64.7 224.1 120.5 154.9 154.0 107.6 117.9 136.2 69.2 98.7 65.5 148.1 0.0 14.1 120.3 143.0 176.5 148.8 114.4 90.1 274.9 128.9 122.9 51.5 57.4 77.1 155.6 125.4 235.0 84.8 98.5 140.6 162.8 121.9 125.2 79.4 173.3 94.5 136.7 306.3 135.4 150.1 88.7 70.9 107.5 229.3
1749.1 96.2 376.7 79.5 269.7 110.3 120.3 157.5 137.6 88.4 197.0 84.1 146.3 140.1 150.4 89.4 150.5 90.8 112.7 234.5 75.5 63.4 258.9 106.3 140.7 187.3 64.8 155.1 169.5 55.0 133.5 98.8 185.3 151.6 0.0 155.1 176.3 213.7 195.0 100.2 75.9 309.7 164.2 109.5 124.0 70.7 129.3 192.8 165.1 269.7 122.0 131.8 177.8 148.6 155.2 160.0 105.4 210.5 153.1 172.0 341.0 121.2 187.3 74.5 56.1 144.7 264.0
1764.5 192.2 221.5 225.9 132.1 270.5 234.4 146.4 141.1 231.0 97.8 211.1 177.8 138.0 293.0 225.0 168.6 204.4 162.9 79.6 218.1 193.1 103.7 248.9 283.3 164.9 236.0 112.8 147.1 197.6 131.4 193.9 90.4 128.3 142.5 0.0 217.3 88.3 214.3 242.8 218.5 154.5 129.3 251.3 179.9 185.8 151.6 115.9 123.1 132.1 156.7 171.7 100.9 283.4 148.6 139.9 191.5 121.5 222.9 132.0 296.0 263.8 150.2 217.1 198.7 121.4 126.4
1781.6 138.7 350.4 184.1 138.6 201.9 157.5 67.6 74.8 183.0 107.1 116.2 153.6 113.8 223.3 136.4 83.9 109.5 180.2 131.4 149.5 149.0 232.6 180.3 213.6 56.2 229.4 72.0 39.5 191.4 107.2 101.2 114.9 122.1 136.3 128.8 0.0 151.3 105.6 174.2 170.5 283.4 56.3 164.7 172.2 141.7 97.1 109.7 97.5 138.6 90.4 66.2 94.7 214.8 65.5 115.7 86.0 140.1 146.0 80.1 209.9 195.2 104.2 125.8 155.7 115.2 132.9
1805.7 107.6 290.0 137.5 169.0 177.9 149.8 64.7 56.5 146.4 100.0 126.5 93.1 58.6 208.4 113.7 84.0 119.8 78.3 128.5 129.7 104.7 172.2 167.8 198.7 72.3 130.8 28.2 68.8 105.0 46.8 109.3 81.9 35.7 57.9 64.6 128.9 0.0 129.7 164.5 130.1 215.0 40.9 166.7 95.3 97.4 59.0 31.3 65.5 162.7 72.1 83.3 8.3 198.8 66.4 47.3 98.9 107.1 134.5 73.0 240.3 185.5 65.6 132.5 106.1 36.8 153.2
1682.0 124.7 365.1 198.8 86.1 129.9 98.4 82.3 89.5 170.0 121.8 130.9 168.3 128.5 169.4 160.6 98.6 124.2 194.9 146.1 121.8 144.8 247.3 88.0 172.0 39.6 172.1 86.7 54.2 197.9 121.9 115.9 129.6 136.8 151.0 143.5 126.5 161.2 0.0 118.5 157.5 298.1 71.0 179.4 168.9 137.5 111.8 124.4 112.2 86.1 105.1 80.9 109.4 99.9 80.0 130.4 100.7 154.8 107.6 94.8 157.4 78.4 118.9 140.5 151.5 129.9 80.4
1684.3 79.4 421.4 99.7 202.1 70.2 20.0 136.4 155.2 82.8 175.9 74.9 173.2 184.8 76.5 68.4 139.5 68.2 157.4 200.2 34.6 97.4 303.6 41.5 66.8 155.6 143.0 158.8 148.4 110.7 178.2 77.7 183.7 162.2 111.6 199.8 155.2 205.8 115.9 0.0 70.3 354.4 143.1 82.5 72.0 92.2 131.9 196.5 180.2 202.1 139.6 110.7 181.5 73.9 134.3 202.5 91.6 208.9 62.3 148.9 273.4 56.4 191.0 68.3 90.1 155.3 196.4
1719.2 48.3 388.1 43.4 239.8 98.0 90.4 127.6 127.3 12.5 167.1 54.2 139.9 156.7 110.5 64.7 108.2 60.9 124.1 191.4 45.6 53.1 270.3 76.4 100.8 157.4 36.2 144.8 139.6 66.4 144.9 68.9 174.9 141.3 96.0 166.5 146.4 197.0 155.5 70.3 0.0 321.1 134.3 69.9 27.7 60.4 104.0 182.5 152.3 239.8 111.7 101.9 167.5 108.8 125.5 171.4 82.8 200.1 82.2 140.1 311.1 91.3 177.0 44.6 45.8 134.4 234.1
1859.0 268.7 158.0 298.6 226.6 354.1 310.9 222.9 217.6 307.5 174.3 287.6 254.3 219.7 369.5 299.5 245.1 280.9 239.4 156.1 294.6 269.6 40.2 328.9 359.8 241.4 290.0 189.3 223.6 274.1 207.9 270.4 166.9 204.8 219.0 229.5 293.8 161.0 290.8 319.3 295.0 0.0 205.8 328.6 256.4 262.3 228.1 192.4 199.6 226.6 233.2 248.2 177.4 359.9 225.3 216.4 268.0 198.0 299.4 208.5 395.1 340.3 226.7 293.6 275.8 197.9 220.9
1760.9 101.3 294.0 155.6 117.9 178.0 133.6 23.7 18.4 158.3 63.2 92.3 97.2 57.4 199.4 112.5 40.2 85.6 123.8 87.5 125.6 92.6 176.2 156.4 189.7 35.5 132.3 15.6 17.7 135.0 50.8 77.3 58.0 65.7 79.9 72.4 87.9 80.1 84.9 150.3 145.8 227.0 0.0 140.8 117.3 85.3 40.7 53.3 41.1 117.9 34.0 42.3 38.3 190.9 21.6 59.3 62.1 83.2 122.1 36.2 189.2 171.3 47.8 101.9 99.3 58.8 112.2
1728.8 84.0 422.1 8.3 234.3 110.5 103.8 122.1 148.2 58.6 161.6 49.6 173.9 190.7 64.9 44.1 126.1 56.3 158.1 185.9 58.1 86.2 304.3 93.3 67.1 151.9 34.1 145.4 134.1 99.5 178.9 64.3 170.3 147.9 116.2 200.5 140.9 206.7 164.7 82.8 59.1 354.2 128.8 0.0 61.7 93.5 128.6 183.1 170.9 235.2 137.2 96.4 167.2 124.3 120.9 188.2 77.3 195.5 94.7 134.6 305.6 104.7 177.6 40.0 80.4 141.9 228.6
1737.8 84.9 387.6 90.2 232.3 128.0 109.0 120.1 126.3 77.1 185.7 72.8 139.4 156.2 148.0 44.4 138.0 79.5 123.6 210.0 64.2 26.0 269.8 98.5 138.3 176.0 29.1 143.8 132.1 65.9 144.4 87.5 174.0 114.2 100.7 138.7 138.9 210.4 174.1 88.9 64.6 320.6 152.9 97.4 0.0 33.3 103.0 181.5 151.3 258.4 110.7 120.5 166.5 129.5 144.1 170.9 101.4 199.2 100.8 132.6 329.7 83.8 176.0 63.2 18.7 133.4 226.6
1733.6 48.2 351.0 66.4 213.3 112.4 90.4 108.6 66.8 72.9 148.1 67.1 120.6 114.4 137.3 64.9 78.5 60.4 87.0 172.4 60.0 7.2 233.2 90.8 127.6 130.9 33.0 84.3 113.1 81.2 107.8 49.9 114.5 80.8 41.2 129.4 127.4 136.6 133.2 84.7 60.4 284.0 95.3 93.2 42.5 0.0 43.5 122.0 91.8 213.3 51.2 82.9 107.0 133.0 106.5 128.0 63.8 139.7 78.9 121.1 284.6 105.7 116.5 59.0 13.9 73.9 207.6
1777.2 67.9 318.1 110.0 168.7 156.0 110.1 71.9 23.2 116.5 111.4 83.9 102.9 81.5 180.9 83.8 32.6 77.2 69.3 135.7 103.6 50.8 200.3 134.4 171.2 87.3 145.0 40.7 68.5 124.8 74.9 68.9 69.9 52.7 66.9 96.5 90.7 92.0 135.7 128.3 104.0 251.1 50.7 132.4 86.1 43.5 0.0 77.4 48.2 168.7 6.7 46.2 62.4 169.9 69.8 83.4 53.7 96.1 98.6 84.4 240.0 149.3 72.9 93.5 59.1 45.8 163.0
1775.7 76.2 310.9 106.1 205.4 136.9 118.4 94.1 58.9 115.0 133.6 95.1 80.5 74.3 177.0 116.0 53.8 88.4 46.9 171.1 102.1 77.1 193.1 132.9 167.3 123.0 91.4 76.4 105.2 81.6 67.7 77.9 106.6 12.3 26.5 89.3 112.9 135.0 170.8 126.8 102.5 243.9 84.1 136.1 80.9 69.8 32.6 0.0 86.4 205.4 43.3 68.4 99.1 175.2 91.8 120.1 83.8 131.8 116.1 108.6 276.7 147.8 108.6 101.1 82.7 5.4 199.7
1792.1 116.2 318.5 162.1 149.1 204.3 158.4 54.9 24.9 164.8 73.2 123.5 121.6 81.9 229.2 132.1 71.4 116.8 117.6 97.5 151.9 99.1 200.7 182.7 219.5 66.7 129.3 40.1 48.9 173.1 75.3 108.5 22.6 90.2 104.4 96.9 119.1 44.7 116.1 176.6 152.3 251.5 31.1 172.0 134.4 91.8 48.2 77.8 0.0 149.1 40.5 73.5 62.8 224.9 52.6 83.8 93.3 47.8 146.9 63.9 220.4 197.6 72.3 133.1 105.8 83.3 143.4
1751.7 178.9 258.1 208.8 0.0 239.6 221.1 133.1 127.8 217.7 84.5 197.8 164.5 124.7 279.7 218.7 156.3 191.1 149.6 47.0 204.8 179.8 140.3 235.6 270.0 151.6 194.1 99.5 133.8 184.3 118.1 180.6 77.1 115.0 129.2 139.7 204.0 71.2 191.7 229.5 205.2 191.1 116.0 238.8 183.6 172.5 135.3 102.6 107.3 0.0 143.4 158.4 87.6 277.9 135.5 126.6 186.1 108.2 218.8 117.9 305.3 250.5 136.9 203.8 185.4 108.1 228.3
1784.9 75.6 311.4 117.7 162.0 146.1 117.8 67.8 15.5 124.2 107.3 91.6 114.6 74.8 188.6 120.8 39.3 84.9 77.0 144.8 111.3 58.5 193.6 142.1 178.9 79.6 82.6 33.0 61.8 132.5 68.2 76.6 63.2 60.4 74.6 89.8 98.4 91.6 119.7 136.0 111.7 244.4 44.0 140.9 100.6 51.2 18.1 70.7 43.0 162.0 0.0 53.9 55.7 184.4 65.5 76.7 69.3 88.4 115.5 82.3 233.3 157.0 65.2 101.2 65.2 53.5 156.3
1756.8 72.4 326.4 121.6 137.8 135.6 91.2 25.6 50.8 116.7 65.1 49.9 129.6 89.8 157.0 70.1 59.9 43.2 100.3 89.4 83.2 92.5 208.6 114.0 147.3 55.4 128.3 48.0 37.6 144.6 83.2 34.9 72.9 83.7 97.9 104.8 45.5 105.1 104.8 107.9 104.2 259.4 32.3 98.4 105.9 85.2 64.4 85.7 73.5 137.8 66.4 0.0 70.7 156.3 23.5 91.7 19.7 98.1 79.7 38.1 209.1 128.9 80.2 59.5 99.2 76.8 132.1
1790.7 91.2 325.9 141.5 220.4 169.5 133.4 109.1 73.9 130.0 148.6 110.1 77.7 89.3 192.0 97.3 67.6 103.4 61.9 172.9 117.1 92.1 208.1 147.9 182.3 138.0 106.5 91.4 120.2 96.6 82.7 92.9 121.6 27.3 41.5 104.3 127.9 143.7 176.2 141.8 117.5 258.9 99.1 150.3 78.9 84.8 50.6 15.0 98.9 220.4 58.3 83.4 0.0 182.4 106.8 135.1 90.9 146.8 121.9 121.6 291.7 162.8 123.6 116.1 97.7 20.4 214.7
1677.1 144.6 466.4 109.3 186.8 52.5 109.5 185.1 203.0 116.8 224.6 111.9 218.2 235.0 128.5 88.2 188.4 118.6 202.4 236.3 58.4 121.2 348.6 34.8 118.8 140.3 118.2 200.2 167.7 131.9 223.2 126.6 232.6 200.9 178.5 232.0 193.9 269.0 100.6 89.2 104.1 399.4 184.3 116.5 106.0 128.5 169.5 237.9 225.5 199.6 190.0 159.6 210.1 0.0 183.0 231.1 130.3 257.8 119.1 197.8 258.1 49.0 232.4 102.3 111.3 204.2 193.7
1760.1 96.0 290.3 114.8 117.3 159.4 114.8 2.2 50.1 140.3 41.7 73.5 128.8 94.3 180.6 111.9 60.4 66.8 123.9 65.8 106.8 116.3 172.5 141.1 170.9 34.7 138.0 47.3 16.9 168.2 82.5 58.5 49.5 97.4 111.6 104.1 69.3 85.9 84.1 131.5 128.0 223.1 31.8 122.0 129.5 108.8 72.4 85.0 59.7 117.1 65.7 23.7 70.2 172.1 0.0 91.2 43.3 74.7 103.3 14.7 188.6 152.5 79.5 83.1 123.6 90.5 111.6
1824.5 145.3 281.5 179.0 182.4 230.7 198.1 88.2 76.2 184.1 127.7 156.8 79.1 50.1 246.1 186.5 104.7 150.1 105.8 152.0 171.2 150.4 163.7 202.0 236.4 100.0 160.6 47.9 82.2 150.7 38.3 141.8 101.6 81.4 95.6 59.9 152.4 130.0 149.4 195.9 171.6 214.5 64.4 205.3 133.0 143.1 98.5 69.0 78.9 182.4 91.8 106.8 54.0 234.4 85.9 0.0 126.6 126.8 186.6 100.7 253.7 216.9 85.3 166.4 157.7 74.5 176.7
1737.0 52.6 345.5 98.0 156.9 122.9 71.4 44.7 69.9 96.9 84.2 30.1 102.9 108.9 137.2 64.5 47.8 23.4 87.1 108.5 63.4 72.7 227.7 97.7 127.5 74.5 143.3 67.1 56.7 124.8 102.3 15.2 92.0 70.5 84.7 123.9 63.5 128.4 114.2 88.1 84.4 278.5 51.4 78.6 96.8 65.4 51.2 104.8 92.6 156.9 58.9 19.0 89.8 128.7 42.4 110.8 0.0 117.2 59.9 57.2 228.2 109.1 99.3 39.7 79.4 63.6 151.2
1803.0 143.4 309.1 174.6 160.0 202.5 175.7 65.8 53.8 183.5 105.3 134.4 112.3 72.5 241.5 163.6 82.3 127.7 116.5 142.8 167.7 128.0 191.3 198.5 231.8 77.6 152.1 25.5 59.8 150.1 65.9 119.4 79.2 80.8 95.0 87.5 130.0 107.6 117.7 192.4 171.0 242.1 42.0 183.7 132.1 120.7 79.0 68.4 59.0 160.0 69.4 84.4 53.4 240.8 63.5 74.4 112.1 0.0 173.4 80.3 231.3 213.4 44.9 144.0 134.7 73.9 154.3
1714.2 48.5 390.5 111.9 191.9 93.0 62.9 105.5 124.3 94.7 145.0 44.0 160.1 153.9 124.4 59.8 108.6 37.3 126.5 169.3 40.6 68.6 272.7 71.4 114.7 135.3 129.3 127.9 117.5 122.6 147.3 46.8 152.8 131.3 80.7 168.9 124.3 174.9 105.7 65.3 82.2 323.5 112.2 92.5 92.7 61.3 101.0 165.6 149.3 191.9 108.7 79.8 150.6 103.8 103.2 171.6 60.7 178.0 0.0 118.0 263.2 86.3 160.1 53.6 75.9 124.4 186.2
1749.9 111.6 274.3 160.8 132.7 174.8 130.4 13.1 65.7 155.9 25.7 89.1 144.5 104.7 196.2 111.3 74.8 82.4 139.5 50.0 122.4 131.7 156.5 153.2 186.5 50.3 153.6 62.9 32.5 183.8 98.1 74.1 33.5 105.7 119.9 119.7 84.7 65.7 99.7 147.1 143.4 207.3 47.2 137.6 145.1 124.4 89.0 93.3 43.9 132.7 81.3 39.1 78.3 195.4 15.3 106.6 58.9 58.7 118.9 0.0 204.0 168.1 95.1 98.7 138.4 98.8 127.0
1760.8 258.0 337.2 291.7 79.0 336.3 300.2 212.2 206.9 296.8 163.6 276.9 243.6 209.0 358.8 288.8 234.4 270.2 228.7 145.4 283.9 258.9 219.4 314.7 349.1 230.7 288.8 178.6 212.9 263.4 197.2 259.7 156.2 194.1 208.3 218.8 283.1 144.0 280.1 308.6 284.3 270.2 195.1 317.1 245.7 251.6 217.4 181.7 188.9 79.0 222.5 237.5 166.7 347.1 214.4 205.7 257.3 187.3 288.7 197.8 0.0 329.6 216.0 282.9 264.5 187.2 73.3
1627.8 119.3 429.3 114.4 150.3 40.0 84.2 146.5 153.7 91.5 186.0 86.6 192.9 192.7 103.2 64.9 162.8 93.3 177.1 210.3 43.3 106.1 311.5 9.5 93.5 103.8 128.0 150.9 118.4 119.4 186.1 101.3 193.8 185.8 153.2 207.7 178.8 225.4 64.1 64.1 79.0 362.3 135.2 91.2 80.7 113.4 158.0 188.6 176.4 150.3 164.7 134.3 173.6 23.5 144.2 194.6 115.2 219.0 94.0 159.0 221.6 0.0 183.1 77.0 98.8 178.9 144.6
1814.4 100.4 335.5 148.7 206.8 175.6 142.6 95.5 60.3 157.6 135.0 107.5 105.1 98.9 214.6 136.7 55.2 100.8 71.5 172.5 140.8 92.4 217.7 171.6 204.9 124.4 116.5 77.8 106.6 124.2 92.3 92.5 108.0 54.9 69.1 113.9 114.3 136.4 164.5 162.7 145.1 268.5 85.5 156.8 87.1 85.1 34.0 115.5 87.8 206.8 44.7 69.8 100.5 213.9 93.2 121.5 85.2 133.2 140.3 110.0 278.1 186.5 0.0 117.1 99.1 48.0 201.1
1697.2 43.9 383.7 62.0 195.1 58.4 68.4 82.9 108.1 57.1 122.4 9.6 155.5 147.1 97.4 19.5 87.2 16.3 121.9 159.9 23.6 64.0 265.9 54.4 87.7 112.7 53.1 105.3 94.9 85.0 140.5 24.2 130.2 108.7 76.1 162.1 101.7 158.6 135.1 48.3 44.6 316.7 89.6 39.6 88.1 56.7 68.9 143.0 133.3 195.1 97.1 57.2 128.0 96.7 80.6 149.0 30.8 155.4 80.4 97.4 266.4 69.3 137.5 0.0 64.4 101.8 189.4
1719.6 62.2 365.0 71.4 227.9 97.8 90.2 122.6 80.8 58.3 162.1 54.6 116.8 128.4 122.7 64.5 93.7 60.7 101.0 186.4 45.4 6.6 247.2 80.3 113.0 144.9 18.4 98.9 127.1 66.6 121.8 64.5 128.5 94.8 55.2 144.0 141.4 160.7 147.8 70.7 45.8 298.6 109.3 80.0 27.9 13.9 59.1 136.6 105.8 227.9 65.2 96.9 121.0 108.6 120.9 142.0 77.8 153.7 82.0 135.1 298.6 91.7 130.5 44.4 0.0 88.5 221.6
1770.2 70.7 348.8 100.6 241.9 131.4 112.9 131.1 107.3 109.5 170.6 89.6 118.4 112.2 171.5 110.5 114.3 82.9 84.8 208.1 96.6 71.6 231.0 127.4 161.8 160.9 85.9 124.8 143.1 76.1 105.6 72.4 155.0 6.9 21.0 127.2 149.9 183.4 165.3 121.3 97.0 281.8 135.8 130.6 75.4 64.3 99.0 162.5 134.8 241.9 91.7 105.4 147.5 169.7 128.8 132.1 79.0 180.2 110.6 145.6 313.2 142.3 157.0 95.6 77.8 0.0 236.2
1757.4 184.6 263.8 218.3 5.6 262.9 226.8 138.8 133.5 223.4 90.2 203.5 170.1 130.4 285.4 224.9 161.0 196.8 155.3 72.0 210.5 185.5 146.0 241.3 275.7 157.3 228.4 105.2 139.5 190.0 123.8 186.3 82.8 120.7 134.9 145.4 209.7 80.7 206.7 235.2 210.9 196.8 121.7 243.7 172.3 178.2 144.0 108.3 115.5 5.6 149.1 164.1 93.3 283.6 141.2 132.3 183.9 113.9 215.3 124.4 311.0 256.2 142.6 209.5 191.7 113.8 0.0
