Name		1424_BED-Amazon_n84_m181_bt28
Number_of_Customers	84
Number_of_Items		181
Number_of_ItemTypes	28
Number_of_Vehicles	1
TimeWindows		0
Dist_type	manual

VEHICLE
Mass_Capacity	1024
CargoSpace_Length	212
CargoSpace_Width	111
CargoSpace_Height	105

CUSTOMERS
i	x	y	Demand	ReadyTime	DueDate	ServiceTime	DemandedMass	DemandedVolume
0	47.937344	-122.244952	0	0	0	0	0	0
1	47.677874	-122.309839	3	0	0	0	12.49	13433
2	47.678675	-122.308791	2	0	0	0	4.3	6498
3	47.6821	-122.309919	2	0	0	0	4.65	5058
4	47.675822	-122.315227	1	0	0	0	3.01	5544
5	47.67416	-122.316533	6	0	0	0	26.76	33138
6	47.681972	-122.307783	1	0	0	0	4.7	1380
7	47.678199	-122.308776	2	0	0	0	2.45	7248
8	47.674989	-122.31626	7	0	0	0	40.46	40238
9	47.673831	-122.312504	1	0	0	0	9.4	2760
10	47.684291	-122.307806	2	0	0	0	2.6	3816
11	47.674983	-122.311916	1	0	0	0	1.9	1176
12	47.675677	-122.317382	1	0	0	0	4.7	1380
13	47.672844	-122.315815	1	0	0	0	4.7	1380
14	47.674233	-122.318017	1	0	0	0	0.7	2640
15	47.674759	-122.311422	1	0	0	0	4.7	1380
16	47.675105	-122.317373	1	0	0	0	2.5	3978
17	47.67914	-122.306661	4	0	0	0	17.56	56028
18	47.678759	-122.31635	1	0	0	0	0.7	2640
19	47.671483	-122.318636	2	0	0	0	6.6	2556
20	47.680116	-122.307738	1	0	0	0	4.7	1380
21	47.677178	-122.309822	1	0	0	0	2.5	3978
22	47.683048	-122.310565	1	0	0	0	4.7	1380
23	47.683049	-122.309994	1	0	0	0	9.4	2760
24	47.671805	-122.31538	1	0	0	0	5.29	8075
25	47.683957	-122.311252	1	0	0	0	1.75	4608
26	47.672604	-122.316685	1	0	0	0	4.7	1380
27	47.675176	-122.313118	2	0	0	0	18.04	24380
28	47.671494	-122.319648	2	0	0	0	18.9	10340
29	47.673306	-122.314305	1	0	0	0	7.3	3640
30	47.673802	-122.315658	1	0	0	0	3.82	7600
31	47.669541	-122.31419	1	0	0	0	3.82	8580
32	47.674873	-122.310856	1	0	0	0	7.3	3640
33	47.675836	-122.318388	6	0	0	0	21.28	38208
34	47.678041	-122.313103	1	0	0	0	7.3	3640
35	47.675027	-122.309784	1	0	0	0	9.4	2760
36	47.681959	-122.311001	1	0	0	0	4.8	6200
37	47.674162	-122.319691	2	0	0	0	12.41	8304
38	47.671762	-122.31638	1	0	0	0	0.7	2640
39	47.676222	-122.310862	1	0	0	0	7.3	3640
40	47.672592	-122.320082	3	0	0	0	15.35	23208
41	47.682054	-122.306714	4	0	0	0	10.05	14268
42	47.675715	-122.309788	1	0	0	0	9.4	2760
43	47.679455	-122.307295	1	0	0	0	0.7	2640
44	47.678702	-122.313116	2	0	0	0	4.3	6498
45	47.677606	-122.311442	1	0	0	0	0.7	2640
46	47.683808	-122.309472	1	0	0	0	3.82	8580
47	47.676244	-122.317389	2	0	0	0	5.4	4020
48	47.671329	-122.317367	5	0	0	0	13.51	23942
49	47.674321	-122.313758	1	0	0	0	4.7	1380
50	47.678054	-122.31092	1	0	0	0	4.7	1380
51	47.677759	-122.311975	1	0	0	0	4.7	1380
52	47.682317	-122.311739	1	0	0	0	4.7	1380
53	47.673513	-122.315645	1	0	0	0	14.1	4140
54	47.675809	-122.313681	2	0	0	0	9.99	9455
55	47.684531	-122.306733	1	0	0	0	1.75	4608
56	47.678606	-122.310926	2	0	0	0	4.52	11220
57	47.681246	-122.309152	2	0	0	0	7.2	5358
58	47.683988	-122.308879	3	0	0	0	7.9	7998
59	47.684629	-122.312125	2	0	0	0	3.2	6618
60	47.67876	-122.315604	2	0	0	0	5.4	4020
61	47.672239	-122.319497	3	0	0	0	5.0	21918
62	47.673431	-122.314008	2	0	0	0	9.45	4720
63	47.671592	-122.315635	1	0	0	0	4.7	1380
64	47.681971	-122.30884	1	0	0	0	4.8	6200
65	47.670334	-122.314176	3	0	0	0	12.49	13433
66	47.682702	-122.308855	4	0	0	0	28.55	16408
67	47.678041	-122.314426	1	0	0	0	0.7	2640
68	47.678215	-122.311988	1	0	0	0	1.75	4608
69	47.682647	-122.306723	1	0	0	0	1.9	1176
70	47.678421	-122.30664	4	0	0	0	16.63	36724
71	47.680485	-122.307751	1	0	0	0	7.57	28120
72	47.679128	-122.307719	2	0	0	0	6.81	13125
73	47.67667	-122.308741	2	0	0	0	4.75	6496
74	47.678041	-122.313439	2	0	0	0	3.15	9888
75	47.681098	-122.308826	1	0	0	0	4.8	6200
76	47.675362	-122.318016	1	0	0	0	2.5	3978
77	47.675248	-122.31871	3	0	0	0	17.62	26303
78	47.679462	-122.315215	1	0	0	0	9.4	2760
79	47.672918	-122.317357	6	0	0	0	44.26	72435
80	47.679416	-122.310483	1	0	0	0	4.7	1380
81	47.673265	-122.315106	1	0	0	0	0.7	2640
82	47.670347	-122.315191	2	0	0	0	11.61	10040
83	47.679981	-122.312024	2	0	0	0	5.4	4020
84	47.673679	-122.317356	1	0	0	0	4.7	1380

ITEMS
Type	Length	Width	Height	Mass	Fragility	LoadBearingStrength
Bt1	18	12	5	2.15	1	0
Bt2	21	14	4	1.9	1	0
Bt3	23	15	4	4.7	1	0
Bt4	20	18	7	1.8	1	0
Bt5	15	11	16	0.7	1	0
Bt6	20	14	13	7.3	1	0
Bt7	17	13	18	2.5	1	0
Bt8	24	12	16	1.75	1	0
Bt9	28	19	10	2.85	1	0
Bt10	28	22	9	3.01	1	0
Bt11	31	20	10	4.8	1	0
Bt12	26	20	14	2.21	1	0
Bt13	40	19	10	3.82	1	0
Bt14	25	19	17	5.29	1	0
Bt15	22	15	26	3.816	1	0
Bt16	28	18	18	2.75	1	0
Bt17	50	20	10	4.73	1	0
Bt18	40	20	13	2.6	1	0
Bt19	29	24	15	4.26	1	0
Bt20	29	27	15	2.11	1	0
Bt21	26	20	26	2.91	1	0
Bt22	27	23	24	2.94	1	0
Bt23	34	18	25	1.8	1	0
Bt24	39	27	16	7.63	1	0
Bt25	57	15	20	3.44	1	0
Bt26	56	17	20	4.71	1	0
Bt27	37	37	20	7.85	1	0
Bt28	38	37	20	7.568	1	0

DEMANDS PER CUSTOMER
i	Type Quantity
1	Bt7 1	Bt3 1	Bt14 1	
2	Bt7 1	Bt4 1	
3	Bt7 1	Bt1 1	
4	Bt10 1	
5	Bt26 1	Bt1 1	Bt7 1	Bt6 1	Bt5 1	Bt3 2	
6	Bt3 1	
7	Bt8 1	Bt5 1	
8	Bt18 1	Bt3 5	Bt8 1	Bt5 2	Bt2 3	Bt7 1	Bt10 1	
9	Bt3 2	
10	Bt2 1	Bt5 1	
11	Bt2 1	
12	Bt3 1	
13	Bt3 1	
14	Bt5 1	
15	Bt3 1	
16	Bt7 1	
17	Bt11 1	Bt25 1	Bt8 1	Bt28 1	
18	Bt5 1	
19	Bt2 1	Bt3 1	
20	Bt3 1	
21	Bt7 1	
22	Bt3 1	
23	Bt3 2	
24	Bt14 1	
25	Bt8 1	
26	Bt3 1	
27	Bt6 2	Bt25 1	
28	Bt3 3	Bt11 1	
29	Bt6 1	
30	Bt13 1	
31	Bt15 1	
32	Bt6 1	
33	Bt5 1	Bt21 1	Bt13 1	Bt6 1	Bt8 1	Bt11 1	
34	Bt6 1	
35	Bt3 2	
36	Bt11 1	
37	Bt10 1	Bt3 2	
38	Bt5 1	
39	Bt6 1	
40	Bt22 1	Bt3 2	Bt10 1	
41	Bt16 1	Bt2 1	Bt5 1	Bt3 1	
42	Bt3 2	
43	Bt5 1	
44	Bt4 1	Bt7 1	
45	Bt5 1	
46	Bt15 1	
47	Bt3 1	Bt5 1	
48	Bt3 1	Bt10 1	Bt7 1	Bt18 1	Bt5 1	
49	Bt3 1	
50	Bt3 1	
51	Bt3 1	
52	Bt3 1	
53	Bt3 3	
54	Bt3 1	Bt14 1	
55	Bt8 1	
56	Bt5 1	Bt15 1	
57	Bt3 1	Bt7 1	
58	Bt3 1	Bt5 1	Bt7 1	
59	Bt5 1	Bt7 1	
60	Bt5 1	Bt3 1	
61	Bt5 1	Bt23 1	Bt7 1	
62	Bt1 1	Bt6 1	
63	Bt3 1	
64	Bt11 1	
65	Bt14 1	Bt3 1	Bt7 1	
66	Bt3 4	Bt5 1	Bt6 1	Bt8 1	
67	Bt5 1	
68	Bt8 1	
69	Bt2 1	
70	Bt22 1	Bt3 1	Bt17 1	Bt19 1	
71	Bt28 1	
72	Bt3 1	Bt20 1	
73	Bt9 1	Bt2 1	
74	Bt5 2	Bt8 1	
75	Bt11 1	
76	Bt7 1	
77	Bt3 1	Bt24 1	Bt14 1	
78	Bt3 2	
79	Bt28 1	Bt27 1	Bt3 3	Bt6 1	Bt1 1	Bt14 1	
80	Bt3 1	
81	Bt5 1	
82	Bt3 2	Bt12 1	
83	Bt3 1	Bt5 1	
84	Bt3 1	

DISTANCE MATRIX
0.0 2271.4 2269.0 2195.4 2185.9 2205.5 2217.8 2283.6 2207.3 2305.8 2240.7 2275.0 2145.5 2279.0 2198.9 2299.4 2157.5 2263.8 2139.7 2256.6 2262.4 2298.6 2161.8 2166.3 2335.0 2199.0 2231.0 2234.9 2274.8 2269.5 2262.5 2312.9 2275.4 2163.3 2235.7 2281.8 2193.3 2227.8 2250.8 2295.4 2232.3 2222.5 2262.2 2272.9 2192.0 2275.8 2204.0 2127.3 2231.8 2260.0 2247.8 2215.2 2165.1 2260.6 2205.6 2257.5 2233.1 2240.1 2220.5 2193.8 2154.6 2289.4 2330.1 2263.1 2210.4 2305.3 2190.8 2259.5 2208.2 2214.1 2274.5 2253.7 2271.9 2331.7 2241.7 2234.7 2193.8 2200.5 2119.2 2196.1 2214.8 2261.3 2309.1 2202.0 2183.0
2235.8 0.0 90.6 123.7 136.5 223.2 165.6 70.8 209.9 193.2 232.3 121.1 189.0 310.8 264.3 211.8 201.0 109.0 156.8 300.1 115.8 21.4 173.4 177.9 234.4 192.6 327.3 140.9 318.2 238.2 260.7 262.7 116.6 188.8 98.1 89.5 151.2 271.2 294.3 78.6 344.5 162.3 64.2 93.8 104.5 41.0 237.5 225.1 275.2 159.4 45.9 59.2 139.9 256.9 114.0 211.1 60.6 114.6 217.5 186.2 141.9 332.9 217.5 306.6 154.3 304.5 168.5 121.9 66.3 175.4 102.3 124.5 99.3 72.4 104.1 127.1 219.3 226.7 165.7 239.6 72.2 255.5 323.0 96.4 226.5
2227.7 65.3 0.0 133.6 175.1 256.1 125.1 20.7 248.5 190.5 197.5 159.7 227.6 349.4 302.9 256.5 239.6 74.2 190.2 338.7 75.3 80.0 182.5 187.0 273.0 201.7 324.6 179.6 356.9 235.5 258.0 301.3 157.2 226.9 138.7 142.4 144.5 305.8 332.9 119.2 372.1 122.6 122.8 53.3 137.9 81.6 171.4 274.2 313.9 198.0 86.5 99.8 149.0 254.2 152.6 171.5 100.2 98.7 158.9 189.6 171.4 371.5 214.8 345.2 95.8 297.7 118.3 162.5 106.9 135.8 84.9 84.0 58.7 75.9 144.7 68.6 257.9 265.3 160.4 278.2 64.1 252.8 355.9 104.2 265.1
2193.7 121.7 137.5 0.0 258.2 291.6 84.1 152.2 329.8 226.0 99.6 189.2 310.7 338.0 328.2 214.5 322.7 122.7 189.0 424.9 106.4 143.1 48.5 44.5 302.5 142.9 354.1 249.6 440.0 265.0 287.5 330.8 229.7 310.0 149.9 211.5 73.6 352.3 416.0 191.7 455.2 81.4 189.7 129.0 139.0 162.7 70.3 297.5 403.0 227.5 144.1 129.4 90.2 283.7 235.5 110.2 121.7 45.6 86.8 88.9 170.2 416.1 250.3 431.4 76.7 331.4 43.0 173.7 122.4 80.4 138.2 97.7 138.3 207.4 161.9 65.7 341.0 354.4 183.7 361.3 87.4 282.3 385.4 127.5 348.2
2140.6 150.1 178.9 221.0 0.0 112.9 243.4 164.3 88.1 95.1 266.3 64.3 52.4 156.4 127.7 113.4 64.4 181.0 83.7 163.5 253.9 122.9 187.4 191.9 149.7 222.0 172.6 48.9 181.7 83.5 124.0 160.5 89.4 51.7 156.8 95.8 218.9 134.7 157.7 85.1 207.9 248.1 76.2 231.9 101.1 100.0 229.6 183.7 138.7 83.6 136.6 88.6 190.7 122.1 19.6 269.5 151.3 196.6 246.1 236.1 63.7 196.3 119.4 170.0 236.0 145.7 216.4 180.6 129.3 239.7 169.4 262.6 191.2 118.3 162.8 211.1 82.7 90.1 84.6 103.0 180.2 118.8 228.1 125.8 89.9
2177.6 255.3 290.2 289.1 82.0 0.0 304.5 268.6 142.5 111.3 327.4 97.7 142.7 97.1 42.5 87.8 160.3 279.9 144.8 121.3 288.2 237.2 248.5 260.0 131.8 288.0 161.7 102.1 136.4 65.6 106.1 142.6 115.1 122.8 224.9 194.7 266.8 67.3 112.4 166.0 167.8 309.2 168.1 266.2 162.2 166.0 333.0 226.3 99.0 47.7 218.5 161.6 235.3 102.3 122.9 370.1 226.2 257.0 307.2 282.9 128.7 141.6 135.6 130.3 297.1 129.4 270.8 248.7 161.7 300.8 268.3 296.9 310.4 197.9 230.9 284.1 88.2 88.0 168.0 57.7 214.5 107.9 210.2 198.8 44.6
2218.0 154.7 119.9 88.2 254.0 315.2 0.0 134.5 327.4 249.9 72.3 219.1 306.5 367.9 381.8 244.4 318.5 83.6 218.9 417.6 44.5 177.7 72.8 68.8 332.4 172.8 384.0 258.5 435.8 294.9 317.4 360.7 252.3 305.8 179.8 240.1 103.5 387.0 411.8 210.8 462.0 72.1 220.5 83.0 166.6 179.3 85.9 315.2 392.8 257.4 166.7 197.5 120.1 315.5 231.5 125.4 152.0 44.8 128.6 160.7 204.0 440.0 274.2 461.3 65.5 357.1 88.2 203.6 152.3 63.7 94.3 35.8 70.4 178.3 185.8 57.4 336.8 344.2 201.7 357.1 108.2 312.2 415.3 149.6 344.0
2242.3 50.7 20.7 155.6 160.5 234.5 139.7 0.0 233.9 169.8 218.2 145.1 213.0 334.8 288.3 241.9 225.0 88.8 182.8 327.2 89.9 65.4 197.1 201.6 258.4 216.3 310.0 165.0 336.2 220.9 243.4 286.7 142.6 206.7 124.1 121.7 159.1 290.5 318.3 104.6 357.5 137.2 112.0 67.9 132.8 67.0 186.0 288.8 299.3 183.4 71.9 85.2 163.6 233.5 137.8 186.1 94.3 113.3 179.6 200.4 164.0 356.9 200.2 330.6 110.4 287.3 132.9 147.9 92.3 150.4 89.9 98.6 73.3 61.3 130.1 83.2 243.3 250.7 175.0 257.5 78.7 238.2 341.3 118.8 250.5
2169.0 228.2 257.0 265.5 65.4 122.4 287.9 242.4 0.0 156.4 310.8 142.4 123.5 140.5 88.8 132.9 135.5 259.1 128.2 146.0 295.2 201.0 231.9 236.4 158.9 300.1 181.8 127.0 161.1 92.7 133.2 169.7 160.2 97.4 201.3 173.9 263.4 122.4 137.1 204.1 200.8 292.6 154.3 276.4 145.6 178.1 274.1 212.1 118.1 92.8 256.6 166.7 235.2 129.4 97.7 356.3 279.0 274.7 290.6 280.6 112.1 174.6 180.7 149.4 280.5 154.9 261.1 225.1 173.8 284.2 248.4 303.9 269.3 184.1 207.3 289.2 62.1 68.8 129.1 82.4 224.7 128.0 237.3 202.6 69.3
2268.7 263.7 304.4 328.6 128.5 111.5 351.0 289.8 138.7 0.0 373.9 163.8 242.9 117.9 151.3 109.0 254.9 280.5 191.3 178.3 309.4 258.4 295.0 299.5 111.1 309.2 134.0 116.3 193.4 44.9 67.4 121.9 136.3 216.8 264.4 195.3 326.5 176.0 169.4 180.2 216.2 355.7 179.5 287.4 208.7 187.2 337.2 314.9 150.4 68.9 232.7 175.8 298.3 63.6 119.3 377.1 255.1 283.8 353.7 297.1 171.3 190.0 24.2 235.5 343.6 107.1 324.2 288.2 182.9 347.3 268.9 318.1 331.6 217.8 270.4 298.3 197.0 188.2 192.2 114.7 235.7 62.2 189.5 211.7 199.3
2213.1 225.0 184.5 101.1 308.7 332.8 64.5 205.2 378.0 274.2 0.0 243.4 305.7 392.2 359.1 268.7 317.7 135.2 243.2 416.8 109.1 241.3 67.9 63.9 356.7 127.8 408.3 297.8 435.0 319.2 341.7 385.0 316.9 360.5 204.1 295.6 117.3 388.0 411.0 265.5 502.9 93.9 284.1 144.3 193.2 242.9 81.0 290.6 392.0 281.7 231.3 183.6 113.9 337.9 286.2 53.0 216.6 115.0 86.5 115.7 224.4 449.6 298.5 423.3 130.1 385.6 70.1 227.9 176.6 85.5 145.9 100.4 135.0 241.9 210.1 122.0 391.5 360.7 266.3 356.3 172.8 336.5 439.6 150.8 343.2
2226.6 123.6 158.5 191.9 85.9 96.0 224.9 143.9 134.5 30.7 281.3 0.0 138.4 148.7 138.9 25.2 150.4 189.3 154.4 206.0 190.4 112.5 171.0 175.5 113.2 190.2 164.8 54.3 224.2 75.7 98.2 141.5 75.6 137.7 95.7 82.0 169.0 167.8 200.2 71.3 247.0 231.7 62.4 168.4 102.1 68.2 235.2 222.7 181.2 38.2 104.8 56.8 137.5 96.3 63.4 290.3 119.5 164.8 270.5 178.1 176.6 220.8 55.0 242.1 207.4 137.9 200.0 119.5 63.9 223.3 176.4 199.1 173.8 145.5 101.7 179.3 184.6 184.4 197.5 145.5 116.7 93.0 196.1 94.0 141.0
2155.1 282.2 311.0 350.1 132.0 59.9 372.5 296.4 61.7 178.0 395.4 196.4 0.0 133.4 53.3 154.5 12.0 313.1 237.0 111.0 349.2 255.0 316.5 321.0 189.4 354.1 85.4 181.0 129.2 129.2 116.9 174.5 221.5 83.5 285.9 227.9 332.9 82.2 105.2 217.2 165.3 361.4 208.3 332.3 230.2 232.1 399.1 198.2 86.2 114.4 268.7 220.7 301.4 115.0 151.7 410.3 283.4 328.7 375.2 342.0 192.8 143.8 202.3 117.5 365.1 159.7 345.5 309.7 227.8 368.8 301.5 357.9 323.3 250.4 291.9 343.2 48.2 54.9 213.7 50.5 280.6 115.7 163.5 257.9 37.4
2248.6 320.1 308.8 295.4 95.3 86.4 317.8 340.4 131.2 183.1 340.7 159.7 222.8 0.0 125.4 159.6 234.8 276.4 158.1 155.1 328.3 218.3 261.8 266.3 104.7 299.0 127.6 166.9 173.3 82.8 34.2 115.5 186.9 196.7 231.2 191.2 293.3 154.3 149.3 230.8 196.1 322.5 171.6 306.3 175.5 237.8 304.0 291.7 130.3 119.5 283.3 210.7 265.1 32.3 115.0 343.9 298.0 334.4 320.5 310.5 138.1 169.9 207.4 229.1 310.4 100.7 290.8 255.0 203.7 314.1 264.8 337.0 311.7 213.7 237.2 334.7 171.1 168.1 159.0 94.6 254.6 96.9 183.1 263.6 111.4
2149.7 306.2 292.6 331.7 113.6 51.1 354.1 278.0 91.0 169.2 377.0 178.0 91.2 124.7 0.0 145.7 103.2 294.7 231.6 120.2 330.8 236.6 298.1 302.6 189.7 335.7 94.6 153.0 138.4 123.5 164.0 200.5 173.0 88.7 267.5 209.5 314.5 43.5 114.4 216.9 139.9 343.0 189.9 313.9 211.8 213.7 380.7 192.8 95.4 105.6 269.4 202.3 283.0 162.1 133.3 391.9 284.1 310.3 356.8 323.6 174.4 113.7 193.5 126.7 346.7 185.7 327.1 291.3 209.4 350.4 283.1 339.5 304.9 232.0 273.5 324.8 45.6 60.1 195.3 59.7 262.2 126.2 172.7 239.5 46.6
2273.0 160.4 195.3 269.9 132.3 229.1 295.6 180.7 249.6 110.8 368.0 121.3 184.8 228.8 262.2 0.0 196.8 185.0 252.5 286.1 245.8 149.3 268.8 273.3 222.0 288.3 244.9 178.5 304.3 155.8 178.3 232.8 27.2 184.6 193.8 99.8 229.0 286.9 280.3 71.1 327.1 233.3 80.2 223.8 200.2 136.7 333.3 316.1 261.3 179.8 123.6 154.9 235.6 176.4 109.8 282.2 138.3 242.8 347.4 276.2 196.1 300.9 135.1 346.4 284.3 218.0 297.8 217.6 162.0 246.5 173.4 254.5 222.5 122.3 199.8 257.1 215.1 299.1 260.1 225.6 172.1 173.1 300.4 192.1 310.2
2143.1 270.2 299.0 338.1 120.0 47.9 360.5 284.4 49.7 166.0 383.4 184.4 97.6 121.4 41.3 142.5 0.0 301.1 225.0 99.0 337.2 243.0 304.5 309.0 177.4 342.1 73.4 169.0 117.2 117.2 104.9 162.5 209.5 72.1 273.9 215.9 320.9 70.2 93.2 205.2 153.3 349.4 196.3 320.3 218.2 220.1 387.1 186.2 74.2 102.4 256.7 208.7 289.4 103.0 139.7 398.3 271.4 316.7 363.2 330.0 180.8 131.8 190.3 105.5 353.1 147.7 333.5 297.7 215.8 356.8 289.5 345.9 311.3 238.4 279.9 331.2 36.2 42.9 201.7 38.5 268.6 103.7 151.5 245.9 25.4
2242.9 97.1 99.6 137.8 173.4 254.4 89.6 78.9 246.8 188.8 162.0 158.0 225.9 347.7 301.2 265.5 237.9 0.0 205.4 337.0 56.1 106.0 122.0 118.0 271.3 181.9 322.9 177.9 355.2 233.8 256.3 299.6 183.2 225.7 164.7 160.3 145.7 303.4 331.2 130.2 368.0 48.2 152.6 28.9 153.1 107.6 135.1 289.4 312.2 196.3 112.5 125.8 162.3 252.5 150.7 97.1 115.4 92.6 140.6 169.8 241.1 369.8 213.1 343.5 107.7 296.0 130.2 188.5 132.9 61.4 10.6 64.8 59.5 108.2 170.7 99.6 256.2 263.6 172.8 276.5 79.3 251.1 354.2 120.7 263.4
2080.9 169.4 183.5 190.1 180.6 243.3 212.5 189.7 157.1 178.0 235.4 147.2 95.3 228.8 148.7 172.5 107.3 201.9 0.0 206.4 203.0 158.3 156.5 161.0 260.5 202.8 180.8 201.6 224.6 223.0 245.5 288.8 190.3 112.6 107.9 196.7 181.6 177.6 200.6 163.3 260.7 217.2 177.1 181.0 52.2 114.0 198.7 77.1 181.6 185.5 150.6 87.4 150.1 243.6 158.1 238.6 147.6 177.4 215.2 190.7 14.8 239.2 202.3 212.9 205.1 285.2 185.5 131.7 80.4 208.8 212.6 211.7 186.4 191.3 113.9 191.9 143.6 150.3 53.7 145.9 129.3 240.3 343.4 106.6 132.8
2248.7 383.6 420.2 437.5 244.3 185.0 465.9 402.6 225.6 297.8 545.4 308.7 221.9 200.2 166.3 277.4 233.9 425.4 300.7 0.0 456.2 367.3 409.9 411.3 276.4 456.0 184.4 281.6 18.2 210.2 182.3 190.6 304.7 192.7 379.3 337.1 434.8 163.8 121.3 348.6 86.0 467.5 324.4 434.2 321.3 334.0 452.1 261.9 34.8 237.3 401.1 322.6 403.3 178.5 264.2 509.9 423.5 425.0 529.3 449.6 290.1 56.0 322.1 133.6 458.5 180.0 429.1 403.1 329.7 462.2 410.7 464.9 432.5 350.4 385.3 445.1 201.3 164.1 329.4 146.4 382.5 196.7 179.6 358.5 178.3
2227.2 110.1 75.3 108.5 209.4 286.0 49.7 89.9 282.8 220.7 122.1 189.9 261.9 338.7 337.2 304.7 273.9 59.3 189.7 373.0 0.0 133.1 163.6 118.6 303.2 193.1 354.8 213.9 391.2 265.7 288.2 331.5 207.7 261.2 150.6 195.5 123.8 344.2 367.2 166.2 417.4 82.5 175.9 38.4 137.4 134.7 135.7 270.6 348.2 228.2 122.1 152.9 140.4 286.3 186.9 131.4 107.4 65.1 148.9 181.0 174.8 405.8 245.0 379.5 85.8 327.9 108.5 174.4 160.0 95.7 70.0 8.6 25.8 133.7 156.6 77.7 292.2 299.6 157.1 312.5 63.6 283.0 386.1 105.0 299.4
2255.7 27.1 80.0 145.2 115.0 195.7 182.9 65.4 188.4 171.7 255.3 99.6 167.5 289.3 242.8 190.3 179.5 108.6 171.4 278.6 133.1 0.0 188.0 192.5 212.9 207.2 305.8 119.5 296.8 216.7 239.2 241.2 108.0 166.8 112.7 62.3 165.9 249.8 272.8 71.8 323.0 156.9 42.7 115.3 119.1 55.6 252.2 298.8 253.8 137.9 60.5 73.8 154.5 237.3 92.5 205.8 75.2 136.1 238.9 195.1 178.8 311.4 196.0 285.1 175.8 278.9 198.5 136.5 80.9 170.1 97.0 141.8 107.2 67.0 118.7 148.6 197.8 205.2 187.2 218.1 93.7 234.0 295.8 111.0 205.0
2145.1 149.5 141.5 33.5 208.8 271.5 55.9 156.1 310.0 206.2 78.8 175.4 237.7 324.2 291.1 200.7 249.7 101.9 175.2 348.8 100.5 176.7 0.0 4.5 288.7 59.8 340.3 229.8 367.0 251.2 273.7 317.0 263.3 255.0 136.1 239.1 49.3 320.0 343.0 225.3 403.1 60.6 219.5 111.0 122.9 196.3 42.1 219.5 324.0 213.7 177.7 115.6 45.9 271.8 186.3 82.0 163.0 78.2 58.6 47.7 160.3 381.6 230.5 355.3 48.5 313.4 28.9 159.9 108.6 52.2 112.6 91.8 126.4 204.2 142.1 72.8 286.0 292.7 160.6 288.3 121.0 268.5 371.6 82.8 275.2
2149.1 145.0 137.0 29.0 212.8 268.8 51.4 157.7 314.0 210.2 74.3 179.4 241.7 328.2 295.1 204.7 253.7 97.4 179.2 352.8 96.0 172.2 4.0 0.0 292.7 63.8 344.3 233.8 371.0 255.2 277.7 321.0 258.8 259.0 140.1 234.6 53.3 324.0 347.0 220.8 436.5 56.1 218.8 106.5 129.2 191.8 37.6 226.6 328.0 217.7 173.2 119.6 49.9 273.9 190.1 77.5 150.8 73.7 54.1 51.7 160.4 385.6 234.5 359.3 44.0 321.6 17.7 163.9 112.6 47.7 108.1 87.3 121.9 205.7 146.1 68.3 290.0 296.7 164.6 292.3 116.5 272.5 375.6 86.8 279.2
2200.6 289.1 318.3 304.9 104.8 85.0 327.3 309.4 102.6 152.1 350.2 169.2 200.2 47.1 134.6 128.6 212.2 285.9 167.6 100.7 337.8 227.8 271.3 275.8 0.0 308.5 61.9 135.9 118.9 74.0 43.7 151.0 155.9 174.7 240.7 200.7 302.8 107.9 94.9 199.8 128.5 332.0 181.1 315.8 185.0 204.9 313.5 243.7 75.9 88.5 252.3 220.2 274.6 41.8 124.5 353.4 267.0 301.5 330.0 320.0 147.6 102.3 176.4 107.2 319.9 136.2 300.3 264.5 213.2 323.6 274.3 346.5 321.2 223.2 246.7 344.2 181.8 147.9 168.5 130.2 264.1 60.5 218.6 230.7 159.0
2229.9 233.9 217.2 117.9 232.9 295.6 131.6 231.8 334.1 230.3 129.2 199.5 322.5 348.3 338.5 224.8 334.5 220.4 199.3 433.6 176.2 210.6 84.7 80.7 312.8 0.0 364.4 253.9 451.8 275.3 297.8 341.1 242.6 284.7 160.2 249.0 134.1 367.4 427.8 215.6 446.6 179.1 229.4 229.5 147.0 166.3 44.9 304.3 408.8 237.8 190.3 139.7 70.0 295.9 210.4 138.2 175.6 153.9 123.2 32.3 184.4 420.4 254.6 441.7 124.2 337.5 104.6 184.0 132.7 170.7 232.0 167.5 202.1 279.9 166.2 148.5 315.7 323.1 184.7 373.1 157.3 292.6 395.7 106.9 360.0
2209.3 336.3 371.2 325.0 124.9 185.0 347.4 356.6 205.5 199.3 370.3 230.6 208.9 67.2 143.3 175.8 220.9 347.3 187.7 91.4 357.9 325.2 291.4 295.9 103.9 328.6 0.0 183.1 109.6 99.0 63.8 114.7 203.1 182.8 260.8 262.1 322.9 116.6 85.6 247.0 145.7 352.1 242.5 335.9 205.1 254.0 333.6 252.4 66.6 135.7 299.5 240.3 294.7 61.9 185.9 373.5 314.2 350.6 350.1 340.1 167.7 150.6 223.6 97.9 340.0 99.9 320.4 284.6 233.3 343.7 336.6 366.6 341.3 284.6 266.8 364.3 190.5 156.6 188.6 138.9 284.2 80.6 182.3 279.8 167.7
2203.4 142.6 177.2 228.7 62.7 93.7 255.0 162.6 131.9 87.9 311.4 62.6 115.2 164.6 136.3 64.4 127.2 179.3 146.5 212.0 215.4 121.2 201.1 205.6 148.2 220.3 171.1 0.0 230.2 82.0 122.5 159.0 87.7 114.5 125.8 94.1 199.1 160.4 206.2 83.4 291.0 227.6 74.5 198.5 161.6 98.3 265.3 249.6 187.2 35.6 134.9 86.9 167.6 118.7 40.2 276.5 149.6 194.9 300.6 208.2 130.4 235.4 112.2 272.6 237.5 144.2 230.3 149.6 94.0 240.8 168.6 224.1 189.5 104.3 131.8 209.4 145.5 181.8 169.7 151.5 146.8 117.3 226.6 122.8 138.4
2200.6 365.4 405.1 425.3 226.1 164.3 447.7 384.4 210.5 282.7 470.6 290.5 203.7 182.0 148.1 259.2 215.7 407.2 282.5 16.1 438.0 349.1 391.7 396.2 258.2 437.8 166.2 266.5 0.0 192.0 164.1 172.4 286.5 177.6 361.1 322.0 416.6 145.6 103.1 330.4 65.4 452.4 306.2 416.0 305.4 315.8 433.9 243.7 50.9 219.1 382.9 304.4 385.1 160.3 245.8 529.4 397.6 412.4 450.4 465.7 268.0 40.9 307.0 115.4 440.3 161.8 420.9 384.9 311.5 444.0 395.6 446.7 417.4 344.5 367.1 426.9 183.1 149.0 288.9 131.3 364.3 178.5 161.4 340.3 160.1
2254.4 237.2 272.1 314.3 114.2 85.9 336.7 257.5 106.4 100.2 359.6 131.5 228.6 72.8 128.8 76.7 240.6 248.2 177.0 160.9 277.1 226.1 280.7 285.2 66.1 276.9 89.0 84.0 179.1 0.0 53.1 76.9 104.0 153.7 250.1 163.0 255.7 157.7 155.1 147.9 201.9 341.4 143.4 255.1 194.4 154.9 321.9 297.5 136.1 36.6 200.4 143.5 224.2 51.2 86.8 345.4 215.1 251.5 339.4 264.8 157.0 175.7 124.5 190.5 329.3 62.1 309.7 273.9 150.6 333.0 236.6 285.8 299.3 185.5 256.1 266.0 168.6 173.9 177.9 100.4 203.4 47.9 144.5 180.7 130.9
2180.3 245.3 274.5 261.1 61.0 41.2 283.5 265.6 58.8 108.3 306.4 125.4 110.5 125.0 84.1 84.8 122.5 242.1 123.8 159.8 294.0 184.0 227.5 232.0 128.8 264.7 151.7 92.1 178.0 62.6 0.0 139.6 112.1 109.8 196.9 156.9 259.0 113.0 154.0 156.0 251.9 288.2 137.3 272.0 141.2 161.1 269.7 162.8 135.0 44.7 208.5 176.4 230.8 101.2 80.7 309.6 223.2 257.7 286.2 276.2 103.8 225.7 132.6 253.2 276.1 124.8 256.5 220.7 169.4 279.8 230.5 302.7 277.4 179.4 202.9 300.4 121.0 127.7 124.7 99.3 220.3 97.9 207.2 186.9 86.2
2240.5 279.3 314.2 347.6 188.9 166.2 380.6 299.6 186.7 180.5 437.0 155.6 308.9 128.8 209.1 157.0 320.9 328.5 251.7 241.1 346.1 268.2 355.4 359.9 71.1 345.9 128.0 164.3 221.6 80.2 127.8 0.0 184.3 234.0 324.8 243.3 324.7 179.1 298.9 228.2 231.8 416.1 223.7 324.1 269.1 223.9 390.9 314.9 147.1 116.9 280.7 212.5 293.2 125.9 167.1 425.7 295.4 320.5 426.2 333.8 231.7 236.7 204.8 113.5 363.1 16.8 384.4 348.6 219.6 407.7 316.9 354.8 329.5 265.8 330.8 335.0 248.9 254.2 252.6 180.7 272.4 128.2 67.5 249.7 211.2
2245.7 133.1 168.0 242.6 105.0 237.7 268.3 153.4 258.2 119.4 340.7 129.9 157.5 237.4 232.8 138.0 169.5 157.7 225.2 294.7 218.5 122.0 241.5 246.0 230.6 261.0 253.5 109.5 312.9 164.4 186.9 241.4 0.0 156.8 166.5 72.5 201.7 295.5 288.9 43.8 335.7 206.0 52.9 196.5 172.9 109.4 306.0 288.8 269.9 188.4 96.3 127.6 208.3 185.0 82.5 254.9 111.0 215.5 320.1 248.9 168.8 309.5 143.7 355.0 257.0 226.6 270.5 190.3 134.7 219.2 146.1 227.2 195.2 95.0 172.5 229.8 187.8 195.2 232.8 234.2 144.8 181.7 309.0 164.8 195.0
2088.3 192.9 226.8 259.9 48.4 90.7 288.9 206.7 87.2 143.0 311.2 112.8 25.4 158.9 76.9 161.9 37.4 228.9 170.7 136.5 265.6 170.8 232.9 236.8 197.6 269.9 110.9 96.8 154.7 131.4 171.9 208.4 137.9 0.0 202.3 144.3 248.7 102.9 130.7 133.6 190.8 277.2 128.5 248.7 143.7 147.9 314.9 131.4 111.7 131.5 184.5 136.5 217.8 168.7 68.1 326.7 199.2 238.9 291.6 257.8 108.6 169.9 167.3 143.0 280.9 193.6 262.1 225.5 144.2 284.6 217.3 273.7 239.1 166.2 207.7 259.0 31.3 80.4 129.5 76.6 196.4 166.7 189.6 172.4 62.9
2149.9 241.0 238.6 225.2 233.7 205.1 247.6 253.2 206.9 231.1 270.5 200.3 145.1 278.6 198.5 225.6 157.1 257.0 87.9 256.2 258.1 211.4 191.6 196.1 313.6 228.8 230.6 254.7 274.4 276.1 298.6 341.9 243.4 162.4 0.0 249.8 223.1 227.4 250.4 216.4 310.5 252.3 230.2 236.1 105.3 167.1 233.8 126.9 231.4 238.6 217.4 140.5 194.9 296.7 211.2 273.7 202.7 269.9 250.3 240.3 67.9 289.0 255.4 262.7 240.2 338.3 220.6 23.8 133.5 243.9 267.7 266.8 241.5 244.4 6.0 264.5 193.4 200.1 88.8 195.7 184.4 293.4 396.5 159.7 182.6
2252.3 93.2 146.1 218.7 111.6 227.9 249.0 131.5 248.1 109.3 321.4 119.8 164.1 227.3 260.7 127.9 176.1 142.1 237.5 284.6 199.2 66.0 254.1 258.6 220.5 273.3 243.4 116.1 302.8 154.3 176.8 231.3 45.6 163.9 178.8 0.0 232.0 288.2 278.8 89.5 357.4 190.4 18.4 181.4 185.2 121.7 318.3 298.5 259.8 178.3 126.6 139.9 220.6 173.0 88.9 239.3 141.3 202.2 305.0 261.2 179.3 299.4 133.6 344.9 241.9 216.5 261.8 202.6 147.0 203.6 130.5 207.9 173.3 67.1 184.8 214.7 194.4 201.8 218.6 224.1 159.8 171.6 298.9 177.1 201.6
2228.4 146.9 144.5 73.3 227.8 264.5 95.7 159.1 301.2 199.2 118.6 168.4 280.3 317.2 355.6 193.7 292.3 141.7 168.2 391.4 123.8 165.9 39.7 44.2 281.7 122.1 333.3 222.8 409.6 244.2 266.7 310.0 190.9 280.1 129.1 228.3 0.0 336.3 385.6 152.9 415.5 100.4 208.7 142.0 115.9 133.3 81.9 271.8 366.6 206.7 105.3 151.5 69.4 264.8 205.3 121.8 90.6 68.6 98.4 110.0 153.3 389.3 223.5 410.6 88.3 306.4 68.7 152.9 101.6 92.0 152.4 115.1 147.4 198.9 135.1 83.1 310.6 318.0 158.3 330.9 90.3 261.5 364.6 106.2 317.8
2110.2 316.2 353.6 350.3 132.2 66.6 372.7 339.5 114.7 185.0 395.6 196.6 109.8 137.7 47.6 158.7 121.8 309.2 192.1 133.2 391.7 255.2 316.7 321.9 202.7 354.3 107.6 165.5 154.2 136.5 177.0 213.5 186.0 80.2 300.1 224.0 333.1 0.0 127.4 229.9 126.3 357.5 208.5 369.7 244.4 232.3 399.3 153.3 107.9 118.6 282.4 220.9 301.6 172.7 151.9 410.5 297.1 328.9 371.3 342.9 207.0 99.6 209.3 139.7 365.3 201.5 345.9 323.9 272.6 369.0 297.6 400.4 323.5 250.6 302.0 343.4 91.4 66.0 222.4 72.7 318.0 147.8 185.7 258.1 59.6
2309.8 268.0 302.9 322.1 122.0 102.2 344.5 288.3 119.8 169.3 367.4 144.3 171.5 64.3 145.1 145.8 183.5 333.7 184.8 134.5 334.8 256.9 288.5 293.0 88.1 334.6 79.1 153.1 152.7 91.2 60.9 69.2 173.1 170.8 257.9 217.9 313.4 141.7 0.0 217.0 162.3 349.2 198.3 312.8 202.2 212.6 330.7 223.8 109.7 105.7 249.2 201.2 281.9 59.0 141.7 370.6 263.9 309.2 347.2 322.5 164.8 136.1 193.6 12.2 337.1 54.4 317.5 281.7 208.3 340.8 320.8 343.5 318.2 240.4 263.9 323.7 182.0 181.7 185.7 164.0 261.1 77.7 58.2 238.4 147.2
2215.5 89.2 124.1 198.7 74.8 155.5 224.4 109.5 148.2 90.2 288.2 59.4 127.3 249.1 202.6 84.7 139.3 152.7 158.6 238.4 174.6 78.1 177.9 182.4 172.7 197.1 224.3 79.3 256.6 135.2 157.7 201.0 37.9 126.6 102.6 62.3 157.8 209.6 232.6 0.0 282.8 201.0 42.7 152.6 109.0 65.5 242.1 258.6 213.6 97.7 52.4 63.7 144.4 155.8 52.3 249.9 67.1 171.6 276.2 185.0 138.6 271.2 114.5 244.9 213.1 197.4 206.9 126.4 70.8 214.2 141.1 183.3 151.3 111.1 108.6 185.9 157.6 165.0 159.5 177.9 100.9 152.5 255.6 100.9 164.8
2164.5 351.4 392.1 405.3 216.4 153.8 433.7 371.4 200.0 272.2 456.6 233.5 194.0 172.3 138.4 249.5 206.0 391.1 246.4 62.2 424.0 339.4 377.7 352.8 248.5 423.8 156.5 256.8 97.8 182.3 150.1 158.4 276.8 167.7 347.1 312.3 402.6 75.1 89.1 320.7 0.0 439.3 296.5 402.0 289.1 301.8 419.9 210.7 56.3 209.4 373.2 290.4 371.1 146.3 236.3 494.7 395.6 392.8 436.4 379.9 257.9 34.2 296.5 101.4 426.3 147.8 400.9 370.9 297.5 430.0 385.1 432.7 378.0 322.5 353.1 412.9 173.4 135.2 297.2 121.6 350.3 168.8 147.4 326.3 150.4
2218.9 132.6 112.4 102.0 214.7 288.7 61.2 120.2 288.1 230.1 133.6 199.3 267.2 389.0 342.5 306.8 279.2 41.2 226.8 378.3 76.3 147.3 73.7 69.7 312.6 133.6 364.2 219.2 396.5 275.1 297.6 340.9 224.5 266.5 187.7 201.6 117.3 344.7 372.5 171.5 422.7 0.0 193.9 50.3 174.5 148.9 86.8 307.7 353.5 237.6 153.8 167.1 133.9 293.8 192.2 48.8 136.8 64.2 92.3 121.5 208.0 411.1 254.4 384.8 79.3 337.3 101.8 211.5 174.2 13.1 51.9 67.6 80.9 147.9 193.7 71.2 297.5 304.9 194.2 317.8 100.7 292.4 395.5 140.8 304.7
2229.4 64.5 123.2 195.8 88.7 236.7 226.1 102.5 162.1 128.9 298.5 139.4 141.2 246.9 216.5 147.5 153.2 123.7 214.6 255.4 176.3 43.1 231.2 240.2 240.1 250.4 263.0 97.7 318.6 173.9 196.4 250.9 65.2 140.5 155.9 19.6 209.1 308.3 246.5 45.5 285.7 167.5 0.0 158.5 164.6 98.8 295.4 275.6 275.6 197.9 103.7 117.0 197.7 192.6 66.0 216.4 126.1 173.7 282.1 242.8 156.4 315.2 153.2 364.5 219.0 240.3 238.9 179.7 124.1 180.7 112.1 185.0 154.9 44.2 161.9 191.8 171.5 178.9 195.7 239.9 136.9 191.2 314.7 152.9 178.7
2213.9 96.8 62.0 119.8 194.3 272.7 76.9 76.6 267.7 207.4 149.3 176.6 246.8 368.6 322.1 286.4 258.8 20.8 176.4 357.9 27.1 124.0 168.7 173.2 289.9 187.9 341.5 198.8 376.1 252.4 274.9 318.2 194.4 246.1 137.3 181.2 130.7 329.1 352.1 151.1 402.3 69.2 166.8 0.0 124.1 128.5 162.9 257.3 333.1 214.9 108.8 146.7 135.2 273.0 171.8 118.1 94.1 92.3 163.1 175.8 161.5 390.7 231.7 364.4 100.0 314.6 122.7 161.1 153.8 82.4 32.4 35.8 30.5 124.7 143.3 72.8 277.1 284.5 143.8 297.4 50.3 269.7 372.8 91.7 284.3
2133.2 111.3 131.2 201.5 128.3 193.6 229.9 131.3 229.5 128.0 241.6 94.9 147.6 243.7 233.9 120.2 159.6 149.6 52.2 261.8 150.7 106.0 173.9 176.1 208.2 150.5 259.8 151.6 274.6 170.7 193.2 236.5 138.0 180.1 55.6 144.4 129.3 258.0 252.9 111.0 325.3 232.3 128.6 128.7 0.0 61.7 195.5 132.5 233.9 133.2 98.3 35.1 97.8 189.4 105.6 250.6 87.6 119.5 230.8 138.4 33.4 315.8 152.3 337.1 167.7 237.1 193.9 79.4 28.1 226.2 160.3 159.4 136.4 152.3 61.6 139.6 211.1 200.3 93.4 195.9 77.0 188.0 291.1 53.0 185.1
2195.5 55.3 90.2 153.2 124.1 178.8 186.2 75.6 197.5 113.5 242.6 82.7 176.6 231.5 251.9 108.0 188.6 118.8 115.7 287.7 143.3 44.2 132.3 136.8 196.0 151.5 247.6 128.6 305.9 158.5 181.0 224.3 87.2 176.4 57.0 106.6 130.3 250.6 281.9 49.2 329.8 167.1 87.0 129.7 63.4 0.0 196.5 184.0 262.9 121.0 36.5 18.1 98.8 179.1 101.6 216.0 51.2 126.1 231.8 139.4 100.8 303.6 137.8 324.9 168.7 220.7 161.3 80.8 25.2 184.6 107.2 152.0 117.4 77.2 63.0 140.6 206.9 214.3 125.4 227.2 78.0 175.8 278.9 55.3 214.1
2184.9 188.9 172.2 72.9 248.6 311.3 86.6 186.8 349.8 246.0 81.6 215.2 277.5 364.0 330.9 240.5 289.5 172.8 215.0 388.6 131.2 216.1 39.7 35.7 328.5 54.6 380.1 269.6 406.8 291.0 313.5 356.8 280.1 294.8 175.9 278.5 89.1 359.8 382.8 242.1 442.9 131.5 258.9 181.9 162.7 222.5 0.0 259.3 363.8 253.5 194.5 155.4 85.7 311.6 226.1 90.6 179.8 108.9 75.6 87.0 200.1 421.4 270.3 395.1 79.2 353.2 59.6 199.7 148.4 123.1 184.4 122.5 157.1 279.5 181.9 103.5 325.8 332.5 200.4 328.1 160.4 308.3 411.4 122.6 315.0
2124.3 202.9 234.4 270.6 58.5 74.7 299.0 216.8 76.8 153.7 321.9 122.9 18.1 151.6 71.5 172.0 30.1 236.5 206.2 129.2 275.7 181.5 243.0 244.4 207.6 280.6 103.6 104.4 144.3 142.1 135.1 192.7 148.0 32.8 212.4 154.4 259.4 95.6 123.4 143.7 215.3 287.9 138.6 258.8 154.4 158.6 325.6 0.0 104.4 132.6 195.2 147.2 227.9 128.2 78.4 336.8 217.6 249.6 298.6 265.4 123.2 162.0 178.0 135.7 291.6 182.1 262.2 236.2 154.3 295.3 224.9 284.4 249.8 164.6 218.4 269.7 66.4 73.1 162.5 65.6 207.1 133.9 178.6 183.1 55.6
2217.2 372.4 413.1 489.9 290.8 229.0 512.3 392.4 275.2 347.4 510.5 254.5 268.4 246.7 212.8 262.6 280.4 443.9 347.2 106.6 445.0 367.1 456.3 460.8 203.0 456.7 230.9 331.2 90.5 256.7 173.5 131.8 289.9 242.3 350.3 386.7 423.6 210.3 167.8 333.8 130.1 519.3 370.9 423.0 312.5 322.8 513.6 308.4 0.0 283.8 359.4 311.4 392.1 169.7 310.7 478.4 381.8 419.4 497.8 414.7 281.3 105.6 371.7 180.1 504.9 143.8 485.5 374.1 318.5 510.9 430.1 453.7 428.4 409.2 356.3 433.9 247.8 213.7 320.6 196.0 371.3 243.2 143.4 347.3 224.8
2235.7 200.5 235.4 241.9 95.5 57.7 318.0 220.8 96.2 63.5 331.3 49.9 200.8 128.9 100.6 40.0 212.8 225.1 158.3 176.3 240.4 189.4 262.0 266.5 112.5 240.2 135.4 47.3 194.5 46.3 86.8 123.3 67.3 174.7 231.4 139.9 219.0 129.5 170.5 111.2 225.9 273.4 120.3 218.4 175.7 118.2 285.2 278.8 151.5 0.0 163.7 106.8 187.5 84.9 76.6 322.3 178.4 214.8 320.5 228.1 138.3 199.7 87.8 236.9 257.4 108.5 291.0 255.2 113.9 314.3 213.5 249.1 262.6 162.4 237.4 229.3 146.3 146.1 159.2 115.8 166.7 81.6 190.9 144.0 102.7
2206.5 71.6 102.6 146.2 122.4 203.1 171.9 91.9 195.8 137.8 244.3 107.0 174.9 296.7 250.2 132.3 186.9 121.0 143.7 286.0 122.1 60.5 145.1 149.6 220.3 179.5 271.9 126.9 304.2 182.8 205.3 248.6 85.5 174.2 85.0 122.9 105.3 257.2 280.2 47.5 330.4 169.4 103.3 100.1 91.4 27.9 224.5 249.9 261.2 145.3 0.0 46.1 126.8 203.4 99.9 218.3 14.7 119.1 223.7 167.4 128.8 318.8 162.1 292.5 160.6 245.0 174.1 108.8 53.2 197.4 131.7 130.8 105.5 93.5 91.0 133.4 205.2 212.6 136.4 225.5 48.4 200.1 303.2 83.3 212.4
2177.3 116.4 114.0 135.0 93.1 155.8 168.0 128.6 194.3 90.5 224.4 59.7 145.6 208.5 198.7 85.0 157.6 132.4 97.5 256.7 133.5 70.8 114.1 118.6 173.0 133.3 224.6 114.1 274.9 135.5 158.0 201.3 102.8 144.9 38.8 109.2 112.1 227.6 250.9 75.8 306.8 174.8 89.6 111.5 45.2 26.5 178.3 165.8 231.9 98.0 92.8 0.0 80.6 156.1 70.6 233.4 78.1 107.9 213.6 121.2 82.6 280.6 114.8 301.9 150.5 197.7 143.1 62.6 7.0 166.4 144.0 142.2 116.9 103.8 44.8 122.4 175.9 183.3 107.2 196.2 59.8 152.8 255.9 37.1 183.1
2184.7 183.0 175.0 67.0 162.8 225.5 89.4 189.6 264.0 160.2 143.7 129.4 215.3 278.2 268.4 154.7 227.3 135.4 129.2 326.4 134.0 140.5 33.4 37.9 242.7 52.6 294.3 183.8 344.6 205.2 227.7 271.0 172.5 214.6 90.1 178.9 64.9 297.3 320.6 145.5 376.5 94.1 159.3 144.5 76.9 96.2 97.6 206.4 301.6 167.7 120.2 69.6 0.0 225.8 140.3 152.7 105.5 111.7 92.1 40.5 114.3 350.3 184.5 371.6 82.0 267.4 62.4 113.9 62.6 85.7 146.1 125.3 159.9 173.5 96.1 106.3 245.6 253.0 114.6 265.9 87.2 222.5 325.6 36.8 252.8
2184.1 243.4 278.3 264.9 64.8 38.3 287.3 269.4 62.6 112.1 310.2 129.2 114.3 128.8 87.9 88.6 126.3 245.9 127.6 163.6 297.8 187.8 231.3 235.8 132.6 268.5 155.5 95.9 181.8 66.4 3.8 143.4 115.9 114.1 200.7 160.7 262.8 112.7 157.8 159.8 287.5 292.0 144.9 275.8 145.0 164.9 273.5 169.7 138.8 48.5 212.3 180.2 234.6 0.0 84.5 313.4 234.7 261.5 290.0 280.0 107.6 229.5 136.4 257.0 279.9 128.6 260.5 224.5 173.2 283.6 234.3 306.5 281.2 170.9 206.7 304.2 124.8 131.5 128.5 103.1 224.1 101.7 211.0 189.4 90.0
2163.1 124.6 159.0 237.5 22.4 122.8 265.9 138.5 96.0 75.2 288.8 44.6 74.9 193.4 150.2 93.7 86.9 161.1 106.2 189.1 197.4 103.2 209.9 214.6 157.9 202.3 200.4 29.0 204.4 111.3 142.9 186.2 69.7 74.7 179.3 75.9 181.1 189.7 180.2 65.4 219.4 209.6 60.3 180.5 121.3 80.3 247.3 209.3 161.2 64.9 116.9 68.9 149.6 138.9 0.0 258.5 139.3 171.3 268.6 190.0 90.1 218.8 99.5 192.5 258.5 177.7 239.1 203.1 76.0 262.2 150.4 206.1 171.5 86.3 185.3 191.4 105.2 112.6 129.4 125.7 128.8 137.7 240.8 104.8 112.4
2212.3 179.3 153.3 142.9 255.6 336.3 102.1 167.2 329.0 271.0 84.6 240.2 304.9 429.9 383.4 347.7 316.9 82.1 242.4 416.0 117.2 188.2 67.1 63.1 353.5 127.0 405.1 260.1 434.2 316.0 338.5 381.8 265.4 307.4 203.3 242.5 158.2 387.2 410.2 212.4 463.6 40.8 231.0 91.2 190.1 189.8 80.2 286.7 391.2 278.5 194.7 208.0 113.1 336.6 233.1 0.0 185.4 99.5 85.7 114.9 227.5 448.8 295.3 422.5 120.2 378.2 76.0 227.1 215.1 32.4 92.8 108.5 121.8 188.8 209.3 112.1 338.4 345.8 235.1 355.5 141.6 333.3 436.4 183.0 342.4
2191.8 80.5 80.2 138.9 137.1 225.8 157.2 100.5 218.2 152.5 221.9 121.7 189.6 311.4 264.9 147.0 201.6 106.3 154.3 303.8 107.4 75.2 130.4 134.9 235.0 165.8 286.6 141.6 326.6 197.5 220.0 263.3 100.2 196.6 99.7 137.6 90.6 267.1 294.9 62.2 334.1 147.0 121.8 85.4 104.3 42.6 210.8 238.3 283.6 160.0 14.7 60.8 113.1 216.2 114.4 203.6 0.0 98.8 209.0 153.7 135.5 341.2 176.8 307.2 145.9 263.9 145.0 123.5 67.9 182.7 109.3 116.1 90.8 121.5 105.7 118.7 219.9 227.3 124.5 240.2 33.7 214.8 325.6 68.3 227.1
2252.2 124.7 88.7 50.7 249.7 258.0 60.0 103.8 308.8 205.0 138.0 174.2 302.2 323.0 313.2 199.5 314.2 81.8 174.0 416.4 55.1 146.1 98.4 97.3 287.5 127.9 339.1 228.6 427.8 250.0 272.5 315.8 214.7 297.8 134.9 208.5 58.6 337.3 407.5 176.7 446.7 74.8 192.7 85.3 124.0 157.1 113.7 298.7 384.8 212.5 129.1 114.4 75.2 268.7 227.0 123.7 106.7 0.0 105.6 115.8 155.2 395.1 229.3 416.4 42.5 316.4 65.0 158.7 107.4 88.0 92.5 46.4 81.0 159.1 140.9 14.4 332.5 336.2 184.9 352.8 89.4 267.3 364.8 82.7 339.7
2195.6 206.7 153.9 83.6 259.3 322.3 86.3 168.5 360.5 256.7 70.9 225.9 288.2 374.7 341.6 251.2 300.2 162.1 225.7 402.4 143.9 233.9 50.4 46.4 339.2 110.3 390.8 280.3 417.5 301.7 324.2 367.5 304.3 305.5 186.6 296.3 99.8 365.7 393.5 266.3 483.0 120.8 280.5 169.4 173.4 235.6 63.5 273.1 374.5 264.2 218.7 166.1 96.4 320.4 236.8 79.9 196.3 96.2 0.0 98.2 210.8 432.1 281.0 405.8 60.9 363.9 34.6 210.4 159.1 112.4 172.8 135.2 169.8 216.6 192.6 85.2 336.5 343.2 256.5 338.8 160.2 319.0 422.1 133.3 325.7
2164.7 193.5 189.0 89.8 210.4 266.4 118.2 209.7 311.6 207.8 103.1 177.0 257.3 325.8 316.0 202.3 269.3 194.3 176.8 368.4 162.8 188.1 62.2 66.7 290.3 41.9 341.9 231.4 386.6 252.8 275.3 318.6 220.1 262.2 137.7 226.5 93.7 344.9 362.6 193.1 424.1 153.0 210.7 203.4 124.5 143.8 83.6 242.2 343.6 215.3 167.8 117.2 47.5 271.5 187.9 112.1 153.1 125.3 97.1 0.0 161.9 397.9 232.1 419.2 110.8 315.0 84.5 161.5 110.2 144.6 205.0 154.1 188.7 234.4 143.7 135.1 293.2 300.6 162.2 307.9 134.8 270.1 373.2 84.4 294.8
2095.8 191.7 187.4 164.1 165.7 224.8 192.5 204.2 172.0 163.1 219.3 132.3 110.2 281.1 163.6 157.6 122.2 201.9 14.8 224.4 203.0 143.4 136.5 144.9 245.6 173.7 195.7 186.7 243.4 208.1 230.6 273.9 175.4 128.0 93.0 177.9 168.0 187.7 215.5 148.4 307.4 197.2 166.0 181.0 35.1 99.1 178.7 95.1 200.4 170.6 162.3 72.5 139.8 226.8 143.0 218.6 139.9 156.9 195.2 185.2 0.0 258.0 187.4 227.8 185.1 274.5 162.7 116.8 65.5 188.8 216.5 211.7 186.4 189.7 99.0 209.4 158.5 169.1 56.0 160.8 129.3 225.4 328.5 90.4 147.7
2206.5 324.5 364.1 384.3 185.1 128.9 406.7 349.5 169.5 241.7 429.6 249.5 162.7 141.0 107.1 218.2 174.7 366.2 288.4 82.0 397.0 308.1 350.7 355.2 217.2 396.8 125.2 225.5 65.9 151.0 123.1 131.4 245.5 136.6 320.1 281.0 375.6 104.6 62.1 289.4 55.5 411.4 265.2 375.0 264.4 274.8 392.9 249.6 61.1 178.1 341.9 263.4 344.1 119.3 204.8 463.4 364.3 371.4 409.4 384.7 227.0 0.0 266.0 74.4 399.3 120.8 373.0 343.9 270.5 403.0 354.6 405.7 376.4 291.2 326.1 385.9 142.1 108.0 270.2 90.3 323.3 137.5 120.4 299.3 119.1
2244.4 239.4 280.1 304.3 104.2 87.2 326.7 265.5 114.4 108.2 349.6 139.5 218.6 93.6 127.0 84.7 230.6 256.2 167.0 154.0 285.1 234.1 270.7 275.2 86.8 284.9 109.7 92.0 169.1 20.6 43.1 97.6 112.0 192.5 240.1 171.0 302.2 154.5 145.1 155.9 191.9 331.4 155.2 263.1 184.4 162.9 312.9 290.6 126.1 44.6 208.4 151.5 274.0 39.3 94.8 352.8 230.8 259.5 329.4 272.8 147.0 165.7 0.0 211.2 319.3 82.8 293.0 263.9 158.6 323.0 244.6 293.8 307.3 193.5 246.1 274.0 172.7 163.9 190.2 90.4 211.4 37.9 165.2 187.4 175.0
2297.5 255.7 290.6 324.0 193.6 170.9 357.0 276.0 191.4 139.5 413.4 132.0 313.6 133.5 213.8 140.1 325.6 321.4 256.4 298.1 322.5 244.6 303.1 307.6 75.8 322.3 132.7 169.0 278.6 84.9 132.5 56.9 167.4 238.7 227.8 214.1 301.1 183.8 170.8 211.3 288.8 363.8 194.5 300.5 273.8 200.3 367.3 319.6 151.8 121.6 236.9 188.9 269.6 130.6 171.8 422.4 251.6 296.9 402.6 310.2 236.4 293.7 163.8 0.0 339.5 42.1 332.1 251.6 196.0 355.4 307.6 331.2 305.9 277.6 233.8 311.4 253.6 258.9 257.3 185.4 248.8 132.9 45.9 226.1 215.9
2207.6 145.7 92.9 73.0 268.1 300.0 78.3 107.5 338.5 234.7 134.0 203.9 320.6 352.7 395.9 229.2 332.6 104.0 203.7 431.7 82.9 172.9 62.4 58.4 317.2 157.6 368.8 258.3 449.9 279.7 302.2 345.5 243.3 320.4 164.6 235.3 88.3 371.8 425.9 205.3 451.0 83.0 215.7 108.4 151.4 174.6 75.5 306.2 406.9 242.2 157.7 144.1 104.9 300.3 245.6 143.0 143.0 29.6 63.0 145.5 188.8 424.8 259.0 446.1 0.0 341.9 22.6 188.4 137.1 74.6 114.7 74.2 108.8 155.6 170.6 24.2 350.9 358.3 192.7 371.2 99.2 297.0 400.1 140.6 358.1
2253.7 251.2 288.8 322.2 173.8 151.4 396.3 274.2 169.9 168.5 409.9 130.2 293.8 113.7 194.0 141.9 305.8 313.4 236.6 159.9 320.7 242.8 340.3 344.8 56.0 320.5 112.9 149.2 232.2 65.1 112.7 13.2 169.2 217.2 309.7 226.5 299.3 166.8 151.0 213.1 245.0 399.3 208.6 298.7 254.0 198.5 365.5 302.9 130.3 101.8 265.6 187.1 267.8 107.2 152.0 410.6 280.3 295.1 397.3 306.7 216.6 239.2 192.8 126.7 337.7 0.0 360.9 333.5 194.2 392.6 300.1 329.4 304.1 250.7 314.0 309.6 233.8 237.4 237.5 163.9 247.0 113.1 78.1 224.3 196.1
2177.1 165.1 112.3 99.3 267.3 319.6 47.8 133.8 340.7 261.0 103.5 230.2 269.7 372.1 395.1 248.6 289.7 101.8 230.0 388.6 100.4 192.3 39.9 35.9 336.6 99.8 388.2 271.8 399.0 299.1 321.6 364.9 262.7 319.1 184.0 254.2 107.7 352.0 375.0 224.1 469.9 60.5 235.1 102.9 170.8 194.0 45.0 259.3 356.0 261.6 177.1 163.5 131.2 324.7 252.6 112.5 161.6 49.0 32.5 79.7 204.3 451.1 278.4 465.5 19.4 361.3 0.0 207.8 163.4 44.1 104.5 91.7 118.3 195.2 196.9 43.6 358.1 357.5 212.1 320.3 118.6 323.3 419.5 160.0 315.2
2126.1 217.2 214.8 201.4 209.9 181.3 223.8 229.4 183.1 207.3 246.7 176.5 121.3 254.8 174.7 201.8 133.3 233.2 64.1 232.4 234.3 187.6 167.8 172.3 289.8 205.0 206.8 230.9 250.6 252.3 274.8 318.1 219.6 138.6 137.2 226.0 199.3 203.6 226.6 192.6 286.7 228.5 206.4 212.3 81.5 143.3 210.0 103.1 207.6 214.8 193.6 116.7 171.1 272.9 187.4 249.9 178.9 246.1 226.5 216.5 44.1 265.2 231.6 238.9 216.4 314.5 196.8 0.0 109.7 220.1 243.9 243.0 217.7 220.6 143.2 240.7 169.6 176.3 65.0 171.9 160.6 269.6 372.7 135.9 158.8
2177.4 109.3 106.9 127.9 100.1 162.8 160.9 121.5 201.3 97.5 217.3 66.7 152.6 215.5 205.7 92.0 164.6 125.3 90.4 263.7 126.4 77.8 107.0 111.5 180.0 126.2 231.6 121.1 281.9 142.5 165.0 208.3 109.8 152.4 27.4 116.2 105.0 234.6 257.9 82.8 313.8 167.7 96.6 104.4 38.1 33.5 171.2 154.4 238.9 105.0 85.7 6.9 73.5 163.1 77.6 226.3 71.0 100.8 206.5 114.1 95.4 287.6 121.8 308.9 143.4 204.7 136.0 51.2 0.0 159.3 136.9 135.1 109.8 110.8 33.4 115.3 182.9 190.3 116.3 203.2 52.7 159.8 262.9 30.0 190.1
2205.7 146.8 120.8 110.4 223.1 303.8 69.6 134.7 296.5 238.5 105.7 207.7 275.6 397.4 350.9 315.2 287.6 49.6 235.2 386.7 84.7 155.7 60.5 56.5 321.0 120.4 372.6 227.6 404.9 283.5 306.0 349.3 232.9 274.9 196.1 210.0 125.7 357.9 380.9 179.9 431.1 8.4 198.5 58.7 182.9 157.3 73.6 316.1 361.9 246.0 162.2 175.5 142.3 304.1 200.6 35.6 152.9 67.0 79.1 108.3 220.3 419.5 262.8 393.2 87.7 345.7 110.4 219.9 182.6 0.0 60.3 76.0 89.3 156.3 202.1 79.6 305.9 313.3 202.6 326.2 109.1 300.8 403.9 150.5 313.1
2253.6 79.7 88.0 148.5 161.8 242.8 100.3 73.4 235.2 177.2 172.7 146.4 214.3 336.1 289.6 253.9 226.3 10.6 211.8 328.5 66.8 94.4 132.7 128.7 259.7 192.6 312.2 166.3 344.5 222.2 244.7 288.0 171.6 213.6 153.1 148.7 156.4 291.8 320.5 118.6 356.4 59.8 137.2 40.5 160.4 96.0 145.8 345.6 300.6 184.7 100.9 114.2 173.9 240.9 140.2 107.8 123.3 104.2 152.2 180.5 225.6 358.2 201.5 331.9 118.4 288.6 140.9 176.9 121.3 72.1 0.0 75.5 81.4 96.6 160.0 110.3 244.6 252.0 184.4 264.9 90.9 240.4 342.6 130.1 251.8
2235.9 118.8 84.0 99.8 218.1 294.7 41.0 98.6 291.5 229.4 113.4 198.6 270.6 347.4 345.9 313.4 282.6 68.0 198.4 381.7 8.6 141.8 154.9 109.9 311.9 184.4 363.5 222.6 399.9 274.4 296.9 340.2 216.4 269.9 159.3 204.2 115.1 352.9 375.9 174.9 426.1 73.8 184.6 47.1 146.1 143.4 127.0 279.3 356.9 236.9 130.8 161.6 131.7 295.0 195.6 122.7 116.1 56.4 140.2 172.3 183.5 414.5 253.7 388.2 77.1 336.6 99.8 183.1 168.7 87.0 78.7 0.0 34.5 142.4 165.3 69.0 300.9 308.3 165.8 321.2 72.3 291.7 394.8 113.7 308.1
2230.6 98.3 78.7 141.8 183.5 257.5 75.6 80.1 256.9 198.9 148.0 168.1 236.0 357.8 311.3 278.8 248.0 42.7 193.1 347.1 25.8 107.2 185.4 144.5 281.4 204.6 333.0 188.0 365.3 243.9 266.4 309.7 184.4 235.8 154.0 169.6 147.4 313.5 341.3 140.3 392.3 91.1 153.8 21.8 140.8 108.8 161.6 274.0 322.3 206.4 113.7 127.0 151.9 262.6 160.8 140.0 110.8 96.6 174.8 192.5 178.2 379.9 223.2 353.6 111.7 306.1 134.2 177.8 134.1 104.3 53.4 34.5 0.0 107.8 160.0 89.5 266.3 273.7 160.5 286.6 67.0 261.2 364.3 107.1 273.5
2253.1 70.2 72.8 201.5 112.4 193.4 181.4 39.8 185.8 114.5 266.1 97.0 164.9 286.7 240.2 193.8 176.9 107.1 196.2 279.1 131.6 84.8 215.5 220.0 210.3 234.7 261.9 116.9 280.9 172.8 195.3 238.6 111.5 164.2 140.2 88.6 196.8 242.4 270.2 69.2 309.4 167.7 61.9 113.9 148.9 86.5 232.0 299.3 251.2 135.3 91.4 101.3 182.0 178.2 89.7 204.3 113.8 159.3 219.5 209.3 180.1 308.8 152.1 282.5 156.4 239.2 191.2 164.0 108.4 168.6 96.4 140.3 105.7 0.0 146.2 129.2 195.2 202.6 219.4 215.5 124.7 190.1 293.2 137.2 202.4
2143.9 235.0 232.6 219.2 227.7 198.8 241.6 253.3 200.9 225.1 264.5 194.3 139.1 272.6 192.5 219.6 151.1 251.0 81.9 250.2 252.1 205.4 185.6 190.1 307.6 222.8 224.6 248.7 268.4 270.1 292.6 335.9 237.4 156.9 155.0 243.8 217.1 216.6 244.4 210.4 333.9 246.3 224.2 230.1 97.0 161.1 227.8 120.9 225.4 232.6 211.4 134.5 188.9 288.8 205.0 267.7 196.7 261.5 244.3 234.3 65.8 283.0 249.4 256.7 234.2 332.3 207.9 17.7 127.5 237.9 261.7 260.8 235.5 251.7 0.0 258.5 187.4 194.1 105.1 189.7 178.4 287.4 390.5 152.4 176.6
2238.5 121.4 68.6 67.8 243.8 294.8 62.6 83.2 317.2 229.5 135.0 198.7 296.3 347.5 371.6 224.0 308.3 78.8 198.5 407.4 57.7 148.6 122.9 127.4 312.0 152.4 363.6 248.3 425.6 274.5 297.0 340.3 219.0 296.1 159.4 211.0 83.1 366.6 401.6 181.0 445.8 77.4 191.4 84.1 146.2 150.3 102.7 281.9 382.6 237.0 133.4 168.5 99.7 295.1 221.3 126.3 118.7 24.4 90.2 140.3 183.6 419.6 253.8 440.9 27.1 336.7 49.8 183.2 175.6 101.8 89.5 49.0 83.6 131.3 165.4 0.0 326.6 334.0 168.4 346.9 74.9 291.8 394.9 116.3 333.8
2143.1 218.1 246.9 286.0 67.9 96.1 308.4 232.3 83.6 163.1 331.3 132.3 45.5 173.3 44.9 181.4 57.5 249.0 225.0 150.9 285.1 190.9 252.4 256.9 217.7 290.0 125.3 116.9 169.1 151.5 192.0 228.5 157.4 72.1 221.8 163.8 268.8 88.5 145.1 153.1 174.9 297.3 144.2 268.2 166.1 168.0 335.0 186.2 126.1 150.6 204.6 156.6 237.3 190.1 87.6 346.2 219.3 264.6 311.1 277.9 128.7 148.7 187.4 157.4 301.0 213.7 281.4 245.6 163.7 304.7 237.4 293.8 259.2 186.3 227.8 279.1 0.0 42.9 149.6 90.4 216.5 171.2 203.4 193.8 77.3
2127.0 227.2 256.0 289.1 77.0 96.3 317.5 241.4 90.3 172.2 340.4 141.4 54.6 165.8 69.6 190.5 66.6 258.1 208.9 160.7 294.2 200.0 261.5 266.0 226.8 299.1 132.0 126.0 175.8 160.6 201.1 237.6 166.5 28.5 230.9 172.9 277.9 57.6 151.8 162.2 170.2 306.4 153.3 277.3 172.9 177.1 344.1 170.1 132.8 151.1 213.7 165.7 246.4 197.3 96.7 355.3 228.4 273.7 320.2 287.0 137.8 114.6 196.5 164.1 310.1 224.4 290.7 254.7 172.8 313.8 246.5 302.9 268.3 195.4 236.9 288.2 62.9 0.0 181.0 97.1 225.6 162.3 210.1 201.6 84.0
2070.0 157.9 162.5 162.8 189.1 257.9 191.2 170.4 193.4 186.5 226.4 155.7 131.6 304.5 185.0 181.0 143.6 168.1 155.5 245.8 169.2 179.3 135.2 152.0 269.0 172.4 217.1 210.1 273.2 231.5 254.0 297.3 214.1 161.7 116.4 241.7 166.7 209.1 236.9 176.1 296.3 195.9 225.9 147.2 105.5 156.5 177.4 116.5 217.9 194.0 128.5 95.9 138.5 250.2 166.4 217.3 106.1 178.6 193.9 196.2 136.7 275.5 210.8 249.2 183.8 297.9 164.4 140.2 88.9 187.5 192.5 177.9 152.6 225.7 135.2 180.5 179.9 186.6 0.0 194.5 95.5 248.8 364.7 89.5 169.1
2178.3 344.7 379.3 353.9 200.3 140.9 382.3 358.6 186.9 259.3 405.2 264.7 177.9 158.6 112.3 235.8 189.9 381.4 260.2 60.4 459.8 323.3 326.3 330.8 138.8 422.4 34.8 243.1 78.6 168.6 98.7 123.9 263.1 151.8 368.2 296.2 401.2 88.4 54.6 307.0 144.1 429.7 276.6 437.8 310.2 300.4 368.5 224.5 35.6 195.7 359.5 289.0 369.7 94.9 220.2 514.1 374.2 391.4 385.0 450.4 275.1 119.6 283.6 66.9 374.9 109.1 348.6 392.0 340.7 378.6 369.8 468.5 391.6 306.4 374.2 411.5 159.5 125.6 290.5 0.0 386.1 155.1 112.9 324.9 136.7
2163.5 56.5 54.1 99.5 180.9 222.3 123.4 68.7 254.3 157.0 195.8 126.2 225.1 275.0 308.7 151.5 237.1 72.5 126.0 336.2 73.6 83.7 118.3 122.8 239.5 137.5 291.1 180.6 354.4 202.0 224.5 267.8 144.0 232.7 86.9 146.1 80.3 294.1 330.4 106.0 373.3 120.9 126.5 51.6 73.7 86.4 182.5 206.9 311.4 164.5 58.4 104.6 84.8 222.6 158.4 169.8 43.7 90.4 175.2 125.4 111.1 347.1 181.3 368.4 112.1 264.2 134.8 110.7 59.4 134.1 83.2 82.3 57.0 116.8 92.9 84.9 263.7 271.1 93.4 275.7 0.0 219.3 322.4 41.3 262.6
2242.8 274.4 309.3 302.7 102.6 123.1 325.1 294.7 143.6 137.4 348.0 167.0 217.0 67.3 125.4 113.9 229.0 283.7 165.4 149.3 335.6 263.3 269.1 273.6 96.0 306.3 118.9 121.2 167.5 29.8 41.5 106.8 141.2 190.9 238.5 198.5 300.6 150.1 143.5 185.1 190.3 329.8 178.9 313.6 182.8 192.1 311.3 285.9 124.5 73.8 237.6 218.0 272.4 39.6 122.3 351.2 252.3 288.7 327.8 317.8 145.4 164.1 161.7 220.4 317.7 92.0 298.1 262.3 211.0 321.4 272.1 344.3 319.0 221.0 244.5 342.0 171.1 162.3 166.3 88.8 261.9 0.0 174.4 217.9 173.4
2298.2 323.1 363.8 412.0 211.9 192.4 434.4 349.2 209.7 259.2 486.6 205.2 261.4 154.2 235.0 213.3 273.4 394.6 274.7 256.3 395.7 317.8 378.4 382.9 120.7 395.5 169.0 243.0 236.8 129.8 150.8 82.5 240.6 260.7 347.8 287.3 374.3 231.6 314.1 284.5 276.4 439.1 267.7 373.7 289.8 273.5 440.5 313.7 287.8 195.6 310.1 262.1 342.8 147.0 231.8 460.5 324.8 370.1 437.1 383.4 258.6 251.9 283.5 120.1 427.0 87.0 400.7 371.6 269.2 430.7 380.8 404.4 379.1 297.5 353.8 384.6 271.9 271.6 297.9 253.9 322.0 167.6 0.0 298.0 237.1
2147.8 108.9 104.5 104.5 125.9 187.8 130.8 125.2 226.0 122.2 187.2 92.5 178.4 241.3 231.5 117.8 190.4 147.0 92.3 292.6 125.9 103.6 76.9 81.4 205.8 96.1 257.4 145.8 306.6 168.3 190.8 234.1 135.6 176.6 53.2 140.9 74.9 255.6 283.7 108.6 322.9 137.6 126.2 102.0 42.3 59.3 141.1 172.6 264.7 130.8 125.4 32.7 43.4 185.9 103.2 196.2 103.0 65.1 176.4 84.0 73.5 312.3 146.5 334.7 113.3 234.7 99.2 77.0 25.7 129.2 159.0 117.2 106.3 149.9 58.1 85.2 208.7 216.1 80.5 227.9 50.3 185.6 288.7 0.0 215.9
2185.0 375.2 360.6 340.6 181.6 120.1 363.0 346.0 166.0 238.2 385.9 246.0 159.2 81.7 67.6 214.7 171.2 362.7 266.9 73.5 398.8 304.6 307.0 311.5 151.9 403.7 47.9 222.0 91.7 91.7 79.4 137.0 242.0 133.1 276.4 277.5 382.5 92.3 67.7 285.9 127.8 411.0 257.9 381.9 220.7 281.7 349.2 228.1 48.7 174.6 338.4 270.3 351.0 77.5 201.3 459.9 353.1 378.3 365.7 391.6 183.3 106.3 262.5 80.0 355.6 122.2 336.0 300.2 277.4 359.3 352.0 407.5 372.9 300.0 282.4 392.8 113.3 104.5 204.2 13.0 330.2 78.2 126.0 307.5 0.0
