Name		1448_BED-Amazon_n79_m285_bt32
Number_of_Customers	79
Number_of_Items		285
Number_of_ItemTypes	32
Number_of_Vehicles	1
TimeWindows		0
Dist_type	manual

VEHICLE
Mass_Capacity	2071
CargoSpace_Length	174
CargoSpace_Width	61
CargoSpace_Height	84

CUSTOMERS
i	x	y	Demand	ReadyTime	DueDate	ServiceTime	DemandedMass	DemandedVolume
0	41.840375	-87.683736	0	0	0	0	0	0
1	41.915527	-87.693434	4	0	0	0	18.32	53054
2	41.914696	-87.693413	1	0	0	0	2.6	10400
3	41.918462	-87.687352	2	0	0	0	7.17	23960
4	41.913117	-87.688492	6	0	0	0	21.02	27168
5	41.915701	-87.695605	2	0	0	0	5.4	4020
6	41.912918	-87.688489	1	0	0	0	2.6	10400
7	41.914864	-87.687584	2	0	0	0	9.95	19860
8	41.917601	-87.686304	1	0	0	0	4.7	1380
9	41.913979	-87.690805	2	0	0	0	7.62	10932
10	41.917539	-87.693058	2	0	0	0	6.6	2556
11	41.919984	-87.688247	1	0	0	0	3.01	5544
12	41.915756	-87.689478	4	0	0	0	10.29	45677
13	41.911595	-87.690908	4	0	0	0	10.8	14412
14	41.912991	-87.690946	3	0	0	0	13.45	5016
15	41.91451	-87.693409	1	0	0	0	1.9	1176
16	41.92166	-87.686478	2	0	0	0	24.09	13595
17	41.9158	-87.685799	1	0	0	0	1.9	1176
18	41.913761	-87.691032	8	0	0	0	69.98	46835
19	41.911639	-87.689678	1	0	0	0	1.9	1176
20	41.917691	-87.694211	1	0	0	0	4.7	1380
21	41.914845	-87.689558	1	0	0	0	0.7	2640
22	41.914835	-87.690327	8	0	0	0	64.69	66663
23	41.916577	-87.694781	9	0	0	0	70.18	74234
24	41.912094	-87.691442	1	0	0	0	4.7	1380
25	41.917528	-87.694338	4	0	0	0	24.6	14398
26	41.914434	-87.685254	4	0	0	0	13.67	17345
27	41.915713	-87.693011	6	0	0	0	17.25	31399
28	41.910965	-87.690906	1	0	0	0	1.9	1176
29	41.915735	-87.691147	3	0	0	0	11.9	7920
30	41.915397	-87.684863	1	0	0	0	1.9	1176
31	41.915763	-87.688667	2	0	0	0	7.04	12683
32	41.915091	-87.695884	6	0	0	0	37.06	32619
33	41.915709	-87.693687	1	0	0	0	1.9	1176
34	41.919686	-87.687386	1	0	0	0	0.7	2640
35	41.915693	-87.696366	1	0	0	0	7.3	3640
36	41.915766	-87.688028	2	0	0	0	14.8	6780
37	41.918042	-87.68934	6	0	0	0	25.21	59704
38	41.911149	-87.689668	1	0	0	0	5.0	7956
39	41.915589	-87.687037	3	0	0	0	20.85	27208
40	41.916661	-87.695943	2	0	0	0	6.75	12564
41	41.913001	-87.692144	3	0	0	0	13.35	6360
42	41.914732	-87.686628	3	0	0	0	14.35	22836
43	41.912268	-87.690916	1	0	0	0	3.82	7600
44	41.91662	-87.693727	5	0	0	0	12.2	15348
45	41.91356	-87.689724	6	0	0	0	17.9	35276
46	41.920618	-87.686499	1	0	0	0	5.29	8075
47	41.919108	-87.686246	2	0	0	0	14.8	6780
48	41.917202	-87.68983	6	0	0	0	27.46	41544
49	41.914201	-87.692182	7	0	0	0	42.57	44509
50	41.911438	-87.688463	1	0	0	0	2.5	3978
51	41.910941	-87.688455	2	0	0	0	2.45	7248
52	41.914007	-87.687638	5	0	0	0	22.9	15630
53	41.914857	-87.688323	1	0	0	0	0.7	2640
54	41.914035	-87.685375	2	0	0	0	9.1	6160
55	41.916345	-87.686635	6	0	0	0	23.86	29209
56	41.910786	-87.68966	1	0	0	0	3.01	5544
57	41.916662	-87.68918	4	0	0	0	23.01	16844
58	41.916995	-87.695958	7	0	0	0	37.16	47336
59	41.919863	-87.68672	2	0	0	0	4.14	19740
60	41.918812	-87.690605	1	0	0	0	7.3	3640
61	41.916377	-87.690381	1	0	0	0	2.75	9072
62	41.915178	-87.686421	1	0	0	0	4.7	1380
63	41.914658	-87.692195	1	0	0	0	4.7	1380
64	41.917092	-87.686254	4	0	0	0	31.55	10040
65	41.91482	-87.691085	1	0	0	0	0.7	2640
66	41.911916	-87.689684	1	0	0	0	4.7	1380
67	41.912694	-87.689703	1	0	0	0	5.29	8075
68	41.916923	-87.68599	1	0	0	0	4.7	1380
69	41.913968	-87.689383	1	0	0	0	0.7	2640
70	41.920626	-87.68615	1	0	0	0	1.75	4608
71	41.919496	-87.687504	3	0	0	0	17.21	14504
72	41.916642	-87.690663	1	0	0	0	7.3	3640
73	41.914015	-87.686869	6	0	0	0	29.05	51244
74	41.911271	-87.690906	2	0	0	0	6.6	2556
75	41.916034	-87.689796	2	0	0	0	7.71	6924
76	41.915753	-87.690014	1	0	0	0	4.7	1380
77	41.914725	-87.686985	2	0	0	0	6.6	2556
78	41.917508	-87.69563	1	0	0	0	1.8	2520
79	41.914656	-87.694647	5	0	0	0	35.35	36206

ITEMS
Type	Length	Width	Height	Mass	Fragility	LoadBearingStrength
Bt1	10	10	10	14.15	1	0
Bt2	18	12	5	2.15	1	0
Bt3	21	14	4	1.9	1	0
Bt4	23	15	4	4.7	1	0
Bt5	20	18	7	1.8	1	0
Bt6	15	11	16	0.7	1	0
Bt7	20	14	13	7.3	1	0
Bt8	17	13	18	2.5	1	0
Bt9	24	12	16	1.75	1	0
Bt10	28	22	9	3.01	1	0
Bt11	31	20	10	4.8	1	0
Bt12	40	19	10	3.82	1	0
Bt13	20	20	20	21.36	1	0
Bt14	25	19	17	5.29	1	0
Bt15	22	15	26	3.816	1	0
Bt16	34	16	16	1.55	1	0
Bt17	28	18	18	2.75	1	0
Bt18	29	25	13	1.77	1	0
Bt19	50	20	10	4.73	1	0
Bt20	40	20	13	2.6	1	0
Bt21	29	24	15	4.26	1	0
Bt22	29	20	20	2.2	1	0
Bt23	29	27	15	2.11	1	0
Bt24	26	20	26	2.91	1	0
Bt25	59	20	12	3.06	1	0
Bt26	27	23	24	2.94	1	0
Bt27	39	27	16	7.63	1	0
Bt28	57	15	20	3.44	1	0
Bt29	33	20	28	5.25	1	0
Bt30	35	30	18	3.05	1	0
Bt31	41	20	29	3.42	1	0
Bt32	58	40	11	12.6	1	0

DEMANDS PER CUSTOMER
i	Type Quantity
1	Bt22 1	Bt20 1	Bt14 2	Bt26 1	
2	Bt20 1	
3	Bt24 1	Bt21 1	
4	Bt3 1	Bt4 2	Bt10 1	Bt21 1	Bt6 1	Bt9 1	
5	Bt4 1	Bt6 1	
6	Bt20 1	
7	Bt4 1	Bt29 1	
8	Bt4 1	
9	Bt3 2	Bt15 1	
10	Bt3 1	Bt4 1	
11	Bt10 1	
12	Bt23 1	Bt9 1	Bt10 1	Bt31 1	
13	Bt3 1	Bt6 1	Bt4 1	Bt9 2	
14	Bt4 2	Bt3 1	Bt2 1	
15	Bt3 1	
16	Bt4 4	Bt14 1	
17	Bt3 1	
18	Bt4 8	Bt7 2	Bt2 1	Bt10 1	Bt6 1	Bt3 1	Bt19 1	Bt14 1	
19	Bt3 1	
20	Bt4 1	
21	Bt6 1	
22	Bt4 7	Bt9 1	Bt14 1	Bt3 1	Bt6 2	Bt32 1	Bt7 1	Bt16 1	
23	Bt7 2	Bt8 1	Bt4 6	Bt11 2	Bt5 1	Bt10 2	Bt24 1	Bt9 1	Bt6 4	
24	Bt4 1	
25	Bt4 3	Bt7 1	Bt8 1	Bt6 1	
26	Bt6 1	Bt4 2	Bt5 1	Bt18 1	
27	Bt3 1	Bt14 1	Bt6 1	Bt24 1	Bt9 1	Bt4 1	
28	Bt3 1	
29	Bt5 1	Bt6 1	Bt4 2	
30	Bt3 1	
31	Bt14 1	Bt9 1	
32	Bt14 1	Bt4 2	Bt10 1	Bt1 1	Bt25 1	Bt2 1	
33	Bt3 1	
34	Bt6 1	
35	Bt7 1	
36	Bt4 3	Bt6 1	
37	Bt20 2	Bt3 1	Bt6 1	Bt2 1	Bt15 2	Bt27 1	
38	Bt8 2	
39	Bt4 2	Bt12 1	Bt27 1	
40	Bt9 1	Bt8 2	
41	Bt2 1	Bt4 2	Bt5 1	
42	Bt4 2	Bt30 1	Bt3 1	
43	Bt12 1	
44	Bt4 1	Bt6 1	Bt3 1	Bt2 1	Bt17 1	
45	Bt4 1	Bt11 1	Bt26 1	Bt9 1	Bt10 1	Bt6 1	
46	Bt14 1	
47	Bt4 3	Bt6 1	
48	Bt4 2	Bt3 1	Bt7 1	Bt24 1	Bt26 1	Bt10 1	
49	Bt6 2	Bt9 2	Bt15 1	Bt13 1	Bt14 1	Bt4 1	Bt8 1	
50	Bt8 1	
51	Bt9 1	Bt6 1	
52	Bt5 1	Bt3 2	Bt4 3	Bt8 1	Bt6 1	
53	Bt6 1	
54	Bt5 1	Bt7 1	
55	Bt4 2	Bt6 2	Bt3 1	Bt7 1	Bt9 1	Bt23 1	
56	Bt10 1	
57	Bt7 2	Bt10 1	Bt4 1	Bt6 1	
58	Bt7 1	Bt8 2	Bt12 1	Bt4 3	Bt26 1	Bt6 3	Bt3 1	
59	Bt28 1	Bt6 1	
60	Bt7 1	
61	Bt17 1	
62	Bt4 1	
63	Bt4 1	
64	Bt4 2	Bt1 1	Bt7 1	Bt6 1	
65	Bt6 1	
66	Bt4 1	
67	Bt14 1	
68	Bt4 1	
69	Bt6 1	
70	Bt9 1	
71	Bt4 2	Bt10 1	Bt11 1	
72	Bt7 1	
73	Bt7 1	Bt6 3	Bt12 1	Bt10 1	Bt4 2	Bt31 1	
74	Bt3 1	Bt4 1	
75	Bt4 1	Bt10 1	
76	Bt4 1	
77	Bt3 1	Bt4 1	
78	Bt5 1	
79	Bt12 1	Bt27 1	Bt7 1	Bt4 3	Bt8 1	

DISTANCE MATRIX
0.0 1529.1 1517.0 1645.6 1429.8 1512.9 1421.5 1581.0 1603.1 1485.0 1577.8 1650.1 1508.6 1410.1 1445.5 1512.9 1614.5 1587.9 1466.0 1396.7 1629.6 1617.8 1499.2 1575.0 1442.1 1558.3 1615.9 1554.9 1393.3 1653.7 1573.5 1522.9 1510.8 1561.0 1665.7 1497.7 1534.1 1616.1 1385.2 1567.5 1553.6 1479.8 1631.3 1428.5 1616.6 1439.3 1681.9 1678.9 1541.6 1512.2 1375.7 1364.0 1600.5 1594.8 1649.9 1650.5 1381.2 1661.2 1560.6 1622.6 1635.9 1537.9 1586.4 1525.7 1636.6 1512.2 1403.2 1421.1 1630.5 1490.9 1688.1 1662.8 1552.3 1672.0 1401.4 1505.2 1674.8 1640.9 1541.4 1605.7
1594.2 0.0 135.9 203.2 261.9 62.2 254.7 155.8 201.4 151.0 165.2 256.3 83.4 257.5 199.3 131.8 294.1 239.4 177.2 185.1 245.7 192.6 119.3 162.4 155.7 145.7 190.7 17.5 240.7 59.7 278.8 97.7 146.6 23.6 223.3 75.4 108.9 189.9 196.6 142.3 93.6 102.7 206.1 183.6 197.4 139.0 259.1 236.5 134.4 74.6 311.1 299.4 175.3 169.6 224.7 224.3 257.7 241.4 100.6 329.7 209.7 256.5 161.2 61.7 291.5 132.3 178.6 159.3 285.4 208.8 265.3 220.4 145.1 256.5 248.8 98.0 72.8 215.7 128.8 80.5
1607.0 12.1 0.0 223.5 275.8 82.5 267.5 176.1 221.7 171.3 185.5 276.6 103.7 270.3 213.4 128.9 313.9 259.7 197.5 205.4 266.0 210.2 139.6 182.7 168.5 166.0 211.0 37.8 253.5 72.0 299.1 118.0 164.6 43.9 243.6 95.7 129.2 210.2 216.9 162.6 113.9 119.6 226.4 196.4 224.3 159.3 279.4 256.8 154.7 87.4 323.9 312.2 195.6 187.2 245.0 244.6 270.5 255.3 120.9 350.0 230.0 276.8 181.5 74.5 311.8 152.6 198.9 179.6 305.7 229.1 285.6 240.7 165.4 267.1 261.6 118.3 93.1 236.0 149.1 85.3
1492.7 259.5 239.2 0.0 379.9 216.3 372.7 86.2 54.0 162.9 115.6 53.0 145.0 309.0 211.2 235.1 90.8 83.4 193.0 215.0 231.9 119.1 138.5 170.4 212.9 130.0 131.2 241.2 292.2 209.2 156.7 160.9 289.9 228.6 20.0 229.5 170.5 66.1 230.6 82.8 330.4 237.2 146.6 228.2 197.3 168.9 55.8 41.3 112.4 202.7 326.9 315.2 105.7 96.1 166.2 72.2 250.6 76.0 337.4 128.7 85.9 119.0 101.7 189.8 169.4 147.6 208.5 189.2 163.3 135.3 62.0 13.2 101.2 200.9 304.2 116.3 223.7 160.1 145.7 216.6
1577.2 186.3 166.0 251.1 0.0 248.6 299.5 203.7 250.3 89.7 238.1 304.2 131.3 235.8 138.0 161.9 331.7 288.3 115.9 141.8 358.3 240.5 121.9 326.0 166.2 256.4 238.6 203.9 219.0 276.0 327.7 145.6 216.7 210.0 271.2 257.0 156.8 238.8 153.3 190.2 257.2 150.8 254.0 155.0 345.4 95.7 307.0 284.4 164.3 130.4 253.7 242.0 223.2 217.5 272.6 273.2 177.4 290.3 264.2 378.2 258.6 160.6 209.1 143.9 340.4 134.9 135.3 116.0 334.3 62.1 313.2 268.3 175.0 304.4 227.1 128.2 297.5 263.6 292.4 372.2
1522.9 122.9 131.1 232.4 295.5 0.0 288.3 193.3 218.6 184.6 102.9 285.5 117.0 291.1 232.9 127.0 313.0 256.6 210.8 218.7 183.4 226.2 152.9 100.1 189.3 83.4 224.3 51.1 274.3 91.9 296.0 131.3 104.8 38.5 252.5 13.1 142.5 207.1 234.3 175.9 31.3 136.3 239.7 217.2 135.1 172.6 288.3 272.6 164.7 108.2 344.7 333.0 208.9 203.2 258.3 241.5 291.3 258.6 38.3 346.9 226.9 194.2 194.8 95.3 308.7 165.9 212.2 192.9 302.6 242.4 294.5 249.6 178.7 290.1 282.4 131.6 106.4 249.3 66.5 44.5
1584.4 185.3 173.2 258.3 8.2 255.8 0.0 210.9 257.5 96.9 245.3 311.4 138.5 243.0 145.2 169.1 348.7 295.5 123.1 149.0 365.5 247.7 129.1 333.2 173.4 263.6 245.8 211.1 226.2 283.6 334.9 152.8 221.6 217.2 278.4 264.2 164.0 246.0 160.5 197.4 264.4 162.1 261.2 162.2 374.8 102.9 314.2 291.6 171.5 137.6 260.9 249.2 230.4 224.7 279.8 280.4 184.6 291.1 271.4 385.4 265.8 167.8 216.3 151.1 347.6 142.1 142.5 123.2 341.5 69.3 320.4 275.5 182.2 301.9 234.3 135.1 304.7 270.8 299.6 363.9
1571.4 194.6 178.2 199.4 297.0 256.9 293.7 0.0 198.6 98.0 186.4 252.5 75.7 226.1 146.3 174.1 290.3 236.6 128.1 136.0 306.6 36.7 48.3 241.2 160.4 200.8 186.9 212.2 213.2 231.3 276.0 95.5 225.0 222.2 219.5 269.2 101.2 187.1 151.6 138.5 265.5 161.6 198.4 167.2 272.0 86.0 255.3 240.8 112.6 120.3 247.9 232.3 171.5 13.7 221.9 221.5 171.6 234.7 272.5 328.2 206.9 108.9 157.4 107.4 288.7 65.2 129.5 110.2 282.6 205.0 261.5 212.7 123.3 248.8 217.4 76.5 245.8 208.0 220.4 291.3
1427.9 263.9 251.8 42.4 454.1 210.9 445.8 94.9 0.0 175.5 106.3 95.5 146.3 321.6 223.8 247.7 132.8 109.7 201.7 227.6 226.5 131.7 147.2 165.0 225.5 124.6 124.4 235.8 304.8 190.0 77.3 160.6 275.0 223.2 62.5 224.1 171.8 60.7 239.1 145.5 317.8 240.7 147.8 240.8 206.6 181.5 98.3 75.7 84.6 194.9 400.0 388.3 114.4 108.7 158.4 130.4 263.2 82.2 324.8 169.5 80.5 131.4 126.6 182.0 90.0 160.2 221.1 201.8 83.9 147.9 104.5 59.6 113.8 180.5 312.9 117.9 211.1 157.4 140.3 195.7
1613.5 96.5 76.2 368.5 373.8 158.8 366.6 401.0 354.7 0.0 239.0 421.6 362.5 295.6 48.2 72.1 449.1 392.7 26.1 309.5 318.4 437.8 380.4 236.2 81.6 219.5 453.6 114.1 278.8 333.8 432.1 376.8 133.3 120.2 388.6 167.2 388.0 343.2 298.0 421.4 167.4 65.1 477.0 65.2 263.1 400.1 424.4 401.8 300.8 40.6 320.8 309.1 420.5 414.8 482.1 377.6 180.1 394.7 174.4 483.0 363.0 300.9 440.3 54.1 444.8 393.4 316.0 420.4 438.7 454.0 430.6 385.7 336.7 513.9 286.9 333.8 355.3 486.6 202.6 282.4
1543.6 211.7 191.4 129.4 372.0 104.5 364.8 161.9 115.6 173.0 0.0 182.5 123.4 301.1 221.3 187.3 210.0 153.6 199.2 207.1 179.9 198.7 141.3 58.6 181.1 18.2 214.5 129.4 284.3 103.1 193.0 137.7 170.9 116.8 149.5 117.7 148.9 104.1 218.6 182.3 211.4 128.1 237.9 238.3 96.7 161.0 185.3 170.8 61.7 100.0 319.0 307.3 181.4 175.7 243.0 138.5 242.7 155.6 218.4 243.9 123.9 114.1 201.2 87.1 205.7 154.3 200.6 181.3 199.6 214.9 191.5 146.6 97.6 274.8 292.4 94.7 116.2 247.5 33.9 104.8
1615.2 378.0 365.9 126.6 548.2 290.6 539.9 209.0 180.7 289.6 186.0 0.0 271.7 435.7 337.9 361.8 222.7 191.9 315.8 341.7 282.7 245.8 261.3 244.7 339.6 204.3 252.8 315.5 418.9 329.3 258.1 286.0 414.3 302.9 152.4 303.8 297.2 93.7 353.2 209.5 457.1 354.8 273.3 354.9 286.3 295.6 188.2 165.6 235.2 329.4 494.1 482.4 228.5 222.8 281.3 176.8 377.3 196.3 464.1 259.4 113.5 245.7 228.4 316.5 270.8 274.3 335.2 315.9 264.7 262.0 194.4 149.5 227.9 303.4 427.0 243.3 350.4 282.9 220.0 275.4
1551.9 249.5 229.2 119.7 369.9 311.8 362.7 72.3 123.9 152.9 201.6 172.8 0.0 299.0 201.2 225.1 200.3 118.4 179.1 205.0 321.8 109.1 124.6 389.2 202.9 219.9 107.2 267.1 282.2 296.7 152.2 14.2 279.9 273.2 139.8 320.2 25.4 143.0 216.5 58.8 320.4 227.2 122.6 218.2 416.1 158.9 175.6 161.1 185.0 192.7 316.9 305.2 91.8 86.1 141.2 103.3 240.6 124.3 327.4 246.8 162.8 181.3 77.7 179.8 214.0 137.6 198.5 179.2 207.9 125.3 181.8 136.9 195.7 173.0 290.3 148.9 318.2 132.2 235.6 435.4
1685.0 168.0 147.7 440.0 445.3 230.3 438.1 472.5 426.2 483.6 310.5 493.1 434.0 0.0 35.3 143.6 520.6 464.2 55.8 381.0 389.9 509.3 451.9 307.7 36.6 291.0 525.1 185.6 350.3 405.3 503.6 448.3 198.4 191.7 460.1 238.7 459.5 414.7 365.4 492.9 238.9 66.2 548.5 18.3 327.1 471.6 495.9 480.2 372.3 106.7 392.3 380.6 492.0 486.3 553.6 449.1 115.1 466.2 245.9 554.5 434.5 372.4 511.8 120.2 516.3 464.9 387.5 491.9 510.2 525.5 502.1 457.2 408.2 585.4 358.4 405.6 426.8 558.1 274.1 353.9
1649.6 132.6 112.3 404.6 409.9 194.9 402.7 437.1 390.8 448.2 275.1 457.7 398.6 331.7 0.0 108.2 485.2 428.8 20.4 345.6 354.5 473.9 416.5 272.3 33.3 255.6 489.7 150.2 314.9 376.9 468.2 412.9 163.0 156.3 424.7 203.3 424.1 379.3 330.0 457.5 203.5 71.0 513.1 16.9 313.9 436.2 460.5 444.8 336.9 76.7 356.9 345.2 456.6 450.9 518.2 413.7 131.8 430.8 210.5 519.1 399.1 337.0 476.4 90.2 480.9 429.5 352.1 456.5 474.8 490.1 466.7 421.8 372.8 550.0 323.0 369.9 391.4 522.7 238.7 318.5
1611.1 16.2 4.1 227.6 279.9 86.6 271.6 180.2 225.8 175.4 189.6 280.7 107.8 274.4 217.5 0.0 318.0 263.8 201.6 209.5 270.1 214.3 143.7 186.8 172.6 170.1 215.1 41.9 257.6 76.1 303.2 122.1 168.7 48.0 247.7 99.8 133.3 214.3 221.0 166.7 118.0 123.7 230.5 200.5 228.4 163.4 283.5 260.9 158.8 91.5 328.0 316.3 199.7 191.3 249.1 248.7 274.6 259.4 125.0 354.1 234.1 280.9 185.6 78.6 315.9 156.7 203.0 183.7 309.8 233.2 289.7 244.8 169.5 271.2 265.7 122.4 97.2 240.1 153.2 89.4
1489.6 358.4 338.1 98.8 587.3 336.5 585.2 202.5 186.1 261.8 210.6 90.3 265.2 429.2 331.4 355.3 0.0 242.3 288.0 313.9 352.1 218.0 233.5 290.6 333.1 228.9 257.0 361.4 412.4 322.4 209.9 258.2 416.5 348.8 100.1 328.4 290.7 186.3 325.4 181.7 450.6 322.9 280.4 348.4 288.7 289.1 180.9 128.6 228.7 322.9 539.4 522.6 200.7 216.3 291.0 167.2 370.8 196.2 457.6 128.4 184.8 217.9 264.3 288.7 227.7 267.8 328.7 288.1 216.5 234.2 52.5 103.0 200.1 322.8 420.5 236.8 322.6 290.0 265.9 336.8
1513.8 287.2 275.1 81.6 356.2 255.1 347.9 99.2 85.8 198.8 150.5 134.7 161.9 336.5 247.1 271.0 172.0 0.0 225.0 250.9 270.7 136.0 151.5 209.2 275.3 168.8 60.8 313.0 319.7 219.5 33.7 176.2 323.5 319.1 101.7 366.1 187.4 86.9 262.4 81.9 366.3 264.0 84.2 264.1 250.8 204.8 137.5 114.9 125.4 239.5 302.1 290.4 137.7 113.0 89.3 20.7 286.5 86.5 373.3 208.7 106.7 183.2 63.0 206.7 96.8 164.5 244.4 225.1 90.7 171.2 143.7 98.8 118.1 111.4 327.8 133.5 240.6 93.8 184.5 239.9
1629.1 112.1 91.8 384.1 389.4 174.4 382.2 416.6 370.3 427.7 254.6 437.2 378.1 311.2 22.0 87.7 464.7 408.3 0.0 325.1 334.0 453.4 396.0 251.8 55.4 235.1 469.2 129.7 294.4 356.4 447.7 392.4 142.5 135.8 404.2 182.8 403.6 358.8 313.6 437.0 183.0 80.7 492.6 39.0 289.9 415.7 440.0 424.3 316.4 56.2 336.4 324.7 436.1 430.4 497.7 393.2 153.9 410.3 190.0 498.6 378.6 316.5 455.9 69.7 460.4 409.0 331.6 436.0 454.3 469.6 446.2 401.3 352.3 529.5 302.5 349.4 370.9 502.2 218.2 298.0
1435.3 176.6 164.5 231.6 165.9 247.1 157.6 184.2 230.8 88.2 218.6 284.7 111.8 93.9 129.3 160.4 322.0 268.8 114.4 0.0 338.8 221.0 102.4 324.5 58.2 236.9 219.1 202.4 77.1 256.9 308.2 126.1 212.9 208.5 251.7 255.5 137.3 219.3 11.5 170.7 255.7 95.9 234.5 112.3 366.1 42.5 287.5 264.9 144.8 128.3 111.8 100.1 203.7 198.0 253.1 253.7 35.5 264.4 262.7 358.7 239.1 141.1 189.6 141.8 320.9 115.4 6.4 24.3 314.8 237.2 293.7 248.8 155.5 275.2 85.2 108.4 278.0 244.1 290.9 355.2
1578.4 202.8 190.7 164.2 400.2 103.8 391.9 196.7 150.4 207.8 34.7 217.3 158.2 335.9 256.1 186.6 254.6 188.4 234.0 241.9 0.0 233.5 176.1 57.9 215.9 17.5 249.3 128.7 319.1 129.9 227.8 172.5 167.9 116.1 184.3 117.0 183.7 138.9 253.4 217.1 210.7 167.0 272.7 273.1 99.5 195.8 220.1 197.5 96.5 134.8 346.1 334.4 216.2 210.5 277.8 173.3 277.5 184.0 217.7 278.7 158.7 148.9 236.0 121.9 240.5 189.1 235.4 216.1 234.4 249.7 226.3 181.4 132.4 299.9 327.2 129.8 151.0 282.3 33.2 88.6
1534.6 153.5 141.4 162.6 265.2 224.0 256.9 115.2 161.8 65.1 149.6 215.7 42.8 193.2 113.4 137.3 253.0 199.8 91.3 99.2 269.8 0.0 15.4 208.3 123.6 167.9 150.1 179.3 176.4 187.9 239.2 57.1 189.8 185.4 182.7 232.4 68.3 150.3 110.7 101.7 232.6 115.7 165.5 130.4 249.9 53.1 218.5 195.9 75.8 83.5 211.1 199.4 134.7 129.0 184.1 184.7 134.8 195.4 239.6 289.7 170.1 72.1 120.6 70.6 251.9 28.4 92.7 73.4 245.8 168.2 224.7 179.8 86.5 206.2 184.5 39.4 209.0 175.1 183.6 239.0
1587.6 107.5 129.3 234.1 255.3 169.8 248.1 192.7 220.3 99.3 136.1 287.2 120.3 250.9 147.6 125.2 325.0 258.3 125.5 197.1 288.1 213.6 0.0 289.3 149.1 154.4 227.6 125.1 234.1 96.6 297.7 136.2 180.0 131.2 254.2 183.0 145.8 208.8 208.6 179.2 220.5 96.1 243.0 164.6 324.3 164.2 290.0 267.4 166.4 68.0 304.5 292.8 212.2 190.6 261.6 243.2 251.1 260.3 227.5 348.6 228.6 128.4 198.1 55.1 310.4 12.9 190.6 184.5 304.3 245.7 296.2 251.3 182.0 293.4 242.2 134.9 109.7 252.6 170.1 335.5
1579.4 151.6 131.3 219.2 339.7 44.4 332.5 227.4 205.4 218.7 121.2 272.3 151.1 346.8 267.0 127.2 299.8 243.4 244.9 252.8 302.3 260.3 187.0 0.0 175.5 139.5 258.4 69.3 330.0 127.4 282.8 165.4 110.8 56.7 239.3 57.6 176.6 193.9 264.3 210.0 151.3 154.5 273.8 284.0 4.4 206.7 275.1 260.6 151.5 126.4 286.7 275.0 243.0 237.3 292.4 228.3 268.4 245.4 158.3 333.7 213.7 131.7 228.9 113.5 295.5 200.0 246.3 227.0 289.4 276.5 281.3 236.4 187.4 324.2 338.1 165.7 140.5 283.4 186.5 44.7
1438.4 118.3 106.2 227.9 107.2 188.8 98.9 218.3 264.9 122.3 184.1 281.0 145.9 116.5 44.8 102.1 318.3 226.6 65.3 47.9 321.1 255.1 136.5 261.9 0.0 245.2 253.2 144.1 99.7 136.6 342.3 160.2 150.3 150.2 248.0 192.9 171.4 253.4 59.4 204.8 193.1 37.6 268.6 27.8 303.5 76.6 283.8 261.2 178.9 70.0 155.3 143.6 237.8 232.1 287.2 211.5 106.6 298.5 200.1 355.0 273.2 175.2 223.7 83.5 355.0 149.5 41.4 58.4 348.9 168.3 290.0 245.1 189.6 309.3 107.8 142.5 157.7 278.2 228.3 292.6
1563.1 193.4 173.1 148.9 391.5 86.2 384.3 181.4 135.1 192.5 19.4 202.0 142.9 320.6 240.8 169.0 229.5 173.1 218.7 226.6 161.6 218.2 160.8 40.3 200.6 0.0 234.0 111.1 303.8 114.2 212.5 157.2 152.6 98.5 169.0 99.4 168.4 123.6 238.1 201.8 193.1 160.8 257.4 257.8 78.4 180.5 204.8 182.2 81.2 119.5 338.5 326.8 200.9 195.2 262.5 158.0 262.2 175.1 200.1 263.4 143.4 133.6 220.7 106.6 225.2 173.8 220.1 200.8 219.1 234.4 211.0 166.1 117.1 294.3 311.9 114.5 135.7 267.0 15.6 86.5
1556.3 240.0 219.7 128.0 360.4 302.3 353.2 96.7 128.3 143.4 206.0 177.2 185.0 289.5 191.7 215.6 204.7 122.8 169.6 195.5 326.2 133.5 175.6 264.7 219.9 224.3 0.0 257.6 272.7 263.3 156.6 200.9 270.4 263.7 144.2 310.7 210.5 147.4 211.1 49.1 310.9 208.6 51.4 208.7 291.6 149.4 180.0 164.3 161.2 184.1 307.4 295.7 82.3 110.5 33.9 107.7 231.1 128.7 317.9 251.2 167.2 150.4 30.2 197.6 218.4 188.6 189.0 169.7 212.3 115.8 186.2 141.3 153.9 65.7 280.8 181.6 276.4 61.0 240.0 310.9
1576.6 71.7 118.3 185.6 244.3 134.0 237.1 138.2 183.8 133.4 99.6 238.7 65.8 239.9 181.7 114.2 266.2 221.8 159.6 167.5 251.6 175.0 101.7 158.3 138.1 117.9 173.1 0.0 223.1 33.7 261.2 81.7 169.0 95.4 205.7 147.2 91.3 172.3 179.0 124.7 209.5 87.6 188.5 166.0 177.7 121.4 241.5 225.8 116.8 57.0 293.5 281.8 157.7 152.0 207.1 206.7 240.1 223.8 216.5 312.1 192.1 91.9 143.6 44.1 273.9 114.7 161.0 141.7 267.8 191.2 247.7 202.8 127.5 238.9 231.2 80.4 55.2 198.1 133.6 204.5
1701.8 176.6 164.5 456.8 463.2 247.1 454.9 489.3 443.0 500.4 327.3 509.9 450.8 16.7 52.1 160.4 547.2 481.0 72.6 397.8 406.7 526.1 468.7 324.5 53.4 307.8 541.9 202.4 0.0 422.5 520.4 465.1 212.9 208.5 476.9 255.5 476.3 431.5 386.3 509.7 255.7 91.1 565.3 35.1 366.1 488.4 512.7 490.1 389.1 123.5 409.1 397.4 508.8 503.1 570.4 465.9 131.9 476.6 262.7 571.3 451.3 389.2 528.6 137.0 533.1 481.7 404.3 508.7 527.0 542.3 518.9 474.0 425.0 592.5 8.1 422.4 443.6 574.9 290.9 355.2
1568.7 195.8 175.5 155.3 290.2 258.5 291.0 107.9 168.6 99.2 156.4 204.5 32.0 227.7 147.5 171.4 224.0 150.1 125.4 133.3 276.6 140.8 67.5 208.5 157.7 166.7 138.9 205.4 210.5 0.0 246.0 47.5 218.2 219.5 171.5 266.5 49.1 150.5 148.9 90.5 258.7 173.5 154.3 164.5 250.1 79.2 207.3 192.8 82.6 136.0 245.2 233.9 123.9 117.8 173.9 128.4 168.9 200.6 265.7 280.2 176.9 78.9 109.4 122.7 258.7 80.5 126.8 107.5 252.6 157.0 213.5 160.6 93.3 196.7 210.6 46.5 21.1 163.9 190.4 261.7
1470.2 278.9 266.8 114.0 360.4 349.4 352.1 115.7 106.0 190.5 182.9 167.1 232.1 336.6 238.8 262.7 204.4 32.3 216.7 242.6 303.1 152.5 168.0 241.6 267.0 201.2 47.0 304.7 319.8 251.9 0.0 246.4 315.2 310.8 134.1 357.8 257.6 119.3 254.1 68.1 358.0 255.7 70.4 255.8 283.2 196.5 169.9 147.3 157.8 231.2 306.3 294.6 129.4 129.5 81.0 53.0 278.2 118.9 365.0 152.5 139.1 169.4 49.2 244.7 63.0 181.0 236.1 216.8 56.9 162.9 176.1 131.2 150.5 103.1 327.9 165.9 273.0 80.0 216.9 272.3
1537.6 233.6 214.9 109.3 354.0 297.5 348.4 61.9 109.6 137.0 185.7 158.5 136.1 283.1 185.3 210.8 196.3 104.1 163.2 190.7 307.5 94.8 108.7 373.3 188.6 204.0 91.3 251.2 267.9 289.4 137.9 0.0 264.0 258.9 125.5 305.9 9.5 128.7 206.3 42.9 304.5 202.2 106.7 203.9 401.8 144.6 161.3 146.8 169.1 176.8 302.6 289.3 75.9 71.8 127.9 87.4 226.3 108.4 313.1 234.2 148.5 167.0 63.4 165.5 198.1 123.3 184.2 164.9 193.6 111.0 167.5 121.0 181.4 158.7 274.4 134.6 303.9 116.3 221.3 419.5
1649.3 262.3 235.6 235.1 444.0 23.5 436.8 267.6 227.7 278.7 105.6 288.2 229.1 406.8 327.0 231.5 322.1 259.3 304.9 312.8 214.7 304.4 247.0 102.8 212.9 86.1 320.2 74.7 390.0 200.4 298.7 243.4 0.0 68.5 261.6 33.8 261.0 209.8 324.3 288.0 34.0 159.9 343.6 344.0 128.6 266.7 291.0 268.4 167.4 131.8 391.0 385.7 293.5 281.4 355.1 250.6 321.3 261.3 41.0 356.0 229.6 167.5 306.9 118.9 311.4 260.0 306.3 293.4 305.3 320.6 297.2 258.7 203.3 386.9 398.1 200.7 228.3 353.2 69.2 149.0
1589.2 143.0 130.9 198.2 258.0 38.5 249.7 150.8 196.4 146.0 141.5 251.3 78.4 252.5 194.3 126.8 288.6 234.4 172.2 180.1 222.0 187.6 114.3 138.7 150.7 122.0 185.7 12.5 235.7 46.7 273.8 92.7 120.6 0.0 218.3 51.7 103.9 184.9 191.6 137.3 69.9 101.8 201.1 178.6 180.3 134.0 254.1 231.5 129.4 69.6 306.1 294.4 170.3 164.6 219.7 219.3 252.7 230.0 76.9 324.7 204.7 232.8 156.2 56.7 286.5 127.3 173.6 154.3 280.4 203.8 260.3 215.4 140.1 241.8 243.8 93.0 67.8 210.7 105.1 41.3
1472.6 271.3 259.2 19.9 401.0 236.3 392.7 102.3 74.0 182.9 131.7 32.9 165.0 329.0 231.2 255.1 70.2 103.4 209.1 235.0 251.9 139.1 154.6 190.4 232.9 150.0 151.2 261.2 312.2 222.6 151.4 179.3 307.6 248.6 0.0 249.5 190.5 86.1 246.5 102.8 350.4 248.1 166.6 248.2 232.0 188.9 35.7 42.8 128.5 222.7 346.9 335.2 121.8 116.1 185.2 88.3 270.6 89.6 357.4 116.1 105.9 139.0 121.7 209.8 164.1 167.6 228.5 209.2 158.0 155.3 41.9 2.8 121.2 207.3 320.3 136.6 243.7 176.2 165.7 221.1
1509.7 158.4 146.3 244.7 311.8 15.1 303.5 204.6 230.9 199.8 115.2 297.8 132.2 306.3 248.1 142.2 335.1 268.9 226.0 233.9 170.2 241.4 168.1 112.4 204.5 95.7 239.5 66.3 289.5 100.5 308.3 146.5 117.7 53.7 264.8 0.0 157.7 219.4 245.4 191.1 43.6 155.6 254.9 232.4 154.0 187.8 300.6 278.0 177.0 123.4 359.9 348.2 224.1 218.4 273.5 253.8 306.5 264.5 50.6 359.2 239.2 181.0 210.0 110.5 321.0 181.1 227.4 208.1 314.9 257.6 306.8 261.9 193.9 295.6 297.6 146.8 121.6 264.5 78.8 44.2
1526.4 224.0 203.7 98.1 344.4 286.3 337.2 46.8 98.4 127.4 176.1 147.3 126.5 273.5 175.7 199.6 174.8 92.9 153.6 179.5 296.3 83.6 99.1 363.7 177.4 194.4 81.7 241.6 256.7 271.2 126.7 140.8 260.8 247.7 114.3 294.7 0.0 117.5 195.1 33.3 294.9 192.6 97.1 192.7 401.8 133.4 150.1 128.1 159.5 167.2 291.4 279.7 66.3 60.6 115.7 77.8 215.1 98.8 301.9 221.3 137.3 155.8 52.2 154.3 188.5 112.1 173.0 153.7 182.4 99.8 156.3 111.4 170.2 147.5 264.8 123.4 292.7 106.7 210.1 409.9
1502.1 288.2 267.9 113.4 449.3 192.8 442.1 114.9 74.1 191.6 88.2 254.8 128.2 337.7 239.9 263.8 194.0 94.1 217.8 243.7 208.4 147.8 163.3 146.9 241.6 106.5 155.0 217.7 320.9 178.5 127.9 144.1 259.2 205.1 133.5 206.0 153.7 0.0 259.3 111.5 299.7 256.8 178.4 256.9 166.3 197.6 169.3 153.6 66.5 231.4 396.3 384.6 130.5 124.8 184.5 79.0 279.3 104.7 306.7 240.5 19.7 147.7 157.2 218.5 164.2 176.3 237.2 217.9 158.1 164.0 175.5 130.6 129.9 215.3 329.0 99.5 193.0 188.0 122.2 193.1
1423.8 196.3 176.0 247.0 149.2 249.8 146.1 199.6 242.3 99.7 234.2 296.2 123.3 78.3 113.7 171.9 323.7 280.3 130.0 11.5 378.9 232.5 113.9 320.2 69.7 248.4 234.7 213.9 65.6 275.0 319.7 139.2 226.2 220.0 263.2 247.0 148.8 234.9 0.0 186.3 264.4 99.3 246.0 100.8 351.2 54.0 299.0 284.5 160.4 139.8 100.3 88.6 219.3 209.5 265.6 265.2 24.0 282.3 267.3 371.9 250.6 152.6 201.1 153.3 336.5 126.9 17.9 35.8 326.3 248.7 305.2 260.3 167.0 296.4 73.7 120.2 289.5 259.7 290.7 366.4
1507.1 224.7 204.4 74.9 428.8 324.2 421.6 51.4 79.1 128.1 156.8 128.0 127.2 274.2 176.4 200.3 165.8 73.6 154.3 180.2 277.0 84.3 99.8 215.5 178.1 175.1 48.3 242.3 257.4 205.7 107.4 141.5 261.5 248.4 95.0 309.0 152.7 98.2 195.8 0.0 295.6 193.3 63.7 193.4 257.1 134.1 130.8 108.2 112.0 167.9 375.8 364.1 67.0 61.3 82.3 58.5 215.8 79.5 302.6 202.0 118.0 101.2 18.9 155.0 169.2 112.8 173.7 154.4 163.1 100.5 137.0 92.1 104.7 114.1 265.5 120.1 227.2 73.3 190.8 261.7
1615.2 221.8 201.5 201.0 409.9 114.6 402.7 233.5 187.2 244.6 71.5 254.1 195.0 372.7 292.9 197.4 281.6 225.2 270.8 278.7 180.6 270.3 212.9 68.7 245.7 52.0 286.1 139.5 355.9 166.7 264.6 209.3 181.0 126.9 221.1 119.4 220.5 175.7 290.2 253.9 0.0 202.2 309.5 309.9 103.7 232.6 256.9 241.2 133.3 171.6 356.9 345.2 253.0 247.3 314.6 210.1 314.3 227.2 7.0 315.5 195.5 185.7 272.8 158.7 277.3 225.9 272.2 252.9 271.2 286.5 263.1 218.2 169.2 346.4 364.0 166.3 187.8 319.1 35.1 114.9
1487.3 102.5 85.9 248.3 145.9 168.5 147.8 206.9 230.6 162.1 144.9 297.5 130.6 141.5 97.8 81.8 321.3 268.6 105.1 96.8 328.1 223.9 162.9 242.2 48.8 161.0 234.2 131.9 133.8 105.5 308.0 146.5 139.3 129.9 264.5 176.9 164.2 217.6 112.4 197.6 177.1 0.0 261.4 76.7 280.9 129.6 300.3 285.8 176.7 32.3 204.2 192.5 230.6 200.9 272.9 261.6 150.8 266.9 192.2 360.6 238.9 138.7 208.4 45.8 320.7 167.8 90.3 107.3 314.6 217.2 306.5 257.9 192.3 300.0 146.0 145.5 120.0 259.2 212.3 288.4
1535.0 215.6 195.3 102.8 456.7 277.9 449.5 45.5 107.0 119.0 184.7 155.9 125.2 265.1 167.3 191.2 193.7 101.5 145.2 171.1 304.9 82.3 97.8 243.4 169.0 203.0 104.3 233.2 248.3 233.6 135.3 139.5 246.0 239.3 122.9 286.3 150.7 126.1 182.6 55.9 286.5 193.3 0.0 184.3 262.8 125.0 158.7 136.7 139.9 165.9 403.7 392.0 57.9 59.3 138.3 86.4 206.7 107.4 293.5 229.9 145.9 129.1 74.8 153.0 197.1 110.8 164.6 145.3 191.0 91.4 164.9 120.0 132.6 170.1 256.4 121.8 255.1 9.6 218.7 289.6
1666.6 141.4 129.3 421.6 428.0 211.9 419.7 454.1 407.8 465.2 292.1 474.7 415.6 348.7 16.9 125.2 512.0 445.8 37.4 362.6 371.5 490.9 433.5 289.3 16.3 272.6 506.7 167.2 331.9 387.3 485.2 429.9 177.7 173.3 441.7 220.3 441.1 396.3 351.1 474.5 220.5 54.0 530.1 0.0 330.9 453.2 477.5 454.9 353.9 86.4 373.9 362.2 473.6 467.9 535.2 430.7 114.8 441.4 227.5 536.1 416.1 354.0 493.4 99.9 497.9 446.5 369.1 473.5 491.8 507.1 483.7 438.8 389.8 557.3 340.0 387.2 408.4 539.7 255.7 320.0
1613.3 288.6 274.9 196.0 391.0 225.7 390.4 200.3 185.3 192.0 98.0 252.2 131.0 320.1 246.9 270.8 290.0 223.3 224.8 232.7 253.1 240.2 160.3 167.9 185.3 116.3 231.7 276.9 309.9 99.3 262.7 142.2 319.0 270.9 219.2 217.1 153.4 167.2 241.1 198.0 359.5 133.3 261.8 263.9 0.0 180.0 255.0 240.5 128.3 97.6 344.6 326.3 231.0 217.2 269.2 201.6 268.3 218.7 388.7 310.5 193.6 118.3 208.8 91.3 291.0 179.9 226.2 206.9 269.3 256.4 261.2 224.4 167.3 297.5 326.1 142.5 120.4 256.7 135.1 187.4
1481.4 142.2 121.9 192.9 210.9 204.5 203.7 141.6 188.2 45.6 176.0 242.1 69.2 140.0 93.9 117.8 269.6 226.2 71.8 46.0 296.2 178.4 59.8 281.9 70.4 194.3 176.5 159.8 123.2 213.9 265.6 83.5 172.6 165.9 209.1 212.9 94.7 176.7 57.5 128.1 213.1 100.0 191.9 110.9 320.0 0.0 244.9 222.3 102.2 86.3 157.9 146.2 161.1 155.4 210.5 211.1 81.6 228.2 220.1 316.1 196.5 98.5 147.0 99.8 278.3 72.8 39.5 20.3 272.2 194.6 251.1 206.2 112.9 242.3 131.3 65.8 235.4 201.5 248.3 328.1
1454.9 392.0 379.9 148.6 547.1 350.7 538.8 223.0 139.7 303.6 246.1 136.8 285.7 449.7 351.9 375.8 67.2 201.0 329.8 355.7 366.3 259.8 275.3 304.8 353.6 264.4 215.7 375.6 432.9 329.8 168.6 300.0 414.8 363.0 120.6 363.9 311.2 200.5 367.2 236.8 457.6 368.8 239.1 368.9 346.4 309.6 0.0 181.9 224.4 343.4 493.0 481.3 242.5 236.8 249.7 221.7 391.3 210.3 464.6 80.3 220.3 259.7 217.9 330.5 181.3 288.3 349.2 329.9 175.2 276.0 6.1 165.8 241.9 271.8 441.0 257.3 350.9 248.7 280.1 335.5
1484.4 410.6 390.3 107.3 499.1 304.9 500.0 193.4 94.5 305.9 200.3 150.2 232.8 452.0 354.2 386.2 169.6 155.8 339.6 366.1 321.1 226.3 233.7 259.6 320.1 211.1 162.4 323.5 443.3 291.2 123.4 256.8 363.8 317.8 123.5 318.7 258.3 154.7 381.7 191.0 404.3 388.3 193.3 379.3 278.4 311.9 153.0 0.0 178.6 288.9 454.2 434.4 252.3 203.3 205.5 168.4 401.7 176.3 418.8 95.4 175.1 226.0 172.7 276.6 136.1 254.8 359.6 340.3 130.0 286.4 159.2 120.0 208.4 228.2 450.8 212.2 305.7 202.9 234.9 298.9
1513.9 207.8 187.5 99.7 310.2 270.1 303.0 136.1 85.9 111.2 73.7 152.8 61.6 239.3 159.5 183.4 180.3 123.9 137.4 145.3 193.9 169.0 79.5 132.4 169.7 92.0 168.9 225.4 222.5 136.8 163.3 75.9 238.2 231.5 119.8 254.5 87.1 74.4 160.9 120.5 278.7 176.4 184.3 176.5 167.4 99.2 155.6 139.9 0.0 147.6 257.2 245.5 151.7 146.0 202.9 108.8 180.9 125.9 285.7 214.2 94.2 46.7 139.4 134.7 176.0 92.5 138.8 119.5 169.9 185.2 161.8 116.9 35.8 234.7 230.6 32.9 158.3 193.9 107.7 178.6
1519.5 81.5 61.2 212.0 187.2 143.8 180.0 170.6 198.2 154.1 114.0 265.1 98.2 182.8 125.9 57.1 302.9 236.2 146.4 129.0 303.4 191.5 122.4 221.2 81.0 132.3 205.5 99.1 166.0 73.1 275.6 112.5 111.9 105.2 232.1 152.2 123.7 186.7 144.6 157.1 152.4 32.1 220.9 108.9 256.2 142.1 267.9 245.3 144.3 0.0 236.4 224.7 190.1 168.5 240.5 221.1 183.0 238.2 159.4 328.2 206.5 106.3 176.0 13.4 288.3 135.4 122.5 139.5 282.2 223.6 274.1 229.2 159.9 271.3 174.1 112.8 87.6 230.5 187.6 267.4
1630.2 231.1 219.0 304.1 54.0 301.6 45.7 256.7 303.3 142.7 291.1 357.2 184.3 288.8 191.0 214.9 394.5 341.3 168.9 194.8 411.3 293.5 174.9 379.0 84.7 309.4 291.6 256.9 272.0 329.4 380.7 198.6 267.4 263.0 324.2 310.0 209.8 291.8 206.3 243.2 310.2 122.4 307.0 208.0 420.6 148.7 360.0 337.4 217.3 154.8 0.0 295.0 276.2 270.5 325.6 326.2 116.7 336.9 317.2 431.2 311.6 213.6 262.1 168.3 393.4 187.9 188.3 169.0 387.3 115.1 366.2 321.3 228.0 347.7 280.1 180.9 350.5 316.6 345.4 409.7
1641.9 251.0 230.7 315.8 64.6 313.3 57.4 272.3 315.0 154.4 302.8 368.9 196.0 300.5 202.7 226.6 406.7 353.0 180.6 206.5 423.0 305.2 186.6 390.7 96.4 321.1 303.3 268.6 283.7 349.1 392.4 210.3 281.4 274.7 335.9 321.7 221.5 303.5 218.0 254.9 321.9 137.8 318.7 219.7 417.6 160.4 371.7 356.0 229.0 166.5 11.6 0.0 287.9 282.2 337.3 337.9 128.4 355.0 328.9 442.9 323.3 225.3 273.8 180.0 405.1 199.6 200.0 180.7 399.0 126.8 377.9 333.0 239.7 369.1 291.8 192.6 362.2 328.3 357.1 436.9
1548.5 157.6 137.3 226.3 278.0 219.9 270.8 178.9 221.6 61.0 209.4 275.5 102.6 207.1 109.3 133.2 303.0 259.6 87.2 113.1 329.6 211.8 93.2 297.3 137.5 227.7 209.9 175.2 190.3 247.7 299.0 116.9 194.4 181.3 242.5 228.3 128.1 210.1 128.7 161.5 228.5 135.3 225.3 126.3 324.2 67.0 278.3 256.3 135.6 101.7 225.0 213.3 0.0 188.8 243.9 244.5 148.7 261.6 235.5 349.5 229.9 131.9 180.4 115.2 311.7 106.2 106.6 87.3 305.6 33.4 284.5 239.6 146.3 275.7 198.4 99.5 268.8 234.9 263.7 343.5
1557.6 176.5 164.4 185.6 288.2 247.0 279.9 138.2 184.8 88.1 172.6 238.7 65.8 216.2 136.4 160.3 276.0 222.8 114.3 122.2 292.8 23.0 38.4 231.3 146.6 190.9 173.1 202.3 199.4 210.9 262.2 80.1 212.8 208.4 205.7 255.4 91.3 173.3 133.7 124.7 255.6 138.7 188.5 153.4 272.9 76.1 241.5 218.9 98.8 106.5 234.1 222.4 157.7 0.0 207.1 207.7 157.8 218.4 262.6 312.7 193.1 95.1 143.6 93.6 274.9 51.4 115.7 96.4 268.8 191.2 247.7 202.8 109.5 229.2 207.5 62.4 232.0 198.1 206.6 262.0
1571.2 205.0 185.7 142.9 325.4 267.3 319.2 85.6 143.2 108.4 219.9 192.1 150.0 255.5 156.7 181.6 229.9 137.7 134.6 161.5 341.1 118.5 140.6 344.7 185.9 238.2 139.5 222.6 238.7 302.7 171.5 166.9 235.4 229.7 159.1 276.7 175.5 161.3 177.1 91.1 275.9 183.7 154.9 174.7 372.6 115.4 194.9 180.4 184.0 149.1 273.4 260.7 48.3 95.5 0.0 121.6 197.1 143.6 282.9 267.8 182.1 165.3 111.0 163.6 232.3 154.6 155.0 135.7 227.2 81.8 201.1 155.2 194.7 30.8 245.8 147.9 317.2 164.5 254.9 391.9
1493.1 255.7 235.4 64.8 370.2 234.4 363.0 78.5 65.1 159.1 129.8 114.0 141.2 305.2 207.4 231.3 141.5 15.0 185.3 211.2 250.0 115.3 130.8 188.5 209.1 148.1 75.9 273.3 288.4 198.4 48.8 155.5 286.1 279.4 81.0 247.6 166.7 66.2 226.8 97.0 326.6 224.3 99.3 224.4 207.9 165.1 116.8 101.1 104.7 198.9 317.2 305.5 98.0 92.3 104.4 0.0 246.8 72.2 333.6 188.0 86.0 115.2 78.1 186.0 155.2 143.8 204.7 185.4 149.1 131.5 123.0 78.1 97.4 136.2 296.5 112.8 219.9 108.9 163.8 234.7
1429.8 202.2 190.1 257.2 120.9 259.9 112.6 209.8 256.4 113.8 244.2 310.3 137.4 62.6 98.0 186.0 347.6 294.4 118.5 25.5 384.9 246.6 128.0 330.3 99.2 262.5 244.7 228.0 45.8 241.1 333.8 151.7 227.6 234.1 277.3 253.0 162.9 244.9 14.0 196.3 270.4 142.1 260.1 81.0 371.9 68.1 313.1 290.5 170.4 174.5 66.8 55.1 229.3 223.6 278.7 279.3 0.0 290.0 277.4 384.3 264.7 166.7 215.2 188.0 346.5 141.0 32.0 49.9 340.4 182.0 319.3 274.4 181.1 300.8 53.9 134.0 262.2 269.7 296.7 361.0
1546.4 215.1 194.8 132.2 317.5 259.5 310.3 141.3 118.4 118.5 106.2 185.3 68.9 246.6 166.8 190.7 212.8 156.4 144.7 152.6 226.4 178.1 86.8 164.9 177.0 124.5 176.2 232.7 229.8 134.5 195.8 83.2 251.9 238.8 152.3 244.3 94.4 106.9 168.2 127.8 286.0 163.6 191.6 183.8 184.3 106.5 188.1 165.5 32.4 131.4 264.5 252.8 160.8 155.1 210.2 141.3 188.2 0.0 293.0 246.7 126.7 54.0 146.7 118.5 208.5 99.8 146.1 126.8 202.4 194.3 194.3 149.4 25.1 242.0 237.9 40.5 147.6 201.2 140.2 211.1
1608.2 214.8 194.5 194.0 402.9 107.6 395.7 226.5 180.2 237.6 64.5 247.1 188.0 365.7 285.9 190.4 274.6 218.2 263.8 271.7 173.6 263.3 205.9 61.7 238.7 45.0 279.1 132.5 348.9 159.3 257.6 202.3 174.0 119.9 214.1 112.4 213.5 168.7 283.2 246.9 214.5 192.7 302.5 302.9 96.7 225.6 249.9 227.9 126.3 164.6 349.9 338.2 246.0 240.3 307.6 203.1 307.3 220.2 0.0 308.5 188.5 178.7 265.8 151.7 270.3 218.9 265.2 245.9 264.2 279.5 256.1 211.2 162.2 339.4 357.0 159.3 180.8 312.1 28.1 107.9
1496.1 318.1 299.5 56.3 438.5 274.9 433.0 146.5 199.0 221.5 170.3 56.4 203.6 367.6 269.8 295.4 92.5 143.7 249.4 275.3 292.2 179.4 193.2 229.0 273.2 188.6 273.3 301.5 352.5 269.5 227.9 221.2 354.9 288.9 40.2 289.8 229.1 124.7 290.9 141.4 389.0 297.5 205.2 288.5 257.6 227.5 59.2 91.2 168.8 261.3 387.2 373.8 160.4 156.4 310.0 128.6 310.9 134.6 396.0 0.0 146.2 179.3 162.0 250.1 240.6 207.9 268.8 249.5 234.5 195.6 65.4 41.4 161.5 339.1 360.6 176.6 284.0 216.5 206.0 276.9
1524.0 301.9 289.8 135.3 472.3 214.7 464.0 132.9 96.0 213.5 110.1 235.0 150.1 359.6 261.8 285.7 225.7 116.0 239.7 265.6 169.1 169.7 185.2 168.8 263.5 128.4 176.9 239.6 342.8 193.8 149.8 164.4 278.8 227.0 155.4 227.9 175.6 21.8 277.1 133.4 321.6 278.7 200.3 278.8 210.4 219.5 191.2 168.6 88.4 253.3 418.2 406.5 152.4 146.7 205.4 100.9 301.2 120.2 328.6 262.4 0.0 169.6 179.1 240.4 186.1 198.2 259.1 239.8 180.0 185.9 197.4 152.5 151.8 227.5 350.9 121.7 214.9 209.9 144.1 199.5
1572.0 190.9 178.8 142.8 302.6 222.9 294.3 112.4 147.7 102.5 114.6 195.9 52.9 230.6 150.8 174.7 233.2 185.7 128.7 136.6 255.7 149.2 70.8 201.9 412.3 132.9 160.2 274.1 213.8 107.9 225.1 67.2 227.2 261.5 162.9 207.7 78.4 136.2 148.1 111.8 162.9 363.4 175.6 167.8 243.5 90.5 198.7 176.1 61.7 331.2 248.5 236.8 131.9 126.2 194.2 170.6 514.3 181.3 169.9 269.9 156.0 0.0 130.7 318.3 237.8 83.8 130.1 110.8 231.7 165.4 204.9 160.0 72.4 216.3 221.9 24.5 129.0 185.2 148.6 149.5
1526.0 261.3 249.2 93.8 448.8 331.8 440.5 66.4 98.0 172.9 175.7 146.9 146.1 319.0 221.2 245.1 184.2 92.5 199.1 225.0 295.9 103.2 118.7 234.4 197.0 194.0 29.4 287.1 302.2 225.0 126.3 160.4 297.6 293.2 113.9 327.9 171.6 117.1 236.5 18.9 340.4 238.1 44.8 238.2 276.0 178.9 149.7 127.1 130.9 213.6 394.7 383.0 111.8 80.2 63.4 77.4 260.6 92.0 347.4 220.9 136.9 120.1 0.0 173.9 188.1 131.7 218.5 199.2 182.0 145.3 155.9 111.0 123.6 85.5 310.3 139.0 246.1 54.4 209.7 265.1
1532.4 86.2 74.1 198.5 201.2 134.2 192.9 157.1 184.7 140.6 100.5 251.6 84.7 195.7 138.8 70.0 288.9 222.7 159.3 141.9 252.5 178.0 108.9 234.1 93.9 118.8 192.0 89.5 178.9 53.0 262.1 99.0 122.5 95.6 218.6 147.4 110.2 173.2 153.4 143.6 165.3 45.0 207.4 121.8 275.7 128.6 254.4 231.8 130.8 12.8 249.3 237.6 176.6 155.0 226.0 207.6 195.9 218.3 172.3 313.0 193.0 92.8 162.5 0.0 274.8 121.9 135.4 148.9 268.7 210.1 260.6 215.7 146.4 248.1 187.0 99.3 74.1 217.0 134.5 264.8
1470.9 301.5 281.2 75.7 496.0 240.3 488.8 128.2 42.9 204.9 135.7 124.9 175.7 351.0 253.2 277.1 152.4 152.7 231.1 257.0 255.9 161.1 176.6 194.4 254.9 154.0 167.4 265.2 334.2 226.0 120.3 190.0 306.7 252.6 91.9 253.5 201.2 90.1 272.6 188.5 347.2 266.0 190.8 270.2 229.4 210.9 127.7 112.0 114.0 224.3 443.0 431.3 143.8 138.1 201.4 173.4 292.6 118.0 354.2 171.2 109.9 160.8 169.6 211.4 0.0 189.6 250.5 231.2 126.9 177.3 133.9 89.0 143.2 233.2 342.3 147.3 240.5 200.4 169.7 240.6
1574.6 128.4 116.3 221.1 243.4 156.8 235.1 179.7 207.3 163.2 123.1 274.2 107.3 237.9 181.0 112.2 311.5 245.3 189.4 184.1 275.1 200.6 131.5 276.3 136.1 141.4 214.6 112.1 221.1 75.6 284.7 121.6 164.7 118.2 241.2 170.0 132.8 195.8 195.6 166.2 207.5 87.2 230.0 164.0 317.9 151.2 277.0 254.4 153.4 55.0 291.5 279.8 199.2 177.6 248.6 230.2 238.1 240.9 214.5 335.6 215.6 115.4 185.1 42.1 297.4 0.0 177.6 171.5 291.3 232.7 283.2 238.3 169.0 270.7 229.2 121.9 96.7 239.6 157.1 307.0
1441.8 170.1 158.0 225.1 172.4 240.6 164.1 177.7 224.3 81.7 212.1 278.2 105.3 100.4 130.0 153.9 315.5 262.3 107.9 6.4 332.3 214.5 95.9 318.0 51.7 230.4 212.6 195.9 83.6 250.4 301.7 119.6 206.4 202.0 245.2 249.0 130.8 212.8 17.9 164.2 249.2 89.4 228.0 118.8 359.6 36.0 281.0 258.4 138.3 121.8 118.3 106.6 197.2 191.5 246.6 247.2 42.0 257.9 256.2 352.2 232.6 134.6 183.1 135.3 314.4 108.9 0.0 17.8 308.3 230.7 287.2 242.3 149.0 268.7 91.7 101.9 271.5 237.6 284.4 348.7
1461.1 152.2 140.1 207.2 191.7 222.7 183.4 159.8 206.4 63.8 194.2 260.3 87.4 119.7 112.1 136.0 297.6 244.4 90.0 25.7 314.4 196.6 78.0 300.1 50.1 212.5 194.7 178.0 102.9 232.5 283.8 101.7 188.5 184.1 227.3 231.1 112.9 194.9 37.2 146.3 231.3 87.8 210.1 129.1 341.7 18.1 263.1 240.5 120.4 104.5 137.6 125.9 179.3 173.6 228.7 229.3 61.3 240.0 238.3 334.3 214.7 116.7 165.2 118.0 296.5 91.0 19.2 0.0 290.4 212.8 269.3 224.4 131.1 250.8 111.0 84.0 253.6 219.7 266.5 330.8
1477.0 299.4 287.3 77.9 503.2 246.4 494.9 130.4 49.0 211.0 141.8 131.0 181.8 357.1 259.3 283.2 168.3 158.8 237.2 263.1 262.0 167.2 182.7 200.5 261.0 160.1 173.5 271.3 340.3 225.5 126.4 196.1 310.5 258.7 98.0 259.6 207.3 96.2 274.6 194.6 353.3 276.2 196.9 276.3 242.1 217.0 133.8 111.2 120.1 230.4 449.1 437.4 149.9 144.2 207.5 179.5 298.7 117.7 360.3 177.3 116.0 166.9 175.7 217.5 6.0 195.7 256.6 237.3 0.0 183.4 140.0 95.1 149.3 229.6 348.4 153.4 246.6 206.5 175.8 231.2
1515.0 115.9 103.8 188.9 245.6 186.4 237.3 141.5 188.1 27.5 175.9 242.0 69.1 173.6 75.8 99.7 279.3 226.1 53.7 79.6 296.1 178.3 59.7 263.8 104.0 194.2 176.4 141.7 156.8 214.2 265.5 83.4 152.2 147.8 209.0 194.8 94.6 176.6 91.1 128.0 195.0 92.7 191.8 92.8 305.4 33.5 244.8 222.2 102.1 68.2 191.5 179.8 161.0 155.3 210.4 211.0 115.2 221.7 202.0 316.0 196.4 98.4 146.9 81.7 278.2 72.7 73.1 53.8 272.1 0.0 251.0 206.1 112.8 232.5 164.9 65.7 235.3 201.4 230.2 294.5
1448.7 385.8 373.7 142.4 540.9 344.5 532.6 216.8 133.5 297.4 239.9 130.6 279.5 443.5 345.7 369.6 167.9 194.8 323.6 349.5 360.1 253.6 269.1 298.6 347.4 258.2 209.5 369.4 426.7 323.6 162.4 293.8 408.6 356.8 114.4 357.7 305.0 194.3 361.0 230.6 451.4 362.6 232.9 362.7 340.2 303.4 133.4 175.7 218.2 337.2 486.8 475.1 236.3 230.6 243.5 215.5 385.1 204.1 458.4 74.1 214.1 253.5 211.7 324.3 175.1 282.1 343.0 323.7 169.0 269.8 0.0 159.6 235.7 265.6 434.8 251.1 344.7 242.5 273.9 329.3
1475.5 276.6 256.3 13.1 397.0 233.4 389.8 99.4 71.1 180.0 128.8 35.8 162.1 326.1 228.3 252.2 73.6 100.5 206.2 232.1 249.0 136.2 151.7 187.5 230.0 147.1 148.3 258.3 309.3 227.7 148.5 176.4 307.0 245.7 2.8 246.6 187.6 83.2 243.6 99.9 347.5 241.1 163.7 245.3 225.6 186.0 38.6 39.9 125.6 219.8 344.0 332.3 118.9 113.2 182.3 85.4 267.7 93.1 354.5 119.0 103.0 136.1 118.8 206.9 161.2 164.7 225.6 206.3 155.1 152.4 44.8 0.0 118.3 214.1 317.4 132.8 240.8 173.3 162.8 233.7
1595.3 289.0 276.9 181.1 400.7 234.3 392.4 205.4 167.3 200.6 83.1 234.2 133.0 328.7 248.9 272.8 271.5 205.3 226.8 234.7 235.1 242.2 168.9 141.8 187.3 101.4 240.3 285.5 311.9 101.3 244.7 147.3 325.3 272.9 201.2 219.1 158.5 155.8 246.2 191.9 368.1 138.4 255.7 265.9 183.4 188.6 237.0 214.4 113.4 106.2 346.6 334.9 224.9 219.2 274.3 190.2 270.3 200.9 375.1 295.6 175.6 120.3 210.8 93.3 257.4 181.9 228.2 208.9 251.3 258.4 243.2 198.3 0.0 296.4 320.0 146.7 122.4 265.3 117.1 172.5
1539.4 174.2 153.9 107.2 294.6 236.5 287.4 49.9 111.4 77.6 189.1 160.3 119.2 223.7 125.9 149.8 198.1 105.9 103.8 129.7 309.3 86.7 109.8 313.9 154.1 207.4 108.7 191.8 206.9 263.9 139.7 135.1 204.6 197.9 127.3 244.9 144.7 130.5 145.3 60.3 245.1 138.7 124.1 142.9 352.0 83.6 163.1 140.5 152.2 118.3 241.6 229.9 16.5 63.7 142.7 90.8 165.3 111.8 252.1 234.3 150.3 133.5 79.2 131.8 201.5 122.8 123.2 103.9 195.4 50.0 169.3 124.4 162.9 0.0 215.0 115.8 285.4 133.7 223.1 360.1
1693.7 176.7 156.4 448.7 454.0 239.0 446.8 481.2 434.9 492.3 319.2 501.8 442.7 8.6 44.0 152.3 539.6 472.9 64.5 389.7 398.6 518.0 460.6 316.4 45.3 299.7 533.8 194.3 359.0 414.4 512.3 457.0 207.1 200.4 468.8 247.4 468.2 423.4 378.2 501.6 247.6 74.9 557.2 27.0 354.5 480.3 504.6 488.9 381.0 115.4 401.0 389.3 500.7 495.0 562.3 457.8 123.8 474.9 254.6 563.2 443.2 381.1 520.5 128.9 525.0 473.6 396.2 500.6 518.9 534.2 510.8 465.9 416.9 594.1 0.0 414.0 435.5 566.8 282.8 362.6
1547.4 174.5 154.2 140.0 276.9 236.8 269.7 104.6 122.3 77.9 109.8 189.2 28.6 206.0 126.5 150.1 227.0 160.3 104.1 112.0 230.3 137.5 46.5 168.8 136.4 128.4 135.9 192.1 189.2 155.0 199.7 44.2 204.9 198.2 156.2 240.4 53.8 110.5 127.6 87.5 245.7 152.2 151.0 143.2 195.7 65.9 192.0 177.5 36.3 114.3 223.9 212.5 120.2 114.5 170.6 144.9 147.6 162.3 252.4 252.3 130.6 32.6 106.1 101.4 212.1 59.2 105.5 86.2 206.3 153.7 198.2 153.0 47.0 201.4 197.6 0.0 169.5 160.6 144.1 214.7
1547.6 166.5 154.4 130.3 278.2 237.0 269.9 82.9 147.5 78.1 135.3 183.4 10.5 206.2 126.4 150.3 220.7 129.0 104.3 112.2 255.5 119.7 46.4 194.0 136.6 153.6 117.8 192.3 189.4 173.6 224.9 24.8 202.8 198.4 150.4 245.4 36.0 136.0 123.7 69.4 245.6 143.3 133.2 143.4 235.6 66.1 186.2 163.6 61.5 114.5 224.1 212.4 102.4 96.7 151.8 113.9 147.8 181.1 252.6 257.4 155.8 57.8 88.3 101.6 237.6 59.4 105.7 86.4 231.5 135.9 192.4 147.5 72.2 173.9 197.5 25.1 0.0 142.8 169.3 224.7
1525.4 206.0 185.7 97.1 447.1 268.3 439.9 35.9 97.4 109.4 175.1 146.3 115.6 255.5 157.7 181.6 184.1 91.9 135.6 161.5 295.3 72.7 88.2 233.8 159.4 193.4 94.7 223.6 238.7 224.0 125.7 129.9 236.4 229.7 113.3 276.7 141.1 116.5 177.1 46.3 276.9 170.5 110.1 174.7 260.7 115.4 149.1 134.6 130.3 156.3 394.1 382.4 48.3 49.7 128.7 76.8 197.1 97.8 283.9 220.3 136.3 119.5 65.2 143.4 187.5 101.2 155.0 135.7 181.4 81.8 155.3 110.4 123.0 160.5 246.8 112.2 245.5 0.0 209.1 280.0
1580.0 178.4 166.3 165.8 375.8 79.4 367.5 198.3 152.0 209.4 36.3 218.9 159.8 337.5 257.7 162.2 256.2 190.0 235.6 243.5 145.9 235.1 177.7 33.5 210.5 16.8 250.9 104.3 320.7 131.5 229.4 174.1 143.5 91.7 185.9 92.6 185.3 140.5 255.0 218.7 186.3 168.6 274.3 274.7 75.1 197.4 221.7 199.1 98.1 136.4 321.7 310.0 217.8 212.1 279.4 174.9 279.1 185.6 193.3 280.3 160.3 150.5 237.6 123.5 242.1 190.7 237.0 217.7 236.0 251.3 227.9 183.0 134.0 301.5 328.8 131.4 152.6 283.9 0.0 64.2
1534.6 106.8 86.5 307.6 294.9 96.0 287.7 340.1 293.8 351.2 178.1 360.7 301.6 216.7 252.1 82.4 388.2 331.8 272.6 230.6 257.5 376.9 319.5 175.3 130.7 158.6 392.7 124.4 199.9 272.9 371.2 317.5 66.0 130.5 327.7 106.3 327.1 282.3 215.0 360.5 106.5 105.7 416.1 235.1 194.7 339.2 363.5 347.8 239.9 105.3 241.9 230.2 359.6 353.9 421.2 316.7 223.6 333.8 113.5 422.1 302.1 240.0 379.4 118.8 383.9 332.5 237.1 255.0 377.8 393.1 369.7 324.8 275.8 453.0 208.0 272.9 294.4 425.7 141.7 0.0
