Name		1469_BED-Amazon_n115_m256_bt29
Number_of_Customers	115
Number_of_Items		256
Number_of_ItemTypes	29
Number_of_Vehicles	1
TimeWindows		0
Dist_type	manual

VEHICLE
Mass_Capacity	1024
CargoSpace_Length	212
CargoSpace_Width	111
CargoSpace_Height	105

CUSTOMERS
i	x	y	Demand	ReadyTime	DueDate	ServiceTime	DemandedMass	DemandedVolume
0	47.937344	-122.244952	0	0	0	0	0	0
1	47.669348	-122.325467	1	0	0	0	4.8	6200
2	47.674341	-122.322154	1	0	0	0	1.4	5280
3	47.663314	-122.326169	1	0	0	0	2.5	3978
4	47.677053	-122.325599	1	0	0	0	7.3	3640
5	47.680946	-122.326409	1	0	0	0	4.7	1380
6	47.675394	-122.321858	1	0	0	0	2.5	3978
7	47.663873	-122.322872	2	0	0	0	2.45	7248
8	47.662626	-122.32786	1	0	0	0	4.7	1380
9	47.680904	-122.322357	1	0	0	0	1.75	4608
10	47.664655	-122.328258	3	0	0	0	9.6	15876
11	47.675076	-122.325461	1	0	0	0	4.7	1380
12	47.674375	-122.32599	2	0	0	0	12.33	18228
13	47.667866	-122.324687	1	0	0	0	4.7	1380
14	47.673616	-122.327715	2	0	0	0	9.5	7580
15	47.660205	-122.323474	1	0	0	0	4.7	1380
16	47.662933	-122.325075	2	0	0	0	5.4	4020
17	47.670848	-122.324853	3	0	0	0	8.65	4980
18	47.664421	-122.325046	1	0	0	0	14.1	4140
19	47.659701	-122.324059	2	0	0	0	2.45	7248
20	47.662393	-122.324025	1	0	0	0	0.7	2640
21	47.667872	-122.326412	3	0	0	0	9.11	12204
22	47.677004	-122.328421	2	0	0	0	6.45	5988
23	47.667365	-122.328794	1	0	0	0	4.7	1380
24	47.661059	-122.32323	3	0	0	0	13.9	16440
25	47.682061	-122.326934	2	0	0	0	7.61	14900
26	47.670101	-122.326851	1	0	0	0	4.7	1380
27	47.667866	-122.324256	3	0	0	0	7.97	18624
28	47.669341	-122.324368	1	0	0	0	0.7	2640
29	47.676853	-122.327245	1	0	0	0	4.7	1380
30	47.668611	-122.324697	1	0	0	0	4.7	1380
31	47.663586	-122.326164	2	0	0	0	3.71	8184
32	47.66346	-122.328254	1	0	0	0	1.75	4608
33	47.676101	-122.324572	3	0	0	0	12.85	14472
34	47.663774	-122.324008	1	0	0	0	4.7	1380
35	47.678767	-122.32327	3	0	0	0	12.59	19855
36	47.685072	-122.326293	1	0	0	0	4.7	1380
37	47.675362	-122.324403	1	0	0	0	4.7	1380
38	47.676564	-122.322509	3	0	0	0	13.6	14616
39	47.666416	-122.323351	1	0	0	0	1.4	5280
40	47.676241	-122.32348	2	0	0	0	10.99	6160
41	47.664975	-122.324697	1	0	0	0	1.9	1176
42	47.684616	-122.326979	3	0	0	0	9.31	17103
43	47.669353	-122.326279	1	0	0	0	0.7	2640
44	47.680236	-122.322532	2	0	0	0	16.25	5220
45	47.669355	-122.327151	2	0	0	0	6.45	5988
46	47.671565	-122.327482	3	0	0	0	10.45	13528
47	47.679148	-122.32402	2	0	0	0	10.1	5400
48	47.661534	-122.32403	7	0	0	0	45.19	39518
49	47.672872	-122.322302	2	0	0	0	5.4	4020
50	47.67238	-122.323458	3	0	0	0	4.35	8424
51	47.68001	-122.322861	6	0	0	0	41.72	33532
52	47.675161	-122.323398	3	0	0	0	10.5	10258
53	47.66862	-122.326873	1	0	0	0	0.7	2640
54	47.667644	-122.325586	1	0	0	0	3.82	8580
55	47.673347	-122.322293	4	0	0	0	13.64	15239
56	47.674695	-122.325461	1	0	0	0	4.7	1380
57	47.682944	-122.327292	1	0	0	0	0.7	2640
58	47.665709	-122.325135	3	0	0	0	11.61	19325
59	47.673554	-122.323437	2	0	0	0	7.2	5358
60	47.662852	-122.322874	1	0	0	0	2.75	9072
61	47.676237	-122.327354	3	0	0	0	9.85	26058
62	47.660983	-122.325119	1	0	0	0	4.7	1380
63	47.673253	-122.323444	1	0	0	0	4.7	1380
64	47.661946	-122.327258	6	0	0	0	36.57	61407
65	47.68325	-122.329236	1	0	0	0	4.7	1380
66	47.674341	-122.322797	3	0	0	0	8.31	17540
67	47.670101	-122.324631	3	0	0	0	6.31	18584
68	47.675916	-122.326226	1	0	0	0	4.7	1380
69	47.661953	-122.323144	1	0	0	0	4.7	1380
70	47.672678	-122.324462	1	0	0	0	1.75	4608
71	47.664228	-122.328258	2	0	0	0	5.99	10715
72	47.678557	-122.324349	1	0	0	0	1.75	4608
73	47.665702	-122.323728	1	0	0	0	0.7	2640
74	47.66714	-122.323165	1	0	0	0	0.7	2640
75	47.66135	-122.324549	1	0	0	0	2.15	1080
76	47.675542	-122.324402	1	0	0	0	4.7	1380
77	47.672265	-122.325108	1	0	0	0	4.7	1380
78	47.666445	-122.326999	5	0	0	0	24.8	19056
79	47.673605	-122.326086	4	0	0	0	14.45	12268
80	47.671568	-122.327944	2	0	0	0	4.25	8586
81	47.668601	-122.323803	1	0	0	0	7.3	3640
82	47.675137	-122.326247	1	0	0	0	4.7	1380
83	47.674847	-122.322283	3	0	0	0	10.64	22458
84	47.659974	-122.325121	1	0	0	0	9.4	2760
85	47.661632	-122.32826	1	0	0	0	1.8	2520
86	47.668861	-122.322854	2	0	0	0	6.45	5988
87	47.674395	-122.327722	1	0	0	0	0.7	2640
88	47.660585	-122.324058	1	0	0	0	2.5	3978
89	47.666426	-122.324485	2	0	0	0	5.44	18882
90	47.68322	-122.328173	1	0	0	0	0.7	2640
91	47.660442	-122.3262	5	0	0	0	14.68	23961
92	47.675144	-122.326726	3	0	0	0	7.32	33038
93	47.677981	-122.324252	1	0	0	0	0.7	2640
94	47.670869	-122.327886	2	0	0	0	6.87	19344
95	47.659368	-122.326213	4	0	0	0	18.24	17963
96	47.672863	-122.327655	1	0	0	0	4.7	1380
97	47.676664	-122.323025	2	0	0	0	5.5	8840
98	47.685779	-122.326977	1	0	0	0	4.7	1380
99	47.680544	-122.321771	1	0	0	0	4.7	1380
100	47.664969	-122.323322	3	0	0	0	18.45	11008
101	47.664701	-122.326141	2	0	0	0	2.6	3816
102	47.670843	-122.323768	3	0	0	0	15.72	15318
103	47.672271	-122.325958	1	0	0	0	7.3	3640
104	47.670857	-122.32665	2	0	0	0	7.2	5358
105	47.670101	-122.327815	1	0	0	0	4.7	1380
106	47.667571	-122.322858	1	0	0	0	6.36	22880
107	47.6782	-122.322742	1	0	0	0	9.4	2760
108	47.663012	-122.328253	1	0	0	0	4.7	1380
109	47.665716	-122.326238	2	0	0	0	7.2	5358
110	47.677537	-122.324659	3	0	0	0	12.89	30108
111	47.660002	-122.326202	2	0	0	0	5.4	4020
112	47.66021	-122.325033	2	0	0	0	5.7	10596
113	47.669913	-122.322861	2	0	0	0	7.74	21104
114	47.670366	-122.322855	1	0	0	0	1.75	4608
115	47.667164	-122.326974	3	0	0	0	8.95	9966

ITEMS
Type	Length	Width	Height	Mass	Fragility	LoadBearingStrength
Bt1	10	10	10	14.15	1	0
Bt2	18	12	5	2.15	1	0
Bt3	21	14	4	1.9	1	0
Bt4	23	15	4	4.7	1	0
Bt5	20	18	7	1.8	1	0
Bt6	15	11	16	0.7	1	0
Bt7	34	10	10	1.59	1	0
Bt8	20	14	13	7.3	1	0
Bt9	17	13	18	2.5	1	0
Bt10	29	15	10	4.66	1	0
Bt11	24	12	16	1.75	1	0
Bt12	28	22	9	3.01	1	0
Bt13	31	20	10	4.8	1	0
Bt14	40	19	10	3.82	1	0
Bt15	25	19	17	5.29	1	0
Bt16	22	15	26	3.816	1	0
Bt17	28	18	18	2.75	1	0
Bt18	40	20	13	2.6	1	0
Bt19	29	24	15	4.26	1	0
Bt20	26	23	18	3.05	1	0
Bt21	29	27	15	2.11	1	0
Bt22	26	20	26	2.91	1	0
Bt23	29	24	21	6.7	1	0
Bt24	27	23	24	2.94	1	0
Bt25	39	27	16	7.63	1	0
Bt26	39	23	19	4.08	1	0
Bt27	57	15	20	3.44	1	0
Bt28	40	26	22	6.36	1	0
Bt29	41	20	29	3.42	1	0

DEMANDS PER CUSTOMER
i	Type Quantity
1	Bt13 1	
2	Bt6 2	
3	Bt9 1	
4	Bt8 1	
5	Bt4 1	
6	Bt9 1	
7	Bt6 1	Bt11 1	
8	Bt4 1	
9	Bt11 1	
10	Bt11 2	Bt6 2	Bt4 1	
11	Bt4 1	
12	Bt4 1	Bt25 1	
13	Bt4 1	
14	Bt4 1	Bt13 1	
15	Bt4 1	
16	Bt6 1	Bt4 1	
17	Bt5 1	Bt4 1	Bt2 1	
18	Bt4 3	
19	Bt6 1	Bt11 1	
20	Bt6 1	
21	Bt4 1	Bt6 2	Bt12 1	
22	Bt4 1	Bt11 1	
23	Bt4 1	
24	Bt4 2	Bt11 1	Bt17 1	
25	Bt22 1	Bt4 1	
26	Bt4 1	
27	Bt19 1	Bt12 1	Bt6 1	
28	Bt6 1	
29	Bt4 1	
30	Bt4 1	
31	Bt12 1	Bt6 1	
32	Bt11 1	
33	Bt4 2	Bt17 1	Bt6 1	
34	Bt4 1	
35	Bt15 1	Bt4 1	Bt18 1	
36	Bt4 1	
37	Bt4 1	
38	Bt11 2	Bt4 2	Bt6 1	
39	Bt6 2	
40	Bt7 1	Bt4 2	
41	Bt3 1	
42	Bt4 1	Bt9 1	Bt21 1	
43	Bt6 1	
44	Bt4 3	Bt2 1	
45	Bt11 1	Bt4 1	
46	Bt6 2	Bt11 1	Bt8 1	
47	Bt4 2	Bt6 1	
48	Bt24 1	Bt1 1	Bt4 3	Bt9 1	Bt11 2	Bt8 1	Bt6 1	
49	Bt4 1	Bt6 1	
50	Bt11 1	Bt3 1	Bt6 1	
51	Bt3 2	Bt4 5	Bt14 1	Bt6 1	Bt18 1	Bt8 1	
52	Bt8 1	Bt9 1	Bt6 1	
53	Bt6 1	
54	Bt16 1	
55	Bt4 1	Bt15 1	Bt3 1	Bt11 1	
56	Bt4 1	
57	Bt6 1	
58	Bt4 1	Bt13 1	Bt21 1	
59	Bt9 1	Bt4 1	
60	Bt17 1	
61	Bt10 1	Bt27 1	Bt11 1	
62	Bt4 1	
63	Bt4 1	
64	Bt5 1	Bt4 4	Bt23 1	Bt27 1	Bt11 1	Bt26 1	
65	Bt4 1	
66	Bt4 1	Bt6 1	Bt22 1	
67	Bt6 1	Bt12 1	Bt18 1	
68	Bt4 1	
69	Bt4 1	
70	Bt11 1	
71	Bt15 1	Bt6 1	
72	Bt11 1	
73	Bt6 1	
74	Bt6 1	
75	Bt2 1	
76	Bt4 1	
77	Bt4 1	
78	Bt13 1	Bt4 2	Bt6 2	Bt3 1	Bt8 1	
79	Bt8 1	Bt6 1	Bt11 1	Bt4 1	
80	Bt9 1	Bt11 1	
81	Bt8 1	
82	Bt4 1	
83	Bt9 1	Bt4 1	Bt27 1	
84	Bt4 2	
85	Bt5 1	
86	Bt11 1	Bt4 1	
87	Bt6 1	
88	Bt9 1	
89	Bt9 1	Bt24 1	
90	Bt6 1	
91	Bt21 1	Bt16 1	Bt4 1	Bt2 1	Bt3 1	
92	Bt6 2	Bt9 1	Bt29 1	
93	Bt6 1	
94	Bt16 1	Bt20 1	
95	Bt5 1	Bt4 2	Bt15 1	Bt11 1	
96	Bt4 1	
97	Bt13 1	Bt6 1	
98	Bt4 1	
99	Bt4 1	
100	Bt11 1	Bt4 2	Bt8 1	
101	Bt3 1	Bt6 1	
102	Bt16 1	Bt9 1	Bt4 2	
103	Bt8 1	
104	Bt4 1	Bt9 1	
105	Bt4 1	
106	Bt28 1	
107	Bt4 2	
108	Bt4 1	
109	Bt4 1	Bt9 1	
110	Bt24 1	Bt11 3	Bt4 1	
111	Bt6 1	Bt4 1	
112	Bt6 1	Bt9 2	
113	Bt13 1	Bt24 1	
114	Bt11 1	
115	Bt9 1	Bt11 1	Bt4 1	

DISTANCE MATRIX
0.0 2187.3 2236.0 2163.2 2169.5 2083.7 2188.1 2090.7 2225.4 1987.5 2168.4 2259.1 2273.2 2185.5 2290.9 2147.3 2185.2 2222.8 2186.4 2184.0 2159.7 2190.5 2193.4 2225.6 2132.8 2085.1 2224.4 2195.2 2208.5 2193.3 2195.3 2158.6 2202.5 2199.1 2149.2 2078.2 2068.3 2216.6 2174.7 2189.2 2183.3 2101.5 2084.9 2203.5 2010.0 2213.8 2252.5 2066.0 2145.6 2293.9 2271.5 2032.0 2210.5 2203.8 2157.7 2241.4 2253.3 2121.4 2143.3 2297.6 2105.7 2192.7 2193.6 2290.9 2209.9 2054.9 2229.3 2224.9 2212.8 2102.0 2261.5 2180.6 2145.9 2167.0 2215.4 2142.8 2212.1 2227.7 2186.3 2261.5 2259.5 2215.4 2289.9 2202.1 2239.5 2204.3 2252.1 2306.6 2173.7 2167.3 2049.8 2196.8 2299.2 2136.6 2253.9 2223.0 2270.7 2172.1 2076.3 1981.3 2082.8 2140.1 2252.1 2239.3 2233.1 2237.4 2236.9 2120.4 2239.7 2156.0 2191.8 2216.5 2173.5 2259.4 2271.2 2188.9
2267.4 0.0 137.7 144.3 217.8 305.5 173.0 170.0 206.9 373.3 149.5 84.9 99.0 70.9 116.7 257.3 295.2 48.6 265.7 294.0 239.0 55.9 256.6 110.2 242.8 349.9 50.2 80.6 21.2 179.4 61.0 139.7 183.6 168.9 158.7 310.0 485.5 134.5 194.3 127.9 162.2 115.9 502.1 11.3 335.3 21.6 78.3 292.0 255.6 119.7 97.3 338.3 146.0 49.5 39.6 133.3 79.1 391.4 88.9 123.4 185.0 154.5 303.6 116.7 195.8 381.9 122.6 50.7 130.8 212.0 87.3 161.7 233.8 112.6 109.6 252.8 139.0 53.5 90.7 87.3 95.9 92.3 115.7 187.0 349.5 224.9 64.7 132.4 283.7 91.7 389.0 199.4 125.0 283.1 86.2 221.6 96.5 318.6 493.5 399.2 162.1 121.2 77.9 65.1 58.9 66.8 90.8 267.6 196.7 81.6 188.1 215.1 283.5 75.7 85.2 73.5
2203.5 159.5 0.0 270.7 156.4 241.6 109.1 266.8 333.3 311.9 274.6 77.6 72.4 220.4 131.7 355.4 391.2 162.3 362.5 392.1 337.1 183.7 241.6 236.6 339.6 284.5 157.3 211.4 188.8 169.4 206.5 264.7 310.0 106.2 326.6 219.9 424.1 73.1 130.3 224.7 104.6 278.9 422.6 155.7 274.8 166.7 147.9 230.7 352.4 56.1 88.1 274.6 50.9 175.9 166.0 43.6 71.8 330.0 214.0 62.4 283.1 144.5 401.7 67.6 330.5 318.0 13.5 175.4 120.8 310.1 109.8 288.1 169.9 247.0 207.7 350.9 77.6 121.7 217.1 102.3 154.9 190.4 108.4 127.3 445.4 351.3 161.5 107.1 381.8 212.1 327.6 331.8 116.4 221.7 168.2 350.5 134.0 263.7 432.1 337.8 258.9 249.7 142.8 118.2 154.0 170.3 188.9 202.7 323.1 208.7 157.2 340.2 380.3 140.6 132.4 204.2
2244.6 183.4 308.0 0.0 388.1 475.8 343.3 157.6 66.9 506.1 139.4 255.2 269.3 181.6 287.0 161.1 172.5 218.9 88.2 130.0 80.1 186.6 426.9 221.7 146.6 520.2 220.5 191.3 204.6 349.7 191.4 121.7 102.6 339.2 89.6 480.3 655.8 304.8 364.6 185.3 332.5 110.9 672.4 199.6 463.6 209.9 248.6 462.3 109.1 290.0 267.6 428.9 316.3 199.9 153.8 303.6 249.4 561.7 139.4 293.7 88.8 324.8 131.0 287.0 55.8 552.2 292.9 221.0 301.1 115.8 257.6 126.2 404.1 163.1 211.5 77.6 309.3 223.8 177.5 257.6 255.6 211.5 286.0 357.3 151.0 80.5 248.2 302.7 106.7 163.4 559.3 55.0 295.3 453.4 250.0 77.2 266.8 488.9 663.8 532.0 129.3 103.2 248.2 235.4 229.2 233.5 233.0 437.9 89.0 163.5 358.4 70.7 137.5 255.5 267.3 188.0
2187.9 210.6 147.4 321.8 0.0 161.4 107.3 378.1 384.4 193.5 327.0 128.7 124.8 248.4 184.1 465.4 503.3 208.2 473.8 502.1 371.7 233.4 124.5 287.7 450.9 205.7 208.4 258.1 231.8 124.1 238.5 317.2 361.1 40.3 336.2 130.2 305.7 65.1 128.6 291.1 170.5 293.4 322.3 206.8 155.5 217.1 200.3 112.2 400.7 182.0 171.6 158.5 96.7 227.0 217.1 170.8 122.9 211.6 266.4 144.0 393.1 99.2 511.7 151.1 373.3 243.9 132.3 228.9 75.5 420.1 142.9 339.2 240.7 290.1 317.7 460.9 60.6 172.1 268.2 154.7 207.3 258.6 113.8 121.3 557.6 402.4 272.8 158.2 429.9 269.2 209.2 376.9 123.1 103.3 219.3 399.1 185.1 138.8 313.7 219.4 370.2 298.7 254.1 169.3 198.5 221.4 298.9 172.4 374.2 259.1 139.9 392.6 491.6 251.9 242.4 251.0
2154.6 300.9 196.8 412.1 138.8 0.0 144.9 409.7 544.4 110.7 417.3 207.4 249.0 377.7 274.4 466.3 504.2 320.9 505.4 503.0 478.7 323.7 162.7 378.0 451.8 44.3 298.7 370.0 346.1 162.6 363.8 407.5 451.4 173.9 468.2 118.2 167.0 185.9 184.2 383.3 158.1 420.5 203.5 297.1 112.5 307.4 290.6 100.2 464.6 213.4 257.3 115.5 227.5 317.3 307.4 202.2 247.1 91.0 356.7 235.8 424.7 162.0 512.6 242.9 528.9 76.3 190.1 322.5 187.6 421.0 263.7 429.5 139.7 404.3 365.0 461.8 181.4 279.0 358.5 245.0 297.6 347.7 225.9 162.9 558.5 523.3 320.1 282.4 492.7 403.7 101.2 467.2 235.2 73.3 309.6 542.0 275.4 108.8 194.9 136.6 401.8 389.0 301.4 294.4 288.8 311.7 346.2 155.5 464.5 349.4 161.1 535.5 492.5 299.2 289.7 341.3
2175.0 407.1 240.2 383.0 252.2 255.0 0.0 328.5 445.6 240.5 388.2 236.8 262.5 405.3 303.8 415.8 449.5 442.6 424.2 452.5 390.2 410.3 342.8 445.4 401.8 299.4 444.2 415.0 428.3 265.6 415.1 378.4 422.3 203.3 354.7 243.9 398.7 220.6 143.8 409.0 187.5 321.3 455.9 423.3 217.3 433.6 320.0 231.7 409.9 256.8 283.7 205.2 214.7 423.6 377.5 245.6 242.6 316.7 363.1 256.1 343.5 240.7 462.1 263.2 474.2 331.4 233.5 444.7 217.0 370.5 298.4 400.4 183.3 386.8 435.2 407.1 216.1 297.4 406.1 274.4 327.0 435.2 255.3 206.3 508.0 468.6 471.9 295.9 433.3 387.1 314.3 438.1 264.6 310.5 339.0 460.3 304.8 267.8 427.3 266.4 302.6 359.9 471.9 289.0 318.2 457.2 456.7 214.2 435.4 375.8 213.4 453.8 442.0 342.6 333.1 408.7
2225.1 206.2 329.7 194.0 410.9 498.6 366.1 0.0 134.6 486.6 207.1 278.0 292.1 204.4 309.8 87.2 123.0 241.7 95.6 123.9 68.9 209.4 449.7 244.5 72.7 541.5 243.3 214.1 227.4 372.5 214.2 188.0 170.3 362.0 58.4 434.6 644.8 327.6 387.3 208.1 362.9 120.4 675.3 222.4 442.8 232.7 271.4 485.2 85.5 312.8 290.4 410.4 339.1 222.7 176.6 326.4 272.2 581.4 162.2 314.7 14.9 347.6 133.5 309.8 133.1 575.0 315.7 232.1 323.9 41.9 280.4 193.9 426.9 185.9 234.3 82.7 332.1 246.6 206.5 280.4 278.4 234.3 308.8 384.3 177.2 144.2 271.0 325.5 113.6 186.2 579.0 146.7 318.1 476.2 272.8 165.4 289.6 518.2 683.5 512.5 109.8 170.9 271.0 258.2 258.6 256.3 255.8 417.4 156.7 155.6 409.7 156.4 113.4 278.3 290.1 211.5
2252.5 191.3 315.9 134.2 396.0 483.7 351.2 165.5 0.0 514.0 72.4 263.1 277.2 189.5 294.9 204.2 215.6 226.8 131.3 155.3 123.2 194.5 479.2 238.1 189.7 528.1 228.4 199.2 212.5 357.6 199.3 129.6 35.6 347.1 132.7 488.2 663.7 312.7 372.5 193.2 340.4 118.8 680.3 207.5 471.5 217.8 256.5 470.2 152.2 297.9 275.5 436.8 324.2 207.8 161.7 311.5 257.3 569.6 147.3 301.6 131.9 332.7 171.3 294.9 19.1 560.1 300.8 228.9 309.0 158.9 265.5 59.2 412.0 171.0 219.4 102.9 317.2 231.7 211.8 265.5 263.5 219.4 293.9 365.2 198.2 77.3 256.1 310.6 132.0 171.3 567.2 116.1 303.2 461.3 257.9 135.5 274.7 496.8 671.7 539.9 137.2 111.1 256.1 243.3 237.1 241.4 240.9 445.8 22.0 161.2 366.3 129.0 162.8 263.4 275.2 185.7
2081.5 338.5 248.4 397.1 192.4 96.1 200.5 324.6 459.3 0.0 402.3 245.0 299.2 419.4 312.0 381.2 419.1 336.1 420.3 417.9 393.6 361.3 216.3 459.5 366.7 140.5 336.3 429.1 359.7 216.2 429.2 392.5 436.4 211.5 383.1 103.6 187.6 239.5 187.1 423.1 195.7 335.4 244.5 334.7 54.5 345.0 328.2 91.4 379.5 265.0 291.9 44.4 222.9 354.9 391.6 253.8 250.8 133.8 377.2 264.3 339.6 215.6 427.5 271.4 443.8 172.5 241.7 356.8 225.2 335.9 317.3 414.5 158.3 400.9 449.3 376.7 235.0 346.5 420.2 282.6 335.2 449.3 263.5 214.5 473.4 438.2 371.7 332.6 407.6 401.2 131.4 430.7 272.8 149.0 347.2 456.9 313.0 184.5 216.2 25.8 316.7 374.0 353.0 297.2 326.4 349.3 397.8 131.1 473.6 389.9 221.6 450.4 407.4 350.8 341.3 422.8
2188.8 127.6 251.1 70.5 332.3 420.0 287.5 101.8 79.2 450.3 0.0 199.4 213.5 125.8 231.2 189.1 225.8 163.1 178.1 214.9 133.4 130.8 410.6 172.9 174.6 464.4 164.7 135.5 148.8 293.9 135.6 64.5 34.1 283.4 97.9 424.5 600.0 249.0 308.7 129.5 284.3 55.1 599.8 143.8 407.8 154.1 192.8 407.6 162.4 234.2 211.8 372.5 260.5 144.1 98.0 247.8 193.6 505.9 83.6 236.1 116.8 269.0 201.6 231.2 103.8 496.4 237.1 165.2 245.3 143.8 201.8 12.2 348.3 107.3 155.7 183.4 253.5 168.0 101.6 201.8 199.8 155.7 230.2 301.5 219.4 151.1 192.4 246.9 191.6 107.6 503.5 131.6 239.5 397.6 194.2 150.3 211.0 433.1 608.0 476.2 73.5 49.5 192.4 179.6 180.0 177.7 177.2 381.1 47.1 88.7 331.1 141.3 215.3 199.7 211.5 109.5
2182.4 93.4 84.3 204.6 111.4 220.5 88.0 232.0 267.2 247.9 209.8 0.0 25.6 131.2 66.9 319.3 357.2 91.0 327.7 356.0 254.5 116.2 171.6 170.5 304.8 264.9 91.2 140.9 114.6 94.4 121.3 200.0 243.9 62.5 219.0 196.8 372.3 59.8 109.3 173.9 77.2 176.2 388.9 89.6 222.1 99.9 83.1 178.8 283.5 118.9 104.3 212.6 77.4 109.8 99.9 107.7 5.7 278.2 149.2 80.9 247.0 69.5 365.6 88.0 256.1 296.9 69.2 111.7 45.8 274.0 94.3 222.0 148.8 172.9 180.3 314.8 55.3 60.5 151.0 37.5 90.1 141.4 30.7 102.0 411.5 285.2 158.2 59.0 312.7 152.0 275.8 259.7 40.0 169.9 102.1 281.9 67.9 205.4 380.3 273.8 224.1 181.5 120.3 52.1 81.3 104.2 182.9 182.6 257.0 141.9 103.1 275.4 345.5 146.2 142.1 133.8
2223.5 95.5 67.3 206.7 148.5 261.6 129.1 234.1 269.3 304.0 211.9 33.6 0.0 133.3 69.0 321.4 357.2 93.1 329.8 358.1 256.6 112.4 248.1 172.6 306.9 316.2 93.3 143.0 116.7 173.3 123.4 200.7 246.0 99.6 221.1 240.7 416.2 65.2 150.3 176.0 125.9 178.3 416.0 91.7 267.8 102.7 85.2 222.8 285.6 103.0 92.6 268.0 76.7 111.9 102.0 91.8 27.8 322.1 151.3 65.0 249.1 103.2 367.7 72.1 267.8 354.4 53.3 113.8 112.0 276.1 81.9 224.1 189.9 175.0 182.4 316.9 69.7 62.6 154.4 39.6 92.2 143.5 64.4 144.5 411.4 287.3 160.3 33.4 314.8 154.1 319.7 267.8 95.1 213.8 104.2 286.5 70.0 249.3 424.2 329.9 226.2 185.7 122.4 54.2 90.0 106.3 185.0 222.7 259.1 144.0 144.2 277.5 347.6 148.3 144.2 139.6
2235.8 46.8 171.4 138.4 251.5 339.2 206.7 130.8 201.0 407.0 143.6 118.6 132.7 0.0 150.4 218.1 256.0 82.3 226.5 254.8 199.8 32.0 290.3 117.5 203.6 383.6 83.9 9.6 68.0 213.1 54.8 133.8 177.7 202.6 189.3 343.7 519.2 168.2 228.0 88.7 195.9 141.6 535.8 63.0 369.0 73.3 112.0 325.7 216.4 153.4 131.0 372.0 179.7 63.3 33.7 167.0 112.8 425.1 83.0 157.1 145.8 188.2 264.4 150.4 189.9 415.6 156.3 84.4 164.5 172.8 121.0 155.8 267.5 109.7 70.4 213.6 172.7 87.2 84.8 121.0 119.0 74.9 149.4 220.7 310.3 275.1 75.8 166.1 244.5 109.1 422.7 193.5 158.7 316.8 113.4 215.7 130.2 352.3 527.2 432.9 122.9 115.3 111.6 98.8 92.6 96.9 51.6 301.3 190.8 75.7 221.8 209.2 244.3 96.7 106.2 67.6
2259.3 111.2 137.7 222.4 218.9 297.4 164.9 249.8 285.0 309.3 227.6 72.9 70.3 149.0 0.0 337.1 372.9 108.8 345.5 373.8 272.3 128.1 229.7 188.3 322.6 321.5 109.0 158.7 132.4 154.9 139.1 216.4 261.7 170.0 236.8 272.0 421.5 135.6 186.1 191.7 161.7 194.0 421.3 107.4 272.1 117.7 89.0 228.1 301.3 144.5 122.1 273.3 147.1 127.6 117.7 162.2 67.1 327.4 167.0 137.3 264.8 103.8 383.4 142.5 283.5 373.8 123.7 129.5 93.6 291.8 112.1 239.8 225.7 190.7 198.1 332.6 132.2 78.3 170.1 25.9 82.4 159.2 85.4 178.9 427.1 303.0 176.0 41.0 330.5 169.8 325.0 283.5 76.7 219.1 99.9 302.2 60.7 261.1 429.5 335.2 241.9 201.4 138.1 69.9 105.7 115.1 200.7 258.5 274.8 160.4 194.3 293.2 363.3 164.0 159.9 155.3
2208.8 243.3 367.9 251.2 448.0 442.9 403.2 204.2 167.2 470.3 235.4 315.1 329.2 241.5 346.9 0.0 91.7 278.8 132.7 36.6 86.1 246.5 486.8 281.6 100.0 559.2 280.4 251.2 264.5 409.6 251.3 246.6 198.6 399.1 125.1 431.8 628.5 364.7 331.7 245.2 392.4 157.5 675.8 259.5 427.8 269.8 308.5 419.6 58.5 349.9 327.5 393.1 376.2 259.8 213.7 363.5 309.3 565.1 199.3 353.6 142.3 384.7 46.2 346.9 138.2 519.3 352.8 280.9 361.0 107.8 317.5 222.2 371.2 223.0 271.4 73.4 369.2 283.7 242.3 317.5 315.5 271.4 345.9 417.2 96.9 149.6 308.1 362.6 26.3 223.3 562.7 151.6 355.2 513.3 309.9 75.6 326.7 548.8 667.2 496.2 175.9 228.1 308.1 295.3 289.1 293.4 292.9 402.1 185.0 212.0 418.3 69.1 26.1 315.4 327.2 244.9
2199.4 151.5 275.0 157.3 356.2 443.9 311.4 112.4 97.9 460.9 170.4 223.3 237.4 149.7 257.2 131.8 0.0 187.0 40.9 132.3 50.8 136.1 395.0 189.8 117.3 486.8 188.6 161.5 172.7 317.8 159.5 151.3 133.6 307.3 60.3 422.2 623.9 272.9 332.6 153.4 310.3 65.7 625.8 167.7 417.1 178.7 218.8 430.5 79.8 258.1 235.7 385.2 284.4 168.0 121.9 273.8 217.5 529.8 107.5 260.0 59.5 292.9 159.9 255.1 96.4 520.3 261.0 177.4 269.2 86.5 225.7 157.2 372.2 131.2 179.6 100.8 277.4 191.9 153.9 225.7 225.8 179.6 254.1 329.6 190.4 129.5 216.3 270.8 109.0 125.5 527.4 110.0 265.5 421.5 218.1 128.7 234.9 463.5 631.9 486.8 84.1 136.3 216.3 203.5 203.9 201.6 201.1 405.0 120.0 100.9 359.5 121.8 139.8 225.7 235.4 157.4
2258.5 62.1 128.8 173.3 208.9 296.6 164.1 204.1 235.9 364.4 178.5 76.0 90.1 99.9 107.8 291.4 329.3 0.0 299.8 328.1 273.1 89.9 247.7 139.2 276.9 339.5 59.9 109.6 83.3 170.5 90.0 168.7 212.6 160.0 187.7 274.9 476.6 125.6 185.3 162.0 160.9 144.9 476.4 58.3 328.2 68.6 69.4 283.2 289.7 110.8 88.4 328.4 137.1 78.5 68.6 124.4 70.2 382.5 117.9 112.7 219.1 145.6 337.7 107.8 234.4 373.0 113.7 69.7 121.9 246.1 78.4 190.7 224.9 141.6 143.7 286.9 130.1 44.6 121.0 78.4 85.4 126.4 106.8 178.1 381.4 253.9 98.8 123.5 317.8 120.7 380.1 234.4 116.1 274.2 52.8 253.1 87.6 316.2 484.6 390.3 196.2 152.3 29.3 56.2 32.0 72.9 124.9 257.7 225.7 110.6 193.5 244.1 317.6 77.9 68.4 106.2
2158.4 110.5 234.0 86.4 315.2 402.9 270.4 71.4 186.7 419.9 91.6 182.3 196.4 108.7 214.1 158.7 193.3 146.0 0.0 184.5 103.0 107.8 354.0 148.8 144.7 445.8 147.6 118.4 131.7 276.8 118.5 80.4 125.7 266.3 67.5 422.8 582.9 231.9 291.6 112.4 267.2 24.7 582.7 126.7 376.1 137.0 175.7 389.4 132.0 217.1 194.7 343.7 243.4 127.0 80.9 230.7 176.5 488.8 66.5 219.0 86.4 251.9 205.0 214.1 185.2 479.3 220.0 136.4 228.2 113.4 184.7 103.8 331.2 90.2 138.6 153.0 236.4 150.9 110.8 184.7 182.7 138.6 213.1 288.6 242.6 214.5 175.3 229.8 161.2 90.5 486.4 198.8 222.4 380.5 177.1 217.5 193.9 416.0 590.9 445.8 43.1 65.4 175.3 162.5 162.9 160.6 160.1 364.0 208.8 59.9 299.8 208.5 184.9 182.6 194.4 112.1
2208.8 261.3 384.8 269.2 466.0 442.9 421.2 204.8 185.2 470.3 253.4 333.1 347.2 259.5 364.9 114.5 107.6 296.8 150.7 0.0 86.1 264.5 504.8 299.6 100.0 560.3 298.4 269.2 282.5 427.6 269.3 264.6 216.6 417.1 125.1 418.3 628.5 382.7 331.6 263.2 418.0 175.5 659.0 277.5 426.5 288.5 326.5 418.5 58.5 367.9 345.5 393.1 394.2 277.8 231.7 381.5 327.3 565.1 217.3 369.8 142.3 402.7 64.2 364.9 146.0 519.3 370.8 288.2 379.0 107.8 335.5 240.2 371.2 241.0 289.4 91.4 387.2 301.7 261.6 335.5 333.5 289.4 363.9 435.2 58.0 167.6 326.1 380.6 26.3 241.3 562.7 175.6 373.2 531.3 327.9 96.1 344.7 462.2 667.2 496.2 176.5 248.2 326.1 313.3 313.7 311.4 310.9 401.1 203.0 210.7 450.6 87.1 44.1 333.4 345.2 266.6
2205.6 187.1 311.7 192.5 391.8 479.5 347.0 118.6 133.1 467.1 197.2 258.9 273.0 185.3 290.7 128.4 92.3 222.6 94.1 81.4 0.0 190.3 430.6 225.4 113.9 523.9 224.2 195.0 208.3 353.4 195.1 187.9 160.4 342.9 38.9 484.0 625.3 308.5 368.3 189.0 336.2 118.9 672.6 203.3 424.6 213.6 252.3 466.0 28.9 293.7 271.3 389.9 320.0 203.6 157.5 307.3 253.1 561.9 143.1 297.4 56.1 328.5 109.0 290.7 117.0 555.9 296.6 224.7 304.8 55.9 261.3 184.0 407.8 166.8 215.2 49.9 313.0 227.5 186.1 261.3 259.3 215.2 289.7 361.0 141.7 111.4 251.9 306.4 58.1 167.1 559.5 103.9 299.0 457.1 253.7 138.4 270.5 492.6 664.0 493.0 90.3 169.4 251.9 239.1 232.9 237.2 236.7 398.9 146.8 155.8 362.1 131.9 88.9 259.2 271.0 188.7
2230.2 53.3 176.8 124.9 258.0 345.7 213.2 168.6 187.5 413.5 130.1 125.1 121.8 33.5 169.9 251.7 287.5 88.8 260.1 288.4 174.8 0.0 344.5 85.4 217.2 388.6 114.4 43.2 74.5 219.6 61.3 118.9 164.2 209.1 139.3 324.0 525.7 174.7 229.5 89.3 192.6 96.5 520.6 69.5 376.4 90.4 132.1 332.3 198.9 155.0 132.6 360.1 168.8 83.2 20.2 168.6 119.3 431.6 64.6 161.8 179.4 177.3 298.0 156.9 186.0 422.1 145.4 79.2 171.0 206.4 127.5 144.9 274.0 93.2 104.0 247.2 179.2 93.7 67.7 131.7 136.4 81.4 155.9 231.4 341.7 205.5 104.5 190.5 233.0 66.3 429.2 188.6 160.3 323.3 120.8 199.8 160.0 365.3 533.7 439.4 160.7 103.9 100.7 105.3 105.7 101.4 85.2 306.8 177.3 62.9 261.3 195.7 273.0 130.3 139.8 58.4
2199.0 220.6 220.0 331.8 91.7 203.0 186.0 359.2 394.4 204.6 337.0 127.1 152.8 258.4 186.2 446.5 482.3 218.2 454.9 483.2 381.7 248.4 0.0 297.7 432.5 216.8 218.4 268.1 241.8 77.9 248.5 325.8 371.1 114.0 346.2 156.7 316.8 138.8 190.7 301.1 172.6 303.4 316.6 216.8 168.4 227.1 210.3 123.4 410.7 254.5 245.3 168.6 158.9 237.0 227.1 243.3 132.9 222.7 276.4 217.7 374.2 77.3 492.8 224.8 392.9 255.0 206.0 227.2 100.1 401.2 216.6 349.2 251.8 300.1 307.5 442.0 134.3 245.8 279.5 164.7 217.3 268.6 145.6 208.2 536.5 412.4 285.4 170.4 439.9 273.2 220.3 392.9 154.9 114.4 229.3 411.6 195.1 156.4 324.8 230.5 351.3 308.7 247.5 179.3 208.5 231.4 310.1 184.5 384.2 269.8 134.1 402.6 472.7 325.6 316.1 264.7
2263.1 105.4 230.0 157.8 310.1 397.8 265.3 198.2 220.4 465.6 163.0 177.2 191.3 102.5 191.4 285.5 323.4 140.9 293.9 322.2 207.7 68.9 326.6 0.0 271.0 442.2 130.9 112.2 126.6 320.9 113.4 153.2 197.1 261.2 172.2 402.3 577.8 226.8 286.6 127.1 254.5 129.4 594.4 111.0 427.6 100.7 153.6 384.3 236.7 212.0 189.6 430.6 238.3 99.7 89.2 225.6 171.4 483.7 102.4 215.7 213.2 246.8 331.8 209.0 209.3 474.2 214.9 143.0 259.6 240.2 179.6 175.2 326.1 126.1 115.5 281.0 231.3 145.8 104.2 179.6 147.0 133.5 208.0 279.3 377.7 238.4 172.4 207.0 265.9 105.2 481.3 212.9 242.7 375.4 137.3 235.1 176.5 410.9 585.8 491.5 190.3 134.7 170.2 157.4 165.1 117.9 146.3 359.9 210.2 95.1 280.4 228.6 311.7 177.5 202.8 34.8
2254.7 289.9 412.7 297.8 493.9 488.8 449.8 250.8 213.1 516.9 281.3 361.7 375.1 288.1 392.8 45.8 136.2 324.7 178.6 82.5 132.0 292.4 532.7 328.2 0.0 606.2 326.3 297.8 310.4 456.2 297.9 291.1 244.5 445.7 171.7 464.9 674.4 410.6 377.5 291.1 445.9 203.4 704.9 305.4 471.0 316.4 355.1 464.4 104.4 395.8 373.4 439.1 422.1 305.7 259.6 409.4 355.2 611.0 245.2 400.2 188.2 430.6 92.8 392.8 174.6 565.2 398.7 326.8 406.9 153.7 363.4 268.8 417.8 268.9 317.3 120.0 415.1 329.6 290.2 363.4 361.4 317.3 392.5 463.1 136.5 195.5 354.7 408.5 72.9 269.2 608.6 204.2 401.8 559.2 355.8 124.0 372.6 601.2 713.8 542.8 221.8 274.7 354.7 341.2 335.0 339.3 338.8 448.7 230.9 257.9 492.8 115.0 72.7 361.3 373.1 290.8
2111.6 385.8 255.2 460.0 193.2 88.6 204.4 387.5 522.2 136.5 465.2 303.9 300.0 423.6 325.3 444.1 479.9 379.3 483.2 480.8 456.5 410.0 217.1 462.9 431.1 0.0 383.6 428.4 405.6 217.0 413.7 454.0 499.3 217.0 446.0 178.0 122.6 240.3 280.5 441.7 237.1 398.3 141.9 382.0 135.8 393.0 375.5 134.1 442.4 272.9 315.7 137.9 285.9 402.2 392.3 260.6 298.1 48.0 440.1 321.1 402.5 216.4 490.4 326.3 496.5 76.5 248.5 392.2 239.2 398.8 318.1 477.4 251.8 463.8 424.5 439.6 235.8 347.3 465.7 329.9 384.0 407.2 284.7 226.6 534.1 501.1 378.5 333.4 470.5 458.1 45.6 499.6 294.0 132.8 394.5 522.3 360.3 174.8 151.2 162.4 379.6 439.0 359.8 344.5 380.3 396.6 405.7 195.2 536.5 433.5 176.4 513.3 470.3 357.6 349.2 430.5
2285.8 50.8 156.1 162.0 236.2 323.9 191.4 189.4 224.6 391.7 167.2 103.3 117.4 88.6 107.1 276.7 314.6 67.0 285.1 313.4 211.9 73.6 299.6 127.9 262.7 368.3 0.0 98.3 72.0 236.6 78.7 157.4 201.3 187.3 176.4 328.4 503.9 152.9 212.7 131.3 180.6 133.6 520.5 47.0 353.7 57.3 69.3 310.4 240.9 138.1 115.7 356.7 164.4 67.2 57.3 151.7 97.5 409.8 106.6 141.8 204.4 185.5 323.0 135.1 213.5 400.3 141.0 51.1 175.3 231.4 105.7 179.4 252.2 130.3 151.4 272.2 157.4 71.9 108.4 133.0 62.7 98.8 134.1 205.4 368.9 242.6 106.5 122.7 270.1 109.4 407.4 217.1 158.4 301.5 53.0 239.3 92.2 337.0 511.9 417.6 181.5 138.9 96.3 108.6 80.8 12.9 132.6 286.0 214.4 99.3 206.5 232.8 302.9 85.6 97.4 91.2
2226.1 54.5 178.0 146.1 259.2 346.9 214.4 121.1 255.8 414.7 151.3 126.3 140.4 7.7 158.1 208.4 244.2 90.0 216.8 245.1 190.1 33.8 298.0 125.2 193.9 389.8 91.6 0.0 75.7 220.8 62.5 140.1 185.4 210.3 179.6 325.2 526.9 175.9 235.6 79.0 211.2 131.9 526.7 70.7 376.7 81.7 119.7 333.5 206.7 161.1 138.7 379.7 187.4 71.0 41.4 174.7 120.5 432.8 90.7 163.0 136.1 195.9 254.7 158.1 254.3 423.3 164.0 80.4 172.2 163.1 128.7 163.5 275.2 100.0 60.7 203.9 180.4 94.9 93.8 128.7 126.7 82.6 157.1 232.6 298.4 265.4 66.1 173.8 234.8 105.0 430.4 207.2 166.4 324.5 121.1 225.9 137.9 360.0 534.9 440.6 113.2 123.0 119.3 106.5 106.9 104.6 41.9 308.0 198.5 83.4 258.0 216.9 234.6 87.0 96.5 75.3
2290.2 22.8 160.5 167.1 240.6 328.3 195.8 148.8 283.5 396.1 172.3 107.7 121.8 101.1 139.5 236.1 274.0 71.4 244.5 272.8 217.8 78.7 279.4 133.0 221.6 372.7 73.0 93.4 0.0 202.2 87.2 162.5 206.4 191.7 207.3 332.8 508.3 157.3 217.1 106.7 185.0 159.6 524.9 34.1 358.1 44.4 101.1 314.8 234.4 133.3 120.1 361.1 168.8 72.3 62.4 146.9 101.9 414.2 111.7 146.2 163.8 177.3 282.4 139.5 272.4 404.7 145.4 73.5 153.6 190.8 110.1 184.5 256.6 127.7 88.4 231.6 161.8 76.3 113.5 110.1 118.7 71.1 138.5 209.8 328.3 293.1 43.5 155.2 262.5 127.1 411.8 222.2 147.8 305.9 109.0 244.4 119.3 341.4 516.3 422.0 140.9 144.0 100.7 87.9 81.7 89.6 69.6 290.4 219.5 104.4 210.9 237.9 262.3 54.5 64.0 96.3
2189.7 190.8 211.8 302.0 82.4 193.7 176.7 329.4 364.6 195.3 307.2 97.3 123.0 228.6 143.0 416.7 454.6 188.4 425.1 453.4 351.9 213.6 88.7 267.9 402.7 207.5 188.6 238.3 212.0 0.0 218.7 297.4 341.3 104.7 316.4 132.0 307.5 129.5 161.0 271.3 172.3 273.6 324.1 187.0 157.3 197.3 180.5 114.0 380.9 245.2 236.0 160.3 129.1 207.2 197.3 234.0 103.1 213.4 246.6 208.4 344.4 34.1 463.0 215.5 353.5 245.7 196.7 209.1 86.8 371.4 207.3 319.4 242.5 270.3 277.7 412.2 125.0 157.9 248.4 134.9 180.0 238.8 115.8 194.7 508.9 382.6 255.6 127.2 410.1 249.4 211.0 357.1 125.1 105.1 197.5 379.3 158.3 140.6 315.5 221.2 321.5 278.9 217.7 149.5 178.7 201.6 280.3 174.2 354.4 239.3 141.7 372.8 442.9 243.6 239.5 231.2
2290.9 36.6 161.2 147.9 241.3 329.0 196.5 145.3 210.5 396.8 153.1 108.4 122.5 97.6 140.2 232.6 270.5 72.1 241.0 269.3 214.3 59.5 280.1 113.8 218.1 373.4 73.7 89.9 57.8 202.9 0.0 143.3 187.2 192.4 203.8 333.5 509.0 158.0 217.8 103.2 185.7 156.1 525.6 52.8 358.8 63.1 101.8 315.5 230.9 143.2 120.8 361.8 169.5 35.1 43.2 156.8 102.6 414.9 92.5 146.9 160.3 178.0 278.9 140.2 199.4 405.4 146.1 74.2 154.3 187.3 110.8 165.3 257.3 124.2 84.9 228.1 162.5 77.0 94.3 110.8 108.8 20.1 139.2 210.5 324.8 228.5 61.9 155.9 259.0 123.6 412.5 203.0 148.5 306.6 103.2 225.2 120.0 342.1 517.0 422.7 137.4 124.8 101.4 88.6 82.4 86.7 66.1 291.1 200.3 85.2 211.6 218.7 258.8 82.8 92.3 77.1
2249.2 188.0 311.5 4.5 392.7 480.4 347.9 162.2 71.5 510.7 144.0 259.8 273.9 186.2 291.6 165.7 175.0 224.9 94.2 136.0 84.7 172.6 432.9 226.3 151.2 523.3 225.1 195.9 209.2 354.3 196.0 0.0 107.2 345.2 94.2 458.7 660.4 309.4 369.1 189.9 344.7 115.5 660.2 204.2 466.9 215.2 253.2 467.0 113.7 296.0 272.2 434.3 320.9 204.5 158.4 308.2 254.0 566.3 144.0 296.5 93.4 329.4 135.6 291.6 70.0 556.8 297.5 213.9 305.7 120.4 262.2 130.8 408.7 167.7 216.1 82.2 313.9 228.4 181.0 262.2 260.2 216.1 290.6 363.3 153.4 85.1 252.8 307.3 111.3 162.0 563.9 65.6 299.9 458.0 256.0 84.3 271.4 500.0 668.4 536.6 133.9 109.9 252.8 240.0 240.4 238.1 237.6 441.5 93.6 137.4 396.0 75.3 142.1 260.1 271.9 188.9
2225.6 164.4 289.0 107.3 369.1 456.8 324.3 138.6 45.1 487.1 36.7 236.2 250.3 162.6 268.0 225.9 260.8 199.9 176.5 200.5 168.4 167.6 447.4 209.7 211.9 501.2 201.5 172.3 185.6 330.7 172.4 102.7 0.0 320.2 134.7 461.3 636.8 285.8 345.6 166.3 313.5 91.9 653.4 180.6 444.6 190.9 229.6 443.3 197.4 271.0 248.6 409.9 297.3 180.9 134.8 284.6 230.4 542.7 120.4 274.7 153.6 305.8 216.5 268.0 64.3 533.2 273.9 202.0 282.1 180.6 238.6 23.5 385.1 144.1 192.5 148.1 290.3 204.8 139.5 238.6 236.6 192.5 267.0 338.3 243.4 122.5 229.2 283.7 177.2 144.4 540.3 161.3 276.3 434.4 231.0 180.7 247.8 469.9 644.8 513.0 110.3 84.2 229.2 216.4 210.2 214.5 214.0 418.9 13.0 125.5 339.4 174.2 252.1 236.5 248.3 150.0
2198.7 170.2 105.9 281.4 48.8 172.2 66.9 337.7 344.0 204.3 286.6 88.3 84.4 208.0 143.7 425.0 460.8 167.8 433.4 461.7 331.3 193.0 160.9 247.3 410.5 216.5 168.0 217.7 191.4 83.7 198.1 275.4 320.7 0.0 295.8 156.4 316.5 24.7 88.1 250.7 63.7 253.0 316.3 166.4 168.1 176.7 159.9 123.1 360.3 141.6 131.2 168.3 56.3 186.6 176.7 130.4 82.5 222.4 226.0 105.5 352.7 58.8 471.3 110.7 342.5 254.7 91.9 176.8 35.1 379.7 102.5 298.8 127.7 249.7 277.3 420.5 20.2 131.7 229.1 114.3 166.9 218.2 73.4 80.9 515.0 362.0 232.4 117.8 389.5 228.8 220.0 342.5 82.7 114.1 178.9 361.2 144.7 156.1 324.5 230.2 329.8 258.3 213.7 128.9 164.7 181.0 258.5 184.2 333.8 218.7 133.8 352.2 451.2 211.5 202.0 210.6
2166.6 148.1 272.7 178.5 352.8 440.5 308.0 79.6 119.1 428.1 191.6 219.9 234.0 146.3 251.7 134.4 127.8 183.6 80.1 116.9 35.4 151.3 391.6 186.4 120.4 484.9 185.2 156.0 169.3 314.4 156.1 173.9 154.8 303.9 0.0 445.0 586.3 269.5 329.3 150.0 297.2 104.9 633.6 164.3 385.6 174.6 213.3 427.0 64.4 254.7 232.3 350.9 281.0 164.6 118.5 268.3 214.1 522.9 104.1 258.4 62.1 289.5 144.5 251.7 108.0 516.9 257.6 185.7 265.8 91.4 222.3 178.4 368.8 127.8 176.2 85.4 274.0 188.5 147.1 222.3 220.3 176.2 250.7 322.0 177.2 146.9 212.9 267.4 93.6 128.1 520.5 125.2 260.0 418.1 214.7 147.4 231.5 453.6 625.0 454.0 51.3 155.4 212.9 200.1 193.9 198.2 197.7 359.9 141.2 116.8 323.1 140.9 124.4 220.2 232.0 149.7
2128.1 322.4 209.4 433.6 158.9 121.4 157.5 416.6 540.7 110.8 430.1 228.9 265.7 360.2 295.9 462.6 500.5 322.9 512.3 483.9 475.0 351.9 193.4 399.5 448.1 165.8 320.2 361.2 348.1 182.7 350.3 435.7 472.9 202.1 464.5 0.0 273.2 206.0 162.2 385.3 193.9 416.8 257.6 318.6 87.6 335.6 303.4 43.7 460.9 240.2 259.3 59.5 198.1 338.8 328.9 204.2 234.7 179.1 384.9 248.4 421.0 192.7 508.9 246.6 515.0 197.8 216.9 333.8 209.1 417.3 283.8 457.7 95.0 406.3 377.6 458.1 201.5 291.6 388.0 257.8 325.8 360.3 247.4 176.9 554.8 519.6 346.9 284.4 489.0 387.7 176.7 518.1 256.7 111.4 337.8 551.4 296.9 121.4 281.2 136.7 398.1 417.2 328.2 281.1 317.0 333.2 358.8 26.7 539.6 377.6 152.7 531.8 488.8 301.2 302.3 366.5
2045.1 474.2 376.8 450.1 304.9 200.3 324.9 377.6 512.3 199.6 455.3 395.2 411.7 472.4 462.2 434.2 472.1 509.7 473.3 470.9 446.6 477.4 328.8 512.5 419.7 120.4 511.3 482.1 495.4 328.7 482.2 445.5 489.4 327.2 436.1 253.8 0.0 352.0 337.3 476.1 345.9 388.4 73.2 490.4 209.6 500.7 478.4 241.6 432.5 393.4 437.3 194.6 373.1 490.7 444.6 382.2 409.8 125.9 430.2 414.5 392.6 328.1 480.5 421.6 496.8 106.3 370.1 511.8 375.4 388.9 429.8 467.5 308.5 453.9 502.3 429.7 347.5 459.0 473.2 432.8 485.4 502.3 413.7 342.9 526.4 491.2 539.0 445.1 460.6 454.2 123.5 483.7 423.0 253.3 497.4 509.9 463.2 288.8 44.6 225.5 369.7 427.0 481.4 447.4 476.6 524.3 523.8 281.3 526.6 442.9 327.2 503.4 460.4 479.2 469.7 475.8
2158.2 145.4 82.2 256.6 83.2 196.3 63.8 312.9 319.2 238.7 261.8 63.5 59.6 183.2 118.9 400.2 438.1 143.0 408.6 436.9 306.5 168.2 169.7 222.5 385.7 250.9 143.2 192.9 166.6 100.6 173.3 252.0 295.9 34.3 271.0 175.4 350.9 0.0 85.1 225.9 53.0 228.2 367.5 141.6 200.7 151.9 135.1 157.4 335.5 116.8 106.4 203.7 53.2 161.8 151.9 105.6 57.7 256.8 201.2 78.8 327.9 75.7 446.5 85.9 308.1 289.1 67.1 163.7 52.0 354.9 77.7 274.0 124.6 224.9 252.5 395.7 4.5 106.9 203.0 89.5 142.1 193.4 94.3 77.8 492.4 337.2 207.6 93.0 364.7 204.0 254.4 311.7 103.6 148.5 154.1 333.9 119.9 184.0 358.9 264.6 305.0 233.5 188.9 104.1 133.3 156.2 233.7 158.4 309.0 193.9 78.9 327.4 426.4 186.7 177.2 185.8
2149.2 318.5 170.8 429.7 152.7 111.2 120.0 452.6 492.3 154.8 434.9 225.0 250.7 356.3 292.0 509.2 545.0 316.1 548.3 545.9 521.6 346.3 176.6 395.6 494.7 154.1 316.3 366.0 339.7 176.5 346.4 423.7 469.0 191.5 511.1 89.5 267.0 208.8 0.0 358.4 183.3 463.4 266.8 314.7 117.6 325.0 308.2 69.5 507.5 188.5 271.9 119.8 202.9 334.9 325.0 177.3 230.8 172.9 374.3 246.2 467.6 228.9 555.5 251.4 562.6 187.6 165.2 326.1 205.2 463.9 286.6 447.1 39.5 398.0 340.1 504.7 204.3 254.1 377.4 262.6 315.2 322.8 243.5 138.0 599.2 566.2 295.2 284.1 535.6 377.1 170.5 490.8 252.8 132.2 327.2 509.5 293.0 90.4 275.0 180.7 444.7 408.7 276.5 277.2 306.4 329.3 321.3 72.3 482.1 367.0 141.2 500.5 535.4 274.3 264.8 358.9
2173.5 90.6 214.1 141.0 295.3 383.0 250.5 68.5 203.2 450.8 146.2 162.4 176.5 88.8 194.2 155.8 193.7 126.1 164.2 192.5 137.5 98.8 334.1 128.9 141.8 425.9 127.7 93.3 111.8 256.9 98.6 136.4 180.3 246.4 127.0 361.3 563.0 212.0 271.7 0.0 247.3 79.3 562.8 106.8 412.8 117.8 155.8 369.5 154.1 173.4 174.8 416.4 223.5 107.1 61.0 187.0 156.6 468.9 72.7 200.9 83.5 232.0 202.1 194.2 201.7 459.4 200.1 128.2 208.3 110.5 164.8 158.4 311.3 47.4 59.1 151.3 216.5 131.0 72.9 164.8 162.8 99.4 193.2 264.5 248.0 212.8 73.7 209.9 182.2 26.0 466.5 215.3 202.5 360.6 157.2 234.0 174.0 402.6 571.0 476.7 60.6 120.0 144.9 142.6 136.4 140.7 47.6 344.1 225.3 92.8 294.1 225.0 182.0 94.6 104.1 96.5
2199.9 172.6 107.4 283.8 94.5 203.9 60.6 311.2 346.4 205.5 289.0 79.1 104.8 210.4 146.1 398.5 434.3 170.2 406.9 435.2 333.7 195.4 185.1 249.7 384.5 217.7 170.4 220.1 193.8 107.9 200.5 277.8 323.1 45.6 298.2 168.2 317.7 62.9 81.8 253.1 0.0 255.4 317.5 168.8 167.5 179.1 162.3 124.3 362.7 125.1 126.0 169.5 57.0 189.0 179.1 113.9 84.9 223.6 228.4 98.4 326.2 83.0 444.8 105.5 344.9 255.9 101.8 179.2 59.3 353.2 140.7 301.2 121.4 252.1 273.8 394.0 58.4 139.7 231.5 116.7 169.3 220.6 97.6 74.6 488.5 364.4 228.9 138.2 391.9 225.2 221.2 344.9 106.9 115.3 181.3 363.6 147.1 150.8 325.7 231.4 303.3 260.7 210.2 131.3 160.5 183.4 255.0 185.4 336.2 221.8 32.6 354.6 424.7 208.0 198.5 213.0
2133.6 85.7 210.3 61.6 290.4 378.1 245.6 46.6 161.9 395.1 66.8 157.5 171.6 83.9 189.3 133.9 170.6 121.2 122.9 159.7 78.2 88.9 329.2 124.0 119.4 422.5 122.8 93.6 106.9 252.0 93.7 57.0 100.9 241.5 42.7 382.6 558.1 207.1 266.9 87.6 234.8 0.0 574.7 101.9 352.6 112.2 150.9 364.6 107.2 192.3 169.9 317.9 218.6 102.2 56.1 205.9 151.7 464.0 41.7 196.0 61.6 227.1 180.2 189.3 150.8 454.5 195.2 123.3 203.4 88.6 159.9 79.0 306.4 65.4 113.8 128.2 211.6 126.1 84.7 159.9 157.9 113.8 188.3 259.6 220.0 142.2 150.5 205.0 136.4 65.7 461.6 116.7 197.6 355.7 152.3 138.9 169.1 391.2 566.1 421.0 18.3 38.5 150.5 137.7 131.5 135.8 135.3 340.2 114.0 54.4 260.7 132.4 160.1 157.8 169.6 87.3
2041.1 470.2 390.3 446.1 324.1 219.5 339.5 373.6 508.3 214.2 451.3 409.8 430.9 468.4 476.8 430.2 466.0 505.7 469.3 466.9 442.6 454.8 348.0 508.5 416.2 136.1 507.3 478.1 491.4 347.9 478.2 440.1 485.4 376.3 432.1 294.4 50.6 371.2 351.8 472.1 368.1 384.4 0.0 486.4 224.2 496.7 493.0 256.2 428.5 408.0 451.9 208.2 387.7 486.7 440.6 396.8 429.0 158.9 426.2 429.1 388.6 347.3 476.5 436.2 482.6 120.3 384.7 496.1 390.0 384.9 449.0 463.5 323.1 449.9 498.3 425.7 366.7 478.2 470.5 447.4 500.0 498.3 428.3 357.5 520.2 487.2 535.0 464.3 456.6 450.2 115.2 485.7 437.6 267.9 536.8 508.4 477.8 309.9 40.6 240.1 365.7 425.1 535.0 462.0 522.6 520.3 519.8 294.9 522.6 419.6 312.7 499.4 456.4 493.8 484.3 471.8
2245.7 11.2 153.8 140.4 233.9 321.6 189.1 181.3 203.0 389.4 145.6 101.0 115.1 67.0 128.9 268.6 306.5 64.7 277.0 305.3 190.3 52.0 301.1 106.3 254.6 366.0 68.4 76.7 32.4 258.4 57.1 135.8 179.7 185.0 154.8 326.1 501.6 150.6 210.4 109.7 178.3 112.0 518.2 0.0 351.4 10.2 91.1 308.1 219.3 135.8 113.4 354.4 162.1 45.6 35.7 149.4 95.2 407.5 85.0 139.5 196.3 170.6 314.9 132.8 191.9 398.0 138.7 66.8 197.1 223.3 103.4 157.8 249.9 108.7 120.9 264.1 155.1 69.6 86.8 103.4 84.5 77.2 131.8 203.1 360.8 221.0 76.0 144.5 248.5 87.8 405.1 195.5 141.1 299.2 74.8 217.7 114.0 334.7 509.6 415.3 173.4 117.3 94.0 81.2 102.6 55.4 102.1 283.7 192.8 77.7 204.2 211.2 294.8 87.0 96.5 69.6
2032.3 318.3 227.1 410.1 159.4 108.1 180.3 337.6 472.3 42.4 416.5 224.8 267.5 356.1 293.1 394.2 430.0 317.2 433.3 432.1 406.6 343.8 184.5 395.4 382.4 132.4 316.1 368.5 339.5 183.2 346.2 406.8 449.4 192.5 396.1 109.4 200.6 206.5 168.1 436.1 183.1 348.4 231.1 314.5 0.0 325.5 308.0 72.4 392.5 246.1 271.7 24.8 202.7 334.7 324.8 233.6 230.6 137.2 392.9 246.0 352.6 185.3 440.5 251.2 446.6 169.5 224.2 324.9 205.0 348.9 284.3 428.8 138.1 413.9 396.4 389.7 202.0 313.5 377.2 262.4 315.0 379.1 243.3 197.0 484.2 451.2 352.7 299.6 420.6 408.2 134.8 450.9 255.3 111.9 328.2 473.7 292.8 153.9 239.3 68.3 329.7 389.1 332.8 277.0 312.8 329.1 377.6 109.9 486.6 383.6 149.2 464.6 421.7 331.9 321.1 363.0
2256.0 21.5 163.0 150.7 244.2 331.9 199.4 192.3 213.3 399.7 155.9 111.3 125.4 77.3 117.9 278.9 314.7 75.7 288.0 315.6 200.6 63.7 290.8 116.6 264.9 374.8 58.1 87.7 42.7 248.1 67.4 144.7 190.0 195.3 165.1 310.2 511.9 160.9 221.3 120.0 196.9 122.3 512.4 10.2 362.6 0.0 80.8 318.5 229.6 146.1 123.7 364.4 172.4 55.9 46.0 160.4 105.5 417.8 96.0 148.0 206.6 196.3 325.2 143.1 211.8 408.3 149.0 65.4 186.8 233.6 113.7 168.1 260.2 119.0 131.2 274.4 165.4 79.9 98.4 113.7 73.5 87.5 142.1 217.6 368.9 231.3 86.3 134.2 258.8 92.1 415.4 211.8 169.9 309.5 64.5 230.5 103.7 351.5 519.9 425.6 183.7 129.7 104.3 120.1 83.4 45.1 112.4 293.0 203.1 88.7 247.5 221.5 305.1 97.3 106.8 84.2
2275.2 76.4 145.5 187.6 225.6 313.3 180.8 215.0 250.2 381.1 192.8 92.7 113.5 114.2 68.6 302.3 338.1 74.0 310.7 339.0 237.5 99.2 272.9 153.5 288.3 356.2 74.2 123.9 97.6 198.1 104.3 181.6 226.9 176.7 202.0 291.6 493.3 142.3 202.0 156.9 177.6 159.2 493.1 72.6 344.9 83.6 0.0 299.8 266.5 127.5 105.1 345.1 153.8 92.8 82.9 141.1 86.9 399.2 132.2 129.4 230.0 147.0 348.6 124.5 248.7 389.7 130.4 84.0 136.8 257.0 95.1 205.0 241.6 155.9 163.3 297.8 146.8 61.3 135.3 94.5 6.9 124.4 128.6 194.8 392.3 268.2 147.2 84.2 295.7 129.0 396.8 248.5 119.9 290.9 61.7 267.4 53.7 326.4 501.3 407.0 207.1 164.5 103.3 70.1 64.3 76.9 173.3 275.4 240.0 124.9 224.5 258.4 328.5 126.3 116.8 116.8
2109.9 307.7 191.0 418.9 115.1 77.6 139.2 386.8 522.5 92.6 424.0 225.8 221.9 345.5 248.2 444.4 481.3 305.2 482.5 480.1 456.8 331.5 138.9 384.8 428.9 123.0 305.5 355.2 328.9 138.9 335.6 415.3 458.2 137.3 446.3 33.2 229.4 162.2 159.5 377.5 174.7 398.6 229.1 303.9 81.0 315.2 298.4 0.0 442.7 208.7 268.6 57.3 194.3 324.1 314.2 196.5 220.0 135.3 363.5 242.1 402.8 138.2 490.7 248.2 496.8 154.0 184.3 315.3 161.1 399.1 240.0 436.3 128.3 387.2 359.3 439.9 157.7 269.2 366.5 251.8 304.3 342.0 235.9 158.6 535.6 501.4 314.3 255.3 470.8 367.3 132.9 500.0 244.2 67.6 316.3 521.6 282.2 104.1 237.4 118.5 378.9 396.8 295.6 266.4 296.6 318.5 340.5 60.0 536.8 357.2 103.6 512.6 470.6 293.5 284.0 351.8
2176.0 214.7 338.2 201.0 419.4 410.1 374.6 146.2 117.0 437.5 168.2 286.5 300.6 212.9 318.3 81.7 61.2 250.2 104.3 52.4 27.5 199.3 458.2 253.0 67.7 526.4 251.8 222.6 235.9 381.0 222.7 195.0 131.4 370.5 66.5 385.5 595.7 336.1 298.8 216.6 371.4 129.1 626.2 230.9 392.3 241.2 279.9 385.7 0.0 321.3 298.9 359.7 347.6 231.2 185.1 334.9 280.7 532.3 170.7 323.2 83.7 356.1 80.0 318.3 77.8 486.5 324.2 240.6 332.4 49.2 288.9 155.0 338.4 194.4 242.8 20.9 340.6 255.1 215.0 288.9 286.9 242.8 317.3 388.6 110.5 82.4 279.5 334.0 29.1 194.7 529.9 80.9 326.6 484.7 281.3 111.9 298.1 520.2 634.4 463.4 117.9 177.9 279.5 266.7 260.5 264.8 264.3 368.3 117.8 164.1 389.7 102.9 59.9 286.8 298.6 220.6
2253.4 155.4 50.3 251.4 206.3 291.5 159.0 211.9 346.6 361.8 256.6 118.7 123.6 164.2 160.3 299.2 337.1 107.4 307.6 335.9 280.9 168.0 292.8 217.3 284.7 334.4 138.0 156.5 132.6 213.2 150.3 245.4 290.7 157.4 270.4 313.9 474.0 123.0 180.2 169.8 155.8 222.7 473.8 136.4 323.8 146.7 136.2 280.5 297.5 0.0 43.8 325.8 102.1 156.6 146.7 13.5 112.9 379.9 216.1 68.1 226.9 188.3 345.5 63.2 345.1 367.9 64.7 109.0 164.6 253.9 68.0 268.8 219.8 190.8 151.5 294.7 127.5 65.5 199.1 121.1 143.2 134.2 149.5 177.2 389.2 356.2 106.6 157.0 325.6 195.8 377.5 312.5 158.8 271.6 160.3 331.2 130.3 313.6 482.0 387.7 204.0 228.3 87.9 80.9 146.1 151.0 132.7 252.6 303.8 188.7 202.6 322.2 325.4 85.7 76.2 184.3
2216.3 111.0 73.6 222.2 187.2 254.4 121.9 208.1 342.8 281.8 227.4 89.5 104.5 160.4 131.1 295.4 331.2 103.6 303.8 332.1 277.1 138.8 273.7 188.1 280.9 297.3 108.8 152.7 128.8 182.2 146.5 216.2 261.5 138.3 266.6 230.7 454.9 103.9 143.1 166.0 118.7 218.9 454.7 107.2 258.6 117.5 100.7 212.8 293.7 57.0 0.0 245.9 65.0 127.4 117.5 70.6 83.7 360.8 166.8 24.3 223.1 157.3 341.7 19.4 341.3 330.8 59.6 105.2 133.6 250.1 38.8 239.6 182.7 187.0 147.7 290.9 108.4 36.3 169.9 91.9 107.7 130.4 120.3 135.9 385.4 352.4 102.8 137.9 321.8 192.0 358.4 283.3 129.6 252.5 119.7 302.0 101.1 288.0 462.9 307.7 200.2 201.2 84.1 51.7 105.5 121.8 128.9 216.5 274.6 160.2 165.5 293.0 321.6 81.9 72.4 155.7
2043.4 293.4 203.8 401.9 162.0 124.5 155.4 329.4 464.1 34.2 408.7 199.9 225.6 331.8 266.9 386.0 423.4 291.6 425.1 424.3 400.0 317.6 185.9 371.1 371.5 168.9 291.8 340.9 315.2 185.8 321.9 397.5 442.8 166.4 387.9 58.5 192.4 183.7 142.5 427.9 158.2 341.2 232.8 289.6 12.8 299.9 283.5 46.8 384.3 220.5 246.8 0.0 177.8 309.8 299.9 208.7 205.7 147.0 382.0 219.2 345.4 203.8 432.3 226.9 439.4 200.9 196.6 301.6 180.1 341.7 261.5 420.9 113.8 407.3 371.5 382.5 179.2 260.5 352.9 238.1 290.7 354.8 218.4 170.8 477.0 444.0 326.6 259.0 412.4 407.6 144.6 441.5 227.7 113.9 302.1 465.8 267.9 139.6 222.0 61.1 321.5 380.4 307.9 252.7 288.5 304.8 352.7 86.6 480.0 341.9 150.5 455.2 413.8 305.7 296.8 338.1
2151.2 158.3 61.6 269.5 103.7 189.3 56.8 277.1 332.1 216.7 274.7 76.4 72.5 196.1 131.8 364.4 400.2 172.6 372.8 401.1 346.1 175.2 194.3 235.4 349.9 232.2 156.1 221.7 197.8 117.1 215.5 264.9 308.8 54.8 335.6 165.6 345.1 71.9 78.0 235.0 53.6 287.9 344.9 154.5 193.5 164.8 148.0 147.6 362.7 97.3 68.9 180.8 0.0 174.7 164.8 86.1 70.6 251.0 214.1 41.3 292.1 92.2 410.7 48.4 330.6 265.7 47.6 174.2 68.5 319.1 107.8 286.9 117.6 256.0 216.7 359.9 76.4 105.3 217.2 102.4 155.0 199.4 107.2 70.8 456.6 350.1 171.8 105.9 390.8 216.9 248.6 330.6 116.5 169.0 167.0 349.3 132.8 211.0 353.1 242.6 269.2 248.5 153.1 120.7 152.8 169.1 197.9 150.4 321.9 206.8 100.4 340.3 390.6 150.9 141.4 198.7
2249.2 52.6 177.2 143.9 257.3 345.0 212.5 171.3 206.5 412.8 149.1 124.4 138.5 70.5 144.5 258.6 296.5 88.1 267.0 295.3 193.8 55.5 348.8 107.2 244.6 389.4 84.0 80.2 73.8 274.0 42.6 139.3 183.2 208.4 158.3 349.5 525.0 174.0 233.8 113.2 201.7 115.5 541.6 71.0 374.8 60.7 106.7 331.5 222.8 159.2 136.8 377.8 185.5 0.0 39.2 172.8 118.6 430.9 88.5 162.9 186.3 194.0 304.9 156.2 195.4 421.4 162.1 90.2 212.7 213.3 126.8 161.3 273.3 112.2 127.6 254.1 178.5 93.0 90.3 126.8 100.1 62.7 155.2 226.5 350.8 224.5 104.6 160.1 252.0 91.3 428.5 199.0 164.5 322.6 90.4 221.2 129.6 358.1 533.0 438.7 163.4 120.8 117.4 104.6 118.2 71.0 108.8 307.1 196.3 81.2 227.6 214.7 284.8 125.5 135.0 73.1
2209.9 29.5 154.1 104.6 234.2 321.9 189.4 132.0 167.2 389.7 109.8 101.3 115.4 27.7 133.1 219.3 257.2 65.0 227.7 256.0 154.5 32.7 273.0 70.5 204.8 366.3 66.6 37.4 50.7 195.8 37.5 100.0 143.9 185.3 119.0 326.4 501.9 150.9 210.7 73.9 178.6 76.2 518.5 45.7 351.7 56.0 94.7 308.4 183.5 136.1 113.7 354.7 162.4 46.0 0.0 149.7 95.5 407.8 49.2 139.8 147.0 170.9 265.6 133.1 156.1 398.3 139.0 67.1 147.2 174.0 103.7 122.0 250.2 72.9 80.3 214.8 155.4 69.9 51.0 103.7 101.7 57.6 132.1 203.4 311.5 185.2 94.3 148.8 212.7 52.0 405.4 159.7 141.4 299.5 96.1 181.9 112.9 335.0 509.9 415.6 124.1 81.5 94.3 81.5 75.3 79.6 79.4 284.0 157.0 41.9 204.5 175.4 245.5 101.6 113.4 33.8
2239.8 166.6 36.7 262.6 192.7 277.9 145.4 223.1 357.8 348.2 267.8 113.9 110.0 175.4 171.5 310.4 346.2 118.6 318.8 347.1 292.1 168.3 279.2 228.5 296.4 320.8 149.2 167.7 143.8 205.7 161.5 256.6 301.9 143.8 281.6 256.2 460.4 109.4 166.6 181.0 142.2 233.9 460.2 147.6 312.0 157.9 147.4 266.9 308.7 11.1 55.0 313.8 88.5 167.8 157.9 0.0 108.1 366.3 227.3 81.1 238.1 180.8 356.7 74.4 356.3 354.3 51.1 120.2 157.1 265.1 79.2 280.0 206.2 202.0 162.7 305.9 113.9 76.7 210.3 132.3 154.4 145.4 144.7 160.8 400.4 367.4 117.8 143.4 336.8 201.4 363.9 323.7 154.0 258.0 171.5 342.4 141.5 300.0 468.4 374.1 215.2 241.6 99.1 92.1 157.3 162.2 143.9 240.0 315.0 200.6 160.5 333.4 336.6 96.9 87.4 195.5
2188.2 87.6 78.5 198.8 117.2 226.3 93.8 226.2 261.4 253.7 204.0 5.7 19.8 125.4 61.1 313.5 351.4 85.2 321.9 350.2 248.7 110.4 177.4 164.7 299.0 270.7 85.4 135.1 108.8 100.2 115.5 194.2 238.1 68.3 213.2 202.6 378.1 65.6 115.1 168.1 83.0 170.4 394.7 83.8 227.9 94.1 77.3 184.6 277.7 113.1 98.5 218.4 83.2 104.0 94.1 101.9 0.0 284.0 143.4 75.1 241.2 75.3 359.8 82.2 250.3 302.7 63.4 105.9 51.6 268.2 88.5 216.2 154.6 167.1 174.5 309.0 61.1 54.7 145.2 31.7 84.3 135.6 36.5 107.8 405.7 279.4 152.4 53.2 306.9 146.2 281.6 253.9 45.8 175.7 96.3 276.1 62.1 211.2 386.1 279.6 218.3 175.7 114.5 46.3 75.5 98.4 177.1 188.4 251.2 136.1 108.9 269.6 339.7 140.4 136.3 128.0
2088.4 410.8 294.2 493.4 218.2 113.6 242.3 420.9 555.6 161.5 498.6 328.9 325.0 448.6 350.3 477.5 515.4 408.4 516.6 514.2 489.9 433.6 242.1 487.9 463.0 47.1 408.6 458.3 432.0 242.0 438.7 488.8 532.7 240.5 479.4 177.0 118.9 265.3 305.6 519.4 271.1 431.7 135.5 407.0 159.9 417.3 400.5 159.0 475.8 310.8 371.8 162.9 296.9 427.2 417.3 299.6 323.1 0.0 473.5 344.2 435.9 241.4 523.8 351.3 540.1 57.1 287.5 419.9 264.2 432.2 343.1 510.8 276.8 497.2 462.4 473.0 260.8 372.3 468.4 354.9 407.5 445.1 309.7 260.3 569.7 534.5 417.5 358.4 503.9 497.5 22.4 527.0 319.0 170.7 419.5 553.2 385.3 206.2 126.9 187.4 413.0 470.3 398.8 369.5 398.7 421.6 443.6 219.2 569.9 486.2 240.5 546.7 503.7 396.6 387.1 451.2
2187.7 69.3 192.8 100.7 274.0 361.7 229.2 82.7 217.4 429.5 105.9 141.1 155.2 67.5 172.9 170.0 205.8 104.8 178.4 206.7 151.7 72.5 312.8 107.6 155.5 404.6 106.4 77.2 90.5 235.6 77.3 96.1 140.0 225.1 141.2 340.0 541.7 190.7 250.4 71.2 226.0 93.5 541.5 85.5 392.3 96.5 134.5 348.2 168.3 175.9 153.5 393.5 202.2 85.8 39.7 189.5 135.3 447.6 0.0 177.8 97.7 210.7 216.3 172.9 215.9 438.1 178.8 96.2 187.0 124.7 143.5 118.1 290.0 23.7 97.4 165.5 195.2 109.7 69.6 143.5 141.5 97.4 171.9 243.2 260.0 227.0 134.1 188.6 196.4 49.3 445.2 161.8 181.2 339.3 135.9 180.5 152.7 381.3 549.7 455.4 74.8 77.6 134.1 121.3 121.7 119.4 118.9 322.8 153.1 20.0 258.6 171.5 196.2 141.4 153.2 74.6
2190.2 138.6 47.5 249.8 161.1 228.3 95.8 233.8 370.4 255.7 253.1 82.3 80.2 188.0 137.7 323.0 358.8 129.3 329.5 357.8 304.7 162.8 249.4 215.7 306.6 271.2 136.4 178.4 156.4 156.1 174.1 243.8 289.1 112.2 294.2 206.6 428.8 77.8 117.0 193.6 94.4 246.5 428.6 134.8 234.3 145.8 128.3 186.7 321.3 82.7 25.7 221.6 40.7 155.0 145.1 72.0 76.5 334.7 192.5 0.0 250.7 131.2 369.3 7.0 367.0 304.7 33.5 143.0 107.5 277.7 66.4 265.3 156.6 214.6 175.3 318.5 82.3 63.9 195.6 108.3 133.4 158.0 113.1 114.0 413.0 380.0 128.5 111.8 349.4 219.6 332.3 309.0 124.2 226.4 145.4 327.7 128.7 268.4 436.8 281.6 225.9 228.8 111.7 79.3 133.1 149.4 156.5 189.4 302.2 187.8 143.9 320.6 347.3 107.6 100.0 183.3
2184.5 261.7 386.3 247.8 466.4 418.6 421.6 216.8 163.8 446.0 215.0 333.5 347.6 259.9 365.3 72.2 110.1 297.2 151.1 108.9 98.1 264.9 505.2 300.0 57.7 534.9 298.8 269.6 282.9 428.0 269.7 243.2 178.2 417.5 137.1 407.5 604.2 383.1 307.4 263.6 410.8 175.9 651.5 277.9 403.5 288.2 326.9 395.3 70.5 368.3 345.9 368.8 394.6 278.2 232.1 381.9 327.7 540.8 217.7 372.0 0.0 403.1 118.5 365.3 134.8 495.0 371.2 299.3 379.4 26.9 335.9 201.8 346.9 241.4 289.8 67.7 387.6 302.1 260.7 335.9 333.9 289.8 364.3 435.6 164.4 129.2 326.5 381.0 98.6 241.7 538.4 121.7 373.6 531.7 328.3 147.9 345.1 567.2 642.9 471.9 188.5 224.7 326.5 313.7 307.5 311.8 311.3 377.8 164.6 230.4 436.7 141.4 98.4 333.8 345.6 263.3
2199.8 156.6 152.3 267.8 92.5 203.8 105.5 295.2 330.4 205.4 273.0 63.1 88.8 194.4 108.8 382.5 418.3 154.2 390.9 419.2 317.7 184.4 126.5 233.7 368.5 217.6 154.4 204.1 177.8 24.8 184.5 261.8 307.1 114.8 282.2 168.1 317.6 77.3 126.7 237.1 173.4 239.4 317.4 152.8 168.2 163.1 146.3 124.2 346.7 170.0 163.9 169.4 94.9 173.0 163.1 158.8 68.9 223.5 212.4 136.3 310.2 0.0 428.8 143.4 328.9 255.8 142.6 163.2 34.2 337.2 155.1 285.2 252.6 236.1 243.5 378.0 72.8 123.7 215.5 100.7 145.8 204.6 81.6 120.9 472.5 348.4 221.4 93.0 375.9 209.2 221.1 328.9 90.9 115.2 163.3 347.6 124.1 157.2 325.6 231.3 287.3 244.7 183.5 115.3 144.5 167.4 246.1 184.3 320.2 205.8 134.9 338.6 408.7 209.4 205.3 200.7
2185.1 197.0 321.6 202.8 401.7 419.2 356.9 157.9 143.4 446.6 168.3 268.8 282.9 195.2 300.6 90.8 45.4 232.5 86.4 79.5 96.3 200.2 440.5 235.3 76.8 535.5 234.1 204.9 218.2 363.3 205.0 198.2 131.5 352.8 105.8 408.1 604.8 318.4 308.0 198.9 346.1 111.2 652.1 213.2 404.1 223.5 262.2 395.9 52.8 303.6 281.2 369.4 329.9 213.5 167.4 317.2 263.0 541.4 153.0 307.3 105.0 338.4 0.0 300.6 88.1 495.6 306.5 234.6 314.7 132.0 271.2 155.1 347.5 176.7 225.1 27.1 322.9 237.4 196.0 271.2 269.2 225.1 299.6 370.9 139.8 82.5 261.8 316.3 56.2 177.0 539.0 75.0 308.9 467.0 263.6 136.5 280.4 502.5 643.5 472.5 129.6 179.7 261.8 249.0 242.8 247.1 246.6 378.4 117.9 165.7 372.0 130.0 87.0 269.1 280.9 198.6
2196.9 131.5 55.3 242.7 167.8 235.0 102.5 228.6 363.3 262.4 247.9 89.0 85.1 180.9 151.6 315.9 353.8 124.1 324.3 352.6 297.6 154.3 254.3 208.6 301.4 279.4 129.3 173.2 149.3 162.8 167.0 238.1 282.0 118.9 287.1 211.3 435.5 84.5 123.8 186.5 91.7 239.4 452.1 127.7 239.2 138.0 121.2 193.3 314.2 77.5 20.5 227.1 45.6 147.9 138.0 78.7 83.2 341.4 187.3 6.7 243.6 137.9 362.2 0.0 352.2 311.4 40.2 125.7 114.2 270.6 59.3 260.1 163.3 207.5 168.2 311.4 89.0 56.8 189.1 112.4 128.2 150.9 119.8 116.5 408.1 372.9 123.3 118.5 342.3 206.9 339.0 297.8 129.1 233.1 140.2 320.0 121.6 268.6 443.5 288.3 220.7 219.6 104.6 72.2 119.4 142.3 149.4 197.1 295.1 180.0 117.6 313.5 342.1 102.4 92.9 171.9
2240.4 179.2 302.7 122.1 384.9 471.6 339.1 153.4 38.1 501.9 110.6 251.0 265.1 177.4 282.8 136.7 107.2 214.7 120.2 125.4 111.1 163.8 422.7 276.3 122.2 514.5 216.3 187.1 200.4 345.5 187.2 116.1 73.8 335.0 120.6 449.9 651.6 300.6 360.3 181.1 335.9 106.7 651.4 195.4 458.1 205.7 245.4 459.2 140.1 285.8 263.4 425.7 312.1 195.7 149.6 299.4 245.2 557.5 135.2 288.7 119.8 320.6 141.4 282.8 0.0 548.0 288.7 206.1 296.9 146.8 253.4 97.4 399.9 158.9 207.3 73.0 305.1 219.6 173.2 253.4 251.4 207.3 281.8 353.1 166.1 47.4 244.0 298.5 102.1 160.2 555.1 111.0 291.1 449.2 245.8 109.2 262.6 485.7 659.6 527.8 125.1 99.0 245.0 231.2 225.0 229.3 228.8 433.7 60.2 160.3 384.7 99.1 132.9 251.3 263.1 180.5
2091.2 423.8 307.2 496.2 231.2 126.6 255.3 423.7 558.4 174.5 501.4 341.9 338.0 461.6 363.3 480.3 518.2 421.4 519.4 517.0 492.7 446.6 255.1 500.9 465.8 60.1 421.6 471.3 445.0 255.0 451.7 491.6 535.5 253.5 482.2 190.0 123.7 278.3 318.6 522.2 284.1 434.5 140.3 420.0 172.9 430.3 413.5 172.0 478.6 323.8 384.8 175.9 309.9 440.2 430.3 312.6 336.1 57.8 476.3 357.2 438.7 254.4 526.6 364.3 542.9 0.0 300.5 432.9 277.2 435.0 356.1 513.6 289.8 500.0 475.4 475.8 273.8 385.3 481.4 367.9 420.5 458.1 322.7 273.3 572.5 537.3 430.5 371.4 506.7 500.3 24.8 529.8 332.0 183.7 432.5 556.0 398.3 219.2 131.7 200.4 415.8 473.1 411.8 382.5 411.7 434.6 456.6 232.2 572.7 472.3 253.5 549.5 506.5 409.6 400.1 464.2
2188.6 144.6 13.9 255.8 141.5 226.7 94.2 261.6 318.4 297.0 261.0 62.7 58.8 182.4 118.1 348.9 384.7 157.1 357.3 385.6 330.6 168.8 228.0 221.7 334.4 269.6 142.4 206.2 182.3 154.5 200.0 249.8 295.1 92.6 320.1 205.0 409.2 58.2 115.4 219.5 91.0 272.4 409.0 140.8 259.0 151.8 134.3 216.8 347.2 49.6 73.2 262.6 37.3 161.0 151.1 38.4 56.9 315.1 200.4 45.6 276.6 129.6 395.2 52.7 318.0 303.1 0.0 168.0 105.9 303.6 94.9 273.2 155.0 240.5 201.2 344.4 62.7 109.6 203.5 88.7 141.3 183.9 93.5 112.4 441.1 336.4 156.3 92.2 375.3 203.2 312.7 316.9 102.8 206.8 153.3 335.6 119.1 248.8 417.2 322.9 253.7 232.7 137.6 103.3 139.1 155.4 182.4 187.8 308.2 193.1 137.9 326.6 375.1 135.4 125.9 185.0
2272.1 57.1 142.4 168.3 222.5 310.2 177.7 160.6 230.9 378.0 172.6 89.6 113.0 112.9 120.5 258.6 296.5 52.4 256.3 296.3 240.3 79.9 260.4 134.2 233.9 354.6 36.9 105.2 92.0 184.1 109.7 163.7 207.6 172.7 229.8 314.7 490.2 139.2 198.9 129.2 173.6 182.1 489.1 53.3 340.0 63.6 92.3 296.9 256.9 123.5 101.1 341.1 160.0 73.5 63.6 129.1 83.8 396.1 112.9 128.1 186.3 168.5 304.9 121.4 230.5 386.6 136.6 0.0 135.5 213.3 92.0 184.8 238.5 150.2 110.9 254.1 143.7 58.2 116.0 101.3 98.8 93.6 120.4 195.0 350.8 248.9 66.0 137.1 285.0 115.7 393.7 229.4 128.8 287.8 89.1 257.4 101.2 323.3 498.2 403.9 163.4 145.2 82.6 69.8 63.6 49.9 92.1 272.3 220.7 105.6 220.5 248.4 274.1 34.4 56.9 101.2
2165.6 122.3 119.1 233.5 116.2 227.5 71.2 260.9 296.1 229.1 238.7 28.8 54.5 160.1 95.8 348.2 386.1 119.9 356.6 384.9 283.4 145.1 125.7 199.4 333.7 241.3 120.1 169.8 143.5 48.5 150.2 228.9 272.8 45.7 247.9 165.8 341.3 43.0 92.5 202.8 60.4 205.1 357.9 118.5 191.1 128.8 112.0 147.8 312.4 135.7 129.6 194.1 60.6 138.7 128.8 124.5 34.6 247.2 178.1 102.0 275.9 23.6 394.5 109.1 285.0 279.5 108.3 140.6 0.0 302.9 120.8 250.9 132.0 201.8 209.2 343.7 38.5 89.4 179.9 66.4 119.0 170.3 47.3 85.2 440.4 314.1 187.1 87.9 341.6 180.9 244.8 288.6 56.6 138.9 131.0 310.8 96.8 174.4 349.3 255.0 253.0 210.4 149.2 81.0 110.2 133.1 211.8 208.0 285.9 170.8 86.3 304.3 374.4 175.1 171.0 162.7
2183.4 233.1 357.7 238.5 437.8 417.5 393.0 164.6 162.7 444.9 213.9 304.9 319.0 231.3 336.7 71.1 109.0 268.6 140.1 107.8 45.9 236.3 476.6 271.4 56.6 533.8 270.2 241.0 254.3 399.4 241.1 233.9 177.1 388.9 84.9 406.4 603.1 354.5 306.3 235.0 382.2 164.9 650.4 249.3 402.4 259.6 298.3 394.2 60.6 339.7 317.3 367.7 366.0 249.6 203.5 353.3 299.1 539.7 189.1 343.4 81.1 374.5 117.4 336.7 133.7 493.9 342.6 270.7 350.8 0.0 307.3 200.7 345.8 212.8 261.2 66.6 359.0 273.5 232.1 307.3 305.3 261.2 335.7 407.0 163.3 128.1 297.9 352.4 89.8 213.1 537.3 120.6 345.0 503.1 299.7 146.8 316.5 538.6 641.8 470.8 136.3 215.4 297.9 285.1 278.9 283.2 282.7 376.7 163.5 201.8 408.1 140.3 97.3 305.2 317.0 234.7
2223.8 103.8 86.7 215.0 148.8 261.9 129.4 235.1 277.6 304.3 220.2 82.3 84.1 141.6 123.9 322.4 360.3 130.6 330.8 359.1 304.1 126.6 235.3 180.9 307.9 316.5 101.6 179.7 125.0 166.2 131.7 210.4 254.3 99.9 229.4 241.0 416.5 65.5 150.7 193.0 118.6 245.9 433.1 100.0 266.3 110.3 93.5 223.0 320.7 84.0 61.6 269.3 95.0 120.2 110.3 97.6 76.5 322.4 159.6 83.3 250.1 141.3 368.7 81.0 266.5 354.7 71.6 132.2 117.6 277.1 0.0 232.4 190.2 183.3 174.7 317.9 70.0 29.1 161.4 84.7 100.5 157.4 113.1 143.4 414.6 295.6 129.8 117.5 348.8 162.4 320.0 270.1 122.4 214.1 112.5 292.3 93.9 249.6 424.5 330.2 227.2 191.9 111.1 44.5 91.7 114.6 155.9 224.0 267.4 152.3 144.5 285.8 348.6 108.9 99.4 144.2
2202.0 140.8 264.3 83.7 345.5 433.2 300.7 115.0 67.0 463.5 13.1 212.6 226.7 139.0 244.4 202.3 236.9 176.3 191.3 228.1 146.6 144.0 423.8 186.1 187.8 476.1 177.9 148.7 162.0 307.1 148.8 77.7 21.9 296.6 111.1 453.1 613.2 262.2 321.9 142.7 297.5 68.3 613.0 157.0 418.3 168.0 206.0 419.7 175.6 247.4 225.0 385.7 273.7 157.3 111.2 261.0 206.8 519.1 96.8 249.3 130.0 282.2 214.8 244.4 96.9 509.6 250.3 178.4 258.5 157.0 215.0 0.0 361.5 120.5 168.9 196.6 266.7 181.2 114.8 215.0 213.0 168.9 243.4 314.7 232.6 144.4 205.6 260.1 204.8 120.8 516.7 144.8 252.7 410.8 207.4 163.5 224.2 452.8 621.2 489.4 86.7 60.6 205.6 192.8 193.2 190.9 190.4 394.3 34.9 90.2 344.3 154.5 228.5 212.9 224.7 122.7
2109.6 305.7 216.1 416.9 113.1 71.6 164.2 413.6 548.3 115.2 422.1 223.8 219.9 343.5 245.2 470.2 508.1 340.2 509.3 506.9 482.6 328.5 137.0 382.8 456.2 116.0 303.5 389.3 365.4 136.9 333.6 412.3 456.2 135.4 472.1 47.9 227.4 160.2 189.6 402.6 198.2 424.4 244.0 301.9 77.2 312.2 295.4 29.9 468.5 232.7 276.6 80.2 225.4 322.1 312.2 221.5 218.0 133.3 361.5 239.1 428.6 136.3 516.5 246.2 532.8 148.0 209.4 341.8 159.1 424.9 238.0 434.3 0.0 423.6 384.3 465.7 155.7 267.2 363.3 249.8 302.4 367.0 204.6 182.2 562.4 527.2 339.4 253.3 496.6 364.3 130.9 519.7 213.9 92.6 314.4 545.9 280.2 128.1 235.4 141.1 405.7 393.8 320.7 264.4 293.6 316.5 365.5 90.1 562.6 354.2 135.4 539.4 496.4 318.5 309.0 346.1
2164.0 94.6 219.2 131.5 299.3 387.0 254.5 59.0 193.7 454.8 136.7 166.4 180.5 92.8 198.2 146.3 184.2 130.1 154.7 183.0 128.0 97.8 338.1 132.9 131.8 431.4 131.7 102.5 115.8 260.9 102.6 126.9 170.8 250.4 117.5 391.5 567.0 216.0 275.8 96.5 243.7 69.8 583.6 110.8 416.8 121.1 159.8 373.5 144.6 201.2 178.8 419.8 227.5 111.1 65.0 214.8 160.6 472.9 25.3 204.9 74.0 236.0 192.6 198.2 182.6 463.4 204.1 132.2 212.3 101.0 168.8 148.9 315.3 0.0 122.7 141.8 220.5 135.0 93.6 168.8 166.8 122.7 197.2 268.5 238.5 203.3 159.4 213.9 172.7 74.6 470.5 199.8 206.5 364.6 161.2 222.0 178.0 400.1 575.0 480.7 51.1 108.4 159.4 146.6 140.4 144.7 144.2 349.1 215.8 45.3 269.6 215.5 172.5 166.7 178.5 96.2
2187.6 83.9 208.0 155.1 288.6 376.3 243.8 82.6 217.3 444.1 160.3 155.7 169.8 82.1 187.5 169.9 207.8 119.4 178.3 206.6 151.6 87.1 327.4 104.2 155.9 420.7 121.0 76.4 105.1 250.2 91.9 150.5 194.4 239.7 141.1 380.8 556.3 205.3 265.1 40.5 233.0 93.4 572.9 100.1 406.1 110.4 149.1 362.8 168.2 156.5 159.5 409.1 216.8 100.4 54.3 170.1 149.9 462.2 86.8 185.6 97.6 225.3 216.2 178.9 206.2 452.7 193.4 118.7 201.6 124.6 158.1 172.5 304.6 61.5 0.0 165.4 209.8 124.3 112.2 158.1 156.1 82.5 186.5 257.8 262.1 226.9 56.8 203.2 196.3 60.9 459.8 223.4 195.8 353.9 150.5 245.6 167.3 389.4 564.3 470.0 74.7 132.0 128.0 135.9 129.7 134.0 30.7 338.4 239.4 106.9 258.9 239.1 196.1 77.7 87.2 67.5
2157.9 193.9 318.5 180.0 398.6 392.0 353.8 154.8 96.0 419.4 147.2 265.7 279.8 192.1 297.5 63.6 42.3 229.4 83.3 52.3 93.2 197.1 437.4 232.2 49.6 508.3 231.0 201.8 215.1 360.2 201.9 175.4 110.4 349.7 102.7 380.9 577.6 315.3 280.8 195.8 343.0 108.1 624.9 210.1 376.9 220.4 259.1 368.7 25.6 300.5 278.1 342.2 326.8 210.4 164.3 314.1 259.9 514.2 149.9 304.2 101.9 335.3 79.9 297.5 67.0 468.4 303.4 231.5 311.6 74.9 268.1 134.0 320.3 173.6 222.0 0.0 319.8 234.3 192.9 268.1 266.1 222.0 296.5 367.8 112.6 61.4 258.7 313.2 29.0 173.9 511.8 53.9 305.8 463.9 260.5 76.1 277.3 499.4 616.3 445.3 126.5 156.9 258.7 245.9 239.7 244.0 243.5 351.2 96.8 162.6 368.9 69.6 59.8 266.0 277.8 195.5
2153.7 149.9 86.7 261.1 78.7 191.8 59.3 317.4 323.7 234.2 266.3 68.0 64.1 187.7 123.4 404.7 442.6 147.5 413.1 441.4 311.0 172.7 165.2 227.0 390.2 246.4 147.7 197.4 171.1 96.1 177.8 256.5 300.4 29.8 275.5 170.9 346.4 4.5 80.6 230.4 48.5 232.7 363.0 146.1 196.2 156.4 139.6 152.9 340.0 121.3 110.9 199.2 48.7 166.3 156.4 110.1 62.2 252.3 205.7 83.3 332.4 71.2 451.0 90.4 312.6 284.6 71.6 168.2 47.5 359.4 82.2 278.5 120.1 229.4 257.0 400.2 0.0 111.4 207.5 94.0 146.6 197.9 98.8 73.3 496.9 341.7 212.1 97.5 369.2 208.5 249.9 316.2 108.1 144.0 158.6 338.4 124.4 179.5 354.4 260.1 309.5 238.0 193.4 108.6 137.8 160.7 238.2 153.9 313.5 198.4 74.4 331.9 430.9 191.2 181.7 190.3
2235.6 74.6 105.9 185.8 182.6 273.7 141.2 217.2 248.4 338.1 191.0 53.1 67.2 112.4 94.7 304.5 342.4 72.2 312.9 341.2 286.2 97.4 224.8 151.7 290.5 318.1 72.4 122.1 95.8 147.6 102.5 181.2 225.1 133.7 200.2 274.8 450.3 99.3 162.5 175.1 130.4 157.4 466.9 70.8 300.1 81.1 64.3 256.8 302.8 66.1 43.7 303.1 108.8 91.0 81.1 79.7 47.3 356.2 130.4 69.8 232.2 122.7 350.8 63.1 237.3 350.1 90.8 114.3 99.0 259.2 33.7 203.2 202.0 154.1 156.8 300.0 103.8 0.0 132.2 55.5 71.3 139.5 83.9 155.2 396.7 266.4 111.9 110.3 330.9 133.2 353.8 240.9 93.2 247.9 83.3 263.1 64.7 283.4 458.3 364.0 209.3 162.7 93.2 15.3 62.5 85.4 138.0 235.8 238.2 123.1 156.3 256.6 330.7 91.0 81.5 115.0
2223.5 85.6 209.1 118.2 290.3 378.0 245.5 138.1 180.8 445.8 123.4 157.4 171.5 83.8 189.2 225.4 263.3 121.1 233.8 262.1 207.1 70.2 371.2 148.1 211.4 422.4 122.7 93.5 106.8 251.9 93.6 113.6 157.5 241.4 132.6 356.3 558.0 207.0 266.7 69.5 242.3 89.8 557.8 101.8 407.8 112.1 150.8 364.5 223.7 192.2 169.8 409.8 218.5 102.1 56.0 205.8 151.6 463.9 62.8 195.9 153.1 227.0 271.7 189.2 179.3 454.4 195.1 112.5 203.3 180.1 159.8 135.6 306.3 86.5 113.7 220.9 211.5 126.0 0.0 159.8 157.8 113.7 188.2 259.5 315.4 198.8 143.3 204.9 251.8 41.6 461.5 179.3 197.5 355.6 152.2 198.0 169.0 391.1 566.0 471.7 130.2 97.2 150.4 137.6 131.4 135.7 117.2 340.1 170.6 55.5 260.6 189.0 251.6 164.2 173.7 85.0
2229.5 85.3 98.7 196.5 179.9 267.6 135.1 223.9 259.1 335.4 201.7 47.0 61.1 123.1 29.3 311.2 347.0 82.9 319.6 347.9 246.4 102.2 259.1 162.4 296.7 312.0 83.1 132.8 106.5 184.3 113.2 190.5 235.8 131.0 210.9 272.1 447.6 96.6 156.3 165.8 131.9 168.1 447.4 81.5 297.4 91.8 75.0 254.1 275.4 118.6 96.2 299.4 108.1 101.7 91.8 123.2 41.2 353.5 141.1 96.4 238.9 116.6 357.5 103.5 257.6 344.0 84.7 103.6 123.0 265.9 86.2 213.9 195.9 164.8 172.2 306.7 101.1 52.4 144.2 0.0 82.0 133.3 77.8 149.1 401.2 277.1 150.1 70.4 304.6 137.9 351.1 257.6 106.1 245.2 94.0 276.3 59.8 280.7 455.6 361.3 216.0 173.4 112.2 44.0 73.2 96.1 174.8 228.7 248.9 133.8 164.5 267.3 337.4 138.1 134.0 129.4
2295.5 83.0 152.1 194.2 232.2 333.6 201.1 221.6 256.8 345.5 199.4 99.3 106.5 120.8 61.6 308.9 344.7 80.6 317.3 345.6 244.1 107.2 265.9 158.2 294.4 357.7 80.8 130.5 104.2 191.1 110.9 188.2 233.5 183.3 208.6 297.6 457.7 148.9 222.3 163.5 197.9 165.8 457.5 79.2 307.5 89.5 6.5 264.2 273.1 143.2 120.8 309.5 160.4 99.4 89.5 156.8 93.5 363.6 138.8 145.1 236.6 140.0 355.2 140.2 256.4 410.0 137.0 89.6 129.8 263.6 110.8 211.6 261.9 162.5 169.9 304.4 153.4 77.0 141.9 87.5 0.0 131.0 121.6 216.5 401.1 274.8 153.8 77.2 302.3 141.6 361.2 255.3 112.9 255.3 54.7 274.0 46.7 297.3 465.7 371.4 213.7 171.1 109.9 63.1 73.6 69.9 179.9 294.7 246.6 131.5 230.5 265.0 335.1 132.9 123.4 123.4
2230.2 52.7 177.3 164.0 257.4 345.1 212.6 125.2 259.9 412.9 169.2 124.5 138.6 77.5 156.3 212.5 250.4 88.2 220.9 249.2 194.2 75.6 296.2 129.9 198.0 389.5 89.8 69.8 73.9 219.0 16.0 159.4 203.3 208.5 183.7 349.6 525.1 174.1 233.9 83.1 201.8 136.0 541.7 68.9 374.9 79.2 117.9 331.6 210.8 141.5 136.9 377.9 185.6 51.2 59.3 155.1 118.7 431.0 129.4 163.0 140.2 194.1 258.8 156.3 248.8 421.5 162.2 90.3 170.4 167.2 126.9 181.4 273.4 104.1 64.8 208.0 178.6 93.1 110.4 126.9 124.9 0.0 155.3 226.6 304.7 269.5 41.8 172.0 238.9 103.5 428.6 219.1 164.6 322.7 119.3 241.3 136.1 358.2 533.1 438.8 117.3 140.9 113.0 104.7 98.5 102.8 46.0 307.2 216.4 101.3 227.7 234.8 238.7 62.7 72.2 93.2
2209.9 113.2 104.1 224.4 138.9 248.0 115.5 251.8 287.0 275.4 229.6 19.7 45.4 151.0 86.7 339.1 377.0 110.8 347.5 375.8 274.3 136.0 207.6 190.3 324.6 292.4 111.0 160.7 134.4 150.8 141.1 219.8 263.7 90.0 238.8 224.3 399.8 87.3 136.8 193.7 104.7 196.0 416.4 109.4 249.6 119.7 102.9 206.3 303.3 138.7 124.1 240.1 104.9 129.6 119.7 127.5 25.5 305.7 169.0 100.7 266.8 99.7 385.4 107.8 275.9 324.4 89.0 131.5 89.5 293.8 114.1 241.8 176.3 192.7 200.1 334.6 82.8 80.3 170.8 57.3 109.9 161.2 0.0 129.5 431.3 305.0 178.0 78.8 332.5 171.8 303.3 279.5 9.2 197.4 121.9 301.7 87.7 232.9 407.8 301.3 243.9 201.3 140.1 71.9 101.1 124.0 202.7 210.1 276.8 161.7 130.6 295.2 365.3 166.0 161.9 153.6
2214.4 170.4 32.4 281.6 167.3 252.5 120.0 258.2 395.7 322.8 288.2 88.5 81.8 213.3 145.3 348.3 386.2 153.7 353.9 385.0 330.0 193.2 251.0 247.5 331.5 296.9 168.2 202.8 181.7 180.3 199.4 277.0 320.9 115.6 319.5 259.5 435.0 84.0 142.6 216.1 114.0 271.8 432.0 166.6 284.8 176.9 160.1 241.6 346.6 49.0 90.1 288.4 64.5 186.8 176.9 35.0 82.7 340.9 226.2 71.4 276.0 152.6 394.6 78.5 392.5 328.9 25.7 165.5 131.7 303.0 117.1 296.2 180.8 239.9 200.6 343.8 88.5 114.6 230.7 111.7 168.5 183.3 119.3 0.0 440.5 405.3 152.9 118.0 374.7 239.3 338.5 333.9 128.6 232.6 176.3 358.6 144.9 268.1 443.0 348.7 250.3 258.5 138.4 130.0 158.3 181.2 181.8 214.6 334.0 218.9 160.9 352.4 371.7 136.2 125.3 212.3
2203.0 214.9 338.4 220.7 419.6 437.1 374.8 178.0 156.8 464.5 186.2 286.7 300.8 213.1 320.7 108.7 61.2 250.4 104.3 97.4 114.2 199.5 458.4 253.2 96.9 554.5 252.0 225.0 236.1 381.2 222.9 214.7 149.4 370.7 123.7 412.5 622.7 336.3 325.8 216.8 371.6 129.1 653.2 231.1 420.7 242.1 282.3 413.7 70.7 321.5 299.1 386.7 347.8 231.4 185.3 337.3 280.9 559.3 170.9 323.4 122.9 356.3 17.8 318.5 120.8 513.5 324.4 240.8 332.6 149.9 289.1 173.0 365.4 194.6 243.0 45.0 340.8 255.3 215.2 289.1 289.3 243.0 317.5 393.0 0.0 100.4 281.9 334.2 74.1 188.9 556.9 147.2 329.0 484.9 281.5 67.7 298.3 526.9 661.4 490.4 147.5 199.7 281.9 266.9 267.3 265.0 264.5 395.3 135.8 164.3 422.9 58.7 104.9 289.2 298.8 220.8
2274.6 213.4 338.0 156.3 418.1 505.8 373.3 187.6 36.7 536.1 85.7 285.2 299.3 211.6 317.0 241.0 252.4 248.9 168.1 192.1 160.0 216.6 510.5 269.4 226.5 550.2 250.5 221.3 234.6 379.7 221.4 151.7 48.9 369.2 169.5 510.3 685.8 334.8 394.6 215.3 362.5 140.9 702.4 229.6 493.6 239.9 278.6 492.3 189.0 320.0 297.6 458.9 346.3 229.9 183.8 333.6 279.4 591.7 169.4 323.7 168.7 354.8 208.1 317.0 55.9 582.2 322.9 251.0 331.1 195.7 287.6 72.5 434.1 193.1 241.5 139.7 339.3 253.8 188.5 287.6 285.6 241.5 316.0 387.3 235.0 0.0 278.2 332.7 168.8 193.4 589.3 152.9 325.3 483.4 280.0 172.3 296.8 518.9 693.8 562.0 159.3 133.2 278.2 265.4 259.2 263.5 263.0 467.9 35.3 174.5 388.4 165.8 199.6 285.5 297.3 199.0
2210.2 78.6 150.0 177.7 275.7 357.1 224.6 105.2 239.9 384.5 182.9 152.1 166.2 57.5 183.9 192.5 228.3 90.6 200.9 229.2 174.2 89.6 323.8 149.1 178.0 400.0 108.1 49.8 55.8 246.6 43.6 171.7 217.0 226.8 163.7 383.3 543.4 192.4 245.8 63.1 221.4 116.0 543.2 90.0 393.2 100.3 146.6 349.9 190.8 99.6 102.6 350.2 167.7 78.8 99.2 113.2 146.3 449.3 109.4 128.7 120.2 221.7 238.8 122.0 238.4 433.5 162.3 72.0 198.0 147.2 126.8 195.1 285.4 84.1 44.8 188.0 196.9 120.7 136.1 154.5 153.6 27.5 182.9 240.0 282.5 249.5 0.0 199.6 218.9 89.1 446.9 252.0 192.2 341.0 143.5 270.7 163.7 376.5 551.4 410.4 97.3 154.6 71.1 139.7 129.3 121.1 26.0 318.2 262.0 129.5 268.3 261.7 218.7 20.8 30.3 112.4
2244.3 124.8 97.7 236.0 177.8 282.4 149.9 263.4 298.6 333.3 241.2 62.9 29.2 162.6 61.8 350.7 388.6 122.4 359.1 387.4 285.9 147.6 214.7 201.9 336.7 345.5 122.6 172.3 146.0 139.9 152.7 231.4 275.3 128.9 250.4 270.0 445.5 94.5 171.2 205.3 139.1 207.6 462.1 121.0 295.3 131.3 105.4 252.0 314.9 132.3 121.9 298.3 106.0 141.2 131.3 121.1 57.1 351.4 180.6 94.3 278.4 88.8 397.0 101.4 287.5 383.7 82.6 143.1 78.6 305.4 111.2 253.4 210.7 204.3 211.7 346.2 99.0 91.9 182.4 68.9 98.8 172.8 70.4 163.9 442.9 316.6 189.6 0.0 344.1 183.4 349.0 291.1 61.7 243.1 116.3 313.3 77.1 278.6 453.5 359.2 255.5 212.9 151.7 83.5 112.7 131.5 214.3 244.5 288.4 173.3 165.0 306.8 376.9 177.6 173.5 165.2
2182.4 246.9 371.5 252.3 451.6 416.5 406.8 178.4 171.8 443.9 194.6 318.7 332.8 245.1 350.5 88.1 96.3 282.4 137.3 23.2 59.7 250.1 490.4 285.2 73.6 532.8 284.0 254.8 268.1 413.2 254.9 247.7 157.8 402.7 98.7 405.4 602.1 368.3 305.3 248.8 349.0 162.1 649.4 263.1 401.4 273.4 312.1 393.2 32.1 353.5 331.1 366.7 379.8 263.4 217.3 367.1 312.9 538.7 202.9 357.2 115.9 388.3 50.8 350.5 142.8 492.9 356.4 284.5 364.6 81.4 321.1 181.4 344.8 226.6 275.0 78.0 372.8 287.3 245.9 321.1 319.1 275.0 349.5 420.8 83.5 108.8 311.7 366.2 0.0 226.9 536.3 156.2 358.8 516.9 313.5 80.2 330.3 429.3 640.8 469.8 150.1 229.2 311.7 298.9 292.7 297.0 296.5 375.7 144.2 215.6 374.9 73.7 30.7 319.0 330.8 248.5
2195.4 70.2 193.7 122.8 274.9 362.6 230.1 96.4 225.1 430.4 128.0 142.0 156.1 68.4 168.2 177.7 213.5 105.7 192.1 220.4 159.4 54.8 313.7 108.5 169.2 405.5 107.3 72.5 91.4 236.5 78.2 116.8 162.1 226.0 148.9 340.9 542.6 191.6 251.3 27.9 221.3 101.2 536.8 86.4 393.3 97.4 129.8 349.2 176.0 176.8 154.4 388.8 203.1 86.7 40.6 184.8 136.2 448.5 61.8 178.7 105.4 211.6 224.0 173.8 224.7 439.0 179.7 96.1 187.9 132.4 144.4 140.2 290.9 69.3 81.0 173.2 196.1 110.6 46.9 144.4 136.8 98.3 172.8 248.3 267.7 234.7 101.6 189.5 204.1 0.0 446.1 178.3 182.1 340.2 136.8 197.0 153.6 382.2 550.6 456.3 82.5 101.8 129.4 122.2 122.6 120.3 69.5 323.7 175.2 60.8 278.2 193.6 209.9 122.5 126.0 76.1
2064.8 397.8 281.2 469.8 205.2 100.6 229.3 397.3 532.0 148.5 475.0 315.9 312.0 435.6 337.3 453.9 491.8 395.4 493.0 490.6 466.3 420.6 229.1 474.9 439.4 34.1 395.6 445.3 419.0 229.0 425.7 465.2 509.1 227.5 455.8 164.0 95.3 252.3 292.6 495.8 258.1 408.1 111.9 394.0 146.9 404.3 387.5 146.0 452.2 297.8 358.8 149.9 283.9 414.2 404.3 286.6 310.1 40.4 449.9 331.2 412.3 228.4 500.2 338.3 516.5 33.5 274.5 406.9 251.2 408.6 330.1 487.2 263.8 473.6 449.4 449.4 247.8 359.3 455.4 341.9 394.5 432.1 296.7 247.3 546.1 510.9 404.5 345.4 480.3 473.9 0.0 503.4 306.0 157.7 406.5 529.6 372.3 193.2 103.3 174.4 389.4 446.7 385.8 356.5 385.7 408.6 430.6 206.2 546.3 446.3 227.5 523.1 480.1 383.6 374.1 438.2
2272.7 266.8 391.4 209.7 471.5 506.8 426.7 241.0 125.7 534.2 193.9 338.6 352.7 265.0 370.4 178.4 113.3 302.3 156.4 110.3 166.3 264.1 510.3 360.8 163.9 623.1 303.9 274.7 288.0 433.1 274.8 203.7 157.1 422.6 175.8 482.2 692.4 388.2 395.5 268.7 423.5 194.3 722.9 283.0 490.4 293.3 332.0 483.5 168.9 373.4 351.0 457.0 399.7 283.3 237.2 387.0 332.8 629.0 222.8 377.1 175.0 408.2 69.9 370.4 87.5 583.2 376.3 293.7 384.5 202.0 341.0 180.7 435.1 246.5 294.9 114.7 392.7 307.2 259.8 341.0 339.0 294.9 369.4 450.9 87.7 108.1 331.6 386.1 143.8 246.8 626.6 0.0 378.7 536.8 333.4 18.6 350.2 578.8 731.1 560.1 212.7 186.6 331.6 318.8 312.6 316.9 316.4 466.0 143.5 246.9 441.8 9.6 154.5 338.9 350.7 268.1
2218.6 121.9 112.8 233.1 147.6 256.7 124.2 260.5 295.7 295.9 238.3 28.4 54.1 159.7 95.4 347.8 385.7 119.5 356.2 384.5 283.0 138.8 198.3 199.0 333.3 299.6 119.7 169.4 143.1 141.5 149.8 227.1 272.4 98.7 247.5 232.6 408.1 96.0 145.4 202.4 121.0 204.7 407.9 118.1 258.7 128.4 111.6 214.6 312.0 147.4 132.8 260.9 113.6 138.3 128.4 136.2 34.2 314.0 177.7 111.3 275.5 90.4 394.1 116.5 294.2 333.1 97.7 128.5 80.2 302.5 122.8 250.5 185.0 201.4 208.8 343.3 91.5 89.0 180.8 66.0 118.6 169.9 8.6 138.2 440.0 313.7 186.7 81.5 341.2 180.5 311.6 294.2 0.0 205.7 130.6 312.9 96.4 241.2 416.1 321.8 252.6 210.0 148.8 80.6 116.4 132.7 211.4 217.8 285.5 170.4 167.9 303.9 374.0 174.7 170.6 162.3
2183.9 227.5 123.4 338.7 149.4 138.0 71.5 352.0 486.7 166.2 343.9 134.0 175.6 304.3 201.0 439.3 477.2 247.5 447.7 476.0 421.0 250.3 240.0 304.6 424.8 182.4 225.3 296.6 272.7 162.8 290.4 334.1 378.0 100.5 410.5 124.3 293.8 117.8 110.8 309.9 84.7 362.8 310.4 223.7 143.0 234.0 217.2 96.3 437.6 140.0 183.9 130.9 154.1 243.9 234.0 128.8 173.7 199.7 283.3 162.4 367.0 137.9 485.6 169.5 475.6 214.4 116.7 249.1 114.2 394.0 208.1 356.1 66.3 330.9 291.6 434.8 113.3 205.6 285.1 171.6 224.2 274.3 152.5 89.5 531.5 496.3 246.7 209.0 465.7 330.3 197.3 393.8 161.8 0.0 236.2 416.0 202.0 35.4 301.8 192.1 344.1 315.6 228.0 221.0 215.4 238.3 272.8 82.1 391.1 276.0 110.6 409.5 465.5 225.8 216.3 267.9
2310.8 91.7 189.2 202.9 270.4 348.9 216.4 230.3 265.5 360.8 208.1 125.6 121.8 129.5 76.9 317.6 353.4 71.3 326.0 354.3 252.8 114.5 281.2 146.3 303.1 373.0 71.0 139.2 112.9 206.4 119.6 196.9 242.2 221.5 217.3 312.9 473.0 187.1 237.6 172.2 213.2 174.5 472.8 87.9 323.7 98.2 39.1 280.6 281.8 158.5 136.1 324.8 198.6 108.1 98.2 172.1 119.8 378.9 147.5 160.4 245.3 155.3 363.9 155.5 264.0 425.3 175.2 122.2 145.1 272.3 126.1 220.3 277.2 171.2 178.6 313.1 183.7 92.3 150.6 102.8 32.5 139.7 136.9 234.6 409.8 283.5 170.2 92.5 311.0 144.3 376.5 264.0 128.2 270.6 0.0 282.7 62.0 312.6 481.0 386.7 222.4 179.8 100.6 78.4 18.9 58.0 181.2 310.0 255.3 140.9 260.0 273.7 343.8 149.3 139.8 136.4
2297.3 291.4 416.0 234.3 496.1 531.4 451.3 265.6 150.3 558.8 221.0 363.2 377.3 289.6 395.0 203.0 132.5 326.9 175.6 91.6 177.8 288.7 534.9 388.5 188.5 647.7 328.5 299.3 312.6 457.7 299.4 228.3 184.2 447.2 195.0 517.4 717.0 412.8 420.1 293.3 448.1 218.9 747.5 307.6 515.1 317.9 356.6 508.0 150.2 398.0 375.6 481.0 424.3 307.9 261.8 411.6 357.4 653.6 247.4 399.9 194.2 432.8 89.1 395.0 111.1 607.8 400.9 329.0 409.1 199.5 365.6 207.8 459.7 271.1 319.5 139.3 417.3 331.8 284.4 365.6 363.6 319.5 394.0 465.3 69.0 135.2 356.2 410.7 118.0 265.4 651.2 140.7 403.3 561.4 358.0 0.0 374.8 596.9 755.7 584.7 237.3 211.2 356.2 343.4 337.2 341.5 341.0 489.6 170.6 271.5 466.4 98.3 135.8 363.5 375.3 292.7
2273.6 95.9 131.6 207.1 211.7 311.7 179.2 234.5 269.7 323.6 212.3 78.8 84.6 133.7 39.7 321.8 359.7 93.5 330.2 358.5 257.0 118.7 244.0 173.0 307.3 335.8 93.7 143.4 117.1 169.2 123.8 202.5 246.4 162.8 221.5 260.3 435.8 128.4 200.5 176.4 168.4 178.7 452.4 92.1 285.6 102.4 73.1 242.3 286.0 129.2 106.8 288.6 139.9 112.3 102.4 142.8 73.0 341.7 151.7 128.2 249.5 118.1 368.1 126.2 258.6 388.1 116.5 114.2 107.9 276.5 96.8 224.5 240.0 175.4 182.8 317.3 146.5 63.0 153.5 65.6 66.5 143.9 99.7 193.2 414.0 287.7 160.7 55.3 315.2 154.5 339.3 262.2 91.0 233.4 84.0 284.4 0.0 268.9 443.8 349.5 226.6 184.0 122.8 54.6 83.8 99.2 185.4 273.8 259.5 144.4 194.3 277.9 348.0 148.7 144.6 136.3
2148.4 192.0 86.8 303.2 113.9 260.8 36.0 316.5 451.2 262.4 308.4 98.5 140.1 268.8 165.5 403.8 439.6 212.0 412.2 440.5 385.5 216.2 204.5 269.1 382.8 275.7 189.8 261.1 237.2 127.3 254.9 297.2 342.5 65.0 375.0 225.1 374.6 82.3 68.7 274.4 56.8 327.3 367.9 188.2 225.3 199.2 175.2 181.2 395.6 104.5 148.4 226.4 112.1 208.4 198.5 93.3 138.2 280.5 241.3 128.8 331.5 102.4 450.1 134.0 449.7 312.8 81.2 223.8 78.7 358.5 172.6 320.6 114.8 295.4 256.1 399.3 77.8 170.1 244.4 136.1 188.7 238.8 117.0 58.2 493.8 460.8 211.2 173.5 430.2 300.4 278.1 357.8 126.3 172.2 200.7 376.5 166.5 0.0 382.6 288.3 302.1 282.2 192.5 185.5 186.5 202.8 237.3 147.6 355.6 241.2 108.1 374.0 430.0 190.3 180.8 236.7
2000.4 429.5 390.3 405.4 316.6 235.9 342.4 332.9 467.6 191.3 410.6 386.9 412.6 427.7 453.9 389.5 427.4 465.0 428.6 426.2 401.9 432.7 340.5 467.8 375.0 150.0 466.6 437.4 450.7 340.4 437.5 400.8 444.7 353.4 391.4 245.5 65.6 363.7 329.0 431.4 337.6 343.7 64.2 445.7 201.3 456.0 494.7 233.3 387.8 406.9 433.8 186.3 364.8 446.0 399.9 395.7 392.7 173.9 385.5 406.2 347.9 339.8 435.8 413.3 452.1 115.3 383.6 467.1 367.1 344.2 441.5 422.8 300.2 409.2 457.6 385.0 359.2 469.9 428.5 424.5 501.7 457.6 405.4 356.4 481.7 446.5 494.3 446.0 415.9 409.5 110.2 439.0 414.7 282.9 496.1 465.2 454.9 318.4 0.0 217.2 325.0 382.3 494.3 439.1 475.3 479.6 479.1 273.0 481.9 398.2 363.5 458.7 415.7 501.6 513.4 431.1
2043.6 347.0 256.9 438.8 188.1 136.8 209.0 366.3 501.0 71.1 444.0 253.5 294.9 384.8 320.5 422.9 460.8 344.6 462.0 459.6 435.3 369.8 212.0 424.1 408.9 160.0 344.8 394.5 368.2 211.9 374.9 434.2 478.1 220.0 424.8 96.8 229.3 235.2 195.6 464.8 204.2 377.1 276.6 343.2 28.6 353.5 336.7 84.6 421.2 273.5 300.4 52.9 231.4 363.4 353.5 262.3 259.3 165.9 418.9 272.8 381.3 211.3 469.2 279.9 485.5 198.2 250.2 365.3 233.7 377.6 313.0 456.2 166.8 442.6 425.1 418.4 230.7 342.2 404.6 291.1 343.7 407.8 272.0 223.0 515.1 479.9 380.2 328.3 449.3 442.9 163.5 472.4 281.3 140.6 355.7 498.6 321.5 176.1 268.0 0.0 358.4 415.7 361.5 305.7 334.9 357.8 406.3 139.0 515.3 431.6 210.4 492.1 449.1 359.3 349.8 387.4
2115.2 104.4 227.9 80.3 309.1 396.8 264.3 28.2 162.9 376.7 85.5 176.2 190.3 102.6 208.0 115.5 151.3 139.9 123.9 152.2 97.2 101.7 347.9 142.7 101.5 439.7 141.5 112.3 125.6 270.7 112.4 74.3 119.6 260.2 86.7 416.7 576.8 225.8 285.5 106.3 261.1 18.6 576.6 120.6 331.5 130.9 169.6 384.4 113.8 211.0 188.6 298.9 237.3 120.9 74.8 224.6 170.4 482.7 60.4 212.9 43.2 245.8 161.8 208.0 161.4 473.2 213.9 130.3 222.1 70.2 178.6 97.7 325.1 84.1 132.5 111.0 230.3 144.8 104.7 178.6 176.6 132.5 207.0 282.5 205.5 172.5 169.2 223.7 141.9 78.4 480.3 141.4 216.3 374.4 171.0 160.1 187.8 416.4 584.8 402.6 0.0 57.2 169.2 156.4 150.2 154.5 154.0 357.9 132.7 73.1 312.4 151.1 141.7 176.5 188.3 106.0
2267.7 206.5 330.0 23.1 411.2 498.9 366.4 178.6 90.0 529.2 160.4 278.3 290.3 204.7 308.0 184.2 193.5 242.0 109.2 153.1 103.2 191.1 450.0 244.8 168.1 541.8 243.6 212.3 227.7 372.8 214.5 17.1 125.7 360.2 112.7 477.2 678.9 327.9 387.6 208.4 363.2 134.0 676.6 222.7 485.4 233.7 269.6 485.5 130.1 313.1 288.6 451.4 337.3 223.0 176.9 324.6 272.5 584.8 160.4 315.0 111.9 345.8 154.1 310.1 86.4 575.3 313.9 232.4 324.2 138.9 280.7 147.2 427.2 186.2 234.6 100.7 332.4 246.9 197.4 280.7 276.6 234.6 309.1 384.6 171.9 103.6 269.2 325.8 129.8 180.5 582.4 82.0 318.4 476.5 273.1 100.7 289.9 518.5 686.9 555.1 150.3 0.0 269.2 258.5 258.9 256.6 256.1 460.0 112.1 155.9 414.5 91.7 160.6 276.5 290.4 207.4
2278.0 81.6 148.3 192.8 228.4 316.1 183.6 174.8 309.5 383.9 198.0 95.5 109.6 127.1 127.3 262.1 297.9 19.5 270.5 298.8 243.8 98.5 267.2 158.7 248.1 359.0 79.4 119.4 95.5 190.0 113.2 186.8 232.1 179.5 233.3 320.6 496.1 145.1 204.8 132.7 180.4 185.6 495.9 77.8 345.9 88.8 88.9 302.6 260.4 99.3 102.3 347.9 156.6 98.0 88.1 112.9 89.7 402.0 137.4 128.4 189.8 165.1 308.4 121.7 309.1 392.5 133.2 71.9 141.4 216.8 97.9 210.2 244.4 153.7 114.4 257.6 149.6 64.1 140.5 97.9 104.9 97.1 126.3 197.6 352.1 319.1 69.5 143.0 288.5 153.1 399.6 253.9 135.6 293.7 72.3 272.6 107.1 329.2 504.1 409.8 166.9 169.7 0.0 75.7 51.5 92.4 95.6 278.2 245.2 130.1 227.3 263.6 288.3 48.6 39.1 126.3
2245.7 64.7 116.0 175.9 196.5 283.8 151.3 203.3 238.5 352.0 181.1 63.2 77.3 102.5 79.3 290.6 328.5 62.3 299.0 327.3 225.8 87.5 283.6 141.8 276.6 364.2 62.5 112.2 85.9 208.8 92.6 171.3 215.2 147.6 190.3 288.7 464.2 113.2 172.6 145.2 140.5 147.5 480.8 60.9 314.0 71.2 54.4 270.7 254.8 80.0 57.6 317.0 122.7 81.1 71.2 93.6 57.4 370.1 120.5 83.7 218.3 132.8 336.9 77.0 227.4 402.4 100.9 83.0 147.5 245.3 47.6 193.3 212.1 144.2 151.6 286.1 117.7 13.8 122.3 65.6 61.4 112.7 94.0 165.3 382.8 256.5 125.8 94.9 284.0 123.3 367.7 231.0 130.6 261.8 73.4 253.2 64.4 297.3 472.2 377.9 195.4 152.8 91.6 0.0 52.6 75.5 151.9 245.9 228.3 113.2 166.4 246.7 316.8 104.9 95.4 105.1
2280.3 63.9 149.5 175.1 230.7 318.4 185.9 202.5 237.7 386.2 180.3 97.8 136.0 101.7 97.7 289.8 325.6 43.5 307.1 326.5 225.0 88.1 302.0 141.0 275.3 361.3 61.7 120.3 85.1 227.2 91.8 169.1 214.4 181.8 189.5 296.7 498.4 147.4 207.1 144.4 191.6 146.7 498.2 60.1 349.1 71.1 53.3 305.0 262.9 132.6 110.2 351.2 158.9 80.3 70.4 146.2 92.0 404.3 128.6 134.5 217.5 176.1 336.1 129.6 236.2 394.8 144.4 70.5 165.9 244.5 100.2 192.5 246.7 143.4 150.8 285.3 151.9 66.4 131.7 117.0 53.3 111.9 157.7 204.1 379.8 255.7 142.4 113.3 283.2 116.5 401.9 236.2 149.0 296.0 20.8 263.8 82.8 338.0 506.4 412.1 194.6 154.1 72.8 99.2 0.0 74.7 153.4 279.5 227.5 113.1 234.0 245.9 316.0 121.5 112.0 108.6
2298.8 63.8 169.1 175.0 249.2 336.9 204.4 202.4 237.6 404.7 180.2 116.3 139.0 101.6 94.1 289.7 327.6 80.0 298.1 326.4 224.9 86.6 286.6 128.9 275.2 381.3 12.9 111.3 85.0 223.6 91.7 170.4 214.3 200.3 189.4 341.4 516.9 165.9 225.7 144.3 193.6 146.6 533.5 60.0 366.7 70.3 56.3 323.4 253.9 151.1 128.7 369.7 177.4 80.2 70.3 164.7 110.5 422.8 119.6 154.8 217.4 172.5 336.0 148.1 226.5 413.3 154.0 64.1 162.3 244.4 118.7 192.4 265.2 143.3 164.4 285.2 170.4 84.9 121.4 120.0 49.7 111.8 154.1 218.4 381.9 255.6 119.5 109.7 283.1 122.4 420.4 230.1 145.4 314.5 40.0 252.3 79.2 350.0 524.9 430.6 194.5 151.9 109.3 95.6 67.8 0.0 145.6 299.0 227.4 112.3 219.5 245.8 315.9 98.6 110.4 104.2
2184.1 100.2 177.2 151.6 301.8 383.2 250.7 79.1 213.8 410.6 156.8 172.0 186.1 53.3 203.8 166.4 204.3 116.7 174.8 203.1 148.1 85.4 343.7 123.0 152.4 427.6 134.2 45.6 81.9 266.5 67.8 147.0 190.9 252.9 137.6 394.0 569.5 218.5 272.0 37.0 239.9 89.9 586.1 116.1 419.3 126.4 172.7 376.0 164.7 125.7 128.7 375.3 193.8 103.0 73.1 139.3 166.2 475.4 83.3 154.8 94.1 241.6 212.7 148.1 202.7 459.6 188.4 87.9 217.9 121.1 152.9 169.0 311.5 58.0 18.7 161.9 223.0 140.6 108.7 174.4 179.7 51.7 202.8 264.7 258.6 223.4 26.0 219.5 192.8 57.4 473.0 219.9 212.1 367.1 169.6 242.1 183.6 402.6 577.5 436.5 71.2 128.5 97.2 165.8 148.8 147.2 0.0 345.3 235.9 103.4 265.8 235.6 192.6 46.9 56.4 86.3
2154.9 306.2 181.5 417.4 185.7 139.9 130.7 432.8 480.0 137.6 421.6 212.7 233.8 344.0 278.7 489.4 525.2 305.7 528.5 526.1 501.8 330.4 209.6 383.3 474.9 182.8 304.0 354.8 331.9 209.5 334.1 411.4 456.7 178.2 491.3 16.1 295.7 196.5 153.7 368.1 170.0 443.6 294.5 302.4 116.2 313.4 294.9 70.5 487.7 198.2 242.1 103.3 189.6 322.6 312.7 187.0 218.5 201.6 361.0 223.5 447.8 216.6 535.7 228.7 542.8 216.3 174.9 318.5 192.9 444.1 267.3 433.8 68.2 390.1 350.8 484.9 192.0 264.8 364.1 250.3 301.9 333.5 231.2 152.9 579.4 546.4 304.9 268.2 515.8 358.8 199.2 477.5 240.5 138.2 313.9 496.2 280.7 101.1 303.7 163.5 424.9 396.4 286.2 264.9 300.7 317.0 332.0 0.0 469.8 355.4 168.9 488.2 515.6 284.0 275.5 350.9
2239.2 178.0 302.6 120.9 382.7 470.4 337.9 152.2 32.0 500.7 50.3 249.8 263.9 176.2 281.6 236.3 247.7 213.5 163.4 187.4 155.3 181.2 485.8 244.7 221.8 514.8 215.1 185.9 199.2 344.3 186.0 116.3 13.5 333.8 148.3 474.9 650.4 299.4 359.2 179.9 327.1 105.5 667.0 194.2 458.2 204.5 243.2 456.9 184.3 284.6 262.2 423.5 310.9 194.5 148.4 298.2 244.0 556.3 134.0 288.3 164.0 319.4 203.4 281.6 51.2 546.8 287.5 215.6 295.7 191.0 252.2 37.1 398.7 157.7 206.1 135.0 303.9 218.4 153.1 252.2 250.2 206.1 280.6 351.9 230.3 109.4 242.8 297.3 164.1 158.0 553.9 148.2 289.9 448.0 244.6 167.6 261.4 483.5 658.4 526.6 123.9 97.8 242.8 230.0 223.8 228.1 227.6 432.5 0.0 139.1 353.0 161.1 194.9 250.1 261.9 163.6
2198.2 81.5 205.0 92.9 286.2 373.9 241.4 89.3 155.5 441.7 98.1 153.3 148.2 79.7 185.1 189.6 225.4 97.8 185.0 226.3 171.3 66.1 305.8 119.8 162.1 416.8 118.6 89.4 102.7 247.8 89.5 86.9 132.2 218.1 107.3 352.2 553.9 202.9 262.6 64.2 219.0 64.5 553.7 97.7 404.6 108.7 146.7 360.5 174.9 168.9 146.5 407.3 195.2 98.0 51.9 201.7 147.5 459.8 19.5 190.0 117.3 203.7 235.9 185.1 154.8 450.3 171.8 107.4 199.2 144.3 155.7 110.3 302.2 43.2 109.6 185.1 207.4 121.9 62.6 136.5 153.7 109.6 184.1 259.6 279.6 173.5 146.3 200.8 216.0 55.5 457.4 154.8 193.4 351.5 128.9 172.7 164.9 393.5 561.9 467.6 81.4 71.9 146.3 133.5 133.9 131.6 131.1 335.0 145.3 0.0 289.5 163.7 202.8 153.6 165.4 99.2
2153.1 227.9 191.9 339.1 102.8 157.1 135.6 416.1 401.7 158.7 344.3 134.4 160.2 265.7 167.7 503.4 545.7 225.6 516.2 544.5 389.0 250.8 122.2 305.0 422.5 170.8 225.7 258.6 249.1 126.6 255.8 334.6 378.4 67.2 353.5 116.9 270.9 118.2 137.2 291.6 38.5 310.7 266.2 224.1 121.5 234.5 217.7 77.4 384.3 163.6 164.5 123.7 78.6 244.3 234.4 192.9 140.2 176.8 289.1 153.8 431.1 104.6 549.7 160.8 384.5 209.1 185.2 234.6 114.6 458.1 196.0 322.8 205.8 307.4 355.7 498.9 113.7 195.0 270.0 138.3 224.7 275.9 152.9 155.0 600.0 419.7 267.4 193.5 529.8 286.6 174.4 400.3 128.5 68.5 202.9 385.2 202.4 103.9 278.9 184.6 324.9 316.1 231.8 186.6 215.9 238.7 336.9 137.5 391.5 276.5 0.0 393.1 463.2 289.9 280.4 268.4
2306.3 300.4 425.0 243.3 505.1 540.4 460.3 274.6 159.3 567.8 230.0 372.2 386.3 298.6 404.0 212.0 141.5 335.9 184.6 100.6 186.8 297.7 543.9 397.5 197.5 656.7 337.5 308.3 321.6 466.7 308.4 237.3 193.2 456.2 204.0 529.3 726.0 421.8 429.1 302.3 457.1 227.9 756.5 316.6 522.6 326.9 365.6 517.0 159.2 407.0 384.6 490.0 433.3 316.9 270.8 420.6 366.4 662.6 256.4 408.9 203.2 441.8 98.1 404.0 120.1 616.8 409.9 338.0 418.1 208.5 374.6 216.8 468.7 280.1 328.5 148.3 426.3 340.8 293.4 374.6 372.6 328.5 403.0 474.3 80.2 144.2 365.2 419.7 127.0 280.4 660.2 149.7 412.3 570.4 367.0 9.0 383.8 612.4 764.7 593.7 246.3 220.2 365.2 352.4 352.8 350.5 350.0 498.6 179.6 280.5 489.7 0.0 144.8 372.5 384.3 305.0
2205.2 217.1 340.6 225.0 421.8 439.3 377.0 178.0 141.0 466.7 209.2 288.9 303.0 215.3 320.7 110.9 65.5 252.6 106.5 99.6 116.4 225.3 460.6 255.4 96.9 555.6 254.2 225.0 238.3 383.4 225.1 219.0 172.4 372.9 125.9 425.3 624.9 338.5 328.0 219.0 373.8 131.3 655.4 233.3 424.2 243.6 282.3 416.0 72.9 323.7 301.3 388.9 350.0 233.6 187.5 337.3 283.1 561.5 173.1 325.6 125.1 358.5 20.0 320.7 101.8 515.7 326.6 243.0 334.8 152.1 291.3 196.0 367.6 196.8 245.2 47.2 343.0 257.5 217.4 291.3 289.3 245.2 319.7 392.4 157.7 123.4 281.9 336.4 76.3 197.1 559.1 131.4 329.0 487.1 283.7 51.9 300.5 529.1 663.6 492.6 149.7 201.9 281.9 269.1 269.5 267.2 266.7 397.5 158.8 185.8 420.6 42.9 0.0 289.2 301.0 218.7
2231.1 69.6 129.1 198.6 254.8 336.2 203.7 126.1 260.8 363.6 203.8 139.9 154.0 78.4 171.7 213.4 249.2 69.7 221.8 250.1 195.1 104.6 311.6 170.0 198.9 379.1 87.2 70.7 46.8 234.4 64.5 192.6 237.9 205.9 184.6 362.4 522.5 171.5 224.9 84.0 200.5 136.9 522.3 81.0 373.2 91.3 125.7 329.1 211.7 78.7 81.7 327.7 146.8 99.7 120.1 92.3 134.1 428.4 130.3 106.0 141.1 209.5 259.7 101.1 259.3 412.6 141.4 40.9 185.8 168.1 105.9 216.0 264.5 105.0 65.7 208.9 176.0 103.4 157.0 142.3 132.7 48.4 170.7 217.7 305.6 270.4 20.8 187.4 239.8 104.4 426.0 272.9 180.0 320.1 122.6 291.6 151.5 362.1 530.5 389.5 118.2 177.6 50.2 118.8 108.4 100.2 46.9 297.3 282.9 137.3 247.4 282.6 239.6 0.0 9.4 137.0
2240.6 79.1 120.7 208.1 245.3 326.7 194.2 135.6 270.3 354.1 213.3 131.7 145.8 87.9 163.5 222.9 260.8 60.2 231.3 259.6 204.6 120.0 303.4 179.5 208.9 371.1 79.0 80.2 56.3 226.2 74.0 203.5 247.4 196.4 194.1 337.5 513.0 162.0 215.5 93.5 183.4 146.4 529.6 90.5 362.8 100.8 116.2 319.5 221.2 69.2 72.2 318.8 137.3 109.2 105.7 82.8 125.9 418.9 139.8 98.3 150.6 201.3 269.2 91.6 259.2 403.1 131.9 32.7 177.6 177.6 96.4 225.5 255.0 114.5 75.2 218.4 166.5 93.9 165.2 134.1 123.2 57.9 162.5 208.2 315.1 279.9 30.3 179.2 249.3 113.9 416.5 276.4 171.8 310.6 113.1 298.6 143.3 346.1 521.0 380.0 127.7 185.0 40.7 109.3 92.3 92.0 56.4 288.8 292.4 159.9 209.3 292.1 249.1 9.4 0.0 142.8
2231.5 73.8 198.4 126.2 278.5 366.2 233.7 163.3 188.8 434.0 117.2 145.6 160.1 72.0 177.4 253.9 291.8 109.7 259.0 290.6 176.1 101.9 363.3 32.9 236.6 410.6 110.9 81.7 95.0 240.1 81.8 121.6 151.9 226.3 140.6 370.7 546.2 195.2 255.3 92.2 227.2 97.8 546.0 90.0 396.0 100.3 135.7 352.8 201.8 177.1 154.7 399.6 207.1 90.3 44.2 194.4 139.8 452.1 67.5 184.1 181.6 215.6 300.2 177.4 185.1 442.6 183.7 100.7 191.5 208.6 148.0 129.4 294.5 94.5 83.9 249.4 199.7 114.2 70.6 144.7 146.0 101.9 176.4 248.6 346.1 206.8 137.5 193.1 234.3 73.6 449.7 187.3 182.4 343.8 137.1 202.7 157.2 379.3 554.2 459.9 155.4 103.1 135.3 125.8 119.6 150.3 114.7 328.3 165.0 63.5 274.1 197.4 280.1 145.9 171.2 0.0
