Name		1591_BED-Amazon_n122_m193_bt19
Number_of_Customers	122
Number_of_Items		193
Number_of_ItemTypes	19
Number_of_Vehicles	1
TimeWindows		0
Dist_type	manual

VEHICLE
Mass_Capacity	1693
CargoSpace_Length	160
CargoSpace_Width	70
CargoSpace_Height	72

CUSTOMERS
i	x	y	Demand	ReadyTime	DueDate	ServiceTime	DemandedMass	DemandedVolume
0	33.965477	-117.653303	0	0	0	0	0	0
1	33.871469	-118.002609	3	0	0	0	18.6	7576
2	33.875323	-118.005647	3	0	0	0	7.9	7998
3	33.857319	-117.989819	1	0	0	0	4.7	1380
4	33.875911	-118.001204	2	0	0	0	4.91	6720
5	33.867315	-118.002621	1	0	0	0	2.15	1080
6	33.854659	-117.981699	1	0	0	0	4.7	1380
7	33.858717	-117.99045	1	0	0	0	2.15	1080
8	33.866498	-118.009602	1	0	0	0	7.3	3640
9	33.866269	-118.002552	1	0	0	0	1.75	4608
10	33.878399	-118.004931	1	0	0	0	1.9	1176
11	33.875079	-118.005184	2	0	0	0	7.2	5358
12	33.85777	-117.992176	1	0	0	0	2.5	3978
13	33.873519	-117.996256	1	0	0	0	5.29	8075
14	33.838139	-117.976515	1	0	0	0	0.7	2640
15	33.875167	-117.991587	1	0	0	0	5.29	8075
16	33.871218	-117.993861	3	0	0	0	11.85	10008
17	33.876531	-117.999785	2	0	0	0	3.65	5784
18	33.871033	-117.9948	1	0	0	0	1.9	1176
19	33.864529	-118.008253	1	0	0	0	3.01	5544
20	33.875536	-117.992802	2	0	0	0	7.45	10452
21	33.856914	-117.992164	1	0	0	0	4.7	1380
22	33.879587	-118.005131	2	0	0	0	5.4	4020
23	33.861917	-117.999675	1	0	0	0	9.4	2760
24	33.8625	-117.994156	1	0	0	0	1.8	2520
25	33.875748	-117.993312	1	0	0	0	0.7	2640
26	33.841691	-117.974094	2	0	0	0	6.6	2556
27	33.87481	-118.005184	2	0	0	0	12.41	8304
28	33.865074	-118.001569	1	0	0	0	3.82	7600
29	33.87173	-117.991472	1	0	0	0	2.5	3978
30	33.876045	-117.997108	1	0	0	0	4.8	6200
31	33.874617	-117.992559	1	0	0	0	2.5	3978
32	33.862801	-118.003601	1	0	0	0	2.94	14904
33	33.878405	-118.002689	2	0	0	0	6.47	10805
34	33.874438	-118.001196	1	0	0	0	0.7	2640
35	33.8472	-117.976129	2	0	0	0	25.4	8076
36	33.841481	-117.972563	1	0	0	0	4.7	1380
37	33.865318	-118.000701	1	0	0	0	14.15	1000
38	33.858995	-117.991472	1	0	0	0	3.01	5544
39	33.872292	-117.999721	1	0	0	0	0.7	2640
40	33.866555	-118.002565	1	0	0	0	5.29	8075
41	33.872125	-118.001179	3	0	0	0	9.45	12860
42	33.873808	-117.995956	2	0	0	0	7.3	11780
43	33.874251	-117.994832	1	0	0	0	4.7	1380
44	33.874791	-117.994837	1	0	0	0	3.01	5544
45	33.837923	-117.972633	1	0	0	0	4.7	1380
46	33.865329	-117.999868	1	0	0	0	4.7	1380
47	33.844811	-117.97425	2	0	0	0	16.7	6400
48	33.854687	-117.982765	1	0	0	0	2.5	3978
49	33.876823	-118.003532	3	0	0	0	7.3	5196
50	33.877213	-117.998786	1	0	0	0	7.3	3640
51	33.861218	-117.999634	1	0	0	0	0.7	2640
52	33.864557	-118.005801	1	0	0	0	7.3	3640
53	33.877485	-117.999799	1	0	0	0	0.7	2640
54	33.837603	-117.977898	1	0	0	0	1.9	1176
55	33.863728	-118.005699	1	0	0	0	3.44	17100
56	33.867117	-118.002862	4	0	0	0	13.77	23010
57	33.875326	-118.005314	2	0	0	0	7.2	5358
58	33.875905	-117.991396	2	0	0	0	2.6	3816
59	33.844488	-117.973588	1	0	0	0	4.7	1380
60	33.862596	-118.011212	1	0	0	0	4.7	1380
61	33.873992	-117.99389	1	0	0	0	4.7	1380
62	33.863556	-118.006924	1	0	0	0	4.7	1380
63	33.855302	-117.981768	2	0	0	0	3.65	5784
64	33.8809	-118.001421	1	0	0	0	0.7	2640
65	33.854572	-117.983552	1	0	0	0	4.7	1380
66	33.836795	-117.976306	1	0	0	0	1.9	1176
67	33.880319	-118.003521	1	0	0	0	1.9	1176
68	33.875696	-118.002653	1	0	0	0	1.9	1176
69	33.837643	-117.97731	1	0	0	0	4.7	1380
70	33.874858	-118.002646	1	0	0	0	0.7	2640
71	33.873513	-117.992475	2	0	0	0	10.1	5400
72	33.839027	-117.976588	1	0	0	0	2.6	10400
73	33.873418	-117.992652	3	0	0	0	13.9	6196
74	33.858134	-117.993284	1	0	0	0	2.5	3978
75	33.871728	-117.990268	1	0	0	0	4.7	1380
76	33.859588	-117.99068	1	0	0	0	5.0	7956
77	33.869195	-118.009078	7	0	0	0	27.47	32824
78	33.86708	-118.009454	1	0	0	0	4.8	6200
79	33.879645	-118.003476	2	0	0	0	4.52	10240
80	33.875916	-117.994843	2	0	0	0	3.71	8184
81	33.874351	-118.005181	2	0	0	0	5.99	10715
82	33.876029	-118.003916	1	0	0	0	1.9	1176
83	33.880045	-118.001251	2	0	0	0	6.85	2460
84	33.867101	-118.004836	1	0	0	0	4.7	1380
85	33.839808	-117.97609	1	0	0	0	9.4	2760
86	33.841945	-117.975113	1	0	0	0	2.5	3978
87	33.871369	-117.994803	1	0	0	0	0.7	2640
88	33.874381	-118.002638	1	0	0	0	9.4	2760
89	33.837297	-117.977574	1	0	0	0	4.7	1380
90	33.866857	-118.008695	1	0	0	0	4.7	1380
91	33.861876	-118.000541	1	0	0	0	7.3	3640
92	33.874329	-117.991474	2	0	0	0	3.2	6618
93	33.879214	-118.005254	2	0	0	0	3.2	6618
94	33.880172	-117.99926	1	0	0	0	3.5	9216
95	33.8612	-117.995401	1	0	0	0	0.7	2640
96	33.861025	-117.990714	1	0	0	0	5.0	7956
97	33.862807	-117.998748	1	0	0	0	3.8	2352
98	33.874984	-117.990911	1	0	0	0	1.9	1176
99	33.839107	-117.97772	1	0	0	0	2.15	1080
100	33.858271	-117.989388	3	0	0	0	8.0	7836
101	33.838372	-117.974715	1	0	0	0	4.7	1380
102	33.859883	-117.995381	1	0	0	0	4.7	1380
103	33.862795	-118.001143	1	0	0	0	1.75	4608
104	33.858158	-117.992853	2	0	0	0	7.79	12053
105	33.843795	-117.973395	1	0	0	0	0.7	2640
106	33.878428	-118.006149	1	0	0	0	7.3	3640
107	33.873478	-118.000986	1	0	0	0	4.7	1380
108	33.873527	-117.990497	1	0	0	0	5.0	7956
109	33.865284	-118.006663	1	0	0	0	0.7	2640
110	33.857366	-117.992169	1	0	0	0	0.7	2640
111	33.878397	-118.001248	1	0	0	0	0.7	2640
112	33.875423	-118.002651	1	0	0	0	0.7	2640
113	33.876281	-117.992478	2	0	0	0	5.4	4020
114	33.842362	-117.972808	2	0	0	0	11.2	5280
115	33.875948	-118.002658	1	0	0	0	0.7	2640
116	33.880543	-118.002699	1	0	0	0	4.7	1380
117	33.8625	-118.009941	1	0	0	0	0.7	2640
118	33.86316	-117.996744	1	0	0	0	0.7	2640
119	33.867115	-118.003209	1	0	0	0	7.3	3640
120	33.872002	-117.994811	2	0	0	0	9.05	8248
121	33.865996	-118.011243	3	0	0	0	11.52	19928
122	33.860785	-118.009808	1	0	0	0	0.7	2640

ITEMS
Type	Length	Width	Height	Mass	Fragility	LoadBearingStrength
Bt1	10	10	10	14.15	1	0
Bt2	18	12	5	2.15	1	0
Bt3	21	14	4	1.9	1	0
Bt4	23	15	4	4.7	1	0
Bt5	20	18	7	1.8	1	0
Bt6	15	11	16	0.7	1	0
Bt7	20	14	13	7.3	1	0
Bt8	17	13	18	2.5	1	0
Bt9	24	12	16	1.75	1	0
Bt10	28	22	9	3.01	1	0
Bt11	31	20	10	4.8	1	0
Bt12	40	19	10	3.82	1	0
Bt13	25	19	17	5.29	1	0
Bt14	22	15	26	3.816	1	0
Bt15	28	18	18	2.75	1	0
Bt16	29	25	13	1.77	1	0
Bt17	40	20	13	2.6	1	0
Bt18	27	23	24	2.94	1	0
Bt19	57	15	20	3.44	1	0

DEMANDS PER CUSTOMER
i	Type Quantity
1	Bt3 1	Bt4 2	Bt7 1	
2	Bt4 1	Bt6 1	Bt8 1	
3	Bt4 1	
4	Bt10 1	Bt3 1	
5	Bt2 1	
6	Bt4 1	
7	Bt2 1	
8	Bt7 1	
9	Bt9 1	
10	Bt3 1	
11	Bt4 1	Bt8 1	
12	Bt8 1	
13	Bt13 1	
14	Bt6 1	
15	Bt13 1	
16	Bt4 2	Bt9 1	Bt6 1	
17	Bt3 1	Bt9 1	
18	Bt3 1	
19	Bt10 1	
20	Bt4 1	Bt15 1	
21	Bt4 1	
22	Bt4 1	Bt6 1	
23	Bt4 2	
24	Bt5 1	
25	Bt6 1	
26	Bt3 1	Bt4 1	
27	Bt4 2	Bt10 1	
28	Bt12 1	
29	Bt8 1	
30	Bt11 1	
31	Bt8 1	
32	Bt18 1	
33	Bt16 1	Bt4 1	
34	Bt6 1	
35	Bt3 1	Bt4 5	
36	Bt4 1	
37	Bt1 1	
38	Bt10 1	
39	Bt6 1	
40	Bt13 1	
41	Bt17 1	Bt2 1	Bt4 1	
42	Bt17 1	Bt4 1	
43	Bt4 1	
44	Bt10 1	
45	Bt4 1	
46	Bt4 1	
47	Bt4 2	Bt7 1	
48	Bt8 1	
49	Bt3 1	Bt4 1	Bt6 1	
50	Bt7 1	
51	Bt6 1	
52	Bt7 1	
53	Bt6 1	
54	Bt3 1	
55	Bt19 1	
56	Bt14 1	Bt15 1	Bt4 1	Bt8 1	
57	Bt4 1	Bt8 1	
58	Bt3 1	Bt6 1	
59	Bt4 1	
60	Bt4 1	
61	Bt4 1	
62	Bt4 1	
63	Bt3 1	Bt9 1	
64	Bt6 1	
65	Bt4 1	
66	Bt3 1	
67	Bt3 1	
68	Bt3 1	
69	Bt4 1	
70	Bt6 1	
71	Bt6 1	Bt4 2	
72	Bt17 1	
73	Bt3 1	Bt4 1	Bt7 1	
74	Bt8 1	
75	Bt4 1	
76	Bt8 2	
77	Bt4 2	Bt12 1	Bt6 1	Bt7 1	Bt17 1	Bt3 1	Bt9 1	
78	Bt11 1	
79	Bt12 1	Bt6 1	
80	Bt6 1	Bt10 1	
81	Bt13 1	Bt6 1	
82	Bt3 1	
83	Bt4 1	Bt2 1	
84	Bt4 1	
85	Bt4 2	
86	Bt8 1	
87	Bt6 1	
88	Bt4 2	
89	Bt4 1	
90	Bt4 1	
91	Bt7 1	
92	Bt6 1	Bt8 1	
93	Bt6 1	Bt8 1	
94	Bt9 2	
95	Bt6 1	
96	Bt8 2	
97	Bt3 2	
98	Bt3 1	
99	Bt2 1	
100	Bt6 2	Bt3 1	Bt4 1	
101	Bt4 1	
102	Bt4 1	
103	Bt9 1	
104	Bt8 1	Bt13 1	
105	Bt6 1	
106	Bt7 1	
107	Bt4 1	
108	Bt8 2	
109	Bt6 1	
110	Bt6 1	
111	Bt6 1	
112	Bt6 1	
113	Bt6 1	Bt4 1	
114	Bt4 2	Bt5 1	
115	Bt6 1	
116	Bt4 1	
117	Bt6 1	
118	Bt6 1	
119	Bt7 1	
120	Bt7 1	Bt9 1	
121	Bt10 2	Bt6 1	Bt11 1	
122	Bt6 1	

DISTANCE MATRIX
0.0 2603.7 2623.4 2659.0 2652.4 2662.9 2818.8 2594.3 2670.4 2611.4 2645.0 2581.7 2623.9 2661.4 2638.5 2683.6 2562.2 2683.8 2600.9 2682.0 2663.1 2645.7 2679.2 2623.1 2579.0 2654.1 2656.5 2575.7 2586.9 2617.6 2678.2 2649.8 2683.4 2670.9 2624.2 2507.2 2635.5 2556.5 2569.6 2637.2 2615.4 2617.3 2687.6 2649.1 2661.0 2726.3 2543.7 2601.6 2773.8 2646.2 2682.4 2598.7 2673.5 2709.1 2744.5 2692.0 2674.8 2604.2 2688.0 2577.2 2561.4 2610.4 2703.3 2825.0 2729.8 2753.1 2651.8 2734.3 2628.4 2717.9 2611.9 2625.4 2634.5 2620.4 2588.8 2640.6 2518.5 2692.7 2651.4 2738.8 2680.1 2567.9 2624.0 2738.7 2705.0 2601.5 2618.3 2607.6 2602.5 2719.2 2669.6 2641.1 2665.0 2662.2 2766.2 2546.8 2556.7 2564.9 2694.9 2655.7 2599.5 2711.2 2575.4 2600.7 2597.2 2625.1 2755.9 2589.6 2641.5 2657.2 2635.6 2747.3 2621.9 2674.5 2626.4 2633.7 2701.2 2694.0 2543.1 2680.4 2609.1 2607.8 2655.7
2666.0 0.0 156.5 397.9 159.5 59.1 578.4 333.2 214.4 71.7 178.1 114.8 348.8 130.6 559.3 255.8 196.1 170.5 203.1 215.4 235.3 370.6 212.3 201.6 229.1 226.3 577.3 108.8 130.7 245.9 184.4 216.7 185.4 122.1 93.4 428.0 591.4 130.8 308.5 106.4 67.7 86.5 152.7 176.8 188.7 658.4 144.3 544.9 533.4 128.5 205.4 199.6 175.5 188.2 665.3 194.0 71.0 137.3 260.2 526.8 279.7 182.6 208.4 592.5 181.0 512.7 572.6 215.0 79.6 638.7 63.1 177.1 555.3 185.1 313.7 259.4 346.5 293.4 181.5 178.2 225.8 101.0 128.0 194.3 101.2 522.3 539.1 196.4 53.7 640.0 194.4 184.6 231.9 195.3 217.4 342.6 384.7 192.9 267.1 576.5 449.0 602.8 316.8 156.6 322.1 590.9 289.0 58.8 194.3 159.2 360.5 198.5 73.1 246.7 566.3 84.9 152.4 284.6 253.3 76.6 181.2 254.1 319.8
2723.5 159.0 0.0 590.0 184.4 218.2 797.1 525.3 309.0 230.8 108.2 41.6 507.9 216.7 616.8 368.1 282.2 195.4 289.2 374.5 347.6 529.7 142.4 400.0 388.2 338.6 634.8 45.1 289.8 332.0 259.3 302.8 344.5 168.7 212.8 485.5 648.9 333.4 500.6 192.5 226.8 172.6 242.9 262.9 274.8 715.9 320.6 602.4 752.1 109.1 230.3 375.6 334.6 213.1 722.8 353.1 230.1 29.1 346.8 584.3 438.8 268.7 367.5 803.3 223.9 731.4 630.1 197.5 148.3 696.2 164.9 263.2 612.8 271.2 472.8 345.5 538.6 307.8 290.0 202.0 307.2 54.4 125.2 232.8 260.3 579.8 596.6 282.5 175.6 697.5 308.2 343.7 321.7 125.4 260.3 501.7 576.8 347.4 379.4 634.0 641.1 660.3 475.9 315.7 481.2 648.4 219.1 144.9 280.4 318.3 519.6 241.4 154.8 333.3 623.8 143.0 195.3 380.6 412.4 235.7 267.3 312.4 478.9
2645.1 413.3 449.8 0.0 523.2 439.5 438.7 49.4 516.4 383.5 471.4 408.1 247.9 396.7 506.2 436.8 315.4 520.5 354.1 485.5 416.3 225.2 505.6 449.5 192.3 407.3 524.2 402.1 359.0 370.8 458.4 403.0 455.5 535.5 495.0 374.9 538.3 328.6 154.8 463.6 387.5 443.7 405.1 402.3 414.2 605.3 315.8 491.8 393.7 472.6 536.0 425.1 445.6 545.8 612.2 464.1 412.6 430.6 441.2 473.7 407.4 363.6 478.5 452.8 594.4 373.0 519.5 560.7 493.0 585.6 476.5 378.6 502.2 373.6 174.0 393.8 94.8 538.7 497.4 591.6 433.3 394.3 450.4 603.3 442.8 469.2 486.0 360.8 467.1 586.9 515.6 467.5 418.2 488.6 580.2 184.9 133.0 391.3 448.1 523.4 192.5 549.7 159.1 427.1 283.4 537.8 582.3 416.0 394.7 429.3 236.2 611.9 486.5 427.7 513.2 498.3 565.8 540.0 236.1 418.2 362.3 453.8 501.7
2757.9 168.1 187.1 519.6 0.0 188.7 700.1 454.9 344.0 201.3 146.9 151.4 470.5 147.3 651.2 239.6 212.8 66.9 219.8 345.0 219.1 492.3 181.1 390.1 350.8 210.1 669.2 145.4 260.3 262.6 130.8 241.0 315.0 99.0 28.3 519.9 683.3 323.5 430.2 163.1 197.3 85.2 200.1 219.2 207.3 750.3 310.7 636.8 655.1 83.7 101.8 365.7 305.1 84.6 757.2 323.6 200.6 167.9 218.3 618.7 409.3 215.5 338.0 714.2 154.2 634.4 664.5 188.2 134.2 730.6 117.7 193.8 647.2 201.8 435.4 276.1 468.2 342.2 311.1 151.4 178.7 137.6 123.7 163.1 230.8 614.2 631.0 213.1 108.3 731.9 324.0 314.2 256.2 164.1 190.6 464.3 506.4 337.5 250.9 668.4 570.7 694.7 438.5 367.7 443.8 682.8 257.8 75.5 211.0 288.8 482.2 171.7 127.7 204.8 658.2 93.3 125.6 414.2 375.0 206.2 197.9 383.7 449.4
2668.3 76.3 232.9 395.4 229.0 0.0 589.9 330.7 155.2 12.5 254.5 191.2 360.3 207.0 561.6 332.2 272.5 246.9 279.5 156.2 311.7 382.1 288.7 142.4 247.3 302.7 579.6 185.2 71.5 322.3 260.8 293.1 126.2 198.5 200.8 430.3 593.7 71.6 306.0 167.7 8.5 142.0 233.2 253.2 265.1 660.7 85.1 547.2 544.9 204.5 281.8 140.4 116.3 264.6 667.6 134.8 11.8 213.7 336.6 529.1 220.5 259.0 149.2 604.0 257.4 524.2 574.9 291.4 156.0 641.0 139.5 256.0 557.6 251.0 325.2 335.8 344.0 234.2 122.3 254.6 294.9 177.4 204.4 266.3 42.0 524.6 541.4 272.8 130.1 642.3 135.2 125.4 308.3 271.7 293.8 301.2 382.2 133.7 343.5 578.8 446.5 605.1 280.9 97.4 333.6 593.2 365.4 135.2 272.1 100.0 372.0 274.9 149.5 323.1 568.6 161.3 228.8 225.4 271.5 17.4 258.9 194.9 260.6
2901.0 600.9 785.6 425.8 710.8 627.1 0.0 361.1 741.5 590.8 807.2 743.9 337.7 584.3 444.5 624.4 503.0 708.1 541.7 692.8 603.9 319.3 841.4 653.8 379.9 594.9 479.5 737.9 566.3 558.4 646.0 590.6 662.8 723.1 682.6 354.7 493.6 535.9 336.4 692.3 594.8 666.6 592.7 589.9 601.8 525.6 523.1 447.3 34.9 729.1 723.6 629.4 652.9 733.4 550.5 671.4 639.0 766.4 628.8 468.9 632.5 551.2 685.8 37.3 782.0 55.6 457.8 816.0 680.6 523.9 664.1 566.2 440.5 561.2 302.6 581.4 374.4 763.8 722.5 779.2 620.9 730.1 757.1 790.9 669.2 442.5 441.3 548.4 654.7 525.2 740.7 685.6 605.8 824.4 754.7 390.5 412.6 595.6 635.7 398.4 483.6 470.0 364.7 631.4 311.0 538.0 918.1 653.6 582.3 636.6 330.3 799.5 674.1 615.3 468.5 685.9 753.4 765.1 423.7 644.6 549.9 678.9 726.8
2595.6 363.8 400.3 64.6 473.7 390.0 389.2 0.0 466.9 334.0 421.9 358.6 198.4 347.2 456.7 387.3 265.9 471.0 304.6 436.0 366.8 175.7 456.1 400.0 142.8 357.8 474.7 352.6 309.5 321.3 408.9 353.5 406.0 486.0 445.5 325.4 488.8 279.1 105.3 414.1 338.0 394.2 355.6 352.8 364.7 555.8 266.3 442.3 344.2 423.1 486.5 375.6 396.1 496.3 562.7 414.6 363.1 381.1 391.7 424.2 357.9 314.1 429.0 403.3 544.9 323.5 470.0 511.2 443.5 536.1 427.0 329.1 452.7 324.1 124.5 344.3 45.3 489.2 447.9 542.1 383.8 344.8 400.9 553.8 393.3 419.7 436.5 311.3 417.6 537.4 466.1 418.0 368.7 439.1 530.7 135.4 83.5 341.8 398.6 473.9 143.0 500.2 109.6 377.6 233.9 488.3 532.8 366.5 345.2 379.8 186.7 562.4 437.0 378.2 463.7 448.8 516.3 490.5 186.6 368.7 312.8 404.3 452.2
2733.4 219.0 323.9 542.1 352.9 198.0 736.6 477.4 0.0 159.2 345.5 282.2 507.0 361.9 626.7 487.1 427.4 384.3 434.4 139.3 466.6 528.8 379.7 289.1 390.0 457.6 644.7 276.2 216.3 477.2 415.7 448.0 231.2 341.2 324.7 495.4 658.8 216.4 452.7 337.7 155.2 317.8 388.1 408.1 420.0 725.8 229.9 612.3 691.6 346.7 424.5 287.1 155.0 407.3 732.7 173.5 136.6 304.7 491.5 594.2 193.9 413.9 132.3 750.7 400.1 670.9 640.0 434.8 298.7 706.1 282.2 410.9 622.7 405.9 471.9 490.7 490.7 142.1 24.1 397.3 449.8 268.4 324.5 409.0 102.7 589.7 606.5 427.7 272.8 707.4 42.3 272.1 463.2 362.7 436.5 447.9 528.9 280.4 498.4 643.9 593.2 670.2 427.6 244.1 480.3 658.3 456.4 290.1 427.0 120.9 518.7 417.6 292.2 478.0 633.7 304.0 371.5 226.5 414.2 126.1 413.8 196.0 270.2
2677.4 69.5 226.1 382.8 222.2 48.5 589.8 318.1 172.4 0.0 247.7 184.4 360.2 200.2 570.7 325.4 265.7 240.1 272.7 143.6 304.9 382.0 281.9 129.8 240.5 295.9 588.7 178.4 58.9 315.5 254.0 286.3 113.6 191.7 194.0 439.4 602.8 59.0 293.4 160.9 3.9 135.2 226.4 246.4 258.3 669.8 72.5 556.3 544.8 197.7 275.0 127.8 103.7 257.8 676.7 122.2 29.0 206.9 329.8 538.2 207.9 252.2 136.6 603.9 250.6 524.1 584.0 284.6 149.2 650.1 132.7 249.2 566.7 244.2 325.1 329.0 331.4 267.2 139.5 247.8 288.1 170.6 197.6 259.5 59.2 533.7 550.5 266.0 123.3 651.4 152.4 112.8 301.5 264.9 287.0 354.0 369.6 121.1 336.7 587.9 433.9 614.2 328.2 84.8 333.5 602.3 358.6 128.4 265.3 87.4 371.9 268.1 142.7 316.3 577.7 154.5 222.0 212.8 264.7 34.6 252.1 182.3 248.0
2748.0 190.0 91.1 588.0 147.1 249.2 768.5 523.3 404.5 261.8 0.0 66.1 538.9 241.2 641.3 330.8 306.7 158.1 313.7 405.5 310.3 560.7 34.1 391.7 419.2 301.3 659.3 72.0 320.8 356.5 222.0 332.2 375.5 152.5 175.5 510.0 673.4 320.9 498.6 254.3 257.8 232.4 287.9 310.4 298.5 740.4 334.4 626.9 723.5 72.1 193.0 389.7 365.6 175.8 747.3 384.1 261.1 71.9 309.5 608.8 469.8 306.7 398.5 782.6 202.4 702.8 654.6 89.2 111.0 720.7 127.6 290.2 637.3 285.2 503.8 370.0 536.6 332.3 371.6 93.7 269.9 78.9 87.9 193.3 291.3 604.3 621.1 307.0 138.3 722.0 384.5 374.7 347.4 17.2 235.3 532.7 574.8 366.3 342.1 658.5 639.1 684.8 506.9 346.7 512.2 672.9 110.8 169.4 306.3 349.3 550.6 201.9 117.5 296.0 648.3 105.7 173.8 474.7 443.4 266.7 293.1 444.2 509.9
2681.8 117.3 41.6 548.3 139.4 176.5 755.4 483.6 267.3 189.1 63.2 0.0 466.2 175.0 575.1 323.1 240.5 150.4 247.5 332.8 302.6 488.0 97.4 358.3 346.5 293.6 593.1 5.5 248.1 290.3 214.3 261.1 302.8 120.0 167.8 443.8 607.2 291.7 458.9 150.8 185.1 130.9 201.2 221.2 290.8 674.2 278.9 560.7 710.4 64.1 185.3 333.9 292.9 168.1 681.1 311.4 188.4 22.4 305.1 542.6 397.1 227.0 325.8 761.6 178.9 689.7 588.4 152.5 103.3 654.5 119.9 221.5 571.1 229.5 431.1 303.8 496.9 266.1 248.3 157.0 262.2 12.7 80.2 192.2 218.6 538.1 554.9 240.8 130.6 655.8 266.5 302.0 280.0 80.4 215.3 460.0 530.0 305.7 334.4 592.3 599.4 618.6 434.2 274.0 439.5 606.7 174.1 103.2 240.1 276.6 477.9 196.4 109.8 288.3 582.1 98.0 150.3 338.9 370.7 194.0 225.6 270.7 437.2
2705.6 377.0 561.7 201.9 486.9 403.2 357.4 137.2 498.1 366.9 583.3 520.0 0.0 360.4 514.2 400.5 279.1 484.2 317.8 468.9 380.0 22.1 617.5 429.9 156.0 371.0 584.7 514.0 342.4 334.5 422.1 366.7 438.9 499.2 458.7 435.4 595.0 312.0 112.5 468.4 370.9 442.7 368.8 366.0 377.9 595.3 299.2 552.3 312.4 505.2 499.7 405.5 429.0 509.5 620.2 447.5 415.1 542.5 404.9 534.2 389.1 327.3 461.9 371.5 558.1 291.7 527.5 592.1 456.7 593.6 440.2 342.3 510.2 337.3 42.9 357.5 150.5 520.4 479.1 555.3 397.0 506.2 533.2 567.0 445.3 529.7 546.5 324.5 430.8 594.9 524.0 447.9 381.9 600.5 530.8 166.6 188.7 371.7 411.8 468.1 240.3 539.7 140.8 407.5 35.4 598.3 694.2 429.7 358.4 412.7 11.6 575.6 450.2 391.4 573.7 462.0 529.5 538.1 199.8 420.7 326.0 435.5 483.4
2693.4 137.6 201.2 390.0 126.4 196.8 570.5 325.3 352.1 209.4 222.8 159.5 340.9 0.0 586.7 125.1 65.4 123.7 72.4 353.1 104.6 362.7 257.0 289.9 221.2 95.6 604.7 153.5 253.7 115.2 61.6 86.0 323.1 184.8 98.2 455.4 618.8 223.3 300.6 97.1 205.4 111.3 26.1 46.1 58.0 685.8 210.5 572.3 525.5 202.0 150.5 265.5 313.2 149.0 692.7 331.7 208.7 182.0 129.5 554.2 417.4 51.9 346.1 584.6 243.7 504.8 600.0 277.7 142.3 666.1 125.8 48.9 582.7 43.9 305.8 128.7 338.6 350.3 319.2 240.9 87.8 145.7 172.7 252.6 238.9 549.7 566.5 65.7 116.4 667.4 332.1 307.9 101.2 240.0 194.9 334.7 376.8 231.7 136.4 681.2 441.1 630.2 308.9 267.5 314.2 618.3 333.7 69.2 65.0 296.9 352.6 261.2 135.8 116.0 593.7 147.6 215.1 422.3 245.4 214.3 51.8 391.8 457.5
2672.3 685.6 705.3 545.6 734.3 744.8 452.6 480.9 700.9 693.3 726.9 663.6 517.9 743.3 0.0 778.2 683.2 765.7 716.4 712.5 784.1 499.5 761.1 705.0 560.1 775.1 145.9 657.6 668.8 705.8 760.1 770.8 765.3 752.8 706.1 144.9 153.9 638.4 516.6 719.1 697.3 699.2 769.5 770.1 782.0 172.0 625.6 165.0 407.6 728.1 764.3 680.6 738.5 791.0 136.8 757.0 756.7 686.1 791.8 146.9 591.9 731.4 733.8 458.8 811.7 386.9 44.1 816.2 710.3 110.2 693.8 728.6 70.0 741.4 482.8 682.3 479.0 723.2 681.9 820.7 801.1 649.8 705.9 820.6 760.5 55.5 118.7 723.1 684.4 111.5 700.1 714.5 758.6 744.1 848.1 569.1 517.2 646.8 766.9 110.1 560.0 116.4 543.3 682.6 491.2 211.0 837.8 671.5 712.5 704.4 510.5 829.2 703.8 795.5 145.9 715.6 783.1 724.5 573.6 762.3 737.4 638.3 686.2
2889.7 279.4 343.0 454.9 268.2 338.6 635.4 390.2 493.9 351.2 325.0 301.3 405.8 141.7 783.0 0.0 130.3 211.1 169.1 494.9 20.5 427.6 359.2 431.7 286.1 29.5 801.0 295.3 395.5 158.3 139.8 84.6 464.9 273.4 240.0 651.7 815.1 365.1 365.5 238.9 347.2 253.1 150.1 120.9 109.0 873.3 352.3 768.6 590.4 261.4 186.8 407.3 455.0 208.8 889.0 473.5 350.5 323.8 92.0 750.5 559.2 83.5 487.9 649.5 332.3 569.7 796.3 366.3 284.1 862.4 267.6 91.4 779.0 95.5 370.7 134.8 403.5 492.1 461.0 329.5 104.5 287.5 314.5 341.2 380.7 746.0 762.8 162.4 258.2 863.7 473.9 449.7 69.4 342.2 278.0 399.6 441.7 373.5 11.2 746.1 506.0 817.7 373.8 409.3 379.1 814.6 435.9 211.0 75.3 438.7 417.5 349.8 277.6 78.5 790.0 289.4 303.7 564.1 310.3 356.1 151.6 533.6 599.3
2759.3 191.3 282.5 324.5 207.7 217.5 505.0 259.8 372.8 230.1 304.1 240.8 275.4 81.2 652.6 121.3 0.0 205.0 71.0 373.8 100.8 297.2 338.3 289.4 155.7 91.8 670.6 234.8 253.2 55.3 142.9 87.5 343.8 266.1 179.5 521.3 684.7 222.8 235.1 217.7 226.1 174.0 85.5 86.8 98.7 742.9 210.0 638.2 460.0 283.0 220.5 265.0 333.9 230.3 758.6 352.4 229.4 263.3 129.0 620.1 438.1 48.1 366.8 519.1 325.0 439.3 665.9 359.0 223.6 732.0 207.1 60.6 648.6 68.6 240.3 78.3 273.1 451.8 339.9 322.2 117.8 227.0 254.0 333.9 259.6 615.6 632.4 57.6 197.7 733.3 352.8 307.4 102.7 321.3 276.2 269.2 306.2 231.2 132.6 615.7 375.6 687.3 243.4 267.0 248.7 684.2 415.0 150.5 77.8 317.6 287.1 342.5 217.1 112.2 659.6 228.9 296.4 443.0 179.9 235.0 46.8 412.5 478.2
2752.2 154.6 199.6 538.7 88.4 213.8 726.0 474.0 369.1 226.4 159.4 174.6 496.4 170.1 645.5 198.2 220.9 0.0 243.9 370.1 177.7 518.2 193.6 348.7 376.7 168.7 663.5 170.9 312.5 270.7 89.4 199.6 340.1 107.8 115.2 514.2 677.6 282.1 449.3 96.1 222.4 128.3 155.3 177.8 165.9 744.6 269.3 631.1 681.0 96.2 60.4 324.3 330.2 25.2 751.5 348.7 225.7 180.4 176.9 613.0 434.4 174.1 363.1 740.1 166.7 660.3 658.8 200.7 111.1 724.9 142.8 213.1 641.5 221.1 461.3 293.7 487.3 367.3 336.2 163.9 137.3 162.7 136.2 180.0 255.9 608.5 625.3 237.2 133.4 726.2 349.1 366.7 218.5 176.6 203.1 490.2 520.4 296.1 209.5 662.7 589.8 689.0 464.4 326.3 469.7 677.1 270.3 86.2 230.3 313.9 508.1 184.2 152.8 163.4 652.5 105.8 138.1 439.3 400.9 231.3 225.7 408.8 474.5
2685.3 183.7 285.5 377.8 210.7 209.9 558.3 313.1 365.2 222.5 307.1 243.8 328.7 84.2 578.6 168.8 53.2 208.0 0.0 366.2 148.3 350.5 341.3 281.8 209.0 139.3 596.6 237.8 245.6 85.0 160.8 129.7 336.2 269.1 182.5 447.3 610.7 215.2 288.4 210.1 218.5 166.4 99.9 71.8 83.7 796.2 202.4 564.2 513.3 286.3 249.7 257.4 326.3 233.3 684.6 344.8 221.8 266.3 173.2 546.1 430.5 95.6 359.2 572.4 328.0 492.6 591.9 362.0 226.6 658.0 210.1 92.6 574.6 87.6 293.6 108.0 326.4 444.2 332.3 325.2 113.5 230.0 257.0 336.9 252.0 541.6 558.4 6.6 200.7 659.3 345.2 299.8 144.9 324.3 292.0 322.5 364.6 223.6 180.1 669.0 428.9 740.6 296.7 259.4 302.0 610.2 418.0 153.5 108.7 310.0 340.4 345.5 220.1 159.7 585.6 231.9 299.4 435.4 233.2 227.4 20.9 404.9 470.6
2776.5 224.2 367.0 493.8 376.9 203.2 688.3 429.1 162.9 186.8 388.6 325.3 458.7 354.9 669.8 480.1 420.4 394.8 403.8 0.0 459.6 480.5 422.8 240.8 378.6 450.6 687.8 319.3 151.9 464.1 408.7 441.0 166.8 346.4 348.7 538.5 701.9 152.0 404.4 315.6 182.8 289.9 381.1 401.1 413.0 768.9 165.5 655.4 643.3 389.8 429.7 238.8 90.6 412.5 775.8 109.1 164.2 347.8 484.5 637.3 318.9 406.9 38.4 702.4 405.3 622.6 683.1 439.3 303.9 749.2 287.4 403.9 665.8 398.9 423.6 483.7 442.4 185.2 137.1 402.5 442.8 311.5 367.6 414.2 130.3 632.8 649.6 408.8 278.0 750.5 150.0 223.8 456.2 405.8 441.7 399.6 480.6 262.5 491.4 687.0 544.9 713.3 379.3 195.8 432.0 701.4 499.5 283.1 420.0 56.5 470.4 422.8 297.4 471.0 676.8 309.2 376.7 130.8 402.8 153.7 406.8 100.3 359.0
2869.2 247.1 310.7 434.4 233.5 306.3 614.9 369.7 461.6 318.9 304.5 269.0 385.3 109.4 762.5 20.5 109.8 190.6 148.6 462.6 0.0 407.1 338.7 399.3 265.6 9.0 780.5 265.5 363.1 159.6 119.3 105.1 432.6 256.6 207.7 631.2 794.6 332.7 345.0 206.6 314.9 220.8 113.7 100.4 88.5 852.8 319.9 748.1 569.9 241.3 166.3 374.9 422.7 188.3 868.5 441.2 318.2 291.5 74.8 730.0 526.9 63.0 455.6 640.1 311.8 549.2 775.8 345.8 251.8 841.9 235.3 114.5 758.5 136.4 350.2 155.3 383.0 459.8 428.7 309.0 91.3 255.2 281.3 320.7 348.4 725.5 742.3 141.9 225.9 843.2 441.6 417.3 89.9 321.7 257.5 379.1 416.1 346.7 31.8 725.6 485.5 797.2 353.3 376.9 358.6 794.1 415.4 178.7 97.2 406.4 397.0 329.3 245.3 58.0 769.5 257.1 283.2 531.8 289.8 323.8 131.1 501.3 567.0
2714.8 389.0 573.7 213.9 498.9 415.2 335.2 149.2 555.3 378.9 595.3 532.0 22.6 372.4 492.0 412.5 291.1 496.2 329.8 480.9 392.0 0.0 629.5 441.9 168.0 383.0 560.0 526.0 354.4 346.5 434.1 378.7 450.9 511.2 470.7 447.4 572.8 324.0 124.5 480.4 382.9 454.7 380.8 378.0 389.9 573.1 311.2 564.3 290.2 517.2 511.7 417.5 441.0 521.5 598.0 459.5 427.1 554.5 416.9 546.2 446.3 339.3 473.9 349.3 570.1 269.5 505.3 604.1 468.7 571.4 452.2 354.3 488.0 349.3 65.6 369.5 162.5 577.6 536.3 567.3 409.0 518.2 545.2 579.0 457.3 541.7 521.8 336.5 442.8 572.7 554.5 459.9 393.9 612.5 542.8 178.6 200.7 383.7 423.8 445.9 218.1 517.5 152.8 419.5 58.1 579.3 706.2 441.7 370.4 424.7 10.9 587.6 462.2 403.4 549.0 474.0 541.5 578.9 211.8 432.7 338.0 492.7 540.6
2792.2 234.2 135.3 632.2 191.3 293.4 812.7 567.5 448.7 306.0 44.1 110.3 583.1 285.4 685.5 375.0 350.9 202.3 357.9 449.7 354.5 604.9 0.0 435.9 463.4 345.5 703.5 113.8 365.0 400.7 266.2 376.4 419.7 114.7 219.7 554.2 717.6 365.1 542.8 298.5 302.0 276.6 332.1 354.6 342.7 784.6 378.6 671.1 767.7 116.0 237.2 433.9 409.8 220.0 791.5 428.3 305.3 116.1 353.7 653.0 514.0 350.9 442.7 826.8 168.2 747.0 698.8 55.0 155.2 764.9 171.8 331.9 681.5 339.9 548.0 414.2 580.8 376.5 415.8 59.5 314.1 123.1 132.1 163.5 335.5 648.5 665.3 351.2 182.5 766.2 428.7 418.9 395.3 26.9 201.1 576.9 619.0 416.1 386.3 702.7 683.3 729.0 551.1 390.9 556.4 717.1 80.1 213.6 349.1 393.5 594.8 167.7 161.7 340.2 692.5 149.9 139.6 518.9 487.6 310.9 336.0 488.4 554.1
2648.8 192.5 349.1 311.7 345.2 171.5 506.2 247.0 312.5 122.9 370.7 307.4 276.6 323.2 556.1 448.4 388.7 363.1 395.7 242.9 427.9 298.4 404.9 0.0 249.7 418.9 574.1 301.8 138.2 438.5 377.0 409.3 212.9 314.7 317.0 424.8 588.2 138.3 222.3 283.9 126.9 258.2 345.3 369.4 381.3 655.2 151.8 541.7 461.2 321.1 398.0 31.7 203.0 380.8 662.1 221.5 152.0 329.9 456.1 523.6 203.5 375.2 235.9 520.3 373.6 440.5 569.4 407.6 272.2 635.5 255.7 369.7 552.1 377.7 241.5 452.0 260.3 334.8 293.5 370.8 418.4 293.6 320.6 386.9 182.2 519.1 535.9 389.0 246.3 636.8 311.7 18.0 424.5 387.9 410.0 217.5 298.5 141.7 459.7 573.3 362.8 599.6 197.2 105.4 249.9 587.7 481.6 251.4 386.9 186.7 288.3 391.1 265.7 439.3 563.1 277.5 345.0 336.1 213.8 157.6 373.8 249.9 243.6
2630.9 267.8 452.5 195.6 377.7 267.2 376.1 130.9 395.7 218.6 474.1 410.8 146.5 251.2 524.2 291.3 169.9 375.0 208.6 320.6 270.8 168.3 508.3 248.3 0.0 261.8 542.2 404.8 194.1 225.3 337.9 257.5 290.6 390.0 349.5 392.9 556.3 163.7 106.2 332.7 222.6 289.0 259.6 256.8 268.7 614.0 150.9 509.8 331.1 416.7 342.1 223.9 280.7 364.1 630.2 299.2 247.7 433.3 295.7 491.7 362.8 218.1 313.6 390.2 448.9 310.4 537.5 482.9 347.5 603.6 331.0 233.1 520.2 228.1 111.4 248.3 144.2 444.2 362.8 446.1 287.8 397.0 424.0 437.0 277.9 487.2 504.0 215.3 321.6 604.9 375.7 266.3 272.7 491.3 415.3 140.3 182.4 190.1 302.6 486.8 246.7 558.4 114.5 225.9 119.8 555.8 585.0 320.5 249.2 264.4 158.2 466.4 341.0 282.2 531.2 352.8 420.3 389.8 101.7 253.3 216.8 359.3 457.1
2860.2 238.1 301.7 425.4 224.5 297.3 605.9 360.7 452.6 309.9 295.5 260.0 376.3 100.4 753.5 29.5 100.8 181.6 139.6 453.6 9.0 398.1 329.7 390.3 256.6 0.0 771.5 254.0 354.1 150.6 110.3 79.5 423.6 243.9 198.7 622.2 785.6 323.7 336.0 197.6 305.9 211.8 108.8 91.4 79.5 843.8 310.9 739.1 560.9 231.9 157.3 365.9 413.7 179.3 859.5 432.2 309.2 282.5 62.5 721.0 517.9 54.0 446.6 620.0 302.8 540.2 766.8 336.8 242.8 832.9 226.3 120.9 749.5 125.0 341.2 164.3 374.0 450.8 419.7 300.0 75.0 246.2 272.3 311.7 339.4 716.5 733.3 132.9 216.9 834.2 432.6 408.3 98.9 312.7 248.5 370.1 412.2 332.1 40.8 716.6 476.5 788.2 344.3 367.9 349.6 785.1 406.4 169.7 104.8 397.4 388.0 320.3 236.3 49.0 760.5 248.1 274.2 522.8 280.8 314.8 122.1 492.3 558.0
2672.1 685.4 705.1 545.4 734.1 744.6 478.1 480.7 700.7 693.1 726.7 663.4 541.2 743.1 148.3 778.0 643.9 765.5 716.2 712.3 744.8 522.8 760.9 704.8 576.3 735.8 0.0 657.4 668.6 705.6 759.9 731.5 765.1 752.6 705.9 144.7 37.0 638.2 539.9 718.9 697.1 699.0 769.3 788.1 800.0 208.1 625.4 120.4 433.1 727.6 764.1 680.4 738.3 790.8 254.3 756.8 756.5 685.9 786.4 102.3 591.7 692.1 733.6 484.3 811.5 412.4 161.6 816.0 710.1 227.7 693.6 731.0 144.3 712.6 506.1 682.1 478.8 723.0 681.7 820.5 761.8 649.6 705.7 824.8 760.3 111.3 29.5 722.9 684.2 229.0 699.9 722.8 754.7 743.9 847.9 568.9 517.0 652.2 766.7 194.0 559.8 177.9 543.1 682.4 514.5 126.1 837.6 671.3 712.3 704.2 533.8 829.0 703.6 756.2 72.3 715.4 782.9 724.3 573.4 762.1 737.2 638.1 686.0
2676.2 111.7 45.1 542.7 145.4 170.9 749.8 478.0 261.7 183.5 68.8 5.5 460.6 169.4 569.5 328.7 234.6 156.0 241.9 327.2 306.1 482.4 100.9 352.4 340.9 299.2 587.5 0.0 242.5 284.7 219.9 255.5 297.2 125.6 173.4 440.3 601.6 286.1 453.3 145.2 179.5 125.0 195.6 215.6 227.5 668.6 273.3 554.8 704.8 67.6 190.9 328.3 287.3 173.7 675.5 305.8 184.9 25.9 307.4 537.0 391.5 221.4 320.2 756.0 184.5 684.1 582.8 158.1 108.9 648.9 125.5 215.6 565.5 223.6 425.5 298.2 491.0 260.2 242.7 160.5 267.8 9.2 85.8 193.4 213.0 532.2 549.3 235.2 136.6 650.2 260.9 296.4 270.7 86.0 218.8 454.4 529.5 294.5 340.0 586.7 593.5 613.0 428.6 268.4 433.6 601.1 179.7 97.6 234.5 271.0 472.3 202.0 115.4 291.8 576.2 103.6 155.9 333.3 365.1 188.4 221.3 264.8 431.6
2617.2 134.5 291.1 379.2 287.2 113.5 573.7 314.5 242.0 64.9 312.7 249.4 344.1 265.2 510.5 390.4 330.7 305.1 272.3 166.9 369.9 365.9 346.9 189.2 247.1 360.9 528.5 243.4 0.0 332.6 319.0 351.3 136.9 256.7 259.0 379.2 542.6 20.5 289.8 225.9 68.9 200.2 291.4 311.4 323.3 609.6 34.0 496.1 528.7 262.7 340.0 164.8 127.0 322.8 616.5 145.5 94.0 271.9 394.8 478.0 249.2 317.2 159.9 587.8 315.6 508.0 523.8 349.6 214.2 589.9 197.7 314.2 506.5 309.2 309.0 394.0 327.8 290.5 209.1 312.8 353.1 235.6 262.6 324.5 124.2 473.5 490.3 277.3 188.3 591.2 222.0 207.2 366.5 329.9 352.0 285.0 366.0 131.0 401.7 527.7 430.3 554.0 264.7 166.8 317.4 542.1 423.6 193.4 330.3 110.7 355.8 333.1 207.7 381.3 517.5 219.5 287.0 236.1 271.3 99.6 317.1 205.6 289.3
2831.0 275.1 328.6 396.2 253.8 301.3 576.7 331.5 456.6 313.9 350.2 286.9 347.1 127.3 724.3 167.4 71.6 251.1 92.4 457.6 146.9 368.9 384.4 373.2 227.4 137.9 742.3 280.9 337.0 0.0 196.8 133.6 427.6 312.2 225.6 593.0 756.4 306.6 306.8 224.5 309.9 257.8 135.9 125.8 137.7 814.6 293.8 709.9 531.7 329.4 266.6 348.8 417.7 276.4 830.3 436.2 313.2 309.4 171.8 691.8 521.9 94.2 450.6 590.8 371.1 511.0 737.6 405.1 269.7 803.7 253.2 109.2 720.3 104.2 312.0 22.9 344.8 535.6 423.7 368.3 167.5 273.1 300.1 349.7 343.4 687.3 704.1 85.7 243.8 805.0 436.6 391.2 148.8 367.4 328.0 340.9 383.0 315.0 163.1 687.4 447.3 759.0 315.1 350.8 320.4 755.9 461.1 196.6 108.7 401.4 358.8 388.6 263.2 158.3 731.3 275.0 342.5 526.8 251.6 318.8 74.9 496.3 562.0
2742.7 186.9 250.5 479.6 156.0 246.1 660.1 414.9 401.4 258.7 227.0 208.8 430.5 77.1 636.0 145.2 155.0 113.1 159.5 402.4 124.7 452.3 261.2 339.2 310.8 115.7 654.0 202.8 303.0 208.1 0.0 133.7 372.4 175.4 147.5 504.7 668.1 272.6 390.2 146.4 254.7 160.6 82.3 94.4 82.5 735.1 259.8 621.6 615.1 163.4 88.8 314.8 362.5 110.8 742.0 381.0 258.0 231.3 123.9 603.5 466.7 108.2 395.4 674.2 234.3 594.4 649.3 268.3 191.6 715.4 175.1 126.1 632.0 121.1 395.4 205.9 428.2 399.6 368.5 231.5 84.3 195.0 203.8 243.2 288.2 599.0 615.8 152.8 165.7 716.7 381.4 357.2 148.9 244.2 180.0 424.3 466.4 281.0 156.5 653.2 530.7 679.5 398.5 316.8 403.8 667.6 337.9 118.5 142.2 346.2 442.2 251.8 185.1 110.4 643.0 196.9 205.7 471.6 335.0 263.6 143.6 441.1 506.8
2861.3 239.8 303.4 426.5 228.6 299.0 607.0 361.8 454.3 311.6 325.0 261.7 377.4 102.1 754.6 94.4 101.9 225.9 140.7 455.3 73.9 399.2 359.2 392.1 257.7 64.9 772.6 255.7 355.9 153.9 126.2 0.0 425.3 287.0 200.4 623.3 786.7 325.5 337.1 199.3 307.6 213.5 110.5 107.7 95.4 844.9 312.7 740.2 562.0 268.2 193.6 367.7 415.4 215.6 860.6 433.9 310.9 284.2 98.8 722.1 519.6 55.1 448.3 621.1 345.9 541.3 767.9 379.9 244.5 834.0 228.0 87.0 750.6 71.1 342.3 130.4 375.1 452.5 421.4 343.1 90.9 247.9 274.9 354.8 341.1 717.6 734.4 134.0 218.6 835.3 434.3 410.1 15.1 342.2 282.1 371.2 413.3 333.9 93.3 717.7 477.6 789.3 345.4 369.7 350.7 786.2 435.9 171.4 70.9 399.1 389.1 363.4 238.0 85.3 761.6 249.8 317.3 524.5 281.9 316.5 123.2 494.0 559.7
2697.1 172.6 329.2 442.2 325.3 151.6 636.7 377.5 240.3 103.0 350.8 287.5 407.1 303.3 590.4 428.5 368.8 343.2 352.2 165.2 408.0 428.9 385.0 189.2 327.0 399.0 608.4 281.5 100.3 412.5 357.1 389.4 0.0 294.8 297.1 459.1 622.5 100.4 352.8 264.0 107.0 238.3 329.5 349.5 361.4 689.5 113.9 576.0 591.7 300.8 378.1 187.2 125.3 360.9 696.4 143.8 132.1 310.0 432.9 557.9 267.3 355.3 158.2 650.8 353.7 571.0 603.7 387.7 252.3 669.8 235.8 352.3 586.4 347.3 372.0 432.1 390.8 288.8 207.4 350.9 391.2 273.7 300.7 362.6 200.6 553.4 570.2 357.2 226.4 671.1 220.3 172.2 404.6 368.0 390.1 348.0 429.0 210.9 439.8 607.6 493.3 633.9 327.7 144.2 380.4 622.0 461.7 231.5 368.4 109.0 418.8 371.2 245.8 419.4 597.4 257.6 325.1 234.4 351.2 224.0 355.2 203.9 307.4
2769.0 122.6 153.7 520.6 97.7 181.8 701.1 455.9 337.1 194.4 109.9 128.7 471.5 198.3 662.3 281.4 263.8 112.3 270.8 338.1 264.5 493.3 144.1 324.3 351.8 251.9 680.3 128.6 253.4 313.6 172.6 282.8 308.1 0.0 126.1 531.0 694.4 253.5 431.2 174.1 190.4 154.2 220.4 244.5 249.1 761.4 267.0 651.5 656.1 46.7 155.1 322.3 298.2 126.4 768.3 316.7 193.7 130.9 263.4 629.8 402.4 257.3 331.1 726.3 58.8 635.4 675.6 92.8 43.6 741.7 60.2 248.4 658.3 256.4 436.4 327.1 472.8 416.1 304.2 56.0 213.6 137.9 86.7 72.1 223.9 625.3 642.1 264.1 74.5 743.0 317.1 307.3 301.7 130.7 91.5 465.3 502.3 309.5 292.7 679.5 575.3 705.8 439.5 279.3 448.4 693.9 220.8 126.5 262.0 281.9 483.2 76.3 50.1 250.2 672.9 38.3 30.2 407.3 376.0 199.3 248.9 376.8 442.5
2729.5 139.7 164.7 491.2 28.1 160.3 671.7 426.5 315.6 172.9 175.1 123.0 442.1 118.9 622.8 267.8 184.4 95.1 191.4 316.6 247.3 463.9 209.3 333.6 322.4 238.3 640.8 117.0 231.9 234.2 159.0 205.0 286.6 123.5 0.0 491.5 654.9 267.0 401.8 94.7 168.9 56.8 145.1 165.1 235.5 721.9 254.2 608.4 626.7 111.5 130.0 309.2 276.7 112.8 728.8 295.2 172.2 145.5 246.5 590.3 380.9 170.9 309.6 685.8 182.4 606.0 636.1 216.4 105.8 702.2 89.3 167.9 618.8 162.9 407.0 247.7 439.8 313.8 282.7 179.6 206.9 109.2 136.2 191.3 202.4 585.8 602.6 184.7 79.9 703.5 295.6 285.8 220.2 192.3 218.8 435.9 478.0 275.4 279.1 640.0 542.3 666.3 410.1 257.8 415.4 654.4 286.0 47.1 184.0 260.4 453.8 199.9 99.3 233.0 629.8 111.1 153.8 385.8 346.6 177.8 170.8 355.3 421.0
2527.3 540.6 560.3 488.8 589.3 599.8 311.9 424.1 555.9 548.3 581.9 518.6 400.7 598.3 131.2 687.4 566.0 620.7 571.4 567.5 666.9 382.3 616.1 600.6 442.9 657.9 149.2 512.6 523.8 560.8 615.1 653.6 620.3 611.5 561.1 0.0 163.3 493.4 399.4 574.1 552.3 554.2 651.6 652.9 664.8 230.3 480.6 116.8 266.9 582.8 619.3 578.6 593.5 646.0 237.2 612.0 611.7 541.1 691.8 98.7 446.9 614.2 588.8 329.2 666.7 246.2 144.5 671.2 565.3 210.6 548.8 626.7 127.2 634.7 365.6 537.3 334.0 578.2 536.9 675.7 683.9 504.8 560.9 680.0 615.5 94.2 111.0 578.1 539.4 211.9 555.1 583.6 609.9 599.1 703.1 424.1 372.2 507.4 621.9 148.4 415.0 174.7 398.3 537.6 374.0 162.8 692.8 526.5 568.9 559.4 393.3 684.2 558.8 678.3 138.2 570.6 638.1 579.5 428.6 617.3 612.9 493.3 541.2
2682.6 701.2 720.9 555.9 749.9 760.4 488.6 491.2 711.2 708.9 742.5 679.2 570.6 758.9 146.3 781.1 659.7 781.3 698.4 722.8 760.6 552.2 776.7 720.6 612.8 751.6 47.0 673.2 684.4 715.1 775.7 747.3 780.9 768.4 721.7 155.2 0.0 654.0 569.3 734.7 712.9 714.8 785.1 746.6 758.5 171.0 641.2 107.7 443.6 743.7 779.9 696.2 771.0 806.6 252.3 789.5 772.3 701.7 785.5 83.3 602.2 707.9 744.1 494.8 827.3 422.9 159.6 831.8 725.9 225.7 709.4 722.9 142.3 717.9 535.5 692.6 489.3 733.5 692.2 836.3 777.6 665.4 721.5 836.2 802.5 126.2 76.6 705.1 700.0 227.0 710.4 738.6 762.5 759.7 863.7 579.4 527.5 662.4 777.2 162.8 570.3 146.7 553.6 698.2 543.9 87.9 853.4 687.1 722.8 754.7 563.2 844.8 719.4 772.0 34.1 731.2 798.7 734.8 583.9 777.9 706.6 648.6 696.5
2596.6 124.4 281.0 358.6 277.1 103.4 553.1 293.9 231.9 54.8 302.6 239.3 323.5 255.1 489.9 380.3 320.6 295.0 251.7 156.8 359.8 345.3 336.8 168.6 226.5 350.8 507.9 233.3 30.3 312.0 308.9 341.2 126.8 246.6 248.9 358.6 522.0 0.0 269.2 215.8 58.8 190.1 281.3 301.3 313.2 589.0 13.4 475.5 508.1 252.6 329.9 144.2 116.9 312.7 595.9 135.4 83.9 261.8 384.7 457.4 239.1 307.1 149.8 567.2 305.5 487.4 503.2 339.5 204.1 569.3 187.6 304.1 485.9 299.1 288.4 335.0 307.2 280.4 199.0 302.7 343.0 225.5 252.5 314.4 114.1 452.9 469.7 256.7 178.2 570.6 211.9 186.6 356.4 319.8 341.9 264.4 345.4 110.4 391.6 507.1 409.7 533.4 244.1 146.2 296.8 521.5 413.5 183.3 320.2 100.6 335.2 323.0 197.6 371.2 496.9 209.4 276.9 226.0 250.7 89.5 307.0 195.5 279.2
2593.0 360.4 397.7 89.3 470.3 386.6 385.8 24.6 463.5 330.6 419.3 356.0 195.8 343.8 454.1 383.9 262.5 467.6 301.2 432.6 363.4 173.1 453.5 397.4 139.4 354.4 472.1 350.0 306.1 317.9 405.5 350.1 402.6 482.6 442.1 322.8 486.2 275.7 0.0 411.5 334.6 391.6 352.2 349.4 361.3 553.2 262.9 439.7 340.8 420.5 483.1 373.0 392.7 492.9 560.1 411.2 359.7 378.5 388.3 421.6 354.5 310.7 425.6 399.9 541.5 320.1 467.4 508.6 440.1 533.5 423.6 325.7 450.1 320.7 121.1 340.9 37.9 485.8 444.5 538.7 380.4 342.2 398.3 550.4 389.9 417.1 433.9 307.9 414.2 534.8 462.7 415.4 365.3 436.5 527.3 132.0 76.1 339.2 395.2 471.3 140.4 497.6 106.2 375.0 231.3 485.7 530.2 363.9 341.8 376.4 184.1 559.0 433.6 374.8 461.1 445.4 512.9 487.1 183.2 365.3 309.4 400.9 448.8
2713.2 109.9 194.9 485.1 120.1 154.4 665.6 420.4 309.7 167.0 258.9 153.2 436.0 95.0 606.5 220.2 160.5 99.4 167.5 310.7 199.7 457.8 293.1 309.7 316.3 190.7 624.5 147.2 273.5 210.3 148.8 181.1 280.7 207.3 91.9 475.2 638.6 243.1 395.7 0.0 163.0 97.4 121.2 141.2 153.1 705.6 230.3 592.1 620.6 195.3 159.9 285.3 270.8 124.7 712.5 289.3 166.3 175.7 224.6 574.0 375.0 147.0 303.7 679.7 266.2 599.9 619.8 300.2 136.0 685.9 119.5 144.0 602.5 139.0 400.9 223.8 433.7 388.7 276.8 263.4 182.9 139.4 166.4 275.1 196.5 569.5 586.3 160.8 110.1 687.2 289.7 327.7 196.3 276.1 302.6 429.8 471.9 251.5 231.5 623.7 536.2 650.0 404.0 287.3 409.3 638.1 369.8 62.9 160.1 254.5 447.7 283.7 129.5 211.1 613.5 141.3 237.6 379.9 340.5 171.9 146.9 349.4 415.1
2673.4 65.5 222.1 386.8 218.2 44.5 585.8 322.1 168.4 3.9 243.7 180.4 356.2 196.2 566.7 321.4 261.7 236.1 268.7 147.6 300.9 378.0 277.9 133.8 236.5 291.9 584.7 174.4 62.9 311.5 250.0 282.3 117.6 187.7 190.0 435.4 598.8 63.0 297.4 156.9 0.0 131.2 222.4 242.4 254.3 665.8 76.5 552.3 540.8 193.7 271.0 131.8 107.7 253.8 672.7 126.2 25.0 202.9 325.8 534.2 211.9 248.2 140.6 599.9 246.6 520.1 580.0 280.6 145.2 646.1 128.7 245.2 562.7 240.2 321.1 325.0 335.4 271.2 135.5 243.8 284.1 166.6 193.6 255.5 55.2 529.7 546.5 262.0 119.3 647.4 148.4 116.8 297.5 260.9 283.0 350.0 373.6 125.1 332.7 583.9 437.9 610.2 324.2 88.8 329.5 598.3 354.6 124.4 261.3 91.4 367.9 264.1 138.7 312.3 573.7 150.5 218.0 216.8 260.7 30.6 248.1 186.3 252.0
2732.1 82.8 179.7 434.3 86.9 127.3 614.8 369.6 282.6 139.9 233.9 138.0 385.2 113.9 625.4 239.1 179.4 153.9 186.4 283.6 218.6 407.0 268.1 328.6 265.5 209.6 643.4 132.4 198.9 229.2 167.7 200.0 253.6 186.0 58.7 494.1 657.5 262.0 344.9 89.7 135.9 0.0 136.0 160.1 172.0 724.5 249.2 611.0 569.8 170.7 188.8 304.2 243.7 171.6 731.4 262.2 139.2 160.5 243.5 592.9 347.9 165.9 276.6 640.0 241.2 549.1 638.7 275.2 162.5 704.8 146.0 160.4 621.4 168.4 350.1 242.7 382.9 361.6 249.7 238.4 201.8 124.2 151.2 250.1 169.4 588.4 605.2 179.7 136.6 706.1 262.6 252.8 218.9 251.1 277.6 379.0 416.0 276.0 250.4 642.6 485.4 668.9 353.2 306.2 358.5 657.0 344.8 42.1 177.6 227.4 396.9 258.7 156.0 230.0 632.4 167.8 212.6 352.8 289.7 144.8 164.5 322.3 388.0
2708.2 149.0 216.0 407.0 137.8 211.6 587.5 342.3 366.9 224.2 237.6 170.9 357.9 14.7 601.5 153.1 79.0 138.5 88.5 367.9 132.6 379.7 268.4 304.7 238.2 123.6 616.1 170.8 268.5 137.1 76.4 103.0 337.9 203.3 113.0 466.8 633.6 238.1 317.6 111.9 220.2 126.1 0.0 63.1 82.9 700.6 225.3 587.1 542.5 213.1 160.0 280.3 328.0 163.8 707.5 346.5 220.1 193.4 160.8 569.0 432.2 68.9 360.9 612.7 258.5 521.8 614.8 292.5 157.1 680.9 140.6 60.0 597.5 68.0 322.8 160.1 352.2 361.7 334.0 252.3 105.7 160.5 187.5 271.8 253.7 561.1 581.3 81.8 131.2 682.2 346.9 322.7 121.9 251.4 209.7 351.7 388.7 252.1 164.4 618.7 454.7 645.0 325.9 282.3 331.2 633.1 348.5 84.0 80.6 311.7 369.6 276.0 150.6 144.0 608.5 162.4 229.9 437.1 262.4 229.1 67.5 403.2 472.3
2729.3 173.5 237.1 405.3 162.3 232.7 585.8 340.6 388.0 245.3 258.7 195.4 356.2 35.8 622.6 114.3 80.7 159.6 69.7 389.0 93.8 378.0 292.9 325.8 236.5 84.8 640.6 189.4 289.6 136.3 94.9 95.3 359.0 220.7 134.1 491.3 654.7 259.2 315.9 133.0 241.3 147.2 44.2 0.0 11.9 823.7 246.4 608.2 540.8 237.9 179.5 301.4 349.1 184.9 728.6 367.6 244.6 217.9 118.7 590.1 453.3 69.8 382.0 599.9 279.6 520.1 635.9 313.6 178.2 702.0 161.7 64.2 618.6 59.2 321.1 144.0 353.9 386.2 355.1 276.8 41.6 181.6 208.6 288.5 274.8 585.6 602.4 63.0 152.3 703.3 368.0 343.8 110.5 275.9 230.8 350.0 392.1 267.6 125.6 696.5 456.4 768.1 324.2 303.4 329.5 654.2 369.6 105.1 80.3 332.8 367.9 297.1 171.7 105.2 629.6 183.5 251.0 458.2 260.7 250.2 49.1 427.7 493.4
2741.2 185.4 249.0 429.3 174.2 244.6 609.8 364.6 399.9 257.2 270.6 207.3 380.2 47.7 634.5 102.4 104.7 171.5 81.6 400.9 81.9 402.0 304.8 337.7 260.5 72.9 652.5 201.3 301.5 148.2 83.0 83.4 370.9 232.6 146.0 503.2 666.6 271.1 339.9 144.9 253.2 159.1 56.1 11.9 0.0 847.7 258.3 620.1 564.8 242.2 167.6 313.3 361.0 189.6 740.5 379.5 256.5 229.8 106.8 602.0 465.2 57.9 393.9 623.9 291.5 544.1 647.8 325.5 190.1 713.9 173.6 76.1 630.5 71.1 345.1 155.9 377.9 398.1 367.0 288.7 29.7 193.5 220.5 300.4 286.7 597.5 614.3 74.9 164.2 715.2 379.9 355.7 98.6 287.8 238.9 374.0 416.1 279.5 113.7 720.5 480.4 792.1 348.2 315.3 353.5 666.1 381.5 117.0 92.2 344.7 391.9 309.0 183.6 93.3 641.5 195.4 262.9 470.1 284.7 262.1 61.0 439.6 505.3
2718.1 718.6 738.3 633.8 767.3 777.8 487.3 569.1 746.7 726.3 759.9 696.6 545.7 776.3 138.7 832.4 711.0 798.7 749.7 758.3 811.9 527.3 794.1 738.0 587.9 802.9 161.1 690.6 701.8 766.4 793.1 798.6 798.3 785.8 739.1 190.7 126.9 671.4 544.4 752.1 730.3 732.2 800.7 797.9 809.8 0.0 658.6 210.8 442.3 761.1 797.3 713.6 788.4 824.0 244.7 806.9 789.7 719.1 836.8 190.6 637.7 759.2 821.3 493.5 844.7 421.6 152.0 849.2 743.3 218.1 726.8 774.2 134.7 769.2 510.6 728.1 524.8 769.0 727.7 853.7 828.9 682.8 738.9 853.6 819.9 101.3 144.2 756.4 717.4 219.4 745.9 742.3 813.8 777.1 881.1 598.5 563.0 679.8 843.7 137.9 691.6 121.8 572.7 715.6 519.0 214.8 870.8 704.5 790.3 772.1 538.3 862.2 736.8 823.3 161.1 748.6 816.1 770.3 646.1 795.3 757.9 684.1 732.0
2583.1 137.2 293.8 345.1 289.9 116.2 539.6 280.4 244.7 67.6 315.4 252.1 310.0 267.9 476.4 393.1 266.7 307.8 238.2 169.6 372.6 331.8 349.6 155.1 213.0 363.6 494.4 246.1 43.1 298.5 290.1 354.0 139.6 259.4 261.7 345.1 508.5 12.7 255.7 228.6 71.6 202.9 294.1 314.1 326.0 575.5 0.0 462.0 494.6 265.4 342.7 130.7 129.7 325.5 582.4 148.2 96.7 274.6 397.5 443.9 251.9 319.9 162.6 553.7 318.3 473.9 489.7 352.3 216.9 555.8 200.4 316.9 472.4 311.9 274.9 321.5 293.7 293.2 211.8 315.5 355.8 238.3 265.3 327.2 126.9 439.4 456.2 243.2 191.0 557.1 224.7 173.1 369.2 332.6 354.7 250.9 331.9 96.9 404.4 493.6 396.2 519.9 230.6 132.7 283.3 508.0 426.3 196.1 333.0 113.4 321.7 335.8 210.4 384.0 483.4 222.2 289.7 238.8 237.2 102.3 252.4 208.3 292.0
2627.8 641.1 660.8 501.1 689.8 700.3 408.1 436.4 656.4 648.8 682.4 619.1 496.9 698.8 154.9 733.7 599.6 721.2 671.9 668.0 700.5 478.5 716.6 660.5 532.0 691.5 128.2 613.5 624.3 661.3 715.6 687.2 720.8 712.0 661.6 100.4 110.0 593.9 495.6 674.6 652.8 654.7 720.9 743.8 755.7 259.5 581.1 0.0 363.1 683.3 719.8 636.1 694.0 746.5 260.9 712.5 712.2 641.6 747.3 35.5 547.4 647.8 689.3 425.4 767.2 342.4 168.2 771.7 665.8 234.3 649.3 686.7 150.9 668.3 461.8 637.8 434.5 678.7 637.4 776.2 724.8 605.3 661.4 776.1 716.0 117.9 90.0 678.6 639.9 235.6 655.6 678.5 714.1 699.6 803.6 524.6 472.7 602.3 722.4 172.1 515.5 239.7 498.8 638.1 470.2 99.6 793.3 627.0 668.0 659.9 489.5 784.7 659.3 711.9 100.9 671.1 738.6 680.0 529.1 717.8 692.9 593.8 641.7
2866.0 565.9 750.6 390.8 675.8 592.1 44.9 326.1 706.5 555.8 772.2 708.9 302.7 549.3 409.5 589.4 468.0 673.1 506.7 657.8 568.9 284.3 806.4 618.8 344.9 559.9 444.5 702.9 531.3 523.4 611.0 555.6 627.8 688.1 647.6 319.7 458.6 500.9 301.4 657.3 559.8 631.6 557.7 554.9 566.8 490.6 488.1 412.3 0.0 694.1 688.6 594.4 617.9 698.4 515.5 636.4 604.0 731.4 593.8 433.9 597.5 516.2 650.8 61.1 747.0 20.6 422.8 781.0 645.6 488.9 629.1 531.2 405.5 526.2 267.6 546.4 339.4 728.8 687.5 744.2 585.9 695.1 722.1 755.9 634.2 407.5 406.3 513.4 619.7 490.2 705.7 650.6 570.8 789.4 719.7 355.5 377.6 560.6 600.7 363.4 448.6 435.0 329.7 596.4 276.0 503.0 883.1 618.6 547.3 601.6 295.3 764.5 639.1 580.3 433.5 650.9 718.4 730.1 388.7 609.6 514.9 643.9 691.8
2757.4 118.1 103.3 516.1 75.2 177.3 696.6 451.4 332.6 189.9 63.1 78.3 467.0 230.8 650.7 258.9 281.6 86.2 304.6 333.6 238.4 488.8 97.3 319.8 347.3 229.4 668.7 81.8 248.9 331.4 150.1 260.3 303.6 59.5 103.6 519.4 682.8 249.0 426.7 182.4 185.9 160.5 216.0 238.5 226.6 749.8 262.5 636.3 651.6 0.0 121.1 317.8 293.7 103.9 756.7 312.2 189.2 84.1 237.6 618.2 397.9 234.8 326.6 721.8 114.7 630.9 664.0 152.4 39.1 730.1 55.7 240.3 646.7 248.3 431.9 322.6 464.7 411.6 299.7 156.9 198.0 91.1 39.9 123.6 219.4 613.7 630.5 297.9 66.4 731.4 312.6 302.8 275.5 80.3 151.1 460.8 497.8 305.0 270.2 667.9 567.2 694.2 435.0 274.8 440.3 682.3 174.0 122.0 258.9 277.4 478.7 132.2 45.6 224.1 657.7 33.8 86.1 402.8 371.5 194.8 287.7 372.3 438.0
2755.0 212.1 221.6 541.5 110.4 271.3 728.8 476.8 426.6 283.9 181.4 196.6 499.2 172.9 648.3 201.0 223.7 67.5 246.7 441.8 180.5 521.0 215.6 351.5 379.5 171.5 666.3 202.5 315.3 273.5 92.2 202.4 411.8 129.8 138.8 517.0 680.4 284.9 452.1 163.7 279.9 195.7 158.1 180.6 168.7 747.4 272.1 633.9 683.8 117.8 0.0 327.1 401.9 65.2 754.3 420.4 283.2 202.4 179.7 615.8 491.9 176.9 434.8 742.9 188.7 663.1 661.6 222.7 133.1 727.7 149.7 218.4 644.3 213.4 464.1 296.5 490.1 429.9 393.7 185.9 140.1 209.4 158.2 197.6 313.4 611.3 628.1 240.0 196.0 729.0 406.6 369.5 217.6 198.6 225.1 493.0 528.3 293.3 212.3 665.5 592.6 691.8 467.2 329.1 472.5 679.9 292.3 148.8 234.5 385.6 510.9 206.2 139.6 166.2 655.3 127.8 160.1 511.0 403.7 288.8 229.8 480.5 532.0
2616.4 181.8 338.4 279.3 334.5 160.8 473.8 214.6 284.7 112.2 360.0 296.7 244.2 312.5 523.7 437.7 378.0 352.4 385.0 232.2 417.2 266.0 394.2 43.7 217.3 408.2 541.7 290.7 127.5 427.8 366.3 398.6 202.2 304.0 306.3 392.4 555.8 127.6 189.9 273.2 116.2 247.5 338.7 358.7 370.6 622.8 141.1 509.3 428.8 310.0 387.3 0.0 192.3 370.1 629.7 210.8 141.3 319.2 442.1 491.2 247.3 364.5 225.2 487.9 362.9 408.1 537.0 396.9 261.5 603.1 245.0 361.5 519.7 356.5 209.1 441.3 227.9 378.6 251.8 360.1 400.4 282.9 309.9 371.8 171.5 486.7 503.5 378.3 235.6 604.4 264.7 61.7 413.8 377.2 399.3 185.1 266.1 131.0 449.0 540.9 330.4 567.2 164.8 94.7 217.5 555.3 470.9 240.7 377.6 176.0 255.9 380.4 255.0 428.6 530.7 266.8 334.3 301.4 181.4 146.9 364.4 293.7 287.4
2699.0 174.5 331.1 444.1 327.2 153.5 638.6 379.4 175.9 104.9 352.7 289.4 409.0 305.2 592.3 430.4 370.7 345.1 354.1 100.8 409.9 430.8 386.9 191.1 328.9 400.9 610.3 283.4 102.2 414.4 359.0 391.3 117.1 296.7 299.0 461.0 624.4 102.3 354.7 265.9 108.9 240.2 331.4 351.4 363.3 691.4 115.8 577.9 593.6 302.7 380.0 189.1 0.0 362.8 698.3 18.4 170.1 311.9 434.8 559.8 269.2 357.2 93.8 652.7 355.6 572.9 605.6 389.6 254.2 671.7 237.7 354.2 588.3 349.2 373.9 434.0 392.7 224.4 143.0 352.8 393.1 275.6 302.6 364.5 136.2 555.3 572.1 359.1 228.3 673.0 155.9 174.1 406.5 369.9 392.0 349.9 430.9 212.8 441.7 609.5 495.2 635.8 329.6 146.1 382.3 623.9 463.6 233.4 370.3 44.6 420.7 373.1 247.7 421.3 599.3 259.5 327.0 170.0 353.1 159.6 357.1 139.5 309.3
2769.8 179.8 197.2 556.3 86.0 239.0 743.6 491.6 394.3 251.6 157.0 172.2 514.0 187.7 663.1 215.8 238.5 25.1 261.5 395.3 195.3 535.8 191.2 366.3 394.3 186.3 681.1 178.1 330.1 288.3 107.0 217.2 365.3 105.4 114.4 531.8 695.2 299.7 466.9 121.3 247.6 171.3 172.9 195.4 183.5 762.2 286.9 648.7 698.6 93.4 78.0 341.9 355.4 0.0 769.1 373.9 250.9 178.0 194.5 630.6 459.6 191.7 388.3 757.7 164.3 677.9 676.4 198.3 108.7 742.5 168.0 233.2 659.1 228.2 478.9 311.3 504.9 392.5 361.4 161.5 154.9 185.0 133.8 173.2 281.1 626.1 642.9 254.8 158.6 743.8 374.3 384.3 232.4 174.2 200.7 507.8 543.1 308.1 227.1 680.3 607.4 706.6 482.0 343.9 487.3 694.7 267.9 111.4 249.3 339.1 525.7 181.8 115.2 181.0 670.1 103.4 135.7 464.5 418.5 256.5 244.6 434.0 499.7
2797.8 811.1 830.8 671.1 859.8 870.3 578.1 606.4 826.4 818.8 852.4 789.1 643.4 868.8 176.3 903.7 808.7 891.2 841.9 838.0 909.6 625.0 886.6 830.5 685.6 900.6 271.4 783.1 794.3 831.3 885.6 896.3 890.8 878.3 831.6 270.4 279.4 763.9 642.1 844.6 822.8 824.7 895.0 895.6 907.5 297.5 751.1 290.5 533.1 853.6 889.8 806.1 864.0 916.5 0.0 882.5 882.2 811.6 917.3 272.4 717.4 856.9 859.3 584.3 937.2 512.4 118.1 941.7 835.8 73.3 819.3 854.1 195.5 866.9 608.3 807.8 604.5 848.7 807.4 946.2 926.6 775.3 831.4 946.1 886.0 181.0 244.2 848.6 809.9 33.9 825.6 923.7 884.1 869.6 973.6 694.6 642.7 772.3 892.4 235.6 685.5 241.9 668.8 808.1 616.7 336.5 963.3 797.0 838.0 829.9 636.0 954.7 829.3 921.0 271.4 841.1 908.6 850.0 699.1 887.8 862.9 763.8 811.7
2716.5 192.0 348.6 461.6 344.7 171.0 656.1 396.9 193.4 122.4 370.2 306.9 426.5 322.7 609.8 447.9 388.2 362.6 371.6 118.3 427.4 448.3 404.4 208.6 346.4 418.4 627.8 300.9 119.7 431.9 376.5 408.8 134.6 314.2 316.5 478.5 641.9 119.8 372.2 283.4 126.4 257.7 348.9 368.9 380.8 708.9 133.3 595.4 611.1 320.2 397.5 206.6 17.4 380.3 715.8 0.0 187.6 329.4 452.3 577.3 286.7 374.7 111.3 670.2 373.1 590.4 623.1 407.1 271.7 689.2 255.2 371.7 605.8 366.7 391.4 451.5 410.2 241.9 160.5 370.3 410.6 293.1 320.1 382.0 153.7 572.8 589.6 376.6 245.8 690.5 173.4 191.6 424.0 387.4 409.5 367.4 448.4 230.3 459.2 627.0 512.7 653.3 347.1 163.6 399.8 641.4 481.1 250.9 387.8 62.1 438.2 390.6 265.2 438.8 616.8 277.0 344.5 187.5 370.6 177.1 374.6 157.0 326.8
2678.3 82.3 238.9 405.4 235.0 61.3 599.9 340.7 143.3 22.5 260.5 197.2 370.3 213.0 571.6 338.2 278.5 252.9 285.5 160.2 317.7 392.1 294.7 152.4 253.3 308.7 589.6 191.6 81.5 328.3 266.8 299.1 136.2 208.2 206.8 440.3 603.7 81.6 316.0 173.7 18.5 148.0 235.1 259.2 271.1 670.7 95.1 557.2 554.9 210.9 287.8 150.4 126.3 270.6 677.6 144.8 0.0 219.7 345.9 539.1 230.5 265.0 153.2 625.1 263.4 534.2 584.9 297.4 162.0 651.0 145.5 259.5 567.6 267.5 335.2 341.8 354.0 222.3 110.4 260.6 300.9 183.4 210.4 272.3 30.1 534.6 551.4 278.8 136.1 652.3 123.3 135.4 314.3 277.7 299.8 311.2 392.2 137.6 349.5 588.8 456.5 615.1 290.9 107.4 343.6 603.2 371.4 141.2 276.7 110.0 382.0 280.9 155.5 329.1 578.6 167.3 234.8 235.4 277.5 5.5 264.9 204.9 270.6
2694.3 129.8 19.1 560.8 155.2 189.0 767.9 496.1 279.8 201.6 79.0 12.4 478.7 187.5 587.6 338.9 253.0 166.2 260.0 345.3 318.4 500.5 113.2 370.8 359.0 309.4 605.6 18.3 260.6 302.8 230.1 273.6 315.3 139.5 183.6 456.3 619.7 304.2 471.4 163.3 197.6 143.4 209.6 233.7 245.6 686.7 291.4 573.2 722.9 79.9 201.1 346.4 305.4 183.9 693.6 323.9 200.9 0.0 320.9 555.1 409.6 239.5 338.3 785.2 194.7 702.2 600.9 168.3 119.1 667.0 135.7 234.0 583.6 242.0 443.6 316.3 509.4 278.6 260.8 172.8 278.0 25.2 96.0 208.0 231.1 550.6 567.4 253.3 146.4 668.3 279.0 314.5 288.8 96.2 231.1 472.5 547.6 312.6 350.2 604.8 611.9 631.1 446.7 286.5 452.0 619.2 189.9 115.7 251.2 289.1 490.4 212.2 125.6 304.1 594.6 113.8 166.1 351.4 383.2 206.5 238.1 283.2 449.7
2838.7 279.6 346.5 478.9 252.3 342.1 659.4 414.2 497.4 354.7 323.3 304.8 429.8 145.2 732.0 65.3 154.3 209.4 193.1 498.4 82.5 451.6 362.7 435.2 310.1 94.8 746.7 301.3 399.0 161.8 152.7 88.1 468.4 275.4 243.5 600.7 764.1 368.6 389.5 242.4 350.7 256.6 149.5 150.8 133.0 897.3 355.8 714.3 614.4 265.3 185.1 410.8 458.5 207.1 838.0 477.0 354.0 324.0 0.0 699.5 562.7 107.5 491.4 684.6 330.6 593.7 745.3 364.6 287.6 811.4 271.1 97.5 728.0 116.1 394.7 138.3 432.7 492.3 464.5 333.0 121.7 291.0 300.1 343.9 384.2 691.7 711.8 186.4 258.4 812.7 477.4 453.2 69.2 345.7 281.5 423.6 460.6 382.6 54.0 770.1 535.2 841.7 397.8 412.8 408.3 763.6 434.2 214.5 80.2 442.2 441.5 348.1 281.1 26.9 739.0 292.9 302.0 567.6 334.3 359.6 175.2 537.1 602.8
2618.5 654.0 673.7 491.8 702.7 713.2 398.8 427.1 647.1 661.7 695.3 632.0 487.6 711.7 145.6 733.9 612.5 734.1 662.6 658.7 713.4 469.2 729.5 673.4 522.7 704.4 102.6 626.0 637.2 652.0 728.5 700.1 733.7 721.2 674.5 91.1 74.4 606.8 486.3 687.5 665.7 667.6 737.9 699.4 711.3 223.9 594.0 24.3 353.8 696.5 732.7 649.0 723.8 759.4 251.6 742.3 725.1 654.5 738.3 0.0 538.1 660.7 680.0 405.0 780.1 333.1 158.9 784.6 678.7 225.0 662.2 675.7 141.6 670.7 452.5 628.5 425.2 669.4 628.1 789.1 730.4 618.2 674.3 789.0 706.7 108.6 80.7 669.3 652.8 226.3 646.3 691.4 715.3 712.5 816.5 515.3 463.4 615.2 713.1 162.8 506.2 208.8 489.5 651.0 460.9 64.0 806.2 639.9 658.7 650.6 480.2 797.6 672.2 724.8 65.3 684.0 751.5 670.7 519.8 730.7 659.4 584.5 632.4
2722.5 293.3 313.0 549.7 342.0 259.1 796.1 485.0 108.9 225.0 334.6 271.3 514.6 351.0 615.8 476.2 416.5 373.4 423.5 120.5 455.7 536.4 368.8 296.7 432.4 446.7 633.8 265.3 207.8 466.3 404.8 437.1 222.7 360.5 313.8 484.5 647.9 207.9 460.3 326.8 221.0 306.9 377.2 397.2 409.1 714.9 221.4 601.4 751.1 335.8 433.9 294.7 146.5 398.7 721.8 165.0 202.4 293.8 480.6 583.3 0.0 403.0 141.8 802.3 419.4 730.4 629.1 423.9 318.0 695.2 301.5 400.0 611.8 395.0 479.5 479.8 498.3 131.2 89.9 428.4 438.9 257.5 313.6 428.3 168.5 578.8 595.6 416.8 292.1 696.5 108.1 279.7 452.3 351.8 455.8 455.5 536.5 318.4 487.5 633.0 600.8 659.3 435.2 251.7 487.9 647.4 445.5 279.2 416.1 112.4 526.3 436.9 311.5 467.1 622.8 323.3 390.8 132.5 456.6 191.9 402.9 46.3 176.1
2806.1 184.0 247.6 371.3 172.8 243.2 551.8 306.6 398.5 255.8 269.2 205.9 322.2 46.3 699.4 73.1 46.7 170.1 85.5 399.5 52.6 344.0 303.4 336.2 202.5 43.6 717.4 199.9 300.0 96.5 108.0 39.3 369.5 231.2 144.6 568.1 731.5 269.6 281.9 143.5 251.8 157.7 54.7 51.9 63.8 789.7 256.8 685.0 506.8 248.4 172.3 311.8 359.6 195.4 805.4 378.1 255.1 228.4 77.5 666.9 463.8 0.0 392.5 565.9 290.1 486.1 712.7 324.1 188.7 778.8 172.2 48.2 695.4 43.2 287.1 119.5 319.9 396.7 365.6 287.3 69.6 192.1 219.1 299.0 285.3 662.4 679.2 78.8 162.8 780.1 378.5 354.2 54.5 286.4 241.3 316.0 358.1 278.0 84.4 662.5 422.4 734.1 290.2 313.8 295.5 731.0 380.1 115.6 64.3 343.3 333.9 307.6 182.2 64.0 706.4 194.0 261.5 468.7 226.7 260.7 68.0 438.2 503.9
2731.7 207.2 401.3 476.8 359.9 186.2 671.3 412.1 153.0 169.8 422.9 359.6 441.7 337.9 625.0 463.1 403.4 377.8 386.8 48.4 442.6 463.5 457.1 223.8 361.6 433.6 643.0 353.6 134.9 447.1 391.7 424.0 149.8 329.4 331.7 493.7 657.1 135.0 387.4 298.6 165.8 272.9 364.1 384.1 396.0 724.1 148.5 610.6 626.3 335.4 412.7 221.8 73.6 395.5 731.0 92.1 147.2 382.1 467.5 592.5 301.9 389.9 0.0 685.4 388.3 605.6 638.3 422.3 286.9 704.4 270.4 386.9 621.0 381.9 406.6 466.7 425.4 219.5 120.1 385.5 425.8 345.8 335.3 397.2 113.3 588.0 604.8 391.8 261.0 705.7 133.0 206.8 439.2 440.1 424.7 382.6 463.6 245.5 474.4 642.2 527.9 668.5 362.3 178.8 415.0 656.6 533.8 266.1 403.0 39.5 453.4 405.8 280.4 454.0 632.0 292.2 359.7 165.1 385.8 136.7 389.8 134.6 342.0
2919.7 619.6 818.7 444.5 729.5 645.8 27.3 379.8 760.2 609.5 825.9 777.0 356.4 603.0 449.7 643.1 521.7 741.2 560.4 711.5 637.0 338.0 874.5 722.2 398.6 613.6 499.1 759.1 585.0 577.1 664.7 609.3 681.5 745.5 701.3 374.3 498.8 554.6 355.1 711.0 613.5 699.7 607.3 608.6 620.5 530.8 541.8 466.9 62.3 762.6 742.3 685.8 671.6 752.1 555.7 690.1 672.1 785.1 650.8 474.1 651.2 569.9 704.5 0.0 800.7 83.0 463.0 834.7 699.3 529.1 682.8 596.8 445.7 604.8 321.3 600.1 393.1 796.9 741.2 812.3 646.9 763.2 775.8 814.0 687.9 462.1 446.5 567.1 673.4 530.4 759.4 690.8 628.2 857.5 787.8 409.2 426.2 619.9 654.4 403.6 516.7 475.2 383.4 689.8 344.1 543.2 936.8 672.3 599.6 655.3 349.0 818.2 692.8 648.4 488.1 704.6 772.1 783.8 442.4 663.3 569.9 712.0 745.5
2823.3 201.8 229.3 609.8 219.5 261.0 753.7 545.1 416.3 273.6 189.1 204.3 524.1 223.1 716.6 287.3 288.6 176.6 295.6 417.3 266.8 545.9 179.9 419.8 404.4 257.8 734.6 210.2 383.6 338.4 178.5 288.7 387.3 79.1 246.1 585.3 748.7 353.2 520.4 272.8 269.6 233.4 244.4 266.9 255.0 815.7 340.4 702.2 708.7 125.5 152.3 395.4 377.4 174.3 822.6 395.9 272.9 210.1 266.0 684.1 481.6 263.2 410.3 767.8 0.0 688.0 729.9 136.9 122.8 796.0 139.4 272.1 712.6 267.1 489.0 351.9 558.4 495.3 383.4 100.1 226.4 217.1 165.9 22.8 303.1 679.6 696.4 288.9 150.1 797.3 396.3 437.8 303.9 206.9 36.3 517.9 596.6 361.6 298.6 733.8 660.9 760.1 492.1 397.4 497.4 748.2 260.1 217.1 288.2 361.1 535.8 75.3 129.3 252.5 723.6 117.5 42.9 486.5 428.6 278.5 275.0 456.0 521.7
2845.3 545.2 729.9 370.1 655.1 571.4 65.6 305.4 685.8 535.1 751.5 688.2 282.0 528.6 388.8 568.7 447.3 652.4 486.0 637.1 548.2 263.6 785.7 598.1 324.2 539.2 423.8 682.2 510.6 502.7 590.3 534.9 607.1 667.4 626.9 299.0 437.9 480.2 280.7 636.6 539.1 610.9 537.0 534.2 546.1 469.9 467.4 391.6 20.6 673.4 667.9 573.7 597.2 677.7 494.8 615.7 583.3 710.7 573.1 413.2 576.8 495.5 630.1 87.1 726.3 0.0 402.1 760.3 624.9 468.2 608.4 510.5 384.8 505.5 246.9 525.7 318.7 708.1 666.8 723.5 565.2 674.4 701.4 735.2 613.5 386.8 385.6 492.7 599.0 469.5 685.0 629.9 550.1 768.7 699.0 334.8 356.9 539.9 580.0 342.7 427.9 414.3 309.0 575.7 255.3 482.3 862.4 597.9 526.6 580.9 274.6 743.8 618.4 559.6 412.8 630.2 697.7 709.4 368.0 588.9 494.2 623.2 671.1
2679.6 692.9 712.6 552.9 741.6 752.1 459.9 488.2 708.2 700.6 734.2 670.9 525.2 750.6 58.1 785.5 690.5 773.0 723.7 719.8 791.4 506.8 768.4 712.3 567.4 782.4 153.2 664.9 676.1 713.1 767.4 778.1 772.6 760.1 713.4 152.2 161.2 645.7 523.9 726.4 704.6 706.5 776.8 777.4 789.3 179.3 632.9 172.3 414.9 735.4 771.6 687.9 745.8 798.3 92.6 764.3 764.0 693.4 799.1 154.2 599.2 738.7 741.1 466.1 819.0 394.2 0.0 823.5 717.6 66.0 701.1 735.9 77.3 748.7 490.1 689.6 486.3 730.5 689.2 828.0 808.4 657.1 713.2 827.9 767.8 62.8 126.0 730.4 691.7 67.3 707.4 805.5 765.9 751.4 855.4 576.4 524.5 654.1 774.2 117.4 567.3 123.7 550.6 689.9 498.5 218.3 845.1 678.8 719.8 711.7 517.8 836.5 711.1 802.8 153.2 722.9 790.4 731.8 580.9 769.6 744.7 645.6 693.5
2840.3 221.0 183.4 619.0 239.4 280.2 799.5 554.3 435.5 292.8 92.2 158.4 569.9 296.7 733.6 361.5 362.2 250.4 369.2 436.5 341.0 591.7 48.0 422.7 450.2 332.0 751.6 164.3 351.8 412.0 252.7 362.9 406.5 98.3 267.8 602.3 765.7 351.9 529.6 272.5 288.8 252.6 318.6 341.1 329.2 832.7 365.4 719.2 754.5 144.7 226.5 420.7 396.6 248.5 839.6 415.1 292.1 164.2 340.2 701.1 500.8 337.4 429.5 813.6 148.2 733.8 746.9 0.0 142.0 813.0 158.6 345.7 729.6 340.7 534.8 425.5 567.6 514.5 402.6 39.5 300.6 171.2 180.2 139.1 322.3 696.6 713.4 362.5 169.3 814.3 415.5 405.7 378.1 75.0 181.1 563.7 605.8 435.8 372.8 750.8 670.1 777.1 537.9 377.7 543.2 765.2 128.2 224.9 361.8 380.3 581.6 147.7 148.5 326.7 740.6 136.7 119.6 505.7 474.4 297.7 348.6 475.2 540.9
2725.3 78.9 160.5 476.9 79.8 138.1 657.4 412.2 293.4 150.7 112.0 118.8 427.8 154.6 618.6 263.5 220.1 90.8 227.1 294.4 243.0 449.6 146.2 280.6 308.1 234.0 636.6 112.8 209.7 269.9 154.7 264.9 264.4 42.4 108.2 487.3 650.7 209.8 387.5 130.4 146.7 110.5 220.6 243.1 231.2 717.7 223.3 604.2 612.4 48.4 125.7 278.6 254.5 108.5 724.6 273.0 150.0 141.3 242.2 586.1 358.7 239.4 287.4 671.5 101.3 591.7 631.9 135.3 0.0 698.0 16.5 203.6 614.6 198.6 392.7 283.4 425.5 372.4 260.5 98.5 202.6 105.0 132.0 110.2 180.2 581.6 598.4 220.4 27.2 699.3 273.4 263.6 280.1 129.2 137.7 421.6 463.7 271.9 274.8 635.8 528.0 662.1 395.8 235.6 401.1 650.2 222.9 82.8 219.7 238.2 439.5 118.8 6.4 228.7 625.6 5.2 72.7 363.6 332.3 155.6 206.5 333.1 398.8
2770.6 783.9 803.6 643.9 832.6 843.1 550.9 579.2 799.2 791.6 825.2 761.9 616.2 841.6 149.1 876.5 781.5 864.0 814.7 810.8 882.4 597.8 859.4 803.3 658.4 873.4 244.2 755.9 767.1 804.1 858.4 869.1 863.6 851.1 804.4 243.2 252.2 736.7 614.9 817.4 795.6 797.5 867.8 868.4 880.3 270.3 723.9 263.3 505.9 826.4 862.6 778.9 836.8 889.3 52.7 855.3 855.0 784.4 890.1 245.2 690.2 829.7 832.1 557.1 910.0 485.2 90.9 914.5 808.6 0.0 792.1 826.9 168.3 839.7 581.1 780.6 577.3 821.5 780.2 919.0 899.4 748.1 804.2 918.9 858.8 153.8 217.0 821.4 782.7 27.4 798.4 896.5 856.9 842.4 946.4 667.4 615.5 745.1 865.2 208.4 658.3 214.7 641.6 780.9 589.5 309.3 936.1 769.8 810.8 802.7 608.8 927.5 802.1 893.8 244.2 813.9 881.4 822.8 671.9 860.6 835.7 736.6 784.5
2708.7 62.3 143.9 460.3 96.3 121.5 640.8 395.6 276.8 134.1 165.5 102.2 411.2 138.0 602.0 280.0 203.5 107.3 210.5 277.8 259.5 433.0 199.7 264.0 291.5 250.5 620.0 96.2 193.1 253.3 171.2 224.1 247.8 58.9 124.7 470.7 634.1 193.2 370.9 113.8 130.1 93.9 164.2 184.2 247.7 701.1 206.7 587.6 595.8 64.9 142.2 262.0 237.9 125.0 708.0 256.4 133.4 124.7 258.7 569.5 342.1 190.0 270.8 654.9 117.8 575.1 615.3 151.8 16.4 681.4 0.0 187.0 598.0 182.0 376.1 266.8 408.9 355.8 243.9 115.0 219.1 88.4 115.4 126.7 163.6 565.0 581.8 203.8 10.6 682.7 256.8 247.0 239.3 182.7 154.2 405.0 447.1 255.3 291.3 619.2 511.4 645.5 379.2 219.0 384.5 633.6 276.4 66.2 203.1 221.6 422.9 135.3 9.9 245.2 609.0 21.7 89.2 347.0 315.7 139.0 189.9 316.5 382.2
2741.1 185.3 248.9 390.6 174.1 244.5 571.1 325.9 399.8 257.1 270.5 207.2 341.5 47.6 634.4 105.7 66.0 171.4 99.5 400.8 85.2 363.3 304.7 337.6 221.8 76.2 652.4 201.2 301.4 105.7 109.3 38.7 370.8 232.5 145.9 503.1 666.5 271.0 301.2 144.8 253.1 159.0 56.0 53.2 65.1 809.0 258.2 620.0 526.1 249.4 198.2 313.2 360.9 196.7 740.4 379.4 256.4 229.7 113.4 601.9 465.1 32.5 393.8 585.2 291.4 505.4 647.7 325.4 190.0 713.8 173.5 0.0 630.4 21.8 306.4 82.2 339.2 398.0 366.9 288.6 102.2 193.4 220.4 304.7 286.6 597.4 614.2 92.8 164.1 715.1 379.8 355.6 57.6 287.7 242.6 335.3 372.3 279.4 97.1 681.8 441.7 753.4 309.5 315.2 314.8 666.0 381.4 116.9 17.1 344.6 353.2 308.9 183.5 96.6 641.4 195.3 262.8 470.0 246.0 262.0 77.6 439.5 505.2
2662.7 676.0 695.7 611.8 724.7 735.2 465.3 547.1 691.3 736.8 717.3 654.0 523.7 770.3 44.4 810.4 689.0 756.1 727.7 702.9 789.9 505.3 751.5 737.3 565.9 780.9 136.3 648.0 659.2 744.4 832.0 776.6 755.7 743.2 696.5 135.3 144.3 628.8 522.4 709.5 740.8 689.6 778.7 775.9 787.8 162.4 616.0 155.4 420.3 718.5 864.5 715.3 728.9 781.4 150.4 747.4 765.9 676.5 814.8 137.3 582.3 737.2 724.2 471.5 802.1 399.6 57.7 806.6 700.7 123.8 684.2 752.2 0.0 747.2 488.6 672.7 469.4 713.6 672.3 811.1 806.9 640.2 696.3 811.0 750.9 45.9 109.1 734.4 674.8 125.1 690.5 720.3 791.8 734.5 838.5 576.5 507.6 637.2 821.7 62.3 669.6 106.8 550.7 719.3 497.0 201.4 828.2 661.9 768.3 694.8 516.3 819.6 694.2 801.3 136.3 706.0 773.5 714.9 624.1 771.5 735.9 628.7 676.6
2758.4 202.6 266.2 407.9 191.4 261.8 588.4 343.2 417.1 274.4 287.8 224.5 358.8 64.9 651.7 119.6 83.3 188.7 116.8 418.1 102.5 380.6 322.0 354.9 239.1 93.5 669.7 218.5 318.7 116.9 126.6 56.0 388.1 249.8 163.2 520.4 683.8 288.3 318.5 162.1 270.4 176.3 73.3 70.5 82.4 826.3 275.5 637.3 543.4 266.7 215.5 330.5 378.2 214.0 757.7 396.7 273.7 247.0 128.0 619.2 482.4 49.8 411.1 602.5 308.7 522.7 665.0 342.7 207.3 731.1 190.8 11.1 647.7 0.0 323.7 93.4 356.5 415.3 384.2 305.9 112.2 210.7 237.7 322.0 303.9 614.7 631.5 110.1 181.4 732.4 397.1 372.9 74.9 305.0 259.9 352.6 394.7 296.7 108.3 699.1 459.0 770.7 326.8 332.5 332.1 683.3 398.7 134.2 29.7 361.9 370.5 326.2 200.8 113.9 658.7 212.6 280.1 487.3 263.3 279.3 96.2 456.8 522.5
2662.6 334.0 518.7 158.9 443.9 360.2 320.4 94.2 455.1 323.9 540.3 477.0 35.0 317.4 477.2 357.5 236.1 441.2 274.8 425.9 337.0 57.2 574.5 386.9 113.0 328.0 541.7 471.0 299.4 291.5 379.1 323.7 395.9 456.2 415.7 392.4 555.8 269.0 69.5 425.4 327.9 399.7 325.8 323.0 334.9 558.3 256.2 509.3 275.4 462.2 456.7 362.5 386.0 466.5 583.2 404.5 372.1 499.5 361.9 491.2 346.1 284.3 418.9 334.5 515.1 254.7 490.5 549.1 413.7 556.6 397.2 299.3 473.2 294.3 0.0 314.5 107.5 477.4 436.1 512.3 354.0 463.2 490.2 524.0 402.3 486.7 503.5 281.5 387.8 557.9 481.0 404.9 338.9 557.5 487.8 123.6 145.7 328.7 368.8 431.1 210.0 502.7 97.8 364.5 8.3 555.3 651.2 386.7 315.4 369.7 46.7 532.6 407.2 348.4 530.7 419.0 486.5 495.1 156.8 377.7 283.0 392.5 440.4
2779.0 277.4 352.1 419.7 277.3 303.6 600.2 355.0 458.9 316.2 373.7 310.4 370.6 150.8 714.4 151.4 95.1 274.6 115.9 459.9 170.4 392.4 407.9 375.5 250.9 161.4 732.4 304.4 339.3 23.4 220.3 157.1 429.9 335.7 249.1 583.1 746.5 308.9 330.3 303.8 312.2 260.1 159.4 149.3 161.2 838.1 296.1 700.0 555.2 352.9 290.1 351.1 420.0 299.9 820.4 438.5 315.5 332.9 165.0 681.9 524.2 117.7 452.9 614.3 394.6 534.5 727.7 428.6 293.2 793.8 276.7 101.8 710.4 105.9 335.5 0.0 368.3 537.9 426.0 391.8 191.0 296.6 323.6 373.2 345.7 677.4 694.2 109.2 267.3 795.1 438.9 393.5 131.8 390.9 351.5 364.4 406.5 317.3 140.1 710.9 470.8 782.5 338.6 353.1 343.9 746.0 484.6 220.1 85.7 403.7 382.3 412.1 286.7 181.8 721.4 298.5 366.0 529.1 275.1 321.1 98.4 498.6 564.3
2609.0 352.4 537.1 105.3 462.3 378.6 377.8 40.6 455.5 322.6 558.7 495.4 148.2 335.8 470.1 375.9 254.5 459.6 293.2 424.6 355.4 170.0 592.9 352.3 131.4 346.4 488.1 489.4 298.1 309.9 397.5 342.1 394.6 474.6 434.1 338.8 502.2 267.7 93.9 443.8 326.6 418.1 344.2 341.4 353.3 569.2 254.9 455.7 332.8 481.0 475.1 327.9 384.7 484.9 576.1 403.2 351.7 517.9 380.3 437.6 346.5 302.7 417.6 403.0 533.5 312.1 483.4 567.5 432.1 549.5 415.6 315.2 466.1 323.2 113.1 332.9 0.0 477.8 436.5 530.7 379.7 481.6 508.6 546.8 381.9 433.1 449.9 299.9 406.2 550.8 454.7 370.3 361.0 575.9 519.3 124.0 33.0 299.7 387.2 487.3 156.4 513.6 98.2 329.9 121.5 501.7 669.6 405.1 332.4 368.4 159.9 551.0 425.6 366.8 477.1 437.4 504.9 479.1 175.2 357.3 301.4 392.9 440.8
2695.3 266.1 285.8 561.8 314.8 325.3 768.9 497.1 216.0 337.9 307.4 244.1 524.9 323.8 588.6 449.0 389.3 346.2 396.3 275.6 428.5 546.7 341.6 371.8 405.2 419.5 606.6 240.6 335.6 439.1 377.6 409.9 432.1 337.0 286.6 457.3 620.7 305.2 472.4 299.6 333.9 279.7 345.9 370.0 381.9 687.7 292.4 574.2 723.9 308.3 406.7 347.4 301.6 371.5 694.6 320.1 337.2 266.6 456.7 556.1 262.9 375.8 296.9 786.2 392.2 703.2 601.9 396.7 290.8 668.0 274.3 370.3 584.6 378.3 489.8 452.6 510.4 0.0 197.0 401.2 411.7 230.3 286.4 401.1 275.6 551.6 568.4 389.6 264.9 669.3 215.2 389.8 425.1 324.6 428.6 467.6 548.6 313.6 460.3 605.8 612.9 632.1 447.3 349.4 498.2 620.2 418.3 252.0 387.5 267.5 536.6 409.7 284.3 439.9 595.6 296.1 363.6 287.6 429.4 342.8 374.4 219.4 339.2
2703.1 194.8 293.6 517.9 322.6 173.8 712.4 453.2 32.8 135.0 315.2 251.9 482.8 331.6 596.4 456.8 397.1 354.0 404.1 115.1 436.3 504.6 349.4 264.9 365.8 427.3 614.4 245.9 192.1 446.9 385.4 417.7 207.0 317.0 294.4 465.1 628.5 192.2 428.5 307.4 131.0 287.5 357.8 377.8 389.7 695.5 205.7 582.0 667.4 316.4 400.3 262.9 130.8 379.3 702.4 149.3 112.4 274.4 461.2 563.9 163.6 383.6 108.1 782.9 375.9 646.7 609.7 404.5 274.5 675.8 258.0 380.6 592.4 375.6 447.7 460.4 466.5 111.8 0.0 373.1 419.5 238.1 294.2 384.8 78.5 559.4 576.2 397.4 248.6 677.1 18.1 247.9 432.9 332.4 412.3 423.7 504.7 256.2 468.1 613.6 569.0 639.9 403.4 219.9 456.1 628.0 426.1 259.8 396.7 96.7 494.5 393.4 268.0 447.7 603.4 279.8 347.3 202.3 390.0 101.9 383.5 171.8 239.9
2827.8 181.4 208.9 579.4 156.5 240.6 759.9 514.7 395.9 253.2 123.9 183.9 530.3 257.1 721.1 321.9 322.6 211.2 329.6 396.9 301.4 552.1 79.7 383.1 410.6 292.4 739.1 187.4 312.2 372.4 213.1 323.3 366.9 58.7 184.9 589.8 753.2 312.3 490.0 232.9 249.2 213.0 282.4 301.5 289.6 820.2 325.8 706.7 714.9 105.5 186.9 381.1 357.0 208.9 827.1 375.5 252.5 189.7 300.6 688.6 461.2 297.8 389.9 785.1 108.6 694.2 734.4 36.7 102.4 800.5 119.0 303.6 717.1 311.6 495.2 385.9 528.0 474.9 363.0 0.0 261.0 196.7 145.5 99.5 282.7 684.1 700.9 322.9 129.7 801.8 375.9 366.1 338.5 106.7 141.5 524.1 561.1 401.8 333.2 738.3 630.5 764.6 498.3 338.1 503.6 752.7 159.9 185.3 320.8 340.7 542.0 108.1 108.9 287.1 728.1 97.1 80.0 466.1 434.8 258.1 307.7 435.6 501.3
2769.8 214.0 284.5 443.6 202.8 273.2 624.1 378.9 428.5 285.8 276.0 242.8 394.5 76.3 663.1 116.7 119.0 162.1 110.2 429.5 96.2 416.3 302.9 373.2 274.8 87.2 688.0 232.4 330.1 176.8 77.3 97.7 399.5 228.1 174.6 538.7 695.2 299.7 354.2 173.5 281.8 194.6 80.6 40.4 28.5 862.0 286.9 648.7 579.1 205.5 137.8 341.9 389.6 159.8 769.1 408.1 292.0 265.3 104.2 630.6 493.8 72.2 422.5 649.3 283.3 558.4 676.4 317.3 218.7 742.5 202.2 109.1 659.1 117.1 359.4 184.5 392.2 433.6 395.6 280.5 0.0 229.0 249.1 296.6 315.3 633.0 642.9 103.5 192.8 743.8 408.5 384.3 116.6 285.9 221.7 388.3 425.3 313.7 128.0 734.8 494.7 806.4 362.5 343.9 374.7 694.7 386.9 145.6 119.4 373.3 406.2 300.8 212.2 80.1 677.0 224.0 254.7 498.7 299.0 290.7 88.3 475.1 533.9
2669.0 104.5 55.4 535.5 153.2 163.7 742.6 470.8 254.5 176.3 77.0 13.7 453.4 162.2 562.3 287.4 227.7 164.2 234.7 320.0 266.9 475.2 111.2 345.5 333.7 257.9 580.3 8.1 235.3 277.5 228.1 248.3 290.0 137.5 181.6 431.0 594.4 278.9 446.1 138.0 172.3 118.1 184.3 208.4 220.3 661.4 266.1 547.9 697.6 77.9 199.1 321.1 280.1 181.9 668.3 298.6 175.6 36.2 315.6 529.8 384.3 214.2 313.0 748.8 192.7 676.9 575.6 166.3 117.1 641.7 133.7 208.7 558.3 216.7 418.3 291.0 484.1 253.3 235.5 170.8 276.0 0.0 94.0 201.6 205.8 525.3 542.1 228.0 144.4 643.0 253.7 289.2 267.2 94.2 229.1 447.2 522.3 292.9 298.7 579.5 586.6 605.8 421.4 261.2 426.7 593.9 187.9 90.4 225.9 263.8 465.1 210.2 123.6 302.1 569.3 111.8 164.1 326.1 357.9 181.2 212.8 257.9 424.4
2717.4 147.1 128.4 545.1 104.2 206.3 725.6 480.4 361.6 218.9 88.2 103.4 496.0 181.5 610.7 287.9 247.0 115.2 254.0 362.6 267.4 517.8 122.4 348.8 376.3 258.4 628.7 104.9 277.9 296.8 179.1 289.3 332.6 84.8 132.6 479.4 642.8 278.0 455.7 157.3 214.9 137.4 245.0 267.5 255.6 709.8 291.5 596.3 680.6 29.2 150.1 346.8 322.7 132.9 716.7 341.2 218.2 109.2 266.6 578.2 426.9 263.8 355.6 739.7 143.7 659.9 624.0 177.5 68.1 690.1 84.7 230.5 606.7 225.5 460.9 310.3 493.7 301.7 328.7 182.0 227.0 97.1 0.0 152.6 248.4 573.7 590.5 247.3 95.4 691.4 341.6 331.8 304.5 105.4 180.1 489.8 531.9 380.2 299.2 627.9 596.2 654.2 464.0 303.8 469.3 642.3 199.1 109.7 246.6 306.4 507.7 161.2 74.6 253.1 617.7 62.8 115.1 431.8 400.5 223.8 233.4 401.3 467.0
2820.2 195.8 218.3 606.7 216.4 250.0 750.6 542.0 405.3 262.6 178.1 193.3 521.0 220.0 713.5 284.2 290.5 178.5 292.5 406.3 268.7 542.8 162.0 416.7 401.3 254.7 736.5 196.8 380.5 335.3 175.4 285.6 376.3 64.5 243.0 587.2 745.6 350.1 517.3 269.7 258.6 227.4 244.7 263.8 251.9 812.6 337.3 704.1 705.6 119.9 149.2 392.3 366.4 171.2 819.5 384.9 266.9 204.1 266.2 681.0 470.6 260.1 399.3 775.8 31.3 684.9 726.8 114.0 111.8 792.9 128.4 266.5 709.5 274.5 485.9 348.8 560.3 489.3 372.4 82.2 216.4 211.1 154.9 0.0 292.1 681.5 693.3 285.8 144.1 794.2 385.3 434.7 304.5 184.0 51.6 514.8 588.4 364.1 295.5 730.7 657.8 757.0 489.0 394.3 499.3 745.1 237.2 214.0 283.7 350.1 532.7 52.4 118.3 249.4 720.5 106.5 69.4 475.5 425.5 267.5 270.6 450.0 510.7
2783.4 116.2 272.8 439.3 268.9 95.2 633.8 374.6 113.1 56.4 294.4 231.1 404.2 246.9 676.7 372.1 312.4 286.8 319.4 130.0 351.6 426.0 328.6 186.3 287.2 342.6 694.7 225.1 115.4 362.2 300.7 333.0 170.1 238.4 240.7 545.4 708.8 115.5 349.9 207.6 52.4 181.9 273.1 293.1 305.0 775.8 129.0 662.3 588.8 244.4 321.7 184.3 145.7 304.5 782.7 164.2 33.8 253.6 376.5 644.2 264.4 298.9 123.0 647.9 297.3 568.1 690.0 331.3 195.9 756.1 179.4 295.9 672.7 290.9 369.1 375.7 387.9 192.1 80.2 294.5 334.8 217.3 244.3 306.2 0.0 639.7 656.5 312.7 170.0 757.4 93.1 169.3 348.2 311.6 333.7 345.1 426.1 177.6 383.4 693.9 490.4 720.2 324.8 141.3 377.5 708.3 405.3 175.1 312.0 111.6 415.9 314.8 189.4 363.0 683.7 201.2 268.7 217.2 311.4 23.3 298.8 186.7 304.5
2616.7 630.0 649.7 550.0 678.7 689.2 403.5 485.3 645.3 675.0 671.3 608.0 461.9 708.5 36.9 748.6 627.2 710.1 665.9 656.9 728.1 443.5 705.5 675.5 504.1 719.1 90.3 602.0 613.2 682.6 770.2 714.8 709.7 697.2 650.5 89.3 98.3 582.8 460.6 663.5 679.0 643.6 712.8 714.1 726.0 136.0 570.0 109.4 358.5 672.2 708.7 653.5 682.9 735.4 142.9 701.4 701.1 630.5 753.0 91.3 536.3 675.4 678.2 409.7 756.1 337.8 50.2 760.6 654.7 116.3 638.2 687.9 32.9 695.9 426.8 626.7 423.4 667.6 626.3 765.1 752.4 594.2 650.3 769.4 704.9 0.0 63.1 672.6 628.8 117.6 644.5 658.5 730.0 688.5 792.5 513.5 456.5 596.8 759.9 54.1 504.4 80.4 487.7 657.5 435.2 155.4 782.2 615.9 705.1 648.8 454.5 773.6 648.2 739.5 90.3 660.0 727.5 668.9 562.3 706.7 674.1 582.7 630.6
2642.5 655.8 675.5 515.8 704.5 715.0 448.5 451.1 671.1 663.5 697.1 633.8 511.6 713.5 120.0 748.4 614.3 735.9 686.6 682.7 715.2 493.2 731.3 675.2 546.7 706.2 38.1 627.8 639.0 676.0 730.3 701.9 735.5 723.0 676.3 115.1 75.2 608.6 510.3 689.3 667.5 669.4 739.7 758.5 770.4 188.0 595.8 90.8 403.5 698.3 734.5 650.8 708.7 761.2 226.0 727.2 726.9 656.3 762.0 72.7 562.1 662.5 704.0 454.7 781.9 382.8 133.3 786.4 680.5 199.4 664.0 698.8 116.0 672.5 476.5 652.5 449.2 693.4 652.1 790.9 732.2 620.0 676.1 790.8 730.7 83.0 0.0 693.3 654.6 200.7 670.3 693.2 728.8 714.3 818.3 539.3 487.4 617.0 737.1 165.7 530.2 149.6 513.5 652.8 484.9 104.9 808.0 641.7 682.7 674.6 504.2 799.4 674.0 726.6 53.4 685.8 753.3 694.7 543.8 732.5 707.6 608.5 656.4
2692.0 190.4 278.8 371.1 204.0 216.6 551.6 306.4 371.9 229.2 300.4 237.1 322.0 77.5 585.3 162.1 46.5 201.3 6.6 372.9 141.6 343.8 334.6 288.5 202.3 132.6 603.3 231.1 252.3 78.3 154.1 123.0 342.9 262.4 175.8 454.0 617.4 221.9 281.7 216.8 225.2 173.1 93.2 65.1 77.0 789.5 209.1 570.9 506.6 279.6 243.0 264.1 333.0 226.6 691.3 351.5 228.5 259.6 166.5 552.8 437.2 88.9 365.9 565.7 321.3 485.9 598.6 355.3 219.9 664.7 203.4 85.9 581.3 80.9 286.9 101.3 319.7 450.9 339.0 318.5 106.8 223.3 250.3 330.2 258.7 548.3 565.1 0.0 194.0 666.0 351.9 306.5 138.2 317.6 285.3 315.8 357.9 230.3 173.4 662.3 422.2 733.9 290.0 266.1 295.3 616.9 411.3 146.8 102.0 316.7 333.7 338.8 213.4 153.0 592.3 225.2 292.7 442.1 226.5 234.1 14.2 411.6 477.3
2698.0 51.6 133.2 449.6 105.7 110.8 630.1 384.9 266.1 123.4 154.8 91.5 400.5 127.3 591.3 289.4 192.8 116.7 199.8 267.1 268.9 422.3 189.0 253.3 280.8 259.9 609.3 88.0 182.4 242.6 180.6 213.4 237.1 72.0 134.1 460.0 623.4 182.5 360.2 103.1 119.4 83.2 153.5 173.5 185.4 690.4 196.0 576.9 585.1 74.7 151.6 251.3 227.2 134.4 697.3 245.7 122.7 114.0 268.1 558.8 331.4 179.3 260.1 644.2 127.2 564.4 604.6 161.2 25.8 670.7 9.3 173.8 587.3 181.8 365.4 256.1 398.2 345.1 233.2 124.4 228.5 77.7 104.7 136.1 152.9 554.3 571.1 193.1 0.0 672.0 246.1 236.3 232.3 172.0 163.6 394.3 436.4 244.6 300.7 608.5 500.7 634.8 368.5 208.3 373.8 622.9 265.7 55.5 192.4 210.9 412.2 144.7 19.3 254.6 598.3 31.1 98.6 336.3 305.0 128.3 177.9 305.8 371.5
2763.8 777.1 796.8 637.1 825.8 836.3 544.1 572.4 792.4 784.8 818.4 755.1 609.4 834.8 142.3 869.7 774.7 857.2 807.9 804.0 875.6 591.0 852.6 796.5 651.6 866.6 237.4 749.1 760.3 797.3 851.6 862.3 856.8 844.3 797.6 236.4 245.4 729.9 608.1 810.6 788.8 790.7 861.0 861.6 873.5 263.5 717.1 256.5 499.1 819.6 855.8 772.1 830.0 882.5 25.2 848.5 848.2 777.6 883.3 238.4 683.4 822.9 825.3 550.3 903.2 478.4 84.1 907.7 801.8 39.3 785.3 820.1 161.5 832.9 574.3 773.8 570.5 814.7 773.4 912.2 892.6 741.3 797.4 912.1 852.0 147.0 210.2 814.6 775.9 0.0 791.6 889.7 850.1 835.6 939.6 660.6 608.7 738.3 858.4 201.6 651.5 207.9 634.8 774.1 582.7 302.5 929.3 763.0 804.0 795.9 602.0 920.7 795.3 887.0 237.4 807.1 874.6 816.0 665.1 853.8 828.9 729.8 777.7
2732.2 198.6 322.7 521.7 351.3 177.6 716.2 457.0 61.9 138.8 344.3 281.0 486.6 360.7 625.5 485.9 426.2 369.2 433.2 118.9 465.4 508.4 378.5 268.7 369.6 456.4 643.5 275.0 195.9 476.0 414.5 446.8 210.8 320.8 323.1 494.2 657.6 196.0 432.3 290.0 134.8 264.3 386.9 406.9 418.8 724.6 209.5 611.1 671.2 345.5 404.1 266.7 134.6 386.9 731.5 153.1 116.2 303.5 490.3 593.0 192.7 412.7 111.9 730.3 379.7 650.5 638.8 413.7 278.3 704.9 261.8 409.7 621.5 404.7 451.5 489.5 470.3 140.9 29.0 376.9 448.6 267.2 323.3 388.6 82.3 588.5 605.3 426.5 252.4 706.2 0.0 251.7 462.0 361.5 416.1 427.5 508.5 260.0 497.2 642.7 572.8 669.0 407.2 223.7 459.9 657.1 455.2 288.9 425.8 100.5 498.3 397.2 271.8 476.8 632.5 283.6 351.1 206.1 393.8 105.7 412.6 175.6 269.0
2665.8 174.5 331.1 328.7 327.2 153.5 523.2 264.0 294.5 104.9 352.7 289.4 293.6 305.2 573.1 430.4 370.7 345.1 377.7 224.9 409.9 315.4 386.9 17.0 345.5 400.9 591.1 283.4 120.2 420.5 359.0 391.3 194.9 296.7 299.0 441.8 605.2 120.3 239.3 265.9 108.9 240.2 331.4 351.4 363.3 672.2 133.8 558.7 478.2 302.7 380.0 48.7 185.0 362.8 679.1 203.5 134.0 311.9 434.8 540.6 185.5 357.2 217.9 537.3 355.6 457.5 586.4 389.6 254.2 652.5 237.7 354.2 569.1 349.2 258.5 434.0 277.3 316.8 275.5 352.8 393.1 275.6 302.6 364.5 164.2 536.1 552.9 371.0 228.3 653.8 293.7 0.0 406.5 369.9 392.0 234.5 315.5 123.7 441.7 590.3 379.8 616.6 214.2 87.4 266.9 604.7 463.6 233.4 370.3 168.7 305.3 373.1 247.7 421.3 580.1 259.5 327.0 318.1 230.8 139.6 357.1 231.9 225.6
2876.5 256.1 318.6 441.7 243.8 314.2 622.2 377.0 469.5 326.8 340.2 276.9 392.6 117.3 769.8 89.4 117.1 241.1 155.9 470.5 89.1 414.4 374.4 408.4 272.9 80.1 787.8 273.4 371.1 138.7 141.4 15.1 440.5 305.9 215.6 642.2 801.9 340.7 352.3 214.5 322.8 229.8 121.6 122.9 110.6 860.1 327.9 755.4 577.2 283.8 208.8 382.9 430.6 230.8 875.8 449.1 326.1 299.4 97.8 737.3 534.8 70.3 463.5 647.4 361.1 556.5 783.1 395.1 259.7 849.2 243.2 74.4 765.8 96.3 357.5 115.2 394.0 467.7 436.6 358.3 113.4 264.2 290.1 374.4 356.3 736.5 749.6 149.2 233.8 850.5 449.5 425.3 0.0 357.4 297.3 386.4 423.4 354.7 78.1 732.9 492.8 804.5 360.6 384.9 369.6 801.4 451.1 186.6 57.1 414.3 404.3 378.6 253.2 104.2 776.8 265.0 332.5 539.7 297.1 331.7 139.7 509.2 574.9
2765.2 207.2 108.3 605.2 164.3 266.4 785.7 540.5 421.7 279.0 17.2 83.3 556.1 258.4 658.5 348.0 323.9 175.3 330.9 422.7 327.5 577.9 16.9 408.9 436.4 318.5 676.5 88.9 338.0 373.7 239.2 349.4 392.7 131.7 192.7 527.2 690.6 338.1 515.8 271.5 275.0 249.6 305.1 327.6 315.7 757.6 351.6 644.1 740.7 89.0 210.2 406.9 382.8 193.0 764.5 401.3 278.3 89.1 330.0 626.0 487.0 323.9 415.7 810.9 185.2 720.0 671.8 72.0 128.2 737.9 144.8 304.9 654.5 312.9 521.0 387.2 553.8 349.5 388.8 76.5 280.2 96.1 105.1 176.1 308.5 621.5 638.3 324.2 155.5 739.2 401.7 391.9 368.3 0.0 218.1 549.9 592.0 389.1 359.3 675.7 656.3 702.0 524.1 363.9 529.4 690.1 93.6 186.6 322.1 366.5 567.8 184.7 134.7 313.2 665.5 122.9 156.6 491.9 460.6 283.9 309.0 461.4 527.1
2786.9 236.4 263.9 573.4 183.1 295.6 717.3 508.7 450.9 308.2 223.7 238.9 487.7 186.7 680.2 250.9 252.2 140.2 259.2 451.9 230.4 509.5 202.6 383.4 368.0 221.4 698.2 242.4 347.2 302.0 142.1 252.3 421.9 113.7 209.7 548.9 712.3 316.8 484.0 236.4 304.2 222.8 208.0 230.5 218.6 779.3 304.0 665.8 672.3 160.5 115.9 359.0 412.0 137.9 786.2 430.5 307.5 244.7 232.9 647.7 516.2 226.8 444.9 731.4 36.7 651.6 693.5 159.6 157.4 759.6 174.0 233.2 676.2 241.2 452.6 315.5 522.0 529.9 418.0 122.8 190.0 257.2 200.5 58.5 337.7 643.2 660.0 252.5 184.7 760.9 430.9 401.4 267.5 229.6 0.0 481.5 560.2 330.8 262.2 697.4 624.5 723.7 455.7 361.0 461.0 711.8 282.8 180.7 250.4 395.7 499.4 116.0 163.9 216.1 687.2 152.1 79.7 521.1 392.2 313.1 237.3 490.6 556.3
2641.1 289.7 449.8 203.4 375.0 277.4 397.9 138.7 405.9 228.8 471.4 408.1 168.3 297.9 534.4 423.1 307.1 372.3 296.2 330.8 402.6 190.1 505.6 258.5 147.8 393.6 552.4 402.1 204.3 356.5 348.1 384.0 300.8 411.9 346.8 403.1 566.5 173.9 114.0 342.9 232.8 299.2 335.2 344.1 356.0 633.5 161.1 520.0 352.9 426.9 352.3 234.1 290.9 374.3 640.4 309.4 257.9 430.6 427.5 501.9 317.2 349.9 323.8 412.0 456.2 332.2 547.7 519.4 369.4 613.8 352.9 346.9 530.4 341.9 133.2 379.5 152.0 448.5 373.0 482.6 392.8 394.3 421.3 447.2 288.1 497.4 514.2 301.2 343.5 615.1 385.9 276.5 399.2 488.6 425.5 0.0 190.2 200.3 434.4 551.6 254.5 577.9 28.5 236.1 141.6 566.0 582.3 317.8 363.0 274.6 180.0 475.8 362.9 414.0 541.4 374.7 442.2 400.0 111.9 263.5 310.4 363.6 411.5
2635.0 374.9 563.1 131.3 488.3 404.6 403.8 66.6 481.5 348.6 584.7 521.4 174.2 361.8 496.1 401.9 277.0 482.1 319.2 450.6 377.9 196.0 618.9 378.3 157.4 372.4 514.1 517.9 324.1 335.9 423.5 368.1 420.6 504.3 460.1 361.3 528.2 293.7 119.9 469.8 352.6 440.6 366.1 367.4 379.3 595.2 280.9 481.7 358.8 503.5 501.1 353.9 410.7 510.9 602.1 429.2 377.7 540.4 409.6 463.6 372.5 328.7 443.6 429.0 559.5 338.1 509.4 593.5 458.1 575.5 441.6 337.7 492.1 345.7 139.1 358.9 26.0 500.3 462.5 553.2 405.7 504.1 534.6 572.8 407.9 459.1 475.9 325.9 432.2 576.8 480.7 396.3 387.0 601.9 545.3 150.0 0.0 325.7 413.2 513.3 178.9 539.6 124.2 355.9 144.0 527.7 695.6 431.1 358.4 394.4 185.9 577.0 451.6 392.8 499.6 463.4 530.9 505.1 201.2 383.3 328.7 418.9 466.8
2619.5 174.3 336.5 282.4 332.6 158.9 476.9 217.7 282.8 110.3 358.1 289.2 247.3 310.6 526.8 435.8 370.5 344.9 383.1 230.3 409.7 269.1 392.3 98.5 220.4 406.3 544.8 291.3 125.6 425.9 364.4 396.7 200.3 305.8 304.4 401.6 558.9 125.7 193.0 271.3 114.3 240.0 332.7 356.8 368.7 625.9 139.2 512.4 431.9 302.9 385.4 68.0 190.4 368.2 632.8 208.9 139.4 317.3 443.5 494.3 235.9 362.6 223.3 502.1 361.0 411.2 540.1 395.0 259.6 606.2 243.1 357.1 522.8 365.1 212.2 439.4 237.1 353.9 249.9 352.6 405.8 281.0 308.0 374.3 169.6 489.8 506.6 376.4 233.7 607.5 262.8 110.4 415.6 369.7 397.4 188.2 264.1 0.0 447.1 544.0 333.5 570.3 167.9 35.7 226.7 558.4 469.0 238.8 374.3 174.1 259.0 378.5 253.1 426.7 539.9 264.9 332.4 299.5 184.5 145.0 361.2 269.0 276.0
2823.9 268.1 331.7 466.2 256.9 327.3 646.7 401.5 482.6 339.9 336.3 290.0 417.1 130.4 717.2 11.2 141.6 222.4 180.4 483.6 31.8 438.9 370.5 420.4 297.4 40.8 735.2 284.0 384.2 147.0 151.1 73.3 453.6 284.7 228.7 585.9 749.3 353.8 376.8 227.6 335.9 241.8 138.8 136.0 120.3 884.6 341.0 702.8 601.7 272.7 198.1 396.0 443.7 220.1 823.2 462.2 339.2 312.5 84.1 684.7 547.9 94.8 476.6 660.8 343.6 581.0 730.5 377.6 272.8 796.6 256.3 80.1 713.2 84.2 382.0 123.5 414.8 480.8 449.7 340.8 115.8 276.2 303.2 352.5 369.4 680.2 697.0 173.7 246.9 797.9 462.6 438.4 58.1 353.5 289.3 410.9 453.0 362.2 0.0 757.4 517.3 829.0 385.1 398.0 390.4 748.8 447.2 199.7 64.0 427.4 428.8 361.1 266.3 89.8 724.2 278.1 315.0 552.8 321.6 344.8 161.7 522.3 588.0
2679.0 724.5 782.1 549.4 834.4 723.0 402.9 484.7 744.1 674.4 803.7 740.4 461.3 707.9 79.6 748.0 626.6 831.7 665.3 755.7 727.5 442.9 837.9 674.9 503.5 718.5 181.6 734.4 689.7 682.0 769.6 714.2 750.6 846.7 806.2 151.6 160.4 623.7 460.0 795.9 678.4 776.0 716.3 713.5 725.4 160.7 610.9 171.7 357.9 804.9 802.1 652.9 781.7 824.1 185.6 800.2 703.5 762.9 752.4 153.6 635.1 674.8 777.0 409.1 905.6 337.2 92.9 893.0 804.2 159.0 787.7 689.8 71.4 684.8 426.2 705.0 498.0 766.4 725.1 902.8 744.5 726.6 782.7 914.5 733.7 62.2 125.4 672.0 778.3 160.3 743.3 657.9 729.4 820.9 875.3 514.1 536.2 693.2 759.3 0.0 607.2 105.1 488.3 656.9 434.6 217.7 914.6 748.3 705.9 747.6 453.9 923.1 797.7 738.9 152.6 809.5 877.0 767.7 561.7 709.1 673.5 681.5 729.4
2682.0 529.9 486.7 235.0 515.7 556.1 476.1 170.3 645.0 457.1 508.3 445.0 197.4 513.3 543.1 553.4 432.0 637.1 470.7 559.1 532.9 174.7 542.5 486.4 308.9 523.9 561.1 439.4 432.6 487.4 575.0 519.6 529.1 652.1 487.5 411.8 575.2 402.2 265.4 500.5 461.1 480.6 517.6 518.9 530.8 642.2 389.4 528.7 431.1 509.2 652.6 462.0 519.2 662.4 649.1 537.7 486.2 467.5 557.8 510.6 536.0 480.2 552.1 490.2 711.0 410.4 556.4 597.6 609.6 622.5 593.1 492.7 539.1 500.7 231.6 510.4 168.4 667.3 626.0 602.1 549.9 431.2 487.3 719.9 516.4 506.1 522.9 477.4 583.7 623.8 644.2 504.4 534.8 525.5 683.7 258.5 201.5 428.2 564.7 560.3 0.0 586.6 232.7 464.0 232.9 574.7 619.2 452.9 509.9 502.9 185.7 728.5 603.1 544.3 550.1 614.9 682.4 668.6 352.7 491.8 480.2 582.4 630.3
2686.5 727.5 747.2 602.2 776.2 786.7 455.7 537.5 715.1 727.2 768.8 705.5 514.1 760.7 107.1 800.8 679.4 807.6 718.1 726.7 780.3 495.7 803.0 727.7 556.3 771.3 146.7 699.5 710.7 734.8 822.4 767.0 807.2 794.7 748.0 159.1 125.5 680.3 512.8 761.0 731.2 741.1 769.1 766.3 778.2 125.8 667.5 179.2 410.7 770.0 806.2 705.7 797.3 832.9 213.1 815.8 798.6 728.0 805.2 161.1 606.1 727.6 748.0 461.9 853.6 390.0 120.4 858.1 752.2 186.5 735.7 742.6 103.1 737.6 479.0 696.5 493.2 737.4 696.1 862.6 797.3 691.7 747.8 862.5 774.7 69.7 129.8 724.8 726.3 187.8 714.3 710.7 782.2 786.0 890.0 566.9 531.4 688.7 812.1 106.3 660.0 0.0 541.1 709.7 487.4 213.5 879.7 713.4 758.7 718.6 506.7 871.1 745.7 791.7 159.7 757.5 825.0 738.7 614.5 804.2 726.3 652.5 700.4
2666.9 315.5 475.6 174.8 400.8 303.2 369.3 110.1 397.6 254.6 497.2 433.9 139.7 323.7 560.2 448.9 332.9 398.1 322.0 356.6 428.4 161.5 531.4 284.3 173.6 419.4 578.2 427.9 230.1 382.3 373.9 409.8 326.6 437.7 372.6 428.9 592.3 199.7 85.4 368.7 258.6 325.0 361.0 369.9 381.8 607.2 186.9 545.8 324.3 452.7 378.1 259.9 316.7 400.1 666.2 335.2 283.7 456.4 453.3 527.7 288.6 375.7 349.6 383.4 482.0 303.6 573.5 545.2 395.2 639.6 378.7 372.7 556.2 367.7 104.6 405.3 123.4 419.9 378.6 508.4 418.6 420.1 447.1 473.0 313.9 523.2 540.0 327.0 369.3 640.9 396.8 302.3 425.0 514.4 451.3 25.7 161.6 226.1 460.2 480.0 225.9 551.6 0.0 261.9 113.0 591.8 608.1 343.6 388.8 300.4 151.4 501.6 388.7 439.8 567.2 400.5 468.0 421.2 137.7 289.3 336.2 335.0 382.9
2655.8 144.1 300.7 318.7 296.8 123.1 513.2 254.0 247.0 74.5 322.3 259.0 283.6 274.8 563.1 400.0 340.3 314.7 347.3 194.5 379.5 305.4 356.5 128.7 315.1 370.5 581.1 253.0 89.8 390.1 328.6 360.9 164.5 266.3 268.6 431.8 595.2 89.9 229.3 235.5 78.5 209.8 301.0 321.0 332.9 662.2 103.4 548.7 468.2 272.3 349.6 104.3 154.6 332.4 669.1 173.1 103.6 281.5 404.4 530.6 200.1 326.8 187.5 527.3 325.2 447.5 576.4 359.2 223.8 642.5 207.3 323.8 559.1 318.8 248.5 403.6 267.3 318.1 214.1 322.4 362.7 245.2 272.2 334.1 133.8 526.1 542.9 340.6 197.9 643.8 227.0 146.7 376.1 339.5 361.6 224.5 305.5 36.2 411.3 580.3 369.8 606.6 204.2 0.0 256.9 594.7 433.2 203.0 339.9 138.3 295.3 342.7 217.3 390.9 570.1 229.1 296.6 263.7 220.8 109.2 326.7 233.2 240.2
2670.1 341.5 526.2 166.4 451.4 367.7 327.9 101.7 462.6 331.4 547.8 484.5 26.6 324.9 484.7 365.0 243.6 448.7 282.3 433.4 344.5 48.8 582.0 394.4 120.5 335.5 549.2 481.0 306.9 299.0 386.6 331.2 403.4 467.4 423.2 399.9 563.3 276.5 77.0 432.9 335.4 407.2 329.2 330.5 342.4 565.8 263.7 516.8 282.9 470.1 464.2 370.0 393.5 474.0 590.7 412.0 379.6 507.0 369.4 498.7 353.6 291.8 426.4 353.1 522.6 262.2 498.0 556.6 421.2 564.1 404.7 304.3 480.7 312.3 7.4 322.0 115.0 484.9 443.6 519.8 368.8 470.7 497.7 531.5 409.8 494.2 511.0 289.0 395.3 565.4 488.5 412.4 346.4 565.0 495.3 131.1 153.2 336.2 376.3 438.6 217.5 510.2 105.3 372.0 0.0 562.8 658.7 394.2 321.5 377.2 38.3 540.1 414.7 355.9 538.2 426.5 494.0 502.6 164.3 385.2 290.5 400.0 447.9
2694.7 703.1 722.8 568.0 751.8 762.3 475.0 503.3 723.3 710.8 744.4 681.1 563.8 760.8 206.2 783.0 661.6 783.2 700.3 734.9 762.5 545.4 778.6 722.5 598.9 753.5 108.4 675.1 686.3 717.0 777.6 749.2 782.8 770.3 723.6 167.3 80.2 655.9 562.5 736.6 714.8 716.7 787.0 748.5 760.4 249.6 643.1 109.6 430.0 745.6 781.8 698.1 772.9 808.5 312.2 791.4 774.2 703.6 787.4 85.2 614.3 709.8 756.2 481.2 829.2 409.3 219.5 833.7 727.8 285.6 711.3 724.8 202.2 719.8 528.7 704.7 501.4 745.6 704.3 838.2 779.5 667.3 723.4 838.1 804.4 206.5 113.8 707.0 701.9 286.9 722.5 740.5 764.4 761.6 865.6 591.5 539.6 664.3 794.3 243.1 582.4 227.0 565.7 700.1 537.1 0.0 855.3 689.0 740.9 756.6 556.4 846.7 721.3 773.9 71.1 733.1 800.6 746.9 596.0 779.8 708.5 660.7 708.6
2838.9 280.9 182.0 678.9 238.0 340.1 859.4 614.2 495.4 352.7 90.8 157.0 629.8 332.1 732.2 421.7 397.6 249.0 404.6 496.4 401.2 651.6 70.1 482.6 510.1 392.2 750.2 162.9 411.7 447.4 312.9 423.1 466.4 188.5 266.4 600.9 764.3 411.8 589.5 345.2 348.7 323.3 378.8 401.3 389.4 831.3 425.3 717.8 814.4 163.0 283.9 480.6 456.5 266.7 838.2 475.0 352.0 162.8 400.4 699.7 560.7 397.6 489.4 873.5 238.4 793.7 745.5 125.2 201.9 811.6 218.5 381.1 728.2 376.1 594.7 460.9 627.5 423.2 462.5 129.7 360.8 169.8 178.8 229.3 382.2 695.2 712.0 397.9 229.2 812.9 475.4 465.6 438.3 73.6 271.3 623.6 665.7 457.2 433.0 749.4 730.0 775.7 597.8 437.6 603.1 763.8 0.0 260.3 397.2 440.2 641.5 237.9 208.4 386.9 739.2 196.6 209.8 565.6 534.3 357.6 384.0 535.1 600.8
2689.9 68.3 131.9 461.8 57.1 127.5 642.3 397.1 282.8 140.1 153.5 90.2 412.7 71.7 583.2 196.9 137.2 124.1 144.2 283.8 176.4 434.5 187.7 286.4 293.0 167.4 601.2 84.2 250.2 187.0 125.5 157.8 253.8 115.5 28.9 451.9 615.3 219.8 372.4 47.5 136.1 42.0 97.9 117.9 129.8 682.3 207.0 568.8 597.3 132.7 159.0 262.0 243.9 141.8 689.2 262.4 139.4 112.7 201.3 550.7 348.1 123.7 276.8 656.4 174.4 576.6 596.5 208.4 73.0 662.6 56.5 120.7 579.2 115.7 377.6 200.5 410.4 281.0 249.9 171.6 159.6 76.4 103.4 183.3 169.6 546.2 563.0 137.5 47.1 663.9 262.8 304.4 173.0 170.7 210.8 406.5 448.6 228.2 208.2 600.4 512.9 626.7 380.7 264.0 386.0 614.8 264.4 0.0 136.8 227.6 424.4 191.9 66.5 187.8 590.2 78.3 145.8 353.0 317.2 145.0 123.6 322.5 388.2
2759.8 202.6 266.2 409.3 192.8 263.2 589.8 344.6 418.5 275.8 289.2 224.5 360.2 66.3 687.4 89.8 83.3 188.7 118.2 419.5 102.5 382.0 322.0 354.9 240.5 94.9 705.4 222.4 320.1 87.1 128.0 57.4 389.5 254.9 164.6 556.1 719.5 289.7 319.9 163.5 271.8 176.3 70.6 71.9 83.8 827.7 276.9 673.0 544.8 266.7 216.9 331.9 379.6 215.4 793.4 398.1 273.7 248.4 98.2 654.9 483.8 51.2 412.5 615.0 310.1 524.1 700.7 344.1 208.7 766.8 192.2 17.2 683.4 40.5 325.1 63.6 417.1 416.7 385.6 305.9 120.9 210.7 239.1 323.4 305.3 650.4 667.2 111.5 181.4 768.1 398.5 374.3 76.3 305.0 259.9 354.0 450.2 303.7 78.5 700.5 460.4 772.1 328.2 333.9 332.1 719.0 400.1 135.6 0.0 363.3 371.9 327.6 202.2 113.9 694.4 214.0 281.5 488.7 264.7 280.7 96.3 456.8 523.9
2692.1 167.6 361.5 437.2 320.3 146.6 631.7 372.5 131.2 98.0 383.1 319.8 402.1 298.3 585.4 423.5 363.8 338.2 347.2 56.1 403.0 423.9 417.3 184.2 322.0 394.0 603.4 313.8 95.3 407.5 352.1 384.4 110.2 289.8 292.1 454.1 617.5 95.4 347.8 259.0 144.0 233.3 324.5 344.5 356.4 684.5 108.9 571.0 586.7 295.8 373.1 182.2 34.0 355.9 691.4 52.5 125.4 342.3 427.9 552.9 262.3 350.3 49.1 645.8 348.7 566.0 598.7 382.7 247.3 664.8 230.8 347.3 581.4 342.3 367.0 427.1 385.8 179.7 98.3 345.9 386.2 306.0 295.7 357.6 91.5 548.4 565.2 352.2 221.4 666.1 111.2 167.2 399.6 400.3 385.1 343.0 424.0 205.9 434.8 602.6 488.3 628.9 322.7 139.2 375.4 617.0 494.0 226.5 363.4 0.0 413.8 366.2 240.8 414.4 592.4 252.6 320.1 125.3 346.2 114.9 350.2 94.8 302.4
2725.3 388.7 573.4 213.6 498.6 414.9 345.7 148.9 565.8 378.6 595.0 531.7 11.6 372.1 502.5 412.2 290.8 495.9 329.5 480.6 391.7 10.4 629.2 441.6 167.7 382.7 596.4 525.7 354.1 346.2 433.8 378.4 450.6 510.9 470.4 447.1 583.3 323.7 124.2 480.1 382.6 454.4 380.5 377.7 389.6 583.6 310.9 564.0 300.7 516.9 511.4 417.2 440.7 521.2 608.5 459.2 426.8 554.2 416.6 545.9 456.8 339.0 473.6 359.8 569.8 280.0 515.8 603.8 468.4 581.9 451.9 354.0 498.5 349.0 54.6 369.2 162.2 588.1 546.8 567.0 408.7 517.9 544.9 578.7 457.0 541.4 558.2 336.2 442.5 583.2 565.0 459.6 393.6 612.2 542.5 178.3 200.4 383.4 423.5 456.4 228.6 528.0 152.5 419.2 47.1 589.8 705.9 441.4 370.1 424.4 0.0 587.3 461.9 403.1 585.4 473.7 541.2 589.4 211.5 432.4 337.7 503.2 551.1
2820.0 210.6 238.1 606.5 216.2 269.8 750.4 541.8 425.1 282.4 197.9 213.1 520.8 219.8 713.3 284.0 285.3 173.3 292.3 426.1 263.5 542.6 176.8 416.5 401.1 254.5 731.3 219.0 380.3 335.1 175.2 285.4 396.1 87.9 242.8 582.0 745.4 349.9 517.1 269.5 278.4 255.9 241.1 263.6 251.7 812.4 337.1 698.9 705.4 134.3 149.0 392.1 386.2 171.0 819.3 404.7 281.7 218.9 262.7 680.8 490.4 259.9 419.1 764.5 75.0 684.7 726.6 133.8 131.6 792.7 148.2 268.8 709.3 263.8 485.7 348.6 555.1 504.1 392.2 97.0 223.1 225.9 174.7 43.6 311.9 676.3 693.1 285.6 158.9 794.0 405.1 434.5 300.6 203.8 95.3 514.6 593.3 358.3 295.3 730.5 657.6 756.8 488.8 394.1 494.1 744.9 257.0 213.8 284.9 369.9 532.5 0.0 138.1 249.2 720.3 126.3 89.2 495.3 425.3 287.3 271.7 464.8 530.5
2718.8 72.4 154.0 470.4 86.3 131.6 650.9 405.7 286.9 144.2 118.5 112.3 421.3 148.1 612.1 270.0 213.6 97.3 220.6 287.9 249.5 443.1 152.7 274.1 301.6 240.5 630.1 106.3 203.2 263.4 161.2 271.4 257.9 48.9 114.7 480.8 644.2 203.3 381.0 123.9 140.2 104.0 227.1 249.6 237.7 711.2 216.8 597.7 605.9 54.9 132.2 272.1 248.0 115.0 718.1 266.5 143.5 134.8 248.7 579.6 352.2 245.9 280.9 665.0 107.8 585.2 625.4 141.8 6.4 691.5 10.0 197.1 608.1 192.1 386.2 276.9 419.0 365.9 254.0 105.0 209.1 98.5 125.5 116.7 173.7 575.1 591.9 213.9 20.7 692.8 266.9 257.1 286.6 135.7 144.2 415.1 457.2 265.4 281.3 629.3 521.5 655.6 389.3 229.1 394.6 643.7 229.4 76.3 213.2 231.7 433.0 125.3 0.0 235.2 619.1 11.7 79.2 357.1 325.8 149.1 200.0 326.6 392.3
2891.9 269.8 333.4 457.1 230.5 329.0 637.6 392.4 484.3 341.6 301.5 291.7 408.0 132.1 785.2 78.8 132.5 187.6 171.3 485.3 99.3 429.8 335.7 422.0 288.3 108.3 803.2 288.2 385.8 175.3 130.9 101.6 455.3 249.9 230.4 653.9 817.3 355.4 367.7 229.3 337.6 243.5 136.4 123.1 111.2 875.5 342.6 770.8 592.6 238.3 163.3 397.6 445.4 185.3 891.2 463.9 340.9 314.2 16.7 752.7 549.6 85.7 478.3 651.7 308.8 571.9 798.5 342.8 274.5 864.6 258.0 111.0 781.2 132.9 372.9 151.8 405.7 482.5 451.4 306.0 106.7 277.9 278.3 322.1 371.1 748.2 765.0 164.6 248.6 865.9 464.3 440.0 82.7 318.7 254.5 401.8 443.9 369.4 67.5 748.3 508.2 819.9 376.0 399.6 381.3 816.8 412.4 201.4 92.3 429.1 419.7 326.3 268.0 0.0 792.2 279.8 280.2 554.5 312.5 346.5 153.8 524.0 589.7
2648.4 703.0 722.7 521.7 751.7 762.2 454.4 457.0 677.0 710.7 744.3 681.0 517.5 760.7 135.0 754.3 661.5 783.1 692.5 688.6 762.4 499.1 778.5 722.4 552.6 753.4 53.2 675.0 686.2 681.9 777.5 749.1 782.7 770.2 723.5 121.0 25.0 655.8 516.2 736.5 714.7 716.6 786.9 748.4 760.3 196.1 643.0 109.5 409.4 745.2 781.7 698.0 714.6 808.4 241.0 733.1 774.1 703.5 762.7 85.1 568.0 709.7 709.9 460.6 829.1 388.7 148.3 833.6 727.7 214.4 711.2 722.2 131.0 730.2 482.4 658.4 455.1 699.3 658.0 838.1 786.7 667.2 723.3 842.4 736.6 98.0 52.1 699.2 701.8 215.7 676.2 740.4 731.0 761.5 865.5 545.2 488.2 664.2 743.0 187.9 536.1 171.8 519.4 700.0 490.8 89.7 855.2 688.9 688.6 680.5 510.1 846.6 721.2 773.8 0.0 733.0 800.5 700.6 549.7 779.7 713.5 614.4 662.3
2730.6 84.2 165.8 482.2 74.5 143.4 662.7 417.5 298.7 156.0 106.7 124.1 433.1 159.9 623.9 258.2 225.4 85.5 232.4 299.7 237.7 454.9 140.9 285.9 313.4 228.7 641.9 118.1 215.0 275.2 149.4 259.6 269.7 37.1 102.9 492.6 656.0 215.1 392.8 135.7 152.0 159.8 215.3 237.8 225.9 723.0 228.6 609.5 617.7 43.1 120.4 283.9 259.8 103.2 729.9 278.3 155.3 146.6 236.9 591.4 364.0 234.1 292.7 676.8 96.0 597.0 637.2 130.0 5.2 703.3 21.8 208.9 619.9 203.9 398.0 288.7 430.8 377.7 265.8 93.2 197.3 110.3 83.5 104.9 185.5 586.9 603.7 225.7 32.5 704.6 278.7 268.9 274.8 123.9 132.4 426.9 469.0 277.2 269.5 641.1 533.3 667.4 401.1 240.9 406.4 655.5 217.6 88.1 225.0 243.5 444.8 113.5 11.7 223.4 630.9 0.0 67.4 368.9 337.6 160.9 211.8 338.4 404.1
2805.2 158.8 186.3 556.8 133.9 218.0 737.3 492.1 373.3 230.6 146.1 161.3 507.7 234.5 698.5 315.9 300.0 144.9 307.0 374.3 295.4 529.5 143.0 360.5 388.0 286.4 716.5 167.2 289.6 349.8 207.1 317.3 344.3 36.1 162.3 567.2 730.6 289.7 467.4 210.3 226.6 190.4 273.0 295.5 283.6 797.6 303.2 684.1 692.3 82.5 180.9 358.5 334.4 202.9 804.5 352.9 229.9 167.1 294.6 666.0 438.6 291.8 367.3 751.4 28.5 671.6 711.8 100.0 79.8 777.9 96.4 283.5 694.5 278.5 472.6 363.3 505.4 452.3 340.4 63.2 255.0 174.1 122.9 51.4 260.1 661.5 678.3 300.3 107.1 779.2 353.3 343.5 332.5 163.3 64.9 501.5 543.6 390.2 327.2 715.7 607.9 742.0 475.7 315.5 481.0 730.1 223.2 162.7 299.6 318.1 519.4 103.9 86.3 281.1 705.5 74.5 0.0 443.5 412.2 235.5 286.4 413.0 478.7
2793.8 275.7 384.3 545.3 413.3 254.7 739.8 480.6 180.2 206.1 405.9 342.6 510.2 422.3 687.1 547.5 487.8 444.7 494.8 116.1 527.0 532.0 440.1 292.3 430.1 518.0 705.1 336.6 203.4 537.6 476.1 508.4 218.3 397.9 385.1 555.8 719.2 203.5 455.9 398.1 252.3 378.2 448.5 468.5 480.4 786.2 217.0 672.7 694.8 407.1 481.2 290.3 142.1 464.0 793.1 160.6 233.7 365.1 551.9 654.6 205.1 474.3 137.4 753.9 456.8 674.1 700.4 495.2 355.4 766.5 338.9 471.3 683.1 466.3 475.1 551.1 493.9 202.5 161.2 454.0 510.2 328.8 384.9 465.7 199.8 650.1 666.9 488.1 329.5 767.8 179.4 275.3 523.6 423.1 493.2 451.1 532.1 314.0 558.8 704.3 596.4 730.6 430.8 247.3 483.5 718.7 516.8 350.5 487.4 108.0 521.9 474.3 348.9 538.4 694.1 360.7 428.2 0.0 454.3 223.2 474.2 117.6 281.4
2579.3 227.9 388.0 240.4 313.2 215.6 420.9 175.7 344.1 167.0 409.6 346.3 191.3 236.1 472.6 316.5 195.1 310.5 234.4 269.0 296.0 213.1 443.8 196.7 71.6 287.0 490.6 340.3 142.5 250.5 286.3 282.7 239.0 350.1 285.0 341.3 504.7 112.1 151.0 281.1 171.0 237.4 273.4 282.3 294.2 571.7 99.3 458.2 375.9 365.1 290.5 172.3 229.1 312.5 578.6 247.6 196.1 368.8 320.9 440.1 351.3 243.3 262.0 435.0 394.4 355.2 485.9 457.6 307.6 552.0 291.1 258.3 468.6 253.3 156.2 273.5 189.0 392.6 311.2 420.8 331.0 332.5 359.5 385.4 226.3 435.6 452.4 239.4 281.7 553.3 324.1 214.7 297.9 426.8 363.7 185.1 227.2 138.5 327.8 489.8 291.5 516.1 159.3 174.3 164.6 504.2 520.5 256.0 274.4 212.8 203.0 414.0 301.1 307.4 479.6 312.9 380.4 338.2 0.0 201.7 248.6 307.7 391.4
2687.7 91.7 248.3 414.8 244.4 70.1 609.3 350.1 136.6 31.9 269.9 206.6 379.7 222.4 581.0 347.6 287.9 262.3 294.9 153.5 327.1 401.5 304.1 161.8 262.7 318.1 599.0 200.6 90.9 337.7 276.2 308.5 145.6 213.9 216.2 449.7 613.1 91.0 325.4 183.1 27.9 157.4 248.6 268.6 280.5 680.1 104.5 566.6 564.3 219.9 297.2 159.8 135.7 280.0 687.0 154.2 9.3 229.1 352.0 548.5 239.9 274.4 146.5 623.4 272.8 543.6 594.3 306.8 171.4 660.4 154.9 271.4 577.0 266.4 344.6 351.2 363.4 215.6 103.7 270.0 310.3 192.8 219.8 281.7 23.4 544.0 560.8 288.2 145.5 661.7 116.6 144.8 323.7 287.1 309.2 320.6 401.6 153.1 358.9 598.2 465.9 624.5 300.3 116.8 353.0 612.6 380.8 150.6 287.5 119.4 391.4 290.3 164.9 338.5 588.0 176.7 244.2 240.7 286.9 0.0 274.3 210.2 280.0
2705.9 204.3 264.5 379.9 188.4 230.5 560.4 315.2 385.8 243.1 286.1 221.5 330.8 63.2 599.2 147.8 55.3 185.7 20.5 386.8 126.0 352.6 320.3 302.4 211.1 118.3 617.2 219.3 266.2 87.1 124.9 108.7 356.8 251.8 161.5 467.9 631.3 235.8 290.5 160.4 239.1 187.0 77.9 50.8 62.7 798.3 223.0 584.8 515.4 265.0 213.8 278.0 346.9 212.3 705.2 365.4 242.4 244.0 155.5 566.7 451.1 74.6 379.8 585.6 307.0 494.7 612.5 341.0 205.6 678.6 189.1 67.8 595.2 75.8 295.7 110.1 328.5 464.8 352.9 304.2 99.8 209.0 236.0 320.3 272.6 562.2 579.0 13.8 178.4 679.9 365.8 320.4 127.6 302.0 256.9 324.6 361.6 249.8 159.1 671.1 432.3 742.7 298.8 280.0 304.1 630.8 397.0 132.5 86.3 330.6 342.5 324.5 199.1 137.4 606.2 210.9 278.4 456.0 235.3 248.0 0.0 425.5 491.2
2676.1 246.9 266.6 542.6 295.6 306.1 749.7 477.9 62.5 178.6 288.2 224.9 505.7 304.6 569.4 429.8 370.1 327.0 377.1 158.7 409.3 527.5 322.4 352.6 386.0 400.3 587.4 218.9 235.7 419.9 358.4 390.7 250.6 314.1 267.4 438.1 601.5 235.8 453.2 280.4 174.6 260.5 330.8 350.8 362.7 668.5 249.3 555.0 704.7 289.1 387.5 328.2 174.4 352.3 675.4 192.9 156.0 247.4 434.2 536.9 154.6 356.6 151.7 755.9 373.0 684.0 582.7 377.5 271.6 648.8 255.1 351.1 565.4 359.1 470.6 433.4 491.2 84.8 43.5 382.0 392.5 211.1 267.2 386.3 122.1 532.4 549.2 370.4 245.7 650.1 61.7 291.5 409.6 305.4 409.4 448.4 529.4 300.0 441.1 586.6 593.7 612.9 428.1 263.5 479.0 601.0 399.1 232.8 368.3 140.3 517.4 390.5 265.1 420.7 576.4 276.9 344.4 245.9 410.2 145.5 355.2 0.0 230.9
2798.7 328.5 450.5 512.4 479.5 307.5 706.9 447.7 246.4 258.9 472.1 408.8 477.3 488.5 706.0 613.7 554.0 499.1 561.0 258.0 593.2 499.1 506.3 241.4 450.4 584.2 724.0 402.8 274.2 603.8 542.3 574.6 360.2 450.7 451.3 574.7 738.1 274.3 423.0 464.3 262.9 394.2 514.7 534.7 546.6 805.1 287.8 691.6 661.9 473.3 534.0 273.2 284.0 516.8 812.0 302.5 339.9 431.3 618.1 673.5 137.4 540.5 279.3 721.0 509.6 641.2 719.3 543.6 408.2 785.4 391.7 537.5 702.0 532.5 442.2 617.3 461.0 268.7 227.4 506.8 576.4 395.0 451.1 518.5 306.0 669.0 685.8 554.3 382.3 786.7 245.6 224.4 589.8 489.3 546.0 418.2 499.2 277.7 625.0 723.2 563.5 749.5 397.9 241.4 450.6 737.6 583.0 416.7 553.6 249.9 489.0 527.1 401.7 604.6 713.0 413.5 481.0 270.0 414.5 329.4 540.4 183.8 0.0
