Name		1594_BED-Amazon_n74_m200_bt23
Number_of_Customers	74
Number_of_Items		200
Number_of_ItemTypes	23
Number_of_Vehicles	1
TimeWindows		0
Dist_type	manual

VEHICLE
Mass_Capacity	2071
CargoSpace_Length	174
CargoSpace_Width	61
CargoSpace_Height	84

CUSTOMERS
i	x	y	Demand	ReadyTime	DueDate	ServiceTime	DemandedMass	DemandedVolume
0	34.007369	-118.143927	0	0	0	0	0	0
1	34.085249	-118.366949	2	0	0	0	2.45	7248
2	34.087786	-118.364846	1	0	0	0	7.3	3640
3	34.09002	-118.365923	1	0	0	0	5.29	8075
4	34.090145	-118.363801	1	0	0	0	0.7	2640
5	34.090129	-118.369122	2	0	0	0	2.6	3816
6	34.092397	-118.364443	3	0	0	0	8.44	5860
7	34.085437	-118.367628	1	0	0	0	4.7	1380
8	34.085309	-118.364823	1	0	0	0	4.7	1380
9	34.084509	-118.363761	1	0	0	0	1.4	5280
10	34.08913	-118.370271	2	0	0	0	2.45	7248
11	34.093043	-118.365949	1	0	0	0	2.5	3978
12	34.084584	-118.362686	1	0	0	0	1.75	4608
13	34.084856	-118.363761	1	0	0	0	9.4	2760
14	34.086499	-118.363769	1	0	0	0	1.4	5280
15	34.087962	-118.366972	4	0	0	0	19.2	11934
16	34.087133	-118.366585	1	0	0	0	0.7	2640
17	34.086764	-118.37026	4	0	0	0	15.98	24012
18	34.08896	-118.37027	3	0	0	0	8.75	3636
19	34.089544	-118.365917	1	0	0	0	2.15	1080
20	34.085706	-118.370259	2	0	0	0	9.95	19860
21	34.090414	-118.366993	3	0	0	0	16.7	7956
22	34.086466	-118.366956	2	0	0	0	7.44	9155
23	34.089746	-118.370269	3	0	0	0	9.61	8100
24	34.084593	-118.369077	1	0	0	0	5.29	8075
25	34.086477	-118.362693	3	0	0	0	11.0	7336
26	34.096326	-118.364464	3	0	0	0	10.6	16680
27	34.089435	-118.370268	1	0	0	0	1.75	4608
28	34.095954	-118.364466	3	0	0	0	7.9	7998
29	34.099243	-118.36431	3	0	0	0	7.9	7998
30	34.089269	-118.364861	2	0	0	0	8.52	8980
31	34.087109	-118.368477	1	0	0	0	7.3	3640
32	34.088242	-118.364851	1	0	0	0	9.4	2760
33	34.089121	-118.368046	2	0	0	0	3.2	7800
34	34.089136	-118.362715	1	0	0	0	4.7	1380
35	34.0915	-118.367421	2	0	0	0	4.01	12921
36	34.09801	-118.365098	6	0	0	0	43.44	27327
37	34.088232	-118.368037	4	0	0	0	22.19	43760
38	34.091796	-118.365004	3	0	0	0	12.7	7660
39	34.085914	-118.362688	2	0	0	0	16.7	6400
40	34.089385	-118.368049	2	0	0	0	16.7	6400
41	34.090195	-118.364861	3	0	0	0	12.0	6576
42	34.094408	-118.365016	1	0	0	0	4.7	1380
43	34.089225	-118.363797	1	0	0	0	4.7	1380
44	34.086645	-118.363771	1	0	0	0	0.7	2640
45	34.088583	-118.369105	2	0	0	0	5.4	4020
46	34.099362	-118.364308	4	0	0	0	24.87	38878
47	34.089561	-118.363803	6	0	0	0	22.4	31638
48	34.090015	-118.362729	1	0	0	0	2.91	13520
49	34.086733	-118.366958	1	0	0	0	4.7	1380
50	34.084275	-118.369075	1	0	0	0	4.8	6200
51	34.100137	-118.364302	3	0	0	0	15.6	14240
52	34.08825	-118.362704	3	0	0	0	10.21	10902
53	34.090937	-118.366416	1	0	0	0	2.15	1080
54	34.087181	-118.36339	1	0	0	0	0.7	2640
55	34.098838	-118.364304	3	0	0	0	8.25	8508
56	34.087715	-118.370265	2	0	0	0	21.81	11064
57	34.093077	-118.364451	5	0	0	0	17.8	21992
58	34.095098	-118.36446	8	0	0	0	57.79	59958
59	34.087832	-118.368036	1	0	0	0	0.7	2640
60	34.089159	-118.362718	2	0	0	0	5.4	4020
61	34.08738	-118.369093	2	0	0	0	7.2	5358
62	34.08612	-118.369085	2	0	0	0	10.31	9184
63	34.093466	-118.366457	1	0	0	0	3.01	5544
64	34.086419	-118.368025	2	0	0	0	4.5	11576
65	34.094429	-118.363587	2	0	0	0	6.45	5988
66	34.093564	-118.365948	5	0	0	0	21.41	21714
67	34.087291	-118.368034	2	0	0	0	6.45	22644
68	34.084914	-118.366947	1	0	0	0	0.7	2640
69	34.085172	-118.370264	1	0	0	0	2.5	3978
70	34.092391	-118.365945	2	0	0	0	5.4	4020
71	34.088514	-118.366973	2	0	0	0	8.78	18423
72	34.088415	-118.370268	2	0	0	0	6.6	2556
73	34.084947	-118.368008	2	0	0	0	9.5	7580
74	34.087284	-118.370261	1	0	0	0	2.09	6324

ITEMS
Type	Length	Width	Height	Mass	Fragility	LoadBearingStrength
Bt1	18	12	5	2.15	1	0
Bt2	21	14	4	1.9	1	0
Bt3	23	15	4	4.7	1	0
Bt4	20	18	7	1.8	1	0
Bt5	15	11	16	0.7	1	0
Bt6	34	10	10	1.59	1	0
Bt7	20	14	13	7.3	1	0
Bt8	17	13	18	2.5	1	0
Bt9	24	12	16	1.75	1	0
Bt10	28	22	9	3.01	1	0
Bt11	31	20	10	4.8	1	0
Bt12	31	17	12	2.09	1	0
Bt13	40	19	10	3.82	1	0
Bt14	25	19	17	5.29	1	0
Bt15	28	17	17	3.03	1	0
Bt16	40	20	13	2.6	1	0
Bt17	29	27	15	2.11	1	0
Bt18	26	20	26	2.91	1	0
Bt19	39	27	16	7.63	1	0
Bt20	39	23	19	4.08	1	0
Bt21	57	15	20	3.44	1	0
Bt22	33	20	28	5.25	1	0
Bt23	38	37	20	7.568	1	0

DEMANDS PER CUSTOMER
i	Type Quantity
1	Bt5 1	Bt9 1	
2	Bt7 1	
3	Bt14 1	
4	Bt5 1	
5	Bt2 1	Bt5 1	
6	Bt3 1	Bt6 1	Bt1 1	
7	Bt3 1	
8	Bt3 1	
9	Bt5 2	
10	Bt9 1	Bt5 1	
11	Bt8 1	
12	Bt9 1	
13	Bt3 2	
14	Bt5 2	
15	Bt3 3	Bt2 1	Bt5 1	Bt8 1	
16	Bt5 1	
17	Bt19 1	Bt3 1	Bt9 1	Bt2 1	
18	Bt3 1	Bt2 1	Bt1 1	
19	Bt1 1	
20	Bt22 1	Bt3 1	
21	Bt3 3	Bt5 1	Bt2 1	
22	Bt14 1	Bt1 1	
23	Bt3 1	Bt10 1	Bt2 1	
24	Bt14 1	
25	Bt2 1	Bt7 1	Bt4 1	
26	Bt5 1	Bt7 1	Bt16 1	
27	Bt9 1	
28	Bt5 1	Bt3 1	Bt8 1	
29	Bt5 1	Bt3 1	Bt8 1	
30	Bt13 1	Bt3 1	
31	Bt7 1	
32	Bt3 2	
33	Bt5 2	Bt4 1	
34	Bt3 1	
35	Bt17 1	Bt2 1	
36	Bt2 2	Bt7 1	Bt3 5	Bt14 1	Bt5 2	Bt1 1	
37	Bt5 2	Bt23 1	Bt3 2	Bt13 1	
38	Bt5 1	Bt3 1	Bt7 1	
39	Bt3 2	Bt7 1	
40	Bt3 2	Bt7 1	
41	Bt5 1	Bt2 1	Bt3 2	
42	Bt3 1	
43	Bt3 1	
44	Bt5 1	
45	Bt3 1	Bt5 1	
46	Bt3 3	Bt23 1	Bt5 1	Bt8 1	
47	Bt3 2	Bt2 1	Bt21 1	Bt8 1	Bt10 1	Bt1 1	
48	Bt18 1	
49	Bt3 1	
50	Bt11 1	
51	Bt11 1	Bt3 2	Bt5 2	
52	Bt8 1	Bt3 1	Bt10 1	
53	Bt1 1	
54	Bt5 1	
55	Bt9 1	Bt4 1	Bt3 1	
56	Bt10 1	Bt3 4	
57	Bt5 2	Bt2 1	Bt8 2	Bt11 1	Bt3 1	
58	Bt9 4	Bt3 8	Bt5 1	Bt8 1	Bt2 1	Bt18 1	Bt15 1	Bt1 1	
59	Bt5 1	
60	Bt5 1	Bt3 1	
61	Bt3 1	Bt8 1	
62	Bt7 1	Bt10 1	
63	Bt10 1	
64	Bt2 1	Bt16 1	
65	Bt3 1	Bt9 1	
66	Bt10 1	Bt2 2	Bt8 1	Bt7 1	Bt11 1	
67	Bt10 1	Bt21 1	
68	Bt5 1	
69	Bt8 1	
70	Bt3 1	Bt5 1	
71	Bt20 1	Bt3 1	
72	Bt3 1	Bt2 1	
73	Bt11 1	Bt3 1	
74	Bt12 1	

DISTANCE MATRIX
0.0 2412.2 2417.0 2451.6 2485.1 2541.6 2400.8 2438.4 2373.1 2349.6 2574.9 2402.6 2335.7 2357.5 2393.1 2471.0 2439.3 2529.6 2571.7 2444.5 2468.4 2517.2 2436.7 2586.4 2427.3 2371.4 2390.9 2581.4 2382.6 2280.7 2450.9 2482.2 2425.7 2500.5 2423.9 2472.6 2356.6 2482.2 2428.1 2360.2 2505.8 2472.4 2351.4 2458.8 2397.5 2509.7 2273.2 2468.4 2442.4 2441.8 2421.2 2262.7 2405.8 2449.8 2411.7 2288.4 2544.8 2395.6 2363.6 2474.6 2424.4 2484.4 2457.9 2417.7 2446.7 2333.9 2397.1 2464.3 2405.2 2455.9 2411.9 2484.7 2558.1 2418.2 2536.6
2581.1 0.0 106.5 106.4 199.3 155.5 207.2 29.4 59.1 92.8 156.1 163.8 108.8 86.2 107.3 58.7 51.0 108.3 152.9 99.3 86.1 120.8 24.4 167.6 82.9 122.4 299.9 162.6 296.6 331.6 140.4 77.1 115.2 113.2 174.9 182.1 269.5 94.9 169.0 111.2 118.1 161.9 210.3 173.0 111.7 123.1 329.4 188.7 193.4 29.5 85.3 337.4 156.8 171.8 119.2 339.3 123.3 222.2 272.6 87.3 175.4 98.3 72.6 202.9 59.4 230.3 170.3 77.0 4.9 94.6 154.3 72.4 139.3 59.2 117.8
2585.5 114.4 0.0 82.5 98.2 167.5 134.1 110.8 44.1 98.6 168.1 139.9 111.8 89.2 68.3 88.7 54.5 142.8 164.9 75.4 165.0 150.8 91.1 179.6 163.5 83.5 226.8 174.6 218.5 307.7 33.8 89.1 8.6 125.4 87.6 183.5 245.6 107.1 145.1 94.7 130.7 56.8 186.4 71.9 63.9 135.6 305.5 81.5 106.1 86.0 163.4 313.5 80.0 147.9 53.2 315.4 138.0 139.0 199.5 99.5 88.1 110.3 134.3 179.0 109.5 206.4 146.4 89.2 119.3 177.2 130.4 102.4 151.3 137.6 129.8
2617.3 101.3 74.7 0.0 78.8 115.0 100.7 94.7 97.8 134.3 117.8 57.3 147.5 124.9 119.6 77.3 56.4 144.7 114.6 5.5 151.4 90.5 93.0 129.3 148.2 134.8 193.4 124.3 185.1 225.1 77.6 91.0 66.0 76.0 116.3 100.9 163.0 87.0 62.5 146.0 81.3 57.1 103.8 99.1 115.2 98.8 217.6 91.7 100.3 87.9 150.2 230.9 106.8 65.3 104.5 232.8 135.2 105.6 166.1 94.6 115.9 112.2 136.2 96.4 111.4 123.8 63.8 91.1 106.2 159.9 47.8 63.6 121.9 124.5 131.7
2580.4 188.4 88.3 102.9 0.0 241.5 84.8 184.8 132.5 129.6 242.1 111.6 150.3 120.2 84.1 162.7 128.5 216.8 238.9 95.8 239.0 119.8 165.1 253.6 237.5 114.6 177.5 248.6 169.2 255.7 72.2 163.1 79.6 199.4 79.4 124.3 217.3 181.1 95.7 125.8 204.7 93.7 158.1 20.3 79.7 209.6 264.4 12.9 63.4 160.0 243.0 277.7 80.2 119.6 87.0 246.7 212.0 89.7 150.2 173.5 79.0 184.3 208.3 150.7 183.5 149.9 118.1 163.2 193.3 251.2 102.1 176.4 225.3 211.6 203.8
2675.7 153.4 153.8 98.4 137.2 0.0 160.7 139.9 198.0 235.0 67.9 133.7 251.0 224.4 203.8 107.6 126.0 105.0 64.7 104.0 131.2 72.0 139.8 83.4 115.9 216.3 249.8 78.4 246.5 305.1 136.0 91.4 142.6 83.3 174.7 83.5 243.0 74.3 138.9 227.5 72.5 120.5 180.2 157.5 203.4 35.4 294.0 145.4 158.7 129.0 121.4 307.3 185.9 141.7 194.2 312.8 85.3 172.1 226.1 85.9 177.9 56.8 80.7 172.8 113.8 200.2 140.2 96.2 162.3 143.4 121.2 99.5 80.7 137.9 97.5
2608.3 212.7 186.1 111.3 95.8 168.1 0.0 206.1 209.2 225.5 206.1 73.0 257.6 216.1 180.0 188.7 167.8 255.9 209.3 116.9 262.8 126.7 210.1 194.1 259.6 184.8 92.6 199.5 89.3 170.8 150.5 202.4 177.4 187.4 133.3 98.6 178.7 198.4 27.2 240.0 192.7 130.0 71.1 116.1 175.6 210.7 178.2 104.0 117.3 199.3 261.6 192.8 150.4 93.8 216.1 161.8 236.2 14.9 65.3 206.0 132.9 227.0 241.6 112.1 222.8 65.0 79.5 202.5 217.6 271.3 60.5 180.6 227.6 235.9 244.4
2590.0 18.2 108.7 108.6 201.5 126.8 209.4 0.0 61.3 97.8 128.6 166.0 111.0 88.4 109.5 78.9 71.2 78.8 125.4 101.5 56.6 141.0 44.6 140.1 53.4 124.6 302.1 135.1 293.8 333.8 142.6 65.4 117.4 83.7 177.1 171.8 271.7 65.4 171.2 113.4 89.0 164.1 212.5 175.2 113.9 94.9 331.6 184.8 195.6 49.7 58.9 339.6 159.0 174.0 130.8 341.5 98.5 214.3 274.8 57.8 177.6 69.6 43.1 205.1 29.9 232.5 172.5 47.5 23.1 65.1 156.5 92.6 111.8 29.7 90.3
2541.3 110.2 43.8 105.7 142.1 200.2 206.5 136.4 0.0 50.9 200.8 163.1 64.1 41.5 62.6 121.4 87.2 175.5 197.6 98.6 166.4 183.5 123.8 212.3 125.3 77.7 299.2 207.3 290.9 330.9 77.7 121.8 52.5 158.1 129.4 206.7 268.8 139.8 168.3 66.5 163.4 99.2 209.6 115.8 67.0 168.3 328.7 125.4 147.9 118.7 119.2 336.7 111.3 171.1 65.9 338.6 170.7 211.4 271.9 132.2 129.9 143.0 155.9 202.2 142.2 229.6 169.6 121.9 103.2 153.9 153.6 135.1 184.0 116.2 162.5
2517.5 115.2 96.6 140.5 135.4 241.0 241.3 141.4 69.2 0.0 243.4 197.9 62.9 5.9 41.5 168.5 134.3 193.6 240.2 133.4 171.4 204.2 134.0 257.5 130.3 74.6 334.0 249.9 330.7 363.8 128.6 168.9 108.1 203.5 129.0 241.5 301.7 185.2 201.2 65.3 217.5 152.0 244.4 109.1 47.8 212.2 356.3 115.4 147.5 144.8 124.2 369.6 109.0 205.9 72.8 371.5 210.6 256.3 304.8 177.6 129.5 190.8 166.9 237.0 152.5 264.4 202.5 167.1 108.2 158.9 185.4 176.6 221.9 121.2 205.1
2709.4 154.9 154.5 132.1 170.9 82.6 214.3 138.6 198.7 233.7 0.0 188.9 249.7 227.1 206.8 108.3 123.5 49.7 3.1 137.7 71.9 105.7 137.3 11.4 131.4 221.0 307.0 6.4 298.7 346.0 158.4 88.9 145.8 88.0 194.2 135.5 291.5 79.0 176.1 232.2 92.9 149.2 206.7 178.5 202.4 53.6 338.5 184.9 192.4 126.5 136.9 351.8 186.6 189.7 191.7 353.7 32.7 229.3 279.7 86.6 194.7 75.5 96.2 228.8 114.4 226.7 208.2 96.9 159.8 84.1 176.4 100.2 16.7 142.5 38.2
2609.7 166.0 139.4 64.6 121.4 125.5 101.9 159.4 162.5 199.0 177.4 0.0 212.2 189.6 184.3 142.0 121.1 209.4 179.3 70.2 216.1 88.1 157.7 165.4 212.9 199.5 162.7 170.8 171.5 167.7 143.3 155.7 130.7 140.7 179.1 69.9 105.6 151.7 51.5 210.7 146.0 99.7 46.4 163.4 179.9 163.5 160.2 134.3 142.9 152.6 214.9 173.5 171.5 47.1 169.2 175.4 199.9 96.7 155.1 159.3 179.6 176.9 200.9 39.0 176.1 66.4 6.4 155.8 170.9 224.6 9.2 128.3 186.6 189.2 196.4
2492.8 127.3 111.3 155.2 159.1 254.7 256.0 153.5 83.9 64.7 255.3 212.6 0.0 72.6 76.1 175.9 141.7 205.7 252.1 148.1 183.5 220.8 151.8 266.8 142.4 35.6 348.7 261.8 340.4 380.4 145.2 176.3 120.0 212.6 88.1 256.2 318.3 194.3 217.8 24.4 217.9 168.2 259.1 132.8 80.5 222.8 378.2 142.4 106.6 156.9 136.3 386.2 70.0 220.6 75.9 388.1 225.2 260.9 321.4 186.7 88.6 197.5 173.0 251.7 161.8 279.1 219.1 176.4 120.3 171.0 203.1 189.6 238.5 133.3 217.0
2526.9 124.6 88.7 132.6 127.5 219.1 233.4 150.8 61.3 9.3 240.0 190.0 55.0 0.0 35.5 160.6 126.4 203.0 236.8 125.5 180.8 198.2 149.1 251.5 139.7 68.6 326.1 246.5 322.8 357.8 122.6 161.0 97.4 197.3 121.1 233.6 295.7 179.0 195.2 57.4 202.2 144.1 236.5 101.2 39.9 207.0 355.6 116.9 139.6 154.2 133.6 363.6 103.0 198.0 64.9 365.5 209.9 248.4 298.8 171.4 121.6 185.6 176.3 229.1 159.1 256.5 196.5 161.1 117.6 168.3 177.5 168.7 218.5 130.6 201.7
2563.0 150.7 65.4 121.1 91.9 200.2 176.8 147.1 62.9 42.6 204.4 178.5 76.6 36.0 0.0 125.0 90.8 179.1 201.2 114.0 201.3 187.1 133.1 215.9 175.8 59.6 269.5 210.9 266.2 346.3 99.3 125.4 74.1 161.7 92.8 222.1 284.2 143.4 183.7 70.8 175.7 120.8 225.0 65.6 4.3 171.9 344.1 81.3 111.3 122.3 169.7 352.1 74.7 186.5 29.3 354.0 171.6 191.8 242.2 135.8 93.3 146.6 170.6 217.6 145.8 245.0 185.0 125.5 153.7 204.4 169.0 138.7 187.6 166.7 166.1
2634.3 57.5 93.0 81.2 143.3 104.5 182.0 68.9 118.6 152.3 107.3 138.6 168.3 145.7 127.4 0.0 44.1 103.9 104.1 74.1 125.6 62.0 34.2 118.8 122.4 142.6 274.7 113.8 266.4 306.4 96.9 50.2 81.8 65.5 132.7 123.3 244.3 68.2 143.8 153.8 70.4 118.4 185.1 117.0 123.0 88.8 298.9 132.7 151.2 29.1 127.9 312.2 125.1 146.6 112.3 314.1 96.4 197.0 247.4 60.6 133.2 74.8 89.4 177.7 70.6 205.1 145.1 50.3 62.4 134.1 129.1 8.1 107.7 98.7 90.9
2590.1 59.8 64.0 70.3 148.7 112.9 171.1 71.2 77.0 128.7 113.5 127.7 134.1 119.3 83.2 34.1 0.0 88.2 110.3 63.2 110.4 96.2 36.5 125.0 108.9 98.4 263.8 120.0 255.5 295.5 97.9 34.5 72.7 70.8 131.6 171.3 233.4 52.5 132.9 109.6 76.1 120.9 174.2 122.4 78.8 81.0 288.0 132.0 150.1 31.4 114.4 301.3 113.5 135.7 68.1 303.2 83.4 176.0 236.5 44.9 132.1 55.7 79.7 166.8 54.9 194.2 134.2 34.6 64.7 122.6 118.2 47.8 96.7 83.0 75.2
2664.5 107.1 142.3 148.6 220.7 103.3 264.1 88.8 150.2 183.9 49.7 206.0 199.9 177.3 161.5 103.9 78.2 0.0 46.5 141.5 22.1 155.5 86.3 61.2 82.8 176.7 356.8 56.2 352.0 373.8 175.5 43.6 151.0 105.0 209.9 185.3 311.7 86.7 225.9 187.9 109.9 197.0 256.5 195.6 157.1 70.7 367.5 203.8 228.4 81.2 88.3 379.6 191.8 239.5 146.4 381.5 16.9 279.1 329.5 79.1 210.4 52.9 50.9 245.1 69.1 276.5 212.5 68.8 112.0 34.3 193.5 112.0 32.9 94.9 11.4
2712.6 151.7 151.3 135.3 174.1 81.8 217.5 135.4 195.5 233.3 3.1 192.1 246.5 223.9 203.6 105.1 120.3 46.5 0.0 140.9 68.7 108.9 128.4 14.6 128.2 217.8 310.2 9.6 306.9 349.2 155.2 85.7 140.1 84.8 191.0 138.7 294.7 75.8 179.3 229.0 89.7 152.4 209.9 175.3 199.2 50.4 347.0 184.9 195.6 123.3 133.7 355.0 183.4 192.9 188.5 356.9 26.8 232.5 282.9 83.4 191.5 72.3 99.0 232.0 111.2 229.9 211.4 93.7 156.6 80.9 179.6 97.0 18.2 139.3 35.0
2624.4 95.7 69.1 7.0 85.9 109.4 107.8 89.1 92.2 128.7 112.2 64.4 141.9 119.3 114.0 71.7 50.8 139.1 109.0 0.0 145.8 84.9 87.4 123.7 142.6 129.2 200.5 118.7 192.2 232.2 84.7 85.4 60.4 70.4 123.4 108.0 170.1 81.4 69.6 140.4 75.7 64.2 110.9 106.2 109.6 93.2 224.7 98.8 107.4 82.3 144.6 238.0 101.2 72.4 98.9 239.9 129.6 112.7 173.2 89.0 123.0 106.6 130.6 103.5 105.8 130.9 70.9 85.5 100.6 154.3 54.9 58.0 116.3 118.9 126.1
2642.3 84.9 164.5 170.8 242.9 129.1 286.3 66.6 128.0 161.7 71.9 228.2 177.7 155.1 176.2 126.1 100.4 22.1 68.7 163.7 0.0 177.7 105.6 83.4 60.6 191.3 379.0 78.4 370.7 396.0 197.7 65.8 176.0 127.2 232.1 207.5 333.9 108.9 248.1 180.1 132.1 219.2 278.7 217.8 179.3 92.9 393.8 233.5 250.6 103.4 66.1 401.8 214.0 261.7 168.6 403.7 41.8 301.3 351.7 101.3 232.6 75.1 73.1 267.3 91.3 298.7 234.7 91.0 89.8 12.1 218.7 133.9 50.4 72.7 33.6
2640.4 119.7 126.3 63.1 101.9 114.2 121.8 131.1 170.5 194.7 120.6 98.4 210.7 188.1 180.3 62.1 106.3 157.7 117.4 68.7 179.9 0.0 96.4 132.1 182.6 190.9 214.5 127.1 205.9 266.2 100.7 112.4 115.1 78.8 139.4 61.2 204.1 89.8 103.6 202.1 83.7 80.2 144.9 122.2 175.9 101.6 258.7 110.1 123.4 91.3 188.1 272.0 156.5 106.4 174.5 273.9 138.0 136.8 187.2 97.4 139.0 123.5 147.4 137.5 125.3 164.9 104.9 107.7 124.6 192.1 85.9 48.4 129.4 153.4 146.2
2604.4 17.5 90.6 96.9 175.3 127.4 203.4 34.6 84.3 118.0 137.3 154.3 134.0 105.7 115.5 34.2 26.5 106.3 128.4 89.8 91.3 96.3 0.0 148.8 88.1 130.7 290.4 138.1 287.1 322.1 130.2 52.6 102.1 88.9 158.2 163.3 265.7 76.3 165.2 136.2 102.9 153.2 200.8 149.0 105.4 98.6 320.3 162.9 176.7 5.0 93.6 333.6 145.8 162.3 94.7 329.8 98.8 212.7 263.1 63.0 164.4 77.2 83.8 193.4 64.6 226.5 160.8 58.4 28.1 99.8 141.8 42.3 110.1 64.4 93.3
2697.9 166.9 166.5 120.6 159.4 67.1 202.8 150.6 210.7 248.5 11.9 177.4 261.7 239.1 218.8 120.3 135.5 61.7 15.1 126.2 83.9 94.2 149.3 0.0 143.4 233.0 295.5 5.3 292.2 334.5 158.2 100.9 155.3 100.0 196.9 124.0 280.0 91.0 164.6 244.2 104.2 137.7 195.2 179.7 214.4 65.6 328.2 172.3 180.9 138.5 148.9 340.3 198.6 178.2 203.7 342.2 42.0 217.8 268.2 98.6 196.5 90.9 114.2 217.3 126.4 215.2 196.7 108.9 171.8 96.1 164.9 112.2 33.4 154.5 50.2
2600.7 63.1 153.6 153.5 246.4 114.2 254.3 44.8 106.2 142.7 132.8 210.9 155.9 133.3 154.4 123.8 100.3 84.2 129.6 146.4 62.0 183.9 89.5 144.3 0.0 169.5 347.0 139.3 338.7 378.7 187.5 65.7 162.3 124.9 222.0 197.8 316.6 106.6 216.1 158.3 130.2 209.0 257.4 220.1 158.8 82.3 376.5 229.7 240.5 94.6 5.4 384.5 203.9 218.9 168.5 386.4 102.7 259.2 319.7 99.0 222.5 57.0 30.5 250.0 71.1 277.4 217.4 88.7 68.0 70.5 201.4 137.0 116.0 50.9 94.5
2528.5 163.0 80.6 136.3 123.4 219.0 237.1 162.3 77.5 75.2 219.6 193.7 35.6 68.6 69.7 140.2 106.0 194.3 216.4 129.2 216.5 202.3 148.3 231.1 178.1 0.0 329.8 226.1 321.2 361.5 114.5 140.6 89.3 176.9 52.4 237.3 299.4 158.6 198.9 11.2 190.9 136.0 240.2 97.1 74.1 186.6 354.0 112.8 70.9 137.5 172.0 367.3 34.3 201.7 40.2 369.2 186.8 252.1 302.5 151.0 52.9 161.8 185.8 232.8 161.0 260.2 200.2 140.7 156.0 206.7 184.2 153.9 202.8 169.0 181.3
2588.3 273.5 246.9 172.1 183.5 233.0 87.6 266.9 270.0 306.5 257.3 107.4 345.3 297.1 267.7 249.5 228.6 307.1 260.5 177.7 323.6 195.6 265.2 245.3 320.4 272.5 0.0 250.7 3.5 78.1 250.8 263.2 235.7 248.2 221.0 186.3 75.6 259.2 114.9 327.7 262.2 217.7 56.2 203.8 263.3 271.5 80.7 191.7 205.0 260.1 322.4 100.1 238.1 154.6 303.8 69.1 290.1 71.9 28.8 266.8 220.6 284.4 308.4 122.5 283.6 70.1 101.9 263.3 278.4 332.1 120.1 241.4 274.1 296.7 295.6
2702.9 161.5 161.1 125.6 164.4 72.1 207.8 145.2 205.3 243.1 6.5 182.4 256.3 233.7 213.4 114.9 130.1 56.3 9.7 131.2 78.5 99.2 138.2 4.9 138.0 227.6 300.5 0.0 292.2 339.5 163.2 95.5 152.4 94.6 200.8 129.0 285.0 85.6 169.6 238.8 99.9 144.1 200.2 184.7 209.0 60.2 337.3 177.3 185.9 133.1 143.5 345.3 193.2 183.2 198.3 347.2 36.6 212.7 273.2 93.2 201.3 85.5 108.8 222.3 121.0 220.2 201.7 103.5 166.4 90.7 172.9 101.2 23.3 149.1 44.8
2596.6 264.7 238.1 163.3 174.7 223.9 78.5 258.1 261.2 297.4 248.5 98.6 336.5 288.3 264.1 240.7 219.8 298.3 256.9 168.9 320.0 192.0 256.1 241.7 311.6 263.4 3.3 241.9 0.0 81.4 241.7 254.4 229.1 239.1 212.2 177.5 83.9 250.1 105.8 318.6 249.5 208.9 47.4 195.0 254.5 261.9 89.0 192.8 196.2 251.3 313.6 108.7 229.0 145.8 295.0 72.4 281.0 68.3 20.1 258.0 217.0 275.3 299.3 113.7 280.0 66.5 93.1 259.7 269.6 323.3 107.6 226.7 265.0 287.6 286.8
2502.5 346.2 319.6 244.8 256.2 305.7 160.3 339.6 342.7 376.4 330.0 180.1 398.6 369.8 340.4 322.2 301.3 379.8 333.2 250.4 396.3 268.3 337.9 318.0 393.1 374.1 72.6 323.4 81.7 0.0 323.5 335.9 308.4 320.9 333.6 259.0 51.3 331.9 187.6 381.0 334.9 290.4 128.9 276.5 336.0 344.2 8.7 264.4 277.7 332.8 395.1 21.9 346.0 227.3 357.1 7.6 360.1 144.6 101.5 339.5 334.1 360.5 381.1 195.2 356.3 142.8 174.6 336.0 351.1 404.8 192.8 314.1 346.8 369.4 368.3
2618.8 145.7 31.2 63.8 80.3 195.2 100.2 142.1 75.4 129.9 199.4 121.2 143.1 120.5 99.6 120.0 85.8 174.1 196.2 56.7 196.3 182.1 128.1 210.9 194.8 114.8 192.9 205.9 184.6 289.0 0.0 120.4 20.0 156.7 88.9 164.8 226.9 138.4 126.4 126.0 170.7 21.5 167.7 73.2 95.2 166.4 281.5 88.5 101.8 117.3 194.7 294.8 81.3 129.2 84.5 296.7 169.3 115.2 165.6 130.8 89.4 145.0 165.6 160.3 140.8 187.7 127.7 120.5 150.6 208.5 108.7 128.1 177.9 168.9 161.1
2624.7 65.9 98.6 104.9 183.3 78.3 205.7 65.4 111.6 163.3 78.9 162.3 168.7 153.9 117.8 60.2 34.5 53.6 75.7 97.8 75.8 122.3 42.6 90.4 74.3 133.0 298.4 85.4 290.1 330.1 132.5 0.0 107.3 61.3 166.2 149.4 268.0 43.0 167.5 144.2 66.6 154.0 208.8 157.0 113.4 46.4 322.6 166.6 184.7 37.5 79.8 335.9 148.1 170.3 102.7 337.8 48.8 210.6 271.1 35.4 166.7 21.1 45.1 201.4 25.4 228.8 168.8 25.1 70.8 88.0 152.8 73.9 62.1 53.5 40.6
2594.2 123.1 8.6 73.8 89.5 172.6 122.6 119.5 52.8 104.5 176.8 131.2 120.5 97.9 77.0 97.4 63.2 151.5 176.1 66.7 176.2 162.0 105.5 188.3 172.2 92.2 218.1 183.3 214.8 296.2 25.1 97.8 0.0 136.6 78.9 172.0 234.1 115.8 136.4 105.9 148.1 48.1 177.7 63.2 72.6 143.8 288.7 68.6 97.4 94.7 172.1 304.8 68.5 139.2 61.9 306.7 144.0 137.6 188.0 108.2 76.6 122.4 137.0 170.3 120.7 194.9 134.9 97.9 128.0 185.9 118.7 105.5 155.3 146.3 138.5
2680.2 112.4 112.1 102.9 141.7 64.6 161.6 94.1 155.5 192.0 67.4 157.7 205.2 182.6 164.5 65.9 81.2 104.5 64.2 93.2 126.7 76.5 89.3 78.9 123.9 178.6 254.3 73.9 251.0 325.5 116.0 51.7 100.9 0.0 151.8 88.0 263.4 18.6 162.9 189.8 13.9 120.0 204.2 136.1 160.1 48.4 323.3 149.9 163.2 84.2 129.4 331.3 144.2 165.7 149.4 333.2 84.8 176.6 227.0 26.2 152.3 72.9 96.9 196.8 54.1 224.2 164.2 36.5 117.3 135.6 145.2 57.8 76.2 82.2 92.4
2583.7 178.1 85.5 100.1 75.6 231.2 200.9 174.5 125.8 129.5 231.8 157.5 87.1 120.1 91.8 152.4 118.2 206.5 228.6 93.0 228.7 214.5 154.8 243.3 227.2 51.4 293.6 238.3 285.3 325.3 69.4 152.8 76.8 189.1 0.0 201.1 263.2 170.8 162.7 62.6 194.4 90.9 204.0 49.3 87.4 199.3 323.1 58.9 18.4 149.7 223.5 331.1 17.0 165.5 52.4 333.0 201.7 205.8 266.3 163.2 0.4 174.0 198.0 196.6 173.2 224.0 164.0 152.9 183.0 240.9 148.0 166.1 215.0 201.3 193.5
2684.9 193.7 167.1 92.3 128.9 88.1 99.4 187.1 190.2 226.7 148.1 74.0 239.9 217.3 212.0 169.7 148.8 197.9 151.3 97.9 220.1 63.7 185.4 136.1 240.6 227.2 192.1 141.5 183.5 241.8 127.7 183.4 155.9 100.4 166.4 0.0 179.7 119.1 61.2 238.4 85.7 107.2 121.6 149.2 207.6 123.6 234.3 137.1 150.4 180.3 242.6 247.6 199.2 74.8 196.9 261.3 178.2 114.4 164.8 126.7 166.0 145.0 168.9 113.1 154.6 141.6 80.5 137.0 198.6 232.3 64.5 161.6 169.6 216.9 186.4
2550.4 274.2 247.6 172.8 240.6 233.7 144.7 267.6 270.7 304.4 271.8 108.1 356.4 297.8 292.5 250.2 229.3 317.6 275.0 178.4 324.3 196.3 265.9 259.8 321.1 331.9 57.0 265.2 65.8 95.8 251.5 263.9 236.4 248.9 291.4 178.1 0.0 259.9 172.0 338.8 253.8 209.3 113.3 260.9 288.1 272.2 88.3 248.8 262.1 260.8 323.1 101.6 303.8 155.3 314.9 49.2 304.6 129.0 85.9 267.5 291.9 288.5 309.1 123.2 284.3 127.2 102.6 264.0 279.1 332.8 120.8 242.1 288.6 297.4 304.6
2652.7 93.7 102.7 90.9 153.0 75.2 191.7 75.4 136.8 170.5 78.0 148.3 186.5 163.9 145.8 56.5 62.5 86.7 74.8 83.8 108.4 89.7 76.3 89.5 105.2 161.0 284.4 84.5 275.8 316.1 106.6 33.0 91.5 18.2 142.4 106.3 254.0 0.0 153.5 172.2 32.2 128.1 194.8 126.7 141.4 59.5 308.6 134.9 160.9 65.5 110.7 321.9 134.8 156.3 130.7 323.8 79.2 206.7 257.1 7.5 142.9 54.2 72.2 187.4 35.4 214.8 154.8 17.8 98.6 116.9 135.8 48.4 86.8 63.5 73.7
2646.5 185.4 158.8 84.0 97.6 161.9 38.1 178.8 181.9 218.4 178.8 45.7 241.4 209.0 181.8 161.4 140.5 228.6 182.0 89.6 235.5 107.5 177.1 166.8 232.3 216.9 130.8 172.2 122.2 209.0 162.7 175.1 147.6 160.1 176.4 71.3 151.4 171.1 0.0 223.8 165.4 131.8 92.2 117.9 177.4 182.9 206.0 105.8 119.1 172.0 234.3 219.3 188.8 66.5 199.9 200.0 208.9 53.1 103.5 178.7 176.9 196.3 220.3 84.8 195.5 103.2 52.2 175.2 190.3 244.0 33.2 153.3 200.3 208.6 217.1
2517.3 151.8 91.8 137.6 134.6 226.6 238.4 178.0 66.3 64.0 230.8 195.0 24.4 57.4 58.5 151.4 117.2 205.5 227.6 130.5 208.0 213.5 153.8 242.3 166.9 11.2 331.1 237.3 322.8 362.8 125.7 151.8 100.5 188.1 63.6 238.6 300.7 169.8 200.2 0.0 193.4 147.2 241.5 108.3 62.9 198.3 355.3 124.5 82.1 148.7 160.8 368.6 45.5 203.0 51.4 370.5 198.0 253.4 303.8 162.2 64.1 176.4 197.0 234.1 172.2 261.5 201.5 151.9 144.8 195.5 185.5 165.1 209.3 157.8 192.5
2674.9 117.6 117.6 97.6 136.4 69.8 156.7 99.6 161.0 197.2 72.9 132.9 210.7 187.8 169.7 71.1 86.7 109.7 69.4 103.2 131.9 71.6 94.5 84.4 129.4 184.1 249.4 79.4 240.7 330.7 121.5 57.2 108.6 5.5 157.3 82.7 268.6 33.3 129.4 195.3 0.0 106.0 179.4 141.6 165.6 53.6 289.8 144.6 157.9 89.7 134.9 336.5 149.7 140.9 154.9 299.7 99.5 162.6 213.0 31.7 164.8 78.1 102.1 172.0 59.3 229.4 130.7 41.7 122.8 141.1 153.4 57.4 76.7 96.9 97.9
2595.8 164.8 50.3 82.9 57.3 217.9 77.2 161.2 94.5 146.2 218.5 140.3 162.2 139.6 120.1 139.1 104.9 194.6 216.7 75.8 216.8 201.2 147.2 230.0 213.9 133.9 169.9 225.0 161.6 248.1 19.1 139.5 40.5 177.2 96.3 116.7 246.0 157.5 88.1 145.1 180.7 0.0 186.8 77.6 114.3 186.0 256.8 65.5 80.3 136.4 213.8 313.9 100.4 148.3 105.0 240.6 185.7 92.2 142.6 149.9 94.4 160.7 184.7 179.4 161.3 142.3 146.8 139.6 169.7 227.6 129.2 152.8 201.7 188.0 180.2
2563.2 217.2 190.6 115.8 151.3 176.7 55.4 210.6 213.7 250.2 201.0 51.1 280.9 240.8 235.5 193.2 172.3 250.8 204.2 121.4 267.3 139.3 208.9 189.0 264.1 256.4 158.4 194.4 167.2 163.4 194.5 206.9 181.9 191.9 215.9 121.1 101.3 202.9 82.7 263.3 197.2 152.3 0.0 171.6 231.1 214.7 161.2 164.2 172.8 203.8 266.1 169.2 228.3 98.3 239.4 171.1 231.1 50.2 187.3 210.5 216.4 228.1 252.1 66.2 227.3 19.9 45.6 207.0 222.1 275.8 60.4 179.5 217.8 240.4 239.3
2606.7 168.1 68.0 82.6 26.2 221.2 111.1 164.5 112.2 109.3 221.8 140.0 130.0 99.9 63.8 142.4 108.2 196.5 218.6 75.5 218.7 204.5 144.8 233.3 217.2 94.3 203.8 228.3 195.5 307.8 51.9 142.8 59.3 179.1 67.5 150.6 245.7 160.8 145.2 105.5 184.4 73.4 186.5 0.0 59.4 189.3 305.6 9.5 86.0 139.7 222.7 313.6 59.9 148.0 66.7 315.5 191.7 116.0 176.5 153.2 68.0 164.0 188.0 179.1 163.2 206.5 146.5 142.9 173.0 230.9 130.5 156.1 205.0 191.3 183.5
2567.4 146.3 61.0 116.7 87.5 199.4 172.4 142.7 67.3 49.8 200.0 174.1 81.0 40.4 4.3 120.6 86.4 174.7 196.8 109.6 196.9 182.7 123.0 211.5 180.2 55.2 265.1 206.5 256.8 341.9 94.9 121.0 69.7 157.3 88.4 217.7 279.8 139.0 179.3 66.4 162.6 116.4 220.6 61.2 0.0 167.5 339.7 70.8 106.9 117.9 174.1 347.7 70.3 182.1 24.9 349.6 169.9 177.3 237.8 131.4 88.9 142.2 166.2 213.2 141.4 240.6 180.6 121.1 151.2 208.8 164.6 134.3 183.2 169.5 161.7
2707.6 121.9 114.5 102.7 164.8 28.2 203.5 104.9 158.7 200.0 52.6 160.1 216.0 192.9 168.5 68.8 91.0 77.7 49.4 95.6 99.9 101.5 104.8 64.1 80.9 181.0 296.2 59.1 292.9 328.4 118.9 56.4 103.3 48.0 154.2 115.9 265.8 39.5 165.3 192.7 62.0 139.9 206.6 138.5 164.1 0.0 320.4 154.7 172.7 94.0 86.4 333.7 146.6 168.1 159.2 336.1 70.7 218.5 268.9 46.6 154.7 21.8 45.7 199.2 74.5 226.6 167.1 56.9 127.3 110.6 147.6 60.2 61.4 102.6 65.2
2499.9 352.5 321.8 251.1 258.4 307.9 162.5 345.9 344.9 385.5 336.3 186.4 396.0 376.1 387.8 324.4 307.6 385.8 339.5 256.7 402.6 270.5 345.4 320.2 400.6 371.5 74.8 329.7 78.4 2.2 329.8 338.1 310.6 328.4 331.0 265.3 57.6 334.1 193.9 372.3 328.4 292.6 136.4 282.8 384.7 350.5 0.0 266.6 284.0 339.1 401.4 19.3 337.3 233.6 354.5 9.9 362.3 146.8 103.7 345.8 331.5 359.3 387.4 201.5 362.6 145.0 176.8 338.2 353.3 411.1 195.0 320.4 353.7 376.9 370.5
2597.1 180.2 80.1 88.9 16.6 225.0 101.5 176.6 124.3 112.8 233.9 152.1 136.3 112.0 75.9 148.7 120.3 203.9 224.9 81.8 225.0 210.8 162.6 240.7 224.6 106.4 194.2 240.4 192.3 266.3 64.0 154.9 64.2 185.4 73.8 134.9 257.8 167.1 106.3 111.8 196.5 79.7 192.8 12.1 65.7 195.6 313.6 0.0 80.1 146.0 234.8 321.0 66.2 160.1 73.0 257.3 195.3 110.4 160.8 160.6 80.1 170.3 194.3 185.4 169.5 160.5 158.6 155.0 185.1 243.0 133.8 162.4 212.4 203.4 195.6
2565.2 194.1 101.5 116.1 91.6 247.2 216.9 190.5 141.8 145.5 247.8 173.5 103.1 136.1 107.8 168.4 134.2 222.5 244.6 109.0 244.7 230.5 170.8 259.3 243.2 67.4 309.6 254.3 301.3 341.3 85.4 168.8 92.8 205.1 15.9 217.1 279.2 186.8 178.7 78.6 210.4 106.9 220.0 65.3 103.4 215.3 339.1 74.9 0.0 165.7 239.5 347.1 33.0 181.5 68.4 349.0 217.7 221.8 282.3 179.2 15.5 190.0 214.0 212.6 189.2 240.0 180.0 168.9 199.0 256.9 164.0 182.1 231.0 217.3 209.5
2609.5 28.3 85.5 91.8 170.2 125.9 192.6 39.7 89.4 125.9 126.5 149.2 139.1 116.5 104.7 29.1 21.4 101.2 123.3 84.7 96.4 91.2 5.0 138.0 93.2 119.9 285.3 133.0 277.0 317.0 119.4 47.5 94.2 83.8 153.1 152.5 254.9 65.5 154.4 131.1 89.1 140.9 195.7 143.9 100.3 94.0 314.8 153.5 171.6 0.0 98.7 322.8 135.0 157.2 89.6 324.7 96.4 197.5 258.0 57.9 153.6 68.7 82.9 188.3 67.9 215.7 155.7 47.6 33.2 104.9 139.7 42.8 109.7 69.5 88.2
2595.2 69.2 159.7 159.6 252.5 120.3 260.4 50.9 112.3 148.8 138.9 217.0 162.0 139.4 160.5 129.9 106.4 90.3 135.7 152.5 68.1 190.0 95.6 150.4 6.0 175.6 353.1 145.4 344.8 384.8 193.6 71.8 168.4 131.0 228.1 203.9 322.7 112.7 222.2 164.4 136.3 216.6 263.5 226.2 164.9 88.4 377.3 235.8 246.6 100.7 0.0 390.6 210.0 225.0 174.6 392.5 108.8 265.3 325.8 105.1 228.6 63.1 36.6 256.1 77.2 283.5 223.5 94.8 74.1 76.6 207.5 143.1 122.1 57.0 100.6
2480.5 364.2 337.6 262.8 274.2 323.7 178.3 357.6 360.7 424.8 348.0 198.1 400.4 415.4 398.3 340.2 319.3 397.8 351.2 268.4 414.3 286.3 361.6 336.0 411.1 375.9 90.6 341.4 99.7 17.9 341.5 353.9 328.9 338.9 335.4 277.0 69.3 349.9 205.6 382.8 344.2 308.4 146.9 294.5 393.9 361.7 10.4 288.2 295.7 350.8 413.1 0.0 347.8 245.3 358.9 25.6 378.1 162.6 119.5 357.5 335.9 378.5 393.1 213.2 374.3 160.8 192.6 354.0 369.1 422.8 210.8 332.1 369.5 387.4 386.3
2601.8 161.0 75.7 113.5 89.0 210.5 214.3 157.4 108.7 112.4 214.7 170.9 70.0 103.0 74.7 135.3 101.1 189.4 211.5 106.4 211.6 197.4 137.7 226.2 210.1 34.3 307.0 221.2 298.7 338.7 82.8 135.7 84.4 172.0 18.0 214.5 276.6 153.7 176.1 45.5 176.9 104.3 217.4 62.7 70.3 181.7 331.2 70.9 36.5 132.6 206.4 344.5 0.0 178.9 35.3 346.4 181.9 229.3 279.7 146.1 18.5 160.3 180.9 210.0 156.1 237.4 177.4 135.8 165.9 223.8 161.4 149.0 193.2 184.2 176.4
2730.4 160.7 167.3 137.8 194.6 78.3 144.9 172.1 235.7 272.2 115.8 119.5 285.4 262.8 221.3 103.1 147.3 165.6 119.0 143.4 187.8 40.9 137.4 103.8 194.3 233.8 237.6 109.2 229.3 287.3 171.2 142.4 158.6 90.6 207.0 45.4 225.2 109.3 106.7 245.0 85.1 172.9 167.1 191.3 216.9 113.3 281.0 200.9 216.1 132.3 199.8 293.1 199.4 0.0 242.4 306.8 145.9 149.8 210.3 116.9 207.5 138.6 165.1 158.6 144.8 187.1 126.0 127.2 165.6 200.0 110.0 89.4 132.6 172.9 154.1
2548.2 125.6 40.3 96.0 84.8 178.7 196.8 122.0 73.3 84.8 179.3 153.4 65.9 75.4 39.3 99.9 65.7 154.0 176.1 88.9 176.2 162.0 102.3 190.8 174.7 30.2 289.5 185.8 281.2 321.2 74.2 100.3 49.0 136.6 63.4 197.0 259.1 118.3 158.6 41.4 141.9 97.2 199.9 58.5 34.9 146.8 313.7 68.1 81.9 97.2 180.2 327.0 45.3 161.4 0.0 328.9 149.2 201.7 262.2 110.7 63.9 121.5 145.5 192.5 120.7 219.9 159.9 100.4 130.5 188.4 143.9 113.6 162.5 148.8 141.0
2511.5 338.5 311.9 237.1 248.5 298.0 152.6 331.9 335.0 368.7 322.3 172.4 407.6 362.1 332.7 314.5 293.6 372.1 325.5 242.7 388.6 260.6 330.2 310.3 385.4 337.5 64.9 315.7 68.5 8.9 315.8 328.2 300.7 313.2 286.0 251.3 43.6 324.2 179.9 390.0 318.5 282.7 121.2 268.8 328.3 336.0 11.5 256.7 270.0 325.1 387.4 30.9 303.1 219.6 366.1 0.0 352.4 136.9 93.8 331.8 285.6 352.8 373.4 187.5 348.6 135.1 166.9 328.3 343.4 397.1 185.1 306.4 339.1 361.7 360.6
2680.9 122.1 154.6 140.1 201.0 83.6 244.4 105.8 169.9 200.9 32.7 200.2 216.9 194.3 176.7 105.7 90.7 16.9 26.8 133.0 41.8 135.8 98.8 41.5 98.6 189.2 337.1 36.5 328.8 368.0 155.8 56.1 140.7 88.1 194.3 168.3 305.9 76.4 206.2 200.4 99.4 177.3 236.8 178.6 169.6 51.5 357.8 194.3 210.1 96.4 104.1 371.1 184.0 219.8 161.6 373.0 0.0 259.4 309.8 84.0 192.1 65.4 66.1 236.6 81.6 256.8 204.0 81.3 129.7 51.3 185.0 97.6 8.5 112.4 8.1
2593.3 228.4 201.8 127.0 111.5 179.8 15.6 221.8 224.9 238.4 221.8 88.7 273.3 231.8 195.7 204.4 183.5 271.6 225.0 132.6 278.5 142.4 225.8 209.8 275.3 200.5 77.6 215.2 69.3 155.8 166.2 218.1 193.1 203.1 149.0 114.3 157.5 214.1 42.9 255.7 208.4 145.7 56.1 131.8 191.3 225.9 163.2 119.7 133.0 215.0 277.3 177.8 166.1 109.5 231.8 146.8 251.9 0.0 50.3 221.7 148.6 239.3 257.3 127.8 238.5 50.0 95.2 218.2 233.3 287.0 76.2 196.3 238.6 251.6 260.1
2584.5 244.6 218.0 143.2 154.6 204.1 58.7 238.0 241.1 274.8 228.4 78.5 316.4 268.2 238.8 220.6 199.7 278.2 231.6 148.8 294.7 166.7 236.3 216.4 291.5 243.6 27.2 221.8 18.9 105.4 221.9 234.3 206.8 219.3 192.1 157.4 128.7 230.3 86.0 298.8 224.6 188.8 27.3 174.9 234.4 242.1 108.0 162.8 176.1 231.2 293.5 127.4 209.2 125.7 274.9 96.4 258.5 43.0 0.0 237.9 191.7 258.9 273.5 93.6 254.7 41.2 73.0 234.4 249.5 303.2 87.8 206.9 245.2 267.8 266.7
2645.1 86.1 110.3 98.5 160.6 82.8 199.3 67.8 129.2 165.7 85.6 155.9 178.9 156.3 138.2 64.1 54.9 79.1 82.4 91.4 100.8 97.3 63.0 97.1 97.6 153.4 292.0 92.1 283.7 323.7 114.2 25.4 101.6 25.8 150.0 113.9 261.6 7.5 161.1 164.6 31.1 137.2 202.4 134.3 133.8 66.6 321.5 143.9 168.5 57.9 103.1 329.5 142.4 163.9 123.1 331.4 74.3 204.2 264.7 0.0 150.5 46.6 70.6 195.0 27.8 222.4 162.4 10.2 91.0 109.3 146.4 50.4 87.6 55.9 66.1
2583.2 178.5 85.9 100.5 76.0 228.0 201.3 174.9 126.2 129.9 232.2 157.9 87.5 120.5 92.2 152.8 118.6 206.9 229.0 93.4 229.1 214.9 160.9 243.7 227.6 51.8 294.0 238.7 285.4 325.7 69.8 153.2 74.7 189.5 0.4 201.5 263.6 171.2 163.1 63.0 194.4 91.3 204.4 49.7 87.8 199.2 323.5 65.4 17.9 150.1 223.9 331.5 17.4 165.9 52.8 333.4 202.1 216.3 266.7 163.6 0.0 177.8 192.4 197.0 173.6 224.4 164.4 153.3 183.4 241.3 145.4 160.9 210.7 201.7 193.9
2655.9 97.1 129.8 128.0 190.1 53.5 225.4 79.6 141.0 174.7 74.5 185.4 190.7 168.1 152.4 91.4 65.7 52.9 74.7 120.9 75.1 123.4 79.5 89.4 55.6 164.2 321.5 84.4 318.2 353.2 140.3 31.1 128.6 73.3 179.5 137.3 291.1 64.3 187.2 178.8 87.3 161.8 231.9 163.8 144.6 24.8 342.3 168.6 198.0 68.7 61.1 355.6 168.5 193.4 133.9 360.9 45.4 233.7 290.8 66.6 176.6 0.0 20.4 224.5 56.6 248.5 191.9 56.3 102.0 85.3 172.9 85.5 56.7 88.1 39.9
2629.9 77.4 133.8 140.1 216.6 80.0 240.9 53.1 114.5 148.2 96.2 197.5 164.2 147.6 153.0 89.4 69.7 70.9 99.0 133.0 56.3 147.3 83.5 113.7 29.1 168.2 333.6 108.7 330.3 365.3 161.7 35.1 145.3 96.5 201.4 161.2 297.2 72.2 202.7 172.6 110.5 184.7 244.0 190.3 148.6 51.2 353.0 192.5 219.9 72.7 34.6 371.1 183.3 205.5 137.9 373.0 66.1 249.9 300.3 70.6 201.9 29.8 0.0 236.6 60.6 264.0 198.0 60.3 76.3 58.8 185.0 103.5 80.7 65.2 63.9
2633.7 194.0 167.4 92.6 149.4 153.5 117.7 187.4 190.5 227.0 205.4 27.9 240.2 217.6 212.3 170.0 149.1 237.4 207.3 98.2 244.1 116.1 185.7 193.4 240.9 227.5 186.7 198.8 195.5 191.7 171.3 183.7 158.7 168.7 207.1 97.9 129.6 179.7 79.5 238.7 174.0 129.1 70.4 191.4 207.9 191.5 184.2 162.3 170.9 180.6 242.9 197.5 199.5 75.1 197.2 199.4 227.9 120.7 183.1 187.3 207.6 204.9 228.9 0.0 204.1 90.4 22.4 183.8 198.9 252.6 37.2 156.3 214.6 217.2 224.4
2618.6 58.2 109.0 115.3 188.5 107.1 216.1 39.9 101.3 137.8 113.5 172.7 151.0 128.4 128.2 70.6 44.9 89.1 110.3 108.2 72.9 125.2 58.7 125.0 69.7 143.4 308.8 120.0 305.5 340.5 142.1 35.4 120.5 53.7 176.6 141.8 278.4 35.4 177.9 153.4 58.6 163.6 219.2 162.2 123.8 81.4 338.3 177.9 195.1 47.9 75.2 346.3 158.5 180.7 113.1 348.2 81.6 231.1 281.5 27.8 177.1 56.6 65.4 211.8 0.0 239.2 179.2 17.5 63.1 81.4 160.2 78.7 97.6 28.0 76.1
2543.2 234.7 208.1 133.3 150.1 194.2 66.8 228.1 231.2 282.5 218.5 68.6 260.9 275.9 258.8 210.7 189.8 268.3 221.7 138.9 284.8 156.8 232.1 206.5 281.6 236.4 56.9 211.9 48.6 135.1 212.0 224.4 196.9 209.4 195.9 138.6 118.8 220.4 94.1 243.3 214.3 168.4 17.4 170.4 254.4 232.2 137.7 163.0 153.7 221.3 283.6 157.1 208.3 115.8 219.4 126.1 248.6 51.1 29.6 228.0 196.4 249.0 269.6 83.7 244.8 0.0 63.1 224.5 239.6 293.3 81.3 202.6 240.0 257.9 256.8
2603.2 171.5 144.9 70.1 126.9 131.0 95.4 164.9 168.0 201.7 182.9 5.4 217.7 195.1 189.8 147.5 126.6 214.9 184.8 75.7 221.6 93.6 163.2 170.9 218.4 205.0 156.2 176.3 165.0 161.2 148.8 161.2 133.7 146.2 184.6 75.4 99.1 157.2 57.0 216.2 160.2 105.2 39.9 168.9 185.4 169.0 153.7 135.1 148.4 158.1 220.4 167.0 177.0 52.6 174.7 168.9 205.4 79.7 160.6 164.8 185.1 182.4 200.4 32.5 181.6 59.9 0.0 161.3 176.4 230.1 14.7 133.8 192.1 194.7 201.9
2634.8 75.8 108.7 108.8 170.9 89.5 209.6 57.5 118.9 152.6 94.1 166.2 168.6 146.0 127.9 70.3 44.6 68.8 90.9 101.7 90.5 107.6 58.4 105.6 87.3 143.1 302.3 100.6 299.0 334.0 124.5 15.1 109.4 36.1 160.3 124.2 271.9 17.8 171.4 154.3 41.4 146.0 212.7 144.6 123.5 61.1 331.8 152.8 178.8 47.6 92.8 339.8 152.7 174.2 112.8 341.7 64.0 224.6 275.0 10.2 160.8 36.3 60.3 205.3 17.5 232.7 172.7 0.0 80.7 99.0 153.7 66.3 72.6 45.6 55.8
2576.2 7.0 113.5 113.4 206.3 162.5 214.2 36.4 66.1 102.6 163.1 170.8 115.8 93.2 114.3 65.7 58.0 115.3 159.9 106.3 93.1 127.8 31.4 174.6 86.5 129.4 306.9 169.6 298.6 338.6 147.4 84.1 122.2 120.2 181.9 189.1 276.5 101.9 176.0 118.2 125.5 168.9 217.3 180.0 118.7 130.6 336.4 189.6 200.4 36.5 80.4 344.4 163.8 178.8 126.2 346.3 133.0 219.1 279.6 94.3 182.4 105.3 79.6 209.9 66.4 237.3 177.3 84.0 0.0 101.6 161.3 79.4 146.3 66.2 124.8
2630.1 73.7 164.2 164.1 255.4 141.6 264.9 55.4 116.8 153.3 84.4 221.5 166.5 143.9 165.0 134.4 112.9 34.6 81.2 157.0 12.4 190.2 100.1 95.9 49.4 180.1 357.6 90.9 349.3 389.3 198.1 78.3 172.9 135.5 232.6 220.0 327.2 117.2 226.7 168.9 140.8 219.6 268.0 230.3 169.4 105.4 387.1 239.9 251.1 105.2 54.9 395.1 214.5 229.5 181.1 397.0 54.3 269.8 330.3 109.6 233.1 85.6 59.1 260.6 81.7 288.0 228.0 99.3 78.6 0.0 212.0 146.4 67.6 61.5 46.1
2619.2 153.3 130.1 55.3 112.1 120.2 80.4 150.1 153.2 186.9 168.1 9.4 202.9 176.9 171.6 129.3 111.8 196.7 170.0 60.9 203.4 75.4 154.1 152.7 203.6 186.8 172.2 161.5 175.8 177.2 130.6 146.4 118.9 128.0 169.8 57.2 115.1 139.0 38.8 201.4 145.4 88.4 55.9 154.1 170.6 154.7 169.7 116.9 133.6 143.3 205.6 186.0 162.2 37.8 159.9 184.9 192.6 85.3 136.6 150.0 170.3 167.6 185.6 48.5 163.4 75.9 15.9 146.5 161.6 215.3 0.0 124.6 182.0 176.5 187.1
2631.1 65.6 79.3 67.5 129.6 87.2 168.3 82.6 123.5 166.0 99.2 124.9 181.5 153.8 133.3 8.1 57.8 112.0 96.0 60.4 139.3 48.3 53.6 105.1 136.1 145.8 266.6 100.1 257.7 298.3 88.8 63.9 68.1 57.4 119.0 115.2 236.2 68.4 130.1 161.9 65.8 104.7 171.4 103.3 128.9 75.1 290.5 111.5 137.5 42.8 141.6 304.1 117.0 132.9 126.0 306.0 104.5 183.3 233.7 70.4 125.1 88.5 103.1 164.0 84.3 197.0 131.4 64.0 76.1 147.8 112.4 0.0 102.4 112.4 104.6
2726.2 138.1 138.6 126.8 187.7 70.3 235.8 121.8 182.8 216.9 16.7 184.2 232.9 210.3 185.3 97.1 106.7 32.9 18.2 119.7 50.4 122.5 120.5 32.9 114.6 200.5 328.5 23.2 320.5 352.0 147.2 72.1 127.4 72.1 178.3 152.3 289.9 67.8 197.6 216.3 86.1 168.7 223.5 162.6 185.6 38.2 354.5 170.8 196.8 109.7 120.1 362.5 170.7 206.5 174.9 364.4 8.5 246.1 296.5 70.7 178.8 59.6 79.4 223.3 97.6 248.2 195.4 81.0 143.0 67.3 171.7 84.3 0.0 121.0 21.4
2590.5 38.4 128.9 128.8 217.0 139.2 229.6 20.1 81.5 115.2 142.0 186.2 131.2 108.6 129.7 99.1 73.4 95.3 138.8 121.7 73.1 153.7 64.8 153.5 69.9 144.8 322.3 148.5 313.7 354.0 162.8 63.9 137.6 82.2 197.3 170.3 291.9 63.9 191.4 133.6 96.2 184.3 232.7 190.7 134.1 109.9 346.5 200.3 215.8 69.9 67.7 359.8 179.2 194.2 141.6 361.7 112.8 244.6 295.0 56.3 197.8 88.5 65.6 225.3 28.4 252.7 192.7 46.0 43.3 81.6 176.7 106.8 121.4 0.0 104.6
2675.4 116.6 149.3 148.3 209.2 95.4 252.6 100.3 161.7 198.2 38.2 205.7 211.4 188.8 168.5 110.9 85.2 11.4 35.0 141.2 33.6 144.0 93.3 49.7 93.1 183.7 345.3 44.7 337.0 373.5 164.0 50.6 151.4 93.6 199.8 173.8 311.4 84.6 214.4 194.9 98.9 185.5 245.0 184.1 164.1 59.2 371.3 193.7 218.3 88.2 98.6 379.3 192.2 228.0 153.4 381.2 8.1 257.5 318.0 86.1 200.3 59.9 63.9 244.8 76.1 265.0 212.2 75.8 121.5 45.8 196.2 100.2 21.4 104.2 0.0
