Name		1630_BED-Amazon_n113_m217_bt38
Number_of_Customers	113
Number_of_Items		217
Number_of_ItemTypes	38
Number_of_Vehicles	1
TimeWindows		0
Dist_type	manual

VEHICLE
Mass_Capacity	1693
CargoSpace_Length	160
CargoSpace_Width	70
CargoSpace_Height	72

CUSTOMERS
i	x	y	Demand	ReadyTime	DueDate	ServiceTime	DemandedMass	DemandedVolume
0	33.918699	-118.324843	0	0	0	0	0	0
1	34.050579	-118.39533	1	0	0	0	0.7	2640
2	34.046739	-118.382853	3	0	0	0	14.46	17360
3	34.041637	-118.387085	1	0	0	0	7.57	28120
4	34.05246	-118.396738	1	0	0	0	4.66	4350
5	34.046751	-118.390286	1	0	0	0	9.4	2760
6	34.054267	-118.395723	2	0	0	0	11.12	11240
7	34.040152	-118.381617	3	0	0	0	15.1	21636
8	34.041213	-118.381579	1	0	0	0	1.85	9135
9	34.0475	-118.382658	1	0	0	0	7.3	3640
10	34.053394	-118.394282	4	0	0	0	17.32	22720
11	34.043336	-118.385695	2	0	0	0	8.52	8980
12	34.041334	-118.38497	3	0	0	0	11.7	8794
13	34.053496	-118.389467	5	0	0	0	25.28	25132
14	34.045495	-118.385367	2	0	0	0	8.52	9960
15	34.040105	-118.38367	3	0	0	0	9.75	10888
16	34.047925	-118.389056	1	0	0	0	1.9	1176
17	34.049953	-118.391408	2	0	0	0	6.85	2460
18	34.048634	-118.387629	1	0	0	0	4.7	1380
19	34.04986	-118.39641	1	0	0	0	9.4	2760
20	34.049085	-118.39164	1	0	0	0	4.7	1380
21	34.049364	-118.392741	1	0	0	0	0.7	2640
22	34.051437	-118.397551	1	0	0	0	4.7	1380
23	34.053818	-118.396449	1	0	0	0	4.7	1380
24	34.048143	-118.386793	4	0	0	0	11.8	22560
25	34.040848	-118.382683	1	0	0	0	4.7	1380
26	34.05427	-118.393657	3	0	0	0	12.35	12900
27	34.052625	-118.389485	2	0	0	0	4.52	10240
28	34.050525	-118.395329	5	0	0	0	19.5	29916
29	34.054186	-118.392092	2	0	0	0	5.4	4020
30	34.048752	-118.386622	3	0	0	0	12.47	19848
31	34.054078	-118.39645	4	0	0	0	26.04	11631
32	34.042375	-118.381026	2	0	0	0	4.52	11220
33	34.045383	-118.384329	2	0	0	0	10.72	27420
34	34.040695	-118.386073	2	0	0	0	4.25	9000
35	34.045816	-118.385287	1	0	0	0	2.15	1080
36	34.041819	-118.382427	2	0	0	0	6.6	2556
37	34.042435	-118.382255	1	0	0	0	4.7	1380
38	34.047912	-118.382552	1	0	0	0	4.7	1380
39	34.051068	-118.396438	2	0	0	0	5.4	4020
40	34.047349	-118.389027	3	0	0	0	13.49	18905
41	34.048511	-118.388646	2	0	0	0	9.99	9455
42	34.051896	-118.395347	3	0	0	0	5.35	12888
43	34.046724	-118.385828	1	0	0	0	4.7	1380
44	34.053801	-118.390994	1	0	0	0	9.4	2760
45	34.039577	-118.382029	1	0	0	0	1.4	5280
46	34.049841	-118.395753	1	0	0	0	1.9	1176
47	34.05297	-118.397552	1	0	0	0	2.5	3978
48	34.051824	-118.391	1	0	0	0	0.7	2640
49	34.044802	-118.38233	2	0	0	0	9.05	8248
50	34.051737	-118.396443	2	0	0	0	4.25	8586
51	34.043049	-118.387728	1	0	0	0	4.7	1380
52	34.042848	-118.380893	2	0	0	0	15.07	40054
53	34.051493	-118.394279	2	0	0	0	10.1	5400
54	34.053378	-118.396447	3	0	0	0	8.71	14301
55	34.037527	-118.383005	2	0	0	0	5.4	4020
56	34.054775	-118.388817	1	0	0	0	9.4	2760
57	34.042033	-118.381123	1	0	0	0	0.7	2640
58	34.054808	-118.396191	1	0	0	0	1.9	1176
59	34.045944	-118.384197	1	0	0	0	2.5	3978
60	34.043843	-118.38555	2	0	0	0	6.85	2460
61	34.054265	-118.396114	1	0	0	0	0.7	2640
62	34.048047	-118.388204	1	0	0	0	7.3	3640
63	34.046011	-118.383034	1	0	0	0	4.7	1380
64	34.042282	-118.384692	1	0	0	0	0.7	2640
65	34.044117	-118.382743	2	0	0	0	6.8	8828
66	34.052997	-118.388471	2	0	0	0	4.52	10240
67	34.040495	-118.38536	7	0	0	0	20.33	43989
68	34.052637	-118.39536	2	0	0	0	7.71	6924
69	34.043881	-118.390193	2	0	0	0	7.3	11780
70	34.053895	-118.395368	1	0	0	0	3.56	32214
71	34.05284	-118.396445	1	0	0	0	4.7	1380
72	34.044656	-118.389146	1	0	0	0	7.3	3640
73	34.050091	-118.39424	3	0	0	0	7.3	5196
74	34.05059	-118.39426	1	0	0	0	2.5	3978
75	34.052037	-118.392099	2	0	0	0	8.91	6780
76	34.051849	-118.393192	1	0	0	0	2.5	3978
77	34.048815	-118.38957	2	0	0	0	7.2	5358
78	34.047454	-118.382666	2	0	0	0	6.45	5988
79	34.05354	-118.395368	1	0	0	0	12.4	25080
80	34.054809	-118.395116	1	0	0	0	0.7	2640
81	34.047377	-118.386682	1	0	0	0	3.5	9216
82	34.045589	-118.389107	1	0	0	0	2.15	1080
83	34.051277	-118.391754	1	0	0	0	14.15	1000
84	34.048433	-118.389656	1	0	0	0	0.7	2640
85	34.044718	-118.387258	1	0	0	0	4.7	1380
86	34.054117	-118.389454	1	0	0	0	4.7	1380
87	34.049538	-118.393811	4	0	0	0	13.16	46360
88	34.053187	-118.389473	3	0	0	0	15.01	10564
89	34.042158	-118.38734	1	0	0	0	4.7	1380
90	34.050323	-118.392086	1	0	0	0	4.7	1380
91	34.054271	-118.394633	2	0	0	0	9.11	16655
92	34.043452	-118.381979	1	0	0	0	4.7	1380
93	34.050245	-118.396433	1	0	0	0	2.5	3978
94	34.044481	-118.38537	1	0	0	0	4.73	10000
95	34.045922	-118.386967	2	0	0	0	3.65	5784
96	34.043408	-118.38316	2	0	0	0	5.4	4020
97	34.049721	-118.388985	1	0	0	0	9.4	2760
98	34.039878	-118.383123	1	0	0	0	2.1	7920
99	34.049391	-118.389867	1	0	0	0	1.75	4608
100	34.043882	-118.386869	1	0	0	0	2.5	3978
101	34.042888	-118.38853	2	0	0	0	5.4	4020
102	34.053637	-118.388456	2	0	0	0	10.23	27248
103	34.048043	-118.389782	1	0	0	0	9.4	2760
104	34.041542	-118.386193	3	0	0	0	9.1	6534
105	34.043379	-118.384385	2	0	0	0	2.5	5160
106	34.04454	-118.388245	1	0	0	0	9.4	2760
107	34.049763	-118.39047	1	0	0	0	4.7	1380
108	34.054591	-118.394278	1	0	0	0	4.73	10000
109	34.042006	-118.38354	1	0	0	0	3.01	5544
110	34.05101	-118.391001	1	0	0	0	2.15	5700
111	34.046228	-118.390152	1	0	0	0	2.5	3978
112	34.053498	-118.390014	1	0	0	0	3.01	5544
113	34.042423	-118.385954	1	0	0	0	0.7	2640

ITEMS
Type	Length	Width	Height	Mass	Fragility	LoadBearingStrength
Bt1	10	10	10	14.15	1	0
Bt2	18	12	5	2.15	1	0
Bt3	21	14	4	1.9	1	0
Bt4	23	15	4	4.7	1	0
Bt5	20	18	7	1.8	1	0
Bt6	15	11	16	0.7	1	0
Bt7	20	14	13	7.3	1	0
Bt8	17	13	18	2.5	1	0
Bt9	29	15	10	4.66	1	0
Bt10	24	12	16	1.75	1	0
Bt11	28	19	10	2.85	1	0
Bt12	40	15	9	4.21	1	0
Bt13	28	22	9	3.01	1	0
Bt14	30	19	10	2.15	1	0
Bt15	31	20	10	4.8	1	0
Bt16	28	19	14	2.1	1	0
Bt17	40	19	10	3.82	1	0
Bt18	25	19	17	5.29	1	0
Bt19	37	20	11	3.8	1	0
Bt20	22	15	26	3.816	1	0
Bt21	28	18	18	2.75	1	0
Bt22	29	21	15	1.85	1	0
Bt23	41	19	12	2.81	1	0
Bt24	29	25	13	1.77	1	0
Bt25	25	21	18	3.5	1	0
Bt26	39	15	17	2.12	1	0
Bt27	50	20	10	4.73	1	0
Bt28	40	20	13	2.6	1	0
Bt29	29	27	15	2.11	1	0
Bt30	50	19	14	3.3	1	0
Bt31	26	20	26	2.91	1	0
Bt32	30	21	23	5.27	1	0
Bt33	39	27	16	7.63	1	0
Bt34	53	20	18	8.5	1	0
Bt35	41	20	29	3.42	1	0
Bt36	38	30	22	12.4	1	0
Bt37	38	37	20	7.568	1	0
Bt38	59	39	14	3.562	1	0

DEMANDS PER CUSTOMER
i	Type Quantity
1	Bt6 1	
2	Bt4 2	Bt2 1	Bt31 1	
3	Bt37 1	
4	Bt9 1	
5	Bt4 2	
6	Bt7 1	Bt17 1	
7	Bt3 1	Bt4 1	Bt34 1	
8	Bt22 1	
9	Bt7 1	
10	Bt6 2	Bt7 1	Bt17 1	Bt15 1	
11	Bt4 1	Bt17 1	
12	Bt8 1	Bt7 1	Bt3 1	
13	Bt4 2	Bt10 1	Bt13 1	Bt20 1	Bt7 1	
14	Bt4 1	Bt20 1	
15	Bt6 1	Bt10 1	Bt7 1	
16	Bt3 1	
17	Bt4 1	Bt2 1	
18	Bt4 1	
19	Bt4 2	
20	Bt4 1	
21	Bt6 1	
22	Bt4 1	
23	Bt4 1	
24	Bt4 1	Bt28 1	Bt19 1	Bt6 1	
25	Bt4 1	
26	Bt11 1	Bt15 1	Bt4 1	
27	Bt17 1	Bt6 1	
28	Bt10 2	Bt4 1	Bt28 1	Bt6 2	Bt7 1	
29	Bt4 1	Bt6 1	
30	Bt32 1	Bt4 1	Bt8 1	
31	Bt4 1	Bt3 1	Bt1 1	Bt18 1	
32	Bt6 1	Bt20 1	
33	Bt7 1	Bt35 1	
34	Bt2 1	Bt6 3	
35	Bt2 1	
36	Bt4 1	Bt3 1	
37	Bt4 1	
38	Bt4 1	
39	Bt6 1	Bt4 1	
40	Bt4 1	Bt18 1	Bt25 1	
41	Bt4 1	Bt18 1	
42	Bt6 1	Bt21 1	Bt3 1	
43	Bt4 1	
44	Bt4 2	
45	Bt6 2	
46	Bt3 1	
47	Bt8 1	
48	Bt6 1	
49	Bt10 1	Bt7 1	
50	Bt8 1	Bt10 1	
51	Bt4 1	
52	Bt37 1	Bt8 3	
53	Bt6 1	Bt4 2	
54	Bt3 1	Bt29 1	Bt4 1	
55	Bt6 1	Bt4 1	
56	Bt4 2	
57	Bt6 1	
58	Bt3 1	
59	Bt8 1	
60	Bt4 1	Bt2 1	
61	Bt6 1	
62	Bt7 1	
63	Bt4 1	
64	Bt6 1	
65	Bt16 1	Bt4 1	
66	Bt6 1	Bt17 1	
67	Bt23 1	Bt15 1	Bt26 1	Bt4 1	Bt30 1	Bt3 1	Bt6 1	
68	Bt4 1	Bt13 1	
69	Bt28 1	Bt4 1	
70	Bt38 1	
71	Bt4 1	
72	Bt7 1	
73	Bt6 1	Bt3 1	Bt4 1	
74	Bt8 1	
75	Bt12 1	Bt4 1	
76	Bt8 1	
77	Bt8 1	Bt4 1	
78	Bt10 1	Bt4 1	
79	Bt36 1	
80	Bt6 1	
81	Bt10 2	
82	Bt2 1	
83	Bt1 1	
84	Bt6 1	
85	Bt4 1	
86	Bt4 1	
87	Bt6 1	Bt24 2	Bt29 2	Bt4 1	
88	Bt13 1	Bt7 1	Bt4 1	
89	Bt4 1	
90	Bt4 1	
91	Bt20 1	Bt18 1	
92	Bt4 1	
93	Bt8 1	
94	Bt27 1	
95	Bt10 1	Bt3 1	
96	Bt6 1	Bt4 1	
97	Bt4 2	
98	Bt6 3	
99	Bt10 1	
100	Bt8 1	
101	Bt6 1	Bt4 1	
102	Bt28 1	Bt33 1	
103	Bt4 2	
104	Bt3 1	Bt8 1	Bt4 1	
105	Bt6 1	Bt5 1	
106	Bt4 2	
107	Bt4 1	
108	Bt27 1	
109	Bt13 1	
110	Bt14 1	
111	Bt8 1	
112	Bt13 1	
113	Bt6 1	

DISTANCE MATRIX
0.0 1926.0 1760.0 1705.5 1982.4 1793.7 1964.4 1612.0 1653.8 1780.7 1996.5 1728.4 1671.1 1959.5 1780.1 1628.7 1848.4 1888.3 1850.8 1933.2 1845.9 1863.7 1997.1 1948.9 1831.7 1642.5 1995.2 1938.3 1931.4 2000.1 1859.5 1942.0 1658.4 1763.1 1657.2 1788.8 1664.9 1679.0 1791.9 1955.2 1822.9 1861.3 1945.6 1764.8 2019.3 1600.9 1915.6 1948.8 1947.6 1731.2 1998.1 1771.9 1667.2 1933.0 1960.6 1642.4 2055.7 1652.0 1945.9 1763.7 1740.0 1959.2 1837.8 1740.3 1708.7 1727.7 1987.5 1648.4 1979.2 1763.9 1959.6 1974.9 1801.3 1901.3 1911.9 1939.7 1956.9 1872.6 1779.5 1964.0 1963.8 1809.2 1787.8 1927.0 1863.5 1814.6 1969.6 1879.3 1950.5 1698.3 1909.4 1985.1 1702.1 1940.2 1754.5 1765.9 1709.0 1928.1 1618.7 1857.3 1716.3 1764.9 2004.5 1854.0 1684.7 1763.6 1809.6 1889.3 1964.6 1675.3 1932.8 1784.0 2044.1 1707.6
2116.5 0.0 301.4 304.0 64.3 136.0 75.7 369.3 393.4 306.0 74.3 302.0 326.5 162.8 258.9 308.9 178.9 127.3 203.4 49.7 88.3 70.2 128.0 100.3 223.7 356.9 89.9 141.6 5.3 131.2 241.3 107.2 363.1 264.5 281.3 250.2 369.6 355.5 294.8 71.7 160.9 198.1 19.5 214.1 134.2 338.0 9.6 90.7 111.2 292.3 83.8 278.9 354.3 66.1 88.6 387.4 208.7 369.5 100.7 250.3 290.4 83.0 194.2 281.7 356.9 307.9 168.8 290.1 31.1 198.4 47.9 74.3 213.1 74.9 85.9 90.7 83.8 183.6 307.2 43.5 76.5 211.7 194.5 103.4 181.1 236.2 172.9 54.6 153.8 270.2 122.0 73.8 332.4 56.7 275.9 218.3 326.6 204.5 318.4 136.1 249.5 249.5 185.8 171.6 323.3 319.4 229.7 143.5 101.9 360.3 124.8 146.1 148.2 322.8
1961.9 274.1 0.0 194.4 347.7 186.5 352.0 191.2 177.0 18.6 314.0 136.9 144.5 281.2 105.1 197.7 152.4 220.2 154.8 281.3 194.0 211.8 411.4 365.7 137.8 178.0 344.8 264.7 273.3 320.9 148.4 372.6 145.7 89.2 192.8 96.4 152.2 138.1 29.8 305.4 130.9 165.3 295.7 81.4 289.9 217.8 265.8 376.2 256.3 72.1 317.5 202.7 139.0 274.9 354.0 280.2 328.4 152.1 377.0 67.7 128.8 357.2 141.8 19.7 121.5 88.7 267.2 181.9 305.3 232.9 322.1 339.7 192.7 249.4 260.0 272.5 289.7 185.6 17.4 317.7 352.8 113.2 164.8 259.8 169.8 160.0 289.2 227.4 269.6 160.6 242.2 350.6 115.0 288.3 108.7 131.4 121.4 217.5 209.3 205.4 139.9 218.7 284.2 160.3 173.5 83.7 186.3 204.9 336.9 145.0 241.5 196.6 312.1 155.6
1950.7 278.3 185.7 0.0 342.7 152.9 354.1 178.9 148.1 204.3 315.5 104.2 102.4 287.7 122.9 143.1 164.2 228.8 166.6 292.4 205.1 222.9 406.4 376.8 147.5 147.4 351.9 266.5 283.7 327.4 166.3 383.7 189.3 133.1 115.5 131.6 154.2 168.3 194.3 314.4 138.7 177.1 297.9 96.3 298.5 172.2 267.9 369.1 262.8 156.2 326.5 75.3 180.5 292.2 365.1 221.6 360.1 183.0 379.1 132.5 107.6 361.4 153.6 163.9 121.8 132.7 275.8 131.4 309.5 123.1 326.3 350.8 104.7 260.5 271.1 281.1 298.3 190.7 203.1 321.9 354.9 125.0 110.8 268.4 181.6 106.0 297.8 238.5 278.7 29.8 250.8 352.2 159.1 299.4 93.1 97.4 151.4 224.0 152.6 216.5 47.8 68.3 292.8 172.1 78.0 136.8 113.0 213.5 345.9 131.9 248.0 143.2 320.7 83.4
2178.8 58.4 341.5 366.3 0.0 198.3 89.5 431.6 455.7 322.9 70.3 364.3 388.8 158.8 321.2 371.2 235.7 144.2 220.3 52.3 150.6 132.5 63.6 55.4 240.6 419.2 106.7 137.6 53.5 128.5 237.3 62.3 425.4 326.8 343.6 312.5 431.9 417.8 311.7 32.2 223.2 215.0 40.3 276.4 130.2 400.3 68.1 26.3 107.2 354.6 21.1 341.2 416.6 62.1 43.7 449.7 206.0 431.8 93.5 312.6 352.7 80.2 245.8 344.0 419.2 370.2 164.8 352.4 45.1 260.7 61.9 29.4 275.4 92.5 81.9 86.7 79.8 200.5 324.1 57.5 90.5 271.9 256.8 99.4 209.6 298.5 168.9 116.9 149.8 332.5 118.0 87.8 394.7 45.9 338.2 280.6 388.9 200.5 380.7 184.1 311.8 311.8 181.8 219.1 385.6 381.7 292.0 160.4 100.7 422.6 120.8 208.4 144.2 385.1
1980.4 132.2 192.1 177.3 205.8 0.0 208.0 233.1 257.3 210.7 162.5 172.5 203.2 165.7 147.5 169.6 67.5 94.5 118.3 139.4 52.1 69.9 269.5 223.8 122.8 220.8 202.9 144.5 131.4 192.2 126.8 230.7 236.0 153.1 145.2 138.8 243.0 228.9 210.0 161.4 45.5 98.8 151.7 102.7 189.5 201.9 121.8 232.2 153.8 176.0 173.5 142.8 227.2 139.2 212.1 251.3 212.9 242.4 233.0 138.9 154.3 215.3 82.8 170.3 221.0 179.4 187.9 154.0 163.4 49.2 180.2 197.8 77.0 107.5 118.1 145.9 163.1 85.5 209.5 175.8 208.8 100.3 58.4 133.2 69.7 100.1 175.8 85.5 156.2 143.5 115.6 206.6 205.8 146.4 139.8 82.2 208.2 111.9 182.3 63.5 122.8 113.4 204.9 60.2 186.8 183.2 98.8 95.5 192.9 231.8 139.0 10.0 198.7 186.7
2187.1 70.5 360.6 385.8 70.4 206.6 0.0 440.9 464.0 342.0 46.8 379.2 409.9 152.0 329.5 376.3 254.8 163.3 239.4 120.3 158.9 140.8 126.1 40.2 259.7 427.5 43.6 161.4 71.3 84.2 247.6 32.4 435.1 340.3 353.0 320.8 443.7 426.1 330.8 104.3 227.5 234.1 52.4 284.7 112.6 404.8 80.2 77.8 144.3 358.0 87.6 349.5 424.9 86.9 51.0 453.7 188.8 440.1 43.8 320.9 366.6 7.2 264.9 352.3 427.5 374.6 193.7 360.7 38.5 255.9 18.6 66.2 283.7 112.7 101.0 125.9 109.1 212.9 344.3 23.0 44.2 291.0 265.1 136.5 228.7 306.8 140.8 125.2 160.3 352.0 155.1 24.0 403.0 114.2 346.5 288.9 407.3 237.6 389.0 203.2 331.3 317.5 176.5 238.2 388.9 389.7 305.5 179.5 51.6 430.9 157.9 216.7 139.3 393.4
1804.8 351.6 194.3 141.0 425.2 219.3 428.3 0.0 41.8 212.9 386.4 147.4 96.7 385.1 184.9 51.4 280.6 313.9 283.0 358.8 271.5 289.3 488.9 443.2 263.9 68.1 422.3 363.9 350.8 428.0 291.7 450.1 46.4 167.9 82.8 193.6 70.7 88.3 224.1 380.8 259.1 293.5 371.2 200.3 408.9 26.5 341.2 451.6 373.2 136.0 392.9 189.6 55.2 352.4 431.5 88.9 432.3 40.0 452.4 181.3 160.0 434.7 270.0 172.5 134.2 132.5 419.7 74.0 382.8 172.5 399.6 417.2 219.0 326.9 337.5 363.2 382.5 304.9 211.7 395.2 428.2 241.4 213.4 352.6 289.1 226.4 395.2 304.9 375.7 133.8 335.0 426.0 111.4 365.8 175.1 201.4 120.1 331.3 44.3 282.9 151.8 185.2 436.7 279.6 110.3 168.1 222.9 314.9 412.3 96.5 358.4 209.6 418.1 133.2
1841.1 371.6 184.6 171.9 436.0 250.2 447.4 30.7 0.0 205.3 412.8 122.2 92.9 378.1 175.8 85.2 273.0 344.8 275.4 389.7 302.4 320.2 499.7 474.1 256.3 45.5 449.2 356.9 377.0 442.5 284.1 481.0 41.2 161.0 113.7 184.5 32.3 46.4 216.5 411.7 247.5 285.9 391.2 186.7 388.9 57.4 361.2 462.4 353.2 122.6 423.8 147.7 50.0 389.5 462.4 119.8 450.5 34.8 472.4 174.4 133.8 454.7 262.4 164.9 92.3 107.0 366.2 104.9 402.8 220.4 419.6 448.1 177.1 357.8 368.4 396.2 413.4 299.5 204.1 415.2 448.2 233.8 190.1 383.5 290.4 190.4 388.2 335.8 369.1 164.7 365.9 445.5 69.5 396.7 148.3 187.8 88.3 352.7 75.2 313.8 138.2 140.7 383.2 280.9 116.0 147.7 185.4 303.9 443.2 54.6 338.4 240.5 453.7 101.4
1980.5 294.8 18.6 215.1 350.5 207.2 368.4 211.8 197.7 0.0 298.3 155.5 173.6 260.5 125.8 237.9 173.1 201.6 175.5 302.0 214.7 232.5 414.2 386.4 156.4 196.6 334.7 239.3 300.2 300.2 139.1 393.3 166.4 102.6 211.4 117.1 172.9 158.8 11.2 324.0 147.6 186.0 314.4 102.1 271.3 238.5 284.4 376.9 235.6 95.6 336.1 223.4 157.6 275.0 374.7 300.9 307.7 172.8 395.6 88.4 143.9 375.7 162.5 40.4 142.2 111.2 248.6 202.6 326.0 253.6 342.8 360.4 213.4 264.0 253.9 253.9 271.1 199.6 1.2 338.4 370.9 133.9 185.5 241.2 190.5 180.7 270.6 248.1 251.5 181.3 223.6 344.6 135.7 309.0 129.4 152.1 129.9 196.8 227.9 193.2 160.6 239.4 265.6 181.0 199.2 104.7 201.8 186.3 328.7 163.6 220.8 217.3 293.5 176.3
2154.0 88.2 313.7 334.3 70.1 166.0 62.5 409.0 430.9 290.5 0.0 339.5 367.3 136.9 288.9 346.3 203.3 104.3 187.9 115.5 125.8 107.7 133.8 100.5 200.7 394.4 31.8 123.2 81.5 70.1 197.5 93.6 400.6 302.0 321.1 287.7 407.1 393.0 279.3 102.9 194.4 175.1 67.1 251.6 97.2 375.5 106.7 96.5 92.8 329.8 91.8 316.4 384.3 32.4 96.7 424.9 160.0 407.0 94.0 287.8 327.9 69.8 213.4 319.2 394.4 345.4 142.9 320.1 54.9 235.9 71.7 80.1 250.6 64.7 49.5 72.3 65.4 168.1 288.7 67.3 65.0 232.0 232.0 85.0 177.2 273.7 130.0 96.7 135.0 300.5 103.6 38.7 369.9 116.6 313.4 258.1 364.1 178.6 352.9 151.7 279.8 287.0 160.0 179.2 360.4 356.9 267.2 128.0 22.8 397.8 106.4 183.6 126.2 360.3
1916.3 285.3 144.0 121.2 349.7 174.5 362.0 162.6 131.7 158.1 342.6 0.0 77.6 331.7 60.1 105.5 183.5 269.1 185.9 314.0 220.1 237.9 413.4 391.8 166.8 131.0 370.9 314.8 291.1 376.6 179.5 405.3 139.3 76.9 74.5 62.2 134.3 130.8 169.3 325.2 168.6 203.0 304.8 112.5 349.1 134.0 274.9 376.1 306.8 109.7 343.5 93.3 129.1 301.0 380.1 182.9 389.5 144.3 386.1 95.1 6.0 368.4 172.9 117.7 105.4 93.1 326.4 89.9 316.4 152.7 333.3 365.8 122.7 282.1 286.1 311.8 331.1 216.7 163.5 328.9 361.9 144.3 117.8 301.2 200.9 113.0 341.8 260.1 322.3 114.0 283.6 359.7 107.7 314.4 26.1 122.4 110.1 269.8 118.2 231.5 83.8 88.9 336.8 198.0 38.6 85.1 126.6 257.5 360.9 115.5 292.0 158.2 364.2 20.8
1862.8 307.7 168.7 97.1 381.3 182.6 383.5 105.3 80.8 195.8 346.6 84.4 0.0 340.0 138.0 56.9 243.0 268.8 219.2 313.7 227.6 245.4 445.0 399.3 193.7 80.1 378.3 320.0 314.1 367.7 213.8 405.0 122.1 160.6 37.7 146.7 86.9 101.0 207.0 336.9 228.2 273.1 326.0 148.9 363.8 84.3 297.3 407.7 329.3 132.6 349.0 109.9 130.9 313.5 386.4 133.7 387.2 115.7 408.5 174.0 96.0 390.8 206.2 155.4 36.5 117.0 328.4 37.3 338.9 145.6 355.7 373.3 139.3 290.2 293.6 321.4 338.6 254.3 194.6 351.3 384.3 177.6 152.3 308.7 245.2 152.6 351.3 259.8 331.8 89.9 291.1 381.6 124.1 321.9 110.5 143.6 98.3 270.2 64.7 239.0 100.4 102.9 345.4 234.5 66.8 91.9 147.6 271.0 368.4 64.6 314.5 165.7 374.2 63.6
2143.7 169.2 266.0 291.2 151.1 163.2 162.0 396.4 411.8 247.4 121.4 325.5 353.7 0.0 265.3 336.1 160.2 117.0 154.4 204.0 131.9 149.7 214.8 187.1 165.1 384.1 117.3 44.3 167.1 103.0 153.0 194.0 380.5 288.9 308.5 256.6 387.2 369.6 236.2 183.9 183.0 139.5 151.1 240.2 83.9 361.4 178.9 177.5 81.2 309.3 169.9 288.7 371.7 128.7 175.4 410.3 47.1 386.9 205.0 274.7 307.3 169.3 179.9 287.8 381.3 325.9 79.0 317.3 135.9 225.6 152.7 161.1 240.3 159.1 148.5 96.6 115.6 118.3 248.6 148.3 182.5 206.0 221.7 107.2 134.1 260.7 10.0 165.3 9.4 257.4 125.8 137.7 346.5 197.6 292.8 228.2 358.6 102.5 345.6 94.6 236.7 276.7 60.7 143.6 350.1 343.8 256.9 101.7 140.3 382.2 94.8 173.3 69.0 339.7
1980.9 251.6 105.1 174.8 325.2 151.6 328.3 187.1 172.9 125.8 289.4 60.1 138.4 278.1 0.0 162.3 129.9 213.9 132.3 258.8 171.5 189.3 388.9 343.2 113.2 172.3 322.2 256.9 250.8 327.3 125.9 350.1 141.6 73.4 134.7 8.7 152.1 134.5 134.3 280.8 108.4 142.8 271.1 58.9 288.9 187.6 241.2 351.6 253.2 96.0 292.9 139.4 132.8 258.6 331.5 240.8 329.7 148.0 352.4 54.0 41.9 334.7 119.3 85.4 126.6 96.8 266.2 143.5 282.8 169.6 299.6 317.2 129.4 226.9 237.5 265.3 282.5 163.1 124.6 295.2 328.2 90.7 101.5 252.6 147.3 96.7 288.2 204.9 268.7 111.4 235.0 325.5 111.4 265.8 27.4 106.1 113.8 209.6 171.8 182.9 90.7 139.9 283.2 137.8 96.8 88.8 123.0 203.9 312.3 137.4 238.4 141.9 310.6 74.3
1807.5 297.2 192.4 86.6 370.8 161.3 375.9 57.3 83.6 213.1 334.9 102.5 45.2 330.7 153.2 0.0 232.5 259.5 216.2 304.4 217.1 234.9 434.5 388.8 193.5 47.9 366.8 312.4 299.3 360.1 212.3 392.1 103.8 167.3 31.3 161.9 67.4 84.4 224.3 329.3 206.9 266.7 313.1 145.9 354.5 26.1 286.8 397.2 318.8 117.4 341.4 143.1 112.6 300.6 373.5 75.5 377.9 100.3 398.0 178.5 114.1 380.3 247.8 172.7 79.9 101.8 352.9 16.0 331.3 138.0 345.2 362.8 172.5 268.9 283.1 313.8 328.1 246.7 209.0 340.8 373.8 177.5 159.0 298.2 234.7 185.8 340.8 250.5 321.3 79.4 280.6 374.0 107.5 311.4 125.7 147.0 83.1 273.3 6.5 228.5 97.4 139.0 369.9 225.2 57.3 138.2 183.7 260.5 357.9 49.4 304.0 155.2 363.7 78.8
2048.0 155.1 178.0 178.5 228.7 67.5 230.9 283.0 268.9 187.7 185.4 187.0 262.8 171.9 133.4 240.4 0.0 117.4 50.7 162.3 75.0 92.8 292.4 246.7 60.0 267.8 221.8 150.7 160.5 215.1 87.8 253.6 237.6 139.0 212.8 124.7 244.1 230.0 176.5 184.3 35.4 31.2 174.7 88.6 182.7 269.5 144.7 255.1 147.0 166.8 196.4 176.0 228.8 162.1 235.0 318.9 219.1 244.0 255.9 124.8 175.4 238.2 15.2 156.2 231.4 182.4 160.0 221.6 186.3 129.9 203.1 220.7 144.6 130.4 141.0 168.8 186.0 59.9 188.9 198.7 231.7 43.8 126.0 156.1 50.8 148.0 182.0 108.4 162.9 144.7 138.5 229.0 206.9 169.3 160.9 115.5 201.1 108.2 249.9 86.4 124.0 169.0 177.0 41.3 230.7 193.9 161.2 97.7 215.8 234.8 132.2 77.6 204.9 207.8
2090.8 119.3 197.2 222.4 148.8 110.3 166.7 357.2 343.0 178.6 96.6 256.7 265.8 127.1 196.5 280.0 91.4 0.0 76.0 126.5 62.6 59.2 212.5 184.8 96.3 338.6 136.9 105.9 118.5 98.5 82.4 191.7 313.1 225.3 255.6 187.8 314.9 300.8 167.4 144.3 114.2 70.7 138.8 171.4 94.9 312.3 108.9 175.2 59.2 240.5 160.6 219.9 302.9 73.3 173.1 361.7 174.3 318.1 198.2 205.9 244.1 174.0 101.5 219.0 312.5 257.1 147.5 264.4 133.6 172.7 150.4 158.8 187.4 62.3 52.2 50.1 69.4 56.2 179.8 146.0 169.2 127.6 168.8 39.5 65.3 191.9 137.2 74.8 117.7 188.6 21.9 142.4 277.7 133.5 224.0 159.4 289.8 73.3 292.7 39.8 167.9 212.9 164.5 74.8 242.6 274.7 209.2 16.1 127.0 313.4 44.4 120.4 126.9 270.9
2064.1 195.9 155.8 181.0 235.7 108.3 253.6 295.4 281.3 137.2 183.5 199.4 225.6 155.8 145.8 231.7 40.7 86.8 0.0 203.1 115.8 133.6 299.4 271.7 54.9 280.2 219.9 134.6 201.3 185.4 51.7 278.6 250.0 151.4 204.1 137.1 256.5 242.4 126.0 225.1 76.2 48.9 215.5 101.0 156.5 260.8 185.5 262.1 120.8 179.2 237.2 178.5 241.2 160.2 260.0 310.2 197.3 256.4 296.7 137.2 187.8 260.9 25.4 168.6 243.8 194.8 136.6 212.9 227.1 170.7 243.9 245.7 183.2 149.2 139.1 139.1 156.3 100.7 138.4 239.5 256.1 51.5 155.3 126.4 91.6 150.5 165.9 149.2 146.8 147.2 108.8 229.8 219.3 210.1 173.3 118.0 213.5 77.2 241.2 78.4 126.5 171.5 153.6 82.1 243.1 206.3 171.6 71.5 213.9 247.2 106.0 118.4 178.2 220.2
2126.4 72.4 313.4 313.9 66.3 145.9 117.3 379.1 403.3 315.9 129.3 318.5 336.4 205.7 268.8 321.7 188.8 137.2 213.3 0.0 98.2 80.1 130.0 84.3 233.6 366.8 153.6 184.5 71.6 191.8 219.7 91.2 373.0 274.4 291.2 260.1 379.5 365.4 304.7 17.7 166.8 208.0 87.2 224.0 177.1 344.1 62.0 92.7 154.1 297.3 34.0 288.8 364.2 112.5 72.6 393.0 252.9 379.4 122.4 260.2 305.9 109.1 204.1 291.6 366.8 313.9 211.7 300.0 91.9 208.3 108.8 58.3 223.0 84.8 95.4 133.6 126.7 193.5 317.1 104.4 137.4 221.6 204.4 146.3 191.0 246.1 215.8 64.5 196.3 280.1 144.7 142.5 342.3 6.9 285.8 228.2 336.5 210.6 328.3 146.0 259.4 256.8 228.7 181.5 328.2 329.0 244.8 153.4 147.6 370.2 167.7 156.0 191.1 332.7
2028.1 80.0 213.0 215.6 153.6 47.6 155.8 280.9 305.0 205.4 110.3 213.6 238.1 169.5 170.5 220.5 90.5 42.3 102.8 87.2 0.0 17.7 217.3 171.6 123.1 268.5 146.7 148.3 85.4 140.0 119.9 178.5 274.7 176.1 192.9 161.8 281.2 267.1 194.2 109.2 72.5 97.5 99.6 125.7 137.3 249.6 69.6 180.0 101.6 203.9 121.3 190.5 265.9 87.0 159.9 299.0 216.7 281.1 180.8 161.9 202.0 163.1 105.8 193.3 268.5 219.5 189.9 201.7 111.2 110.0 128.0 145.6 124.7 55.3 65.9 93.7 110.9 83.0 206.6 123.6 156.6 123.3 106.1 81.0 92.7 147.8 179.6 33.3 160.5 181.8 63.4 153.9 244.0 94.2 187.5 129.9 238.2 115.7 230.0 47.7 161.1 161.1 206.9 83.2 234.9 231.0 141.3 58.5 140.7 271.9 86.8 57.7 169.3 234.4
2046.2 62.2 233.2 233.7 135.8 65.7 138.0 299.0 323.1 237.9 92.5 231.7 256.2 186.4 188.6 238.6 108.6 59.2 135.3 69.4 18.0 0.0 199.5 153.8 155.6 286.6 128.9 165.2 67.6 156.9 152.4 160.7 292.8 194.2 211.0 179.9 299.3 285.2 226.7 91.4 90.6 130.0 81.8 143.8 154.2 267.7 51.8 162.2 118.5 222.0 103.5 208.6 284.0 69.2 142.1 317.1 233.6 299.2 163.0 180.0 220.1 145.3 123.9 211.4 286.6 237.6 205.0 219.8 93.4 128.1 110.2 127.8 142.8 37.5 48.1 110.6 115.3 115.5 239.1 105.8 138.8 141.4 124.2 97.9 110.8 165.9 196.5 15.6 177.4 199.9 80.3 136.1 262.1 76.4 205.6 148.0 256.3 132.6 248.1 65.8 179.2 179.2 222.0 101.3 253.0 249.1 159.4 75.4 122.9 290.0 103.7 75.8 184.4 252.5
2220.9 100.5 385.7 408.4 42.0 240.4 106.6 473.7 497.8 365.0 112.4 406.4 430.9 200.9 363.3 413.3 277.8 186.3 262.4 94.4 192.7 174.6 0.0 97.5 282.7 461.3 146.3 179.7 95.6 170.6 279.4 98.1 467.5 368.9 385.7 354.6 474.0 459.9 353.8 74.3 265.3 257.1 82.4 318.5 172.3 442.4 110.2 36.1 149.3 396.7 63.2 383.3 458.7 104.2 85.8 491.8 255.1 473.9 113.6 354.7 394.8 97.3 287.9 386.1 461.3 412.3 206.9 394.5 87.2 302.8 104.0 71.5 317.5 134.6 124.0 128.8 121.9 242.6 366.2 99.6 145.9 314.0 298.9 141.5 251.7 340.6 211.0 159.0 191.9 374.6 160.1 130.2 436.8 88.0 380.3 322.7 431.0 242.6 422.8 226.2 353.9 353.9 223.9 261.2 427.7 423.8 334.1 202.5 142.8 464.7 162.9 250.5 186.3 427.2
2206.8 104.4 387.5 394.3 45.4 226.3 34.0 459.6 483.7 368.9 93.0 392.3 416.8 183.9 349.2 399.2 269.2 190.2 266.3 80.3 178.6 160.5 109.1 0.0 286.6 447.2 73.7 183.6 99.5 115.0 283.3 6.9 453.4 354.8 371.6 340.5 459.9 445.8 357.7 60.2 251.2 261.0 86.3 304.4 146.7 428.3 114.1 71.8 153.2 382.6 49.1 369.2 444.6 108.1 11.7 477.7 189.1 459.8 38.0 340.6 380.7 24.7 284.5 372.0 447.2 398.2 210.8 380.4 72.3 288.7 52.7 25.9 303.4 138.5 127.9 132.7 125.8 246.5 370.1 57.1 70.3 302.0 284.8 145.4 255.6 326.5 173.8 144.9 192.9 360.5 164.0 57.6 422.7 73.9 366.2 308.6 416.9 246.5 408.7 230.1 339.8 339.8 209.5 261.9 413.6 409.7 320.0 206.4 85.7 450.6 166.8 236.4 173.4 413.1
2044.4 204.6 149.8 171.2 257.1 117.0 275.9 275.8 261.6 131.2 204.9 186.3 247.1 167.1 126.1 224.8 49.4 108.2 47.1 211.8 124.5 142.3 320.8 296.2 0.0 260.5 241.3 145.9 203.8 216.3 12.7 303.1 230.3 136.9 194.3 117.4 240.3 222.7 120.0 233.8 76.6 57.6 224.1 81.3 177.9 251.0 194.2 283.5 142.2 154.6 245.9 168.7 221.5 175.4 284.5 296.1 221.6 236.7 305.4 117.5 168.1 282.3 34.1 148.9 224.1 171.2 161.2 203.1 235.8 179.4 252.6 270.2 173.4 179.9 160.5 160.5 177.7 116.1 132.4 248.2 281.2 31.8 145.5 147.8 100.3 140.7 177.2 157.9 157.7 137.4 130.2 250.7 199.6 218.8 153.6 108.2 193.8 115.7 231.4 99.8 116.7 161.7 178.2 90.8 223.4 186.3 161.8 92.9 235.3 227.5 127.4 127.1 202.8 200.5
1834.6 338.5 176.7 127.9 412.1 206.2 414.3 65.0 34.2 195.3 368.8 130.2 83.6 372.0 168.0 41.2 263.0 300.8 265.4 345.7 258.4 276.2 475.8 430.1 246.3 0.0 405.2 350.8 343.9 398.5 274.1 437.0 75.5 151.0 69.7 176.7 22.3 36.4 206.5 367.7 237.5 275.9 358.1 187.2 395.8 56.1 328.1 438.5 360.1 119.1 379.8 155.7 84.3 345.5 418.4 105.5 419.2 69.1 439.3 164.4 141.8 421.6 252.4 154.9 100.3 115.0 402.1 60.9 369.7 176.4 386.5 404.1 185.1 313.8 324.4 352.2 369.4 285.1 194.1 382.1 415.1 223.8 198.1 339.5 276.0 198.4 382.1 291.8 363.0 120.7 321.9 412.4 59.5 352.7 156.3 188.3 96.3 342.7 31.2 269.8 138.7 148.7 419.1 266.5 97.2 151.5 193.4 301.8 399.2 62.6 345.3 196.5 405.0 109.4
2196.8 109.7 342.9 368.1 112.9 216.3 44.6 449.6 473.7 324.3 41.8 382.3 407.8 107.3 339.3 388.2 237.1 145.6 221.7 161.4 168.6 150.5 170.8 84.9 241.9 437.2 0.0 128.5 106.6 37.3 232.0 74.1 443.4 344.8 357.7 330.5 449.9 435.8 313.1 145.2 237.3 216.4 91.7 294.4 72.9 418.3 119.4 122.5 103.7 372.6 134.1 359.2 430.7 74.3 96.6 467.7 136.2 449.8 87.6 330.6 370.7 51.9 247.2 362.0 437.2 384.3 154.0 366.5 77.4 278.7 57.8 110.9 293.4 99.0 92.3 83.6 65.5 201.9 329.4 62.2 65.1 273.3 274.8 96.3 211.0 316.5 97.2 131.0 116.7 334.3 114.9 20.8 412.7 158.9 356.2 298.6 406.9 208.1 394.8 185.5 313.6 329.8 131.8 224.4 399.7 399.7 310.0 161.8 22.9 440.6 117.3 226.4 95.7 403.1
2122.5 148.0 249.3 270.0 129.9 156.7 166.7 375.2 390.6 226.2 107.8 304.3 345.3 34.3 244.1 311.7 139.0 105.7 133.2 179.5 110.7 128.5 193.6 165.9 142.8 362.9 131.2 0.0 143.1 97.8 131.8 169.5 360.7 272.9 302.0 235.4 366.0 348.4 215.0 166.5 161.8 131.4 129.9 219.0 59.7 340.2 157.7 156.3 60.0 288.1 149.8 267.5 350.5 113.2 154.2 389.1 81.5 365.7 184.3 253.5 291.7 173.1 158.7 266.6 360.1 304.7 40.4 296.1 114.6 191.3 131.5 139.9 219.1 137.9 127.3 75.4 94.4 97.1 227.4 127.1 168.3 184.8 200.5 86.0 112.9 239.5 31.3 144.1 11.7 236.2 104.6 141.5 325.3 176.4 271.6 209.0 337.4 96.0 339.1 73.4 215.5 252.9 80.6 137.1 324.3 322.3 240.9 80.5 126.1 361.0 73.6 152.1 52.6 318.5
2115.7 0.7 300.6 303.2 65.1 135.2 76.5 368.4 392.6 305.2 79.6 301.2 325.7 163.6 258.1 311.0 178.1 126.5 202.6 48.9 87.5 69.4 128.8 101.1 222.9 356.1 94.7 129.1 0.0 128.8 209.0 108.0 362.3 263.7 280.5 249.4 368.8 354.7 294.0 66.7 156.1 197.3 20.2 213.3 135.0 333.4 8.9 91.5 112.0 291.5 83.0 278.1 353.5 66.9 89.4 386.6 209.5 368.7 101.5 249.5 289.6 83.8 193.4 280.9 356.1 303.2 169.6 289.3 31.8 197.6 48.7 75.1 212.3 74.1 86.7 91.5 84.6 176.1 306.4 44.3 77.3 210.9 193.7 104.2 180.3 235.4 173.7 53.8 151.4 269.4 122.8 71.9 331.6 55.9 275.1 217.5 325.8 205.3 317.6 135.3 248.7 248.7 186.6 170.8 328.2 318.3 228.9 142.7 102.7 359.5 125.6 145.3 149.0 322.0
2180.9 138.9 304.0 333.4 120.8 200.4 92.9 464.0 454.0 289.6 85.5 367.7 403.7 66.6 307.5 370.1 202.4 112.0 187.0 200.1 152.7 149.3 184.5 132.3 203.1 421.3 47.2 101.8 139.7 0.0 195.2 125.4 424.1 334.1 345.7 298.8 429.4 411.8 278.4 157.4 221.0 177.5 120.8 278.5 44.7 398.6 148.6 147.2 79.4 351.5 140.7 330.9 409.7 104.1 144.0 447.5 95.5 429.1 135.0 314.7 355.1 99.3 212.5 330.0 421.3 368.1 109.4 354.5 105.5 249.7 105.2 130.8 277.5 128.8 118.2 48.3 85.3 160.5 290.8 118.0 112.5 234.4 258.9 58.9 176.3 300.6 72.9 160.8 92.4 299.6 77.5 67.7 388.7 167.3 335.0 266.2 400.8 169.2 404.8 150.8 278.9 311.3 91.1 185.8 382.7 383.5 299.3 127.1 70.3 424.4 93.0 210.5 71.4 381.9
2058.3 216.7 135.1 162.3 242.4 129.1 260.3 289.7 275.5 118.5 195.9 188.0 205.7 146.0 136.4 213.9 63.3 93.5 59.2 225.7 136.6 154.4 306.1 278.4 12.0 274.4 228.6 131.2 205.7 192.1 0.0 278.9 244.2 145.6 185.4 127.7 250.7 236.6 107.3 247.7 106.5 69.7 226.0 95.2 163.2 240.1 206.3 268.8 127.5 173.4 259.8 159.8 233.6 162.7 260.3 289.5 208.9 250.6 291.8 131.4 176.4 267.6 48.0 158.9 238.0 189.0 146.5 192.2 227.2 193.3 244.0 252.4 164.5 149.5 145.8 145.8 163.0 91.9 131.3 239.6 262.8 43.9 136.6 133.1 112.4 131.8 162.5 170.0 143.0 128.5 115.5 236.5 213.5 230.9 163.9 97.3 207.7 82.3 234.1 85.1 107.8 150.8 163.5 104.1 182.1 200.5 150.9 78.2 220.6 241.4 112.7 141.0 188.1 210.8
2213.7 97.7 387.8 401.2 52.3 233.2 26.0 466.4 490.6 369.2 76.3 405.8 423.7 177.0 356.1 402.9 276.1 190.5 266.6 87.2 185.5 167.4 116.0 6.9 286.9 454.1 66.8 177.2 98.5 108.1 290.2 0.0 460.3 361.7 378.5 347.4 466.8 452.7 358.0 67.1 254.1 261.3 79.6 311.3 139.8 435.2 107.4 78.7 160.1 384.6 56.0 376.1 451.5 108.4 18.6 480.3 182.2 466.7 31.1 347.5 393.2 17.8 291.4 378.9 454.1 401.2 217.7 387.3 65.7 282.5 45.8 32.8 310.3 138.8 128.2 139.6 132.7 240.1 370.4 50.2 63.4 308.9 291.7 152.3 255.9 333.4 166.9 151.8 186.4 367.4 170.9 50.7 429.6 80.8 373.1 315.5 433.9 253.4 415.6 230.4 346.7 344.1 202.6 265.4 420.1 416.6 332.1 206.7 78.8 457.5 173.7 243.3 166.5 420.0
1850.3 352.2 145.7 186.5 429.4 234.8 428.9 45.4 31.2 166.4 398.2 146.9 115.8 392.4 138.4 103.4 234.1 318.1 236.5 363.0 275.7 293.5 493.1 447.4 217.4 76.8 426.5 365.4 352.8 432.2 230.1 454.3 0.0 116.6 128.3 147.1 60.1 77.7 177.6 380.8 212.6 248.4 371.7 163.1 404.4 75.5 341.8 455.8 368.7 94.4 399.1 179.0 8.8 356.6 435.7 130.1 433.9 6.3 453.0 134.8 148.7 435.3 223.5 126.0 123.6 77.8 373.2 118.1 383.3 218.0 400.2 421.4 208.4 331.1 341.7 367.4 386.7 267.3 165.2 395.8 428.8 194.9 184.7 356.8 251.5 179.9 402.5 309.1 383.0 179.3 339.2 426.6 75.8 370.0 128.6 189.3 109.5 313.8 88.4 287.1 169.5 174.6 390.2 242.0 142.3 121.6 206.2 319.4 416.5 85.9 353.9 225.1 414.8 132.7
1956.7 256.2 80.9 159.8 329.8 161.0 332.9 169.3 160.3 101.6 298.6 92.7 137.0 292.8 64.6 179.6 134.5 218.5 136.9 268.2 176.1 193.9 393.5 347.8 122.6 159.7 326.9 265.8 260.2 332.6 130.5 354.7 130.4 0.0 162.1 78.5 139.5 121.9 112.8 281.2 113.0 152.2 275.7 63.5 298.3 204.6 245.8 356.2 257.8 66.9 299.5 154.0 115.0 257.0 336.1 259.2 339.1 135.4 357.0 13.4 80.1 339.3 123.9 61.2 114.0 83.5 273.6 169.2 287.3 171.1 304.2 321.8 144.0 236.3 242.1 267.8 287.1 167.7 105.2 299.8 332.8 100.1 116.1 257.2 151.9 111.3 302.9 209.5 283.4 126.0 239.6 330.6 98.8 270.4 60.0 113.5 101.2 219.0 185.8 187.5 105.3 175.1 290.6 147.2 124.8 76.2 132.4 208.5 316.9 124.8 243.0 156.5 315.2 106.9
1835.1 268.7 204.7 58.1 342.3 136.4 344.5 87.8 109.8 225.4 299.0 64.5 45.1 302.2 124.7 27.5 204.0 231.0 187.7 275.9 188.6 206.4 406.0 360.3 168.6 75.5 335.4 281.0 267.9 328.7 187.4 367.2 132.9 148.1 0.0 133.4 97.9 112.0 215.4 293.7 182.0 235.3 288.2 117.4 326.0 52.8 258.3 368.7 290.3 149.2 310.0 114.6 143.1 269.5 348.6 101.7 349.4 127.9 369.5 153.6 77.1 351.8 219.3 185.0 82.7 133.6 324.4 8.7 299.8 89.6 316.7 334.3 144.0 244.0 254.6 280.3 299.6 215.3 224.2 312.3 345.3 146.1 130.5 269.7 206.2 157.3 312.3 222.0 292.8 50.9 252.1 342.6 135.1 282.9 97.2 118.5 104.8 248.4 37.0 200.0 68.9 107.6 341.4 196.7 27.4 138.1 147.9 232.0 329.4 81.2 275.5 126.7 335.2 50.3
1972.2 242.9 96.4 183.5 316.5 155.3 318.7 195.7 181.6 117.1 273.2 62.2 148.3 269.4 8.7 171.0 121.2 205.2 123.6 250.1 162.8 180.6 380.2 334.5 104.5 181.0 309.6 248.2 248.3 302.9 132.3 341.4 150.3 59.5 143.4 0.0 157.3 143.2 125.6 272.1 95.7 134.1 262.5 50.2 280.2 200.1 232.5 342.9 244.5 87.3 284.2 148.1 141.5 249.9 322.8 249.5 321.0 156.7 343.7 45.3 50.6 326.0 110.6 76.7 135.3 93.7 257.5 152.2 274.1 178.3 290.9 308.5 138.1 218.2 228.8 256.6 273.8 147.7 115.9 286.5 319.5 82.0 110.2 243.9 138.6 105.4 279.5 196.2 260.4 120.1 226.3 316.8 120.1 257.1 36.1 100.2 112.4 200.9 180.5 174.2 99.4 148.6 274.5 129.1 105.9 97.8 126.5 195.2 303.6 146.1 229.7 150.6 301.9 83.0
1858.3 359.4 152.2 151.6 435.8 226.4 436.1 73.2 42.3 172.9 404.6 111.7 80.6 396.8 145.6 68.5 240.6 321.0 243.0 369.4 282.1 299.9 499.5 453.8 227.4 23.6 432.9 371.9 357.9 438.6 236.6 457.2 82.2 123.8 93.4 154.3 0.0 14.0 184.1 387.2 219.1 257.0 378.9 169.6 411.1 76.0 349.0 462.2 371.9 101.6 405.5 143.8 84.4 363.0 442.1 124.9 440.4 77.2 460.2 142.0 124.3 442.5 230.0 132.5 88.4 85.0 379.7 81.1 390.5 183.1 407.4 427.8 173.2 337.5 348.1 373.8 393.1 273.8 171.7 403.0 436.0 201.4 186.2 363.2 258.0 186.5 406.9 312.0 387.4 144.4 345.6 433.8 37.1 376.4 135.8 180.4 74.3 320.3 51.4 293.5 134.3 139.4 400.2 248.5 107.1 128.8 177.1 322.6 422.9 50.7 357.1 220.2 421.3 97.5
1872.4 345.3 138.1 165.7 421.8 227.9 421.1 87.2 56.4 158.8 378.5 132.4 103.1 382.7 131.5 79.0 226.5 310.5 228.9 355.4 268.1 285.9 485.5 439.8 209.8 37.7 414.9 361.5 350.7 408.2 237.6 446.7 79.1 114.5 107.5 140.2 14.0 0.0 170.0 377.4 201.0 239.4 364.9 155.5 393.5 93.9 334.9 448.2 357.8 82.6 389.5 157.9 70.3 355.2 428.1 143.3 426.3 85.5 446.1 127.9 136.2 428.4 215.9 118.4 102.5 79.1 365.6 98.7 376.5 214.2 393.3 413.8 187.3 323.5 334.1 361.9 379.1 253.0 157.6 388.9 421.9 187.3 177.8 349.2 243.9 173.0 392.8 301.5 373.7 158.5 331.6 419.2 23.1 362.4 121.7 182.4 97.8 306.2 69.0 279.5 148.4 150.9 382.6 234.4 126.2 115.0 194.1 308.5 408.9 64.8 343.0 218.2 407.2 111.6
1985.9 306.0 29.8 226.3 339.3 218.4 357.2 218.5 204.4 11.2 287.1 166.7 184.8 249.3 137.0 241.3 184.3 190.4 158.2 313.2 225.9 243.7 403.0 375.3 151.1 200.0 323.5 228.1 311.4 289.0 127.9 382.2 173.1 113.8 222.6 128.3 176.3 162.2 0.0 335.2 158.8 177.2 325.6 113.3 260.1 245.2 295.6 365.7 224.4 106.8 347.3 234.6 164.3 263.8 363.6 305.6 296.5 179.5 388.7 99.6 155.1 364.5 173.7 51.6 153.4 122.4 237.4 213.8 324.1 264.8 340.9 349.3 224.6 252.8 242.7 242.7 259.9 188.8 12.4 336.5 359.7 145.1 196.7 230.0 201.7 191.9 259.4 259.3 240.3 192.5 212.4 333.4 139.1 320.2 140.6 163.3 141.1 185.6 231.3 182.0 171.8 250.6 254.4 192.2 210.4 115.9 213.0 175.1 317.5 174.8 209.6 228.5 282.3 187.5
2146.5 83.3 329.7 334.0 44.3 162.2 95.3 399.2 423.4 336.0 107.3 338.6 369.3 183.7 288.9 335.7 208.9 153.5 233.4 16.2 118.3 100.2 108.0 62.3 249.9 386.9 135.6 149.2 84.1 169.8 241.6 73.4 394.5 299.7 307.5 280.2 403.1 385.5 324.8 0.0 186.9 224.3 65.2 244.1 155.1 364.2 93.0 70.7 132.1 317.4 14.1 308.9 384.3 92.7 50.6 413.1 235.1 399.5 100.4 280.3 326.0 87.1 224.2 311.7 386.9 334.0 193.9 320.1 69.9 215.3 86.8 36.3 243.1 104.9 106.8 113.7 104.7 206.9 337.2 82.4 115.4 241.7 224.5 124.3 211.1 266.2 193.8 80.8 174.3 300.2 142.9 120.5 362.4 13.6 305.9 248.3 366.7 225.4 344.6 166.1 279.5 276.9 210.9 201.6 348.3 349.1 264.9 173.5 125.6 390.3 145.7 176.1 169.1 352.8
2020.2 143.1 144.4 147.0 216.7 55.5 218.9 251.6 237.4 165.1 173.4 162.1 230.1 172.1 101.9 225.2 21.4 105.4 72.2 150.3 63.0 80.8 280.4 234.7 77.2 236.3 213.8 155.6 142.3 203.1 105.0 241.6 206.1 112.7 200.8 93.2 212.6 198.5 176.3 172.3 0.0 52.7 162.6 57.1 182.9 253.7 132.7 243.1 147.2 130.4 184.4 144.5 197.3 150.1 223.0 302.6 219.3 212.5 243.9 93.3 149.5 226.2 36.7 124.7 199.9 147.0 180.7 209.6 174.2 104.8 191.1 208.7 132.6 118.4 129.0 154.7 174.0 54.6 163.9 186.7 219.7 54.7 114.0 144.1 38.8 116.5 182.2 96.4 162.6 113.2 126.5 217.0 175.4 157.3 129.4 84.0 169.6 118.3 237.9 74.4 92.5 137.5 197.7 29.3 194.2 162.1 137.6 97.9 203.8 203.3 132.4 65.6 205.1 176.3
2068.7 175.8 177.1 199.2 230.6 88.2 248.5 303.8 289.6 156.4 178.4 214.3 275.1 140.6 154.1 264.0 20.6 81.7 53.8 183.0 95.7 113.5 294.3 267.4 74.1 288.5 218.8 124.1 175.0 180.3 62.0 274.3 258.3 164.9 233.5 145.4 264.8 250.7 145.2 200.8 52.1 0.0 195.3 109.3 151.4 290.2 165.4 257.0 115.7 187.5 217.1 196.7 249.5 155.1 255.7 339.6 187.8 264.7 276.6 145.5 201.7 255.8 32.8 176.9 252.1 203.1 128.7 242.3 206.9 137.5 223.8 241.4 165.3 151.1 134.0 131.9 151.2 80.6 157.6 219.4 252.4 61.4 146.7 121.3 71.5 168.7 150.7 129.1 131.6 165.4 103.7 224.7 227.6 190.0 181.6 136.2 221.8 76.9 270.6 73.3 144.7 192.3 145.7 62.0 251.4 214.3 187.1 66.4 208.8 255.5 100.9 98.3 173.6 228.5
2134.6 18.1 328.1 322.1 44.8 154.1 56.2 387.3 411.5 307.4 64.6 320.1 344.6 143.3 277.0 329.9 197.0 128.7 204.8 67.8 106.4 88.3 108.5 80.8 225.1 375.0 74.3 108.8 18.8 115.0 211.2 87.7 381.2 282.6 299.4 268.3 387.7 373.6 296.2 89.8 175.0 199.5 0.0 232.2 114.7 352.3 27.7 71.2 91.7 305.5 64.7 297.0 372.4 46.6 69.1 401.2 189.2 387.6 81.2 268.4 314.1 63.5 212.3 299.8 375.0 322.1 149.3 308.2 11.5 216.5 28.4 54.8 231.2 77.0 66.4 73.3 64.3 185.0 308.6 24.0 57.0 229.8 212.6 83.9 194.1 254.3 153.4 72.7 133.8 288.3 102.5 54.3 350.5 74.8 294.0 236.4 344.7 185.0 336.5 168.6 267.6 265.0 166.3 203.6 336.4 337.2 253.0 144.9 82.4 378.4 105.3 164.2 128.7 340.9
1963.0 192.6 89.3 112.9 266.2 105.0 268.4 194.3 180.2 107.9 222.9 98.3 174.1 229.2 44.7 220.4 70.9 154.9 73.3 199.8 112.5 130.3 329.9 284.2 54.2 179.1 259.3 208.0 198.0 252.6 82.0 291.1 148.9 50.3 179.5 36.0 155.4 141.3 119.0 221.8 45.4 83.8 212.2 0.0 229.9 221.0 182.2 292.6 194.2 78.1 233.9 110.4 140.1 199.6 272.5 283.4 270.7 155.3 293.4 36.1 86.7 275.7 60.3 67.5 142.7 93.7 210.0 203.1 223.8 167.4 240.6 258.2 115.1 167.9 178.5 206.3 223.5 97.4 106.7 236.2 269.2 31.7 87.2 193.6 88.3 82.4 239.3 145.9 220.2 79.1 176.0 266.5 118.2 206.8 72.2 49.9 112.4 150.6 210.4 123.9 58.4 103.4 227.0 78.8 142.0 105.2 103.5 144.9 253.3 146.1 179.4 115.1 251.6 119.1
2174.5 140.6 275.6 300.8 122.5 194.0 123.7 435.6 421.4 257.0 98.1 328.5 344.2 63.9 274.9 369.8 169.8 83.6 154.4 175.4 146.3 142.9 186.2 158.5 174.7 417.0 82.9 83.0 141.4 64.7 160.8 157.1 390.1 298.5 339.3 266.2 393.3 379.2 245.8 155.3 192.6 149.1 122.5 249.8 0.0 392.2 150.3 148.9 34.6 323.8 144.2 298.3 381.3 105.8 146.8 441.1 92.8 396.5 166.7 284.3 322.5 131.0 179.9 297.4 390.9 339.4 106.7 348.1 107.2 256.4 124.1 132.5 271.1 130.5 119.9 65.9 87.0 134.6 258.2 119.7 144.2 206.0 252.5 78.6 143.7 270.3 53.8 158.5 72.9 267.0 97.2 99.4 356.1 169.0 302.4 237.8 368.2 145.9 376.4 118.2 246.3 291.3 88.4 153.2 320.6 353.4 292.9 94.5 102.0 391.8 48.2 204.1 52.3 349.3
1778.4 325.0 216.2 114.4 398.6 192.7 401.7 34.9 75.8 236.9 367.4 120.8 77.5 355.0 177.5 31.3 260.3 283.8 244.0 328.7 244.9 262.7 462.3 416.6 224.9 41.5 395.7 342.0 320.7 401.4 237.6 420.0 76.2 187.4 52.7 189.7 60.4 78.0 248.1 350.0 234.8 288.1 344.5 173.7 378.8 0.0 314.6 425.0 346.6 147.2 368.3 170.9 86.4 325.8 401.4 58.0 402.2 71.2 425.8 205.6 133.4 408.1 275.6 196.5 107.7 130.6 377.2 43.9 356.1 145.9 373.0 390.6 200.3 296.8 310.9 336.6 355.9 278.3 232.2 368.6 401.6 202.4 186.8 326.0 262.5 213.6 368.6 274.8 349.1 107.2 308.4 399.4 101.1 339.2 153.5 171.3 97.9 304.7 17.7 256.3 125.2 166.5 394.2 249.5 88.7 163.3 204.2 288.3 385.7 74.3 331.8 183.0 391.5 106.6
2106.8 10.3 291.7 294.3 74.7 126.3 86.1 359.6 383.7 296.3 84.7 292.3 316.8 173.2 249.2 299.2 169.2 117.6 193.7 40.0 78.6 60.5 138.4 124.4 214.0 347.2 100.3 152.0 15.7 141.6 210.8 131.3 353.4 254.8 271.6 240.5 359.9 345.8 285.1 62.0 151.2 188.4 29.9 204.4 144.6 328.3 0.0 101.1 121.6 282.6 74.1 269.2 344.6 76.5 112.7 377.7 219.1 359.8 111.1 240.6 280.7 93.4 184.5 272.0 347.2 298.2 179.2 280.4 41.5 188.7 58.3 98.4 203.4 65.2 75.8 101.1 94.2 173.9 297.5 53.9 86.9 202.0 184.8 113.8 171.4 226.5 183.3 44.9 164.2 260.5 132.4 84.2 322.7 47.0 266.2 208.6 316.9 214.9 308.7 126.4 239.8 239.8 196.2 161.9 313.6 309.7 220.0 133.8 112.3 350.6 135.2 136.4 158.6 313.1
2215.7 95.3 378.4 403.2 36.8 235.2 70.4 468.5 492.6 359.8 107.2 401.2 425.7 195.7 358.1 408.1 272.6 181.1 257.2 89.2 187.5 169.4 48.2 68.8 277.5 456.1 110.1 174.5 90.4 151.4 274.2 61.9 462.3 363.7 380.5 349.4 468.8 454.7 348.6 69.1 260.1 251.9 77.2 313.3 167.1 437.2 105.0 0.0 144.1 391.5 58.0 378.1 453.5 99.0 80.5 486.6 218.9 468.7 77.4 349.5 389.6 61.1 282.7 380.9 456.1 407.1 201.7 389.3 82.0 297.6 89.1 66.3 312.3 129.4 118.8 123.6 116.7 237.4 361.0 93.5 109.7 308.8 293.7 136.3 246.5 335.4 203.6 153.8 186.7 369.4 154.9 94.0 431.6 82.8 375.1 317.5 425.8 237.4 417.6 221.0 348.7 348.7 218.7 256.0 422.5 418.6 328.9 197.3 122.1 459.5 157.7 245.3 181.1 422.0
2139.8 138.6 240.9 266.1 120.5 159.3 156.4 400.8 386.7 222.3 86.3 293.8 310.7 82.2 240.2 332.2 135.1 48.9 119.7 173.4 111.6 108.2 184.2 156.5 140.0 382.3 118.6 61.0 133.7 85.7 136.8 163.4 355.4 263.8 304.6 231.5 358.6 344.5 211.1 153.3 161.9 114.4 120.5 215.1 35.6 361.3 157.9 146.9 0.0 289.1 142.2 263.6 346.6 98.1 144.8 410.7 128.5 361.8 174.9 249.6 282.2 163.7 145.2 262.7 356.2 304.7 88.2 313.4 105.3 221.7 122.1 130.5 236.4 111.3 101.2 63.9 85.0 99.9 223.5 117.7 158.9 171.3 217.8 76.6 109.0 235.6 89.5 123.8 73.2 232.3 70.9 132.6 321.4 167.0 267.7 203.1 323.4 123.9 341.7 83.5 211.6 256.6 105.2 118.5 286.3 318.7 253.0 59.8 116.7 357.1 13.5 169.4 67.6 314.6
1921.7 285.0 72.1 205.8 358.6 187.2 361.7 135.6 121.4 95.6 327.4 108.8 126.3 321.6 90.8 122.7 163.3 242.4 165.7 292.2 204.9 222.7 422.3 376.6 146.6 120.8 355.7 294.6 279.3 361.4 159.3 378.6 91.5 64.1 147.6 94.6 100.6 83.0 106.8 310.0 136.9 176.2 299.6 92.3 322.3 165.7 274.6 385.0 286.6 0.0 328.3 170.1 81.3 285.8 360.0 206.2 363.1 96.5 385.8 78.6 96.2 368.1 152.7 55.2 106.9 11.6 297.5 138.8 316.1 187.2 333.0 350.6 160.1 260.3 270.9 296.6 315.9 196.5 89.5 328.6 361.6 124.1 132.2 286.0 180.7 127.4 331.7 233.4 312.2 142.1 268.4 359.4 59.9 299.2 76.1 136.8 44.3 243.0 152.1 216.3 121.4 185.1 314.5 171.2 140.9 69.1 153.7 237.3 345.7 67.9 271.8 172.6 344.0 123.0
2157.6 71.2 344.6 345.1 32.2 177.1 83.2 412.1 434.5 335.7 95.2 349.7 380.4 171.6 300.0 346.8 220.0 155.0 233.1 32.9 129.4 111.3 95.9 50.2 251.4 398.0 123.5 137.1 72.0 157.7 241.3 57.1 405.6 310.8 322.4 291.3 414.2 396.6 324.5 14.9 198.0 225.8 51.1 255.2 141.0 375.3 80.9 58.6 120.0 328.5 0.0 320.0 395.4 80.6 38.5 424.2 216.8 410.6 88.3 291.4 337.1 75.0 235.3 322.8 398.0 345.1 177.6 331.2 57.8 226.4 74.7 24.2 254.2 105.3 94.7 101.6 92.6 206.6 336.9 70.3 103.3 252.8 235.6 112.2 222.2 277.3 181.7 97.5 162.2 311.3 130.8 108.4 373.5 24.7 317.0 259.4 377.8 211.3 361.3 177.2 290.6 288.0 192.6 212.7 359.4 360.2 276.0 173.2 113.5 401.4 133.6 187.2 157.0 363.9
1963.4 260.2 203.3 88.5 324.6 142.8 336.0 191.6 160.8 224.0 305.4 116.9 115.1 308.6 137.4 155.8 210.4 237.4 261.2 282.3 195.0 212.8 388.3 366.7 250.7 160.1 341.8 287.4 265.6 335.1 278.5 373.6 202.1 147.6 128.2 146.1 166.9 181.0 235.2 304.3 192.4 241.7 279.8 127.0 332.4 184.9 249.8 351.0 296.7 170.7 316.4 0.0 195.0 282.1 355.0 234.3 355.8 195.7 361.0 161.0 122.1 343.3 225.7 183.6 134.5 147.2 330.8 144.1 291.4 154.6 308.2 340.7 66.6 250.4 261.0 288.8 306.0 221.7 222.8 303.8 336.8 228.2 79.6 276.1 212.6 42.7 318.7 228.4 299.6 54.7 258.5 334.1 173.6 289.3 107.6 202.2 165.9 254.8 165.3 206.4 94.5 30.2 347.8 203.1 90.7 151.3 74.9 238.4 335.8 144.6 281.9 133.1 341.6 96.1
1859.1 343.4 139.0 195.3 420.6 226.0 419.2 54.2 40.0 157.6 384.8 145.9 131.8 383.6 129.6 105.7 225.3 309.3 227.7 354.2 266.9 284.7 484.3 438.6 208.6 85.6 417.6 356.6 342.6 423.4 236.4 445.5 8.8 107.8 137.1 138.3 68.9 86.5 168.8 372.0 203.8 238.2 362.9 154.3 395.6 80.8 333.0 447.0 359.9 80.7 388.3 187.8 0.0 354.0 426.9 138.9 425.1 15.1 444.2 126.0 134.3 426.5 214.7 117.2 132.4 69.0 364.4 128.3 374.5 226.8 391.4 412.6 203.8 322.3 332.9 360.7 377.9 258.5 156.4 387.0 420.0 186.1 175.9 348.0 242.7 171.1 393.7 300.3 374.1 188.1 330.4 417.3 67.0 361.2 119.8 180.5 106.0 305.0 98.6 278.3 178.3 180.8 381.4 233.2 151.1 112.8 192.2 310.6 407.7 94.7 345.1 216.3 406.0 141.5
2120.6 83.7 275.7 300.9 79.4 138.0 97.3 371.2 397.5 257.1 33.9 306.1 334.2 129.7 266.6 313.4 169.9 82.0 154.5 88.8 92.4 74.3 143.1 115.4 172.7 361.0 63.6 112.5 80.8 103.4 164.5 118.3 367.2 268.6 289.0 254.3 373.7 359.6 245.9 112.2 161.0 152.8 81.6 218.2 105.1 342.1 73.3 105.8 82.1 296.4 101.1 283.0 358.4 0.0 99.7 391.5 176.9 373.6 128.8 254.4 294.5 104.6 180.0 285.8 361.0 312.0 139.7 292.1 64.2 202.5 81.0 89.4 217.2 24.6 16.1 61.6 54.7 134.7 256.2 76.6 99.8 209.7 198.6 74.3 143.8 240.3 143.8 56.6 124.3 267.1 85.9 73.5 336.5 97.9 280.0 226.0 330.7 155.4 320.4 118.3 246.4 253.6 152.7 153.3 326.0 323.5 233.8 94.6 57.6 364.4 95.7 150.2 119.1 326.9
2195.1 92.7 377.9 382.6 33.7 214.6 44.6 447.8 472.0 357.2 97.2 387.2 417.9 193.1 337.5 384.3 257.5 178.5 254.6 68.6 166.9 148.8 97.4 11.7 274.9 435.5 89.3 171.9 93.5 130.0 261.0 18.6 441.7 348.3 359.9 328.8 448.2 434.1 346.0 48.5 235.5 249.3 74.6 292.7 158.4 416.6 102.4 60.1 141.5 370.9 35.6 357.5 432.9 96.4 0.0 466.0 200.8 448.1 49.7 328.9 369.0 36.4 272.8 360.3 435.5 386.5 199.1 368.7 84.0 277.0 64.4 14.2 291.7 126.8 116.2 121.0 114.1 234.8 358.4 68.8 82.0 290.3 273.1 133.7 243.9 314.8 185.5 133.2 183.7 348.8 152.3 69.8 411.0 62.2 354.5 296.9 405.2 234.8 397.0 218.4 328.1 328.1 216.1 250.2 396.9 397.7 313.5 194.7 97.4 438.9 155.1 224.7 178.5 401.4
1831.9 385.5 272.2 181.9 459.1 248.7 462.2 80.1 126.5 297.4 415.8 181.3 138.0 419.0 241.5 91.8 320.8 347.8 311.5 392.7 305.4 323.2 522.8 477.1 280.9 102.0 456.2 402.5 384.7 461.9 305.1 484.0 129.7 247.8 112.2 250.2 120.9 138.5 308.6 410.5 294.3 322.0 400.5 241.2 442.8 63.9 375.1 485.5 407.1 207.7 428.8 231.4 135.4 386.3 465.4 0.0 505.0 124.7 486.3 277.4 193.9 468.6 298.5 257.0 168.2 191.1 436.7 107.9 416.6 206.4 433.5 451.1 260.8 360.8 371.4 397.1 416.4 338.8 296.2 429.1 462.1 258.4 247.3 386.5 323.0 274.1 429.1 338.8 409.6 174.7 368.9 459.9 161.6 399.7 214.0 242.3 158.4 360.7 73.7 316.8 192.7 227.0 453.7 313.5 149.2 223.8 264.7 348.8 446.2 134.8 392.3 243.5 452.0 167.1
2215.2 226.5 323.3 357.8 208.4 220.5 181.0 453.7 474.4 304.7 174.5 376.2 411.0 57.2 322.6 393.4 217.5 174.3 193.0 261.3 189.2 207.0 272.1 221.3 217.2 441.4 136.3 101.6 227.3 122.0 187.3 214.4 443.1 344.5 365.8 313.9 449.6 435.5 293.5 241.2 240.3 196.8 208.4 294.1 102.9 418.7 236.2 234.8 137.6 372.3 228.3 355.3 434.3 186.0 232.7 467.6 0.0 449.5 224.0 330.3 370.2 188.3 218.5 345.1 436.9 384.0 118.0 374.6 193.2 282.9 194.2 218.4 297.6 216.4 205.8 153.9 172.9 182.3 305.9 205.6 201.5 244.6 279.0 164.5 191.4 327.3 47.1 222.6 66.2 324.0 183.1 156.7 412.4 254.9 350.1 294.8 416.7 159.8 402.9 151.9 303.3 331.4 99.7 200.9 407.4 399.1 314.2 159.0 159.3 440.3 151.2 230.6 88.0 397.0
1843.9 358.6 152.1 180.1 435.8 241.2 434.4 38.9 24.8 172.8 392.5 147.1 117.8 398.8 144.8 93.4 240.5 324.5 242.9 369.4 282.1 299.9 499.5 453.8 223.8 70.4 428.9 377.6 364.0 422.2 251.6 460.7 6.3 127.8 121.9 153.5 57.2 71.3 184.0 391.4 215.0 253.4 378.2 169.5 410.8 65.6 348.2 462.2 375.1 95.9 403.5 172.6 15.1 369.2 442.1 128.0 440.3 0.0 459.4 141.2 149.5 441.7 229.9 132.4 117.2 92.4 379.6 113.1 389.8 228.6 406.6 427.8 202.0 337.5 348.1 375.9 393.1 267.0 171.6 402.2 435.2 201.3 191.1 363.2 257.9 186.3 408.9 315.5 389.8 172.9 345.6 432.5 82.2 376.4 135.0 195.7 111.1 320.2 83.4 293.5 163.1 165.6 396.6 248.4 140.9 128.3 207.4 325.8 422.9 79.5 360.3 231.5 421.2 126.3
2214.5 97.9 397.2 402.0 92.3 234.0 50.8 467.3 491.4 378.6 95.5 400.0 424.5 169.7 356.9 406.9 291.4 199.9 276.0 127.2 186.3 168.2 132.2 46.8 296.3 454.9 94.2 190.9 93.0 119.3 292.0 39.9 461.1 362.5 379.3 348.2 467.6 453.5 367.4 107.1 258.9 270.7 79.8 312.1 138.5 436.0 107.6 83.9 173.2 390.3 96.0 376.9 452.3 117.8 58.5 485.4 174.9 467.5 0.0 348.3 388.4 57.1 301.5 379.7 454.9 405.9 230.5 388.1 65.6 296.4 46.0 72.8 311.1 148.2 137.6 144.2 151.7 256.2 379.8 50.4 32.2 309.7 292.5 156.9 265.3 334.2 159.6 152.6 178.7 368.2 175.5 68.9 430.4 120.8 373.9 316.3 424.6 272.3 416.4 239.8 347.5 347.5 212.2 274.8 421.3 417.4 327.7 216.1 63.6 458.3 186.8 244.1 163.3 420.8
1943.3 242.8 67.5 163.1 316.4 155.2 318.6 174.6 160.5 88.2 273.1 100.3 154.4 279.4 73.8 200.7 121.1 205.1 123.5 250.0 162.7 180.5 380.1 334.4 104.4 159.4 309.5 258.2 248.2 302.8 132.2 341.3 129.2 14.2 192.2 65.1 135.7 121.6 99.4 272.0 95.6 134.0 262.4 50.1 280.1 201.3 232.4 342.8 244.4 58.4 284.1 168.2 120.4 249.8 322.7 263.7 320.9 135.6 343.6 0.0 88.7 325.9 110.5 47.8 123.0 74.0 260.2 183.4 274.0 198.4 290.8 308.4 158.2 218.1 228.7 256.5 273.7 147.6 87.0 286.4 319.4 81.9 130.3 243.8 138.5 125.5 289.5 196.1 270.4 129.3 226.2 316.7 98.5 257.0 74.2 100.1 92.7 200.8 190.7 174.1 108.6 186.7 277.2 129.0 144.0 85.5 146.6 195.1 303.5 126.4 229.6 165.3 301.8 121.1
1927.9 273.7 131.4 132.8 338.1 161.9 350.4 171.8 143.3 146.5 331.0 18.1 89.2 320.1 41.9 117.1 171.9 256.5 174.3 301.4 208.5 226.3 401.8 380.2 160.8 142.6 359.3 303.2 272.9 365.0 167.9 387.1 127.7 65.3 87.1 50.6 136.8 119.2 157.7 313.6 156.0 184.8 293.2 100.9 336.5 145.6 263.3 364.5 295.2 98.1 331.9 104.9 117.5 289.4 368.5 194.5 377.3 132.7 374.5 83.5 0.0 356.8 161.3 106.1 111.3 81.5 313.8 101.5 304.8 161.2 321.7 354.2 134.1 269.5 274.5 300.2 319.5 205.1 145.3 317.3 350.3 138.3 106.2 289.6 189.3 101.4 330.2 241.9 310.7 125.6 272.0 348.1 96.1 302.8 14.5 116.4 98.5 257.2 129.8 219.9 95.4 100.5 330.8 185.4 50.2 73.5 127.7 245.9 349.3 122.1 280.4 146.6 352.6 32.4
2196.4 79.8 369.9 395.1 78.4 215.9 9.2 449.2 473.3 351.3 68.2 381.9 406.4 160.2 338.8 388.8 264.1 172.6 248.7 113.3 168.2 150.1 118.8 32.9 269.0 436.8 48.9 181.4 74.9 90.2 265.8 26.0 443.0 344.4 361.2 330.1 449.5 435.4 340.1 93.2 240.8 243.4 61.7 294.0 121.9 417.9 89.5 70.5 153.6 372.2 82.1 358.8 434.2 90.5 44.6 467.3 187.6 449.4 36.5 330.2 370.3 0.0 274.2 361.6 436.8 387.8 203.0 370.0 47.5 278.3 27.9 58.9 293.0 120.9 110.3 133.1 118.4 228.9 352.5 32.3 53.5 300.3 274.4 145.8 238.0 316.1 150.1 134.5 169.2 361.3 164.4 32.8 412.3 106.9 355.8 298.2 406.5 246.9 398.3 212.5 340.6 329.4 184.7 247.5 403.2 399.3 309.6 188.8 60.9 440.2 167.2 226.0 148.6 402.7
2041.1 170.4 165.3 167.9 244.0 82.8 246.2 272.4 258.3 172.7 200.7 176.4 252.2 164.1 122.8 255.7 15.2 105.2 35.4 177.6 90.3 108.1 307.7 262.0 44.7 257.2 237.1 142.9 175.8 203.8 72.5 268.9 227.0 128.4 228.1 114.1 233.5 219.4 161.5 199.6 50.7 23.4 190.0 78.0 174.9 284.8 160.0 270.4 139.2 156.2 211.7 165.4 218.2 177.4 250.3 334.2 232.8 233.4 271.2 114.2 164.8 253.5 0.0 145.6 220.8 171.8 152.2 236.9 201.6 145.2 218.4 236.0 159.9 145.7 156.3 157.5 174.7 75.2 173.9 214.0 247.0 28.5 141.3 144.8 66.1 137.4 174.2 123.7 155.1 134.1 127.2 244.3 196.3 184.6 150.3 104.9 190.5 112.7 265.2 101.7 113.4 158.4 169.2 56.6 220.1 183.3 158.5 89.9 231.1 224.2 124.4 92.9 197.1 197.2
1940.1 254.4 19.7 174.7 328.0 166.8 330.2 171.4 157.3 40.4 284.7 115.1 133.2 291.0 85.4 197.5 132.7 216.7 135.1 261.6 174.3 192.1 391.7 346.0 116.0 156.2 321.1 269.8 259.8 314.4 143.8 352.9 126.0 62.2 171.0 76.7 132.5 118.4 51.6 283.6 107.2 145.6 274.0 61.7 291.7 198.1 244.0 354.4 256.0 55.2 295.7 183.0 117.2 261.4 334.3 260.5 332.5 132.4 355.2 48.0 103.5 337.5 122.1 0.0 101.8 70.8 271.8 162.2 285.6 213.2 302.4 320.0 173.0 229.7 240.3 268.1 285.3 159.2 39.2 298.0 331.0 93.5 145.1 255.4 150.1 140.3 301.1 207.7 282.0 140.9 237.8 328.3 95.3 268.6 89.0 111.7 89.5 212.4 187.5 185.7 120.2 199.0 288.8 140.6 158.8 64.3 161.4 206.7 315.1 123.2 241.2 176.9 313.4 135.9
1893.0 328.0 138.5 127.3 392.4 205.6 403.8 125.8 95.0 159.2 368.2 78.6 31.3 334.5 132.2 85.4 244.9 300.2 247.3 345.1 257.8 275.6 456.1 429.5 228.2 94.3 404.6 313.3 333.4 397.9 256.0 436.4 136.3 124.0 69.1 140.9 101.1 115.2 170.4 367.1 219.4 257.8 347.6 143.1 345.3 114.5 317.6 418.8 309.6 123.9 379.2 104.1 145.1 344.9 417.8 163.9 406.9 129.9 428.8 137.4 90.2 411.1 234.3 118.8 0.0 100.4 322.6 60.3 359.2 175.8 376.0 403.5 133.5 313.2 323.8 351.6 368.8 271.4 158.0 371.6 404.6 205.7 146.5 338.9 262.3 146.8 344.6 291.2 325.5 120.1 321.3 401.9 126.8 352.1 104.7 144.2 112.5 270.8 94.9 269.2 94.6 97.1 339.6 252.8 72.4 55.3 141.8 260.3 398.6 78.8 294.8 195.9 367.5 57.8
1906.2 296.2 88.7 190.2 374.2 170.6 372.9 123.9 97.9 111.2 343.0 105.3 110.7 333.3 82.4 107.1 178.9 259.0 181.3 307.8 220.5 238.3 437.9 392.2 162.2 97.3 367.3 310.2 295.4 377.0 174.9 395.2 68.0 60.6 132.0 91.1 77.1 59.5 122.4 325.6 153.5 187.9 315.7 107.9 337.9 142.2 285.8 400.6 302.2 20.4 343.9 166.6 69.6 301.4 376.6 190.6 378.7 73.0 397.0 78.8 92.7 379.3 168.3 70.8 103.4 0.0 314.1 123.2 327.3 183.7 344.2 366.2 156.6 272.0 286.5 312.2 331.5 212.1 106.1 339.8 372.8 139.7 128.7 301.6 196.3 123.9 347.3 250.0 327.8 183.0 284.0 370.6 36.4 314.8 72.6 125.1 28.7 258.6 128.6 231.9 117.9 169.5 331.1 186.8 137.2 65.6 150.2 252.9 361.3 52.3 287.4 169.1 359.6 119.5
2178.2 176.2 268.1 290.8 158.1 188.2 194.9 432.4 418.2 249.5 128.4 318.2 327.0 65.8 258.0 361.1 152.9 137.2 136.8 211.0 156.9 174.7 221.8 194.1 161.6 409.8 160.3 44.6 177.0 123.3 131.7 201.0 386.9 288.3 333.5 249.3 386.1 372.0 238.3 194.7 184.4 132.2 158.1 237.9 91.2 386.4 185.9 184.5 88.2 316.1 178.0 288.3 378.1 139.3 182.4 435.3 105.4 393.3 212.5 274.1 305.6 201.3 162.3 289.9 380.7 331.7 0.0 342.3 142.8 250.6 159.7 168.1 265.3 166.1 155.5 101.5 122.6 138.2 250.7 155.3 196.5 188.4 246.7 114.2 147.3 260.3 75.9 190.3 56.8 257.0 132.8 169.7 348.9 204.6 285.5 227.8 360.5 94.6 370.6 119.6 236.3 281.3 17.0 156.8 306.0 342.9 281.4 124.5 154.3 384.1 101.8 198.3 80.8 332.4
1826.3 277.5 213.5 66.9 351.1 145.2 353.3 79.0 101.0 234.2 307.8 73.3 36.3 311.0 133.5 15.5 212.8 239.8 196.5 284.7 197.4 215.2 414.8 369.1 177.4 66.7 348.2 289.8 276.7 337.5 192.1 376.0 124.1 161.7 8.7 142.2 89.1 103.2 224.2 306.7 190.8 244.1 297.0 126.2 334.8 44.0 267.1 377.5 299.1 145.3 320.8 123.4 134.3 278.3 357.4 97.2 358.2 119.1 378.3 162.4 91.5 360.6 228.1 193.8 73.9 128.7 333.2 0.0 308.7 98.4 325.5 343.1 152.8 252.8 263.4 289.1 308.4 224.1 233.0 321.1 354.1 154.9 139.3 278.5 215.0 166.1 321.1 230.8 301.6 59.7 260.9 351.9 126.3 291.7 106.0 127.3 96.0 257.2 28.2 208.8 77.7 116.4 350.2 205.5 36.2 129.3 161.1 240.8 338.2 72.4 284.3 135.5 344.0 59.1
2148.8 32.2 333.4 336.3 32.1 168.3 45.4 401.2 425.7 314.7 65.9 340.9 371.6 150.6 290.9 338.0 211.2 136.0 212.1 81.7 120.6 102.5 95.8 68.1 232.4 389.2 62.7 116.1 32.7 103.3 220.3 74.7 396.8 302.0 313.3 282.5 405.4 387.8 303.5 68.7 188.9 206.5 13.8 246.4 131.7 366.5 41.9 58.5 99.0 319.7 52.0 311.2 386.3 59.6 56.4 415.4 177.5 401.8 69.5 282.6 328.3 51.8 226.5 314.0 389.2 336.3 156.3 322.4 0.0 217.6 16.7 42.1 245.4 84.3 73.7 80.6 71.6 185.6 315.6 12.3 45.3 243.7 226.8 91.2 201.4 268.5 159.9 86.6 141.2 302.5 109.8 43.1 364.7 78.6 308.2 250.6 369.0 192.3 350.4 175.9 281.8 279.2 173.6 203.9 350.6 351.4 267.2 152.2 70.7 392.6 112.6 178.4 136.0 355.1
1938.1 202.1 220.0 117.4 275.7 69.8 278.8 183.8 212.8 261.7 244.5 178.0 155.5 235.6 152.0 127.3 137.4 164.4 188.2 209.3 122.0 139.8 339.4 293.7 192.7 178.5 272.8 219.1 201.3 278.5 196.7 300.6 242.9 180.5 102.9 183.8 197.4 215.0 272.9 227.1 115.4 168.7 221.6 172.6 259.4 155.8 191.7 302.1 223.7 213.3 245.4 148.3 232.7 202.9 282.0 204.7 282.8 230.9 302.9 198.7 165.4 285.2 152.7 221.3 185.7 196.7 257.8 104.7 233.2 0.0 250.1 267.7 82.5 177.4 188.0 213.7 233.0 155.4 260.5 245.7 278.7 170.2 63.9 203.1 139.6 105.6 245.7 155.4 226.2 152.9 185.5 276.5 211.3 216.3 145.3 129.2 213.7 181.8 140.0 133.4 132.2 116.3 274.8 130.1 137.3 188.7 104.3 165.4 262.8 184.2 208.9 60.1 268.6 155.2
2168.4 51.8 362.9 355.9 51.7 187.9 27.7 421.2 445.3 344.3 61.2 353.9 378.4 153.2 310.8 360.8 230.8 165.6 241.7 101.6 140.2 122.1 115.4 68.0 262.0 408.8 41.9 149.0 46.9 83.2 248.7 61.1 415.0 316.4 333.2 302.1 421.5 407.4 333.1 84.5 212.8 236.4 33.7 266.0 114.9 389.9 61.5 78.1 118.6 344.2 73.4 330.8 406.2 83.5 76.0 439.3 160.7 421.4 52.7 302.2 342.3 35.0 246.1 333.6 408.8 359.8 176.2 342.0 19.5 250.3 0.0 61.7 265.0 113.9 103.3 98.1 91.2 221.9 345.5 4.4 28.5 263.6 246.4 110.8 231.0 288.1 143.1 106.5 162.2 322.1 129.4 25.8 384.3 98.2 327.8 270.2 378.5 211.9 370.3 205.5 301.4 301.4 177.7 223.5 375.2 371.3 281.6 181.8 53.9 412.2 132.2 198.0 141.6 374.7
2180.8 78.4 361.5 368.3 19.4 200.3 60.0 433.6 457.7 342.9 90.3 366.3 390.8 178.8 323.2 373.2 243.2 164.2 240.3 54.3 152.6 134.5 83.1 25.9 260.6 421.2 99.7 157.6 73.5 141.0 257.3 32.8 427.4 328.8 345.6 314.5 433.9 419.8 331.7 34.2 225.2 235.0 60.3 278.4 150.2 402.3 88.1 45.8 127.2 356.6 23.1 343.2 418.6 82.1 14.2 451.7 215.1 433.8 64.0 314.6 354.7 50.7 258.5 346.0 421.2 372.2 184.8 354.4 65.1 262.7 78.7 0.0 277.4 112.5 101.9 106.7 99.8 220.5 344.1 83.1 96.3 276.0 258.8 119.4 229.6 300.5 188.9 118.9 169.8 334.5 138.0 83.6 396.7 47.9 340.2 282.6 390.9 220.5 382.7 204.1 313.8 313.8 201.8 235.9 387.6 383.7 294.0 180.4 111.7 424.6 140.8 210.4 164.2 387.1
1982.8 194.4 193.3 107.9 258.8 77.0 270.2 211.0 180.2 214.0 239.6 123.7 134.5 242.8 127.4 175.2 144.6 171.6 195.4 216.5 129.2 147.0 322.5 300.9 199.9 179.5 276.0 221.6 199.8 269.3 227.7 307.8 193.8 137.6 147.6 136.1 186.3 186.7 225.2 238.5 126.6 175.9 214.0 118.8 266.6 204.3 184.0 285.2 230.9 160.7 250.6 76.6 185.0 216.3 289.2 253.7 290.0 200.2 295.2 151.0 112.1 277.5 159.9 173.6 153.9 137.2 265.0 163.5 225.6 95.0 242.4 274.9 0.0 184.6 195.2 223.0 240.2 155.9 212.8 238.0 271.0 177.4 12.9 210.3 146.8 57.9 252.9 162.6 233.8 74.1 192.7 268.3 163.6 223.5 97.6 136.4 155.9 189.0 184.7 140.6 84.5 36.3 282.0 137.3 110.1 141.3 51.4 172.6 270.0 164.0 216.1 67.3 275.8 115.5
2093.8 56.9 249.6 274.8 107.1 113.3 125.9 346.5 370.7 231.0 64.7 285.9 303.8 161.4 236.2 289.1 143.8 52.3 128.4 64.1 65.6 47.5 170.8 143.1 148.7 334.2 91.3 140.2 56.1 131.1 134.8 150.0 340.4 241.8 258.6 227.5 346.9 332.8 219.8 81.9 134.2 123.1 76.4 191.4 132.8 315.3 46.5 133.5 109.8 264.7 98.2 256.2 331.6 25.4 131.4 360.4 208.6 346.8 156.5 227.6 273.3 132.3 153.9 259.0 334.2 281.3 167.4 267.4 88.1 162.6 104.9 117.1 190.4 0.0 10.5 88.0 77.7 108.6 232.2 100.5 127.5 180.0 171.8 77.4 117.7 213.5 171.5 31.9 151.9 241.0 59.8 100.7 309.7 71.1 253.2 195.6 314.0 125.7 295.7 92.2 220.3 224.2 184.4 127.2 295.6 296.7 212.2 68.5 85.3 337.6 96.8 123.4 146.8 300.1
2104.4 67.5 259.5 284.7 96.5 123.9 114.4 357.2 381.3 240.9 44.3 289.9 314.4 150.8 246.8 296.8 153.7 62.2 138.3 74.7 76.2 58.1 160.2 132.5 158.6 344.8 80.7 129.6 72.9 120.5 155.4 139.4 351.0 252.4 269.2 238.1 357.5 343.4 229.7 96.7 148.8 133.0 87.1 202.0 122.2 325.9 57.1 122.9 99.2 280.2 108.8 266.8 342.2 21.0 120.8 375.3 198.0 357.4 145.9 238.2 278.3 121.7 163.8 269.6 344.8 295.8 156.8 278.0 81.3 186.3 98.1 106.5 201.0 10.5 0.0 78.7 71.8 118.5 242.1 93.7 116.9 189.9 182.4 87.3 127.6 224.1 160.9 42.5 141.8 250.9 69.7 90.6 320.3 81.7 263.8 206.2 314.5 135.6 306.3 102.1 230.2 237.4 173.8 137.1 311.2 307.3 217.6 78.4 74.7 348.2 106.7 134.0 136.2 310.7
2134.6 117.1 261.9 287.1 99.0 152.0 135.8 385.2 407.7 243.3 76.9 321.4 357.4 96.6 259.1 323.8 156.1 64.6 140.7 154.0 106.4 103.0 162.7 135.0 161.0 375.0 93.5 60.0 117.9 62.6 148.9 144.0 377.8 287.8 297.3 252.5 383.1 365.5 232.1 135.6 172.9 133.3 99.0 232.2 65.9 352.3 139.1 125.4 42.9 305.2 118.9 284.6 367.6 82.3 123.3 401.2 141.7 382.8 153.4 268.4 308.8 142.2 166.2 283.7 375.0 321.8 100.5 308.2 83.7 203.4 100.6 109.0 231.2 90.4 82.4 0.0 63.5 114.2 242.4 96.2 137.4 192.3 212.6 12.6 130.0 254.3 104.6 116.5 85.1 253.3 31.2 110.6 342.4 145.5 288.7 224.1 354.5 136.2 336.5 104.5 232.6 265.0 117.5 137.4 336.4 337.2 253.0 80.8 95.2 378.1 56.5 164.2 79.9 335.6
2150.0 110.2 277.3 302.5 92.1 169.5 120.2 402.8 423.1 258.7 57.9 330.2 360.0 115.6 276.6 342.4 171.5 80.0 156.1 142.5 121.8 118.4 155.8 128.1 176.4 390.4 79.4 94.4 105.3 83.4 173.2 135.0 391.8 298.0 314.8 267.9 395.0 380.9 247.5 124.9 194.4 150.8 92.1 247.6 87.0 371.5 124.9 118.5 64.0 325.5 113.8 300.0 383.0 69.7 116.4 420.9 162.8 398.2 146.5 283.8 318.6 127.5 181.6 299.1 390.4 341.1 121.6 323.6 76.9 231.9 93.7 102.1 246.6 78.3 68.2 43.5 0.0 136.3 259.9 89.3 129.0 207.7 228.0 56.2 145.4 269.7 125.7 110.3 106.6 268.7 74.8 96.4 357.8 138.6 304.1 239.5 359.8 157.3 351.9 119.9 248.0 283.0 138.6 154.9 356.8 352.9 263.2 96.2 88.3 393.5 77.6 179.6 101.0 351.0
2059.3 166.4 184.6 205.0 214.1 85.5 232.9 309.6 295.4 166.0 174.0 220.1 280.9 117.4 166.6 248.5 78.8 65.2 63.4 180.3 86.3 104.1 277.8 258.0 83.7 294.3 202.3 107.6 165.6 173.3 71.6 264.9 265.5 170.7 224.1 151.2 274.1 256.5 154.8 191.4 64.6 58.1 185.9 115.1 128.2 277.0 156.0 240.5 99.2 188.4 209.7 202.5 255.3 132.4 246.3 325.9 171.3 270.5 267.2 151.3 207.5 239.3 88.9 182.7 257.9 205.0 132.7 232.9 197.5 128.1 214.4 232.0 155.9 120.9 117.5 115.4 134.7 0.0 160.5 210.0 234.5 112.7 137.3 104.8 9.1 174.5 134.2 126.4 114.7 171.2 87.2 207.7 233.4 180.6 187.4 140.1 237.7 70.3 267.9 56.8 150.5 189.7 149.7 25.2 252.2 220.1 177.7 49.9 192.3 261.3 84.4 88.9 157.1 234.3
1979.3 293.6 17.4 213.9 351.7 206.0 369.6 210.7 196.5 1.2 299.5 160.9 164.0 261.7 124.6 233.8 171.9 202.8 174.3 300.8 213.5 231.3 415.4 385.2 155.2 195.4 339.9 240.5 292.8 301.4 140.3 392.1 165.2 106.6 210.2 115.9 171.7 157.6 12.4 322.8 150.4 184.8 313.1 100.9 272.5 240.8 283.2 378.1 236.8 89.5 336.9 222.2 156.4 272.2 373.5 299.7 308.9 171.6 394.4 87.2 148.3 376.9 161.3 39.2 141.0 106.1 249.8 201.4 324.8 252.4 341.6 359.2 212.2 265.2 255.1 253.0 272.3 205.1 0.0 337.2 372.1 132.7 184.3 242.4 189.3 179.5 271.8 246.9 252.7 180.1 224.8 345.3 134.5 307.8 128.2 150.9 128.7 198.0 226.7 194.4 159.4 240.8 266.8 179.8 193.0 103.2 200.6 187.5 329.9 162.4 222.0 216.1 294.7 175.1
2164.0 47.4 348.9 351.5 47.3 183.5 32.1 416.8 440.9 329.9 65.6 349.5 374.0 157.6 306.4 356.4 226.4 151.2 227.3 97.2 135.8 117.7 111.0 83.3 247.6 404.4 46.3 144.6 42.5 87.6 244.3 65.5 410.6 312.0 328.8 297.7 417.1 403.0 318.7 80.1 208.4 222.0 29.3 261.6 119.3 385.5 57.1 73.7 114.2 339.8 69.0 326.4 401.8 69.1 71.6 434.9 165.1 417.0 57.1 297.8 337.9 39.4 241.7 329.2 404.4 355.4 171.8 337.6 15.1 245.9 4.4 57.3 260.6 99.5 88.9 93.7 86.8 207.5 331.1 0.0 32.9 259.2 242.0 106.4 216.6 283.7 147.5 102.1 166.6 317.7 125.0 30.2 379.9 93.8 323.4 265.8 374.1 207.5 365.9 191.1 297.0 297.0 182.1 219.1 370.8 366.9 277.2 167.4 58.3 407.8 127.8 193.6 146.0 370.3
2209.8 90.4 364.9 390.1 90.3 229.3 43.3 462.6 486.7 346.3 63.2 395.3 419.8 149.7 352.2 402.2 259.1 167.6 243.7 140.2 181.6 163.5 161.2 75.8 264.0 450.2 61.9 170.9 85.5 95.1 272.0 68.9 456.4 357.8 374.6 343.5 462.9 448.8 335.1 136.1 254.2 238.4 72.3 307.4 118.5 431.3 100.1 112.9 148.6 385.6 125.0 372.2 447.6 85.5 87.5 480.7 154.9 462.8 28.9 343.6 383.7 50.6 269.2 375.0 450.2 401.2 206.2 383.4 58.1 291.7 38.5 101.8 306.4 115.9 105.3 128.1 119.4 223.9 347.5 42.9 0.0 295.3 287.8 140.8 233.0 329.5 139.6 147.9 158.7 356.3 159.4 51.8 425.7 149.8 369.2 311.6 419.9 241.9 411.7 207.5 335.6 342.8 192.2 242.5 416.6 412.7 323.0 183.8 31.3 453.6 162.2 239.4 143.3 416.1
2012.5 187.9 136.7 139.3 261.5 100.3 264.6 243.9 229.7 153.7 225.7 154.4 215.2 197.4 94.2 192.9 43.8 128.4 41.5 195.1 107.8 125.6 325.2 279.5 22.4 228.6 258.5 176.2 187.1 227.0 50.2 286.4 198.4 105.0 162.4 85.5 208.4 190.8 142.5 217.1 44.7 52.0 207.4 49.4 198.1 219.1 177.5 287.9 162.4 122.7 229.2 136.8 189.6 194.9 267.8 264.2 238.9 204.8 288.7 85.6 136.2 271.0 28.5 117.0 192.2 139.3 178.2 171.2 219.1 162.7 235.9 253.5 141.5 163.2 173.8 178.6 197.9 99.4 154.9 231.5 264.5 0.0 113.6 168.0 83.6 108.8 207.5 141.2 188.0 105.5 150.4 261.8 167.7 202.1 121.7 76.3 161.9 118.8 199.5 119.2 84.8 129.8 195.2 74.1 191.1 154.7 129.9 113.1 248.6 195.6 147.6 110.4 219.8 168.6
1984.4 165.7 177.5 120.9 230.1 48.3 241.5 221.3 193.2 196.1 210.9 105.8 147.5 214.1 109.5 176.8 115.9 142.9 166.7 187.8 100.5 118.3 293.8 272.2 171.2 192.5 247.3 192.9 171.1 240.6 199.0 279.1 175.9 119.7 149.2 118.2 182.9 168.8 207.3 209.8 97.9 147.2 185.3 100.9 237.9 205.9 155.3 256.5 202.2 142.8 221.9 82.7 167.1 187.6 260.5 255.3 261.3 182.3 266.5 133.1 94.2 248.8 131.2 155.7 160.9 119.3 236.3 158.0 196.9 66.3 213.7 246.2 12.9 155.9 166.5 194.3 211.5 127.2 194.9 209.3 242.3 148.7 0.0 181.6 118.1 40.0 224.2 133.9 205.1 87.1 164.0 239.6 145.7 194.8 79.7 107.7 138.0 160.3 186.3 111.9 66.6 49.3 253.3 108.6 123.1 123.4 33.5 143.9 241.3 171.7 187.4 38.6 247.1 126.6
2121.9 136.8 249.2 274.4 111.7 141.4 147.6 374.7 395.0 230.6 77.5 302.1 331.9 107.2 248.5 314.3 143.4 51.9 128.0 144.0 93.7 90.3 175.4 147.7 148.3 362.3 110.2 86.0 124.9 58.9 145.1 154.6 363.7 269.9 286.7 239.8 366.9 352.8 219.4 144.5 166.3 122.7 111.7 219.5 78.6 343.4 126.4 138.1 55.6 297.4 133.4 271.9 354.9 89.3 136.0 392.8 154.4 370.1 166.1 255.7 290.5 154.9 153.5 271.0 362.3 313.0 113.2 295.5 96.5 203.8 113.3 121.7 218.5 79.8 69.7 12.6 76.2 108.2 231.8 108.9 150.1 179.6 199.9 0.0 117.3 241.6 117.3 105.9 98.2 240.6 18.5 123.8 329.7 151.0 276.0 211.4 331.7 125.3 323.8 91.8 219.9 254.9 130.2 126.8 328.7 324.8 235.1 68.1 107.9 365.4 69.2 151.5 92.6 322.9
2050.2 157.3 193.3 195.9 230.9 69.7 233.1 300.4 286.3 175.1 171.0 204.4 260.2 133.2 150.8 242.6 70.8 74.3 72.5 164.5 77.2 95.0 294.6 248.9 92.8 285.2 207.4 112.0 162.7 172.9 89.6 255.8 255.0 156.4 215.0 142.1 261.5 247.4 163.9 186.5 52.8 67.2 176.9 106.0 144.0 271.7 146.9 257.3 108.3 184.2 198.6 193.4 246.2 147.7 237.2 321.1 180.4 261.4 258.1 142.2 192.8 240.4 86.1 173.6 248.8 199.8 141.8 223.8 188.5 132.1 205.3 222.9 146.8 132.6 126.6 126.6 143.8 9.1 176.3 200.9 233.9 103.6 128.2 113.9 0.0 165.4 143.3 110.6 124.2 162.1 96.3 231.2 224.3 171.5 178.3 132.9 218.5 79.4 252.1 88.6 141.4 183.2 158.8 9.5 248.1 211.3 163.4 59.0 201.4 252.2 93.5 79.8 166.2 225.2
2000.7 217.5 160.6 106.3 281.9 100.1 293.3 206.5 192.4 181.3 262.7 91.0 157.8 265.9 94.7 157.0 167.7 194.7 218.5 239.6 152.3 170.1 345.6 324.0 208.0 191.8 299.1 244.7 222.9 292.4 235.8 330.9 161.1 104.9 129.4 103.4 168.1 154.0 192.5 261.6 149.7 199.0 237.1 86.1 289.7 186.1 207.1 308.3 254.0 128.0 273.7 42.7 152.3 239.4 312.3 235.5 313.1 167.5 318.3 118.3 79.4 300.6 183.0 140.9 146.1 104.5 288.1 138.2 248.7 118.1 265.5 298.0 77.9 207.7 218.3 246.1 263.3 179.0 180.1 261.1 294.1 185.5 50.0 233.4 169.9 0.0 276.0 185.7 256.9 72.5 215.8 291.4 130.9 246.6 64.9 159.5 123.2 212.1 166.5 163.7 51.8 72.9 305.1 160.4 133.4 108.6 66.3 195.7 293.1 156.9 239.2 90.4 298.9 111.8
2153.8 179.3 276.1 301.3 161.2 173.3 151.9 406.6 421.9 257.5 127.0 329.0 363.8 10.0 275.4 346.2 170.3 127.1 164.5 214.1 142.0 159.8 224.9 192.2 175.2 394.2 111.1 31.3 174.4 92.9 166.8 185.3 390.6 299.0 318.6 266.7 393.8 379.7 246.3 194.0 197.1 149.6 161.2 250.3 73.8 375.3 189.0 187.6 91.3 324.3 182.9 298.8 381.8 138.8 185.5 424.7 37.0 397.0 194.9 284.8 317.4 159.2 190.0 297.9 391.4 339.9 68.9 327.4 146.0 235.7 162.8 171.2 250.4 169.2 158.6 104.6 125.7 135.1 258.7 158.4 172.4 216.1 231.8 117.3 144.2 270.8 0.0 175.4 19.1 267.5 135.9 128.1 356.6 207.7 302.9 238.3 358.6 112.6 355.7 104.7 246.8 286.8 50.6 153.7 360.6 353.9 267.0 111.8 130.2 392.3 104.9 183.4 58.9 349.8
2061.8 46.6 248.8 249.3 120.2 81.3 122.4 314.5 338.7 253.0 76.9 253.9 272.8 183.4 204.2 257.1 124.2 74.3 150.4 53.8 33.6 15.6 183.9 138.2 170.7 302.2 113.3 162.2 45.8 153.1 156.8 145.1 308.4 209.8 226.6 195.5 314.9 300.8 241.8 75.8 102.2 145.1 66.1 159.4 154.8 283.3 36.2 146.6 131.8 232.7 89.9 224.2 299.6 49.6 126.5 328.4 230.6 314.8 147.4 195.6 241.3 129.7 139.5 227.0 302.2 249.3 189.4 235.4 77.7 130.6 94.6 112.2 158.4 21.9 32.5 110.0 99.7 130.6 254.2 90.2 123.2 157.0 139.8 99.4 126.4 181.5 193.5 0.0 174.0 215.5 81.8 120.5 277.7 60.8 221.2 163.6 282.0 147.7 263.7 81.4 194.8 192.2 206.4 116.9 268.6 264.7 180.2 90.5 107.3 305.6 118.8 91.4 168.8 268.1
2134.3 159.8 256.5 281.8 141.7 153.7 171.5 387.0 402.4 238.0 115.0 309.4 345.3 9.4 256.3 326.7 150.8 107.6 145.0 194.6 122.5 140.3 205.4 177.7 155.6 374.7 126.7 11.7 160.5 106.8 143.6 184.5 371.0 279.4 299.1 247.2 374.2 360.2 226.8 174.4 173.5 130.5 141.6 230.8 74.7 355.7 169.5 168.1 71.8 304.7 163.3 279.3 362.7 122.9 166.0 405.1 56.1 377.5 196.1 265.3 297.8 178.7 170.5 278.4 371.9 320.3 75.3 307.8 126.4 216.1 143.3 151.7 230.9 149.6 139.1 85.0 106.2 115.5 239.2 138.9 180.1 196.6 212.3 97.8 124.7 251.3 19.5 155.8 0.0 248.0 116.4 147.2 337.1 188.2 283.4 218.8 339.0 93.1 336.6 85.2 227.3 267.2 70.1 134.2 341.1 334.3 247.4 92.3 137.9 372.8 85.4 163.9 64.4 330.3
1920.8 261.9 153.7 33.7 335.5 129.6 337.7 149.0 118.2 174.4 292.2 74.3 72.5 257.8 93.0 113.2 134.3 224.2 136.7 269.1 181.8 199.6 399.2 353.5 117.6 117.5 328.6 236.6 267.3 321.9 136.4 360.4 159.4 103.2 85.6 101.7 124.3 138.4 164.4 291.1 108.8 147.2 281.5 66.4 268.6 142.3 251.5 361.9 232.9 126.3 303.2 45.4 150.6 268.9 341.8 191.7 330.2 153.1 362.7 102.6 77.7 345.0 123.7 134.0 91.9 102.8 245.9 101.5 293.1 99.8 309.9 327.5 74.8 237.2 247.8 275.6 292.8 160.8 173.2 305.5 338.5 95.1 123.7 262.9 151.7 76.1 267.9 215.2 248.8 0.0 245.3 335.8 129.2 276.1 63.2 67.5 121.5 194.1 122.7 193.2 17.9 38.4 262.9 142.2 48.1 106.9 83.1 183.6 322.6 102.0 218.1 119.9 290.8 53.5
2103.3 118.2 232.7 255.8 129.3 122.8 165.2 356.1 376.4 212.0 95.1 283.5 313.3 124.8 229.9 295.7 124.8 33.3 109.4 125.4 75.1 71.7 193.0 165.3 129.7 343.7 127.8 103.6 123.6 76.5 126.5 172.2 345.1 251.3 268.1 221.2 348.3 334.2 200.8 147.4 147.7 104.1 137.8 200.9 96.2 324.8 107.8 155.7 73.2 278.8 151.0 253.3 336.3 72.2 153.6 374.2 172.0 351.5 183.7 237.1 271.9 172.5 134.9 252.4 343.7 294.4 130.8 276.9 114.1 185.2 130.9 139.3 199.9 61.2 51.1 30.2 68.3 89.6 213.2 126.5 167.7 161.0 181.3 17.5 98.7 223.0 134.9 87.3 115.8 222.0 0.0 141.4 311.1 132.4 257.4 192.8 313.1 106.7 305.2 73.2 201.3 236.3 147.8 108.2 310.1 306.2 216.5 49.5 125.5 346.8 77.8 132.9 110.2 304.3
2181.9 88.8 336.5 362.2 98.0 200.9 24.6 434.6 458.8 318.4 23.2 374.0 404.7 127.3 323.8 371.1 231.2 139.7 215.8 144.4 153.7 135.6 149.9 64.0 235.6 422.3 20.0 137.8 90.1 60.6 224.0 57.1 429.9 335.1 346.2 315.6 438.5 420.9 307.2 128.1 221.8 210.0 70.7 279.5 88.5 399.6 98.5 101.6 120.7 352.8 111.4 344.3 419.7 63.3 75.7 448.5 164.7 434.9 66.7 315.7 361.4 31.0 241.3 347.1 422.3 369.4 169.6 355.0 56.8 250.7 36.9 90.0 278.5 88.0 77.4 102.3 85.5 189.3 319.1 41.3 42.5 266.9 259.9 112.9 205.1 301.6 117.2 120.0 136.3 328.4 131.5 0.0 397.8 138.0 341.3 283.2 402.1 213.5 383.3 179.6 307.7 312.3 151.3 214.1 383.7 384.5 300.3 155.9 28.0 425.7 134.3 211.5 115.7 388.2
1895.6 322.2 115.0 188.8 398.7 204.8 398.0 101.4 79.5 135.7 355.4 124.7 126.2 359.6 108.4 102.1 203.4 287.4 205.8 332.3 245.0 262.8 462.4 416.7 186.7 60.8 391.8 338.4 327.6 385.1 214.5 423.6 56.0 91.4 130.6 117.1 37.1 23.1 146.9 354.3 177.9 216.3 341.8 132.4 370.4 128.1 311.8 425.1 334.7 59.5 366.4 181.0 47.2 332.1 405.0 166.4 403.2 62.4 423.0 104.8 113.1 405.3 192.8 95.3 125.6 56.0 342.5 121.8 353.4 222.8 370.2 390.7 182.6 300.4 311.0 338.8 356.0 229.9 134.5 365.8 398.8 164.2 154.7 326.1 220.8 149.9 369.7 278.4 350.6 181.6 308.5 396.1 0.0 339.3 98.6 159.3 74.7 283.1 92.1 256.4 171.5 174.0 359.5 211.3 149.3 91.9 171.0 285.4 385.8 87.9 319.9 195.1 384.1 134.7
2132.8 78.8 317.7 320.3 59.3 152.3 111.4 385.6 409.7 322.3 110.2 318.3 342.8 198.7 275.2 325.2 195.2 143.6 219.7 6.3 104.6 86.5 123.0 77.3 240.0 373.2 146.6 177.5 93.4 168.4 236.8 84.2 379.4 280.8 297.6 266.5 385.9 371.8 311.1 14.9 177.2 214.4 80.2 230.4 170.1 354.3 68.4 85.7 147.1 308.6 27.0 295.2 370.6 102.0 65.6 403.7 245.9 385.8 115.4 266.6 306.7 102.1 210.5 298.0 373.2 324.2 204.7 306.4 85.0 214.7 101.8 51.3 229.4 91.2 101.8 126.6 119.7 199.9 323.5 97.4 130.4 228.0 210.8 139.3 197.4 252.5 208.8 70.9 189.7 286.5 151.1 135.0 348.7 0.0 292.2 234.6 342.9 217.0 334.7 152.4 265.8 265.8 221.7 187.9 339.6 335.7 246.0 159.8 140.6 376.6 160.7 162.4 184.1 339.1
1951.4 259.2 113.4 147.3 323.6 141.8 335.0 157.2 143.1 132.0 304.4 26.1 112.1 305.6 27.4 134.8 157.4 236.4 159.8 281.3 194.0 211.8 387.3 365.7 140.7 142.5 340.8 284.4 264.6 334.1 168.5 372.6 111.8 55.6 107.2 36.1 118.8 104.7 143.2 303.3 131.9 170.3 278.8 86.4 316.4 163.9 248.8 350.0 280.7 78.7 315.4 119.4 103.0 281.1 354.0 213.3 357.2 118.2 360.0 69.0 14.5 342.3 146.8 91.6 96.8 55.2 293.7 116.0 290.4 159.8 307.2 339.7 119.6 249.4 260.0 287.8 305.0 183.9 130.8 302.8 335.8 118.2 91.7 275.1 174.8 86.9 315.7 227.4 296.6 140.1 257.5 333.1 81.6 288.3 0.0 96.3 73.9 237.1 144.3 205.4 109.9 112.4 310.7 165.3 69.7 59.3 108.0 231.4 334.8 107.6 265.9 132.1 338.1 46.9
1953.3 201.2 138.2 95.0 274.8 68.9 277.9 213.3 185.3 158.9 231.5 104.3 138.4 234.7 95.7 145.7 136.5 163.5 187.3 208.4 121.1 138.9 338.5 292.8 191.8 184.6 267.9 218.2 200.4 277.6 120.9 299.7 169.2 106.5 118.1 87.0 178.3 160.7 148.9 226.2 114.5 167.8 220.7 50.9 258.5 171.0 190.8 301.2 222.8 129.1 242.5 92.5 159.0 208.2 281.1 224.2 281.9 174.2 302.0 87.1 91.7 284.3 151.8 118.5 152.8 123.0 256.9 126.9 232.4 128.4 249.2 266.8 97.2 176.5 187.1 212.8 232.1 154.5 157.7 244.8 277.8 169.3 69.3 202.2 138.7 64.5 244.8 154.5 225.7 61.2 184.6 275.6 137.6 215.4 71.6 0.0 129.9 180.9 155.2 132.5 40.5 88.1 273.9 129.2 114.8 115.0 90.8 164.5 261.9 163.6 208.0 76.1 267.7 118.5
1905.3 314.9 121.4 171.5 392.9 197.5 391.6 129.2 98.3 129.9 361.7 123.1 92.0 355.9 101.1 88.4 197.6 281.6 200.0 336.6 239.2 257.0 456.6 410.9 180.9 97.6 390.0 328.9 324.2 395.7 193.6 417.8 86.7 79.3 113.3 109.8 95.8 78.2 141.1 344.3 176.1 210.5 334.4 126.6 356.6 123.0 304.5 419.3 320.9 39.1 362.6 155.2 76.5 320.1 409.3 171.9 397.4 91.7 415.7 97.5 111.4 398.0 187.0 89.5 99.8 22.5 336.7 104.5 346.0 202.4 362.9 384.9 175.3 304.7 305.2 330.9 350.2 230.8 128.7 358.5 391.5 168.5 147.4 320.3 215.0 142.6 366.0 272.6 346.5 164.3 302.7 389.3 55.1 333.5 91.3 152.0 0.0 277.3 97.1 250.6 145.7 150.8 353.7 205.5 118.5 84.3 168.9 271.6 380.0 33.7 306.1 187.8 378.3 108.9
2103.1 171.4 195.0 220.2 206.0 122.6 241.9 364.6 350.4 176.4 171.8 254.5 264.8 95.7 194.3 298.4 89.2 76.1 69.0 178.6 91.3 109.1 269.7 242.0 105.7 349.3 208.2 74.5 170.6 171.2 91.8 248.9 320.5 225.7 267.9 185.6 329.1 311.5 165.2 200.6 120.7 68.5 190.9 170.1 139.1 320.8 161.0 232.4 110.1 248.3 212.7 217.7 310.3 145.5 230.3 369.7 142.9 325.5 260.4 206.3 241.9 249.2 94.5 216.8 312.9 260.0 102.7 276.7 190.7 185.0 207.6 216.0 199.7 138.5 128.4 128.4 145.6 74.5 177.6 203.2 244.4 120.6 181.1 115.7 83.6 189.7 105.8 124.7 86.2 186.4 98.1 217.6 288.4 185.6 221.8 157.2 282.6 0.0 305.0 54.0 165.7 210.7 119.7 93.1 240.4 275.1 216.0 60.8 202.2 316.3 95.3 132.7 128.7 268.7
1798.0 307.2 201.6 96.6 380.8 174.9 383.9 50.7 72.7 220.2 337.5 109.6 52.3 340.7 163.2 7.0 242.5 269.5 226.2 314.4 227.1 244.9 444.5 398.8 207.1 38.4 377.9 324.2 306.4 383.6 225.9 405.7 97.2 169.6 38.4 171.9 57.3 74.9 231.4 336.4 220.5 273.8 326.7 155.9 364.5 19.5 296.8 407.2 328.8 129.4 348.5 153.1 106.0 308.0 387.1 64.6 387.9 90.8 408.0 187.8 121.2 390.3 257.8 179.8 89.9 112.8 362.9 29.6 338.4 128.1 355.2 372.8 182.5 282.5 293.1 320.9 338.1 260.5 219.0 350.8 383.8 184.6 169.0 308.2 244.7 195.8 350.8 260.5 331.2 89.4 290.6 381.6 98.0 321.4 135.7 157.0 80.1 286.9 0.0 238.5 107.4 146.1 379.9 235.2 65.9 145.3 186.4 270.5 367.9 56.5 314.0 165.2 373.7 88.8
2049.0 117.3 176.2 201.4 190.9 68.5 193.1 301.8 322.0 157.6 147.6 229.1 259.0 102.1 175.5 241.4 70.4 47.2 55.0 124.5 37.2 55.0 254.6 208.9 75.3 317.6 184.0 80.9 122.7 145.8 72.1 215.8 290.7 199.1 213.8 166.8 293.9 279.8 146.4 146.5 97.2 49.7 136.9 150.4 116.9 270.5 106.9 217.3 81.2 224.4 158.6 198.9 281.9 124.3 197.2 319.9 149.3 297.1 218.1 184.9 217.5 200.4 80.5 198.0 291.5 240.0 124.3 222.6 148.5 130.9 165.3 182.9 145.6 92.6 103.2 99.5 116.7 35.2 158.8 160.9 193.9 106.6 127.0 86.8 44.3 170.9 112.2 70.6 93.1 167.6 69.2 191.2 256.7 131.5 203.0 138.4 258.7 48.3 250.9 0.0 146.9 191.9 141.3 53.8 221.6 254.0 162.2 31.9 178.0 292.4 66.4 78.6 135.1 249.9
1912.7 230.4 137.8 54.4 294.8 150.3 306.2 186.8 172.7 156.4 312.9 71.3 99.0 239.8 75.0 105.1 116.3 180.9 118.7 289.8 202.5 220.3 358.5 374.2 99.6 172.1 349.3 218.6 235.8 279.5 118.4 381.1 141.4 85.2 77.5 83.7 148.4 134.3 146.4 311.8 90.8 129.2 250.0 48.4 250.6 134.2 220.0 321.2 214.9 108.3 323.9 51.9 132.6 289.6 362.5 183.6 312.2 147.8 331.2 84.6 59.7 313.5 105.7 116.0 126.4 84.8 227.9 86.3 261.6 120.5 278.4 348.2 81.3 257.9 268.5 233.2 250.4 142.8 155.2 274.0 307.0 77.1 94.3 220.5 133.7 94.6 249.9 235.9 230.8 20.6 202.9 304.3 111.2 296.8 45.2 49.5 103.5 176.1 114.6 213.9 0.0 44.9 244.9 124.2 115.0 88.9 89.6 165.6 343.3 137.2 200.1 140.6 272.8 92.1
1946.4 230.8 224.2 71.5 295.2 113.4 307.5 177.3 143.8 244.9 288.1 93.3 89.7 276.6 153.5 135.6 181.0 208.0 231.8 250.3 165.6 183.4 358.9 337.3 233.7 143.1 316.4 262.7 227.4 322.1 240.3 344.2 183.7 163.7 111.2 162.2 146.4 164.0 208.0 270.7 156.4 209.7 247.7 110.0 300.4 164.1 220.4 321.6 267.3 196.5 289.0 40.2 193.9 246.5 323.0 213.0 323.8 178.7 331.6 181.9 105.9 313.9 196.3 204.5 117.5 179.9 298.8 129.7 261.9 118.3 278.8 311.3 36.3 218.4 231.6 257.3 276.6 199.0 241.1 274.4 307.4 211.2 49.3 246.7 183.2 82.9 289.3 196.4 269.8 37.7 229.1 305.2 187.1 259.9 126.0 170.2 151.2 225.4 148.3 177.0 61.5 0.0 315.8 171.1 68.7 171.9 40.2 209.0 306.4 127.6 252.5 103.7 312.2 79.1
2196.5 194.5 288.5 309.1 176.4 206.5 185.3 450.7 436.5 267.8 142.2 336.5 352.5 79.5 276.3 376.2 171.2 155.5 155.1 229.3 175.2 193.0 240.1 212.4 179.9 428.1 144.5 49.7 195.3 99.9 166.0 218.7 405.2 306.6 351.8 267.6 404.4 390.3 256.6 209.2 202.7 150.5 176.4 256.2 107.2 408.5 204.2 202.8 106.5 329.5 196.3 306.6 396.4 154.0 200.7 457.9 88.4 411.6 228.3 292.4 323.9 192.6 180.6 308.2 399.0 346.1 18.2 360.6 161.2 268.9 178.0 186.4 283.6 184.4 173.8 121.9 140.9 156.5 269.0 173.6 205.8 206.7 265.0 132.5 165.6 278.6 69.4 208.6 74.6 275.3 151.1 161.5 367.2 222.9 303.8 246.1 368.7 112.9 388.9 137.9 254.6 299.6 0.0 175.1 328.9 361.5 304.9 142.8 163.6 402.4 120.1 216.6 92.3 350.7
2040.7 147.8 185.9 186.4 221.4 60.2 224.5 291.0 276.8 184.6 178.1 201.5 250.7 142.7 141.3 233.1 61.3 83.8 82.0 155.0 67.7 85.5 285.1 239.4 102.3 275.7 218.5 121.5 147.0 182.4 88.4 246.3 245.5 152.1 205.5 132.6 252.0 237.9 173.4 177.0 39.3 76.7 167.3 96.5 153.5 258.4 137.4 247.8 117.8 169.8 189.1 183.9 236.7 154.8 227.7 307.3 189.9 251.9 248.6 132.7 188.9 230.9 76.6 164.1 239.3 186.4 151.3 214.3 178.9 122.6 195.8 213.4 137.3 123.1 133.7 136.1 153.3 25.2 185.8 191.4 224.4 94.1 118.7 123.4 9.5 155.9 152.8 101.1 133.7 152.6 105.8 221.7 214.8 162.0 168.8 123.4 209.0 88.9 242.6 79.1 131.9 171.1 168.3 0.0 233.6 201.8 153.9 68.5 208.5 242.7 103.0 70.3 175.7 215.7
1873.0 288.5 176.1 77.9 362.1 160.8 364.3 131.4 105.1 201.4 330.9 43.2 54.8 321.6 96.8 66.8 223.4 250.4 229.2 300.3 208.4 226.2 425.8 380.1 205.5 104.4 359.1 300.8 287.7 348.5 224.8 386.6 146.4 125.0 37.4 105.5 111.2 125.3 212.6 317.7 200.7 240.1 312.6 125.7 345.8 94.5 278.1 388.5 310.1 148.1 329.8 86.7 155.2 293.9 368.0 143.9 384.9 140.0 389.3 138.4 54.8 371.6 216.2 161.0 78.8 124.6 305.6 46.6 319.7 126.4 336.5 354.1 116.1 263.8 274.4 302.2 319.4 235.1 200.6 332.1 365.1 187.6 129.1 289.5 226.0 129.4 332.1 241.4 312.6 70.7 271.9 362.4 148.4 302.7 69.3 122.2 122.6 248.8 74.5 219.8 77.2 79.7 322.6 216.1 0.0 128.7 124.4 251.8 349.2 88.9 295.3 146.5 355.0 22.4
1941.2 299.4 82.9 164.8 363.8 181.8 376.1 147.1 132.5 103.8 353.6 108.5 60.4 347.6 85.4 119.7 189.5 273.5 191.9 318.2 231.1 248.9 427.5 402.8 172.6 131.8 381.9 320.8 298.6 387.6 185.5 409.7 103.0 63.8 106.6 94.3 112.1 94.5 115.0 336.2 168.0 202.2 318.7 118.5 348.5 148.2 289.0 390.2 312.8 73.4 354.5 141.6 92.6 312.0 390.9 197.1 389.3 108.0 400.2 82.0 95.9 382.5 178.9 63.4 37.4 56.8 328.6 97.8 330.5 186.9 347.4 376.8 159.8 286.5 297.1 322.8 342.1 222.7 102.4 343.0 376.0 150.1 131.9 312.2 206.9 127.1 357.9 264.5 338.4 157.6 294.6 373.8 71.4 325.4 75.8 136.5 73.8 269.0 132.7 242.5 132.1 137.2 345.4 197.2 104.9 0.0 153.4 263.5 371.9 97.4 298.0 172.3 370.2 95.3
2003.6 208.8 186.0 125.2 273.2 91.4 285.5 226.7 201.0 200.2 266.1 116.5 146.9 257.2 113.6 192.8 159.0 186.0 209.8 235.3 143.6 161.4 336.9 315.3 218.7 200.3 294.4 240.7 208.0 300.1 218.3 322.2 181.4 119.0 163.2 122.3 190.5 172.9 211.4 248.7 137.0 194.7 232.7 105.0 281.0 221.3 198.4 299.6 245.3 151.8 267.0 86.8 171.2 224.5 308.0 270.2 304.4 186.4 309.6 137.2 103.9 291.9 174.3 159.8 165.0 135.2 283.8 184.3 239.9 96.3 256.8 289.3 66.4 203.4 209.6 235.3 254.6 177.0 203.4 252.4 285.4 196.2 41.3 224.7 161.2 44.1 267.3 177.0 247.8 91.4 207.1 283.2 149.8 237.9 83.8 155.2 152.2 203.4 200.3 155.0 70.7 54.5 296.4 156.1 125.9 127.2 0.0 187.0 284.4 175.8 230.5 81.7 290.2 130.7
2072.7 134.6 181.0 206.2 164.1 92.2 182.0 340.9 326.8 162.4 111.9 233.9 250.8 110.9 180.3 265.1 75.2 15.2 59.8 141.8 60.9 74.5 227.8 200.1 80.1 322.4 148.3 89.7 140.0 113.8 76.9 207.0 295.5 203.9 237.5 171.6 298.7 284.6 151.2 163.8 102.0 54.5 154.2 155.2 84.9 294.2 124.2 190.5 49.2 229.2 175.9 203.7 286.7 88.6 188.4 343.6 158.1 301.9 213.5 189.7 222.3 189.3 85.3 202.8 296.3 244.8 134.9 246.3 148.9 154.6 165.7 174.1 169.3 77.6 67.5 67.5 84.7 40.0 163.6 161.3 184.5 111.4 150.7 54.8 49.1 175.7 121.0 90.1 101.9 172.4 37.2 158.2 261.5 148.8 207.8 143.2 263.5 57.1 274.6 23.6 151.7 196.7 151.9 58.6 226.4 258.8 196.8 0.0 142.3 297.2 34.4 102.3 116.9 254.7
2178.4 109.3 333.5 358.7 94.5 197.9 44.2 431.2 455.3 314.9 31.8 363.9 388.4 131.9 320.8 370.8 227.7 136.2 212.3 147.4 150.2 132.1 158.2 84.5 232.6 418.8 30.5 147.6 104.4 71.8 229.4 77.6 425.0 326.4 343.2 312.1 431.5 417.4 303.7 127.3 222.8 207.0 91.2 276.0 100.7 399.9 131.1 120.9 117.2 354.2 116.2 340.8 416.2 54.1 96.2 449.3 137.1 431.4 71.1 312.2 352.3 51.5 237.8 343.6 418.8 369.8 174.8 352.0 79.3 260.3 57.4 104.5 275.0 84.5 73.9 96.7 89.8 192.5 316.1 61.8 42.1 263.9 256.4 109.4 201.6 298.1 121.8 116.5 140.9 324.9 128.0 20.4 394.3 141.0 337.8 280.2 388.5 210.5 380.3 176.1 304.2 311.4 166.3 211.1 385.2 381.3 291.6 152.4 0.0 422.2 130.8 208.0 125.5 384.7
1871.6 345.4 145.0 137.8 422.0 216.1 421.2 95.4 64.6 163.6 378.7 96.0 66.7 389.6 134.8 64.0 231.3 310.7 233.7 355.6 268.3 286.1 485.7 440.0 214.6 63.9 415.1 368.4 350.8 408.4 242.4 446.9 105.9 117.8 79.6 143.5 70.7 84.8 174.8 377.6 205.8 244.2 365.0 160.3 390.3 93.1 335.0 448.4 354.6 67.9 389.7 121.5 110.2 355.4 428.3 142.5 424.3 99.5 446.2 131.2 107.6 428.5 220.7 123.2 66.1 52.3 370.4 70.8 376.6 186.3 393.4 414.0 150.9 323.7 334.3 362.1 379.3 257.8 162.4 389.0 422.0 192.1 163.9 349.4 248.7 164.2 399.7 301.7 380.6 130.6 331.8 419.3 88.8 362.6 122.1 161.6 33.7 311.0 73.5 279.7 112.0 114.5 387.4 239.2 89.8 118.3 159.2 305.3 409.1 0.0 339.8 206.4 412.0 75.2
2126.2 154.7 227.3 252.5 135.3 145.7 171.2 387.2 373.1 208.7 101.1 280.2 297.1 97.0 226.6 318.6 121.5 35.3 106.1 161.9 98.0 94.6 199.0 171.3 126.4 368.7 133.4 75.8 160.1 100.5 123.2 178.2 341.8 250.2 291.0 217.9 345.0 330.9 197.5 168.1 148.3 100.8 135.3 201.5 50.4 347.7 144.3 161.7 14.7 275.5 157.0 250.0 333.0 108.7 159.6 397.1 143.3 348.2 189.7 236.0 268.6 178.5 131.6 249.1 342.6 291.1 103.0 299.8 120.1 208.1 136.9 145.3 222.8 97.7 87.6 78.7 99.8 86.3 209.9 132.5 173.7 157.7 204.2 74.9 95.4 222.0 104.3 110.2 88.0 218.7 57.3 147.4 307.8 168.9 254.1 189.5 309.8 103.4 328.1 69.9 198.0 243.0 120.0 104.9 272.7 305.1 239.4 46.2 131.5 343.5 0.0 155.8 82.4 301.0
1970.3 141.9 201.8 164.1 215.5 9.6 217.7 223.1 247.2 220.4 172.2 155.8 180.3 175.4 157.2 162.7 77.2 104.2 128.0 149.1 61.8 79.6 279.2 233.5 132.5 210.7 208.6 154.2 147.3 201.9 160.3 240.4 225.9 162.8 135.1 148.5 232.9 218.8 219.7 171.1 59.2 108.5 161.5 112.4 199.2 191.8 131.5 241.9 163.5 190.6 183.2 132.7 217.1 148.9 221.8 241.2 222.6 232.3 242.7 148.6 144.2 225.0 92.5 180.0 210.9 169.3 197.6 143.9 173.1 52.2 189.9 207.5 66.9 117.2 127.8 155.6 172.8 88.5 219.2 185.5 218.5 110.0 48.3 142.9 79.4 90.0 185.5 95.2 166.4 130.3 125.3 215.8 195.7 156.1 129.7 69.0 188.0 121.6 172.2 73.2 109.6 103.3 214.6 69.9 177.1 173.4 83.5 105.2 202.6 221.7 148.7 0.0 208.4 176.6
2175.9 153.8 306.8 330.6 135.7 195.4 151.8 428.7 452.6 288.2 101.5 359.7 385.9 50.4 306.1 368.3 201.0 114.8 176.6 188.6 164.1 174.1 199.4 171.7 201.4 416.3 111.0 71.6 148.9 92.8 171.5 178.6 421.3 328.1 340.7 297.4 424.5 410.4 277.0 168.5 227.8 180.3 135.7 277.7 68.8 397.4 163.5 162.1 65.8 355.0 157.4 328.1 412.5 113.3 160.0 446.8 79.3 427.7 190.1 313.9 348.1 159.1 202.1 328.6 420.5 370.6 93.2 349.5 120.5 257.8 137.3 145.7 272.5 143.7 133.1 79.1 100.2 165.8 289.4 132.9 172.3 228.2 253.9 91.8 174.9 300.1 40.3 175.7 59.4 296.8 110.4 128.0 387.3 182.2 333.6 267.6 389.3 134.7 377.8 126.8 276.1 321.1 74.9 184.4 350.8 383.0 289.1 125.7 130.1 423.0 79.4 205.5 0.0 380.5
1895.5 296.4 160.3 100.4 360.8 178.7 372.2 141.7 110.9 178.9 341.3 20.8 65.2 302.9 74.3 87.9 204.3 273.3 206.7 318.2 230.9 248.7 424.5 402.6 187.6 110.2 377.7 281.7 301.8 371.0 215.4 409.5 152.2 102.5 60.3 83.0 117.0 131.1 190.1 340.2 178.8 217.2 316.0 111.5 313.7 117.0 286.0 387.2 278.0 125.6 352.3 72.5 149.9 318.0 390.9 166.4 375.3 145.8 397.2 115.9 32.4 379.5 193.7 138.5 84.6 102.1 291.0 69.1 327.6 148.9 344.4 376.6 101.9 286.3 296.9 324.7 341.9 230.8 177.7 340.0 373.0 165.1 114.9 312.0 221.7 115.2 313.0 264.3 293.9 93.2 294.4 370.3 128.5 325.2 46.9 112.6 120.8 284.0 97.4 242.3 63.0 65.5 308.0 212.2 22.8 106.2 110.2 228.7 371.7 94.7 263.2 169.0 335.9 0.0
