Name		1665_BED-Amazon_n115_m204_bt25
Number_of_Customers	115
Number_of_Items		204
Number_of_ItemTypes	25
Number_of_Vehicles	1
TimeWindows		0
Dist_type	manual

VEHICLE
Mass_Capacity	2071
CargoSpace_Length	174
CargoSpace_Width	61
CargoSpace_Height	84

CUSTOMERS
i	x	y	Demand	ReadyTime	DueDate	ServiceTime	DemandedMass	DemandedVolume
0	33.965477	-117.653303	0	0	0	0	0	0
1	34.097104	-117.73026	1	0	0	0	4.7	1380
2	34.093747	-117.676475	1	0	0	0	5.29	8075
3	34.097378	-117.728786	1	0	0	0	0.7	2640
4	34.09026	-117.67266	1	0	0	0	4.7	1380
5	34.092411	-117.697291	1	0	0	0	2.5	3978
6	34.089802	-117.674906	1	0	0	0	4.7	1380
7	34.089047	-117.711459	2	0	0	0	7.42	16368
8	34.095767	-117.705868	1	0	0	0	2.91	13520
9	34.091259	-117.706962	1	0	0	0	4.7	1380
10	34.093764	-117.718829	1	0	0	0	1.4	5280
11	34.092383	-117.67478	1	0	0	0	5.29	8075
12	34.088767	-117.678522	2	0	0	0	9.1	6160
13	34.098472	-117.720094	1	0	0	0	3.88	13068
14	34.090313	-117.712656	1	0	0	0	3.44	17100
15	34.0905	-117.70961	2	0	0	0	10.1	5400
16	34.099586	-117.687958	1	0	0	0	4.7	1380
17	34.086673	-117.706425	1	0	0	0	0.7	2640
18	34.090835	-117.697142	1	0	0	0	4.7	1380
19	34.089797	-117.673779	1	0	0	0	4.7	1380
20	34.096266	-117.730985	2	0	0	0	6.6	2556
21	34.092283	-117.70883	1	0	0	0	4.7	1380
22	34.093777	-117.674706	1	0	0	0	7.3	3640
23	34.096803	-117.700859	8	0	0	0	41.8	48988
24	34.086092	-117.70643	1	0	0	0	0.7	2640
25	34.086187	-117.70535	2	0	0	0	6.6	2556
26	34.08963	-117.710505	1	0	0	0	1.8	2520
27	34.095716	-117.720667	1	0	0	0	0.7	2640
28	34.091533	-117.708182	1	0	0	0	4.7	1380
29	34.089948	-117.69729	2	0	0	0	6.73	21120
30	34.094494	-117.724132	1	0	0	0	1.75	4608
31	34.09371	-117.695761	3	0	0	0	7.0	15554
32	34.085217	-117.707168	1	0	0	0	4.7	1380
33	34.099077	-117.702462	2	0	0	0	3.71	8184
34	34.092327	-117.710407	1	0	0	0	3.44	17100
35	34.091136	-117.70592	1	0	0	0	14.1	4140
36	34.093291	-117.708374	2	0	0	0	5.72	8776
37	34.087998	-117.706126	2	0	0	0	12.0	5020
38	34.0962	-117.704911	1	0	0	0	4.7	1380
39	34.093172	-117.695616	1	0	0	0	4.7	1380
40	34.092735	-117.716363	1	0	0	0	0.7	2640
41	34.094942	-117.705369	1	0	0	0	4.7	1380
42	34.100632	-117.723199	1	0	0	0	4.7	1380
43	34.083534	-117.710149	1	0	0	0	4.7	1380
44	34.091418	-117.70909	2	0	0	0	9.5	7580
45	34.088705	-117.695104	1	0	0	0	0.7	2640
46	34.083193	-117.706995	1	0	0	0	7.3	3640
47	34.102202	-117.689495	1	0	0	0	1.9	1176
48	34.097785	-117.721616	1	0	0	0	0.7	2640
49	34.097619	-117.717463	1	0	0	0	2.5	3978
50	34.09577	-117.722987	1	0	0	0	2.5	3978
51	34.091574	-117.712507	2	0	0	0	18.85	2380
52	34.101151	-117.726414	2	0	0	0	9.99	9455
53	34.090555	-117.698239	2	0	0	0	7.71	6924
54	34.085548	-117.706437	1	0	0	0	2.75	9072
55	34.092378	-117.676795	1	0	0	0	1.9	1176
56	34.09724	-117.716422	1	0	0	0	4.7	1380
57	34.091458	-117.713592	1	0	0	0	1.9	1176
58	34.083376	-117.708115	1	0	0	0	1.75	4608
59	34.099501	-117.72347	1	0	0	0	9.4	2760
60	34.099641	-117.721288	1	0	0	0	4.7	1380
61	34.092098	-117.714578	1	0	0	0	2.5	3978
62	34.089546	-117.711373	1	0	0	0	4.7	1380
63	34.08245	-117.714154	1	0	0	0	4.8	6200
64	34.083008	-117.700166	1	0	0	0	0.7	2640
65	34.089748	-117.713977	4	0	0	0	13.92	31068
66	34.096773	-117.691644	2	0	0	0	3.65	5784
67	34.090578	-117.697582	1	0	0	0	1.75	4608
68	34.094667	-117.722008	1	0	0	0	7.3	3640
69	34.094316	-117.685957	1	0	0	0	4.7	1380
70	34.089781	-117.708646	2	0	0	0	4.77	14544
71	34.082853	-117.704895	1	0	0	0	4.7	1380
72	34.092127	-117.704876	2	0	0	0	5.4	4020
73	34.089772	-117.709776	1	0	0	0	4.7	1380
74	34.09821	-117.705918	2	0	0	0	2.6	3816
75	34.086214	-117.700267	1	0	0	0	9.4	2760
76	34.095687	-117.68498	1	0	0	0	4.7	1380
77	34.089404	-117.673782	1	0	0	0	4.7	1380
78	34.096421	-117.731798	1	0	0	0	3.44	17100
79	34.08254	-117.708025	1	0	0	0	0.7	2640
80	34.095053	-117.716411	2	0	0	0	2.85	3720
81	34.091777	-117.716663	1	0	0	0	14.15	1000
82	34.093406	-117.680213	1	0	0	0	1.75	4608
83	34.096141	-117.702831	2	0	0	0	6.6	2556
84	34.089106	-117.714048	2	0	0	0	6.45	5988
85	34.082672	-117.700361	1	0	0	0	4.8	6200
86	34.089445	-117.695156	1	0	0	0	4.7	1380
87	34.100916	-117.72482	1	0	0	0	0.7	2640
88	34.090924	-117.67377	5	0	0	0	17.07	22034
89	34.101167	-117.689079	2	0	0	0	12.0	5020
90	34.09955	-117.692003	3	0	0	0	23.15	12388
91	34.093775	-117.698312	2	0	0	0	12.0	5020
92	34.093449	-117.705348	1	0	0	0	4.7	1380
93	34.0912	-117.696654	1	0	0	0	4.8	6200
94	34.096153	-117.703499	1	0	0	0	1.9	1176
95	34.084473	-117.69995	1	0	0	0	4.7	1380
96	34.094533	-117.727594	2	0	0	0	4.4	5154
97	34.096456	-117.724861	3	0	0	0	9.2	15060
98	34.093663	-117.675595	2	0	0	0	5.91	14097
99	34.090782	-117.676633	1	0	0	0	2.6	14400
100	34.089556	-117.703291	1	0	0	0	4.7	1380
101	34.096196	-117.704704	1	0	0	0	4.73	10000
102	34.092517	-117.717316	2	0	0	0	5.4	4020
103	34.087046	-117.710507	1	0	0	0	7.3	3640
104	34.092617	-117.70634	1	0	0	0	4.7	1380
105	34.095212	-117.722825	2	0	0	0	8.0	6280
106	34.089158	-117.696893	1	0	0	0	0.7	2640
107	34.095396	-117.729152	1	0	0	0	4.7	1380
108	34.088717	-117.696967	2	0	0	0	9.7	9336
109	34.093022	-117.714946	3	0	0	0	19.55	5020
110	34.088624	-117.708033	2	0	0	0	5.4	4020
111	34.083771	-117.705301	1	0	0	0	9.4	2760
112	34.09745	-117.714931	1	0	0	0	0.7	2640
113	34.097447	-117.705906	1	0	0	0	4.7	1380
114	34.087292	-117.69281	8	0	0	0	65.65	46491
115	34.083176	-117.71415	1	0	0	0	0.7	2640

ITEMS
Type	Length	Width	Height	Mass	Fragility	LoadBearingStrength
Bt1	10	10	10	14.15	1	0
Bt2	18	12	5	2.15	1	0
Bt3	21	14	4	1.9	1	0
Bt4	23	15	4	4.7	1	0
Bt5	20	18	7	1.8	1	0
Bt6	15	11	16	0.7	1	0
Bt7	20	14	13	7.3	1	0
Bt8	17	13	18	2.5	1	0
Bt9	24	12	16	1.75	1	0
Bt10	28	22	9	3.01	1	0
Bt11	31	20	10	4.8	1	0
Bt12	40	19	10	3.82	1	0
Bt13	25	19	17	5.29	1	0
Bt14	30	20	15	1.76	1	0
Bt15	28	18	18	2.75	1	0
Bt16	50	20	10	4.73	1	0
Bt17	40	20	13	2.6	1	0
Bt18	53	20	10	4.67	1	0
Bt19	29	27	15	2.11	1	0
Bt20	27	22	22	3.88	1	0
Bt21	39	26	13	4.0	1	0
Bt22	26	20	26	2.91	1	0
Bt23	40	24	15	2.6	1	0
Bt24	57	15	20	3.44	1	0
Bt25	40	33	17	6.77	1	0

DEMANDS PER CUSTOMER
i	Type Quantity
1	Bt4 1	
2	Bt13 1	
3	Bt6 1	
4	Bt4 1	
5	Bt8 1	
6	Bt4 1	
7	Bt10 2	Bt6 2	
8	Bt22 1	
9	Bt4 1	
10	Bt6 2	
11	Bt13 1	
12	Bt7 1	Bt5 1	
13	Bt20 1	
14	Bt24 1	
15	Bt4 2	Bt6 1	
16	Bt4 1	
17	Bt6 1	
18	Bt4 1	
19	Bt4 1	
20	Bt4 1	Bt3 1	
21	Bt4 1	
22	Bt7 1	
23	Bt2 3	Bt4 3	Bt6 4	Bt8 1	Bt21 1	Bt3 1	Bt15 1	Bt7 1	
24	Bt6 1	
25	Bt3 1	Bt4 1	
26	Bt5 1	
27	Bt6 1	
28	Bt4 1	
29	Bt12 1	Bt22 1	
30	Bt9 1	
31	Bt3 1	Bt8 1	Bt17 1	
32	Bt4 1	
33	Bt10 1	Bt6 1	
34	Bt24 1	
35	Bt4 3	
36	Bt3 1	Bt12 1	
37	Bt7 1	Bt4 1	
38	Bt4 1	
39	Bt4 1	
40	Bt6 1	
41	Bt4 1	
42	Bt4 1	
43	Bt4 1	
44	Bt4 1	Bt11 1	
45	Bt6 1	
46	Bt7 1	
47	Bt3 1	
48	Bt6 1	
49	Bt8 1	
50	Bt8 1	
51	Bt1 1	Bt4 1	
52	Bt4 1	Bt13 1	
53	Bt10 1	Bt4 1	
54	Bt15 1	
55	Bt3 1	
56	Bt4 1	
57	Bt3 1	
58	Bt9 1	
59	Bt4 2	
60	Bt4 1	
61	Bt8 1	
62	Bt4 1	
63	Bt11 1	
64	Bt6 1	
65	Bt25 1	Bt4 1	Bt6 1	Bt9 1	
66	Bt9 1	Bt3 1	
67	Bt9 1	
68	Bt7 1	
69	Bt4 1	
70	Bt14 1	Bt10 1	
71	Bt4 1	
72	Bt4 1	Bt6 1	
73	Bt4 1	
74	Bt6 1	Bt3 1	
75	Bt4 2	
76	Bt4 1	
77	Bt4 1	
78	Bt24 1	
79	Bt6 1	
80	Bt2 1	Bt6 1	
81	Bt1 1	
82	Bt9 1	
83	Bt3 1	Bt4 1	
84	Bt9 1	Bt4 1	
85	Bt11 1	
86	Bt4 1	
87	Bt6 1	
88	Bt6 1	Bt18 1	Bt7 1	Bt8 1	Bt3 1	
89	Bt7 1	Bt4 1	
90	Bt4 3	Bt7 1	Bt9 1	
91	Bt7 1	Bt4 1	
92	Bt4 1	
93	Bt11 1	
94	Bt3 1	
95	Bt4 1	
96	Bt3 1	Bt8 1	
97	Bt4 1	Bt9 1	Bt15 1	
98	Bt3 2	Bt19 1	
99	Bt23 1	
100	Bt4 1	
101	Bt16 1	
102	Bt6 1	Bt4 1	
103	Bt7 1	
104	Bt4 1	
105	Bt7 1	Bt6 1	
106	Bt6 1	
107	Bt4 1	
108	Bt8 2	Bt4 1	
109	Bt1 1	Bt6 1	Bt4 1	
110	Bt4 1	Bt6 1	
111	Bt4 2	
112	Bt6 1	
113	Bt4 1	
114	Bt3 4	Bt1 1	Bt4 6	Bt6 5	Bt9 1	Bt10 1	Bt13 1	Bt2 1	
115	Bt6 1	

DISTANCE MATRIX
0.0 1931.4 1895.8 1951.6 1759.8 1930.0 1789.1 1966.1 2053.8 2008.4 1851.8 1819.9 1810.9 1982.1 1910.8 1948.0 1970.5 1977.6 1905.1 1771.9 1889.6 1938.6 1858.2 2105.5 1969.3 1973.4 1912.0 1925.3 2009.1 1921.9 1963.3 2027.6 1964.9 2149.4 1958.6 2025.2 2032.9 1999.9 2084.4 2000.7 1891.6 2066.2 2111.7 1852.6 2023.0 1842.3 1954.3 1998.7 1983.2 1960.8 1978.7 1949.8 2078.7 1878.0 1961.5 1833.8 1993.0 1922.0 1940.2 2078.9 2019.4 1912.1 1951.8 1803.6 1937.6 1942.4 2019.6 1909.6 1924.2 1978.3 1957.1 1985.9 2001.4 1933.7 2103.1 1893.2 1926.8 1763.1 1882.5 1914.2 1943.3 1880.3 1896.7 2124.7 1969.0 2002.5 1879.2 2113.1 1794.9 2025.6 1987.5 1927.9 2041.4 1994.9 2109.3 1939.4 1901.7 1963.5 1881.9 1901.8 1953.4 2089.9 1883.8 1875.7 2009.4 1968.4 1894.4 1935.1 1870.0 1919.7 1940.0 2049.8 1992.0 2088.9 1890.1 1767.4
2033.0 0.0 873.4 88.2 884.1 573.5 942.0 464.8 436.3 500.0 260.1 811.7 821.5 326.7 409.5 458.1 671.6 597.0 638.4 928.4 32.9 437.3 861.7 668.1 605.3 677.9 464.6 172.2 518.9 655.2 224.0 671.1 609.7 516.5 397.8 531.1 472.1 575.1 466.9 644.2 338.3 448.7 248.3 534.1 532.8 685.7 635.9 719.7 181.9 256.5 179.6 389.0 215.3 611.3 642.2 797.8 259.9 375.3 621.8 221.0 250.5 351.3 450.5 508.5 803.2 441.1 720.6 642.9 182.9 828.4 514.8 667.5 500.1 492.0 457.8 749.5 776.9 937.8 40.0 595.8 279.0 327.0 797.5 491.2 467.7 832.1 695.2 263.0 904.0 772.9 614.8 589.4 528.6 738.4 475.8 760.5 109.0 100.1 881.9 974.9 634.2 472.4 330.5 500.9 471.0 187.7 683.9 71.7 713.4 323.6 532.9 689.1 286.1 471.4 832.2 489.7
1899.5 820.9 0.0 810.7 165.5 303.9 223.4 536.6 530.9 460.7 619.0 84.8 294.9 775.5 495.5 529.9 372.5 537.2 378.2 209.8 805.8 443.7 85.3 523.3 545.5 615.1 536.4 692.5 479.6 410.9 730.5 369.7 606.6 563.4 492.4 447.9 531.2 515.3 561.5 342.8 571.0 563.3 810.5 677.6 493.5 354.4 649.1 400.7 771.8 686.1 745.9 540.8 900.8 407.6 553.3 98.7 660.7 542.3 682.7 790.1 729.6 538.8 522.3 628.6 579.5 527.1 421.6 394.6 691.4 380.3 586.6 729.8 411.4 563.8 580.2 525.8 248.9 219.2 812.9 678.2 629.8 550.8 135.5 524.5 553.7 608.4 370.0 884.5 185.4 427.6 389.5 345.7 441.2 413.2 509.1 581.1 709.2 780.7 66.6 256.3 496.0 567.0 601.6 573.4 409.2 735.6 406.5 812.4 382.1 540.0 604.7 691.5 613.3 566.0 451.3 592.4
2120.1 116.8 826.2 0.0 836.9 526.3 894.8 417.6 432.8 441.7 293.0 764.5 819.7 257.8 362.3 410.9 665.9 549.8 591.2 881.2 101.7 390.1 814.5 669.6 628.5 656.4 417.4 168.7 460.6 608.0 220.5 623.9 588.2 510.8 394.3 489.4 468.6 527.9 463.4 597.0 412.4 445.2 179.4 553.4 474.5 638.5 614.4 650.8 179.9 234.3 176.1 385.5 146.4 564.1 620.7 750.6 256.4 371.8 600.3 152.1 231.5 347.8 403.3 504.4 756.0 393.9 714.9 595.7 179.4 829.1 467.6 646.0 452.9 444.8 452.1 702.3 777.6 890.6 108.8 574.3 275.5 401.1 750.3 487.7 420.5 802.1 648.0 194.1 856.8 727.1 609.1 620.2 481.4 691.2 472.3 739.0 87.5 96.6 834.7 927.7 587.0 468.9 404.6 454.4 423.8 184.2 636.7 62.3 666.2 320.1 485.7 667.6 289.2 466.0 785.0 468.2
1732.1 771.2 158.5 753.4 0.0 327.8 107.5 560.5 554.8 484.6 543.7 82.6 129.3 674.0 519.4 553.8 396.4 486.2 428.4 90.3 761.4 467.6 120.9 547.2 477.9 482.0 560.3 617.2 503.5 416.8 655.2 393.6 473.5 587.3 516.3 471.8 555.1 507.8 585.4 366.7 594.9 587.2 834.4 544.5 517.4 336.8 516.0 424.6 675.1 652.7 670.6 564.7 924.7 431.1 470.1 96.5 684.6 566.2 549.6 814.0 753.5 562.7 546.2 495.5 446.2 551.0 445.5 444.8 616.1 404.2 598.7 596.7 435.3 587.7 604.1 401.8 272.8 81.5 754.3 545.1 635.2 574.7 159.4 548.4 577.6 511.1 373.7 908.4 71.0 451.5 413.4 369.6 465.1 445.5 533.0 448.0 651.9 683.0 144.6 141.9 488.5 590.9 575.7 567.6 433.1 660.3 388.9 806.9 364.5 563.9 631.9 558.4 637.2 589.9 468.6 459.3
1909.0 516.9 299.8 506.7 310.5 0.0 368.4 232.6 226.9 156.7 315.0 238.1 293.3 471.5 191.5 225.9 239.1 233.2 129.8 354.8 501.8 139.7 288.1 219.3 241.5 296.3 232.4 388.5 175.6 162.5 426.5 97.5 271.8 259.4 188.4 143.9 227.2 211.3 257.5 70.6 267.0 259.3 506.5 351.5 189.5 112.1 314.3 301.3 467.8 382.1 441.9 236.8 596.8 159.2 249.3 224.2 356.7 238.3 347.9 486.1 425.6 234.8 218.3 352.5 275.5 223.1 288.1 146.2 387.4 291.7 282.6 395.0 107.4 259.8 276.2 221.8 240.2 364.2 508.9 343.4 325.8 246.8 223.9 220.5 249.7 304.4 121.6 580.5 330.4 340.4 182.3 41.7 137.2 164.8 205.1 262.3 405.2 476.7 308.3 401.3 192.0 263.0 297.6 269.4 105.2 431.6 164.2 508.4 139.8 236.0 300.7 356.7 309.3 262.0 258.6 334.3
1756.0 795.1 221.3 777.3 93.9 356.7 0.0 592.1 622.8 494.9 567.6 145.4 79.1 697.9 548.3 518.9 373.5 479.5 378.2 85.4 785.3 496.5 183.7 608.4 487.8 505.9 564.9 641.1 533.5 366.6 679.1 422.5 518.1 655.3 545.2 511.7 584.0 457.6 653.4 395.6 607.4 655.2 861.5 568.4 547.4 286.6 560.6 461.0 699.0 676.6 694.5 593.6 936.3 380.9 495.6 159.3 708.8 595.1 594.2 841.1 780.6 591.6 577.8 519.4 470.1 616.1 481.9 394.6 640.0 365.1 548.5 641.3 464.2 571.9 624.9 425.7 283.7 94.8 778.2 589.7 659.1 596.1 216.3 616.4 636.1 535.0 323.5 912.8 61.0 487.9 430.6 430.8 494.0 395.3 601.0 471.9 675.8 706.9 207.4 117.0 438.3 658.9 599.6 591.5 462.0 684.2 338.7 830.8 314.3 592.8 633.2 603.0 666.1 657.9 418.4 483.2
2094.9 437.0 541.3 426.8 552.0 241.4 609.9 0.0 247.0 156.8 235.1 479.6 502.2 391.6 88.9 74.4 434.6 213.3 306.3 596.3 421.9 105.2 529.6 431.1 221.6 298.6 80.9 308.6 175.7 323.1 346.6 339.0 230.4 286.6 138.3 204.5 177.1 191.4 277.6 312.1 187.1 321.6 458.2 200.0 187.3 353.6 271.6 516.9 387.9 302.2 362.0 186.7 516.9 264.7 229.4 465.7 276.8 158.4 288.9 430.7 370.2 155.0 25.1 254.7 471.1 60.5 483.6 310.8 307.5 496.3 131.1 334.6 168.0 108.3 296.3 417.4 444.8 605.7 429.0 262.9 245.9 166.9 465.4 240.6 43.9 444.3 363.1 500.6 571.9 535.9 377.8 257.3 196.5 406.3 225.2 381.2 325.3 396.8 549.8 642.8 250.5 283.1 217.7 117.9 138.9 347.5 351.8 428.5 381.3 156.1 149.2 314.0 229.4 282.1 411.3 226.1
2128.4 419.9 519.2 407.9 529.9 219.3 587.8 210.6 0.0 116.7 293.0 457.5 512.7 327.5 169.5 187.8 301.9 242.2 284.2 574.2 404.8 117.7 507.5 298.4 250.5 327.5 210.4 269.8 135.6 301.0 304.3 316.9 259.3 146.8 166.4 147.8 205.2 220.3 30.5 290.0 245.0 47.4 362.1 300.8 149.5 331.5 300.5 348.1 323.8 238.1 319.7 214.8 452.8 257.1 258.3 443.6 221.1 216.3 320.3 341.7 281.2 212.8 196.3 347.8 449.0 201.1 350.9 288.7 265.2 474.2 217.4 366.0 145.9 237.8 49.2 395.3 422.7 583.6 411.9 294.3 163.8 224.8 443.3 107.9 227.7 477.9 341.0 436.5 549.8 403.2 245.1 235.2 174.4 384.2 92.5 435.8 383.2 331.7 527.7 620.7 279.4 36.0 244.0 247.4 116.8 309.4 329.7 411.4 359.2 162.9 278.7 342.9 165.3 35.0 478.0 304.9
2049.3 435.8 440.1 425.6 450.8 140.2 508.7 144.2 127.8 0.0 233.9 378.4 433.6 399.1 110.4 71.0 315.4 125.4 205.1 495.1 420.7 58.6 428.4 311.9 133.7 210.7 117.0 307.4 38.5 221.9 345.4 237.8 142.5 160.3 107.3 31.0 146.1 103.5 158.4 210.9 185.9 160.2 455.6 184.0 52.4 252.4 183.7 361.6 386.7 301.0 360.8 155.7 530.4 178.0 141.5 364.5 275.6 157.2 203.5 435.2 374.7 153.7 129.9 216.7 369.9 168.2 364.4 209.6 306.3 395.1 100.6 249.2 66.8 124.0 177.1 316.2 343.6 504.5 427.8 177.5 258.6 165.7 364.2 121.4 188.2 398.8 261.9 506.9 470.7 416.7 258.6 156.1 95.3 305.1 106.0 356.7 324.1 395.6 448.6 541.6 162.6 163.9 216.5 154.0 37.7 350.5 250.6 427.3 280.1 154.9 185.3 226.1 228.2 162.9 398.9 188.1
1930.7 253.5 656.2 241.5 666.9 356.3 724.8 247.6 228.0 291.7 0.0 594.5 649.7 156.3 192.3 240.9 476.9 379.8 421.2 711.2 238.4 220.1 644.5 473.4 388.1 485.0 247.4 99.5 310.6 438.0 137.5 453.9 416.8 328.9 186.3 319.4 260.6 357.9 258.6 427.0 119.3 240.4 255.6 340.6 322.2 468.5 443.0 523.1 157.4 135.0 152.9 177.5 313.2 394.1 395.9 580.6 167.2 181.8 428.9 245.9 193.6 139.8 233.3 315.0 586.0 223.9 525.9 425.7 98.4 611.2 297.6 474.6 282.9 274.8 277.3 532.3 559.7 720.6 245.5 402.9 117.5 108.0 580.3 282.9 250.5 614.9 478.0 298.0 686.8 578.2 420.7 372.2 311.4 521.2 267.5 572.8 187.3 165.3 664.7 757.7 417.0 264.1 111.5 307.4 253.8 138.4 466.7 245.0 496.2 136.4 315.7 496.2 166.2 263.1 615.0 296.8
1806.3 762.1 87.5 751.9 72.3 245.1 130.2 477.8 472.1 401.9 560.2 0.0 201.7 716.7 436.7 471.1 313.7 526.1 319.4 116.6 747.0 384.9 49.9 464.5 517.8 521.9 477.6 633.7 420.8 352.1 671.7 310.9 513.4 504.6 433.6 389.1 472.4 456.5 502.7 284.0 512.2 504.5 751.7 584.4 434.7 295.6 555.9 341.9 713.0 627.3 687.1 482.0 842.0 348.8 510.0 13.8 601.9 483.5 589.5 731.3 670.8 480.0 463.5 535.4 486.1 468.3 362.8 335.8 632.6 321.5 527.8 636.6 352.6 505.0 521.4 441.7 190.1 126.0 794.2 585.0 571.0 492.0 76.7 465.7 494.9 551.0 311.2 825.7 92.2 368.8 330.7 286.9 382.4 354.4 450.3 487.9 650.4 721.9 73.6 163.1 437.2 508.2 542.8 514.6 350.4 676.8 347.7 753.6 323.3 481.2 545.9 598.3 554.5 507.2 392.5 499.2
1762.5 801.6 213.0 783.8 128.6 277.5 83.8 512.9 543.6 415.7 574.1 151.3 0.0 704.4 469.1 439.7 294.3 400.3 299.0 98.0 791.8 417.3 201.3 529.2 408.6 491.2 485.7 647.6 454.3 287.4 685.6 343.3 438.9 576.1 466.0 432.5 504.8 378.4 574.2 316.4 544.6 576.0 782.3 503.9 465.9 207.4 481.4 381.8 705.5 683.1 701.0 514.4 857.1 301.7 416.4 137.4 634.3 515.9 515.0 761.9 701.4 512.4 498.6 525.9 460.6 536.9 402.7 315.4 646.5 285.9 469.3 562.1 385.0 492.7 545.7 406.9 204.5 89.2 784.7 510.5 603.4 524.4 137.1 537.2 556.9 489.5 244.3 833.6 121.0 408.7 350.8 351.6 414.8 316.1 521.8 478.4 682.3 713.4 221.5 200.9 359.1 579.7 606.1 522.7 382.8 690.7 259.5 837.3 235.1 513.6 554.0 523.8 586.9 578.7 339.2 489.7
2037.6 208.2 832.1 178.1 842.8 532.2 900.7 423.5 351.9 440.1 159.9 770.4 721.3 0.0 368.2 416.8 516.7 555.7 563.4 887.1 193.1 396.0 820.4 513.2 564.0 554.9 423.3 134.9 459.0 580.2 216.6 629.8 486.7 361.6 356.5 471.2 430.8 533.8 375.4 602.9 238.1 399.4 118.4 492.8 472.9 644.4 512.9 641.0 103.1 103.0 168.4 347.7 184.3 536.3 519.2 756.5 203.9 334.0 498.8 89.5 82.3 310.0 409.2 467.2 728.2 399.8 565.7 567.9 177.5 694.7 473.5 544.5 458.8 450.7 302.9 674.5 643.2 896.5 200.2 472.8 260.5 226.8 756.2 400.0 426.4 757.1 653.9 160.8 862.7 618.0 459.9 485.8 487.3 653.2 384.6 715.0 204.2 120.0 840.6 933.6 644.7 380.9 230.3 459.6 429.7 176.5 608.9 204.3 672.1 282.3 491.6 566.1 208.6 316.8 712.3 366.7
2092.0 364.3 482.8 354.1 493.5 182.9 551.4 66.1 188.5 98.3 162.4 421.1 476.3 318.9 0.0 67.5 376.1 206.4 247.8 537.8 349.2 46.7 471.1 372.6 214.7 291.7 74.0 235.9 117.2 264.6 273.9 280.5 223.5 221.0 79.8 146.0 118.6 184.5 219.1 253.6 114.4 248.9 385.5 193.1 131.1 295.1 264.7 458.4 315.2 229.5 289.3 119.0 444.2 220.7 222.5 407.2 204.1 85.7 282.0 358.0 297.5 82.3 51.8 247.8 412.6 31.5 425.1 252.3 234.8 437.8 124.2 327.7 109.5 101.4 237.8 358.9 386.3 547.2 356.3 256.0 173.2 94.2 406.9 182.1 58.1 441.5 304.6 427.9 513.4 477.4 319.3 198.8 138.0 347.8 166.7 399.4 252.6 324.1 491.3 584.3 243.6 224.6 145.0 111.0 80.4 279.0 293.3 355.8 322.8 83.4 142.3 307.1 156.7 223.6 441.6 219.2
2022.9 409.0 513.3 398.8 524.0 213.4 581.9 73.1 208.3 80.4 207.1 451.6 427.7 363.6 105.1 0.0 395.9 138.8 278.3 568.3 393.9 77.2 501.6 392.4 147.1 224.1 45.9 280.6 147.7 295.1 318.6 311.0 155.9 240.8 110.3 97.2 149.1 116.9 238.9 284.1 159.1 240.7 430.2 165.0 161.6 325.6 197.1 488.9 359.9 274.2 334.0 158.7 488.9 251.2 154.9 437.7 248.8 130.4 216.9 402.7 342.2 127.0 58.8 219.7 366.7 97.1 444.9 282.8 279.5 468.3 56.6 262.6 140.0 73.3 257.6 313.0 416.8 577.7 401.0 190.9 217.9 138.9 437.4 201.9 117.1 369.8 268.8 472.6 543.9 497.2 339.7 229.3 168.5 378.3 186.5 306.7 297.3 368.8 521.8 614.8 176.0 244.4 189.7 82.9 110.9 323.7 323.8 400.5 277.6 128.1 114.2 226.9 201.4 243.4 336.8 191.1
2034.2 626.8 337.6 614.8 348.3 247.5 406.2 411.1 286.9 317.2 493.5 275.9 292.7 431.4 370.0 388.3 0.0 418.0 295.5 392.6 611.7 318.2 325.9 267.3 426.3 481.1 410.9 522.8 336.1 312.3 558.2 313.3 456.6 240.4 366.9 346.7 405.7 396.1 317.5 286.4 445.5 319.3 487.9 501.3 350.0 280.0 499.1 86.2 530.7 412.0 573.6 415.3 562.7 268.4 434.1 262.0 398.1 416.8 532.7 467.5 407.0 413.3 396.8 563.5 460.3 401.6 189.5 300.0 519.1 283.7 417.9 579.8 310.2 438.3 251.3 406.6 202.3 402.0 618.8 528.2 417.7 425.3 261.7 277.1 428.2 489.2 316.9 539.2 368.2 103.9 57.0 217.9 340.0 388.7 261.7 447.1 583.7 538.6 346.1 439.1 376.8 323.0 476.1 447.9 308.0 563.3 332.1 641.2 307.7 414.5 479.2 541.5 356.0 265.2 376.9 527.3
1996.5 554.6 539.7 544.4 500.9 259.0 456.1 215.9 246.6 118.7 352.7 478.0 372.2 517.9 247.9 142.7 434.2 0.0 207.8 470.3 539.5 177.4 528.0 430.7 8.2 90.8 188.7 426.2 157.3 224.6 464.2 356.6 38.5 279.1 226.1 135.5 264.9 22.2 277.2 329.7 304.7 279.0 574.4 160.6 171.2 298.0 81.0 490.2 505.5 419.8 479.6 274.5 649.2 180.7 16.0 464.1 394.4 276.0 114.6 554.0 493.5 272.5 201.6 193.3 247.5 239.9 483.2 212.3 425.1 476.2 172.3 161.7 182.0 195.7 295.9 257.5 424.7 461.5 546.6 110.1 377.4 284.5 463.8 240.2 259.9 236.5 213.3 625.7 493.3 535.5 377.4 230.6 214.1 303.0 224.8 173.4 442.9 514.4 548.2 573.2 130.4 282.7 335.3 183.7 156.5 469.3 246.5 546.1 222.1 273.7 248.0 123.4 347.0 281.7 281.3 164.7
1935.6 583.1 376.7 572.9 387.4 92.0 376.5 298.8 293.1 225.0 381.2 315.0 292.6 498.2 257.7 249.0 287.3 209.6 0.0 431.7 568.0 205.9 365.0 267.5 217.9 272.7 295.0 454.7 241.8 32.6 492.7 189.6 248.2 311.4 254.6 241.8 293.4 187.7 323.7 162.7 333.2 325.5 554.7 313.2 255.7 111.4 290.7 349.5 534.0 448.3 508.1 303.0 629.5 29.3 225.7 301.1 422.9 304.5 324.3 534.3 473.8 301.0 284.5 345.9 251.9 289.3 336.3 16.3 453.6 339.9 278.6 371.4 173.6 302.0 318.1 198.2 288.4 441.1 575.1 319.8 392.0 313.0 300.8 286.7 315.9 280.8 74.9 606.0 407.3 388.6 230.5 89.9 203.4 89.7 271.3 238.7 471.4 542.9 385.2 478.2 168.4 329.2 363.8 332.0 171.4 497.8 45.4 574.6 91.8 302.2 363.3 333.1 375.5 328.2 185.9 317.3
1738.7 777.8 202.8 760.0 75.4 372.1 71.4 606.2 599.1 509.0 550.3 126.9 93.2 680.6 563.7 533.0 387.6 493.6 392.3 0.0 768.0 511.9 165.2 591.5 501.9 488.6 579.0 623.8 547.6 380.7 661.8 437.9 480.1 631.6 560.6 525.8 599.4 471.7 629.7 411.0 590.1 631.5 779.9 551.1 561.5 300.7 522.6 475.1 681.7 659.3 677.2 609.0 837.5 395.0 476.7 140.8 691.5 610.5 556.2 855.2 794.7 607.0 591.9 502.1 452.8 595.3 496.0 408.7 622.7 379.2 562.6 603.3 479.6 586.0 648.4 408.4 297.8 9.3 760.9 551.7 641.8 578.8 203.7 592.7 621.9 517.7 337.6 822.3 22.9 502.0 444.7 413.9 509.4 409.4 577.3 454.6 658.5 689.6 188.9 133.4 452.4 635.2 582.3 574.2 477.4 666.9 352.8 813.5 328.4 608.2 638.5 565.0 681.5 634.2 432.5 465.9
2000.0 41.7 847.1 61.9 857.8 547.2 915.7 438.5 410.0 473.7 233.8 785.4 795.2 300.4 383.2 431.8 645.3 570.7 612.1 902.1 0.0 411.0 835.4 641.8 579.0 651.6 438.3 145.9 492.6 628.9 197.7 644.8 583.4 497.3 371.5 504.8 445.8 548.8 440.6 617.9 312.0 422.4 222.0 507.8 504.2 659.4 609.6 693.4 155.6 230.2 153.3 362.7 189.0 585.0 615.9 771.5 233.6 349.0 595.5 194.7 224.2 325.0 424.2 482.2 776.9 414.8 694.3 616.6 156.6 802.1 488.5 641.2 473.8 465.7 431.5 723.2 750.6 911.5 7.0 569.5 252.7 300.7 771.2 464.9 441.4 805.8 668.9 236.7 877.7 746.6 588.5 563.1 502.3 712.1 449.5 734.2 82.7 73.8 855.6 948.6 607.9 446.1 304.2 474.6 444.7 161.4 657.6 45.4 687.1 297.3 506.6 645.7 259.8 445.1 805.9 463.4
2045.2 377.1 436.0 366.9 446.7 136.1 504.6 92.8 141.7 51.5 175.2 374.3 429.5 331.7 51.7 86.1 329.3 177.0 201.0 491.0 362.0 0.0 424.3 325.8 185.3 262.3 92.6 248.7 70.4 217.8 286.7 233.7 194.1 174.2 48.6 99.2 87.4 155.1 172.3 206.8 127.2 261.7 398.3 211.7 84.3 248.3 235.3 411.6 328.0 242.3 302.1 97.0 457.0 173.9 193.1 360.4 216.9 98.5 255.1 370.8 310.3 95.0 78.5 212.7 365.8 83.3 378.3 205.5 247.6 391.0 142.8 300.8 62.7 120.0 191.0 312.1 339.5 500.4 369.1 229.1 186.0 107.0 360.1 135.3 109.9 394.7 257.8 440.7 466.6 430.6 272.5 152.0 91.2 301.0 119.9 352.6 265.4 336.9 444.5 537.5 282.3 177.8 157.8 129.6 33.6 291.8 246.5 368.6 276.0 96.2 160.9 277.7 169.5 176.8 394.8 194.5
1860.8 808.3 64.2 798.1 126.8 291.3 184.7 524.0 518.3 448.1 606.4 46.1 256.2 762.9 482.9 517.3 359.9 524.6 365.6 171.1 793.2 431.1 0.0 510.7 572.3 576.4 523.8 679.9 467.0 398.3 717.9 357.1 567.9 550.8 479.8 435.3 518.6 502.7 548.9 330.2 558.4 550.7 797.9 638.9 480.9 341.8 610.4 388.1 759.2 673.5 733.3 528.2 888.2 395.0 564.5 60.0 648.1 529.7 644.0 777.5 717.0 526.2 509.7 589.9 540.6 514.5 409.0 382.0 678.8 367.7 574.0 691.1 398.8 551.2 567.6 496.2 236.3 180.5 800.3 639.5 617.2 538.2 122.9 511.9 541.1 605.5 357.4 871.9 146.7 415.0 376.9 333.1 428.6 400.6 496.5 542.4 696.6 768.1 50.3 217.6 483.4 554.4 589.0 560.8 396.6 723.0 393.9 799.8 369.5 527.4 592.1 652.8 600.7 553.4 438.7 553.7
2128.0 595.2 498.5 659.5 509.2 198.6 567.1 385.4 255.3 309.5 467.8 436.8 485.3 399.8 344.3 378.7 250.9 368.0 245.5 553.5 580.1 292.5 486.8 0.0 376.3 431.1 385.2 491.2 328.4 262.3 526.6 296.2 406.6 145.4 341.2 296.7 380.0 346.1 285.9 269.3 419.8 287.7 456.3 471.6 340.0 310.8 449.1 297.1 499.1 380.4 542.0 389.6 531.1 218.4 384.1 422.9 366.5 391.1 482.7 435.9 375.4 387.6 371.1 504.3 410.3 375.9 299.9 250.0 487.5 376.8 435.4 529.8 260.2 412.6 219.7 356.6 325.3 562.9 587.2 478.2 386.1 399.6 422.6 373.3 402.5 439.2 320.3 507.6 529.1 352.2 194.7 167.9 290.0 335.3 357.9 397.1 558.0 507.0 507.0 600.0 326.8 291.4 450.4 422.2 258.0 531.7 291.0 609.6 337.4 388.8 453.5 491.5 324.4 233.6 394.4 475.7
1988.2 562.9 548.0 552.7 509.2 267.3 464.4 224.2 254.9 127.0 361.0 486.3 380.5 526.2 256.2 151.0 442.5 8.2 216.1 478.6 547.8 185.7 536.3 439.0 0.0 82.5 211.7 434.5 165.6 232.9 472.5 364.9 30.2 287.4 234.4 143.8 273.2 30.5 285.5 338.0 313.0 287.3 582.7 152.3 179.5 306.3 72.7 498.5 513.8 428.1 487.9 282.8 657.5 189.0 7.7 472.4 402.7 284.3 106.3 562.3 501.8 280.8 209.9 185.0 239.2 248.2 491.5 220.6 433.4 484.5 180.6 153.4 190.3 204.0 304.2 265.8 433.0 469.8 554.9 101.8 385.7 292.8 472.1 248.5 268.2 228.2 221.6 634.0 501.6 543.8 385.7 238.9 222.4 311.3 233.1 165.1 451.2 522.7 556.5 581.5 138.7 291.0 343.6 175.4 164.8 477.6 254.8 554.4 230.4 282.0 239.7 115.1 355.3 290.0 289.6 156.4
1982.6 607.1 611.4 596.9 562.1 311.5 517.3 268.4 299.1 171.2 405.2 549.7 433.4 570.4 300.4 195.2 486.7 61.1 269.0 531.5 592.0 229.9 599.7 483.2 52.8 0.0 229.9 478.7 209.8 285.8 516.7 409.1 48.4 338.7 278.6 188.0 317.4 83.4 329.7 382.2 357.2 331.5 626.9 170.5 221.4 359.2 90.9 532.9 558.0 472.3 532.1 327.0 701.7 241.9 45.0 535.8 446.9 328.5 124.5 606.5 546.0 325.0 254.1 203.2 233.6 292.4 535.7 273.5 477.6 537.4 224.8 171.6 234.5 248.2 348.4 318.7 485.9 522.7 599.1 120.0 429.9 337.0 535.5 292.7 312.4 222.6 274.5 678.2 554.5 588.0 429.9 291.8 266.6 364.2 277.3 159.5 495.4 566.9 619.9 634.4 191.6 335.2 387.8 193.6 209.0 521.8 307.7 598.6 283.3 326.2 257.9 120.7 399.5 334.2 342.5 174.6
2013.9 425.5 529.8 415.3 540.5 229.9 598.4 89.6 235.5 145.3 223.6 468.1 463.7 380.1 121.6 35.9 423.1 174.8 294.8 584.8 410.4 93.7 518.1 419.6 183.1 260.1 0.0 297.1 164.2 311.6 335.1 327.5 191.9 268.0 126.8 133.2 165.6 152.9 266.1 300.6 175.6 310.1 446.7 119.0 178.1 342.1 222.0 505.4 376.4 290.7 350.5 175.2 505.4 267.7 190.9 454.2 265.3 146.9 207.9 419.2 358.7 143.5 75.3 173.7 402.7 113.6 472.1 299.3 296.0 484.8 45.0 253.6 156.5 21.6 284.8 349.0 433.3 594.2 417.5 181.9 234.4 155.4 453.9 229.1 133.6 405.8 351.6 489.1 560.4 524.4 366.3 245.8 185.0 394.8 213.7 342.7 313.8 385.3 538.3 631.3 212.0 271.6 206.2 36.9 127.4 340.2 340.3 417.0 369.8 144.6 68.2 275.2 217.9 270.6 372.8 145.1
1987.9 172.4 722.2 160.4 732.9 422.3 790.8 313.6 264.0 327.7 110.2 660.5 671.6 214.7 258.3 306.9 512.9 445.8 487.2 777.2 157.3 328.7 710.5 509.4 454.1 527.3 313.4 0.0 346.6 504.0 94.7 519.9 459.1 357.8 246.6 358.8 320.9 423.9 294.6 493.0 188.4 276.4 219.6 382.9 360.5 534.5 485.3 559.1 95.5 131.5 110.1 237.8 287.5 460.1 491.6 646.6 134.9 224.1 471.2 177.5 183.5 200.1 299.3 357.3 652.0 289.9 561.9 491.7 55.6 677.2 363.6 516.9 348.9 340.8 313.3 598.3 625.7 786.6 164.4 445.2 131.7 177.1 646.3 318.9 316.5 680.9 544.0 259.9 752.8 614.2 456.1 438.2 377.4 587.2 303.5 609.9 161.1 84.2 730.7 823.7 483.0 300.1 180.6 349.7 319.8 99.8 532.7 163.9 562.2 172.4 381.7 538.5 161.1 299.1 681.0 339.1
2082.5 469.0 473.3 458.8 484.0 173.4 541.9 177.1 161.0 32.8 267.1 411.6 466.8 432.3 209.1 103.9 348.6 158.3 238.3 528.3 453.9 91.8 461.6 345.1 166.6 243.6 149.9 340.6 0.0 255.1 378.6 271.0 175.4 193.5 140.5 63.9 179.3 136.4 191.6 244.1 219.1 193.4 488.8 216.9 13.8 285.6 216.6 394.8 419.9 334.2 394.0 188.9 563.6 211.2 174.4 397.7 308.8 190.4 236.4 468.4 407.9 186.9 162.8 249.6 403.1 201.1 397.6 242.8 339.5 428.3 133.5 282.1 100.0 156.9 210.3 349.4 376.8 537.7 461.0 210.4 291.8 198.9 397.4 154.6 221.1 432.0 295.1 540.1 503.9 449.9 291.8 189.3 128.5 338.3 139.2 326.2 357.3 428.8 481.8 574.8 195.5 197.1 249.7 186.9 70.9 383.7 283.8 460.5 313.3 188.1 218.2 259.0 261.4 196.1 356.3 221.0
1956.7 608.3 397.8 598.1 408.5 117.2 397.6 319.0 349.7 221.8 406.4 336.1 313.7 523.4 282.9 245.8 312.5 206.4 21.0 452.8 593.2 231.1 386.1 292.7 214.7 297.3 291.8 479.9 260.4 0.0 517.9 214.8 245.0 336.6 279.8 238.6 318.6 184.5 380.3 187.9 358.4 382.1 579.9 310.0 272.0 132.5 287.5 374.7 559.2 473.5 533.3 328.2 654.7 54.6 222.5 322.2 448.1 329.7 321.1 559.5 499.0 326.2 304.7 342.7 266.7 343.0 361.5 41.5 478.8 365.1 275.4 368.2 285.1 298.8 343.3 213.0 313.6 462.2 600.3 316.6 417.2 338.2 321.9 343.3 363.0 295.6 96.0 631.2 428.4 413.8 256.3 115.1 228.6 110.8 327.9 253.5 496.6 568.1 406.3 499.3 165.2 385.8 389.0 328.8 196.6 523.0 51.3 599.8 112.9 327.4 360.1 329.9 400.7 384.8 207.0 314.1
2013.1 229.3 747.4 217.3 758.1 447.5 816.0 338.8 289.2 352.9 135.4 685.7 696.8 298.8 283.5 332.1 538.1 471.0 512.4 802.4 214.2 353.9 735.7 534.6 479.3 552.5 338.6 105.4 371.8 529.2 0.0 545.1 484.3 383.0 271.8 384.0 346.1 449.1 319.8 518.2 213.6 301.6 276.5 408.1 385.7 559.7 510.5 584.3 171.8 215.6 69.5 263.0 344.4 485.3 516.8 671.8 219.0 249.3 496.4 234.4 240.4 225.3 324.5 382.5 677.2 315.1 587.1 516.9 40.5 702.4 388.8 542.1 374.1 366.0 338.5 623.5 650.9 811.8 221.3 470.4 178.7 202.3 671.5 344.1 341.7 706.1 569.2 316.8 778.0 639.4 481.3 463.4 402.6 612.4 328.7 635.1 287.7 141.1 755.9 848.9 508.2 325.3 205.8 374.9 345.0 52.9 557.9 220.8 587.4 197.6 406.9 563.7 227.4 324.3 706.2 364.3
1999.0 618.7 389.8 608.5 400.5 101.7 458.4 334.4 328.7 258.5 416.8 328.1 383.3 573.3 293.3 327.7 340.9 335.0 219.8 444.8 603.6 241.5 378.1 321.1 343.3 398.1 334.2 490.3 277.4 252.5 528.3 0.0 373.6 368.3 290.2 245.7 329.0 313.1 359.3 59.1 368.8 361.1 608.3 453.3 289.0 202.1 416.1 403.1 569.6 483.9 543.7 338.6 698.6 185.4 351.1 314.2 458.5 340.1 449.7 587.9 527.4 336.6 320.1 454.3 377.3 324.9 389.9 236.2 489.2 393.5 384.4 496.8 209.2 361.6 378.0 323.6 342.0 454.2 610.7 445.2 427.6 348.6 313.9 322.3 351.5 406.2 211.6 682.3 420.4 442.2 284.1 143.5 239.0 254.8 306.9 364.1 507.0 578.5 398.3 491.3 293.8 364.8 399.4 371.2 207.0 529.2 254.2 610.2 229.8 337.8 402.5 458.5 411.1 363.8 348.6 436.1
1973.8 558.6 562.9 548.4 573.6 263.0 504.7 219.9 250.6 122.7 356.7 501.2 420.8 521.9 251.9 146.7 438.2 48.5 256.4 518.9 543.5 181.4 551.2 434.7 40.2 68.1 181.4 430.2 161.3 273.2 468.2 360.6 0.0 283.1 230.1 139.5 268.9 70.8 281.2 333.7 308.7 283.0 578.4 122.0 175.2 346.6 41.1 484.4 509.5 423.8 483.6 278.5 653.2 229.3 32.4 487.3 398.4 280.0 74.7 558.0 497.5 276.5 205.6 154.7 224.8 243.9 487.2 260.9 429.1 517.9 176.3 121.8 186.0 199.7 299.9 306.1 466.4 510.1 550.6 70.2 381.4 288.5 487.0 244.2 263.9 213.8 261.9 629.7 541.9 539.5 381.4 278.9 218.1 351.6 228.8 150.7 446.9 518.4 571.4 664.4 179.0 286.7 339.3 145.1 160.5 473.3 295.1 550.1 270.7 277.7 209.4 83.5 351.0 285.7 329.9 126.1
2118.3 554.9 492.3 653.3 503.0 192.4 560.9 386.4 215.0 303.3 468.8 430.6 486.3 359.5 338.1 379.7 192.6 361.8 239.3 547.3 547.0 286.3 480.6 196.3 370.1 424.9 379.0 535.1 322.2 256.1 573.1 297.2 400.4 0.0 335.0 297.7 381.0 347.1 245.6 263.1 413.6 247.4 416.0 465.4 333.8 304.6 442.9 238.8 458.8 340.1 588.5 390.6 490.8 197.7 377.9 416.7 326.2 384.9 476.5 402.8 335.1 381.4 364.9 498.1 404.1 376.9 248.8 243.8 534.0 370.6 436.4 523.6 261.2 406.4 186.6 357.6 319.1 556.7 546.9 472.0 345.8 393.4 416.4 374.3 403.5 433.0 314.1 467.3 530.1 301.1 135.8 168.9 283.8 329.1 351.7 390.9 559.0 473.9 500.8 593.8 320.6 251.1 451.4 416.0 251.8 574.0 284.8 569.3 338.4 389.8 448.1 472.7 284.1 193.3 395.4 469.5
2012.4 391.7 491.5 386.8 502.2 191.6 560.1 112.7 216.9 107.0 175.1 429.8 485.0 299.3 71.6 106.0 384.8 244.9 256.5 546.5 376.6 55.4 479.8 381.3 253.2 330.2 112.5 259.6 125.9 273.3 294.1 289.2 262.0 229.7 0.0 154.7 74.2 223.0 247.5 262.3 105.5 229.3 365.9 231.6 139.8 303.8 303.2 467.1 295.6 209.9 309.5 48.3 424.6 229.4 261.0 415.9 184.5 74.3 320.5 338.4 277.9 46.3 98.4 239.9 421.3 103.2 433.8 261.0 255.0 446.5 162.7 366.2 118.2 139.9 266.2 367.6 395.0 555.9 383.7 294.5 153.6 114.2 415.6 190.8 129.8 450.2 313.3 408.3 522.1 486.1 328.0 207.5 146.7 356.5 175.4 408.1 285.3 303.5 500.0 593.0 337.8 253.0 118.1 149.5 89.1 299.2 302.0 383.2 331.5 63.8 180.8 345.6 137.1 252.0 450.3 221.7
2053.2 461.9 444.0 451.7 454.7 144.1 512.6 176.0 153.9 26.0 260.0 382.3 437.5 425.2 136.5 102.8 341.5 157.2 209.0 499.0 446.8 84.7 432.3 338.0 165.5 242.5 148.8 333.5 64.6 225.8 371.5 241.7 174.3 193.5 133.4 0.0 172.2 135.3 184.5 214.8 212.0 186.3 481.7 215.8 76.2 256.3 215.5 387.7 412.8 327.1 386.9 181.8 556.5 181.9 173.3 368.4 301.7 183.3 235.3 461.3 400.8 179.8 161.7 248.5 373.8 168.1 390.5 213.5 332.4 399.0 132.4 281.0 46.4 155.8 203.2 320.1 347.5 508.4 453.9 209.3 284.7 191.8 368.1 147.5 194.7 402.7 265.8 533.0 474.6 442.8 284.7 160.0 120.5 309.0 132.1 360.6 350.2 421.7 452.5 545.5 290.3 190.0 242.6 185.8 63.8 376.6 254.5 453.4 284.0 181.0 217.1 257.9 254.3 189.0 402.8 219.9
2044.1 438.9 523.2 418.5 533.9 223.3 591.8 144.4 264.1 138.7 222.3 461.5 516.7 346.5 103.3 137.7 416.5 276.6 288.2 578.2 423.8 87.1 511.5 413.0 284.9 361.9 144.2 306.8 157.6 305.0 341.3 320.9 293.7 268.5 47.1 186.4 0.0 254.7 294.7 294.0 152.7 276.5 413.1 263.3 169.2 335.5 334.9 498.8 342.8 257.1 356.7 95.5 471.8 261.1 292.7 447.6 231.7 121.5 352.2 385.6 325.1 93.5 130.1 287.1 453.0 134.9 465.5 292.7 302.2 478.2 194.4 397.9 149.9 171.6 313.4 399.3 426.7 587.6 430.9 326.2 200.8 158.6 447.3 222.5 161.5 481.9 345.0 455.5 553.8 517.8 360.3 239.2 178.4 388.2 207.1 439.8 317.0 350.7 531.7 624.7 369.5 300.2 165.3 181.2 120.8 346.4 333.7 430.4 363.2 111.0 212.5 377.3 184.3 299.2 482.0 268.9
1992.9 532.3 517.4 522.1 478.6 236.7 433.8 193.6 224.3 96.4 330.4 455.7 349.9 495.6 225.6 120.4 411.9 21.8 185.5 448.0 517.2 155.1 505.7 408.4 30.1 112.7 166.4 403.9 135.0 202.3 441.9 334.3 60.4 256.8 203.8 113.2 242.6 0.0 254.9 307.4 282.4 256.7 552.1 182.5 146.6 275.7 102.9 467.9 483.2 397.5 457.3 252.2 626.9 152.6 37.9 441.8 372.1 253.7 136.5 531.7 471.2 250.2 179.3 215.2 269.4 217.6 460.9 190.0 402.8 453.9 150.0 183.6 159.7 173.4 273.6 235.2 402.4 439.2 524.3 132.0 355.1 262.2 441.5 217.9 237.6 258.4 191.0 603.4 471.0 513.2 355.7 208.3 191.8 280.7 202.5 195.3 420.6 492.1 525.9 550.9 108.1 260.4 313.0 205.6 134.2 442.8 224.2 523.8 199.8 251.4 234.7 145.3 324.7 259.4 259.0 186.6
2164.6 456.1 555.4 444.1 566.1 255.5 624.0 246.8 36.1 152.9 329.2 493.7 548.9 308.5 205.7 224.0 328.4 278.4 320.4 610.4 441.0 153.9 543.7 324.9 286.7 363.7 246.6 306.0 171.8 337.2 340.5 353.1 295.5 173.3 202.6 184.0 241.4 256.5 0.0 326.2 281.2 83.6 365.0 337.0 185.7 367.7 336.7 374.6 360.0 274.3 355.9 251.0 439.8 293.3 294.5 479.8 257.3 252.5 356.5 344.6 284.1 249.0 232.5 384.0 485.2 237.3 377.4 324.9 301.4 506.4 253.6 402.2 182.1 274.0 58.3 431.5 454.9 619.8 448.1 330.5 200.0 261.0 479.5 144.1 263.9 514.1 377.2 416.3 586.0 429.7 271.6 271.4 210.6 420.4 128.7 472.0 419.4 367.9 563.9 656.9 315.6 5.4 280.2 283.6 153.0 345.6 365.9 447.6 395.4 199.1 314.9 379.1 201.5 44.1 514.2 341.1
1972.1 591.8 362.9 581.6 373.6 74.8 431.5 307.5 301.8 231.6 389.9 301.2 356.4 546.4 266.4 300.8 314.0 308.1 192.9 417.9 576.7 214.6 351.2 294.2 316.4 371.2 307.3 463.4 250.5 225.6 501.4 39.1 346.7 334.3 263.3 218.8 302.1 286.2 332.4 0.0 341.9 334.2 581.4 426.4 264.4 175.2 389.2 376.2 542.7 457.0 516.8 311.7 671.7 158.5 324.2 287.3 431.6 313.2 422.8 561.0 500.5 309.7 293.2 427.4 350.4 298.0 363.0 209.3 462.3 366.6 357.5 469.9 182.3 334.7 351.1 296.7 315.1 427.3 583.8 418.3 400.7 321.7 287.0 295.4 324.6 379.3 184.7 655.4 393.5 415.3 257.2 116.6 212.1 227.9 280.0 337.2 480.1 551.6 371.4 464.4 266.9 337.9 372.5 344.3 180.1 506.5 227.3 583.3 202.9 310.9 375.6 431.6 384.2 336.9 321.7 409.2
1964.8 326.7 577.4 342.5 588.1 277.5 646.0 168.8 222.4 192.9 99.2 515.7 570.9 229.5 113.5 162.1 471.3 301.0 342.4 632.4 311.6 141.3 565.7 467.8 309.3 415.3 168.6 172.7 211.8 359.2 210.7 375.1 347.1 316.2 116.6 240.6 190.9 279.1 253.0 348.2 0.0 234.8 371.4 270.9 225.7 389.7 373.3 517.5 230.6 208.2 226.1 107.8 430.1 315.3 317.1 501.8 190.0 112.1 359.2 343.9 283.4 70.1 154.5 245.3 507.2 145.1 520.3 346.9 171.6 532.4 218.8 404.9 204.1 196.0 271.7 453.5 480.9 641.8 318.7 333.2 159.1 20.3 501.5 277.3 171.7 536.1 399.2 413.8 608.0 572.6 414.5 293.4 232.6 442.4 261.9 494.0 241.0 238.5 585.9 678.9 338.2 258.5 42.2 205.6 175.0 215.8 387.9 318.2 417.4 70.8 236.9 426.5 142.6 257.5 536.2 227.1
2137.2 448.7 528.0 436.7 538.7 228.1 596.6 219.4 43.8 125.5 301.8 466.3 521.5 356.3 178.3 196.6 310.7 251.0 293.0 583.0 433.6 126.5 516.3 307.2 259.3 336.3 219.2 298.6 144.4 309.8 333.1 325.7 268.1 155.6 175.2 156.6 214.0 229.1 74.4 298.8 253.8 0.0 422.9 309.6 158.3 340.3 309.3 356.9 352.6 266.9 348.5 223.6 481.6 265.9 267.1 452.4 249.9 225.1 329.1 385.6 325.1 221.6 205.1 339.3 457.8 209.9 359.7 297.5 294.0 483.0 226.2 374.8 154.7 246.6 93.1 404.1 431.5 592.4 440.7 303.1 192.6 233.6 452.1 116.7 236.5 486.7 349.8 465.3 558.6 412.0 253.9 244.0 183.2 393.0 101.3 444.6 392.0 360.5 536.5 629.5 288.2 79.9 284.4 256.2 125.6 338.2 338.5 440.2 368.0 191.7 287.5 351.7 194.1 78.9 486.8 313.7
2105.0 243.2 829.8 190.5 840.5 529.9 898.4 421.2 349.6 437.8 227.3 768.1 788.7 110.9 365.9 414.5 514.4 553.4 561.1 884.8 228.1 393.7 818.1 510.9 561.7 634.9 421.0 202.3 456.7 577.9 284.0 627.5 566.7 359.3 354.2 468.9 428.5 531.5 373.1 600.6 348.5 397.1 0.0 490.5 470.6 642.1 592.9 609.7 139.3 201.1 240.8 345.4 123.8 534.0 599.2 754.2 186.6 331.7 578.8 33.6 80.0 307.7 406.9 464.9 725.9 397.5 563.4 565.6 244.9 692.4 471.2 624.5 456.5 448.4 300.6 672.2 640.9 894.2 235.2 552.8 243.2 294.2 753.9 397.7 424.1 754.8 651.6 79.6 860.4 615.7 457.6 483.5 485.0 650.9 382.3 712.7 216.6 156.2 838.3 931.3 642.4 378.6 297.7 457.3 427.4 289.1 606.6 216.7 669.8 280.0 489.3 646.1 206.3 314.5 710.0 446.7
1973.6 543.9 648.0 531.9 658.7 348.1 610.0 207.8 369.1 263.5 327.8 586.3 526.1 451.5 213.5 154.1 539.1 204.1 361.7 703.0 528.8 211.9 636.3 535.6 195.8 223.7 118.1 411.8 282.4 378.5 446.3 445.7 155.5 384.0 261.4 240.4 283.8 215.3 399.7 418.8 268.5 381.5 518.1 0.0 296.3 460.3 181.7 623.6 447.8 362.1 461.7 251.6 576.8 334.6 188.0 572.4 336.7 218.3 167.6 490.6 430.1 214.9 193.5 133.4 380.4 231.8 588.1 366.2 407.2 603.0 163.2 213.3 274.7 139.8 418.4 411.4 551.5 615.4 535.9 141.6 305.8 248.3 572.1 345.1 251.8 369.4 367.2 560.5 678.6 640.4 482.3 364.0 303.2 513.0 329.7 306.3 403.2 455.7 656.5 749.5 274.4 405.2 288.3 81.8 245.6 451.4 400.4 535.4 376.0 216.0 146.1 234.9 289.3 404.2 435.2 104.8
2099.4 485.9 490.2 475.7 500.9 190.3 558.8 194.0 177.9 49.7 281.2 428.5 480.9 449.2 226.0 120.8 365.5 175.2 255.2 545.2 468.0 108.7 478.5 362.0 183.5 257.7 166.8 357.5 16.9 272.0 395.5 285.1 192.3 217.5 157.4 80.8 193.4 153.3 208.5 261.0 236.0 210.3 505.7 233.8 0.0 302.5 233.5 411.7 436.8 351.1 410.9 203.0 577.7 213.6 191.3 414.6 325.7 207.3 253.3 482.5 424.8 203.8 179.7 266.5 420.0 218.0 411.7 259.7 356.4 445.2 147.6 299.0 114.1 173.8 224.4 363.5 393.7 554.6 477.9 227.3 305.9 215.8 414.3 168.7 235.2 448.9 312.0 557.0 520.8 464.0 305.9 203.4 145.4 355.2 156.1 343.1 371.4 442.9 498.7 591.7 212.4 214.0 266.6 203.8 87.8 396.4 300.7 477.4 330.2 202.2 235.9 263.3 278.3 213.0 370.4 237.9
1883.6 637.3 391.1 627.1 401.8 146.2 324.5 305.4 336.1 208.2 435.4 329.4 240.6 552.4 337.4 232.2 341.5 192.8 91.5 338.7 622.2 260.1 379.4 321.7 201.1 283.7 278.2 508.9 246.8 79.9 546.9 243.8 231.4 368.6 308.8 225.0 347.6 170.9 366.7 216.9 387.4 368.5 608.9 296.4 260.7 0.0 273.9 403.7 588.2 502.5 562.3 357.2 683.7 94.2 208.9 315.5 477.1 358.7 307.5 588.5 528.0 355.2 291.1 329.1 253.1 329.4 390.5 107.9 507.8 346.1 261.8 354.6 271.5 285.2 385.4 199.4 294.6 329.9 629.3 303.0 446.2 367.2 315.2 329.7 349.4 282.0 36.8 660.2 421.7 442.8 284.7 144.1 257.6 108.6 314.3 239.9 525.6 597.1 399.6 492.6 151.6 372.2 418.0 315.2 246.0 552.0 52.0 628.8 27.6 356.4 346.5 316.3 429.7 371.2 131.7 300.5
2009.7 634.9 617.5 603.0 628.2 317.6 540.6 274.5 305.2 177.3 382.0 555.8 456.7 512.3 304.5 201.3 492.8 84.4 292.3 554.8 619.8 236.0 605.8 489.3 76.1 104.0 197.2 455.5 215.9 309.1 493.5 415.2 54.5 337.7 284.7 194.1 323.5 106.7 335.8 388.3 363.3 337.6 609.1 137.8 229.8 382.5 0.0 539.0 538.8 453.1 508.9 333.1 667.8 265.2 68.3 541.9 427.7 309.3 48.0 612.6 552.1 305.9 260.2 170.5 260.7 298.5 541.8 296.8 454.4 560.7 230.9 80.6 240.6 218.9 354.5 342.0 509.2 546.0 626.9 29.0 396.8 343.1 541.6 298.8 318.5 249.7 297.8 651.5 577.8 594.1 436.0 315.1 272.7 387.5 283.4 186.6 501.5 546.7 626.0 657.7 214.9 341.3 393.9 160.9 215.1 498.6 331.0 626.4 306.6 307.0 225.2 53.1 380.3 340.3 365.8 141.9
2016.4 675.5 458.4 663.5 469.1 278.2 527.0 459.8 335.6 365.9 542.2 396.7 413.5 480.1 418.7 437.0 108.7 503.6 352.5 513.4 660.4 366.9 446.7 316.0 511.9 529.8 459.6 571.5 384.8 390.7 606.9 344.0 542.2 289.1 415.6 422.2 454.4 481.7 366.2 317.1 494.2 368.0 536.6 550.0 398.7 310.7 584.7 0.0 579.4 460.7 622.3 464.0 611.4 405.0 519.7 382.8 446.8 465.5 618.3 516.2 455.7 462.0 445.5 594.2 509.0 450.3 216.5 368.9 567.8 269.0 466.6 665.4 385.7 487.0 300.0 455.3 217.5 522.8 667.5 613.8 466.4 474.0 382.5 325.8 476.9 537.9 347.6 587.9 489.0 113.3 105.7 320.0 415.5 419.4 310.4 495.8 632.4 587.3 466.9 559.9 462.4 371.7 524.8 496.6 383.5 612.0 362.8 678.7 338.4 463.2 527.9 627.1 404.7 313.9 407.6 558.0
2090.8 170.7 793.5 158.7 804.2 493.6 862.1 384.9 353.3 417.0 213.1 731.8 774.5 170.3 329.6 378.2 545.6 517.1 558.5 848.5 155.6 357.4 781.8 542.1 525.4 608.1 384.7 111.5 435.9 575.3 175.3 591.2 539.9 390.5 317.9 456.7 392.2 495.2 383.9 564.3 291.3 365.7 150.3 454.2 449.8 605.8 566.1 663.6 0.0 156.2 130.9 309.1 210.8 531.4 572.4 717.9 180.0 295.4 552.0 108.2 114.2 271.4 370.6 428.6 723.3 361.2 594.6 563.0 134.2 723.6 434.9 597.7 420.2 412.1 331.8 669.6 672.1 857.9 162.7 526.0 199.1 280.0 717.6 408.2 387.8 752.2 615.3 190.6 824.1 646.9 488.8 509.5 448.7 658.5 392.8 690.7 159.4 82.5 802.0 895.0 554.3 389.4 283.5 421.0 391.1 139.0 604.0 162.2 633.5 243.7 453.0 619.3 211.1 345.7 752.3 419.9
2042.5 250.8 678.3 238.8 689.0 378.4 746.9 269.7 238.1 301.8 164.8 616.6 671.8 89.3 214.4 263.0 435.7 401.9 443.3 733.3 235.7 242.2 666.6 432.2 410.2 483.4 269.5 152.3 320.7 460.1 236.2 476.0 415.2 280.6 202.7 341.5 277.0 380.0 268.7 449.1 197.0 250.5 218.9 339.0 334.6 490.6 441.4 566.0 154.7 0.0 180.2 193.9 284.9 416.2 447.7 602.7 32.1 180.2 427.3 178.9 126.6 156.2 255.4 313.4 608.1 246.0 484.7 447.8 197.1 613.7 319.7 473.0 305.0 296.9 221.9 554.4 562.2 742.7 242.8 401.3 88.7 205.7 602.4 293.0 272.6 637.0 500.1 261.3 708.9 537.0 378.9 394.3 333.5 543.3 277.6 566.0 239.5 162.6 686.8 779.8 439.1 274.2 209.6 305.8 275.9 188.3 488.8 242.3 518.3 128.5 337.8 494.6 54.8 235.8 637.1 295.2
2030.8 187.2 765.1 175.2 775.8 465.2 833.7 356.5 306.9 370.6 153.1 703.4 714.5 256.7 301.2 349.8 555.8 488.7 530.1 820.1 172.1 371.6 753.4 552.3 497.0 570.2 356.3 89.2 389.5 546.9 62.8 562.8 502.0 400.7 289.5 401.7 363.8 466.8 337.5 535.9 231.3 319.3 234.4 425.8 403.4 577.4 528.2 602.0 129.7 173.5 0.0 280.7 302.3 503.0 534.5 689.5 176.9 267.0 514.1 192.3 198.3 243.0 342.2 400.2 694.9 332.8 604.8 534.6 44.3 720.1 406.5 559.8 391.8 383.7 356.2 641.2 668.6 829.5 179.2 488.1 196.0 220.0 689.2 361.8 359.4 723.8 586.9 274.7 795.7 657.1 499.0 481.1 420.3 630.1 346.4 652.8 175.9 99.0 773.6 866.6 525.9 343.0 223.5 392.6 362.7 49.1 575.6 178.7 605.1 215.3 424.6 581.4 203.1 342.0 723.9 382.0
2025.5 395.9 532.9 383.9 543.6 233.0 601.5 154.1 221.1 148.4 179.3 471.2 526.4 303.5 113.0 147.4 470.0 286.3 297.9 587.9 380.8 96.8 521.2 466.5 294.6 371.6 153.9 263.8 167.3 314.7 298.3 330.6 303.4 314.9 41.3 196.1 115.6 264.4 251.7 303.7 109.7 233.5 370.1 253.3 178.9 345.2 355.7 508.5 299.8 214.1 313.7 0.0 428.8 256.3 302.4 457.3 188.7 25.9 341.6 342.6 282.1 50.5 139.8 227.7 462.7 144.6 519.0 302.4 259.2 487.9 204.1 387.3 159.6 181.3 270.4 409.0 436.4 597.3 387.9 315.6 157.8 118.4 457.0 276.0 171.2 491.6 354.7 412.5 563.5 571.3 413.2 248.9 188.1 397.9 260.6 449.5 298.4 307.7 541.4 634.4 379.2 257.2 122.3 190.9 130.5 299.2 343.4 387.4 372.9 68.0 222.2 387.0 141.3 256.2 491.7 209.5
2165.1 224.5 887.4 204.0 898.1 587.5 956.0 478.8 414.3 502.5 287.4 825.7 848.8 171.0 423.5 472.1 579.1 611.0 625.8 942.4 209.4 451.3 875.7 575.6 619.3 692.5 478.6 262.4 521.4 642.6 344.1 685.1 624.3 424.0 411.8 533.6 486.1 589.1 437.8 658.2 406.1 461.8 92.6 548.1 533.0 699.7 650.5 642.3 204.0 264.8 300.9 403.0 0.0 584.2 656.8 811.8 250.3 389.3 636.4 126.3 144.7 365.3 464.5 522.5 790.6 455.1 628.1 630.3 305.0 757.1 528.8 682.1 514.1 506.0 365.3 736.9 705.6 951.8 216.5 610.4 306.9 354.3 811.5 462.4 481.7 819.5 709.2 47.6 918.0 718.6 522.3 548.2 542.6 715.6 447.0 777.4 230.1 220.9 895.9 988.9 707.1 443.3 357.8 514.9 485.0 345.0 671.3 198.0 727.4 337.6 546.9 686.6 263.9 379.2 774.7 504.3
1971.7 553.7 362.5 543.5 373.2 62.6 431.1 276.6 263.7 195.6 346.9 300.8 281.3 468.8 228.3 219.6 257.9 180.2 27.0 417.5 538.6 176.5 350.8 233.2 188.5 243.3 265.6 425.3 212.4 43.9 463.3 160.2 218.8 270.0 225.2 196.2 264.0 142.1 294.3 133.3 303.8 296.1 525.3 283.8 224.0 138.5 261.3 320.1 504.6 418.9 478.7 273.6 600.1 0.0 196.3 286.9 393.5 275.1 294.9 504.9 444.4 271.6 255.1 316.5 222.5 259.9 306.9 31.5 424.2 310.5 249.2 342.0 144.2 272.6 288.7 168.8 259.0 426.9 545.7 290.4 362.6 283.6 286.6 257.3 320.6 251.4 102.0 576.6 393.1 354.3 196.8 60.5 174.0 116.8 241.9 209.3 442.0 513.5 371.0 464.0 139.0 299.8 329.5 302.6 142.0 464.2 72.5 545.2 118.9 272.8 334.7 291.1 346.1 298.8 213.1 287.9
1980.4 581.1 555.8 570.9 517.0 285.5 472.2 242.4 273.1 145.2 379.2 494.1 388.3 544.4 274.4 169.2 460.7 16.0 223.9 486.4 566.0 203.9 544.1 457.2 7.7 74.7 203.9 452.7 183.8 240.7 490.7 383.1 22.4 305.6 252.6 162.0 291.4 38.3 303.7 356.2 331.2 305.5 600.9 144.5 197.7 314.1 64.9 506.3 532.0 446.3 506.1 301.0 675.7 196.8 0.0 480.2 420.9 302.5 98.5 580.5 520.0 299.0 228.1 177.2 231.4 266.4 509.7 228.4 451.6 492.3 198.8 145.6 208.5 222.2 322.4 273.6 440.8 477.6 573.1 94.0 403.9 311.0 479.9 266.7 286.4 220.4 229.4 652.2 509.4 562.0 403.9 246.7 240.6 319.1 251.3 157.3 469.4 540.9 564.3 589.3 146.5 309.2 361.8 167.6 183.0 495.8 262.6 572.6 238.2 300.2 231.9 107.3 373.5 308.2 297.4 148.6
1820.2 748.2 92.6 738.0 86.2 231.2 144.1 463.9 458.2 388.0 546.3 13.8 215.6 702.8 422.8 457.2 299.8 464.5 305.5 130.5 733.1 371.0 63.8 450.6 531.7 535.8 463.7 619.8 406.9 338.2 657.8 297.0 527.3 490.7 419.7 375.2 458.5 442.6 488.8 270.1 498.3 490.6 737.8 598.3 420.8 281.7 569.8 328.0 699.1 613.4 673.2 468.1 828.1 334.9 523.9 0.0 588.0 469.6 603.4 717.4 656.9 466.1 449.6 549.3 500.0 454.4 348.9 321.9 618.7 307.6 513.9 650.5 338.7 491.1 507.5 453.1 176.2 139.9 740.2 598.9 557.1 478.1 62.8 451.8 481.0 564.9 297.3 811.8 106.1 354.9 316.8 273.0 368.5 340.5 436.4 501.8 636.5 708.0 101.1 177.0 423.3 494.3 528.9 500.7 336.5 662.9 333.8 739.7 309.4 467.3 532.0 612.2 540.6 493.3 378.6 513.1
2054.2 242.6 668.9 230.6 679.6 369.0 737.5 260.3 230.4 294.1 257.2 607.2 662.4 122.4 205.0 253.6 411.6 392.5 433.9 723.9 227.5 232.8 657.2 408.1 400.8 474.0 260.1 149.9 313.0 450.7 225.4 466.6 405.8 256.5 193.3 325.2 267.6 370.6 261.0 439.7 187.6 242.8 206.3 329.6 326.9 481.2 432.0 457.8 146.5 42.5 172.0 184.5 275.1 406.8 438.3 593.3 0.0 170.8 417.9 188.2 127.7 146.8 246.0 304.0 598.7 236.6 460.6 438.4 186.3 589.6 310.3 463.6 295.6 287.5 197.8 545.0 538.1 733.3 234.6 391.9 56.5 196.3 593.0 285.3 263.2 627.6 490.7 248.7 699.5 512.9 354.8 380.7 324.1 533.9 269.9 556.6 231.3 154.4 677.4 770.4 429.7 266.5 200.2 296.4 266.5 180.1 479.4 234.1 508.9 119.1 328.4 485.2 48.7 211.7 627.7 285.8
1999.5 374.1 566.2 362.1 576.9 266.3 634.8 158.0 199.3 181.7 175.5 504.5 559.7 281.7 102.7 151.3 448.2 290.2 331.2 621.2 359.0 130.1 554.5 444.7 298.5 371.7 157.8 242.0 200.6 348.0 276.5 363.9 303.5 293.1 74.6 229.4 148.9 268.3 229.9 337.0 105.9 211.7 348.3 227.3 214.5 378.5 329.7 494.4 278.0 192.3 291.9 33.2 407.0 304.1 336.0 490.6 166.9 0.0 315.6 320.8 260.3 45.1 143.7 201.7 496.0 134.3 497.2 335.7 237.4 521.2 208.0 361.3 192.9 185.2 248.6 442.3 469.7 630.6 366.1 289.6 136.0 114.0 490.3 254.2 160.9 524.9 388.0 390.7 596.8 549.5 391.4 282.2 221.4 431.2 238.8 482.8 272.4 285.9 574.7 667.7 327.4 235.4 118.5 194.1 163.8 281.6 376.7 365.6 406.2 46.2 226.1 382.9 119.5 234.4 525.0 183.5
1938.2 621.7 614.4 599.9 625.1 314.5 560.6 271.4 302.1 174.2 368.8 552.7 476.7 499.1 291.3 198.2 489.7 116.3 312.3 574.8 606.6 232.9 602.7 486.2 108.0 135.9 184.0 442.3 212.8 329.1 480.3 412.1 86.4 334.6 281.6 191.0 320.4 138.6 332.7 385.2 360.2 334.5 595.9 124.6 226.7 402.5 63.3 535.9 525.6 439.9 495.7 329.4 654.6 285.2 100.2 538.8 414.5 296.1 0.0 609.5 549.0 292.7 257.1 157.3 292.6 295.4 538.7 316.8 441.2 569.4 227.8 100.5 237.5 205.7 351.4 362.0 517.9 566.0 613.7 28.8 383.6 340.0 538.5 295.7 315.4 281.6 317.8 638.3 597.8 591.0 432.9 330.4 269.6 407.5 280.3 218.5 498.4 533.5 622.9 715.9 225.0 338.2 366.1 147.7 212.0 485.4 351.0 613.2 326.6 293.8 212.0 87.7 367.1 337.2 385.8 128.7
2097.5 209.5 797.1 156.8 807.8 497.2 865.7 388.5 316.9 405.1 219.8 735.4 790.6 103.4 333.2 381.8 481.7 520.7 528.4 852.1 194.4 361.0 785.4 478.2 529.0 602.2 388.3 194.8 424.0 545.2 276.5 594.8 534.0 333.7 321.5 436.2 395.8 498.8 340.4 567.9 315.8 364.4 50.8 457.8 435.6 609.4 560.2 624.0 116.0 183.4 181.3 312.7 147.8 501.3 566.5 721.5 168.9 299.0 546.1 0.0 47.3 275.0 374.2 432.2 693.2 364.8 530.7 532.9 237.4 659.7 438.5 591.8 423.8 415.7 267.9 639.5 608.2 861.5 201.5 520.1 225.5 324.5 721.2 365.0 391.4 722.1 618.9 103.1 827.7 583.0 424.9 450.8 452.3 618.2 349.6 680.0 182.9 132.9 805.6 898.6 609.7 345.9 328.4 424.6 394.7 185.2 573.9 183.0 637.1 247.3 456.6 596.3 173.6 281.8 677.3 414.0
2050.1 256.5 749.7 244.5 760.4 449.8 818.3 341.1 269.5 357.7 172.4 688.0 743.2 56.0 285.8 334.4 434.3 473.3 481.0 804.7 241.4 313.6 738.0 430.8 481.6 554.8 340.9 147.4 376.6 497.8 229.1 547.4 486.6 279.2 274.1 388.8 348.4 451.4 293.0 520.5 268.4 317.0 80.8 410.4 390.5 562.0 512.8 480.5 160.4 136.0 185.9 265.3 155.6 453.9 519.1 674.1 121.5 251.6 498.7 60.4 0.0 227.6 326.8 384.8 645.8 317.4 483.3 485.5 190.0 612.3 391.1 544.4 376.4 368.3 220.5 592.1 560.8 814.1 248.5 472.7 178.1 277.1 673.8 317.6 344.0 674.7 571.5 132.1 780.3 535.6 377.5 403.4 404.9 570.8 302.2 632.6 234.0 168.3 758.2 851.2 562.3 298.5 281.0 377.2 347.3 234.2 526.5 234.1 589.7 199.9 409.2 566.0 126.2 234.4 629.9 366.6
1994.3 345.3 538.0 333.3 548.7 238.1 606.6 159.2 170.5 153.5 128.7 476.3 531.5 252.9 94.5 152.5 419.4 291.4 303.0 593.0 330.2 101.9 526.3 415.9 299.7 363.5 159.0 213.2 172.4 319.8 247.7 335.7 295.3 264.3 46.4 201.2 120.7 269.5 201.1 308.8 59.1 182.9 319.5 219.1 186.3 350.3 321.5 465.6 249.2 163.5 263.1 37.6 378.2 275.9 307.5 462.4 138.1 63.6 307.4 292.0 231.5 0.0 144.9 193.5 467.8 126.1 468.4 307.5 208.6 493.0 209.2 353.1 164.7 186.4 219.8 414.1 441.5 602.4 337.3 281.4 107.2 67.8 462.1 225.4 152.7 496.7 359.8 361.9 568.6 520.7 362.6 254.0 193.2 403.0 210.0 454.6 264.2 257.1 546.5 639.5 384.3 206.6 71.7 185.9 135.6 252.8 348.5 336.8 378.0 17.4 227.3 374.7 90.7 205.6 496.8 175.3
2069.7 411.8 516.1 401.6 526.8 216.2 584.7 14.2 221.8 131.6 209.9 454.4 477.0 366.4 63.7 49.2 409.4 188.1 281.1 571.1 396.7 80.0 504.4 405.9 196.4 273.4 55.7 283.4 150.5 297.9 321.4 313.8 205.2 254.3 113.1 179.3 151.9 166.2 252.4 286.9 161.9 296.4 433.0 174.8 164.4 328.4 246.4 491.7 362.7 277.0 336.8 161.5 491.7 254.0 204.2 440.5 251.6 133.2 263.7 405.5 345.0 129.8 0.0 229.5 445.9 55.7 458.4 285.6 282.3 471.1 105.9 309.4 142.8 83.1 271.1 392.2 419.6 580.5 403.8 237.7 220.7 141.7 440.2 215.4 58.2 419.1 337.9 475.4 546.7 510.7 352.6 232.1 171.3 381.1 200.0 356.0 300.1 371.6 524.6 617.6 225.3 257.9 192.5 92.7 113.7 326.5 326.6 403.3 356.1 130.9 124.0 288.8 204.2 256.9 386.1 200.9
1972.6 508.3 641.8 496.3 652.5 341.9 609.0 233.2 333.5 257.3 273.4 580.1 525.1 415.9 177.9 215.1 535.1 203.1 360.7 696.8 493.2 205.7 630.1 531.6 194.8 222.7 179.1 376.2 276.2 377.5 410.7 439.5 154.5 380.0 225.8 239.4 300.1 214.3 364.1 412.6 232.9 345.9 482.5 119.7 290.1 454.1 180.7 617.4 412.2 326.5 426.1 216.0 541.2 333.6 187.0 566.2 301.1 182.7 166.6 455.0 394.5 179.3 218.9 0.0 379.4 209.5 584.1 365.2 371.6 596.8 224.2 212.3 268.5 200.8 382.8 410.4 545.3 614.4 500.3 140.6 270.2 212.7 565.9 341.1 236.1 368.4 366.2 524.9 672.4 636.4 478.3 357.8 297.0 506.8 325.7 305.3 367.6 420.1 650.3 743.3 273.4 369.6 252.7 142.8 239.4 415.8 399.4 499.8 375.0 180.4 207.1 233.9 253.7 368.6 434.2 44.4
1900.3 659.3 663.4 641.5 506.8 363.5 600.9 546.1 586.3 458.4 431.8 601.7 517.0 562.1 490.8 482.4 558.8 348.3 338.6 518.9 649.5 518.6 651.7 539.0 340.0 344.1 492.0 505.3 497.0 355.4 543.3 461.1 335.6 618.8 538.6 475.2 564.9 370.6 616.9 434.2 471.6 646.2 661.4 432.6 510.9 450.1 378.1 621.0 563.2 540.8 558.7 529.8 719.0 311.5 332.2 587.8 573.0 502.0 411.7 651.7 599.4 492.1 531.8 383.6 0.0 522.4 607.8 343.1 504.2 611.4 537.1 458.8 521.7 513.7 589.6 326.7 559.9 510.1 642.4 407.2 523.3 460.3 587.5 579.9 549.0 28.8 358.1 703.8 541.9 660.1 502.0 361.4 474.9 428.4 564.5 67.5 540.0 571.1 671.9 718.0 386.9 622.4 463.8 455.7 442.9 548.4 384.1 695.0 366.9 499.7 520.0 420.5 572.0 621.4 426.1 347.4
2145.1 417.4 535.9 407.2 546.6 236.0 604.5 59.6 241.6 151.4 215.5 474.2 529.4 372.0 53.0 97.1 429.2 236.0 300.9 590.9 402.3 99.8 524.2 425.7 244.3 321.3 103.6 289.0 170.3 317.7 327.0 333.6 253.1 281.2 132.9 199.1 171.7 214.1 272.2 306.7 167.5 302.0 438.6 222.7 184.2 348.2 294.3 511.5 368.3 282.6 342.4 172.1 497.3 273.8 252.1 460.3 257.2 138.8 311.6 411.1 350.6 135.4 45.3 277.4 465.7 0.0 478.2 305.4 287.9 490.9 153.8 357.3 162.6 131.0 290.9 412.0 439.4 600.3 409.4 285.6 226.3 147.3 460.0 235.2 26.5 494.6 357.7 481.0 566.5 530.5 373.0 251.9 191.1 400.9 219.8 403.9 305.7 377.2 544.4 637.4 273.2 277.7 198.1 140.6 133.5 332.1 346.4 408.9 375.9 136.5 171.9 336.7 209.8 276.7 434.0 248.8
2006.3 687.7 415.1 675.7 425.8 268.1 483.7 500.8 347.8 378.1 583.2 353.4 381.3 492.3 459.7 494.1 181.4 493.5 342.4 470.1 672.6 407.9 403.4 328.2 501.8 570.6 500.6 583.7 397.0 380.6 619.1 333.9 532.1 336.9 456.6 412.1 495.4 471.6 378.4 307.0 535.2 380.2 548.8 633.1 408.6 300.6 574.6 205.5 591.6 472.9 634.5 505.0 623.6 337.3 509.6 339.5 459.0 506.5 608.2 528.4 467.9 503.0 486.5 584.1 534.8 491.3 0.0 358.8 580.0 258.9 550.8 655.3 375.6 528.0 312.2 490.0 207.4 479.5 679.7 603.7 478.6 515.0 339.2 338.0 517.9 599.7 337.5 600.1 445.7 282.7 124.6 309.9 405.4 409.3 322.6 536.6 673.4 599.5 423.6 516.6 452.3 383.9 565.8 537.6 373.4 624.2 352.7 702.1 328.3 504.2 568.9 617.0 416.9 326.1 397.5 547.9
1963.2 578.8 387.6 568.6 398.3 87.7 456.2 294.5 288.8 220.7 376.9 325.9 320.2 493.9 253.4 244.7 283.0 205.3 27.5 442.6 563.7 201.6 375.9 263.2 213.6 268.4 290.7 450.4 237.5 44.3 488.4 185.3 243.9 307.1 250.3 237.5 289.1 183.4 319.4 158.4 328.9 321.2 550.4 308.9 251.4 139.0 286.4 345.2 529.7 444.0 503.8 298.7 625.2 25.0 221.4 312.0 418.6 300.2 320.0 530.0 469.5 296.7 280.2 341.6 247.6 285.0 332.0 0.0 449.3 335.6 274.3 367.1 169.3 297.7 313.8 193.9 284.1 452.0 570.8 315.5 387.7 308.7 311.7 282.4 311.6 276.5 102.5 601.7 418.2 384.3 226.2 85.6 199.1 109.4 267.0 234.4 467.1 538.6 396.1 489.1 164.1 324.9 359.5 327.7 167.1 493.5 73.0 570.3 119.4 297.9 359.0 328.8 371.2 323.9 213.5 313.0
1972.5 176.5 706.8 164.5 717.5 406.9 775.4 298.2 248.6 312.3 94.8 645.1 656.2 246.0 242.9 291.5 497.5 430.4 471.8 761.8 161.4 313.3 695.1 494.0 438.7 511.9 298.0 64.8 331.2 488.6 39.0 504.5 443.7 342.4 231.2 343.4 305.5 408.5 279.2 477.6 173.0 261.0 223.7 367.5 345.1 519.1 469.9 543.7 119.0 162.8 50.3 222.4 291.6 444.7 476.2 631.2 166.2 208.7 455.8 181.6 187.6 184.7 283.9 341.9 636.6 274.5 546.5 476.3 0.0 661.8 348.2 501.5 333.5 325.4 297.9 582.9 610.3 771.2 168.5 429.8 138.1 161.7 630.9 303.5 301.1 665.5 528.6 264.0 737.4 598.8 440.7 422.8 362.0 571.8 288.1 594.5 247.1 88.3 715.3 808.3 467.6 284.7 165.2 334.3 304.4 40.0 517.3 168.0 546.8 157.0 366.3 523.1 186.8 283.7 665.6 323.7
1964.7 755.3 292.9 745.1 303.6 238.3 361.5 471.0 442.2 395.1 553.4 231.2 248.0 586.7 429.9 464.3 195.3 456.5 312.6 347.9 740.2 378.1 281.2 365.7 464.8 519.6 470.8 626.9 414.0 350.8 664.9 304.1 495.1 409.6 426.8 382.3 465.6 434.6 472.8 277.2 505.4 474.6 643.2 603.3 427.9 270.8 537.6 223.5 706.2 567.3 680.3 475.2 718.0 306.9 472.6 217.3 553.4 476.7 571.2 622.8 562.3 473.2 456.7 554.3 498.8 461.5 244.4 338.5 625.8 0.0 521.0 618.3 345.8 498.2 406.6 445.1 42.7 357.3 747.3 566.7 564.2 485.2 217.0 458.9 488.1 527.7 307.7 694.5 323.5 250.4 212.3 280.1 375.6 379.5 443.5 485.6 643.6 715.1 301.4 394.4 415.3 478.3 536.0 507.8 343.6 670.0 322.9 746.8 298.5 474.4 539.1 580.0 547.7 420.5 367.7 518.1
2042.5 466.3 570.6 456.1 581.3 270.7 531.2 130.4 227.9 100.0 264.4 508.9 447.3 420.9 162.4 66.6 415.5 158.4 282.9 625.6 451.2 134.5 558.9 412.0 166.7 243.7 55.0 337.9 205.0 299.7 375.9 368.3 175.5 267.5 167.6 116.8 206.4 136.5 258.5 341.4 216.4 260.3 487.5 174.1 216.6 382.9 216.7 461.7 417.2 331.5 391.3 216.0 546.2 294.0 174.5 495.0 306.1 187.7 236.5 460.0 399.5 184.3 116.1 228.8 386.3 154.4 464.5 287.4 336.8 525.6 0.0 282.2 197.3 23.4 277.2 332.6 474.1 536.6 458.3 210.5 275.2 196.2 494.7 221.5 174.4 389.4 288.4 529.9 601.2 516.8 358.7 286.6 225.8 435.6 206.1 326.3 354.6 426.1 579.1 672.1 195.6 264.0 247.0 92.0 168.2 376.8 321.6 457.8 297.2 185.4 123.3 259.1 258.7 263.0 356.4 200.2
2066.0 662.1 654.8 640.3 665.5 354.9 596.9 311.8 342.5 214.6 409.2 593.1 513.0 539.5 331.7 238.6 530.1 140.7 348.6 611.1 647.0 273.3 643.1 526.6 132.4 160.3 224.4 482.7 253.2 365.4 520.7 452.5 110.8 375.0 322.0 231.4 360.8 163.0 373.1 425.6 400.6 374.9 636.3 165.0 267.1 438.8 56.2 576.3 566.0 480.3 536.1 369.8 695.0 321.5 124.6 579.2 454.9 336.5 75.2 649.9 589.4 333.1 297.5 197.7 317.0 335.8 579.1 353.1 481.6 609.8 268.2 0.0 277.9 246.1 391.8 398.3 558.3 602.3 654.1 56.2 424.0 380.4 578.9 336.1 355.8 306.0 354.1 678.7 634.1 631.4 473.3 370.8 310.0 443.8 320.7 242.9 538.8 573.9 663.3 756.3 271.2 378.6 406.5 188.1 252.4 525.8 387.3 653.6 362.9 334.2 252.4 109.4 407.5 377.6 422.1 169.1
2006.7 453.7 397.5 443.5 408.2 97.6 466.1 169.4 190.4 62.5 251.8 335.8 391.0 408.3 128.3 139.3 310.9 285.0 162.5 452.5 438.6 76.5 385.8 291.1 293.3 348.1 169.2 325.3 101.1 179.3 363.3 195.2 323.6 222.9 125.2 36.4 164.0 263.1 221.0 168.3 203.8 222.8 474.9 252.3 112.7 209.8 366.1 373.1 404.6 318.9 378.7 173.6 533.6 120.9 301.1 321.9 293.5 175.1 271.8 447.4 386.9 171.6 155.1 285.0 327.3 159.9 359.9 167.0 324.2 352.5 168.9 317.5 0.0 192.3 239.7 273.6 301.0 461.9 445.7 245.8 262.6 183.6 321.6 184.0 186.5 356.2 219.3 517.3 428.1 399.8 254.1 113.5 74.0 262.5 168.6 314.1 342.0 413.5 406.0 499.0 243.8 226.5 234.4 206.2 42.0 368.4 208.0 445.2 237.5 172.8 237.5 408.5 246.1 225.5 356.3 256.4
2045.6 442.9 547.2 432.7 557.9 247.3 615.8 107.0 251.3 162.7 241.0 485.5 470.7 397.5 139.0 53.3 438.9 181.8 312.2 602.2 427.8 111.1 535.5 435.4 190.1 267.1 31.6 314.5 181.6 329.0 352.5 344.9 198.9 283.8 144.2 140.2 183.0 159.9 281.9 318.0 193.0 327.5 464.1 150.7 195.5 359.5 240.1 522.8 393.8 308.1 367.9 192.6 522.8 285.1 197.9 471.6 282.7 164.3 239.6 436.6 376.1 160.9 92.7 205.4 409.7 131.0 487.9 316.7 313.4 502.2 23.4 285.3 173.9 0.0 300.6 356.0 450.7 611.6 434.9 213.6 251.8 172.8 471.3 244.9 151.0 412.8 369.0 506.5 577.8 540.2 382.1 263.2 202.4 412.2 229.5 349.7 331.2 402.7 555.7 648.7 219.0 287.4 223.6 68.6 144.8 357.6 357.7 434.4 387.2 162.0 99.9 282.5 235.3 286.4 379.8 176.8
2177.4 468.9 568.2 456.9 578.9 268.3 636.8 259.6 48.9 165.7 342.0 506.5 561.7 256.3 218.5 236.8 270.0 291.2 316.7 623.2 453.8 166.7 556.5 266.5 299.5 376.5 259.4 318.8 184.6 333.5 353.3 365.9 308.3 114.9 215.4 196.8 254.2 269.3 72.4 339.0 294.0 96.4 312.8 349.8 196.2 380.5 349.5 316.2 372.8 287.1 368.7 263.8 387.6 289.6 307.3 492.6 270.1 265.3 369.3 292.4 231.9 261.8 245.3 396.8 481.5 250.1 319.0 321.2 314.2 448.0 266.4 415.0 194.9 286.8 0.0 427.8 396.5 632.6 460.9 343.3 212.8 273.8 492.3 153.3 276.7 510.4 390.0 364.1 598.8 371.3 213.8 239.1 223.4 433.2 137.9 468.3 432.2 380.7 576.7 669.7 328.4 77.9 293.0 296.4 165.8 354.2 362.2 460.4 408.2 211.9 328.5 379.3 214.3 13.8 465.6 353.9
1927.4 686.4 512.7 668.6 523.4 212.8 450.2 442.0 472.7 344.8 458.9 451.0 366.3 589.2 378.5 368.8 408.1 234.7 187.9 464.4 676.6 326.7 501.0 388.3 226.4 230.5 403.5 532.4 383.4 204.7 570.4 310.4 222.0 505.2 375.4 361.6 414.2 257.0 503.3 283.5 498.7 505.1 675.5 344.1 395.0 299.4 264.5 470.3 590.3 567.9 585.8 423.8 746.1 160.8 218.6 437.1 600.1 425.3 298.1 655.1 594.6 421.8 427.7 410.7 209.7 466.0 457.1 192.4 531.3 460.7 398.4 345.2 408.1 421.8 522.0 0.0 409.2 455.6 669.5 293.6 550.4 487.4 436.8 466.3 486.0 238.6 207.4 726.8 487.4 509.4 351.9 210.7 324.2 277.7 450.9 196.5 567.1 598.2 521.2 567.3 236.2 508.8 490.9 367.2 292.2 571.3 233.4 722.1 216.2 423.0 432.3 306.9 496.3 507.8 275.4 374.5
1920.9 721.4 249.1 711.2 259.8 204.4 317.7 437.1 408.3 361.2 519.5 187.4 204.2 552.8 396.0 430.4 161.4 422.6 278.7 304.1 706.3 344.2 237.4 331.8 430.9 485.7 436.9 593.0 380.1 316.9 631.0 270.2 461.2 375.7 392.9 348.4 431.7 400.7 438.9 243.3 471.5 440.7 609.3 569.4 394.0 236.9 503.7 189.6 672.3 533.4 646.4 441.3 684.1 273.0 438.7 173.5 519.5 442.8 537.3 588.9 528.4 439.3 422.8 520.4 464.9 427.6 210.5 304.6 591.9 80.3 487.1 584.4 311.9 464.3 372.7 411.2 0.0 313.5 713.4 532.8 530.3 451.3 173.2 425.0 454.2 493.8 273.8 660.6 279.7 216.5 178.4 246.2 341.7 345.6 409.6 451.7 609.7 681.2 257.6 350.6 381.4 444.4 502.1 473.9 309.7 636.1 289.0 712.9 264.6 440.5 505.2 546.1 513.8 386.6 333.8 484.2
1729.3 768.4 211.6 750.6 84.2 380.9 62.0 596.8 607.9 499.6 540.9 135.7 83.8 671.2 572.5 523.6 378.2 484.2 382.9 8.7 758.6 520.7 174.0 613.1 492.5 479.2 569.6 614.4 538.2 371.3 652.4 446.7 470.7 640.4 569.4 516.4 608.2 462.3 638.5 419.8 580.7 640.3 770.5 541.7 552.1 291.3 513.2 465.7 672.3 649.9 667.8 617.8 828.1 385.6 467.3 149.6 682.1 619.3 546.8 845.8 785.3 615.8 582.5 492.7 443.4 604.1 486.6 399.3 613.3 369.8 553.2 593.9 488.4 576.6 657.2 399.0 288.4 0.0 751.5 542.3 632.4 569.4 212.5 601.5 640.8 508.3 328.2 812.9 31.7 492.6 435.3 435.5 518.2 400.0 586.1 445.2 649.1 680.2 197.7 142.2 443.0 644.0 572.9 564.8 486.2 657.5 343.4 804.1 319.0 617.0 629.1 555.6 690.3 643.0 423.1 456.5
1992.9 48.8 854.2 69.0 864.9 554.3 922.8 445.6 417.1 480.8 240.9 792.5 802.3 307.5 390.3 438.9 652.4 577.8 619.2 909.2 7.0 418.1 842.5 648.9 586.1 658.7 445.4 153.0 499.7 636.0 204.8 651.9 590.5 497.3 378.6 511.9 452.9 555.9 447.7 625.0 319.1 429.5 229.1 514.9 513.6 666.5 616.7 700.5 162.7 237.3 160.4 369.8 196.1 592.1 623.0 778.6 240.7 356.1 602.6 201.8 231.3 332.1 431.3 489.3 784.0 421.9 701.4 623.7 163.7 809.2 495.6 648.3 480.9 472.8 438.6 730.3 757.7 918.6 0.0 576.6 259.8 307.8 778.3 472.0 448.5 812.9 676.0 243.8 884.8 753.7 595.6 570.2 509.4 719.2 456.6 741.3 89.8 80.9 862.7 955.7 615.0 453.2 311.3 481.7 451.8 168.5 664.7 52.5 694.2 304.4 513.7 669.9 266.9 452.2 813.0 470.5
1922.3 605.8 598.5 584.0 609.2 298.6 544.7 255.5 286.2 158.3 352.9 536.8 460.8 483.2 275.4 182.3 473.8 124.5 296.4 558.9 590.7 217.0 586.8 470.3 116.2 144.1 168.1 426.4 196.9 313.2 464.4 396.2 90.2 318.7 265.7 175.1 304.5 146.8 316.8 369.3 344.3 318.6 580.0 108.7 210.8 386.6 40.0 520.0 509.7 424.0 479.8 313.5 638.7 269.3 108.4 522.9 398.6 280.2 18.9 593.6 533.1 276.8 241.2 141.4 300.8 279.5 522.8 300.9 425.3 553.5 211.9 71.6 221.6 189.8 335.5 346.1 502.0 550.1 597.8 0.0 367.7 324.1 522.6 279.8 299.5 289.8 301.9 622.4 581.9 575.1 417.0 314.5 253.7 391.6 264.4 226.7 482.5 517.6 607.0 700.0 209.1 322.3 350.2 131.8 196.1 469.5 335.1 597.3 310.7 277.9 196.1 93.2 351.2 321.3 369.9 112.8
2007.8 282.4 632.0 270.4 642.7 332.1 700.6 223.4 173.8 237.5 130.1 570.3 625.5 179.7 168.1 216.7 422.7 355.6 397.0 687.0 267.3 238.5 620.3 419.2 363.9 437.1 223.2 134.3 256.4 413.8 168.8 429.7 368.9 274.7 156.4 268.6 230.7 333.7 204.4 402.8 150.7 186.2 263.6 292.7 268.0 444.3 395.1 468.9 186.3 99.8 184.2 147.6 332.4 369.9 401.4 556.4 57.2 133.9 381.0 245.5 185.0 109.9 209.1 267.1 561.8 199.7 471.7 401.5 129.7 587.0 273.4 426.7 258.7 250.6 223.1 508.1 535.5 696.4 274.4 355.0 0.0 159.4 556.1 228.7 226.3 590.7 453.8 306.0 662.6 524.0 365.9 348.0 287.2 497.0 213.3 519.7 271.1 194.2 640.5 733.5 392.8 209.9 163.3 259.5 229.6 169.7 442.5 273.9 472.0 82.2 291.5 448.3 106.0 208.9 590.8 248.9
1946.7 331.3 556.0 321.1 566.7 256.1 624.6 147.4 229.8 171.5 106.7 494.3 549.5 237.0 92.1 140.7 478.7 279.6 321.0 611.0 316.2 119.9 544.3 475.2 287.9 364.9 147.2 180.2 190.4 337.8 218.2 353.7 296.7 323.6 104.1 219.2 178.4 257.7 260.4 326.8 19.1 242.2 378.8 251.5 204.3 368.3 353.9 531.6 238.1 215.7 233.6 95.3 437.5 293.9 295.7 480.4 197.4 99.6 339.8 351.3 290.8 57.6 133.1 225.9 485.8 123.7 527.7 325.5 179.1 511.0 197.4 385.5 182.7 174.6 279.1 432.1 459.5 620.4 323.3 313.8 166.5 0.0 480.1 284.7 150.3 514.7 377.8 421.2 586.6 580.0 421.9 272.0 211.2 421.0 269.3 472.6 219.6 246.0 564.5 657.5 316.8 265.9 49.7 184.2 153.6 223.3 366.5 322.8 396.0 76.7 215.5 407.1 150.0 264.9 514.8 207.7
1903.9 748.7 159.2 738.5 169.9 231.7 227.8 464.4 458.7 388.5 546.8 97.5 160.3 703.3 423.3 457.7 300.3 465.0 306.0 214.2 733.6 371.5 147.5 451.1 473.3 528.1 464.2 620.3 407.4 338.7 658.3 297.5 503.6 491.2 420.2 375.7 459.0 443.1 489.3 270.6 498.8 491.1 738.3 583.3 421.3 282.2 546.1 328.5 699.6 613.9 673.7 468.6 828.6 335.4 481.1 83.6 588.5 470.1 579.7 717.9 657.4 466.6 450.1 565.7 507.3 454.9 349.4 322.4 619.2 308.1 514.4 626.8 339.2 491.6 508.0 453.6 176.7 223.6 740.7 575.2 557.6 478.6 0.0 452.3 481.5 536.2 297.8 812.3 189.8 355.4 317.3 273.5 369.0 341.0 436.9 494.1 637.0 708.5 167.7 260.7 423.8 494.8 529.4 501.2 337.0 663.4 334.3 740.2 309.9 467.8 532.5 588.5 541.1 493.8 379.1 529.5
2205.3 509.5 579.3 497.5 590.0 279.4 647.9 246.8 122.6 152.9 329.2 517.6 566.1 363.3 205.7 224.0 279.6 278.4 326.3 634.3 494.4 153.9 567.6 276.1 286.7 363.7 246.6 359.4 171.8 343.1 393.9 377.0 295.5 131.6 202.6 184.0 241.4 256.5 153.2 350.1 281.2 155.0 419.8 337.0 185.7 391.6 336.7 325.8 413.4 327.7 409.3 251.0 494.6 299.2 294.5 503.7 310.7 252.5 356.5 399.4 338.9 249.0 232.5 366.7 491.1 237.3 328.6 330.8 354.8 457.6 253.6 402.2 182.1 274.0 171.9 437.4 406.1 643.7 501.5 330.5 253.4 261.0 503.4 0.0 263.9 520.0 401.1 471.1 609.9 380.9 222.8 248.7 210.6 416.1 26.1 477.9 419.4 421.3 587.8 680.8 407.6 158.7 311.8 283.6 153.0 394.8 371.8 501.0 418.2 250.2 314.9 379.1 254.9 157.7 475.2 341.1
2161.7 434.0 552.5 423.8 563.2 252.6 621.1 53.9 258.2 168.0 232.1 490.8 546.0 388.6 69.6 113.7 445.8 252.6 317.5 607.5 418.9 116.4 540.8 442.3 260.9 337.9 120.2 305.6 186.9 334.3 343.6 350.2 269.7 297.8 149.5 215.7 188.3 230.7 288.8 323.3 184.1 318.6 455.2 239.3 200.8 364.8 310.9 528.1 384.9 299.2 359.0 188.7 513.9 290.4 268.7 476.9 273.8 155.4 328.2 427.7 367.2 152.0 61.9 294.0 482.3 16.5 494.8 322.0 304.5 507.5 170.4 373.9 179.2 147.6 307.5 428.6 456.0 616.9 426.0 302.2 242.9 163.9 476.6 251.8 0.0 511.2 374.3 497.6 583.1 547.1 389.0 268.5 207.7 417.5 236.4 420.5 322.3 393.8 561.0 654.0 289.8 294.3 214.7 157.2 150.1 344.5 363.0 425.5 392.5 153.1 188.5 353.3 226.4 293.3 450.6 265.4
1919.2 678.2 662.4 660.4 525.7 362.5 599.9 565.0 585.3 457.4 450.7 600.7 516.0 581.0 509.7 481.4 557.8 347.3 337.6 614.1 668.4 476.4 650.7 538.0 339.0 343.1 510.9 524.2 496.0 354.4 562.2 460.1 334.6 617.8 557.5 474.2 563.9 369.6 615.9 433.2 490.5 617.7 680.3 451.5 509.9 449.1 377.1 620.0 582.1 559.7 577.6 548.7 737.9 310.5 331.2 586.8 591.9 520.9 410.7 670.6 618.3 511.0 550.7 402.5 18.8 541.3 606.8 342.1 523.1 610.4 511.0 457.8 520.7 532.6 588.6 325.7 558.9 605.3 661.3 406.2 542.2 479.2 586.5 578.9 567.9 0.0 357.1 722.7 637.1 659.1 501.0 360.4 473.9 427.4 563.5 66.5 558.9 590.0 670.9 717.0 385.9 621.4 482.7 474.6 441.9 567.3 383.1 713.9 365.9 518.6 538.9 419.5 590.9 620.4 425.1 366.3
1901.9 661.8 374.0 651.6 384.7 170.7 342.8 341.7 372.4 244.5 459.9 312.3 258.9 576.9 373.7 268.5 366.0 229.1 78.6 357.0 646.7 284.6 362.3 346.2 237.4 320.0 314.5 533.4 283.1 111.3 571.4 268.3 267.7 404.9 333.3 261.3 372.1 207.2 403.0 241.4 411.9 404.8 633.4 332.7 297.0 108.7 310.2 349.4 612.7 527.0 586.8 381.7 708.2 108.0 245.2 298.4 501.6 383.2 343.8 613.0 552.5 379.7 327.4 365.4 289.4 365.7 370.3 95.0 532.3 329.0 298.1 390.9 307.8 321.5 421.7 235.7 277.5 348.2 653.8 339.3 470.7 391.7 298.1 366.0 385.7 318.3 0.0 684.7 404.6 376.3 309.2 168.6 282.1 113.6 350.6 276.2 550.1 621.6 382.5 475.5 187.9 408.5 442.5 351.5 282.3 576.5 88.3 653.3 63.9 380.9 382.8 352.6 454.2 407.5 150.0 336.8
2156.2 256.5 881.0 203.8 891.7 581.1 949.6 472.4 400.8 489.0 278.5 819.3 839.9 162.1 417.1 465.7 565.6 604.6 612.3 936.0 241.4 444.9 869.3 562.1 612.9 686.1 472.2 253.5 507.9 629.1 335.2 678.7 617.9 410.5 405.4 520.1 479.7 582.7 424.3 651.8 399.7 448.3 68.4 541.7 521.8 693.3 644.1 660.9 190.5 252.3 292.0 396.6 47.6 585.2 650.4 805.4 237.8 382.9 630.0 102.1 131.2 358.9 458.1 516.1 777.1 448.7 614.6 616.8 296.1 743.6 522.4 675.7 507.7 499.6 351.8 723.4 692.1 945.4 248.5 604.0 294.4 345.4 805.1 448.9 475.3 806.0 702.8 0.0 911.6 666.9 508.8 534.7 536.2 702.1 433.5 763.9 229.9 207.4 889.5 982.5 693.6 429.8 348.9 508.5 478.6 340.3 657.8 230.0 721.0 331.2 540.5 697.3 257.5 365.7 761.2 497.9
1763.1 802.2 179.8 855.9 52.4 349.1 77.5 581.8 576.1 533.4 574.7 103.9 117.6 705.0 540.7 557.4 417.7 518.0 416.7 24.3 792.4 488.9 142.2 568.5 526.3 513.0 581.6 648.2 524.8 405.1 686.2 414.9 504.5 608.6 537.6 550.2 576.4 496.1 606.7 388.0 616.2 608.5 855.7 575.5 536.4 325.1 547.0 445.9 706.1 683.7 701.6 586.0 946.0 419.4 501.1 117.8 705.9 587.5 580.6 835.3 774.8 584.0 567.5 526.5 477.2 572.3 466.8 433.1 647.1 425.5 587.0 627.7 456.6 610.4 625.4 432.8 294.1 33.7 785.3 576.1 675.0 596.0 180.7 569.7 598.9 542.1 362.0 929.7 0.0 472.8 434.1 390.9 486.4 433.8 554.3 479.0 754.4 714.0 165.9 110.4 476.8 612.2 606.7 598.6 454.4 691.3 377.2 837.9 352.8 585.2 662.9 576.8 658.5 611.2 456.9 490.3
2027.6 714.8 436.4 702.8 447.1 289.4 505.0 499.1 374.9 405.2 581.5 374.7 402.6 519.4 458.0 476.3 110.6 506.0 363.7 491.4 699.7 406.2 424.7 355.3 514.3 569.1 498.9 610.8 424.1 401.9 646.2 355.2 544.6 328.4 454.9 433.4 493.7 484.1 405.5 328.3 533.5 407.3 575.9 589.3 435.7 321.9 587.1 77.6 618.7 500.0 661.6 503.3 650.7 356.4 522.1 360.8 486.1 504.8 620.7 555.5 495.0 501.3 484.8 605.4 548.3 489.6 277.5 388.0 607.1 280.2 505.9 667.8 396.9 526.3 339.3 494.6 228.7 500.8 706.8 616.2 505.7 513.3 360.5 365.1 516.2 577.2 358.8 627.2 467.0 0.0 144.4 331.2 426.7 430.6 349.7 535.1 671.7 626.6 444.9 537.9 464.8 411.0 564.1 535.9 394.7 651.3 374.0 729.2 349.6 502.5 568.0 616.9 444.0 353.2 418.8 569.2
1981.8 569.7 390.6 557.7 401.9 243.6 459.8 354.0 229.8 260.1 436.4 328.9 348.9 374.9 312.9 331.8 56.7 360.9 238.4 445.6 554.6 261.7 378.9 210.8 369.2 424.0 353.8 465.7 279.6 255.8 501.7 309.4 400.1 183.9 309.8 289.6 348.6 339.6 260.4 282.5 388.4 262.2 430.8 444.8 290.6 276.7 442.6 102.3 473.6 354.9 516.5 358.8 505.6 196.8 377.0 315.0 341.6 360.3 475.6 410.4 349.9 356.8 339.7 560.2 403.2 345.1 132.6 242.9 462.6 234.4 360.8 522.7 253.7 381.8 194.8 349.5 182.9 455.0 561.7 471.7 360.6 368.2 314.7 220.6 371.7 432.1 313.6 482.1 421.8 157.4 0.0 160.8 282.9 384.8 204.6 390.6 526.6 481.5 399.1 492.7 320.3 265.9 419.0 390.8 250.9 506.8 328.8 584.1 304.4 357.4 422.9 484.4 298.9 208.1 373.0 523.4
2015.3 603.6 424.1 577.8 434.8 116.9 492.7 303.7 263.7 227.8 386.1 362.4 390.3 408.2 262.6 297.0 197.3 286.3 163.8 479.1 588.5 210.8 412.4 177.5 294.6 349.4 303.5 499.6 246.7 180.6 535.0 214.5 324.9 209.4 259.5 215.0 298.3 264.4 294.3 187.6 338.1 296.1 464.7 389.9 258.3 309.6 367.4 259.5 507.5 388.8 550.4 307.9 539.5 136.7 302.4 348.5 374.9 309.4 401.0 444.3 383.8 305.9 289.4 422.6 328.6 294.2 246.3 168.3 495.9 249.9 353.7 448.1 178.5 330.9 228.1 274.9 198.4 488.5 595.6 396.5 394.5 317.9 348.2 291.6 320.8 357.5 346.5 516.0 454.7 298.6 140.5 0.0 208.3 253.6 276.2 315.4 476.3 515.4 432.6 525.6 245.1 299.8 368.7 340.5 176.3 540.1 209.3 618.0 337.3 307.1 371.8 409.8 332.8 242.0 406.5 394.0
2066.6 472.3 457.4 462.1 468.1 157.5 526.0 188.0 182.3 112.1 270.4 395.7 450.9 426.9 146.9 181.3 369.9 237.6 222.4 512.4 457.2 95.1 445.7 366.4 245.9 408.0 187.8 343.9 131.0 239.2 381.9 255.1 254.7 214.8 143.8 120.6 182.6 215.7 212.9 228.2 222.4 214.7 493.5 306.9 144.9 269.7 295.9 416.1 423.2 337.5 397.3 192.2 552.2 195.3 253.7 381.8 312.1 193.7 315.7 466.0 405.5 190.2 173.7 307.9 387.2 178.5 418.9 226.9 342.8 412.4 238.0 361.4 84.1 215.2 231.6 333.5 360.9 521.8 464.3 289.7 281.2 202.2 381.5 175.9 205.1 416.1 279.2 535.9 488.0 471.2 313.1 173.4 0.0 322.4 160.5 374.0 360.6 432.1 465.9 558.9 303.7 218.4 253.0 224.8 60.6 387.0 267.9 463.8 297.4 191.4 256.1 338.3 264.7 217.4 416.2 289.7
1969.1 651.4 410.2 641.2 420.9 160.3 410.0 385.1 361.4 287.9 449.5 348.5 326.1 566.5 326.0 311.9 355.6 272.5 68.2 465.2 636.3 274.2 398.5 335.8 280.8 363.4 357.9 523.0 326.5 100.9 561.0 257.9 311.1 379.7 322.9 304.7 361.7 250.6 392.0 231.0 401.5 393.8 623.0 376.1 340.4 144.9 353.6 417.8 602.3 516.6 576.4 371.3 697.8 97.6 288.6 334.6 491.2 372.8 387.2 602.6 542.1 369.3 370.8 408.8 320.2 357.6 404.6 119.4 521.9 408.2 341.5 434.3 241.9 364.9 386.4 266.5 356.7 474.6 643.4 382.7 460.3 381.3 334.3 355.0 429.1 349.1 108.4 674.3 440.8 456.9 298.8 158.2 271.7 0.0 339.6 307.0 539.7 611.2 418.7 511.7 231.3 397.5 432.1 394.9 239.7 566.1 114.7 642.9 107.3 370.5 426.2 396.0 443.8 396.5 219.4 380.2
2179.1 483.3 553.1 471.3 563.8 253.2 621.7 220.6 96.4 126.7 303.0 491.4 539.9 337.1 179.5 197.8 253.4 252.2 300.1 608.1 468.2 127.7 541.4 249.9 260.5 337.5 220.4 333.2 145.6 316.9 367.7 350.8 269.3 98.3 176.4 157.8 215.2 230.3 127.0 323.9 255.0 128.8 393.6 310.8 159.5 365.4 310.5 299.6 387.2 301.5 383.1 224.8 468.4 273.0 268.3 477.5 284.5 226.3 330.3 373.2 312.7 222.8 206.3 340.5 464.9 211.1 302.4 304.6 328.6 431.4 227.4 376.0 155.9 247.8 145.7 411.2 379.9 617.5 475.3 304.3 227.2 234.8 477.2 15.3 237.7 493.8 374.9 444.9 583.7 354.7 196.6 222.5 184.4 389.9 0.0 451.7 393.2 395.1 561.6 654.6 381.4 132.5 285.6 257.4 126.8 372.8 345.6 474.8 392.0 224.0 288.7 352.9 228.7 131.5 449.0 314.9
1896.5 655.5 595.8 637.7 606.5 295.9 533.3 488.0 518.7 390.8 428.0 534.1 449.4 558.3 487.0 414.8 491.2 280.7 271.0 547.5 645.7 409.8 584.1 471.4 272.4 276.5 488.2 501.5 429.4 287.8 539.5 393.5 268.0 551.2 458.5 407.6 497.3 303.0 549.3 366.6 467.8 551.1 657.6 428.8 443.3 382.5 310.5 553.4 559.4 537.0 554.9 526.0 715.2 243.9 264.6 520.2 569.2 498.2 344.1 647.9 595.6 488.3 473.7 379.8 74.0 518.6 540.2 275.5 500.4 543.8 444.4 391.2 454.1 509.9 522.0 259.1 492.3 538.7 638.6 339.6 519.5 456.5 519.9 512.3 545.2 63.0 290.5 700.0 570.5 592.5 434.4 293.8 407.3 360.8 496.9 0.0 536.2 567.3 604.3 650.4 319.3 554.8 460.0 451.9 375.3 544.6 316.5 691.2 299.3 495.9 516.2 352.9 568.2 553.8 358.5 343.6
2032.5 111.6 738.6 101.4 749.3 438.7 807.2 330.0 407.6 354.1 205.4 676.9 732.1 278.6 274.7 323.3 642.9 462.2 503.6 793.6 96.5 302.5 726.9 639.4 540.9 568.8 329.8 143.5 373.0 520.4 195.3 536.3 500.6 494.9 369.1 401.8 443.4 440.3 438.2 509.4 324.8 420.0 233.2 465.8 384.6 550.9 526.8 752.3 153.2 227.8 150.9 360.3 247.9 476.5 533.1 663.0 231.2 346.6 512.7 182.3 222.5 322.6 315.7 416.8 668.4 306.3 691.9 508.1 154.2 693.6 380.0 558.4 365.3 357.2 429.1 614.7 642.1 803.0 103.6 486.7 250.3 313.5 662.7 462.5 332.9 714.5 560.4 216.5 769.2 744.2 586.1 454.6 393.8 603.6 447.1 651.4 0.0 71.4 747.1 840.1 499.4 443.7 317.0 366.8 336.2 154.8 549.1 103.1 578.6 294.9 398.9 562.9 257.4 442.7 697.4 380.6
2037.6 88.1 773.2 76.1 783.9 473.3 841.8 364.6 336.1 399.8 159.9 711.5 721.3 239.5 309.3 357.9 571.4 496.8 538.2 828.2 73.0 337.1 761.5 567.9 505.1 578.3 364.4 72.0 418.7 555.0 123.8 570.9 510.1 416.3 297.6 430.9 371.9 474.9 366.7 544.0 238.1 348.5 236.2 433.9 432.6 585.5 536.3 707.6 81.7 156.3 79.4 288.8 203.2 496.6 542.6 697.6 159.7 275.1 522.2 161.3 150.3 251.1 350.3 408.3 703.0 340.9 620.4 542.7 82.7 728.2 414.6 567.9 399.9 391.8 357.6 649.3 676.7 837.6 80.1 496.2 178.8 226.8 697.3 391.0 367.5 731.9 595.0 204.5 803.8 672.7 514.6 489.2 428.4 638.2 375.6 660.9 76.8 0.0 781.7 874.7 534.0 372.2 230.3 400.7 370.8 83.3 583.7 79.6 613.2 223.4 432.7 572.4 185.9 371.2 732.0 390.1
1885.3 829.1 46.3 818.9 151.3 312.1 209.2 544.8 539.1 468.9 627.2 70.6 280.7 783.7 503.7 538.1 380.7 545.4 386.4 195.6 814.0 451.9 71.1 531.5 596.8 600.9 544.6 700.7 487.8 419.1 738.7 377.9 592.4 578.7 500.6 456.1 539.4 523.5 569.7 351.0 579.2 571.5 818.7 663.4 499.4 362.6 634.9 408.9 780.0 694.3 754.1 549.0 909.0 381.3 589.0 84.5 668.9 550.5 668.5 798.3 737.8 547.0 530.5 614.4 565.1 535.3 429.8 402.8 699.6 388.5 594.8 715.6 419.6 572.0 588.4 534.0 257.1 205.0 821.1 664.0 638.0 559.0 143.7 532.7 561.9 630.0 378.2 892.7 171.2 435.8 397.7 353.9 449.4 421.4 517.3 566.9 717.4 788.9 0.0 242.1 504.2 575.2 609.8 581.6 417.4 739.6 414.7 820.6 390.3 548.2 612.9 664.7 621.5 574.2 459.5 578.2
1921.7 926.5 245.4 921.5 118.0 414.7 88.2 647.4 641.7 583.2 699.0 169.5 167.4 829.3 606.3 607.2 483.3 567.8 466.5 109.5 916.7 554.5 207.8 634.1 576.1 637.3 653.2 772.5 590.4 454.9 810.5 480.5 606.4 674.2 603.2 600.0 642.0 545.9 672.3 453.6 681.8 674.1 921.3 699.8 604.3 374.9 648.9 511.5 830.4 808.0 825.9 651.6 1011.6 469.2 583.9 183.4 771.5 653.1 682.5 900.9 840.4 649.6 633.1 650.8 601.5 637.9 532.4 482.9 771.4 491.1 636.8 729.6 522.2 660.2 691.0 557.1 372.0 118.9 909.6 678.0 740.6 661.6 246.3 635.3 664.5 666.4 411.8 995.3 85.1 538.4 500.3 456.5 552.0 483.6 619.9 603.3 820.0 838.3 231.5 0.0 526.6 677.8 712.4 722.9 520.0 815.6 427.0 962.2 402.6 650.8 721.5 691.3 724.1 676.8 506.7 614.6
1985.0 562.8 509.5 552.6 470.7 202.5 425.9 224.1 254.8 126.9 360.9 447.8 342.0 526.1 256.1 150.9 442.4 111.5 177.6 440.1 547.7 185.6 497.8 438.9 119.8 202.4 196.9 434.4 165.5 194.4 472.4 300.1 150.1 287.3 234.3 143.7 273.1 89.6 285.4 273.2 312.9 287.2 582.6 215.1 179.4 267.8 192.6 460.0 513.7 428.0 487.8 282.7 657.4 150.5 127.6 433.9 402.6 284.2 226.2 562.2 501.7 280.7 209.8 247.8 281.0 248.1 491.4 182.1 433.3 446.0 180.5 273.3 190.2 203.9 304.1 227.3 394.5 431.3 554.8 221.7 385.6 292.7 433.6 248.4 268.1 309.9 183.1 633.9 463.1 543.7 385.6 200.4 222.3 272.8 233.0 267.8 451.1 522.6 518.0 543.0 0.0 290.9 343.5 233.9 164.7 477.5 216.3 554.3 191.9 281.9 265.2 235.0 355.2 289.9 251.1 219.2
2169.4 460.9 560.2 448.9 570.9 260.3 628.8 251.6 40.9 157.7 334.0 498.5 553.7 313.3 210.5 228.8 333.2 283.2 325.2 615.2 445.8 158.7 548.5 329.7 291.5 368.5 251.4 310.8 176.6 342.0 345.3 357.9 300.3 178.1 207.4 188.8 246.2 261.3 4.7 331.0 286.0 88.4 369.8 341.8 190.5 372.5 341.5 379.4 364.8 279.1 360.7 255.8 444.6 298.1 299.3 484.6 262.1 257.3 361.3 349.4 288.9 253.8 237.3 388.8 490.0 242.1 382.2 329.7 306.2 511.2 258.4 407.0 186.9 278.8 63.1 436.3 459.7 624.6 452.9 335.3 204.8 265.8 484.3 148.9 268.7 518.9 382.0 421.1 590.8 434.5 276.4 276.2 215.4 425.2 133.5 476.8 424.2 372.7 568.7 661.7 320.4 0.0 285.0 288.4 157.8 350.4 370.7 452.4 400.2 203.9 319.7 383.9 206.3 48.9 519.0 345.9
1954.5 316.4 605.5 304.4 616.2 305.6 674.1 196.9 252.4 221.0 88.9 543.8 599.0 219.2 141.6 190.2 501.3 329.1 370.5 660.5 301.3 169.4 593.8 497.8 337.4 425.4 196.7 162.4 239.9 387.3 200.4 403.2 357.2 353.3 126.7 268.7 201.0 307.2 283.0 376.3 59.7 264.8 318.5 281.0 251.5 417.8 383.4 547.5 220.3 197.9 215.8 117.9 376.1 328.9 345.2 529.9 230.1 122.2 369.3 308.8 256.5 80.2 182.6 255.4 535.3 173.2 550.3 375.0 161.3 560.5 246.9 415.0 232.2 224.1 301.7 481.6 509.0 669.9 308.4 343.3 180.4 48.4 529.6 307.3 199.8 564.2 427.3 360.9 636.1 602.6 444.5 321.5 260.7 470.5 291.9 522.1 263.1 228.2 614.0 707.0 366.3 288.5 0.0 247.8 203.1 201.3 416.0 307.9 445.5 99.3 265.0 419.5 172.6 287.5 564.3 237.2
1976.9 496.1 566.1 451.6 576.8 266.2 634.7 125.9 321.3 181.6 280.0 504.4 500.0 403.7 157.9 72.2 459.4 207.4 331.1 621.1 481.0 130.0 554.4 455.9 199.1 227.0 36.2 364.0 200.5 347.9 398.5 363.8 158.8 304.3 163.1 169.5 201.9 189.2 351.9 336.9 220.7 333.7 470.3 82.0 214.4 378.4 185.0 541.7 400.0 314.3 413.9 203.8 529.0 304.0 191.3 490.5 288.9 170.5 170.9 442.8 382.3 167.1 111.6 136.7 383.7 149.9 508.4 335.6 359.4 521.1 81.3 216.6 192.8 57.9 370.6 385.3 469.6 630.5 488.1 144.9 258.0 200.5 490.2 265.4 169.9 372.7 387.9 512.7 596.7 560.7 402.6 282.1 221.3 431.1 250.0 309.6 350.1 407.9 574.6 667.6 248.3 357.4 240.5 0.0 163.7 403.6 376.6 487.6 406.1 168.2 64.2 238.2 241.5 356.4 409.1 108.1
2011.5 411.6 402.3 401.4 413.0 102.4 470.9 127.3 121.6 91.6 209.7 340.6 395.8 366.2 86.2 120.6 309.2 289.8 167.3 457.3 396.5 34.4 390.6 305.7 298.1 352.9 127.1 283.2 70.3 184.1 321.2 200.0 194.0 154.1 83.1 65.5 121.9 267.9 152.2 173.1 161.7 154.0 432.8 246.2 84.2 214.6 235.2 355.4 362.5 276.8 336.6 131.5 491.5 140.2 305.9 326.7 251.4 133.0 255.0 405.3 344.8 129.5 113.0 247.2 332.1 117.8 358.2 171.8 282.1 357.3 177.3 300.7 29.0 154.5 170.9 278.4 305.8 466.7 403.6 229.0 220.5 141.5 326.4 115.2 144.4 361.0 224.1 475.2 432.9 410.5 252.4 118.3 57.5 267.3 99.8 318.9 299.9 371.4 410.8 503.8 248.6 157.7 192.3 164.1 0.0 326.3 212.8 403.1 242.3 130.7 195.4 277.6 204.0 156.7 361.1 229.0
2020.5 195.3 754.8 183.3 765.5 454.9 823.4 346.2 296.6 360.3 138.6 693.1 704.2 264.8 290.9 339.5 545.5 478.4 519.8 809.8 176.0 361.3 743.1 537.8 486.7 555.7 346.0 97.3 379.2 536.6 52.9 552.5 491.7 397.5 279.2 387.2 353.5 456.5 327.2 525.6 221.0 309.0 242.5 415.5 390.8 567.1 517.9 591.7 137.8 181.6 46.6 266.2 306.2 478.2 524.2 679.2 185.0 256.7 503.8 200.4 206.4 232.7 331.9 389.9 684.6 322.5 594.5 524.3 34.0 709.8 392.0 549.5 377.3 373.4 345.9 626.7 658.3 819.2 187.3 477.8 186.1 209.7 678.9 347.3 344.9 713.5 576.6 282.8 785.4 642.6 484.5 466.6 410.0 619.8 336.1 642.5 184.0 107.1 763.3 856.3 515.6 332.7 209.0 382.3 352.4 0.0 565.3 186.8 594.8 200.8 415.1 554.0 211.2 331.7 713.6 371.7
1971.8 638.3 412.9 628.1 423.6 147.2 412.7 307.7 338.4 210.5 436.4 351.2 328.8 553.4 339.7 234.5 342.5 195.1 55.1 467.9 623.2 261.1 401.2 322.7 203.4 286.0 280.5 509.9 249.1 37.9 547.9 244.8 233.7 370.9 309.8 227.3 348.6 173.2 369.0 217.9 388.4 370.8 609.9 298.7 263.0 147.6 276.2 404.7 589.2 503.5 563.3 358.2 684.7 84.5 211.2 337.3 478.1 359.7 309.8 589.5 529.0 356.2 293.4 331.4 255.4 331.7 391.5 71.5 508.8 395.1 264.1 356.9 273.8 287.5 387.7 201.7 343.6 477.3 630.3 305.3 447.2 368.2 337.0 332.0 351.7 284.3 111.1 661.2 443.5 443.8 285.7 145.1 258.6 125.9 316.6 242.2 526.6 598.1 421.4 514.4 153.9 374.5 419.0 317.5 248.3 553.0 0.0 629.8 128.0 357.4 348.8 318.6 430.7 373.5 222.1 302.8
2116.6 79.0 852.2 49.0 862.9 552.3 920.8 443.6 415.1 478.8 238.9 790.5 800.3 287.5 388.3 436.9 650.4 575.8 617.2 907.2 63.9 416.1 840.5 699.3 584.1 656.7 443.4 151.0 497.7 634.0 202.8 649.9 588.5 495.3 376.6 509.9 450.9 553.9 445.7 623.0 317.1 427.5 209.1 512.9 511.6 664.5 614.7 680.5 160.7 235.3 158.4 367.8 176.1 590.1 621.0 776.6 238.7 354.1 600.6 181.8 261.2 330.1 429.3 487.3 782.0 419.9 699.4 621.7 161.7 807.2 493.6 646.3 478.9 470.8 436.6 728.3 755.7 916.6 71.0 574.6 257.8 305.8 776.3 470.0 446.5 810.9 674.0 223.8 882.8 756.8 593.6 568.2 507.4 717.2 454.6 739.3 87.8 78.9 860.7 953.7 613.0 451.2 309.3 479.7 449.8 166.5 662.7 0.0 692.2 302.4 511.7 667.9 264.9 450.2 811.0 468.5
1965.0 609.6 418.4 599.4 429.1 118.5 405.9 277.7 308.4 180.5 407.7 356.7 322.0 524.7 309.7 204.5 313.8 165.1 93.6 473.4 594.5 232.4 406.7 294.0 173.4 256.0 250.5 481.2 219.1 52.2 519.2 216.1 203.7 340.9 281.1 197.3 319.9 143.2 339.0 189.2 359.7 340.8 581.2 268.7 233.0 205.1 246.2 376.0 560.5 474.8 534.6 329.5 656.0 66.5 181.2 342.8 449.4 331.0 279.8 560.8 500.3 327.5 263.4 301.4 225.4 301.7 362.8 98.1 480.1 366.4 234.1 326.9 243.8 257.5 357.7 171.7 314.9 411.3 601.6 275.3 418.5 339.5 342.5 302.0 321.7 254.3 168.6 632.5 449.0 415.1 257.0 116.4 229.9 183.4 286.6 212.2 497.9 569.4 426.9 519.9 123.9 344.5 390.3 287.5 218.3 520.1 24.3 601.1 0.0 328.7 318.8 288.6 402.0 343.5 231.1 272.8
1982.6 327.8 549.7 315.8 560.4 249.8 618.3 141.1 153.0 165.2 138.0 488.0 543.2 235.4 85.8 134.4 401.9 273.3 314.7 604.7 312.7 113.6 538.0 398.4 281.6 354.8 140.9 195.7 184.1 331.5 230.2 347.4 286.6 253.9 74.1 212.9 148.4 251.4 183.6 320.5 68.4 165.4 302.0 210.4 195.7 362.0 312.8 448.1 231.7 146.0 245.6 65.3 360.7 273.1 319.1 474.1 120.6 51.6 298.7 274.5 214.0 27.6 126.8 184.8 479.5 117.4 450.9 319.2 191.1 504.7 191.1 344.4 176.4 168.3 202.3 425.8 453.2 614.1 319.8 272.7 89.7 77.1 473.8 207.9 144.0 508.4 371.5 344.4 580.3 503.2 345.7 265.7 204.9 414.7 192.5 437.4 255.5 239.6 558.2 651.2 310.5 189.1 81.0 177.2 147.3 235.3 360.2 319.3 389.7 0.0 209.2 348.9 73.2 188.1 508.5 166.6
2048.8 480.7 585.0 470.5 595.7 285.1 653.6 144.8 290.7 200.5 278.8 523.3 518.9 475.6 176.8 91.8 478.3 230.0 350.0 640.0 465.6 148.9 573.3 474.8 238.3 298.9 55.1 352.3 219.4 366.8 390.3 382.7 230.7 330.3 182.0 188.4 220.8 208.1 321.3 355.8 230.8 405.6 542.2 153.9 231.0 397.3 256.9 560.6 471.9 386.2 405.7 230.4 600.9 308.4 246.1 509.4 360.8 242.4 242.8 514.7 454.2 239.0 130.5 208.6 455.6 168.8 528.0 354.5 351.2 540.0 100.9 288.5 211.7 76.8 340.0 404.9 488.5 649.4 472.7 216.8 329.9 210.6 509.1 284.3 188.8 444.6 406.8 584.6 616.3 579.6 421.5 301.7 240.2 450.0 268.9 381.5 369.0 440.5 593.5 686.5 267.2 326.8 261.4 71.8 182.6 391.2 395.5 472.2 425.0 240.1 0.0 293.0 313.4 325.8 428.7 180.0
2033.8 637.3 641.6 627.1 652.3 341.7 564.7 298.6 329.3 201.4 432.4 579.9 480.8 600.6 330.6 225.4 516.9 108.5 316.4 578.9 622.2 260.1 629.9 513.4 100.2 128.1 247.6 505.9 240.0 333.2 543.9 432.3 78.6 368.9 308.8 218.2 347.6 130.8 359.9 412.4 387.4 361.7 657.1 188.2 251.6 406.6 50.3 563.1 588.2 502.5 559.3 357.2 731.9 283.5 92.4 566.0 477.1 358.7 98.4 636.7 576.2 355.2 284.3 220.9 284.8 315.6 565.9 320.9 504.8 584.8 248.0 131.0 264.7 269.3 378.6 366.1 533.3 570.1 629.3 79.4 460.1 367.2 565.7 322.9 342.6 273.8 321.9 708.4 601.9 618.2 453.7 339.2 296.8 411.6 307.5 210.7 525.6 597.1 650.1 681.8 239.0 365.4 418.0 211.3 239.2 544.8 355.1 628.8 330.7 356.4 276.4 0.0 429.7 364.4 389.9 192.3
2056.3 270.7 623.4 258.7 634.1 323.5 692.0 214.8 183.2 246.9 211.7 561.7 616.9 162.1 159.5 208.1 377.8 347.0 388.4 678.4 255.6 187.3 611.7 374.3 355.3 428.5 214.6 174.0 265.8 405.2 233.0 421.1 360.3 222.7 147.8 286.6 222.1 325.1 213.8 394.2 142.1 195.6 228.7 284.1 279.7 435.7 386.5 507.9 174.6 72.7 200.1 139.0 287.4 361.3 392.8 547.8 63.5 125.3 372.4 201.2 140.7 101.3 200.5 258.5 553.2 191.1 426.8 392.9 193.9 555.8 264.8 418.1 250.1 242.0 164.0 499.5 504.3 687.8 262.7 346.4 92.5 150.8 547.5 238.1 217.7 582.1 445.2 271.1 654.0 479.1 321.0 339.4 278.6 488.4 222.7 511.1 259.4 182.5 631.9 724.9 384.2 219.3 154.7 250.9 221.0 238.1 433.9 262.2 463.4 73.6 282.9 439.7 0.0 177.9 582.2 240.3
2163.5 455.0 554.3 443.0 565.0 254.4 622.9 245.7 35.0 151.8 328.1 492.6 547.8 270.5 204.6 222.9 284.2 277.3 319.3 609.3 439.9 152.8 542.6 280.7 285.6 362.6 245.5 304.9 170.7 336.1 339.4 352.0 294.4 129.1 201.5 182.9 240.3 255.4 58.5 325.1 280.1 82.5 327.0 335.9 184.6 366.6 335.6 330.4 358.9 273.2 354.8 249.9 401.8 292.2 293.4 478.7 256.2 251.4 355.4 306.6 246.1 247.9 231.4 382.9 484.1 236.2 333.2 323.8 300.3 462.2 252.5 401.1 181.0 272.9 14.1 430.4 410.7 618.7 447.0 329.4 198.9 259.9 478.4 143.0 262.8 513.0 376.1 378.3 584.9 385.5 227.4 253.3 209.5 419.3 127.6 470.9 418.3 366.8 562.8 655.8 314.5 64.0 279.1 282.5 151.9 344.5 364.8 446.5 394.3 198.0 313.8 378.0 200.4 0.0 513.1 340.0
1867.5 721.0 500.7 703.2 428.7 273.8 383.9 433.0 463.7 335.8 493.5 439.0 300.0 623.8 465.0 359.8 396.2 320.4 201.1 398.1 711.2 387.7 489.0 449.3 328.7 431.8 405.8 567.0 374.4 207.5 605.0 371.4 359.0 496.2 436.4 352.6 475.2 298.5 494.3 344.5 533.3 496.1 736.5 424.0 386.0 196.8 401.5 424.4 624.9 602.5 620.4 484.8 780.7 230.5 336.5 425.1 634.7 486.3 435.1 716.1 655.6 482.8 418.7 445.3 380.7 457.0 445.3 217.5 565.9 404.0 389.4 482.2 399.1 412.8 513.0 327.0 352.5 389.3 704.1 430.6 585.0 522.0 424.8 457.3 477.0 460.9 146.4 787.8 421.1 451.3 412.9 271.7 385.2 236.1 441.9 397.8 601.7 632.8 509.2 501.0 279.2 499.8 525.5 442.8 373.6 610.1 179.6 756.7 155.2 484.0 474.9 443.9 557.3 498.8 0.0 409.1
1852.3 492.9 626.4 472.6 637.1 326.5 574.4 217.8 318.1 188.0 240.0 564.7 490.5 370.3 162.5 180.5 503.5 168.5 326.1 588.6 477.8 190.3 614.7 500.0 160.2 188.1 144.5 313.5 260.8 342.9 351.5 424.1 119.9 348.4 210.4 204.8 284.7 179.7 348.7 397.2 217.5 330.5 467.1 85.1 274.7 438.7 146.1 602.0 396.8 311.1 366.9 200.6 525.8 299.0 152.4 550.8 285.7 167.3 132.0 439.6 379.1 163.9 203.5 41.6 344.8 194.1 552.5 330.6 312.4 581.4 189.6 177.7 253.1 166.2 367.4 375.8 529.9 579.8 484.9 106.0 254.8 197.3 550.5 309.5 220.7 333.8 331.6 509.5 657.0 604.8 446.7 342.4 281.6 421.3 294.1 270.7 371.1 404.7 634.9 727.9 238.8 354.2 237.3 108.2 224.0 356.6 364.8 484.4 340.4 165.0 172.5 199.3 238.3 353.2 399.6 0.0
