Name		1702_BED-Amazon_n84_m223_bt34
Number_of_Customers	84
Number_of_Items		223
Number_of_ItemTypes	34
Number_of_Vehicles	1
TimeWindows		0
Dist_type	manual

VEHICLE
Mass_Capacity	1693
CargoSpace_Length	160
CargoSpace_Width	70
CargoSpace_Height	72

CUSTOMERS
i	x	y	Demand	ReadyTime	DueDate	ServiceTime	DemandedMass	DemandedVolume
0	33.918699	-118.324843	0	0	0	0	0	0
1	34.030923	-118.402773	2	0	0	0	6.51	14760
2	34.028386	-118.402686	2	0	0	0	8.5	17172
3	34.033251	-118.40667	1	0	0	0	1.8	2520
4	34.028655	-118.401002	1	0	0	0	4.7	1380
5	34.026337	-118.39919	4	0	0	0	12.82	16458
6	34.03293	-118.401068	2	0	0	0	9.8	7618
7	34.027179	-118.406084	5	0	0	0	20.49	17699
8	34.030375	-118.404656	1	0	0	0	4.7	1380
9	34.034558	-118.402861	4	0	0	0	15.64	22564
10	34.039003	-118.400741	2	0	0	0	2.6	3816
11	34.029058	-118.403523	7	0	0	0	47.92	42242
12	34.027446	-118.401974	3	0	0	0	13.05	8544
13	34.033312	-118.400909	1	0	0	0	4.7	1380
14	34.028454	-118.40709	4	0	0	0	8.11	13338
15	34.030737	-118.402018	1	0	0	0	7.3	3640
16	34.028927	-118.401566	1	0	0	0	4.7	1380
17	34.031696	-118.406143	4	0	0	0	11.89	24870
18	34.025961	-118.400845	4	0	0	0	28.62	26314
19	34.035311	-118.40237	1	0	0	0	4.8	6200
20	34.033477	-118.407204	1	0	0	0	5.25	18480
21	34.038423	-118.400884	1	0	0	0	4.8	6200
22	34.035185	-118.398321	2	0	0	0	8.04	17147
23	34.033614	-118.404255	3	0	0	0	16.73	15020
24	34.026096	-118.402	5	0	0	0	12.01	29525
25	34.035551	-118.401275	1	0	0	0	1.4	5280
26	34.033526	-118.402137	4	0	0	0	16.7	27094
27	34.032626	-118.399351	2	0	0	0	11.3	3936
28	34.032804	-118.406461	1	0	0	0	4.8	6200
29	34.035615	-118.404304	1	0	0	0	1.4	5280
30	34.027275	-118.4092	2	0	0	0	12.41	8304
31	34.027528	-118.407863	2	0	0	0	12.0	5020
32	34.032114	-118.402718	2	0	0	0	7.0	23088
33	34.030452	-118.401177	5	0	0	0	27.63	29704
34	34.03194	-118.401481	1	0	0	0	3.82	7600
35	34.031217	-118.399927	6	0	0	0	16.98	26422
36	34.029105	-118.406257	4	0	0	0	20.48	25597
37	34.032914	-118.406182	1	0	0	0	1.9	1176
38	34.030637	-118.402587	3	0	0	0	12.77	46342
39	34.029072	-118.40362	2	0	0	0	15.35	18670
40	34.031585	-118.401629	2	0	0	0	7.2	5358
41	34.026353	-118.401127	1	0	0	0	1.9	1176
42	34.026502	-118.404509	2	0	0	0	5.4	4020
43	34.028262	-118.404765	1	0	0	0	2.6	10400
44	34.033737	-118.399714	1	0	0	0	6.24	7920
45	34.027681	-118.405954	3	0	0	0	10.27	13588
46	34.033079	-118.400246	1	0	0	0	10.65	17290
47	34.03553	-118.40251	1	0	0	0	4.7	1380
48	34.038087	-118.400789	1	0	0	0	3.01	5544
49	34.028702	-118.405093	1	0	0	0	4.7	1380
50	34.035608	-118.40359	1	0	0	0	5.29	8075
51	34.036104	-118.401001	1	0	0	0	1.9	1176
52	34.028064	-118.404329	3	0	0	0	8.7	11888
53	34.030534	-118.406409	2	0	0	0	3.01	9120
54	34.027498	-118.404171	2	0	0	0	2.81	14385
55	34.034974	-118.405404	1	0	0	0	0.7	2640
56	34.031783	-118.400653	1	0	0	0	7.63	16848
57	34.027963	-118.40164	3	0	0	0	18.8	22460
58	34.028011	-118.405561	7	0	0	0	31.62	69887
59	34.027853	-118.402276	4	0	0	0	12.84	13175
60	34.027848	-118.400337	1	0	0	0	3.82	7600
61	34.02671	-118.401412	1	0	0	0	3.43	10296
62	34.032645	-118.403603	1	0	0	0	2.5	3978
63	34.028933	-118.40161	1	0	0	0	2.15	1080
64	34.03501	-118.400897	1	0	0	0	7.3	3640
65	34.028113	-118.40876	3	0	0	0	24.25	6400
66	34.027718	-118.409218	1	0	0	0	1.9	1176
67	34.024317	-118.400632	2	0	0	0	7.3	10178
68	34.033908	-118.40798	1	0	0	0	1.75	4608
69	34.033516	-118.403256	1	0	0	0	3.01	5544
70	34.028589	-118.402843	6	0	0	0	30.89	39623
71	34.023968	-118.400276	1	0	0	0	7.3	3640
72	34.037473	-118.400487	1	0	0	0	1.9	1176
73	34.026085	-118.400253	3	0	0	0	7.3	5196
74	34.034551	-118.404611	1	0	0	0	2.5	3978
75	34.02678	-118.408818	3	0	0	0	9.1	6534
76	34.034691	-118.398507	4	0	0	0	9.05	9804
77	34.028232	-118.403641	2	0	0	0	9.43	11380
78	34.031952	-118.403654	1	0	0	0	0.7	2640
79	34.028639	-118.407237	3	0	0	0	11.25	12188
80	34.023519	-118.400003	1	0	0	0	4.7	1380
81	34.028981	-118.406992	2	0	0	0	15.85	8748
82	34.028099	-118.401388	1	0	0	0	3.7	7128
83	34.027551	-118.40068	4	0	0	0	21.94	24504
84	34.027862	-118.406613	2	0	0	0	4.05	2256

ITEMS
Type	Length	Width	Height	Mass	Fragility	LoadBearingStrength
Bt1	10	10	10	14.15	1	0
Bt2	18	12	5	2.15	1	0
Bt3	21	14	4	1.9	1	0
Bt4	23	15	4	4.7	1	0
Bt5	20	18	7	1.8	1	0
Bt6	15	11	16	0.7	1	0
Bt7	20	14	13	7.3	1	0
Bt8	17	13	18	2.5	1	0
Bt9	24	12	16	1.75	1	0
Bt10	28	22	9	3.01	1	0
Bt11	31	20	10	4.8	1	0
Bt12	30	18	12	2.31	1	0
Bt13	36	18	11	3.7	1	0
Bt14	26	20	14	2.21	1	0
Bt15	40	19	10	3.82	1	0
Bt16	44	15	12	6.24	1	0
Bt17	25	19	17	5.29	1	0
Bt18	22	15	26	3.816	1	0
Bt19	28	18	18	2.75	1	0
Bt20	29	21	15	1.85	1	0
Bt21	29	25	13	1.77	1	0
Bt22	50	20	10	4.73	1	0
Bt23	26	22	18	3.43	1	0
Bt24	40	20	13	2.6	1	0
Bt25	29	24	15	4.26	1	0
Bt26	29	27	15	2.11	1	0
Bt27	38	29	11	5.088	1	0
Bt28	39	26	14	5.5	1	0
Bt29	27	23	24	2.94	1	0
Bt30	39	27	16	7.63	1	0
Bt31	35	26	19	10.65	1	0
Bt32	39	26	18	10.38	1	0
Bt33	33	20	28	5.25	1	0
Bt34	41	20	29	3.42	1	0

DEMANDS PER CUSTOMER
i	Type Quantity
1	Bt10 1	Bt9 2	
2	Bt8 2	Bt9 2	
3	Bt5 1	
4	Bt4 1	
5	Bt5 1	Bt8 1	Bt18 1	Bt4 1	
6	Bt8 1	Bt7 1	
7	Bt3 1	Bt2 1	Bt4 2	Bt17 1	Bt9 1	
8	Bt4 1	
9	Bt6 1	Bt7 1	Bt4 1	Bt29 1	
10	Bt6 1	Bt3 1	
11	Bt8 1	Bt10 2	Bt7 2	Bt4 4	Bt9 2	Bt6 1	Bt5 1	
12	Bt9 1	Bt3 1	Bt4 2	
13	Bt4 1	
14	Bt10 1	Bt8 1	Bt6 1	Bt3 1	
15	Bt7 1	
16	Bt4 1	
17	Bt9 1	Bt29 1	Bt4 1	Bt8 1	
18	Bt8 1	Bt4 4	Bt9 2	Bt15 1	
19	Bt11 1	
20	Bt33 1	
21	Bt11 1	
22	Bt17 1	Bt19 1	
23	Bt22 1	Bt4 1	Bt7 1	
24	Bt29 1	Bt3 1	Bt6 1	Bt4 1	Bt21 1	
25	Bt6 2	
26	Bt8 1	Bt6 2	Bt28 1	Bt7 1	
27	Bt3 1	Bt4 2	
28	Bt11 1	
29	Bt6 2	
30	Bt4 2	Bt10 1	
31	Bt4 1	Bt7 1	
32	Bt9 1	Bt33 1	
33	Bt4 2	Bt6 2	Bt7 1	Bt30 1	Bt3 1	
34	Bt15 1	
35	Bt3 1	Bt22 1	Bt9 1	Bt6 2	Bt4 1	Bt8 1	
36	Bt4 2	Bt27 1	Bt6 1	Bt17 1	
37	Bt3 1	
38	Bt34 1	Bt25 1	Bt27 1	
39	Bt4 1	Bt31 1	
40	Bt8 1	Bt4 1	
41	Bt3 1	
42	Bt6 1	Bt4 1	
43	Bt24 1	
44	Bt16 1	
45	Bt4 1	Bt9 1	Bt15 1	
46	Bt31 1	
47	Bt4 1	
48	Bt10 1	
49	Bt4 1	
50	Bt17 1	
51	Bt3 1	
52	Bt11 1	Bt2 1	Bt9 1	
53	Bt12 1	Bt6 1	
54	Bt6 1	Bt26 1	
55	Bt6 1	
56	Bt30 1	
57	Bt4 3	Bt6 3	Bt24 1	
58	Bt32 1	Bt19 1	Bt6 3	Bt14 1	Bt4 1	Bt30 1	Bt20 1	
59	Bt4 1	Bt17 1	Bt2 1	Bt6 1	
60	Bt15 1	
61	Bt23 1	
62	Bt8 1	
63	Bt2 1	
64	Bt7 1	
65	Bt6 1	Bt4 2	Bt1 1	
66	Bt3 1	
67	Bt11 1	Bt8 1	
68	Bt9 1	
69	Bt10 1	
70	Bt4 3	Bt17 1	Bt9 1	Bt29 1	Bt3 2	Bt10 1	
71	Bt7 1	
72	Bt3 1	
73	Bt3 1	Bt6 1	Bt4 1	
74	Bt8 1	
75	Bt3 1	Bt8 1	Bt4 1	
76	Bt3 1	Bt6 1	Bt4 1	Bt9 1	
77	Bt22 1	Bt4 1	
78	Bt6 1	
79	Bt9 1	Bt4 1	Bt11 1	
80	Bt4 1	
81	Bt4 3	Bt9 1	
82	Bt13 1	
83	Bt4 2	Bt10 1	Bt22 1	Bt11 1	
84	Bt3 1	Bt2 1	

DISTANCE MATRIX
0.0 1709.3 1536.3 1594.1 1573.5 1508.5 1726.6 1474.3 1613.7 1673.3 1795.0 1517.0 1517.3 1734.6 1478.3 1545.1 1546.3 1656.4 1485.4 1685.7 1578.0 1779.0 1718.2 1667.4 1538.9 1759.2 1757.4 1683.7 1615.6 1646.8 1455.7 1490.0 1741.3 1589.9 1705.6 1586.8 1471.4 1604.5 1700.9 1515.1 1698.1 1493.0 1567.6 1516.2 1721.8 1464.3 1643.1 1681.0 1769.7 1502.4 1657.7 1786.9 1522.9 1595.2 1546.5 1613.6 1594.4 1537.2 1471.4 1527.4 1568.5 1500.6 1677.2 1545.7 1731.6 1483.5 1471.2 1484.8 1581.8 1693.1 1543.2 1475.3 1767.1 1492.5 1630.5 1468.7 1711.7 1598.3 1663.8 1473.4 1466.8 1462.4 1542.2 1524.7 1494.2
1787.3 0.0 109.2 94.8 124.0 208.2 171.1 120.6 74.4 72.4 209.9 75.7 132.4 162.6 129.9 39.2 107.0 107.1 164.7 112.3 120.9 191.7 172.4 97.3 196.6 122.1 62.4 108.8 111.2 161.9 159.7 130.7 34.1 84.0 193.1 78.5 97.0 84.5 9.9 73.8 201.0 157.6 156.0 95.0 178.4 97.5 137.2 117.0 182.4 91.5 150.3 152.8 124.8 127.9 111.6 135.6 88.5 153.0 88.4 128.6 165.4 149.8 39.7 106.4 94.5 173.2 176.4 240.8 160.6 57.2 106.2 247.7 165.2 197.9 129.8 155.1 174.3 193.8 26.3 128.4 254.5 99.8 147.3 182.9 108.7
1771.0 136.3 0.0 235.0 60.6 101.6 257.1 130.5 120.0 314.2 322.5 43.5 20.1 248.6 128.3 89.6 43.6 297.3 52.4 316.9 218.9 306.5 195.7 308.3 84.5 298.5 198.8 160.6 256.5 288.1 185.0 136.9 170.5 134.4 162.2 130.9 76.5 248.0 130.1 64.5 154.7 43.3 104.2 107.0 201.9 96.9 187.6 320.3 297.2 97.6 297.0 329.2 97.7 175.1 81.9 257.1 138.9 38.5 92.7 10.2 74.2 35.5 178.3 43.0 281.0 151.1 168.8 122.3 212.7 195.8 4.3 136.4 280.0 88.6 274.0 152.6 189.2 82.5 164.9 123.4 140.2 85.5 43.4 74.4 144.5
1826.9 82.6 193.9 0.0 206.7 292.9 231.1 205.3 157.1 100.4 217.9 160.4 217.1 222.6 208.4 121.9 189.7 62.2 249.4 108.6 26.0 201.9 232.4 73.2 281.3 182.1 122.1 264.3 21.4 69.7 220.4 215.4 106.0 166.7 253.1 163.6 175.5 10.3 92.6 158.5 261.0 240.3 240.7 177.7 238.4 177.9 219.9 103.9 192.6 174.2 80.6 212.8 184.4 160.3 196.3 40.7 171.2 235.4 171.5 207.1 248.1 232.5 83.0 189.1 154.5 257.9 259.1 319.3 65.7 100.5 188.8 330.4 190.0 282.6 57.6 233.6 238.9 276.5 69.6 213.1 337.2 184.5 230.0 254.1 193.4
1785.8 153.3 59.3 249.8 0.0 105.4 269.3 151.7 134.8 329.0 337.3 58.3 61.9 260.8 143.1 104.4 27.5 312.1 94.2 331.7 233.7 321.3 210.5 323.1 108.3 310.7 201.4 176.0 271.3 298.3 197.3 149.2 185.3 149.2 260.1 146.1 91.3 260.2 144.9 61.0 252.6 85.1 106.1 130.8 214.1 111.7 202.4 332.5 312.0 112.4 309.2 341.4 118.5 190.3 103.0 269.3 153.7 29.8 105.3 50.4 41.3 77.3 193.1 28.1 295.8 163.4 181.0 157.9 227.5 210.6 66.2 169.0 294.8 120.1 286.2 167.4 204.0 103.3 179.7 138.2 179.9 100.3 23.2 75.1 169.3
1739.4 278.3 91.8 326.9 117.6 0.0 291.6 186.6 211.9 353.8 433.8 135.4 70.2 299.0 219.2 181.5 124.8 381.0 38.3 428.2 310.8 417.8 307.6 368.9 73.8 407.8 334.0 266.8 348.4 377.4 248.1 255.3 307.4 226.3 270.0 222.8 168.4 337.3 265.3 196.2 265.5 45.9 172.9 165.6 310.6 204.1 279.5 432.9 408.5 181.1 386.3 437.9 166.7 267.4 137.8 346.4 230.8 90.2 211.8 80.3 86.2 53.5 313.5 125.4 392.3 240.5 269.0 84.1 304.6 331.0 95.6 95.2 391.3 12.0 363.3 243.5 300.5 145.5 300.1 223.9 106.1 177.4 95.1 91.9 203.2
1825.7 83.3 152.6 173.6 162.4 248.6 0.0 161.4 112.8 149.6 137.6 116.1 172.8 8.0 164.1 54.3 145.4 185.9 205.1 121.2 199.7 121.6 96.4 173.9 237.0 100.2 119.6 72.0 190.0 168.6 193.9 171.1 112.4 125.3 22.0 103.5 131.2 163.3 70.3 114.2 29.9 196.0 196.4 133.4 43.9 131.7 183.7 125.9 112.3 129.9 159.2 130.9 163.5 168.3 152.0 209.8 135.0 191.4 126.8 162.8 203.8 188.2 118.5 144.8 85.3 213.6 214.8 275.0 205.5 136.0 143.7 286.1 95.1 238.3 187.5 189.3 89.9 232.2 105.1 168.8 292.9 140.2 185.7 223.3 148.1
1753.8 144.9 101.5 243.6 114.7 192.5 263.1 0.0 128.6 322.8 331.1 68.4 124.7 254.6 32.9 98.6 97.7 305.9 157.0 325.5 227.9 315.1 204.3 316.9 137.4 304.9 207.8 164.5 265.5 292.5 80.7 57.8 179.1 143.0 170.8 139.9 75.6 254.4 138.7 66.5 163.7 147.9 78.9 43.3 208.3 37.9 196.2 326.3 305.8 59.8 303.0 335.2 73.4 184.1 62.2 263.1 147.9 128.6 25.1 114.7 155.7 140.1 186.9 96.7 289.6 90.1 107.8 179.8 221.3 204.4 95.6 190.9 288.6 179.9 280.4 75.7 197.8 152.4 173.9 37.2 201.8 67.0 133.3 175.2 16.9
1781.0 197.6 104.9 114.9 117.7 203.9 232.7 116.3 0.0 194.1 311.6 71.4 128.1 224.2 119.4 67.8 100.7 177.2 160.4 202.3 98.8 295.6 173.9 188.2 192.3 275.8 237.1 139.4 136.4 163.4 154.2 126.4 221.0 112.6 140.4 109.5 86.5 125.3 207.6 69.5 132.9 151.3 151.7 88.7 177.5 88.9 165.8 197.6 286.3 85.2 174.3 306.5 95.4 55.4 107.3 134.4 117.1 146.4 82.5 118.1 159.1 143.5 198.0 100.1 248.2 168.9 170.1 230.3 92.6 213.9 99.8 241.4 283.7 193.6 151.3 144.6 167.4 187.5 184.6 124.1 248.2 95.5 141.0 165.1 104.4
1863.5 76.1 187.4 101.2 200.2 286.4 140.8 198.8 150.6 0.0 153.8 153.9 210.6 132.3 201.9 115.4 183.2 95.5 242.9 35.2 115.2 137.8 142.1 35.9 274.8 91.8 62.4 177.2 117.6 82.6 236.7 208.9 89.0 160.2 162.8 156.7 169.0 90.9 86.1 152.0 170.7 233.8 234.2 171.2 148.1 169.5 285.7 39.9 128.5 167.7 73.2 122.5 177.9 205.7 189.8 84.1 237.0 229.2 164.6 200.6 241.6 226.0 37.2 182.6 64.2 251.5 252.6 312.8 154.9 19.7 181.5 323.9 125.9 276.1 52.7 227.1 148.6 270.0 50.6 206.6 330.7 178.0 223.5 261.1 185.9
1977.3 210.3 304.2 218.4 314.0 424.4 151.5 312.6 264.4 134.1 0.0 267.7 324.4 143.0 315.7 205.9 297.0 229.7 356.7 108.8 203.2 17.2 139.4 170.1 388.6 114.0 150.1 177.1 239.9 129.1 345.5 322.7 176.7 266.8 173.5 205.4 282.8 225.1 220.3 265.8 181.4 347.6 348.0 285.0 158.8 309.1 285.6 104.1 27.0 281.5 117.5 133.4 315.1 319.5 303.9 168.1 236.9 342.8 278.4 314.4 355.4 339.8 171.4 296.4 115.8 365.2 366.4 426.6 238.8 153.9 294.9 437.7 78.4 389.9 172.0 340.9 145.9 383.8 184.8 320.4 444.5 291.8 337.3 374.9 299.7
1727.4 92.7 33.4 191.4 46.2 132.4 210.9 118.6 76.4 270.6 278.9 0.0 56.6 202.4 84.7 46.0 29.2 253.7 88.9 273.3 175.3 262.9 152.1 264.7 121.0 252.3 155.2 111.9 212.9 239.9 138.9 90.7 128.6 90.8 118.6 87.3 32.9 201.8 86.5 2.6 111.1 79.8 137.7 67.8 155.7 77.2 144.0 274.1 253.6 54.0 250.8 283.0 69.9 131.9 86.7 210.9 95.3 75.2 46.5 46.6 87.6 72.0 134.7 28.6 237.4 104.9 122.6 158.8 169.1 152.2 29.0 169.9 236.4 122.1 227.8 109.0 145.6 116.0 121.3 79.8 176.7 41.9 69.5 107.1 67.8
1739.4 160.1 18.9 256.6 56.1 78.4 276.1 128.9 141.6 335.8 344.1 65.1 0.0 267.6 161.9 111.2 65.2 318.9 32.2 338.5 240.5 328.1 217.3 329.9 85.9 317.5 220.4 177.1 278.1 305.1 211.3 189.5 192.1 156.0 183.8 152.5 98.1 267.0 151.7 67.8 176.3 23.1 83.7 108.4 220.9 140.6 209.2 339.3 318.8 123.9 316.0 348.2 96.1 196.7 80.6 276.1 160.5 19.9 154.5 10.0 52.6 15.3 199.9 64.6 302.6 170.1 187.8 102.1 234.3 217.4 25.8 113.2 301.6 65.4 293.0 206.7 210.8 80.9 186.5 145.0 120.0 107.1 24.8 51.2 145.9
1834.2 87.2 161.1 182.1 170.9 257.1 8.5 169.9 121.3 141.6 129.6 124.6 181.3 0.0 172.6 62.8 153.9 194.4 213.6 113.2 208.2 113.6 88.4 177.6 245.5 92.2 123.8 64.0 198.5 162.8 207.4 179.6 119.2 133.8 30.5 95.9 139.7 171.8 78.8 122.7 38.4 204.5 204.9 141.9 35.9 142.1 175.7 117.9 104.3 138.4 151.2 122.9 148.6 176.8 160.5 201.8 127.0 199.6 135.7 171.3 212.3 196.7 127.0 153.3 77.3 222.1 223.3 283.5 214.0 144.5 153.0 294.6 87.1 246.8 179.5 197.8 81.9 240.7 113.6 177.3 301.4 148.7 194.2 218.3 157.6
1720.8 169.3 122.1 250.7 134.9 221.1 287.5 33.8 153.0 329.9 355.5 88.6 145.3 279.0 0.0 122.6 117.9 313.0 177.6 342.3 234.6 339.5 228.7 324.0 171.7 328.9 386.4 194.2 272.2 305.4 84.7 61.8 356.8 167.4 195.2 163.9 43.0 261.1 163.1 91.7 187.7 168.5 112.8 87.8 232.3 41.8 220.6 337.6 330.2 74.0 314.3 359.6 117.9 251.8 106.4 270.2 171.9 162.7 49.5 135.3 176.3 160.7 333.8 117.3 388.2 57.6 75.2 214.1 238.4 349.7 115.8 225.2 313.0 210.8 287.1 80.1 222.2 186.7 320.4 4.6 236.1 34.0 158.2 195.8 16.8
1771.3 24.3 98.2 119.2 108.0 221.6 195.5 106.6 58.4 101.4 232.1 61.7 118.4 187.0 109.7 0.0 91.0 131.5 150.7 136.7 145.3 216.1 106.0 119.5 182.6 146.5 72.4 71.5 135.6 186.3 144.5 116.7 56.3 44.7 217.5 41.6 76.8 108.9 15.9 59.8 65.0 141.6 142.0 79.0 109.6 79.2 97.9 141.4 206.8 75.5 174.7 177.2 85.7 113.9 97.6 160.0 49.2 136.7 72.8 108.4 149.4 133.8 64.1 90.4 118.9 159.2 160.4 220.6 151.1 81.6 90.1 231.7 189.6 183.9 154.2 134.9 99.5 177.8 50.7 114.4 238.5 85.8 131.3 155.4 94.7
1758.2 125.7 58.0 222.2 16.9 103.1 241.7 149.8 107.2 301.4 309.7 30.7 78.2 233.2 115.5 76.8 0.0 284.5 110.5 304.1 206.1 293.7 182.9 295.5 125.3 283.1 173.8 148.4 243.7 270.7 169.7 121.6 157.7 121.6 149.4 118.5 63.7 232.6 117.3 33.4 141.9 101.4 123.1 98.6 186.5 84.1 174.8 304.9 284.4 84.8 281.6 313.8 105.3 162.7 120.0 241.7 126.1 46.8 77.7 67.4 58.3 93.6 165.5 0.5 268.2 135.7 153.4 174.9 199.9 183.0 49.9 186.0 267.2 117.8 258.6 139.8 176.4 120.3 152.1 110.6 196.9 72.7 40.2 92.1 99.6
1871.4 84.0 195.3 71.3 208.1 294.3 243.5 206.7 158.5 102.6 256.5 161.8 218.5 235.0 209.8 123.3 191.1 0.0 250.8 137.9 97.4 240.5 244.8 56.6 282.7 194.5 135.7 276.7 87.7 141.1 244.6 216.8 107.4 168.1 265.5 164.6 176.9 61.0 94.0 146.9 273.4 241.7 242.1 179.1 250.8 177.4 221.3 142.6 231.2 175.6 152.0 225.2 185.8 213.6 197.7 112.1 172.6 237.1 172.5 208.5 249.5 233.9 84.4 190.5 166.9 259.3 260.5 320.7 137.1 84.5 190.6 331.8 228.6 284.0 129.0 235.0 251.3 277.9 71.0 214.5 338.6 185.9 231.4 269.0 193.8
1707.1 192.0 50.8 288.5 88.0 46.1 308.0 160.8 173.5 367.7 376.0 97.0 31.8 299.5 193.8 143.1 97.1 350.8 0.0 370.4 272.4 360.0 249.2 361.8 59.5 349.4 252.3 209.0 310.0 337.0 233.8 221.4 224.0 187.9 319.2 184.4 130.0 298.9 183.6 99.7 311.7 7.5 134.5 140.3 252.8 172.5 241.1 371.2 350.7 155.8 347.9 380.1 128.0 228.6 112.5 308.0 192.4 51.8 186.4 41.9 83.0 15.1 231.8 96.5 334.5 202.0 219.7 69.8 266.2 249.3 57.7 80.9 333.5 33.1 324.9 229.2 242.7 112.8 218.4 176.9 87.7 139.0 56.7 53.5 177.8
1888.8 101.4 212.7 126.5 225.5 311.7 122.4 224.5 175.9 25.2 118.5 179.2 235.9 113.9 227.2 176.8 208.5 120.8 268.2 0.0 123.6 102.5 123.7 61.2 300.1 73.4 56.2 155.6 142.9 49.5 262.0 234.2 72.3 185.5 144.4 187.5 194.3 116.2 111.4 177.3 152.3 259.1 259.5 196.5 129.7 196.7 267.3 4.7 93.2 193.0 37.9 104.1 203.2 231.4 215.1 88.5 218.6 254.2 190.3 225.9 266.9 251.3 62.5 207.9 45.8 276.8 277.9 338.1 159.2 45.0 207.6 349.2 90.6 301.4 63.1 252.4 130.2 295.3 75.9 231.9 356.0 203.3 248.8 272.9 212.2
1800.8 98.7 210.0 16.0 222.8 309.0 225.9 221.4 132.4 95.2 212.7 176.5 233.2 217.4 224.5 138.0 205.8 78.3 265.5 103.4 0.0 196.7 227.2 89.3 297.4 176.9 138.2 259.1 37.5 64.5 194.3 231.5 122.1 182.8 247.9 179.7 191.6 26.4 108.7 174.6 255.8 256.4 256.8 193.8 233.2 194.0 236.0 98.7 187.4 190.3 75.4 207.6 200.5 134.2 212.4 35.5 187.3 251.5 187.6 223.2 264.2 248.6 99.1 205.2 149.3 219.4 207.1 335.4 39.6 115.0 204.9 346.5 184.8 298.7 52.4 207.3 233.7 292.6 85.7 229.2 353.3 200.6 246.1 270.2 209.5
1960.1 193.1 284.0 201.2 296.8 407.2 134.3 295.4 247.2 116.9 16.0 250.5 307.2 125.8 298.5 188.7 279.8 212.5 339.5 91.6 186.0 0.0 122.2 152.9 371.4 96.8 145.1 156.7 222.7 111.9 333.3 305.5 161.2 249.6 156.3 188.6 265.6 207.9 203.1 248.6 164.2 330.4 330.8 267.8 141.6 268.0 268.4 86.9 9.8 264.3 100.3 116.2 274.5 302.7 286.4 150.9 219.7 325.5 261.6 297.2 338.2 322.6 154.2 279.2 98.6 348.1 349.2 409.4 221.6 136.7 278.9 420.5 61.2 372.7 154.8 323.7 128.7 366.6 167.6 303.2 427.3 274.6 320.1 344.2 283.5
1866.8 124.4 193.7 214.7 203.5 284.9 97.6 202.1 153.9 152.1 126.7 157.2 213.9 89.1 205.2 95.4 186.5 227.0 246.2 123.7 240.8 110.7 0.0 188.1 278.1 102.7 122.1 40.1 231.1 169.5 240.0 212.1 148.7 127.3 116.1 65.9 172.3 204.4 111.4 155.3 108.6 237.1 240.4 174.5 42.4 172.8 146.1 128.4 101.4 171.0 157.9 133.4 204.6 209.4 193.1 208.5 97.4 232.3 167.9 203.9 244.9 229.3 159.6 185.9 87.8 254.8 255.9 316.1 246.6 171.9 185.2 327.2 84.2 299.6 190.0 230.4 6.4 273.3 146.2 209.9 366.7 181.3 226.8 264.4 189.2
1871.6 80.0 195.5 65.2 208.3 294.5 186.8 206.9 158.7 45.9 199.8 162.0 218.7 178.3 210.0 123.5 191.3 59.5 251.0 81.2 91.3 183.8 188.1 0.0 282.9 137.8 108.4 225.7 81.6 128.6 239.8 216.9 107.6 168.3 208.8 164.8 177.1 54.9 94.2 160.1 216.7 241.9 242.3 179.3 194.1 203.4 221.5 85.9 174.5 175.8 119.2 168.5 209.4 213.8 197.9 106.0 172.8 237.1 172.7 208.7 249.7 234.1 45.3 190.7 110.2 259.5 260.7 320.9 131.0 27.8 190.0 332.0 171.9 284.2 98.7 235.2 194.6 278.1 58.7 214.7 338.8 186.1 231.6 269.2 194.0
1783.4 228.4 82.6 320.3 101.8 80.2 339.8 137.6 205.3 399.5 407.8 128.8 65.2 331.3 170.6 174.9 128.9 382.6 78.1 402.2 304.2 391.8 281.0 393.6 0.0 381.2 284.1 240.8 341.8 368.8 225.0 198.1 257.5 219.7 247.5 216.2 161.8 330.7 215.4 131.5 240.0 85.7 92.4 117.1 284.6 149.3 272.9 403.0 382.5 132.6 379.7 411.9 104.8 260.8 89.0 339.8 224.2 65.6 163.2 73.7 98.3 80.6 263.6 128.3 366.3 228.3 240.9 49.5 298.0 281.1 89.5 60.6 365.3 67.2 356.7 215.4 274.5 71.6 250.2 175.3 71.5 170.8 70.5 116.5 154.6
1908.6 121.2 232.5 183.1 245.3 331.5 101.4 243.9 195.7 81.8 109.6 199.0 255.7 92.9 247.0 155.8 228.3 177.4 288.0 53.4 177.1 93.6 102.7 117.8 319.9 0.0 51.8 137.8 199.5 100.8 281.8 253.9 80.1 226.8 123.4 166.1 214.1 172.8 131.2 184.1 131.3 278.9 282.2 216.3 108.7 216.5 246.3 58.1 84.3 212.8 91.4 30.6 248.1 250.8 234.9 142.0 197.6 274.1 209.7 245.7 286.7 271.1 119.1 227.7 17.5 296.6 297.7 357.9 212.7 101.6 226.6 369.0 81.7 321.2 119.7 272.2 109.2 315.1 119.0 251.7 375.8 223.1 268.6 306.2 232.0
1856.7 65.1 180.6 135.6 193.4 279.6 110.8 192.4 143.8 82.4 147.4 147.1 203.8 102.3 195.1 108.6 176.4 147.9 236.1 54.0 161.7 131.4 112.1 118.4 268.0 61.8 0.0 144.0 152.0 101.4 224.9 202.1 26.6 153.4 132.8 175.5 162.2 125.3 79.3 132.2 140.7 227.0 227.4 164.4 118.1 162.7 255.7 58.7 122.1 160.9 92.0 92.5 194.5 198.9 183.0 142.6 207.0 222.4 157.8 193.8 234.8 219.2 80.5 175.8 34.2 244.7 245.8 306.0 201.4 98.0 175.5 317.1 104.9 269.3 120.3 220.3 118.6 263.2 67.1 199.8 323.9 171.2 216.7 254.3 179.1
1829.1 83.1 153.5 177.0 165.8 244.7 96.4 162.3 116.2 162.4 161.2 119.5 173.7 87.9 165.0 57.7 148.8 192.5 206.0 158.8 203.1 148.4 40.1 174.8 237.9 137.8 139.9 0.0 193.4 207.2 200.5 174.5 114.1 87.1 78.4 28.2 132.1 166.7 73.7 117.6 74.1 199.4 199.8 136.8 41.2 138.3 108.4 163.5 139.1 133.3 195.6 168.5 166.1 171.7 155.4 217.8 59.7 194.6 133.4 163.7 207.2 191.6 121.9 148.2 122.9 217.0 218.2 281.6 208.9 139.4 148.0 289.5 121.9 259.4 212.0 192.7 33.6 233.1 108.5 169.7 329.0 141.1 189.1 224.2 152.5
1856.1 86.7 201.0 29.1 210.8 297.0 249.3 209.8 161.2 123.3 247.1 164.5 221.2 240.8 212.5 126.0 193.8 66.3 253.5 137.8 55.2 231.1 250.6 77.3 285.4 200.3 126.2 282.5 0.0 98.9 247.3 219.5 110.1 170.8 271.3 167.7 179.6 14.4 96.7 162.6 279.2 244.4 244.8 181.8 256.6 182.0 224.0 133.1 221.8 178.3 109.8 231.0 188.5 189.5 200.4 69.9 175.3 239.5 175.6 211.2 252.2 236.6 87.1 193.2 172.7 262.1 263.2 323.4 94.9 104.6 192.9 334.5 219.2 286.7 86.8 237.7 257.1 280.6 73.7 217.2 341.3 188.6 234.1 258.2 197.5
1856.8 140.3 249.6 89.2 264.4 348.6 161.3 261.4 214.8 64.1 146.1 218.1 272.8 152.8 264.1 215.7 247.4 153.7 305.1 38.8 74.0 132.1 160.6 100.1 337.0 112.3 80.9 200.2 110.7 0.0 255.3 273.0 109.5 224.4 183.3 224.0 233.2 99.6 148.3 203.2 189.2 298.0 301.3 235.4 168.6 259.5 306.2 34.1 122.8 231.9 10.8 143.0 267.2 207.9 254.3 38.9 257.5 293.4 228.8 262.8 305.8 290.2 101.4 246.8 84.7 275.4 263.1 377.0 109.6 83.9 247.5 388.1 120.2 338.3 79.8 265.5 167.1 332.2 114.8 268.8 394.9 240.2 287.7 323.3 250.1
1685.6 281.0 168.3 197.5 181.1 249.7 411.6 109.2 196.8 281.7 398.3 134.7 191.5 403.0 80.3 157.5 164.1 259.7 223.8 289.1 181.4 382.4 258.6 270.8 208.1 362.6 333.2 224.1 219.0 250.1 0.0 61.9 303.5 197.3 230.1 193.8 89.2 207.9 290.2 137.9 217.6 214.7 154.3 134.0 267.2 78.7 255.5 284.4 373.1 120.2 261.1 390.3 164.1 198.5 152.5 217.0 206.8 209.8 84.4 186.5 222.5 206.9 280.6 163.5 335.0 33.1 15.8 234.0 185.2 296.5 163.2 245.1 370.5 228.7 233.9 12.9 257.1 228.1 267.2 70.3 256.0 80.2 204.4 241.9 91.1
1725.2 342.9 160.2 264.4 170.0 256.2 292.6 98.5 158.1 343.5 360.6 123.7 180.5 284.1 64.2 127.7 153.0 326.6 212.8 356.0 248.3 344.6 233.8 337.6 197.9 333.9 400.1 193.6 285.9 319.1 66.8 0.0 372.2 172.4 200.3 168.9 78.2 274.8 168.2 126.8 192.8 203.6 146.4 72.8 237.4 67.0 225.7 351.3 335.3 109.1 328.0 364.7 104.6 265.1 91.7 283.9 177.0 188.9 54.5 170.4 211.4 195.8 347.5 152.4 401.9 42.5 60.1 246.2 252.1 363.4 152.8 257.3 318.1 245.8 300.8 57.2 227.3 212.9 334.1 59.4 268.2 69.1 193.3 230.9 81.1
1828.4 36.8 152.3 107.3 165.1 251.3 137.4 163.7 115.5 89.5 174.0 118.8 177.2 130.6 168.5 80.3 148.1 121.3 207.8 82.3 133.4 159.7 138.7 107.6 241.4 88.4 26.6 178.0 123.7 129.7 196.6 173.7 0.0 125.1 161.1 123.3 135.6 97.0 51.0 103.9 169.0 198.7 202.0 136.1 146.4 160.2 178.3 87.0 150.4 132.6 120.3 120.8 167.9 170.6 155.0 148.1 129.6 193.9 129.5 167.2 206.5 190.9 52.2 147.5 62.5 216.4 217.5 277.7 173.1 69.7 148.2 288.8 133.2 241.0 142.3 192.0 145.2 234.9 38.8 171.5 295.6 142.9 188.4 226.0 150.8
1828.3 79.1 152.2 176.2 236.6 242.6 98.6 163.6 115.4 158.4 236.3 118.7 175.4 106.6 166.7 53.1 224.9 188.5 281.0 193.7 202.3 220.3 162.6 176.5 316.5 198.9 141.6 128.1 192.6 241.1 196.5 173.7 113.3 0.0 77.6 65.3 133.8 165.9 72.9 103.8 70.1 198.6 199.0 136.0 166.2 134.3 122.0 198.4 211.0 132.5 231.7 229.6 166.1 170.5 154.9 217.0 73.3 266.3 129.4 165.4 278.0 190.8 121.1 225.5 175.9 216.3 217.4 326.8 208.1 138.6 147.7 332.9 193.8 257.3 211.2 191.9 156.1 234.8 107.7 171.4 324.4 142.8 259.9 297.5 150.7
1803.7 56.7 130.6 151.6 140.4 226.6 20.9 139.4 90.8 133.8 158.6 94.1 150.8 28.9 142.1 32.3 123.4 163.9 183.1 142.2 177.7 142.6 117.4 151.9 215.0 121.2 104.8 93.0 168.0 191.8 176.9 149.1 88.7 103.3 0.0 73.5 109.2 141.3 48.3 92.2 7.8 174.0 174.4 111.4 64.9 111.6 204.7 146.9 133.3 107.9 180.2 151.9 118.1 146.3 130.0 192.4 156.0 169.1 105.2 140.8 181.8 166.2 96.5 122.8 106.3 191.6 192.8 253.0 183.5 114.0 122.5 264.1 116.1 216.3 186.6 167.3 110.9 210.2 83.1 146.8 270.9 118.2 163.7 187.8 127.1
1856.3 72.6 145.7 169.7 193.3 199.3 124.5 157.5 108.9 151.9 192.5 112.2 255.3 116.0 160.2 50.4 181.6 182.0 237.7 186.9 195.8 176.5 65.7 170.0 273.2 165.9 135.1 25.5 186.1 233.1 195.1 167.1 106.8 65.5 71.1 0.0 127.3 159.4 66.4 97.3 63.6 245.3 192.5 129.5 69.3 129.7 101.1 191.6 167.2 126.0 223.7 196.6 161.3 164.0 148.4 210.5 52.4 222.8 122.9 243.8 234.7 252.9 114.6 182.2 151.0 209.8 210.9 283.5 201.6 132.1 140.7 289.6 150.0 214.0 204.7 185.4 59.2 296.7 101.2 164.9 281.1 136.3 216.6 254.2 145.2
1694.4 302.8 82.0 224.3 91.8 178.0 258.6 85.6 124.1 303.5 326.6 45.5 102.2 250.1 51.7 93.7 74.8 286.6 134.5 315.9 208.2 310.6 199.8 297.6 148.3 389.4 360.0 162.1 245.8 277.0 105.9 100.3 330.4 138.5 166.3 135.0 0.0 234.7 134.2 48.6 158.8 125.4 128.6 44.7 203.4 86.8 191.7 311.2 301.3 30.9 287.9 417.1 74.8 225.4 63.6 243.8 143.0 120.6 56.1 92.2 133.2 117.6 307.4 74.2 361.8 72.0 89.6 190.5 212.0 323.3 74.5 201.6 284.1 167.7 260.7 118.6 193.3 161.6 294.0 46.8 212.5 8.9 115.1 152.7 77.4
1837.2 72.2 186.5 10.2 196.3 282.5 234.8 194.9 146.7 108.8 228.2 150.0 206.7 226.3 198.0 111.5 179.3 51.8 239.0 118.9 36.3 212.2 236.1 62.8 270.9 185.8 111.7 268.0 26.6 80.0 232.8 205.0 95.6 156.3 256.8 153.2 165.1 0.0 82.2 148.1 264.7 229.9 230.3 167.3 242.1 167.5 209.5 114.2 202.9 163.8 90.9 216.5 174.0 170.6 185.9 51.0 160.8 225.0 161.1 196.7 237.7 222.1 72.6 178.7 158.2 247.5 248.7 308.9 76.0 90.1 178.4 320.0 200.3 272.2 67.9 223.2 242.6 266.1 59.2 202.7 326.8 174.1 219.6 243.7 183.0
1777.3 8.3 104.2 103.2 114.0 200.2 179.5 112.6 64.4 85.4 216.1 67.7 124.4 171.0 115.7 29.2 97.0 115.5 156.7 120.7 129.3 200.1 180.8 103.5 188.6 130.5 68.6 97.6 119.6 168.1 145.5 122.7 40.3 74.0 201.5 70.5 82.8 92.9 0.0 65.8 209.4 147.6 148.0 85.0 186.8 109.1 127.2 125.4 190.8 81.5 158.7 161.2 115.1 119.5 103.9 144.0 78.5 143.0 78.4 114.4 155.4 139.8 48.1 96.4 102.9 165.3 166.4 226.6 157.1 65.6 96.1 237.7 173.6 189.9 138.2 140.9 187.3 183.8 34.7 120.4 244.5 91.8 137.3 174.9 99.7
1724.7 96.8 35.3 188.7 48.1 134.3 208.2 115.9 73.7 265.8 274.1 1.9 58.5 199.7 82.0 43.3 31.1 248.9 100.0 270.6 172.6 260.2 147.3 259.9 122.9 249.6 150.4 109.2 210.2 239.2 110.9 88.0 125.9 86.0 115.9 82.5 68.5 199.1 81.7 0.0 106.3 81.7 139.6 65.1 153.0 74.5 141.3 271.4 250.9 51.3 248.1 280.3 71.8 128.8 84.0 208.2 92.6 77.1 43.8 48.5 89.5 73.9 132.0 30.5 234.7 112.4 119.9 160.7 166.4 149.5 31.2 171.8 233.7 124.0 225.1 88.0 140.8 117.9 118.6 67.5 178.6 39.2 71.4 109.0 65.1
1795.8 48.8 122.7 143.7 132.5 218.7 28.4 131.5 82.9 125.9 166.1 86.2 142.9 36.4 134.2 24.4 115.5 156.0 175.2 149.7 169.8 150.1 124.9 144.0 207.1 128.7 109.1 106.2 160.1 197.1 169.0 141.2 80.8 95.4 7.5 65.2 101.3 133.4 40.4 84.3 0.0 166.1 169.4 103.5 72.4 127.6 121.9 154.4 140.8 100.0 187.7 159.4 133.6 138.4 122.1 184.5 73.2 161.3 96.9 132.9 173.9 158.3 88.6 114.9 113.8 183.7 184.9 245.1 175.6 106.1 113.8 256.2 123.6 208.4 178.7 159.4 118.4 202.3 75.2 138.9 263.0 110.3 155.8 193.4 118.2
1716.2 184.4 43.2 280.9 80.4 58.2 300.4 153.2 165.9 360.1 368.4 89.4 24.2 291.9 186.2 135.5 89.5 343.2 9.1 362.8 264.8 352.4 241.6 354.2 68.6 341.8 232.5 207.1 302.4 329.4 240.6 213.8 216.4 180.3 208.1 177.2 122.4 291.3 176.0 92.1 200.6 0.0 108.0 132.7 245.2 171.1 233.5 363.6 343.1 148.2 340.3 372.5 120.4 221.4 104.9 300.4 184.8 44.1 178.2 34.3 75.4 7.5 224.2 88.9 326.9 194.4 212.1 78.9 258.6 241.7 50.1 90.0 325.9 42.2 317.3 231.0 235.1 105.2 210.8 169.3 96.8 131.4 49.1 31.6 171.2
1804.7 211.6 122.2 303.5 120.3 165.1 296.3 68.9 188.5 356.0 364.3 101.2 104.8 314.5 92.4 158.1 147.4 339.1 137.1 385.4 287.4 375.0 264.2 376.8 114.2 337.7 267.3 224.0 325.0 354.0 141.8 119.9 240.7 202.9 230.7 199.4 145.0 313.9 171.9 116.8 196.5 106.9 0.0 97.2 267.8 71.1 256.1 386.2 365.7 112.7 362.9 395.1 97.8 243.6 69.1 323.0 207.4 105.2 58.3 92.2 116.8 99.1 246.8 146.8 349.5 159.5 162.7 163.8 281.2 264.3 129.1 153.8 348.5 170.3 339.9 137.2 257.7 129.2 233.4 97.1 164.7 136.0 89.0 156.1 76.4
1749.8 120.7 75.1 217.2 87.9 161.4 236.7 108.5 102.2 296.4 304.7 41.6 94.1 228.2 67.6 71.8 70.9 279.5 126.4 299.1 201.1 288.7 177.9 290.5 103.5 278.1 168.8 143.4 238.7 265.7 102.4 74.6 152.7 116.6 144.4 113.5 55.3 227.6 112.3 39.7 136.9 117.3 62.9 0.0 181.5 37.1 169.8 299.9 279.4 15.4 276.6 308.8 6.7 157.7 18.5 236.7 121.1 94.4 30.7 88.3 127.2 109.5 160.5 70.3 263.2 127.3 118.3 145.7 194.9 178.0 70.0 156.8 262.2 145.4 253.6 92.8 171.4 118.5 147.1 72.3 167.7 64.3 99.4 131.1 52.6
1860.4 113.4 184.3 208.3 197.1 278.5 55.1 195.7 147.5 148.1 136.1 150.8 207.5 46.6 198.8 89.0 180.1 220.6 239.8 119.7 234.4 120.1 52.4 184.1 271.7 98.7 130.3 28.0 224.7 169.3 233.6 205.8 145.4 120.9 77.1 59.9 165.9 198.0 105.0 148.9 85.0 230.7 231.1 168.1 0.0 168.3 139.7 124.4 110.8 164.6 157.7 129.4 174.8 203.0 186.7 208.3 91.0 225.8 161.9 197.5 238.5 222.9 153.2 179.5 83.8 248.4 249.5 309.7 240.2 167.9 179.2 320.8 93.6 293.2 186.0 224.0 45.9 266.9 139.8 203.5 360.3 174.9 220.4 244.5 183.8
1756.7 132.2 96.7 226.1 96.8 195.7 258.3 27.7 111.1 305.3 313.6 50.5 105.2 237.1 32.3 80.7 79.8 288.4 137.5 308.0 210.0 297.6 184.8 297.4 129.4 299.7 202.6 150.3 247.6 317.4 67.1 39.3 159.6 138.2 153.3 122.0 98.3 236.5 121.2 46.6 145.8 130.4 86.8 25.8 190.4 0.0 178.7 349.7 288.3 42.3 326.4 317.7 55.6 164.6 42.4 245.6 130.0 133.1 7.6 97.2 138.2 122.6 169.4 79.2 272.1 108.9 83.0 184.3 203.8 186.9 79.0 182.7 271.1 169.3 262.5 57.5 193.0 144.4 156.0 64.0 193.6 64.5 120.1 170.4 17.3
1841.2 94.2 168.1 189.1 177.9 264.1 111.5 176.9 128.3 171.3 249.2 131.6 188.3 119.5 179.6 69.8 160.9 201.4 220.6 206.6 215.2 233.2 208.0 189.4 252.5 211.8 142.3 183.6 205.5 256.2 214.4 186.6 126.2 101.7 90.5 84.2 146.7 178.8 85.8 129.7 83.0 211.5 211.9 148.9 155.5 149.1 0.0 211.3 223.9 145.4 244.6 242.5 155.6 183.8 167.5 229.9 35.6 206.6 142.7 178.3 219.3 203.7 134.0 160.3 188.8 229.1 230.3 290.5 221.0 151.5 160.0 301.6 206.7 253.8 224.1 204.8 201.5 247.7 120.6 184.3 308.4 155.7 201.2 225.3 164.6
1893.5 106.1 217.4 131.2 230.2 316.4 127.1 228.8 180.6 29.9 113.8 183.9 240.6 118.6 231.9 181.5 213.2 125.5 272.9 4.7 118.9 97.8 128.4 65.9 304.8 78.1 60.9 160.3 147.6 44.8 266.7 238.9 77.0 190.2 149.1 192.2 199.0 120.9 116.1 182.0 157.0 263.8 264.2 201.2 134.4 201.4 272.0 0.0 88.5 197.7 33.2 108.8 207.9 236.1 219.8 83.8 223.3 258.9 195.0 230.6 271.6 256.0 67.2 212.6 50.5 281.5 282.6 342.8 154.5 49.7 212.3 353.9 85.9 306.1 67.8 257.1 134.9 300.0 80.6 236.6 360.7 208.0 253.5 277.6 216.9
1950.2 183.2 274.1 191.3 286.9 397.3 124.4 285.5 237.3 107.0 25.2 240.6 297.3 115.9 288.6 178.8 269.9 202.6 329.6 81.7 176.1 9.2 112.3 143.0 361.5 86.9 135.2 146.8 212.8 102.0 323.4 295.6 151.3 239.7 146.4 178.7 255.7 198.0 193.2 238.7 154.3 320.5 320.9 257.9 131.7 258.1 258.5 77.0 0.0 254.4 90.4 106.3 264.6 292.8 276.5 141.0 209.8 315.6 251.7 287.3 328.3 312.7 144.3 269.3 88.7 338.2 339.3 399.5 211.7 126.8 269.0 410.6 51.3 362.8 144.9 313.8 118.8 356.7 157.7 293.3 417.4 264.7 310.2 334.3 273.6
1734.3 135.5 89.0 264.2 101.8 175.2 251.5 59.3 117.0 343.4 319.5 55.5 107.9 243.0 62.4 86.6 84.8 326.5 140.2 355.8 248.1 303.5 192.7 337.5 117.3 292.9 183.6 158.2 285.7 316.9 97.2 69.4 167.5 131.4 159.2 128.3 39.8 274.6 127.1 53.6 151.7 131.1 76.7 13.7 196.3 31.9 184.6 351.1 294.2 0.0 327.8 323.6 20.4 172.5 32.3 283.7 135.9 108.2 25.5 102.2 141.0 123.3 175.3 84.2 278.0 112.0 113.1 159.5 251.9 192.8 83.9 170.6 277.0 159.2 300.6 87.6 186.2 132.3 161.9 67.1 181.5 48.8 113.2 144.9 47.4
1868.4 129.4 240.7 100.8 253.5 339.7 150.4 252.5 203.9 53.2 137.2 207.2 263.9 141.9 255.2 204.8 236.5 148.8 296.2 27.9 85.6 121.2 151.7 89.2 328.1 101.4 84.2 183.6 122.3 11.5 261.9 262.2 100.3 213.5 172.4 215.5 222.3 111.2 139.4 205.3 180.3 287.1 287.5 224.5 157.7 224.7 295.3 23.2 111.9 221.0 0.0 132.1 231.2 219.9 243.1 50.5 246.6 282.2 218.3 253.9 294.9 279.3 90.5 235.9 73.8 304.8 274.7 366.1 121.2 73.0 235.6 377.2 109.3 329.4 91.1 280.4 158.2 323.3 103.9 259.9 384.0 231.3 276.8 300.9 240.2
1949.3 161.9 273.2 223.8 286.0 372.2 142.1 284.6 236.4 122.5 119.0 239.7 296.4 133.6 287.7 196.5 269.0 218.1 328.7 94.1 211.2 103.0 143.4 158.5 360.6 40.6 104.7 175.3 240.2 137.1 322.5 294.7 120.8 267.5 164.1 207.2 254.8 213.5 171.9 237.8 172.0 319.6 320.0 257.0 149.4 257.2 287.0 98.8 93.7 253.5 125.5 0.0 263.7 291.9 275.6 176.1 238.3 314.7 250.8 286.4 327.4 311.8 159.8 268.4 58.2 337.2 338.4 398.6 246.8 142.3 268.1 409.7 91.1 361.9 160.4 312.9 149.9 355.8 159.7 292.4 416.5 263.8 309.3 333.4 272.7
1775.8 146.2 65.6 243.2 113.9 172.0 264.4 101.8 128.2 322.4 330.7 67.6 87.4 254.2 79.9 97.8 96.9 305.5 121.1 325.1 227.1 314.7 203.9 302.8 96.8 304.1 193.3 165.4 264.7 291.7 125.1 100.6 180.4 128.9 170.4 139.1 67.6 253.6 140.0 65.7 162.9 112.0 77.7 25.9 207.5 63.1 195.8 325.9 305.4 41.4 302.6 334.8 0.0 183.7 33.3 262.7 147.1 108.9 56.3 80.5 139.9 104.2 186.5 96.3 289.2 153.3 144.3 153.0 220.9 204.0 62.3 164.1 288.2 138.7 279.6 120.5 197.4 33.4 173.1 100.0 175.0 76.6 112.1 138.7 78.6
1831.8 210.5 158.1 132.0 168.5 254.7 341.3 166.9 50.7 210.6 328.7 121.6 178.3 333.4 169.6 118.6 151.5 193.7 210.6 219.4 115.9 312.7 224.7 204.7 242.5 292.9 263.5 184.5 153.5 182.5 200.0 177.1 239.8 163.4 363.9 159.9 136.7 142.4 224.7 107.3 183.1 202.1 205.4 139.5 228.3 163.6 216.6 214.7 303.4 136.0 191.4 323.6 171.3 0.0 158.4 151.5 167.9 196.6 132.9 168.3 209.9 194.3 215.1 150.9 265.3 219.1 220.9 280.5 109.7 231.0 150.6 292.2 300.8 243.8 168.4 194.8 217.6 237.7 201.7 174.3 299.0 145.7 191.8 228.8 154.2
1777.6 153.1 92.6 245.0 112.1 142.7 264.5 89.5 130.0 324.2 332.5 69.7 75.5 256.0 122.5 99.6 98.7 307.6 107.5 326.9 228.9 316.5 205.7 318.6 84.9 305.9 208.8 165.5 266.5 295.5 125.2 102.3 182.2 144.4 172.2 140.9 83.4 255.4 140.4 58.3 164.7 98.7 63.2 27.7 209.3 101.2 197.6 327.7 307.2 43.2 304.4 336.6 28.3 185.1 0.0 264.5 148.9 75.9 58.4 84.0 108.6 90.9 188.3 98.1 291.0 180.1 146.1 126.8 222.7 205.8 98.5 138.2 290.0 126.5 281.4 120.6 199.5 99.6 174.9 126.9 149.1 92.4 80.8 126.5 106.5
1835.9 132.9 244.2 50.2 257.0 343.2 190.3 256.0 167.5 83.6 177.1 210.7 267.4 181.8 258.7 172.2 240.0 112.5 299.7 67.8 35.0 161.1 191.6 119.6 331.6 141.3 124.1 223.5 71.7 28.9 229.4 265.7 140.2 217.0 212.3 255.4 225.8 60.6 142.9 208.8 220.2 290.6 291.0 228.0 197.6 228.2 335.2 63.1 151.8 224.5 39.8 172.0 234.7 169.3 246.6 0.0 286.5 285.7 221.8 257.4 298.4 282.8 120.9 239.4 113.7 254.5 242.2 369.6 74.7 103.4 239.1 380.7 149.2 332.9 40.8 242.4 198.1 326.8 119.9 263.4 387.5 234.8 280.3 304.4 243.7
1805.6 58.6 129.5 153.5 142.3 228.5 75.9 140.9 92.7 135.7 213.6 96.0 152.7 83.9 144.0 34.2 125.3 165.8 185.0 171.0 179.6 197.6 172.4 153.8 216.9 176.2 106.7 148.0 169.9 220.6 178.8 151.0 90.6 66.1 54.9 48.6 111.1 143.2 50.2 94.1 47.4 175.9 176.3 113.3 119.9 113.5 48.6 175.7 188.3 109.8 209.0 206.9 120.0 148.2 131.9 194.3 0.0 171.0 107.1 142.7 183.7 168.1 98.4 124.7 153.2 193.6 194.7 254.9 185.4 115.9 124.4 266.0 171.1 218.2 188.5 169.2 165.9 212.1 85.0 148.7 272.8 120.1 165.6 189.7 129.0
1803.3 168.6 32.2 267.3 35.9 97.2 286.8 121.8 152.5 346.5 355.0 75.8 32.2 278.5 154.6 121.9 63.7 329.6 64.5 349.2 251.2 339.0 228.0 340.6 78.6 328.2 231.1 193.5 288.8 318.0 209.3 182.4 202.8 166.7 296.3 163.4 108.8 277.7 162.4 131.7 288.8 55.4 76.4 101.1 231.6 133.3 219.9 350.2 329.5 116.6 326.7 358.9 89.0 207.6 73.3 286.8 171.2 0.0 147.4 20.9 32.6 47.8 210.6 64.3 313.5 181.1 198.5 128.2 245.0 228.1 36.2 139.5 312.5 97.9 303.9 199.4 221.7 73.6 197.2 159.5 150.2 117.8 4.7 52.1 138.6
1761.6 126.5 76.3 218.4 89.1 175.3 237.9 34.1 103.4 297.6 305.9 42.8 99.5 229.4 37.2 73.0 72.1 280.7 131.8 300.3 202.3 289.9 179.1 291.7 121.7 279.3 182.2 138.9 239.9 266.9 72.0 44.1 155.6 117.8 145.6 114.3 80.3 228.8 113.5 40.9 138.1 122.7 72.4 18.1 182.7 6.7 171.0 301.1 280.6 34.6 277.8 310.0 24.8 158.9 37.1 237.9 122.3 112.7 0.0 89.5 130.5 114.9 161.7 71.5 264.4 86.7 87.9 163.9 196.1 179.2 71.9 175.0 263.4 163.6 254.8 62.4 172.6 136.7 148.3 41.9 185.9 71.3 112.4 150.0 22.2
1782.5 154.6 8.8 246.5 64.5 91.4 266.0 117.3 131.5 325.7 334.0 55.0 9.9 257.5 150.3 101.1 55.1 308.8 42.2 328.4 230.4 318.0 207.2 319.8 74.3 307.4 210.3 167.0 268.0 297.0 199.7 177.9 183.7 145.9 173.7 142.4 88.0 256.9 141.6 76.0 166.2 33.1 72.1 96.8 210.8 129.0 199.1 329.2 308.7 112.3 305.9 338.1 84.5 186.6 69.0 266.0 150.4 28.5 142.9 0.0 61.0 25.3 189.8 54.5 292.5 160.0 177.7 112.1 224.2 207.3 15.2 123.2 291.5 75.4 282.9 195.1 200.7 69.3 176.4 134.9 130.0 97.0 33.2 61.2 134.3
1817.2 184.7 75.8 281.2 31.3 64.5 300.7 168.2 166.2 360.4 368.7 89.7 62.0 292.2 174.5 135.8 58.9 343.5 84.7 363.1 265.1 352.7 241.9 354.5 124.8 342.1 232.8 207.4 302.7 329.7 228.7 180.6 216.7 180.6 291.5 177.5 122.7 291.6 176.3 92.4 284.0 75.6 122.6 147.3 245.5 185.7 233.8 363.9 343.4 143.8 340.6 372.8 135.0 221.7 119.5 300.7 185.1 46.3 136.7 66.9 0.0 67.8 224.5 59.5 327.2 194.7 212.4 148.7 258.9 242.0 82.7 159.8 326.2 79.2 317.6 198.8 235.4 119.8 211.1 169.6 170.7 131.7 39.7 33.7 185.8
1724.0 176.8 35.6 273.3 72.8 66.0 292.8 145.6 158.3 352.5 360.8 81.8 16.6 284.3 178.6 127.9 81.9 335.6 16.8 355.2 257.2 344.8 234.0 346.6 76.4 334.2 224.9 199.5 294.8 321.8 233.0 206.2 208.8 172.7 200.5 169.6 114.8 283.7 168.4 84.5 193.0 7.7 100.4 125.1 237.6 163.5 225.9 356.0 335.5 140.6 332.7 364.9 112.8 213.8 97.3 292.8 177.2 36.5 170.6 26.7 67.8 0.0 216.6 81.3 319.3 186.8 204.5 86.7 251.0 234.1 42.5 97.8 318.3 50.0 309.7 223.4 227.5 97.6 203.2 161.7 104.6 123.8 41.5 24.0 163.6
1826.2 38.8 153.1 74.3 162.9 249.1 178.1 161.9 113.3 37.2 191.1 116.6 173.3 169.6 164.6 78.1 145.9 86.6 205.6 72.5 100.4 175.1 179.4 55.3 237.5 129.1 78.3 211.3 90.7 122.1 199.4 171.6 62.2 122.9 200.1 119.8 131.7 64.0 48.8 114.7 208.0 196.5 196.9 133.9 185.4 134.1 176.1 77.2 165.8 130.4 110.5 159.8 140.6 168.8 152.5 115.1 127.4 191.6 127.7 163.3 204.3 188.7 0.0 145.3 101.5 214.1 215.3 275.5 140.1 17.4 145.0 286.6 163.2 238.8 90.0 189.8 185.9 232.7 13.4 169.3 293.4 140.7 186.2 210.3 149.6
1757.6 125.1 57.4 221.6 17.5 103.7 241.1 148.8 106.6 300.8 309.1 30.1 77.6 232.6 114.9 76.2 0.5 283.9 109.9 303.5 205.5 293.1 182.3 294.9 125.9 282.5 173.2 147.8 243.1 270.1 169.1 121.0 157.1 121.0 148.8 117.9 63.1 232.0 116.7 32.8 141.3 100.8 123.7 98.0 185.9 83.5 174.2 304.3 283.8 84.2 281.0 313.2 104.7 162.1 120.6 241.1 125.5 47.4 77.1 67.6 58.9 93.0 164.9 0.0 267.6 135.1 152.8 175.5 199.3 182.4 49.3 186.6 266.6 118.4 258.0 139.2 175.8 120.9 151.5 110.0 197.5 72.1 40.8 92.7 99.0
1891.0 103.6 217.9 165.5 227.7 313.9 76.5 226.7 178.1 64.2 113.1 181.4 238.1 68.0 229.4 130.9 210.7 159.8 270.4 35.8 159.5 97.1 77.8 100.2 302.3 27.5 46.4 109.7 181.9 85.4 264.2 236.4 62.5 201.9 98.5 141.6 196.5 155.2 113.6 179.5 106.4 261.3 261.7 198.7 83.8 198.9 221.4 40.5 87.8 195.2 73.8 58.2 205.4 233.6 217.3 124.4 172.7 256.4 192.5 228.1 269.1 253.5 101.5 210.1 0.0 278.9 280.1 340.3 195.1 84.0 209.8 351.4 70.6 303.6 102.1 254.6 84.3 297.5 101.4 234.1 358.2 205.5 251.0 275.1 214.4
1718.6 301.0 140.1 222.6 152.9 239.1 319.7 81.0 221.9 301.8 423.5 106.6 163.3 311.2 47.1 154.8 135.9 284.8 195.6 314.1 206.5 407.5 260.9 295.9 209.4 387.6 358.2 226.4 244.0 275.3 48.0 33.7 328.6 199.6 227.4 196.1 61.0 232.9 315.3 104.7 219.9 186.5 160.0 105.8 264.5 122.1 252.8 309.5 398.2 92.0 286.1 415.4 112.5 223.2 124.7 242.0 204.1 181.9 117.2 153.3 194.3 178.7 305.6 135.3 360.0 0.0 17.5 251.6 210.3 321.6 133.8 262.7 395.5 228.8 258.9 61.1 254.4 222.7 292.2 42.2 273.6 52.0 176.2 213.8 64.0
1700.9 287.6 152.4 204.9 165.2 251.4 419.0 93.3 204.2 284.1 405.8 118.9 175.6 410.5 59.4 167.1 148.2 267.2 207.9 296.5 188.8 389.8 273.2 278.2 221.7 370.0 327.1 238.7 226.4 257.6 30.4 46.0 311.0 211.9 239.7 208.8 73.3 215.3 297.6 117.0 232.2 198.8 172.3 118.1 276.8 136.3 265.1 291.8 380.5 104.3 268.5 397.7 124.8 206.0 136.7 224.4 216.4 193.9 129.9 165.6 206.6 191.0 288.0 147.6 342.4 12.2 0.0 263.9 192.6 303.9 147.3 275.0 377.9 241.1 241.3 43.4 266.7 235.0 274.6 54.5 285.9 64.3 188.5 212.6 75.3
1733.8 353.7 121.1 358.8 153.2 72.3 366.4 181.7 243.8 426.2 446.3 167.3 102.1 369.8 214.7 213.4 167.4 421.1 70.2 440.7 342.7 430.3 319.5 432.1 51.3 419.7 409.4 281.8 380.3 409.3 248.6 249.6 381.1 258.2 345.4 254.7 200.3 369.2 340.7 170.0 337.9 77.8 162.7 161.1 323.1 200.7 311.4 441.5 421.0 176.6 418.2 450.4 164.8 298.9 133.3 378.3 262.7 117.0 207.3 112.2 149.7 85.4 388.9 166.8 404.8 272.4 264.5 0.0 336.5 406.4 128.0 11.0 403.8 59.3 395.2 239.0 313.0 123.0 375.5 219.4 21.9 209.3 121.9 123.8 198.7
1777.6 141.4 217.2 58.7 227.0 313.2 259.4 245.6 109.2 137.9 246.2 180.7 237.4 250.9 211.7 180.7 210.0 121.0 269.7 136.9 42.6 230.2 260.7 132.0 301.6 210.4 180.9 292.6 80.2 98.0 171.1 235.7 164.8 225.5 281.4 222.4 195.8 69.1 151.4 178.8 289.3 260.6 261.0 198.0 266.7 198.2 278.7 132.2 220.9 194.5 108.9 241.1 204.7 111.0 216.6 78.2 230.0 255.7 191.8 227.4 268.4 252.8 141.8 209.4 182.8 196.2 183.9 339.6 0.0 157.7 209.1 350.7 218.3 302.9 95.1 184.1 267.2 296.8 128.4 206.8 357.5 204.8 250.3 274.4 213.7
1843.7 56.3 170.6 91.8 180.4 266.6 160.6 179.4 130.8 19.7 173.6 134.1 190.8 152.1 182.1 95.6 163.4 97.4 223.1 55.0 117.9 157.6 161.9 37.8 255.0 111.6 94.4 193.8 108.2 104.6 216.9 189.1 79.7 140.4 182.6 137.3 149.2 81.5 66.3 132.2 190.5 214.0 214.4 151.4 167.9 151.6 193.6 59.7 148.3 147.9 93.0 142.3 158.1 186.3 170.0 103.9 144.9 209.1 145.2 180.8 221.8 206.2 17.4 162.8 84.0 231.6 232.8 293.0 157.6 0.0 162.5 304.1 145.7 256.3 72.5 207.3 168.4 250.2 30.8 186.8 310.9 158.2 203.7 227.8 167.1
1766.7 132.0 5.0 230.7 56.3 109.0 250.2 135.6 115.7 309.9 318.2 39.2 27.5 241.7 124.0 85.3 39.3 293.0 61.3 312.6 214.6 302.2 191.4 304.0 93.0 291.6 194.5 151.2 252.2 279.2 152.9 130.1 166.8 130.1 157.9 126.6 72.2 241.1 125.8 41.9 150.4 51.3 89.8 115.0 195.0 91.5 183.3 313.4 292.9 93.3 290.1 322.3 70.5 170.8 86.6 250.2 134.6 45.9 85.8 17.6 79.2 43.5 174.0 38.7 276.7 144.3 161.9 129.7 208.4 191.5 0.0 141.4 275.7 93.3 267.1 148.3 184.9 88.0 160.6 119.1 148.2 81.2 51.4 78.8 107.1
1722.7 358.6 130.6 368.3 162.7 84.8 375.9 191.6 253.3 435.7 455.8 176.8 111.6 379.3 224.2 222.9 176.9 430.6 79.7 450.2 352.2 439.8 329.0 441.6 60.8 429.2 406.7 294.5 389.8 416.8 240.4 259.1 390.6 267.7 354.9 264.6 209.8 378.7 350.2 179.5 347.4 87.3 153.3 170.6 332.6 209.1 320.9 451.0 430.5 186.1 427.7 459.9 158.3 308.8 142.8 387.8 272.2 126.4 216.2 121.7 159.2 94.9 398.4 176.3 414.3 268.6 256.3 9.4 346.0 415.9 137.5 0.0 413.3 68.8 404.7 230.8 322.5 132.5 385.0 228.9 10.8 218.8 131.4 119.0 209.2
1932.6 174.8 256.5 188.3 269.3 379.7 106.8 267.9 219.7 104.0 56.2 223.0 279.7 98.3 271.0 161.2 252.3 199.6 312.0 78.7 173.1 40.2 94.7 140.0 343.9 83.9 117.6 129.2 209.8 99.0 305.8 278.0 133.7 222.1 128.8 161.1 238.1 195.0 177.2 221.1 136.7 302.9 303.3 240.3 114.1 240.5 240.9 74.0 30.9 236.8 87.4 103.3 247.0 275.2 258.9 138.0 192.2 298.0 234.1 269.7 310.7 295.1 141.3 251.7 71.1 320.6 321.7 381.9 208.7 123.8 251.4 393.0 0.0 345.2 141.9 296.2 101.2 339.1 154.7 275.7 399.8 247.1 292.6 316.7 256.0
1724.7 289.7 74.5 312.2 111.7 15.9 307.0 171.5 197.2 366.8 399.7 120.7 55.5 315.0 204.5 166.8 120.8 374.5 23.6 394.1 296.1 383.7 272.9 384.9 59.1 373.1 350.0 232.7 333.7 360.7 233.4 240.6 321.7 211.6 286.0 208.1 153.7 322.6 281.3 123.4 278.5 31.2 139.3 150.9 276.5 191.4 264.8 394.9 374.4 166.4 371.6 403.8 138.6 252.7 122.8 331.7 216.1 75.7 197.1 65.6 102.2 38.8 329.5 120.2 358.2 225.8 254.3 69.4 289.9 347.0 81.4 80.5 357.2 0.0 348.6 228.8 266.4 130.8 316.1 209.2 91.4 162.7 80.4 77.2 188.5
1863.3 118.9 233.2 77.6 243.0 329.2 188.7 241.6 193.4 42.7 201.7 196.7 253.4 180.2 244.7 158.2 226.0 138.3 285.7 83.1 62.4 185.7 190.0 78.7 317.6 139.7 122.5 221.9 99.1 60.3 256.8 251.7 138.6 203.0 210.7 199.9 211.8 88.0 128.9 194.8 218.6 276.6 277.0 214.0 196.0 214.2 333.6 87.8 176.4 210.5 71.2 170.4 220.7 196.7 232.6 31.3 284.9 271.7 207.8 243.4 284.4 268.8 80.0 225.4 112.1 294.2 295.4 355.6 102.1 62.5 225.1 366.7 173.8 318.9 0.0 269.9 196.5 312.8 93.4 249.4 373.5 220.8 266.3 290.4 229.7
1695.2 289.8 177.9 207.1 190.7 236.6 309.4 73.7 206.4 286.3 408.0 144.4 201.1 300.9 84.9 144.5 173.7 269.4 233.4 298.7 191.0 392.0 250.6 280.4 200.1 372.2 342.8 216.1 228.6 259.8 9.5 71.6 313.2 189.3 217.1 185.8 98.8 217.5 299.8 147.5 209.6 224.3 148.5 89.6 254.2 65.7 242.5 294.0 382.7 129.8 270.7 399.9 96.3 208.2 108.5 226.6 193.8 191.3 71.4 191.1 232.1 216.5 290.2 173.1 344.6 37.7 25.4 221.0 194.8 306.1 171.6 232.1 380.1 220.7 243.5 0.0 244.1 215.1 276.8 80.0 243.0 89.8 196.0 251.6 100.8
1860.3 117.9 184.2 208.2 197.0 278.4 91.1 195.6 147.4 152.5 133.2 150.7 207.4 82.6 198.7 88.9 180.0 220.5 239.7 124.1 234.3 117.2 6.4 188.5 271.6 103.1 122.5 33.6 224.6 171.5 228.5 205.6 145.3 120.8 109.6 59.4 165.8 197.9 104.9 135.8 102.1 230.6 231.0 168.0 35.9 192.1 139.6 128.8 107.9 164.5 162.1 133.8 198.1 202.5 186.6 212.7 90.9 226.0 161.4 197.4 238.4 222.8 153.1 179.4 88.2 248.2 249.4 309.6 240.1 170.6 182.5 320.7 90.7 293.1 190.4 223.9 0.0 266.8 139.7 203.4 360.2 174.8 220.3 257.9 182.7
1855.1 232.9 97.6 329.4 116.8 154.8 348.9 132.6 214.4 408.6 416.9 143.8 80.2 340.4 165.6 184.0 143.9 391.7 112.5 411.3 313.3 400.9 290.1 402.7 71.6 390.3 293.2 249.9 350.9 377.9 220.1 193.2 264.9 228.8 256.6 225.3 176.8 339.8 224.5 146.5 249.1 103.4 106.3 112.1 293.7 152.5 282.0 412.1 391.6 127.6 388.8 421.0 43.4 269.5 84.3 348.9 233.3 80.6 158.2 88.7 113.3 95.6 272.7 143.3 375.4 223.2 235.9 121.2 307.1 290.2 104.5 132.3 374.4 138.9 365.8 210.4 283.6 0.0 259.3 170.3 143.2 185.8 85.5 131.5 149.6
1812.8 25.4 136.7 60.9 149.5 235.7 188.0 148.1 99.9 50.6 204.5 103.2 159.9 179.5 151.2 64.7 132.5 73.2 192.2 85.9 87.0 188.5 189.3 64.2 224.1 139.0 64.9 221.2 77.3 130.7 186.0 158.2 48.8 109.5 210.0 106.4 118.3 50.6 35.4 101.3 217.9 183.1 183.5 120.5 195.3 120.7 162.7 90.6 179.2 117.0 123.9 169.7 127.2 155.4 139.1 101.7 114.0 178.2 114.3 149.9 190.9 175.3 13.4 131.9 111.4 200.8 201.9 262.1 126.7 30.8 131.6 273.2 176.6 225.4 103.4 176.4 195.8 219.3 0.0 155.9 280.0 127.3 172.8 196.9 136.2
1716.1 328.7 120.4 246.0 130.2 216.4 292.4 38.7 157.9 325.2 360.4 83.9 140.6 283.9 4.9 127.5 113.2 308.3 172.9 337.6 229.9 344.4 233.6 319.3 176.6 333.8 381.7 193.4 267.5 298.7 89.6 66.8 352.1 172.3 200.1 168.8 38.3 256.4 168.0 82.0 192.6 163.8 125.0 83.1 237.2 48.7 225.5 332.9 335.1 69.3 309.6 438.8 89.8 246.7 101.7 265.5 176.8 159.2 94.5 130.6 171.6 156.0 329.1 112.6 383.5 52.9 70.5 219.0 233.7 345.0 111.5 230.1 317.9 206.1 282.4 85.0 227.1 191.6 315.7 0.0 241.0 29.3 153.5 191.1 20.7
1711.8 367.1 139.1 376.8 171.2 93.3 384.4 200.1 261.8 444.2 464.3 185.3 120.1 387.8 232.7 231.4 185.4 439.1 88.2 458.7 360.7 448.3 337.5 450.1 69.3 437.7 415.2 303.0 398.3 425.3 229.5 266.1 399.1 276.2 363.4 273.1 218.3 387.2 358.7 188.0 355.9 95.8 161.8 179.1 341.1 217.6 329.4 459.5 439.0 194.6 436.2 468.4 166.8 317.3 151.3 396.3 280.7 134.9 224.7 130.2 167.7 103.4 406.9 184.8 422.8 257.7 245.4 17.9 354.5 424.4 146.0 8.5 421.8 77.3 413.2 219.9 331.0 141.0 393.5 237.4 0.0 227.3 139.9 127.5 217.7
1685.4 293.8 88.0 215.3 100.8 187.0 267.6 77.0 214.6 294.5 416.2 54.5 111.2 259.1 42.7 102.7 83.8 277.6 143.5 306.9 199.2 400.2 208.8 288.6 157.3 380.4 351.0 168.6 236.8 268.0 96.9 83.9 321.4 147.5 175.3 144.0 8.9 225.7 308.0 52.6 167.8 134.4 137.6 53.7 212.4 70.0 200.7 302.2 390.9 39.9 278.9 408.1 83.8 216.4 66.6 234.8 152.0 129.6 65.1 101.2 142.2 126.6 298.4 83.2 352.8 62.9 80.6 199.5 203.0 314.3 81.7 210.6 293.1 176.7 251.7 109.9 202.3 170.6 285.0 37.8 221.5 0.0 124.1 161.7 58.6
1809.7 177.2 36.0 273.7 31.2 92.3 293.2 128.0 158.7 352.9 361.2 82.2 38.6 284.7 161.0 128.3 58.8 336.0 70.9 355.6 257.6 345.2 234.4 347.0 85.0 334.6 225.3 199.9 295.2 322.2 215.4 188.6 209.2 173.1 291.4 170.0 115.2 284.1 168.8 84.9 283.9 61.8 82.8 107.5 238.0 145.9 226.3 356.4 335.9 123.0 333.1 365.3 95.2 214.2 79.7 293.2 177.6 6.6 153.0 27.1 27.7 54.0 217.0 59.4 319.7 187.3 204.9 134.6 251.4 234.5 42.9 145.7 318.7 104.1 310.1 205.8 227.9 80.0 203.6 165.7 156.6 124.2 0.0 61.5 146.0
1772.4 200.5 64.1 299.2 60.8 78.7 318.7 171.5 184.2 378.4 386.7 107.7 42.5 310.2 204.5 153.8 88.4 361.5 65.2 381.1 283.1 370.7 259.9 372.5 124.8 360.1 263.0 225.4 320.7 347.7 258.9 232.1 234.7 198.6 321.0 195.1 140.7 309.6 194.3 128.7 313.5 56.1 145.2 151.0 263.5 183.2 251.8 381.9 361.4 166.5 358.6 390.8 138.7 239.3 122.9 318.7 203.1 62.7 197.1 52.6 29.4 48.3 242.5 89.0 345.2 212.7 230.4 135.1 276.9 260.0 68.4 146.2 344.2 93.4 335.6 249.3 253.4 123.5 229.1 187.6 153.0 149.7 67.4 0.0 188.5
1735.8 160.2 137.1 271.4 149.9 213.8 270.6 16.9 137.1 349.6 338.6 104.6 146.4 263.1 16.0 106.7 132.9 332.7 177.7 363.0 255.3 323.6 211.8 344.7 154.8 312.0 406.1 172.6 292.9 326.1 68.8 45.9 189.3 150.5 179.3 148.0 58.0 281.8 146.2 106.7 170.8 169.6 104.2 51.8 216.4 46.0 204.7 358.3 314.3 89.0 335.0 343.7 83.6 272.1 70.7 290.9 156.0 146.1 33.6 150.3 179.5 161.8 354.5 132.3 298.1 72.6 89.7 197.2 259.1 370.4 132.6 209.3 297.1 196.9 307.8 64.2 205.3 169.8 341.1 19.6 220.2 49.0 151.7 196.7 0.0
