Name		1708_BED-Amazon_n115_m274_bt29
Number_of_Customers	115
Number_of_Items		274
Number_of_ItemTypes	29
Number_of_Vehicles	1
TimeWindows		0
Dist_type	manual

VEHICLE
Mass_Capacity	1693
CargoSpace_Length	160
CargoSpace_Width	70
CargoSpace_Height	72

CUSTOMERS
i	x	y	Demand	ReadyTime	DueDate	ServiceTime	DemandedMass	DemandedVolume
0	33.688122	-117.847178	0	0	0	0	0	0
1	33.68195	-117.920885	1	0	0	0	3.01	5544
2	33.680695	-117.915607	2	0	0	0	2.6	3816
3	33.686064	-117.916817	4	0	0	0	14.25	40440
4	33.686045	-117.907077	2	0	0	0	2.5	5160
5	33.68835	-117.921745	1	0	0	0	2.5	3978
6	33.686361	-117.907073	4	0	0	0	39.76	20104
7	33.682765	-117.914194	1	0	0	0	4.7	1380
8	33.683835	-117.924329	1	0	0	0	4.7	1380
9	33.680698	-117.913722	3	0	0	0	12.7	7660
10	33.67618	-117.915876	1	0	0	0	0.7	2640
11	33.69258	-117.929546	3	0	0	0	19.0	12434
12	33.686416	-117.908565	3	0	0	0	9.91	14676
13	33.685514	-117.91031	1	0	0	0	4.7	1380
14	33.684231	-117.911435	1	0	0	0	9.4	2760
15	33.685274	-117.91209	3	0	0	0	14.16	12912
16	33.682302	-117.922626	2	0	0	0	4.52	10240
17	33.685236	-117.910313	2	0	0	0	2.45	7248
18	33.683743	-117.924918	1	0	0	0	0.7	2640
19	33.686594	-117.904232	2	0	0	0	6.6	2556
20	33.689523	-117.922682	1	0	0	0	9.4	2760
21	33.681619	-117.910174	1	0	0	0	1.75	4608
22	33.68655	-117.911636	2	0	0	0	12.27	29500
23	33.680069	-117.917392	2	0	0	0	7.24	31380
24	33.67714	-117.914391	1	0	0	0	1.9	1176
25	33.682621	-117.922328	2	0	0	0	4.84	16080
26	33.686226	-117.910294	3	0	0	0	7.97	18624
27	33.679937	-117.91226	1	0	0	0	4.7	1380
28	33.677971	-117.919819	1	0	0	0	3.01	5544
29	33.683796	-117.918029	2	0	0	0	5.4	4020
30	33.69187	-117.935545	2	0	0	0	5.4	4020
31	33.682943	-117.921299	4	0	0	0	24.69	42895
32	33.692309	-117.932879	2	0	0	0	10.05	12712
33	33.690339	-117.924301	3	0	0	0	4.35	8424
34	33.683164	-117.910648	2	0	0	0	3.71	8184
35	33.68458	-117.907318	2	0	0	0	2.6	3816
36	33.685556	-117.917873	2	0	0	0	6.85	2460
37	33.683428	-117.922694	1	0	0	0	4.8	6200
38	33.685686	-117.90429	2	0	0	0	10.1	5400
39	33.679083	-117.918515	1	0	0	0	4.7	1380
40	33.687458	-117.927021	3	0	0	0	4.95	11226
41	33.684231	-117.909113	1	0	0	0	4.7	1380
42	33.693783	-117.932463	2	0	0	0	8.21	16283
43	33.682946	-117.922331	2	0	0	0	4.52	10240
44	33.682306	-117.921937	1	0	0	0	0.7	2640
45	33.690876	-117.926949	1	0	0	0	1.9	1176
46	33.683855	-117.921461	1	0	0	0	2.5	3978
47	33.693291	-117.93449	2	0	0	0	5.57	12208
48	33.67653	-117.914038	7	0	0	0	25.89	38245
49	33.686384	-117.917871	2	0	0	0	7.79	12053
50	33.683146	-117.907022	1	0	0	0	2.5	3978
51	33.686403	-117.91297	2	0	0	0	12.41	8304
52	33.684945	-117.912237	1	0	0	0	7.3	3640
53	33.684254	-117.923998	1	0	0	0	4.7	1380
54	33.68343	-117.921976	1	0	0	0	2.75	9072
55	33.682306	-117.923068	1	0	0	0	0.7	2640
56	33.684921	-117.904312	1	0	0	0	0.7	2640
57	33.682291	-117.924116	2	0	0	0	6.88	26078
58	33.682138	-117.912814	3	0	0	0	5.35	7698
59	33.691952	-117.930087	2	0	0	0	3.45	11712
60	33.684805	-117.917696	1	0	0	0	1.75	4608
61	33.68384	-117.923457	1	0	0	0	4.7	1380
62	33.680712	-117.912799	3	0	0	0	11.02	12958
63	33.685681	-117.908493	1	0	0	0	14.15	1000
64	33.692455	-117.931668	5	0	0	0	12.76	24572
65	33.682852	-117.923316	2	0	0	0	7.4	16600
66	33.681442	-117.909845	1	0	0	0	1.9	1176
67	33.686496	-117.90345	1	0	0	0	4.7	1380
68	33.681476	-117.914524	1	0	0	0	9.4	2760
69	33.67939	-117.92038	7	0	0	0	30.59	46638
70	33.69212	-117.92818	1	0	0	0	9.4	2760
71	33.6834	-117.908721	2	0	0	0	5.44	18882
72	33.68655	-117.910239	3	0	0	0	9.72	34784
73	33.684255	-117.923439	2	0	0	0	12.0	5020
74	33.686376	-117.912067	2	0	0	0	6.85	2460
75	33.681056	-117.909131	2	0	0	0	2.6	3816
76	33.680895	-117.910462	1	0	0	0	0.7	2640
77	33.692549	-117.930778	1	0	0	0	2.6	10400
78	33.683135	-117.913107	1	0	0	0	1.77	9425
79	33.684257	-117.921963	3	0	0	0	17.2	11096
80	33.69229	-117.932081	1	0	0	0	7.3	3640
81	33.690544	-117.927048	1	0	0	0	1.59	3400
82	33.6826	-117.910767	1	0	0	0	9.4	2760
83	33.692153	-117.934305	3	0	0	0	7.3	5196
84	33.691824	-117.927457	3	0	0	0	10.29	24136
85	33.685047	-117.916796	2	0	0	0	5.4	4020
86	33.686554	-117.915467	1	0	0	0	9.4	2760
87	33.689729	-117.927045	2	0	0	0	4.65	5058
88	33.675761	-117.912803	1	0	0	0	1.75	4608
89	33.689013	-117.92211	1	0	0	0	4.7	1380
90	33.689941	-117.923539	1	0	0	0	4.7	1380
91	33.67751	-117.913302	7	0	0	0	54.93	32585
92	33.693038	-117.932567	6	0	0	0	38.98	50942
93	33.681329	-117.911581	1	0	0	0	4.7	1380
94	33.682477	-117.923312	1	0	0	0	3.82	7600
95	33.682645	-117.909808	1	0	0	0	0.7	2640
96	33.685086	-117.909472	3	0	0	0	7.15	8628
97	33.680574	-117.90996	1	0	0	0	4.7	1380
98	33.681267	-117.915546	1	0	0	0	3.01	5544
99	33.681856	-117.915925	1	0	0	0	4.7	1380
100	33.686563	-117.916146	1	0	0	0	5.29	8075
101	33.684881	-117.905177	1	0	0	0	1.75	4608
102	33.685791	-117.903448	2	0	0	0	5.1	14378
103	33.685301	-117.908458	2	0	0	0	4.52	11220
104	33.685286	-117.907068	7	0	0	0	23.46	40017
105	33.684953	-117.918561	2	0	0	0	8.27	30760
106	33.684935	-117.912662	1	0	0	0	2.5	3978
107	33.684917	-117.911076	1	0	0	0	5.29	8075
108	33.677617	-117.915246	5	0	0	0	24.86	31470
109	33.686587	-117.90522	2	0	0	0	11.3	3936
110	33.682636	-117.912118	2	0	0	0	3.2	6618
111	33.682314	-117.921536	3	0	0	0	13.75	9628
112	33.690891	-117.926403	2	0	0	0	6.5	3900
113	33.683415	-117.923786	4	0	0	0	25.68	41840
114	33.685353	-117.904302	2	0	0	0	5.4	4020
115	33.682988	-117.911529	1	0	0	0	4.7	1380

ITEMS
Type	Length	Width	Height	Mass	Fragility	LoadBearingStrength
Bt1	10	10	10	14.15	1	0
Bt2	18	12	5	2.15	1	0
Bt3	21	14	4	1.9	1	0
Bt4	23	15	4	4.7	1	0
Bt5	20	18	7	1.8	1	0
Bt6	15	11	16	0.7	1	0
Bt7	34	10	10	1.59	1	0
Bt8	20	14	13	7.3	1	0
Bt9	17	13	18	2.5	1	0
Bt10	24	12	16	1.75	1	0
Bt11	28	22	9	3.01	1	0
Bt12	31	20	10	4.8	1	0
Bt13	40	19	10	3.82	1	0
Bt14	25	19	17	5.29	1	0
Bt15	27	16	19	2.92	1	0
Bt16	22	15	26	3.816	1	0
Bt17	28	18	18	2.75	1	0
Bt18	29	25	13	1.77	1	0
Bt19	50	20	10	4.73	1	0
Bt20	40	20	13	2.6	1	0
Bt21	29	24	15	4.26	1	0
Bt22	40	13	21	2.98	1	0
Bt23	39	23	14	3.97	1	0
Bt24	26	20	26	2.91	1	0
Bt25	38	20	18	1.98	1	0
Bt26	27	23	24	2.94	1	0
Bt27	41	20	29	3.42	1	0
Bt28	58	40	11	12.6	1	0
Bt29	38	37	20	7.568	1	0

DEMANDS PER CUSTOMER
i	Type Quantity
1	Bt11 1	
2	Bt3 1	Bt6 1	
3	Bt6 2	Bt19 1	Bt27 1	Bt4 1	
4	Bt6 1	Bt5 1	
5	Bt9 1	
6	Bt11 1	Bt1 1	Bt6 1	Bt8 3	
7	Bt4 1	
8	Bt4 1	
9	Bt8 1	Bt6 1	Bt4 1	
10	Bt6 1	
11	Bt3 1	Bt8 2	Bt9 1	
12	Bt11 1	Bt9 2	Bt3 1	
13	Bt4 1	
14	Bt4 2	
15	Bt11 1	Bt4 2	Bt10 1	
16	Bt13 1	Bt6 1	
17	Bt6 1	Bt10 1	
18	Bt6 1	
19	Bt3 1	Bt4 1	
20	Bt4 2	
21	Bt10 1	
22	Bt29 1	Bt4 1	
23	Bt27 1	Bt13 1	
24	Bt3 1	
25	Bt3 1	Bt26 1	
26	Bt11 1	Bt6 1	Bt21 1	
27	Bt4 1	
28	Bt11 1	
29	Bt6 1	Bt4 1	
30	Bt4 1	Bt6 1	
31	Bt4 1	Bt6 3	Bt14 1	Bt28 1	
32	Bt17 1	Bt8 1	
33	Bt3 1	Bt6 1	Bt10 1	
34	Bt11 1	Bt6 1	
35	Bt3 1	Bt6 1	
36	Bt4 1	Bt2 1	
37	Bt12 1	
38	Bt4 2	Bt6 1	
39	Bt4 1	
40	Bt6 1	Bt9 1	Bt10 1	
41	Bt4 1	
42	Bt15 1	Bt14 1	
43	Bt6 1	Bt13 1	
44	Bt6 1	
45	Bt3 1	
46	Bt9 1	
47	Bt10 1	Bt13 1	
48	Bt3 1	Bt14 1	Bt4 2	Bt10 2	Bt6 1	Bt9 1	Bt20 1	
49	Bt9 1	Bt14 1	
50	Bt9 1	
51	Bt4 2	Bt11 1	
52	Bt8 1	
53	Bt4 1	
54	Bt17 1	
55	Bt6 1	
56	Bt6 1	
57	Bt23 1	Bt24 1	
58	Bt9 1	Bt2 1	Bt6 1	
59	Bt17 1	Bt6 1	
60	Bt10 1	
61	Bt4 1	
62	Bt9 1	Bt4 1	Bt13 1	
63	Bt1 1	
64	Bt20 1	Bt10 1	Bt11 1	Bt4 1	Bt6 1	
65	Bt20 1	Bt12 1	
66	Bt3 1	
67	Bt4 1	
68	Bt4 2	
69	Bt9 1	Bt8 1	Bt16 2	Bt3 2	Bt4 1	Bt24 1	Bt10 1	
70	Bt4 2	
71	Bt9 1	Bt26 1	
72	Bt26 1	Bt12 1	Bt25 1	
73	Bt8 1	Bt4 1	
74	Bt2 1	Bt4 1	
75	Bt3 1	Bt6 1	
76	Bt6 1	
77	Bt20 1	
78	Bt18 1	
79	Bt8 2	Bt3 1	Bt6 1	
80	Bt8 1	
81	Bt7 1	
82	Bt4 2	
83	Bt4 1	Bt3 1	Bt6 1	
84	Bt13 1	Bt9 1	Bt23 1	
85	Bt4 1	Bt6 1	
86	Bt4 2	
87	Bt2 1	Bt9 1	
88	Bt10 1	
89	Bt4 1	
90	Bt4 1	
91	Bt4 4	Bt8 2	Bt6 1	Bt3 1	Bt11 1	Bt1 1	Bt18 1	
92	Bt6 4	Bt21 1	Bt4 5	Bt9 1	Bt11 1	Bt24 1	
93	Bt4 1	
94	Bt13 1	
95	Bt6 1	
96	Bt6 1	Bt10 1	Bt4 1	
97	Bt4 1	
98	Bt11 1	
99	Bt4 1	
100	Bt14 1	
101	Bt10 1	
102	Bt20 1	Bt9 1	
103	Bt6 1	Bt16 1	
104	Bt4 1	Bt9 1	Bt3 1	Bt14 1	Bt6 5	Bt13 1	Bt10 1	
105	Bt6 1	Bt29 1	
106	Bt9 1	
107	Bt14 1	
108	Bt11 1	Bt4 3	Bt6 5	Bt9 1	Bt10 1	
109	Bt4 2	Bt3 1	
110	Bt9 1	Bt6 1	
111	Bt10 1	Bt4 1	Bt8 1	
112	Bt4 1	Bt5 1	
113	Bt22 1	Bt4 2	Bt6 1	Bt28 1	
114	Bt4 1	Bt6 1	
115	Bt4 1	

DISTANCE MATRIX
0.0 910.6 895.4 974.4 940.3 871.5 933.0 878.3 1010.4 876.4 1023.1 1013.6 772.0 855.4 789.5 849.2 969.3 862.8 983.7 937.5 889.0 827.7 831.6 902.5 952.8 966.1 836.4 872.5 953.3 945.9 1139.0 938.3 1029.9 908.6 808.4 887.1 969.6 940.5 914.6 963.7 974.9 758.6 1054.7 959.6 957.8 938.9 965.0 1103.9 977.3 892.2 858.7 870.6 826.1 958.8 930.6 976.5 935.0 994.8 873.8 992.6 932.5 1031.6 869.3 759.7 1020.4 977.3 822.3 911.3 907.1 958.6 984.0 804.6 812.1 950.3 856.0 831.9 837.0 1016.3 854.1 928.4 1018.8 960.1 817.0 1099.3 961.7 951.9 909.7 948.4 919.4 880.4 899.1 983.3 1081.7 871.3 985.6 807.9 768.8 831.2 894.5 897.3 921.1 925.1 899.1 753.4 901.8 939.7 839.7 887.0 1003.6 927.1 848.4 933.7 931.0 955.2 923.5 830.4
774.6 0.0 157.2 234.6 433.0 200.6 425.7 212.2 147.0 172.9 250.5 342.7 300.8 384.2 258.5 285.6 58.6 391.6 120.3 437.2 218.1 263.4 360.4 107.9 209.5 64.6 365.2 174.7 108.5 271.8 466.3 37.2 359.0 237.7 277.9 379.8 229.8 77.1 407.3 180.4 301.4 287.4 383.8 71.1 47.1 268.0 122.2 431.2 258.1 183.5 352.4 307.9 262.5 150.2 67.2 65.8 427.7 84.1 210.8 321.7 258.4 176.1 182.1 288.5 349.5 86.5 265.8 411.0 187.2 113.8 313.1 333.4 340.9 151.9 305.6 255.4 216.5 345.4 238.4 129.5 347.9 286.6 269.3 426.6 290.8 233.5 218.9 274.9 293.8 209.5 228.2 264.1 409.0 205.2 78.2 291.5 297.6 234.0 167.6 172.4 207.0 417.8 398.8 282.2 394.5 265.6 276.1 415.8 178.7 419.8 228.9 23.0 260.1 91.8 416.2 259.4
822.7 159.4 0.0 156.7 328.9 250.8 321.4 54.9 306.5 108.0 218.4 392.9 228.4 232.9 101.4 146.5 218.1 255.4 279.8 327.0 272.5 132.7 179.9 40.0 160.8 224.1 211.4 67.9 129.1 143.3 494.4 192.5 409.2 292.8 133.0 271.8 147.5 236.6 300.5 98.7 349.2 134.8 434.4 231.5 206.6 318.2 281.7 481.4 199.3 198.4 245.6 157.7 125.9 241.2 226.7 225.3 320.9 243.6 75.5 371.9 121.8 335.6 120.1 242.7 400.1 248.5 138.3 304.2 89.3 136.4 363.7 176.1 201.9 232.7 169.7 174.8 116.7 395.6 81.1 210.8 398.1 334.3 136.1 481.0 341.4 93.6 152.2 322.6 239.0 259.7 278.4 196.3 456.7 106.8 237.7 157.2 243.1 134.2 10.4 43.4 139.9 311.0 292.0 246.8 283.6 143.3 121.8 243.4 130.0 313.0 97.0 201.4 310.7 254.2 309.4 128.7
792.8 255.1 145.2 0.0 460.3 188.7 453.0 118.8 340.5 174.4 296.1 330.8 295.1 297.1 185.8 217.0 313.8 304.5 313.8 457.3 210.4 212.5 246.6 133.2 238.5 319.8 278.1 243.6 224.8 119.9 456.2 292.4 347.1 225.8 217.4 405.9 41.6 270.6 434.6 176.4 292.2 216.7 371.9 326.3 302.3 256.1 281.9 421.1 277.0 88.6 379.7 217.3 193.9 275.7 260.7 321.0 455.0 339.3 141.9 309.8 98.4 348.5 184.0 306.9 337.6 341.7 218.1 431.1 155.7 232.1 301.2 258.0 266.1 267.2 237.7 250.3 180.6 333.5 163.0 244.8 336.0 277.3 218.4 423.2 278.9 55.5 89.7 265.6 322.8 197.6 216.3 274.0 398.9 170.7 333.4 239.1 309.8 198.1 137.3 114.6 77.8 445.1 418.9 313.0 417.7 105.6 186.0 307.6 207.7 447.1 176.8 294.6 248.2 285.7 443.5 208.5
775.5 425.6 299.1 378.8 0.0 463.8 7.8 282.7 572.7 280.4 424.3 608.7 194.5 275.1 193.9 256.4 484.3 297.6 546.0 116.4 485.5 228.9 251.3 306.5 354.0 490.3 256.1 273.7 395.3 358.4 711.7 456.2 625.0 505.8 212.8 97.1 369.6 502.8 104.6 364.9 570.1 163.0 649.8 497.7 472.8 531.2 547.9 696.2 360.4 420.5 115.5 280.5 230.5 507.4 492.9 491.5 125.0 512.6 276.9 584.9 336.9 601.8 273.3 179.4 612.7 512.2 223.5 133.2 308.3 402.6 576.3 209.0 234.6 498.9 274.3 256.0 238.2 608.6 258.5 479.8 611.1 552.4 224.2 698.3 554.0 315.7 314.1 540.7 320.6 472.7 491.4 397.8 674.0 272.5 503.9 212.3 188.5 232.4 298.9 301.7 325.5 115.1 114.5 175.1 85.9 358.4 244.1 306.7 404.8 72.3 254.4 465.1 523.3 520.7 113.5 234.8
753.6 180.9 268.7 195.6 448.1 0.0 440.8 239.8 235.1 295.4 365.6 142.0 279.8 387.3 302.3 307.2 206.3 394.7 208.4 445.3 17.5 333.5 336.8 254.2 324.6 190.8 368.3 289.8 223.6 232.8 267.4 169.7 158.3 37.1 333.9 394.9 190.8 165.2 422.4 297.4 150.3 266.4 183.1 184.3 195.8 67.3 176.5 232.3 373.2 144.5 366.5 307.5 284.1 170.3 155.3 213.5 442.8 231.8 262.9 121.0 219.4 243.1 305.0 267.5 148.8 202.0 339.1 419.1 276.7 228.9 112.4 312.4 319.9 161.8 327.2 348.4 301.6 144.7 284.0 139.4 147.2 88.6 339.4 227.7 90.1 194.5 179.9 101.1 408.9 8.8 27.5 379.2 210.1 291.7 210.3 315.7 276.6 319.1 258.3 235.6 168.0 432.9 406.9 261.2 409.6 226.6 276.2 397.8 293.8 434.9 299.0 177.2 59.4 179.9 431.3 329.5
767.6 417.7 288.7 370.9 7.3 455.9 0.0 274.8 564.8 269.7 416.4 598.0 183.8 267.2 186.0 245.7 476.4 289.7 538.1 98.3 473.4 221.0 243.4 295.8 346.1 482.4 248.2 265.8 387.4 342.4 723.4 448.3 614.3 492.4 204.9 89.2 361.7 494.9 96.7 357.0 559.4 155.1 639.1 488.9 464.9 523.3 540.0 688.3 352.5 412.6 107.6 268.0 222.6 499.5 485.0 483.6 117.1 501.9 269.0 577.0 329.0 593.9 262.6 171.5 604.8 504.3 215.6 125.3 300.4 394.7 568.4 201.1 223.9 491.0 266.4 225.2 230.3 600.7 250.6 468.6 603.2 544.5 213.5 690.4 546.1 307.8 306.2 532.8 312.7 464.8 483.5 389.9 666.1 264.6 496.0 204.4 180.6 224.5 291.0 293.8 317.6 107.2 106.6 165.2 78.0 336.2 236.2 298.8 396.9 61.6 244.9 457.2 515.4 510.0 105.6 226.9
815.2 225.0 65.5 117.0 341.4 211.1 334.1 0.0 372.1 55.5 289.6 353.2 198.7 200.7 75.2 115.8 283.7 208.1 345.4 345.6 228.6 93.6 150.2 103.1 232.0 289.7 181.7 114.0 194.7 88.5 478.6 262.3 369.5 248.2 106.8 288.2 112.2 302.2 315.7 169.9 314.5 106.1 394.3 296.2 272.2 278.5 304.3 443.5 280.6 159.2 260.8 124.4 92.7 298.1 292.3 290.9 336.1 309.2 23.0 332.2 75.1 370.9 65.1 210.5 360.0 311.6 99.2 319.4 36.8 202.0 323.6 146.5 169.7 289.6 135.8 108.5 61.7 355.9 52.4 267.7 358.4 299.7 99.5 438.9 301.3 94.5 112.1 288.0 309.5 220.0 238.7 286.6 421.3 51.8 303.3 121.7 213.4 79.2 55.1 57.9 100.2 326.2 307.2 216.6 302.9 82.3 93.1 211.2 201.2 328.2 59.1 248.1 270.6 316.9 324.6 89.6
876.7 166.4 310.7 325.2 571.2 232.9 563.9 369.4 0.0 326.4 404.0 375.0 402.9 486.3 431.9 436.8 130.7 493.7 36.6 568.4 250.4 463.1 466.4 261.4 363.0 115.2 467.3 328.2 262.0 362.4 500.4 126.1 391.3 270.0 463.5 518.0 320.4 89.5 545.5 333.9 336.3 389.5 416.1 108.7 142.7 300.3 95.7 465.3 411.6 274.1 489.6 437.1 413.7 52.0 99.4 127.7 565.9 110.7 392.5 354.0 349.0 29.1 335.6 390.6 381.8 97.0 468.7 542.2 406.3 267.3 345.4 435.5 443.0 60.5 456.8 478.0 431.2 377.7 413.6 82.9 380.2 321.5 469.0 460.7 323.1 324.1 309.5 309.8 447.3 241.8 260.5 417.6 443.1 421.3 105.3 438.8 399.7 448.7 387.9 365.2 297.6 556.0 530.0 384.3 532.7 356.2 405.8 527.4 332.2 558.0 428.6 133.6 292.4 74.8 554.4 459.1
841.2 177.9 48.9 175.2 312.7 269.3 302.7 62.3 325.0 0.0 236.9 411.4 195.5 197.5 85.5 112.6 236.6 220.0 298.3 353.6 291.0 90.4 147.0 56.0 179.3 242.6 178.5 51.7 147.6 150.9 512.9 208.5 427.7 305.8 104.9 256.8 170.4 255.1 284.3 117.2 367.7 116.4 452.5 249.1 225.1 336.7 300.2 497.4 217.8 216.9 229.4 134.9 89.5 259.7 245.2 243.8 304.7 262.1 37.8 390.4 137.5 354.1 79.9 207.3 418.2 264.5 96.0 330.8 60.6 154.9 381.8 157.7 166.5 251.2 132.6 132.5 76.5 414.1 66.7 228.8 416.6 352.8 96.3 499.5 359.5 152.7 170.3 341.1 222.8 278.2 296.9 214.8 475.2 66.6 256.2 118.5 210.2 94.0 59.3 89.2 158.4 294.8 318.6 211.4 267.4 144.7 103.1 208.0 148.5 296.8 54.7 217.4 328.8 270.2 293.2 86.4
944.2 264.3 247.9 300.8 457.4 358.1 450.1 267.1 411.4 233.3 0.0 500.2 447.8 449.8 320.8 365.9 323.0 457.2 384.7 461.6 375.6 349.6 399.3 223.9 88.7 329.0 430.8 235.1 268.6 290.3 625.6 301.6 516.5 395.2 352.4 404.2 296.0 341.5 431.7 190.7 461.5 351.7 541.3 335.5 311.5 425.5 368.9 590.5 113.2 343.0 376.8 370.0 342.8 362.7 331.6 330.2 452.1 348.5 290.2 479.2 276.9 435.5 242.5 364.8 507.0 350.9 355.2 435.4 247.6 275.9 470.6 393.0 418.8 354.2 385.9 315.8 276.9 502.9 298.0 331.8 505.4 446.7 355.5 585.9 448.3 278.3 295.9 435.0 127.4 367.0 385.7 119.2 568.3 265.6 342.6 374.1 373.9 294.4 237.5 214.8 284.0 442.2 423.2 358.5 418.9 284.1 338.7 460.3 125.4 444.2 315.1 287.4 417.6 356.2 440.6 345.6
913.4 340.7 426.0 355.4 610.6 159.7 600.6 399.6 394.9 455.2 525.4 0.0 439.6 547.1 462.1 467.0 366.1 554.5 368.2 601.7 138.0 493.3 496.6 414.0 484.4 350.6 528.1 449.6 383.4 392.6 166.0 322.8 76.5 117.7 493.7 554.7 346.2 325.0 582.2 457.2 177.9 426.2 101.3 343.2 355.6 94.8 336.3 150.5 522.9 304.3 526.3 467.3 443.9 330.1 315.1 373.3 602.6 391.6 422.7 39.2 379.2 402.9 464.8 427.3 67.0 361.8 498.9 578.9 436.5 388.7 71.0 472.2 479.7 321.6 487.0 531.1 461.4 62.9 443.8 299.2 65.4 116.1 499.2 152.6 56.3 354.3 339.7 128.6 568.7 150.8 132.1 519.9 128.3 451.5 370.1 475.5 436.4 478.9 418.1 395.4 327.8 592.7 566.7 421.0 565.3 386.4 436.0 557.6 453.6 594.7 458.8 347.9 100.2 340.1 591.1 489.3
713.2 355.6 226.6 305.6 271.5 360.7 264.2 209.5 502.7 207.6 354.3 502.8 0.0 83.3 120.7 103.9 414.3 105.8 476.0 265.3 378.2 158.9 59.5 233.7 284.0 420.3 64.3 203.7 325.3 277.1 608.6 386.2 519.1 402.7 139.6 217.1 296.4 432.8 245.8 294.9 464.2 89.8 543.9 426.8 402.8 428.1 477.9 593.1 290.4 304.6 189.9 96.2 117.0 447.7 422.9 421.5 266.2 439.8 205.0 481.8 263.7 531.8 200.5 11.7 509.6 442.2 153.5 242.5 238.3 332.6 473.2 135.8 40.0 439.2 83.9 163.1 168.2 505.5 185.3 416.8 508.0 449.3 148.2 595.2 450.9 242.5 211.0 437.6 250.6 369.6 388.3 327.8 570.9 202.5 433.9 139.1 54.2 162.4 225.7 228.5 222.4 256.3 230.3 15.8 228.9 270.9 124.9 114.9 334.8 258.3 179.6 395.1 420.2 447.9 254.7 161.6
766.6 391.5 232.2 301.7 324.9 352.7 317.6 203.5 504.5 213.5 407.7 494.8 53.3 0.0 167.3 95.9 450.2 7.3 477.8 322.1 370.2 212.3 51.5 269.6 337.4 456.2 12.8 257.1 361.2 273.2 620.2 428.8 511.1 389.8 193.0 271.7 296.9 434.6 299.2 336.6 456.1 143.2 535.9 462.7 438.7 420.1 445.9 585.1 361.9 296.6 243.3 90.5 109.0 439.7 424.7 457.4 319.6 475.7 199.0 473.8 259.8 512.5 241.1 65.1 501.6 478.1 206.9 295.9 240.5 368.5 465.2 189.2 24.3 431.2 75.9 216.5 221.6 497.5 179.3 408.8 500.0 441.3 201.6 580.5 442.9 279.2 203.0 429.6 304.0 361.6 380.3 367.9 562.9 227.8 469.8 192.5 68.0 215.8 221.8 224.6 214.4 309.7 283.7 71.2 286.4 267.0 116.9 31.5 388.2 311.7 188.5 414.6 412.2 449.3 308.1 194.9
732.3 274.8 112.8 184.8 274.2 269.8 266.9 88.7 421.9 98.7 339.4 411.9 142.5 144.5 0.0 59.6 333.5 167.0 395.2 268.0 291.5 79.7 94.0 152.9 286.7 339.5 125.5 175.2 244.5 164.4 537.3 312.1 428.2 306.9 31.5 219.8 180.0 352.0 248.5 219.7 373.3 30.8 453.0 346.0 322.0 337.2 363.0 502.2 293.1 226.5 192.6 81.9 36.5 356.8 342.1 340.7 268.9 359.0 84.2 390.9 142.9 451.0 126.3 154.3 418.7 361.4 85.3 245.2 125.7 251.8 382.3 72.1 113.5 348.3 80.3 121.8 119.0 414.6 64.5 325.9 417.1 358.4 40.1 504.3 360.0 121.7 120.1 346.7 253.3 278.7 297.4 330.5 480.0 113.0 353.1 53.2 157.2 113.2 104.9 107.7 131.5 259.0 233.0 160.4 231.6 164.4 50.1 155.0 251.0 261.0 62.3 314.3 329.3 367.1 257.4 40.8
796.1 295.5 140.6 212.6 348.7 263.6 338.3 107.5 442.6 117.5 367.2 405.7 82.8 84.8 71.3 0.0 354.2 107.3 415.9 339.4 281.1 127.0 34.3 173.6 309.6 360.2 65.8 194.0 265.2 192.2 531.1 326.1 422.0 300.7 102.9 292.4 203.4 372.7 319.9 247.5 367.1 102.2 446.8 366.7 342.7 331.0 356.8 496.0 364.5 207.5 264.0 52.7 13.0 350.6 362.8 361.4 340.3 379.7 103.0 384.7 170.7 423.4 145.1 94.6 412.5 382.1 132.6 316.6 144.5 272.5 376.1 143.5 53.8 342.1 19.9 169.1 141.7 408.4 83.3 320.2 410.9 352.2 111.5 498.1 353.8 149.5 113.9 340.5 324.7 272.5 291.2 345.1 473.8 131.8 373.8 124.6 97.5 159.2 132.7 135.5 125.3 330.4 304.4 98.7 303.0 192.2 20.9 95.3 278.8 332.4 91.3 335.0 323.1 387.8 328.8 98.9
833.0 58.3 218.1 308.9 491.4 216.6 484.1 270.6 115.2 231.3 308.9 358.7 359.2 442.6 316.9 344.0 0.0 465.1 88.5 492.2 234.1 321.8 418.8 166.3 267.9 25.4 423.6 233.1 166.9 346.1 464.5 54.2 375.0 253.1 336.3 437.0 304.1 54.6 465.7 238.8 320.1 345.8 399.8 32.8 11.4 284.0 138.2 449.0 306.4 257.8 410.8 425.4 320.9 118.4 50.9 7.1 486.1 25.4 269.2 337.7 332.7 144.3 240.5 346.9 365.5 27.8 324.2 469.4 245.6 172.2 329.1 391.8 399.3 126.9 364.7 336.7 274.9 361.4 296.8 145.5 363.9 305.2 327.7 451.1 306.8 289.8 293.2 293.5 352.2 225.5 244.2 303.4 426.8 263.6 19.5 349.9 356.0 292.4 226.0 230.8 281.3 476.2 457.2 340.6 448.8 354.2 389.5 474.2 237.1 478.2 286.1 19.1 276.1 60.4 474.6 317.8
771.6 396.5 234.7 306.7 332.6 357.7 322.6 208.5 509.5 218.5 412.7 499.8 81.8 5.0 172.3 100.9 458.0 0.0 482.8 323.7 379.4 217.3 56.5 274.6 342.4 464.0 17.9 262.1 366.2 286.3 605.6 427.1 516.1 399.7 206.7 275.5 297.5 439.6 304.2 341.6 461.2 148.2 540.9 468.6 443.7 425.1 450.9 592.9 372.3 302.1 248.3 91.2 114.0 444.7 429.7 462.4 324.6 480.7 204.0 481.6 264.8 517.5 248.9 70.1 506.6 483.1 211.9 300.9 248.3 373.5 473.0 217.7 52.8 436.2 80.2 244.4 226.6 502.5 184.3 416.6 505.0 446.3 206.6 592.2 450.7 243.6 208.0 434.6 309.0 366.6 385.3 386.2 570.7 232.8 474.8 197.5 73.0 220.8 226.8 229.6 219.4 314.7 288.7 74.2 310.8 286.3 121.9 24.1 393.2 316.7 192.3 436.0 417.2 457.5 336.6 199.9
854.5 129.7 287.0 303.0 562.8 210.7 555.5 347.2 26.6 302.7 380.3 352.8 380.7 464.1 409.7 414.6 94.0 471.5 0.0 546.2 228.2 440.9 444.2 237.7 339.3 78.5 445.1 304.5 238.3 340.2 478.2 89.4 369.1 247.8 441.3 509.6 298.2 52.8 537.1 310.2 314.1 367.3 393.9 72.0 106.0 278.1 122.3 443.1 387.9 251.9 482.2 414.9 391.5 29.8 62.7 91.0 557.5 74.0 370.3 331.8 326.8 55.7 311.9 368.4 359.6 60.3 446.5 520.0 384.1 243.6 323.2 413.3 420.8 38.3 434.6 455.8 409.0 355.5 391.4 60.7 358.0 299.3 446.8 438.5 300.9 301.9 287.3 287.6 423.6 219.6 238.3 393.9 420.9 399.1 68.6 416.6 377.5 426.5 365.7 343.0 275.4 547.6 507.8 362.1 524.3 334.0 383.6 505.2 308.5 549.6 406.4 96.9 270.2 38.1 546.0 436.9
779.6 456.7 330.2 386.3 69.5 467.9 59.5 286.8 603.8 298.5 428.4 610.0 193.7 279.2 201.4 257.7 505.2 301.7 577.1 0.0 489.6 233.0 258.8 324.6 358.1 521.4 260.2 304.8 426.4 362.5 715.8 483.8 626.3 509.9 216.9 101.2 373.7 533.9 73.2 396.0 574.8 167.1 651.1 528.8 503.9 535.3 579.0 700.3 364.5 424.6 119.6 284.6 234.6 538.5 524.0 522.6 103.8 530.7 281.0 592.4 341.0 632.9 291.4 183.5 616.8 533.1 227.6 35.7 329.2 423.5 580.4 216.5 235.9 530.0 278.4 260.1 242.3 612.7 262.6 497.4 615.2 556.5 225.5 705.8 561.5 319.8 321.6 544.8 324.7 476.8 495.5 401.9 681.5 306.1 535.0 216.4 192.6 236.5 303.0 305.8 329.6 119.2 48.7 179.2 90.0 362.5 248.2 310.8 408.9 12.2 258.5 496.2 530.8 538.8 82.1 238.9
771.1 198.4 283.7 217.3 468.3 17.5 458.3 257.3 252.6 312.9 383.1 120.3 297.3 404.8 324.0 324.7 228.0 427.3 225.9 459.4 0.0 351.0 354.3 275.9 342.1 208.3 385.8 307.3 241.1 258.4 230.3 180.5 136.6 24.4 355.6 411.2 203.9 182.7 444.1 314.9 132.9 283.9 161.4 200.9 213.3 49.8 194.0 210.6 384.8 162.5 384.0 329.6 301.6 187.8 172.8 231.0 460.3 249.3 280.4 99.3 236.9 260.6 322.5 285.0 131.3 219.5 356.6 436.6 298.4 246.4 90.7 329.9 337.4 179.3 345.4 388.8 319.1 127.2 301.5 161.1 129.7 71.1 361.1 216.9 72.6 194.0 201.6 83.6 426.4 8.6 10.0 377.6 192.6 309.2 227.8 333.2 298.3 336.6 275.8 253.1 185.5 450.4 424.4 280.7 423.0 258.4 293.7 415.3 311.3 456.6 315.3 209.8 41.9 197.8 448.8 347.0
766.3 255.2 126.2 213.1 270.0 307.2 262.7 96.0 402.3 106.0 341.8 449.3 200.6 202.6 76.1 117.7 313.9 210.0 375.6 274.2 324.7 0.0 152.1 133.3 271.5 319.9 183.6 103.3 224.9 184.6 574.7 292.5 465.6 344.3 37.9 216.8 208.3 332.4 244.3 194.5 410.6 64.8 490.4 326.4 302.4 374.6 377.5 539.6 296.0 255.3 189.4 140.0 94.6 337.0 322.5 321.1 264.7 339.4 80.9 428.3 171.2 431.4 100.1 212.4 456.1 341.8 5.6 248.0 133.0 232.2 419.7 75.1 171.6 328.5 137.7 19.1 42.2 452.0 53.8 306.1 454.5 395.8 29.3 535.0 397.4 190.6 185.1 384.1 238.1 316.1 334.8 302.0 517.4 76.5 333.5 25.5 215.3 36.4 134.1 136.9 196.3 254.8 235.8 218.5 231.5 178.4 108.2 213.1 225.8 256.8 35.2 278.3 366.7 347.1 253.2 45.2
761.7 339.9 178.1 250.1 320.0 301.1 312.7 151.9 452.9 161.9 402.8 443.2 48.4 50.4 115.7 44.3 398.6 72.9 426.2 313.8 322.8 171.4 0.0 218.0 332.5 404.6 31.4 238.4 309.6 229.7 568.6 377.2 459.5 337.6 147.3 265.6 240.9 383.0 294.3 285.0 404.6 138.3 484.3 411.1 387.1 368.5 394.3 533.5 338.9 245.5 238.4 34.6 57.4 388.1 373.1 405.8 314.7 424.1 147.4 422.2 208.2 460.9 189.5 60.2 450.0 426.5 177.0 291.0 188.9 316.9 413.6 184.3 19.4 379.6 24.3 213.5 186.1 445.9 127.7 357.7 448.4 389.7 155.9 535.6 391.3 227.6 151.4 378.0 299.1 310.0 328.7 376.3 511.3 176.2 418.2 169.0 63.1 203.6 170.2 173.0 162.8 304.8 278.8 64.3 277.4 229.7 65.3 60.9 316.3 306.8 136.9 379.4 360.6 398.1 303.2 143.3
784.1 120.8 48.2 149.4 324.0 198.0 316.7 103.2 267.9 63.9 191.1 340.1 259.5 261.5 149.5 176.6 179.5 268.9 241.2 328.2 219.7 154.4 211.0 0.0 133.5 185.5 242.5 157.7 90.5 138.9 475.4 158.1 389.6 240.0 168.9 269.6 144.6 198.0 298.3 67.3 310.6 180.4 381.2 192.0 168.0 306.6 243.1 440.3 172.0 193.0 243.4 201.3 153.5 202.6 188.1 186.7 318.7 205.0 101.8 319.1 125.5 297.0 73.1 298.0 346.9 207.4 156.8 302.0 78.2 97.8 310.5 184.4 230.5 194.1 196.6 169.3 107.5 342.8 129.4 171.7 345.3 295.7 160.3 442.4 288.2 86.3 144.5 284.0 217.8 206.9 225.6 169.0 418.1 96.2 199.1 182.5 307.1 125.0 58.6 63.4 132.6 308.8 289.8 291.7 281.4 147.0 167.1 272.0 102.7 310.8 118.7 160.3 257.5 213.1 307.2 150.4
913.2 233.3 200.3 253.2 414.2 347.3 406.9 219.5 380.4 185.7 89.8 489.4 400.2 402.2 273.2 318.3 292.0 409.6 353.7 418.4 364.8 302.0 351.7 192.9 0.0 298.0 383.2 187.5 237.6 242.7 614.8 270.6 505.7 384.4 304.8 361.0 248.4 310.5 388.5 159.7 450.7 304.1 530.5 304.5 280.5 414.7 337.9 579.7 48.5 295.4 333.6 322.4 295.2 331.7 300.6 299.2 408.9 317.5 242.6 468.4 229.3 404.5 194.9 321.6 496.2 319.9 307.6 392.2 200.0 244.9 459.8 345.4 371.2 323.2 338.3 268.2 229.3 492.1 250.4 300.8 494.6 435.9 307.9 575.1 437.5 230.7 248.3 424.2 84.2 356.2 374.9 54.5 557.5 218.0 311.6 326.5 414.9 246.8 189.9 167.2 236.4 399.0 380.0 315.3 375.7 236.5 291.1 412.7 50.7 401.0 267.5 256.4 406.8 325.2 397.4 298.0
821.7 74.3 234.1 283.4 507.4 191.1 500.1 327.6 105.5 247.3 324.9 333.2 347.9 431.3 390.1 395.0 15.4 453.8 78.8 508.2 208.6 337.8 424.6 182.3 283.9 0.0 412.3 249.1 182.9 320.6 458.6 52.1 349.5 233.1 384.3 453.0 274.2 35.6 481.7 254.8 294.6 334.5 374.3 6.4 27.4 258.5 112.7 423.5 322.4 232.3 426.8 395.3 371.9 108.7 25.4 22.6 502.1 40.9 350.7 312.2 307.2 134.6 256.5 335.6 340.0 43.3 340.2 485.4 261.6 188.2 303.6 380.5 388.0 117.2 415.7 352.7 290.9 335.9 371.8 120.0 338.4 279.7 343.7 425.6 281.3 264.3 267.7 268.0 368.2 200.0 218.7 319.4 401.3 279.6 35.0 383.8 344.7 308.4 242.0 246.8 255.8 492.2 473.2 329.3 464.8 328.7 364.0 485.6 253.1 494.2 302.1 35.1 250.6 50.7 490.6 333.8
753.7 378.6 216.8 288.8 312.0 339.8 304.7 190.6 491.6 200.6 394.8 481.9 40.4 18.9 154.4 83.0 437.3 41.4 464.9 309.2 361.5 199.4 38.6 256.7 324.5 443.3 0.0 244.2 348.3 260.3 587.7 409.2 498.2 376.3 180.1 257.6 284.0 421.7 286.3 323.7 443.3 130.3 523.0 449.8 425.8 407.2 433.0 572.2 330.9 283.7 230.4 73.3 96.1 426.8 411.8 444.5 306.7 462.8 186.1 460.9 246.9 499.6 228.2 52.2 488.7 465.2 194.0 283.0 227.6 355.6 452.3 176.3 11.4 418.3 62.3 226.5 208.7 484.6 166.4 395.9 487.1 428.4 188.7 574.3 430.0 225.7 190.1 416.7 291.1 348.7 367.4 368.3 550.0 214.9 456.9 179.6 55.1 202.9 208.9 211.7 201.5 296.8 270.8 56.3 269.4 268.4 104.0 50.5 375.3 298.8 174.4 418.1 399.3 436.8 295.2 182.0
784.4 194.5 65.5 191.8 280.9 285.9 273.6 108.9 341.6 46.5 297.4 428.0 242.1 244.1 132.1 159.2 253.2 251.5 314.9 285.1 303.4 119.1 193.6 72.6 227.1 259.2 225.1 0.0 164.2 181.3 549.1 225.1 444.3 323.0 151.5 227.7 187.0 271.7 255.2 133.8 384.2 163.0 469.1 265.7 241.7 353.3 316.8 514.0 251.6 234.0 200.3 181.5 136.1 276.3 261.8 260.4 275.6 278.7 84.4 407.0 167.9 370.7 39.4 188.3 434.8 281.1 113.7 258.9 77.2 171.5 398.4 141.3 213.1 267.8 179.2 103.3 64.4 430.7 113.3 245.9 433.2 369.4 142.9 509.4 376.1 169.3 186.9 357.7 193.7 294.8 313.5 257.6 491.8 53.1 272.8 144.7 197.4 81.9 75.9 105.8 175.0 265.7 246.7 182.0 242.4 175.1 149.7 254.6 165.1 267.7 102.5 217.6 345.4 286.4 264.1 133.0
841.7 161.8 224.5 277.4 470.0 255.6 462.7 243.7 308.9 209.9 173.8 397.7 367.9 426.4 297.4 342.5 220.5 433.8 282.2 474.2 273.1 326.2 375.9 121.4 132.8 226.5 407.4 211.7 0.0 266.9 608.8 192.4 523.0 292.7 329.0 416.8 272.6 239.0 444.3 88.2 443.9 328.3 438.8 233.0 209.0 440.0 266.4 573.7 181.4 250.6 389.4 346.6 319.4 260.2 229.1 227.7 464.7 246.0 266.8 376.7 253.5 333.0 219.1 355.6 404.5 248.4 331.8 448.0 224.2 245.0 368.1 369.6 395.4 251.7 362.5 292.4 253.5 400.4 274.6 229.8 534.1 429.1 332.1 569.1 345.8 254.9 272.5 417.4 217.1 264.5 283.2 187.4 551.5 242.2 240.1 350.7 364.7 271.0 214.1 191.4 260.6 454.8 435.8 349.3 431.5 260.7 315.3 436.9 102.0 456.8 291.7 184.9 447.9 253.7 453.2 322.2
823.8 238.4 118.9 125.6 428.3 219.7 418.3 84.1 385.5 139.7 279.4 361.8 288.1 280.1 161.1 196.2 297.1 302.6 358.8 419.2 241.4 177.8 229.6 116.5 221.8 313.1 261.1 198.2 208.1 0.0 467.6 269.0 378.1 261.7 192.7 371.2 116.4 315.6 409.9 159.7 323.2 182.0 402.9 310.5 285.6 287.1 312.9 452.1 260.3 167.3 345.0 204.9 173.1 306.7 305.7 304.3 420.3 322.6 107.2 340.8 58.3 414.6 149.3 289.9 368.6 325.0 183.4 396.4 121.0 225.4 332.2 233.3 249.1 298.2 216.9 215.6 145.9 364.5 128.3 275.8 367.0 308.3 193.7 464.2 309.9 62.5 120.7 296.6 306.1 228.6 247.3 257.3 429.9 136.0 316.7 204.4 302.8 163.4 111.0 97.9 108.8 410.4 384.2 294.0 393.0 33.6 169.0 290.6 201.0 412.4 142.1 277.9 289.2 330.7 408.8 173.8
989.4 416.7 502.0 419.3 686.6 245.9 676.6 475.6 470.9 531.2 601.4 165.0 515.6 623.1 538.1 530.9 442.1 645.6 444.2 677.7 224.2 569.3 560.5 490.0 560.4 426.6 592.0 530.4 459.4 476.7 0.0 386.7 72.4 203.9 569.7 629.5 422.2 401.0 658.2 533.2 202.5 502.2 120.2 419.2 431.6 178.5 412.3 25.1 586.8 380.8 602.3 547.9 519.9 406.1 391.1 449.3 678.6 467.6 498.7 121.8 455.2 478.9 528.7 503.3 107.8 425.7 574.9 654.9 512.5 452.6 155.8 536.1 555.7 385.5 563.7 607.1 537.4 136.8 519.8 363.6 95.6 186.1 563.1 56.3 153.2 412.3 403.6 186.5 644.7 237.0 218.3 583.8 97.8 527.5 446.1 551.5 512.4 554.9 494.1 471.4 403.8 668.7 642.7 499.0 641.3 476.7 512.0 633.6 517.5 658.6 533.6 411.8 186.4 416.1 667.1 565.3
800.6 40.2 197.5 262.3 480.0 170.0 466.0 306.5 116.4 213.2 297.5 305.4 320.1 410.2 369.0 367.2 44.2 417.6 89.7 480.8 180.8 310.4 403.5 154.9 256.5 50.2 384.5 221.7 155.5 292.8 417.9 0.0 328.4 199.8 356.5 418.9 257.5 46.5 454.3 227.4 266.8 313.4 353.2 50.0 32.7 237.4 91.6 402.4 288.3 204.5 392.7 367.5 344.1 112.9 36.6 51.4 474.7 69.7 322.9 291.1 286.1 145.5 229.1 314.5 312.2 72.1 312.8 458.0 234.2 160.8 282.5 352.7 360.2 121.3 387.2 325.3 256.8 314.8 344.0 98.9 317.3 258.6 316.3 397.8 260.2 261.2 246.6 240.2 340.8 178.9 197.6 292.0 373.5 252.2 57.1 362.7 323.6 281.0 214.6 219.4 234.7 464.8 445.8 301.5 430.7 293.3 336.2 464.5 219.0 466.8 268.0 18.3 229.5 54.9 456.5 306.4
925.7 353.0 440.8 367.7 620.2 172.0 612.9 411.9 407.2 467.5 537.7 92.5 451.9 559.4 474.4 479.3 378.4 581.9 380.5 617.4 154.5 505.6 508.9 426.3 496.7 362.9 540.4 461.9 395.7 404.9 89.4 341.8 0.0 130.0 506.0 565.8 362.9 337.3 594.5 469.5 173.3 438.5 69.6 355.5 367.9 107.1 348.6 73.9 535.2 316.6 538.6 482.0 456.2 342.4 327.4 385.6 614.9 403.9 435.0 37.2 391.5 415.2 477.1 439.6 35.3 374.1 511.2 591.2 448.8 401.0 83.3 484.5 492.0 333.9 499.3 520.5 473.7 52.2 456.1 312.0 11.0 128.4 511.5 76.0 68.6 348.6 352.0 140.9 581.0 163.1 144.4 532.2 51.7 463.8 382.4 487.8 448.7 491.2 430.4 407.7 340.1 605.0 579.0 433.3 577.6 413.0 448.3 569.9 465.9 607.0 469.9 360.2 112.5 352.4 603.4 501.6
790.7 218.0 305.2 232.7 484.6 37.1 477.9 276.9 272.2 331.9 402.7 100.0 316.3 424.4 344.3 343.7 248.3 431.2 245.5 481.8 18.9 370.6 373.3 296.2 361.7 232.8 410.3 326.9 260.7 269.3 230.9 199.5 121.2 0.0 370.4 431.4 227.3 202.3 458.9 334.5 108.4 303.5 146.0 220.8 232.9 30.2 213.6 195.2 399.6 181.0 403.6 348.6 321.2 207.4 192.4 250.6 479.9 273.8 304.9 83.9 256.5 280.2 341.5 304.6 106.8 244.0 376.2 456.2 313.8 265.4 75.9 354.4 361.9 203.8 363.7 384.9 338.7 107.6 321.1 175.9 110.1 51.5 376.5 192.4 48.1 231.0 216.4 64.0 446.0 28.2 9.5 396.6 168.1 328.8 247.4 352.8 313.1 356.2 295.4 272.7 205.1 470.0 448.9 297.7 442.0 263.1 313.3 434.9 330.9 472.0 335.5 224.6 17.5 217.4 473.3 366.6
741.2 288.7 146.7 217.8 283.1 311.4 275.8 100.7 435.8 110.7 365.9 453.5 184.1 186.1 41.5 101.2 347.4 208.6 409.1 280.3 328.9 48.1 135.6 166.8 295.6 353.4 167.1 151.5 258.4 197.4 578.9 326.0 469.8 353.4 0.0 228.7 208.6 365.9 257.4 253.6 414.9 39.7 494.6 360.8 335.9 378.8 411.0 543.8 302.0 259.5 201.5 128.1 78.1 370.5 356.0 354.6 277.8 372.9 96.2 432.5 175.9 464.9 138.3 195.9 460.3 375.3 53.7 254.1 137.7 265.7 423.9 81.0 155.1 362.0 121.2 90.2 90.4 456.2 58.5 339.6 458.7 400.0 8.6 545.9 401.6 154.7 161.7 388.3 262.2 320.3 339.0 339.4 521.6 124.7 367.0 62.1 198.8 84.6 138.8 141.6 173.1 267.9 241.9 200.0 240.5 197.4 91.7 196.6 284.9 269.9 41.5 328.2 370.9 381.0 266.3 49.9
733.9 384.0 257.5 337.2 132.6 422.2 121.3 241.1 531.1 234.7 382.7 563.0 148.8 233.5 152.3 210.7 441.4 256.0 504.4 155.6 443.9 187.3 208.4 260.8 312.4 448.7 213.2 232.1 353.7 316.8 670.1 420.0 579.3 464.2 169.9 0.0 328.0 461.2 104.2 323.3 525.7 121.4 604.1 456.1 431.2 489.6 506.3 653.3 317.5 378.9 73.9 238.9 188.9 465.8 451.3 449.9 124.6 466.9 234.0 542.0 295.3 560.2 227.6 137.8 571.1 469.3 181.9 132.8 265.4 359.7 533.4 166.1 188.9 456.0 232.7 214.4 196.6 567.0 216.9 434.1 569.5 510.8 178.5 656.7 512.4 274.1 272.5 497.8 279.0 431.1 449.8 354.9 632.4 230.9 462.3 170.7 145.6 190.8 257.3 260.1 283.9 114.7 112.8 133.5 86.0 316.8 202.5 265.1 361.9 115.4 212.8 423.5 480.4 476.3 113.1 193.2
775.0 248.5 138.6 59.8 456.4 170.9 442.0 112.2 322.7 163.4 289.5 313.0 288.5 290.5 179.2 206.0 307.2 313.0 296.0 447.3 192.6 205.9 240.0 122.2 231.9 308.8 267.1 237.0 218.2 113.3 418.8 274.7 329.3 212.9 210.8 399.3 0.0 252.8 428.0 169.8 274.4 210.1 354.1 271.0 295.7 238.3 264.1 403.3 266.0 46.4 373.1 215.3 187.3 257.9 242.9 314.4 448.4 328.3 130.9 296.4 91.8 330.7 177.4 288.9 324.2 289.6 211.5 424.5 144.7 225.5 283.4 251.4 259.5 249.4 231.1 243.7 174.0 315.7 156.4 231.4 318.2 259.5 211.8 409.8 265.5 48.9 83.1 252.2 316.2 179.8 198.5 263.0 385.5 164.1 326.8 232.5 298.0 191.5 130.7 108.0 71.2 438.5 412.3 284.6 406.7 113.3 179.4 301.0 196.7 440.5 170.2 288.0 234.8 267.9 432.5 201.9
806.1 76.8 234.1 267.8 509.9 175.5 502.6 312.0 69.8 249.8 327.4 317.6 332.3 415.7 374.5 379.4 41.1 423.1 43.1 497.8 193.0 405.7 409.0 184.8 286.4 25.6 396.7 251.6 185.4 305.0 443.0 36.5 333.9 212.6 368.7 456.7 263.0 0.0 484.2 257.3 278.9 318.9 358.7 19.1 53.1 242.9 97.1 407.9 335.0 216.7 429.3 379.7 356.3 73.0 9.8 48.3 504.6 66.6 335.1 296.6 291.6 98.9 259.0 320.0 324.4 36.7 411.3 471.6 264.1 190.7 288.0 364.9 372.4 81.5 399.4 332.3 293.4 320.3 356.2 103.4 322.8 264.1 377.3 403.3 265.7 266.7 252.1 252.4 370.7 184.4 203.1 341.0 385.7 282.1 45.0 368.2 329.1 310.9 244.5 307.8 240.2 494.7 459.4 313.7 471.4 298.8 348.4 470.0 255.6 496.7 371.2 44.0 235.0 14.6 493.1 401.7
790.1 436.1 307.1 393.4 124.9 478.4 117.6 297.3 583.2 288.1 426.5 620.5 206.3 289.7 208.5 268.2 494.8 312.2 556.5 73.0 500.1 231.1 265.9 314.2 356.2 500.8 270.7 284.2 405.8 364.9 771.1 466.7 636.8 514.9 227.4 112.9 384.2 513.3 0.0 375.4 625.9 177.6 661.6 507.3 483.3 545.8 558.4 755.6 362.6 435.6 130.1 290.5 245.1 517.9 503.4 502.0 20.3 520.3 279.1 599.5 351.5 612.3 281.0 194.0 627.3 522.7 225.7 46.8 318.8 413.1 590.9 223.6 246.4 509.4 288.2 258.2 240.4 623.2 273.1 487.5 625.7 611.0 236.0 757.7 568.6 370.9 328.7 599.3 322.8 487.3 506.0 400.0 733.4 285.5 514.4 226.9 203.1 234.6 317.5 316.3 340.1 74.9 28.1 187.7 100.5 373.0 258.7 321.3 407.0 85.2 266.4 475.6 537.9 528.4 8.8 249.4
794.6 114.7 143.1 196.0 399.4 208.5 392.1 162.3 261.8 139.3 190.9 350.6 320.8 345.0 216.0 261.1 173.4 352.4 235.1 403.6 226.0 244.8 294.5 74.3 133.3 179.4 326.0 141.1 119.0 185.5 476.0 152.0 366.9 245.6 247.6 346.2 191.2 191.9 373.7 0.0 311.9 246.9 391.7 185.9 161.9 275.9 219.3 440.9 181.9 203.5 318.8 265.2 238.0 213.1 182.0 180.6 394.1 198.9 185.4 329.6 172.1 285.9 148.5 308.5 357.4 201.3 250.4 377.4 153.6 126.3 321.0 288.2 314.0 204.6 281.1 221.8 182.9 353.3 193.2 182.7 355.8 297.1 250.7 436.3 298.7 173.5 191.1 285.4 217.6 217.4 236.1 187.9 418.7 171.6 193.0 269.3 317.6 200.4 132.7 110.0 179.2 384.2 365.2 302.2 360.9 179.3 233.9 355.5 102.5 386.2 210.3 137.8 268.0 206.6 382.6 240.8
843.0 270.3 355.6 285.0 537.5 132.7 530.2 329.2 324.5 384.8 455.0 162.5 369.2 476.7 391.7 396.6 295.7 499.2 297.8 531.3 115.2 422.9 426.2 343.6 414.0 280.2 457.7 383.1 313.0 322.2 232.5 259.1 166.3 96.2 423.3 483.1 280.2 254.6 511.8 386.8 0.0 355.8 203.6 272.8 285.2 65.3 265.9 217.0 452.5 233.9 455.9 401.5 373.5 259.7 244.7 302.9 532.2 321.2 352.3 141.5 308.8 332.5 394.4 356.9 169.3 291.4 428.5 508.5 366.1 318.3 132.9 401.8 409.3 251.2 416.6 460.7 391.0 165.2 373.4 228.8 167.7 54.4 428.8 219.1 110.6 265.9 269.3 42.7 498.3 123.8 105.1 449.5 194.8 381.1 299.7 405.1 366.0 408.5 347.7 325.0 257.4 522.3 496.3 352.6 494.9 330.3 365.6 487.2 383.2 524.3 387.2 277.5 73.2 269.7 520.7 418.9
701.4 301.1 146.2 215.7 243.3 300.7 236.0 119.6 448.2 129.6 326.1 442.8 173.4 175.4 30.8 90.5 359.8 182.8 421.5 240.5 318.2 78.8 124.9 179.2 255.8 365.8 156.4 149.2 270.8 187.2 568.2 338.4 459.1 337.8 49.7 190.1 210.9 378.3 217.6 250.6 404.1 0.0 483.9 372.3 348.3 368.1 423.4 533.1 280.3 257.9 161.7 112.8 67.4 387.7 368.4 367.0 238.0 385.3 115.1 421.8 173.8 477.3 146.0 185.2 449.6 387.7 73.4 214.3 156.6 278.1 413.2 41.2 144.4 379.2 110.5 83.0 88.1 445.5 95.4 356.8 448.0 389.3 58.3 528.5 390.9 193.2 151.0 377.6 222.4 309.6 328.3 286.3 510.9 122.4 379.4 49.2 188.1 82.3 135.8 138.6 162.4 228.1 202.1 99.0 204.8 181.0 81.0 185.9 306.6 230.1 89.7 324.2 360.2 393.0 226.5 71.7
958.7 386.0 473.8 400.7 653.2 205.0 645.9 444.9 440.2 500.5 570.7 125.5 484.9 592.4 507.4 512.3 411.4 614.9 413.5 650.4 187.5 538.6 541.9 459.3 529.7 395.9 573.4 494.9 428.7 437.9 144.7 368.1 57.8 168.5 539.0 600.0 395.9 370.3 627.5 502.5 223.2 471.5 0.0 388.5 400.9 140.1 381.6 109.6 568.2 349.6 571.6 512.6 489.2 375.4 360.4 418.6 647.9 436.9 468.0 70.2 424.5 448.2 510.1 472.6 32.6 407.1 544.2 624.2 481.8 434.0 116.3 517.5 525.0 366.9 532.3 576.4 506.7 85.2 489.1 344.5 46.7 161.4 544.5 111.7 101.6 381.6 385.0 173.9 614.0 196.1 177.4 565.2 95.0 496.8 415.4 520.8 481.7 524.2 463.4 440.7 373.1 638.0 612.0 466.3 610.6 446.0 481.3 602.9 498.9 640.0 504.1 393.2 145.5 385.4 636.4 534.6
815.2 80.8 240.6 276.9 516.6 184.6 506.6 321.1 99.0 253.8 331.4 325.8 340.5 424.8 382.7 387.6 21.9 447.3 72.3 503.5 206.3 414.8 417.2 188.8 290.4 6.4 404.9 255.6 189.4 322.2 432.5 45.6 342.1 226.6 376.9 459.5 267.7 29.1 488.2 261.3 288.1 328.0 366.9 0.0 33.9 252.0 106.2 416.1 328.9 226.3 433.3 393.4 365.4 102.2 18.9 29.1 508.6 48.3 344.2 304.8 300.7 128.1 263.9 329.1 333.5 49.8 420.4 480.7 268.1 194.7 296.2 373.1 380.6 109.8 409.2 359.2 297.4 329.4 365.3 112.6 331.9 273.2 385.5 418.2 273.9 257.8 260.3 260.6 374.7 193.5 212.2 325.9 393.9 286.1 41.5 377.3 338.2 314.9 248.5 316.9 249.3 498.7 467.6 324.8 471.3 322.2 357.5 479.1 259.6 500.7 379.1 41.6 243.2 43.3 497.1 410.8
821.5 46.8 204.1 298.4 479.9 206.1 472.6 259.1 123.0 219.8 297.4 348.2 347.7 431.1 305.4 332.5 11.4 438.5 96.3 484.1 223.6 310.3 407.3 154.8 256.4 17.4 412.1 221.6 155.4 335.6 473.6 42.7 364.5 243.2 324.8 426.7 293.6 53.1 454.2 227.3 309.5 334.3 389.3 23.9 0.0 273.5 127.7 438.5 305.0 247.3 399.3 410.3 309.4 126.2 42.9 18.6 474.6 36.9 257.7 327.2 322.2 152.1 229.0 335.4 355.0 39.3 312.7 457.9 234.1 160.7 318.6 380.3 387.8 134.7 352.5 302.3 263.4 350.9 285.3 135.5 353.4 294.7 316.2 433.9 296.3 297.3 282.7 283.0 340.7 215.0 233.7 311.0 416.3 252.1 31.0 338.4 344.5 280.9 214.5 219.3 270.8 464.7 445.7 329.1 441.4 329.4 379.0 462.7 225.6 466.7 275.8 28.5 265.6 67.8 463.1 306.3
821.0 248.3 336.1 263.0 515.5 67.3 508.2 307.2 302.5 362.8 433.0 97.1 347.2 454.7 369.7 374.6 273.7 462.1 275.8 512.7 49.8 400.9 404.2 321.6 392.0 258.2 435.7 357.2 291.0 300.2 202.1 237.1 113.4 30.2 401.3 462.3 258.2 232.6 489.8 364.8 82.9 333.8 138.2 251.7 263.2 0.0 243.9 167.0 440.6 211.9 433.9 374.9 351.5 237.7 222.7 280.9 510.2 299.2 330.3 76.1 286.8 310.5 372.4 334.9 103.9 269.4 406.5 486.5 344.1 296.3 67.5 379.8 387.3 229.2 394.6 415.8 369.0 99.8 351.4 206.8 102.3 21.2 406.8 162.4 45.2 261.9 247.3 33.7 476.3 58.4 39.7 446.6 144.8 359.1 277.7 383.1 344.0 386.5 325.7 303.0 235.4 500.3 474.3 328.6 477.0 294.0 343.6 465.2 361.2 502.3 366.4 244.6 7.8 247.3 498.7 396.9
830.8 121.9 264.8 279.3 525.3 187.0 518.0 323.5 95.7 280.5 358.1 329.1 357.0 440.4 386.0 390.9 118.2 447.8 120.3 522.5 204.5 417.2 420.5 215.5 317.1 102.7 421.4 282.3 216.1 316.5 454.5 81.6 345.4 224.1 417.6 472.1 274.5 77.1 499.6 288.0 290.4 343.6 370.2 96.2 107.7 254.4 0.0 419.4 365.7 228.2 443.7 391.2 367.8 116.6 67.2 125.4 520.0 143.7 346.6 308.1 303.1 66.6 289.7 344.7 335.9 113.9 422.8 496.3 360.4 221.4 299.5 389.6 397.1 108.1 410.9 432.1 385.3 331.8 367.7 85.7 334.3 275.6 423.1 414.8 277.2 278.2 263.6 263.9 401.4 195.9 214.6 371.7 397.2 375.4 122.2 392.9 353.8 402.8 342.0 319.3 251.7 510.1 484.1 338.4 486.8 310.3 359.9 481.5 286.3 512.1 382.7 89.1 246.5 91.8 508.5 413.2
991.0 418.3 506.1 433.0 688.2 247.5 678.2 477.2 472.5 532.8 603.0 178.7 517.2 624.7 539.7 544.6 443.7 632.1 445.8 682.7 225.8 570.9 574.2 491.6 562.0 428.2 605.7 532.0 461.0 478.3 34.3 400.4 86.1 210.4 571.3 632.3 428.2 402.6 659.8 534.8 216.2 503.8 121.8 420.8 433.2 180.1 413.9 0.0 600.5 381.9 603.9 544.9 521.5 407.7 392.7 450.9 680.2 469.2 500.3 123.4 456.8 480.5 542.4 504.9 121.5 439.4 576.5 656.5 514.1 466.3 169.5 549.8 557.3 399.2 564.6 608.7 539.0 138.4 521.4 376.8 97.2 187.7 576.8 57.9 154.8 413.9 417.3 200.2 646.3 238.6 219.9 597.5 99.4 529.1 447.7 553.1 514.0 556.5 495.7 473.0 405.4 670.3 644.3 498.6 642.9 464.0 513.6 635.2 531.2 672.3 536.4 425.5 188.0 417.7 668.7 566.9
941.7 261.8 226.3 281.7 430.6 375.8 423.3 248.0 408.9 214.2 106.2 517.9 428.7 430.7 301.7 346.8 320.5 453.2 382.2 431.4 393.3 330.5 380.2 221.4 28.4 326.5 411.7 216.0 266.1 271.2 643.3 292.4 534.2 417.8 333.3 376.2 272.5 339.0 404.9 188.2 479.3 332.6 559.0 333.0 309.0 443.2 366.4 608.2 0.0 323.9 350.0 353.3 323.7 360.2 329.1 327.7 425.3 346.0 271.1 496.9 257.8 433.0 223.4 338.0 524.7 348.4 336.1 408.6 228.5 273.4 488.3 373.9 399.7 351.7 366.8 296.7 257.8 520.6 278.9 329.3 523.1 464.4 336.4 610.3 466.0 259.2 276.8 452.7 100.6 384.7 403.4 72.2 586.0 246.5 340.1 355.0 347.1 275.3 218.4 195.7 264.9 415.4 396.4 331.7 388.0 265.0 319.6 441.2 79.2 417.4 294.8 301.3 435.3 354.1 413.8 326.5
728.0 181.0 169.5 116.3 425.2 123.9 415.2 143.1 275.7 198.7 320.4 266.0 254.7 290.6 205.6 210.5 246.9 313.1 249.0 416.3 145.6 236.8 240.1 157.5 262.8 231.9 272.1 267.9 223.7 144.2 371.8 203.6 282.3 165.9 237.7 368.1 61.3 205.8 396.8 200.7 227.9 236.5 307.6 224.0 236.4 191.3 217.1 356.8 301.3 0.0 340.9 215.4 187.4 210.9 195.9 254.1 417.2 272.4 166.7 245.5 122.7 283.7 208.3 241.9 272.8 242.6 242.4 393.5 180.5 256.4 236.4 277.8 259.6 202.9 231.2 274.6 204.9 268.7 187.3 180.5 271.2 212.5 242.7 358.9 214.6 79.8 83.7 200.8 347.1 132.8 151.5 298.3 334.1 195.0 250.9 258.9 251.0 222.4 161.6 138.9 71.3 407.3 381.8 237.6 379.9 144.2 179.5 301.1 232.0 409.3 201.1 228.7 183.9 221.4 405.7 232.8
741.5 355.3 226.3 344.8 146.8 429.8 139.5 229.6 502.4 207.3 354.0 571.9 157.7 241.1 159.9 219.6 414.0 248.5 475.7 170.3 447.3 158.6 217.3 233.4 283.7 420.0 222.1 203.4 325.0 316.3 709.9 392.6 588.2 466.9 178.8 93.6 340.0 432.5 121.1 294.6 545.0 129.0 613.0 426.5 402.5 497.2 477.6 674.8 308.2 387.0 0.0 241.9 196.5 437.1 422.6 421.2 141.5 439.5 206.6 550.9 302.9 531.5 200.2 145.4 578.7 441.9 153.2 144.2 238.0 332.3 542.3 158.4 197.8 428.6 239.6 162.8 167.9 574.6 212.5 406.7 577.1 530.2 187.4 670.2 520.0 322.3 280.1 518.5 250.3 438.7 457.4 314.2 652.6 202.2 433.6 178.3 154.5 162.1 236.7 266.6 291.5 131.6 131.0 139.1 108.3 310.1 210.1 272.7 334.5 133.6 193.9 378.4 489.3 447.2 130.0 200.8
788.6 303.4 143.9 211.1 346.9 264.4 337.4 124.6 416.2 138.0 368.0 404.2 73.1 77.3 96.1 45.5 362.1 84.7 389.5 344.1 281.9 149.8 24.6 179.2 310.4 368.1 56.1 216.8 273.1 184.9 531.9 331.7 424.8 302.9 123.4 293.7 208.6 346.3 321.2 248.3 365.6 125.0 449.6 374.6 350.6 331.8 357.6 496.8 363.6 208.3 265.3 0.0 50.1 351.4 336.4 369.3 341.6 385.3 123.5 385.5 171.5 424.2 165.6 87.1 411.0 392.0 155.4 317.9 161.5 282.4 376.9 168.3 48.7 344.9 27.7 169.0 164.5 409.2 106.1 320.5 411.7 353.0 136.3 496.6 352.3 190.9 112.4 339.0 326.0 273.3 292.0 343.6 472.3 154.6 381.7 147.4 87.8 182.0 133.5 136.3 126.1 331.7 305.7 93.2 302.1 178.7 42.2 87.8 277.3 336.1 115.3 340.6 321.6 359.1 330.1 121.7
790.6 282.4 130.0 199.5 332.5 250.5 325.2 94.4 429.5 104.4 354.1 392.6 105.9 107.9 58.2 23.0 341.1 115.3 402.8 329.7 268.0 113.9 57.4 160.5 296.5 347.1 88.9 180.9 252.1 171.0 518.0 313.0 408.9 287.6 89.8 279.3 194.7 359.6 306.8 234.4 353.9 89.1 433.7 353.6 329.6 317.9 343.7 482.9 345.1 194.4 250.9 39.6 0.0 337.5 349.7 348.3 327.2 366.6 89.9 371.6 157.6 410.3 132.0 117.7 399.4 369.0 119.5 303.5 131.4 259.4 363.0 130.4 76.9 329.0 43.0 133.1 128.6 395.3 70.2 306.6 397.8 339.1 98.4 478.3 340.7 177.0 100.8 327.4 311.6 259.4 278.1 351.1 460.7 118.7 360.7 111.5 120.6 146.1 119.6 122.4 112.2 317.3 291.3 123.8 294.0 164.8 7.8 118.4 265.7 319.3 79.4 305.5 310.0 374.3 315.7 85.8
824.6 160.1 258.6 273.1 519.1 180.8 511.8 317.3 72.0 274.3 351.9 322.9 350.8 434.2 379.8 384.7 133.9 441.6 39.8 516.3 198.3 411.0 414.3 209.3 310.9 118.4 415.2 276.1 209.9 310.3 448.3 113.1 339.2 217.9 411.4 465.9 268.3 92.7 493.4 281.8 284.2 337.4 364.0 111.9 145.9 248.2 96.6 413.2 359.5 222.0 437.5 385.0 361.6 0.0 102.6 130.9 513.8 113.9 340.4 301.9 296.9 101.1 283.5 338.5 329.7 100.2 416.6 490.1 354.2 215.2 293.3 383.4 390.9 8.4 404.7 425.9 379.1 325.6 361.5 30.8 328.1 269.4 416.9 408.6 271.0 272.0 257.4 257.7 395.2 189.7 208.4 365.5 391.0 369.2 108.5 386.7 347.6 396.6 335.8 313.1 245.5 503.9 477.9 332.2 480.6 304.1 353.7 475.3 280.1 505.9 376.5 127.3 240.3 78.0 502.3 407.0
796.2 66.9 224.2 257.9 500.0 165.6 492.7 302.1 79.7 239.9 317.5 307.7 322.4 405.8 364.6 369.5 50.9 413.2 53.0 487.9 183.1 395.8 399.1 174.9 276.5 35.4 386.8 241.7 175.5 295.1 433.1 26.6 324.0 202.7 358.8 446.8 253.1 9.8 474.3 247.4 269.0 309.0 348.8 28.9 46.1 233.0 87.2 398.0 325.1 206.8 419.4 369.8 346.4 82.9 0.0 58.1 494.7 76.4 325.2 286.7 281.7 108.8 249.1 310.1 314.5 46.6 401.4 461.7 254.2 180.8 278.1 355.0 362.5 91.4 389.5 322.4 283.5 310.4 346.3 94.5 312.9 254.2 367.4 393.4 255.8 256.8 242.2 242.5 360.8 174.5 193.2 331.1 375.8 272.2 54.9 358.3 319.2 301.0 234.6 297.9 230.3 484.8 449.5 303.8 461.5 288.9 338.5 460.1 245.7 486.8 361.3 34.1 225.1 24.5 483.2 391.8
840.2 65.5 222.8 315.3 498.6 223.0 491.3 277.8 108.0 238.5 316.1 365.1 366.4 449.8 324.1 351.2 7.1 457.2 81.3 502.8 240.5 329.0 426.0 173.5 275.1 32.6 430.8 240.3 174.1 352.5 490.5 61.4 381.4 260.1 343.5 445.4 310.5 47.4 472.9 246.0 326.4 353.0 406.2 39.1 18.6 290.4 144.6 455.4 323.7 264.2 418.0 427.2 328.1 111.2 57.3 0.0 493.3 18.2 276.4 344.1 339.1 137.1 247.7 354.1 371.9 20.6 331.4 476.6 252.8 179.4 335.5 399.0 406.5 119.7 371.2 321.0 282.1 367.8 304.0 141.6 370.3 311.6 334.9 450.8 313.2 314.2 299.6 299.9 359.4 231.9 250.6 329.7 433.2 270.8 12.3 357.1 363.2 299.6 233.2 238.0 287.7 483.4 464.4 347.8 460.1 346.3 395.9 481.4 244.3 485.4 294.5 47.2 282.5 52.8 481.8 325.0
810.5 456.5 327.5 413.8 145.3 498.8 138.0 317.7 603.6 308.5 446.9 640.9 226.7 310.1 228.9 288.6 515.2 317.5 576.9 93.4 516.3 251.5 286.3 334.6 376.6 521.2 291.1 304.6 426.2 385.3 811.1 493.8 657.2 535.9 247.8 133.3 409.0 533.7 20.3 395.8 646.2 198.0 682.0 527.7 503.7 566.2 578.8 776.0 401.1 456.0 150.5 310.9 265.5 538.3 523.8 522.4 0.0 540.7 299.5 619.9 371.9 632.7 301.4 214.4 647.7 543.1 246.1 67.2 339.2 433.5 611.3 244.0 266.8 529.8 308.6 255.7 260.8 643.6 293.5 507.4 646.1 631.4 256.4 771.4 589.0 391.3 349.1 619.7 343.2 507.7 526.4 407.1 753.8 305.9 534.8 247.3 223.5 255.0 337.9 336.7 360.5 95.3 48.5 208.1 125.0 379.1 279.1 341.7 427.4 105.6 286.8 479.6 558.3 548.4 11.4 269.8
857.7 83.0 240.3 330.0 516.1 237.7 508.8 295.3 94.1 256.0 333.6 379.8 383.9 467.3 341.6 441.6 24.6 489.8 67.4 520.3 259.4 346.5 471.2 191.0 292.6 50.1 448.3 257.8 191.6 375.3 505.2 72.2 396.1 274.8 361.0 461.7 320.8 62.1 490.4 263.5 341.2 370.5 420.9 56.6 36.1 305.1 159.3 470.1 331.1 278.9 435.5 441.9 418.5 97.3 72.0 17.4 510.8 0.0 293.9 358.8 353.8 123.2 265.2 371.6 386.6 39.8 348.9 494.1 270.3 196.9 350.2 416.5 424.0 105.8 461.6 361.4 299.6 382.5 321.5 128.2 385.0 326.3 352.4 472.2 327.9 328.9 314.3 314.6 376.9 246.6 265.3 328.1 447.9 288.3 31.5 374.6 380.7 317.1 250.7 255.5 302.4 500.9 481.9 365.3 473.5 361.0 410.6 498.9 261.8 502.9 312.0 43.8 297.2 47.0 499.3 342.5
796.5 228.9 88.5 140.0 321.0 234.1 311.0 22.9 376.0 50.9 312.6 376.2 174.1 176.1 64.1 91.2 287.6 198.6 349.3 322.5 251.6 69.0 125.6 107.0 255.0 293.6 157.1 90.9 198.6 119.6 482.0 266.2 392.5 276.1 83.5 265.1 130.8 306.1 292.6 192.9 337.6 95.0 417.3 300.1 276.1 301.5 351.2 466.5 293.5 181.7 237.7 113.5 68.1 321.1 296.2 294.8 313.0 313.1 0.0 355.2 98.1 405.1 42.0 185.9 383.0 315.5 74.6 296.3 59.9 205.9 346.6 123.4 145.1 312.6 111.9 108.3 38.6 378.9 45.3 290.2 381.4 322.7 74.9 468.6 324.3 76.9 135.1 311.0 286.4 243.0 261.7 290.5 444.3 28.7 307.2 97.1 188.8 56.1 78.1 80.9 123.2 303.1 284.1 192.0 275.7 105.3 81.7 186.6 224.2 305.1 33.3 268.4 293.6 321.2 301.5 65.0
888.4 315.7 401.0 330.4 585.6 134.7 575.6 374.6 369.9 430.2 500.4 55.2 414.6 522.1 437.1 442.0 341.1 544.6 343.2 576.7 113.0 468.3 471.6 389.0 459.4 325.6 503.1 424.6 358.4 375.7 146.3 304.5 37.2 97.6 468.7 528.5 321.2 300.0 557.2 432.2 152.9 401.2 62.0 318.2 330.6 69.8 311.3 111.2 497.9 279.8 501.3 442.3 418.9 305.1 290.1 348.3 577.6 366.6 397.7 0.0 354.2 377.9 439.8 402.3 27.7 336.8 473.9 553.9 411.5 363.7 46.0 447.2 454.7 296.6 462.7 506.1 436.4 23.6 418.8 274.2 26.1 91.1 474.2 113.3 31.3 329.3 314.7 103.6 543.7 125.8 107.1 494.9 89.0 426.5 345.1 450.5 411.4 453.9 393.1 370.4 302.8 567.7 541.7 396.0 540.3 361.4 411.0 532.6 428.6 569.7 432.6 322.9 75.2 315.1 566.1 464.3
825.9 240.5 123.5 127.7 427.7 221.8 420.4 86.2 387.6 141.8 281.5 363.9 280.2 282.2 153.2 198.3 299.2 289.6 360.9 424.7 239.3 179.9 231.7 118.6 223.9 305.2 263.2 200.3 210.2 53.8 489.3 277.8 380.2 258.9 184.8 374.5 122.9 317.7 402.0 161.8 325.2 184.1 405.0 311.7 287.7 289.2 315.0 454.2 272.5 169.9 347.1 202.4 175.2 308.8 307.8 306.4 422.4 324.7 109.3 342.9 0.0 416.7 151.4 292.0 370.7 327.1 185.5 398.5 123.1 217.5 334.3 225.4 251.2 300.3 218.3 194.8 148.0 366.6 130.4 277.9 369.1 310.4 185.8 449.6 312.0 105.2 122.8 298.7 308.2 230.7 249.4 278.5 432.0 138.1 318.8 206.5 294.9 165.5 113.1 100.0 110.9 412.5 386.3 298.1 389.2 29.6 171.1 292.7 193.1 414.5 145.4 263.6 281.3 332.4 410.9 175.9
897.4 188.5 331.4 345.9 591.9 253.6 584.6 390.1 29.1 347.1 424.7 395.7 423.6 507.0 452.6 457.5 159.8 514.4 65.7 589.1 271.1 483.8 487.1 282.1 383.7 144.3 488.0 348.9 282.7 383.1 521.1 148.2 412.0 290.7 484.2 538.7 341.1 118.6 566.2 354.6 357.0 410.2 436.8 137.8 171.8 321.0 66.6 486.0 432.3 294.8 510.3 457.8 434.4 81.1 128.5 156.8 586.6 139.8 413.2 374.7 369.7 0.0 356.3 411.3 402.5 126.1 489.4 562.9 427.0 288.0 366.1 456.2 463.7 89.6 477.5 498.7 451.9 398.4 434.3 112.0 400.9 342.2 489.7 481.4 343.8 344.8 330.2 330.5 468.0 262.5 281.2 438.3 463.8 442.0 134.4 459.5 420.4 469.4 408.6 385.9 318.3 576.7 550.7 405.0 553.4 376.9 426.5 548.1 352.9 578.7 449.3 155.7 313.1 103.9 575.1 479.8
852.4 189.1 60.1 186.4 337.4 280.5 330.1 69.8 336.2 41.1 248.1 422.6 221.0 223.0 111.0 138.1 247.8 245.5 309.5 338.2 298.0 115.9 172.5 67.2 190.5 253.8 204.0 46.6 158.8 166.5 524.1 226.4 438.9 322.5 130.4 283.0 177.2 266.3 311.7 128.4 378.9 141.9 463.7 260.3 236.3 347.9 311.4 508.6 229.0 228.6 256.8 160.4 115.0 270.9 256.4 255.0 332.1 273.3 46.8 401.6 145.0 365.3 0.0 232.8 429.4 275.7 114.9 315.4 71.8 166.1 393.0 142.5 192.0 262.4 158.8 104.5 57.7 425.3 92.2 240.0 427.8 364.0 121.8 510.7 370.7 123.3 181.5 352.3 217.7 289.4 308.1 226.0 486.4 47.8 267.4 144.0 235.7 75.2 70.5 100.4 169.6 322.2 303.2 236.9 294.8 152.2 128.6 233.5 159.7 324.2 80.2 228.6 340.0 281.4 320.6 111.9
701.4 343.8 214.8 293.8 259.7 373.0 252.4 197.7 490.9 195.8 342.5 515.1 12.2 95.6 108.9 116.2 402.5 103.0 464.2 256.9 390.5 147.1 71.8 221.9 272.2 408.5 76.6 191.9 313.5 265.3 640.5 381.1 531.4 410.1 127.8 206.5 289.0 421.0 234.0 283.1 476.4 78.0 556.2 415.0 391.0 440.4 466.1 605.4 296.7 316.9 178.1 110.8 129.3 425.6 411.1 409.7 254.4 428.0 193.2 494.1 251.9 520.0 188.7 0.0 521.9 430.4 141.7 230.7 226.5 320.8 485.5 124.0 52.3 417.1 96.2 151.3 156.4 517.8 173.5 394.7 520.3 461.6 136.4 600.8 463.2 271.3 223.3 449.9 238.8 381.9 400.6 302.7 583.2 190.7 422.1 127.3 42.4 150.6 213.9 216.7 234.7 244.5 218.5 6.0 221.2 259.1 137.2 127.2 323.0 246.5 167.8 366.9 432.5 435.7 242.9 149.8
926.0 353.3 441.1 368.0 620.5 172.3 613.2 412.2 407.5 467.8 538.0 92.8 452.2 559.7 474.7 479.6 378.7 582.2 380.8 617.7 154.8 505.9 509.2 426.6 497.0 363.2 540.7 462.2 396.0 405.2 114.6 335.4 25.1 130.3 506.3 566.1 363.2 337.6 594.8 469.8 190.5 438.8 34.3 355.8 368.2 107.4 348.9 99.1 535.5 316.9 538.9 482.3 456.5 342.7 327.7 385.9 615.2 404.2 435.3 37.5 391.8 415.5 477.4 439.9 0.0 374.4 511.5 591.5 449.1 401.3 83.6 484.8 492.3 334.2 499.6 520.8 474.0 52.5 456.4 312.3 14.0 128.7 511.8 101.2 68.9 348.9 352.3 141.2 581.3 163.4 144.7 532.5 76.9 464.1 382.7 488.1 449.0 491.5 430.7 408.0 340.4 605.3 579.3 433.6 577.9 413.3 448.6 570.2 466.2 607.3 470.2 360.5 112.8 352.7 603.7 501.9
832.9 96.2 256.0 294.6 529.3 202.3 522.0 338.8 87.3 269.2 346.8 344.4 359.1 442.5 401.3 406.2 37.8 449.9 60.6 521.2 224.0 432.5 435.8 204.2 305.8 52.4 423.5 271.0 204.8 339.9 450.2 56.6 360.7 244.3 395.5 474.9 289.8 26.7 503.6 276.7 305.8 345.7 385.5 45.0 49.3 269.7 123.9 434.7 344.3 243.5 448.7 408.9 383.1 90.5 36.6 30.6 524.0 30.6 361.9 323.4 318.4 116.4 278.4 346.8 351.2 0.0 362.1 498.4 283.5 210.1 314.8 391.7 399.2 99.0 426.9 374.6 312.8 347.1 383.0 120.9 349.6 290.9 404.1 436.8 292.5 275.5 278.9 279.2 390.1 211.2 229.9 341.3 412.5 301.5 8.2 395.0 355.9 330.3 263.9 334.6 267.0 514.1 486.2 340.5 486.7 339.9 375.2 496.8 275.0 516.1 396.8 57.0 261.8 32.5 512.5 428.5
767.9 249.6 120.6 215.4 264.4 309.5 257.1 98.3 396.7 101.6 336.2 451.6 206.0 208.0 81.5 123.1 308.3 215.4 370.0 268.6 327.0 5.4 157.5 127.7 265.9 314.3 189.0 97.7 219.3 186.9 577.0 280.2 467.9 346.6 43.3 211.2 210.6 326.8 238.7 188.9 412.9 70.2 492.7 320.8 296.8 376.9 371.9 541.9 290.4 257.6 183.8 145.4 100.0 331.4 316.9 315.5 259.1 333.8 75.3 430.6 173.5 425.8 94.5 217.8 458.4 336.2 0.0 242.4 132.3 226.6 422.0 69.5 177.0 322.9 143.1 13.5 36.6 454.3 59.2 300.5 456.8 398.1 34.7 537.3 399.7 192.9 190.5 386.4 232.5 318.4 337.1 296.4 519.7 70.9 327.9 30.9 220.7 30.8 131.0 142.3 198.6 249.2 230.2 223.9 225.9 180.7 113.6 218.5 220.2 251.2 40.6 272.7 369.0 341.5 247.6 50.6
794.0 420.9 291.9 418.2 93.0 482.3 85.7 286.9 568.0 272.9 411.3 624.4 210.2 293.6 212.4 272.1 479.6 301.0 541.3 26.1 499.8 215.9 269.8 299.0 341.0 485.6 274.6 269.0 390.6 368.8 775.5 458.2 640.7 519.4 231.3 122.3 413.4 498.1 47.6 360.2 610.6 181.5 665.5 492.1 468.1 549.7 543.2 740.4 365.5 460.4 134.0 294.4 249.0 502.7 488.2 486.8 68.0 505.1 263.9 603.4 355.4 597.1 265.8 197.9 631.2 507.5 210.5 0.0 303.6 397.9 594.8 215.7 250.3 494.2 292.1 220.1 225.2 627.1 269.8 472.3 629.6 595.8 239.9 735.8 572.5 395.7 332.6 584.1 307.6 491.2 509.9 371.5 718.2 270.3 499.2 230.8 207.0 219.4 302.3 332.2 344.0 84.3 12.9 191.6 114.0 362.6 262.6 325.2 391.8 38.3 251.2 444.0 541.8 512.8 56.5 253.3
852.4 189.1 60.1 166.3 370.8 260.4 363.5 49.2 336.2 84.9 248.1 402.5 228.1 230.1 118.1 145.2 247.8 252.6 309.5 371.6 282.1 123.0 179.6 67.2 190.5 253.8 211.1 79.3 158.8 137.8 508.3 226.4 418.8 296.9 137.5 316.4 161.5 266.3 345.1 128.4 363.9 149.0 443.6 260.3 236.3 327.8 311.4 492.8 229.0 208.5 290.2 169.9 122.1 270.9 256.4 255.0 365.5 273.3 52.4 381.5 124.4 365.3 94.5 239.9 409.3 275.7 128.6 348.8 0.0 166.1 372.9 175.9 199.1 262.4 165.2 160.8 91.1 405.2 99.3 240.0 407.7 349.0 128.9 494.9 350.6 103.2 161.4 337.3 250.4 269.3 288.0 226.0 470.6 81.2 267.4 151.1 242.8 108.6 70.5 100.4 149.5 355.6 336.6 244.0 328.2 145.9 135.7 240.6 159.7 357.6 88.5 228.6 319.9 281.4 354.0 119.0
815.7 109.5 129.2 227.9 402.5 229.6 395.2 181.7 256.6 142.4 207.7 392.5 338.0 340.0 228.0 255.1 168.2 362.5 229.9 403.3 247.1 232.9 289.5 77.4 166.7 174.2 321.0 144.2 65.7 225.5 464.1 140.1 378.3 266.7 247.4 349.3 223.1 186.7 376.8 149.9 299.2 258.9 429.2 180.7 156.7 295.3 231.8 429.0 205.2 224.6 321.9 277.4 232.0 259.8 176.8 175.4 397.2 193.7 180.3 371.5 204.0 285.7 151.6 329.6 399.3 196.1 235.3 380.5 156.7 0.0 362.9 262.9 309.0 261.5 275.8 224.9 186.0 395.2 207.9 239.1 389.4 284.4 238.8 431.1 340.6 164.8 223.0 272.7 251.0 238.5 257.2 202.2 406.8 174.7 187.8 261.0 338.7 203.5 137.1 141.9 211.1 387.3 368.3 323.3 359.9 225.5 245.6 350.5 135.9 389.3 197.2 149.0 303.2 201.8 385.7 228.9
895.5 322.8 408.1 337.5 592.7 141.8 582.7 381.7 377.0 437.3 507.5 62.7 421.7 529.2 444.2 449.1 348.2 536.6 350.3 587.2 120.1 475.4 478.7 396.1 466.5 332.7 510.2 431.7 365.5 382.8 168.5 304.9 79.0 104.7 475.8 536.8 328.3 307.1 564.3 439.3 160.0 408.3 103.8 325.3 337.7 76.9 318.4 153.0 505.0 286.4 508.4 449.4 426.0 312.2 297.2 355.4 584.7 373.7 404.8 41.7 361.3 385.0 446.9 409.4 69.5 343.9 481.0 561.0 418.6 370.8 0.0 454.3 461.8 303.7 469.8 513.2 443.5 65.4 425.9 281.3 67.9 98.2 481.3 155.1 38.4 336.4 321.8 110.7 550.8 132.9 114.2 502.0 130.8 433.6 352.2 457.6 418.5 461.0 400.2 377.5 309.9 574.8 548.8 403.1 547.4 368.5 418.1 539.7 435.7 576.8 440.9 330.0 82.3 322.2 573.2 471.4
728.0 297.9 168.9 257.6 272.6 342.6 262.6 146.6 445.0 149.9 352.7 484.7 215.3 217.3 72.7 132.4 356.6 224.7 418.3 267.1 360.1 75.6 166.8 176.0 282.4 362.6 198.3 146.0 267.6 237.2 610.1 328.5 501.0 379.1 91.6 216.7 248.4 375.1 244.2 237.2 446.1 41.8 525.8 369.1 345.1 410.0 420.2 575.0 288.8 299.3 188.3 154.7 109.3 379.7 365.2 363.8 264.6 382.1 123.6 463.7 215.7 474.1 142.8 131.9 491.5 384.5 70.2 240.9 180.6 274.9 455.1 0.0 186.3 371.2 152.4 102.7 84.9 487.4 129.5 348.8 489.9 431.2 100.2 577.1 432.8 194.5 192.9 419.5 249.0 351.5 370.2 326.2 552.8 119.2 376.2 91.1 230.0 79.1 177.7 180.5 204.3 254.7 228.7 125.6 227.3 237.2 122.9 227.8 268.5 256.7 112.5 337.4 402.1 390.2 253.1 113.6
742.2 359.4 200.1 269.6 300.5 320.6 293.2 171.4 472.4 181.4 383.3 462.7 28.9 43.2 135.2 63.8 418.1 65.7 445.7 297.7 338.1 187.9 19.4 237.5 313.0 424.1 24.2 232.7 329.1 241.1 568.5 396.7 479.0 357.1 166.8 246.1 264.8 402.5 274.8 304.5 424.1 118.8 503.8 430.6 406.6 388.0 413.8 553.0 319.4 264.5 218.9 56.1 76.9 407.6 392.6 425.3 295.2 443.6 166.9 441.7 227.7 480.4 209.0 40.7 469.5 446.0 182.5 271.5 208.4 336.4 433.1 164.8 0.0 399.1 43.1 192.1 197.2 465.4 147.2 376.7 467.9 409.2 175.4 555.1 410.8 206.5 170.9 397.5 279.6 329.5 348.2 356.8 530.8 195.7 437.7 168.1 43.6 191.4 189.7 192.5 182.3 285.3 259.3 44.8 257.9 249.2 84.8 74.8 363.8 287.3 155.2 398.9 380.1 417.6 283.7 162.8
816.1 151.6 250.1 264.6 513.3 172.3 503.3 308.8 80.5 265.8 343.4 314.4 342.3 425.7 371.3 376.2 142.4 448.2 48.3 504.4 194.0 402.5 405.8 200.8 302.4 126.9 406.7 267.6 201.4 309.9 420.2 104.6 330.7 208.8 402.9 456.2 259.8 101.2 484.9 273.3 275.8 328.9 355.5 120.4 137.4 239.7 88.1 404.7 340.9 213.5 429.0 376.5 353.1 8.4 96.9 139.4 505.3 122.4 331.9 293.4 288.4 109.6 275.0 330.0 321.2 108.7 408.1 481.6 345.7 206.7 284.8 374.9 382.4 0.0 396.9 440.3 370.6 317.1 353.0 21.9 319.6 260.9 408.4 406.8 262.5 245.5 248.9 249.2 386.7 181.2 199.9 337.9 382.5 360.7 117.0 378.2 339.1 388.1 327.3 304.6 237.0 495.4 469.4 323.7 468.0 309.9 345.2 466.8 271.6 497.4 368.0 129.7 231.8 86.1 493.8 398.5
776.1 315.5 160.6 232.6 337.1 283.6 326.4 127.5 462.6 137.5 387.2 425.7 62.1 64.8 91.3 19.9 374.9 87.3 435.9 328.2 305.3 147.0 13.6 193.6 346.9 380.9 45.1 214.0 285.2 212.2 531.5 352.8 442.7 325.6 122.9 280.0 223.4 392.7 308.7 267.5 387.1 122.2 466.8 387.6 362.7 351.0 376.8 516.0 352.6 228.0 252.8 45.5 33.0 370.6 382.8 381.4 329.1 400.4 123.7 404.7 190.7 443.4 165.1 74.6 432.5 402.1 152.6 305.4 164.5 292.5 396.8 163.5 33.8 362.1 0.0 189.1 161.7 428.4 103.3 339.7 430.9 372.2 131.5 518.8 373.8 169.5 133.9 360.5 313.5 292.5 311.2 365.1 494.5 151.8 393.8 144.6 77.5 179.2 152.7 155.5 145.3 319.2 292.5 78.7 291.8 212.2 40.9 75.3 298.8 320.5 111.3 355.7 343.8 407.8 316.9 118.9
757.5 259.2 132.7 225.0 256.7 319.1 268.9 107.9 406.3 133.4 325.8 483.4 241.8 221.6 117.3 136.7 340.1 244.1 379.6 254.8 340.8 18.9 193.3 137.3 255.5 346.1 224.8 107.3 228.9 204.6 567.0 289.8 499.7 361.1 56.9 199.6 215.8 336.4 250.5 198.5 444.8 82.9 524.5 331.3 306.4 386.5 381.5 573.7 261.9 266.7 173.4 163.6 113.6 341.0 326.5 325.1 248.7 365.6 107.1 440.2 183.1 435.4 104.1 231.4 490.2 368.0 13.5 232.0 164.1 258.4 453.8 81.3 212.8 354.7 157.4 0.0 46.2 463.9 72.8 310.6 466.4 407.7 48.3 553.6 409.3 161.9 226.3 418.2 222.1 328.0 346.7 321.5 529.3 80.5 337.5 44.5 256.5 40.4 140.6 155.9 208.2 238.8 242.0 235.5 233.6 204.6 127.2 232.1 229.8 240.8 55.8 320.9 400.8 373.7 259.4 64.2
783.1 236.2 107.2 178.7 279.6 272.8 272.3 61.6 383.3 88.2 295.2 414.9 212.8 214.8 102.8 129.9 294.9 222.2 356.6 283.8 290.3 62.5 164.3 114.3 281.1 300.9 195.8 84.3 205.9 150.2 540.3 273.5 431.2 309.9 100.5 226.4 173.9 313.4 253.9 175.5 376.2 108.5 456.0 307.4 283.4 340.2 358.5 505.2 305.6 220.9 199.0 152.2 106.8 318.0 303.5 302.1 274.3 320.4 38.6 393.9 136.8 412.4 72.9 224.6 421.7 322.8 57.1 257.6 98.6 213.2 385.3 84.7 183.8 309.5 149.9 46.7 0.0 417.6 84.0 287.6 420.1 361.4 91.9 500.6 363.0 156.2 173.8 349.7 247.7 281.7 300.4 311.6 483.0 34.2 314.5 88.1 227.5 17.4 116.8 119.6 161.9 264.4 245.4 230.7 241.1 144.0 120.4 225.3 206.8 266.4 73.2 259.3 332.3 328.1 262.8 103.7
921.0 348.3 436.1 363.0 615.5 167.3 608.2 407.2 402.5 462.8 533.0 87.8 447.2 554.7 469.7 474.6 373.7 562.1 375.8 612.7 149.8 500.9 504.2 421.6 492.0 358.2 535.7 457.2 391.0 400.2 150.2 337.1 41.1 130.2 501.3 562.3 358.2 332.6 589.8 464.8 185.4 433.8 65.9 351.7 363.2 102.4 343.9 115.1 540.6 311.9 533.9 474.9 451.5 337.7 322.7 380.9 610.2 399.2 430.3 32.5 386.8 410.5 472.4 434.9 31.6 369.4 506.5 586.5 444.1 396.3 78.6 479.8 487.3 329.2 494.6 515.8 469.0 0.0 451.4 306.8 30.0 123.7 506.8 110.5 63.9 361.9 347.3 136.2 576.3 158.4 139.7 546.6 92.9 459.1 377.7 483.1 444.0 486.5 425.7 403.0 335.4 600.3 574.3 428.6 577.0 394.0 443.6 565.2 461.2 602.3 466.4 344.6 107.8 347.3 598.7 496.9
797.0 238.0 90.6 160.1 321.6 254.2 314.3 50.0 385.1 60.0 314.7 396.3 174.6 176.6 64.6 91.7 296.7 184.0 358.4 325.8 271.7 51.5 126.1 116.1 257.1 302.7 157.6 136.5 207.7 131.6 521.7 275.3 412.6 291.3 66.0 268.4 155.3 315.2 295.9 195.0 357.6 95.5 437.4 309.2 285.2 321.6 360.3 486.6 305.7 202.3 241.0 114.0 68.6 319.8 305.3 303.9 316.3 322.2 45.5 375.3 118.2 414.2 87.6 186.4 403.1 324.6 57.1 299.6 87.0 215.0 366.7 126.7 145.6 311.3 111.7 70.7 84.2 399.0 0.0 288.9 401.5 342.8 57.4 482.0 344.4 137.6 131.2 331.1 289.7 263.1 281.8 311.7 464.4 74.3 316.3 79.6 189.3 88.0 80.2 83.0 142.6 306.4 287.4 192.5 283.1 125.4 82.2 187.1 226.3 308.4 17.0 261.1 313.7 329.9 304.8 47.5
793.7 129.2 227.7 242.2 488.2 149.9 480.9 286.4 102.4 243.4 321.5 292.0 320.4 403.3 348.9 353.8 125.5 426.3 70.2 485.9 167.9 380.6 383.9 178.9 280.0 110.5 384.3 245.7 179.0 288.0 417.4 89.4 308.3 192.4 380.5 433.8 233.0 84.4 462.5 250.9 253.4 306.5 333.6 104.0 115.5 217.3 65.7 382.8 318.5 191.6 406.6 354.1 330.7 30.8 74.5 132.7 482.9 144.8 309.5 271.5 266.0 131.5 252.6 307.6 298.8 121.2 385.7 459.2 323.8 184.8 262.4 352.5 360.0 21.9 374.3 417.9 348.2 294.7 330.6 0.0 297.2 238.5 386.0 384.4 240.1 241.1 226.5 226.8 364.8 158.8 177.5 315.5 360.1 338.3 129.5 355.8 317.2 365.7 304.9 282.2 214.6 473.0 447.5 303.8 445.6 288.0 322.8 444.9 249.7 475.0 344.4 107.3 209.4 99.5 471.9 376.1
914.6 341.9 429.7 356.6 609.1 160.9 601.8 400.8 396.1 456.4 526.6 81.4 440.8 548.3 463.3 468.2 367.3 555.7 369.4 606.3 143.4 494.5 497.8 415.2 485.6 351.8 529.3 450.8 384.6 393.8 120.1 330.7 11.0 123.8 494.9 555.9 351.8 326.2 583.4 458.4 179.0 427.4 58.5 345.3 356.8 96.0 337.5 85.0 534.2 305.5 527.5 468.5 445.1 331.3 316.3 374.5 603.8 392.8 423.9 26.1 380.4 404.1 466.0 428.5 24.2 363.0 500.1 580.1 437.7 389.9 72.2 473.4 480.9 322.8 488.2 509.4 462.6 41.1 445.0 300.4 0.0 117.3 500.4 80.4 57.5 355.5 340.9 129.8 569.9 152.0 133.3 540.2 62.8 452.7 371.3 476.7 437.6 480.1 419.3 396.6 329.0 593.9 567.9 422.2 570.6 387.6 437.2 558.8 454.8 595.9 460.0 338.2 101.4 340.9 592.3 490.5
831.9 259.2 347.0 273.9 526.4 78.2 519.1 318.1 313.4 373.7 443.9 108.0 358.1 465.6 380.6 385.5 284.6 473.0 286.7 523.6 60.7 411.8 415.1 332.5 402.9 269.1 446.6 368.1 301.9 311.1 219.3 248.0 124.3 41.1 412.2 473.2 269.1 243.5 500.7 375.7 61.6 344.7 149.1 262.6 274.1 10.8 254.8 184.2 451.5 222.8 444.8 385.8 362.4 248.6 233.6 291.8 521.1 310.1 341.2 87.0 297.7 321.4 383.3 345.8 114.8 280.3 417.4 497.4 355.0 307.2 78.4 390.7 398.2 240.1 405.5 426.7 379.9 110.7 362.3 217.7 113.2 0.0 417.7 179.6 56.1 272.8 258.2 12.4 487.2 69.3 50.6 457.5 162.0 370.0 288.6 394.0 354.9 397.4 336.6 313.9 246.3 511.2 485.2 339.5 487.9 304.9 354.5 476.1 372.1 513.2 377.3 255.5 18.7 258.2 509.6 407.8
749.8 280.1 138.1 209.2 291.7 303.3 284.4 92.1 427.2 102.1 374.5 445.4 192.7 194.7 50.1 109.8 338.8 217.2 400.5 288.9 320.8 39.5 144.2 158.2 304.2 344.8 175.7 142.9 249.8 188.8 570.8 317.4 461.7 345.3 8.6 237.3 200.0 357.3 266.0 245.0 406.8 48.3 486.5 352.2 327.3 370.7 402.4 535.7 310.6 250.9 210.1 136.7 86.7 361.9 347.4 346.0 286.4 364.3 87.6 424.4 167.3 456.3 129.7 204.5 452.2 366.7 45.1 262.7 129.1 257.1 415.8 89.6 163.7 353.4 129.8 81.6 81.8 448.1 49.9 331.5 450.6 391.9 0.0 537.8 393.5 186.7 170.3 380.2 270.8 312.2 330.9 348.0 513.5 116.1 358.4 67.6 207.4 76.0 130.2 133.0 181.7 276.5 250.5 208.6 249.1 188.8 100.3 205.2 276.3 278.5 32.9 319.6 362.8 372.4 274.9 41.3
970.9 398.2 483.5 412.9 665.4 227.4 658.1 457.1 452.4 512.7 582.9 158.6 497.1 604.6 519.6 524.5 423.6 612.0 425.7 659.2 209.9 550.8 554.1 471.5 541.9 408.1 585.6 511.9 440.9 458.2 90.8 380.3 66.0 185.4 551.2 612.2 408.1 382.5 639.7 514.7 196.1 483.7 101.7 400.7 413.1 160.0 393.8 55.7 580.4 361.8 583.8 524.8 501.4 387.6 372.6 430.8 660.1 449.1 480.2 103.3 436.7 460.4 522.3 484.8 101.4 419.3 556.4 636.4 494.0 446.2 149.4 529.7 537.2 379.1 544.5 565.7 518.9 118.3 501.3 356.7 77.1 167.6 556.7 0.0 134.7 393.8 397.2 180.1 626.2 218.5 199.8 577.4 79.3 509.0 427.6 533.0 493.9 536.4 475.6 452.9 385.3 650.2 624.2 480.5 622.8 458.2 493.5 615.1 511.1 652.2 516.3 405.4 167.9 397.6 648.6 546.8
857.0 284.3 369.6 299.0 554.2 103.3 544.2 343.2 338.5 398.8 469.0 51.8 383.2 490.7 405.7 410.6 309.7 513.2 311.8 545.3 81.6 436.9 440.2 357.6 428.0 294.2 471.7 393.2 327.0 336.2 177.2 273.1 68.1 66.2 437.3 497.1 289.8 268.6 525.8 400.8 121.5 369.8 92.9 286.8 299.2 38.4 279.9 142.1 466.5 248.4 469.9 410.9 387.5 273.7 258.7 316.9 546.2 335.2 366.3 30.8 322.8 346.5 408.4 370.9 58.6 305.4 442.5 522.5 380.1 332.3 22.2 415.8 423.3 265.2 430.6 474.7 405.0 54.5 387.4 242.8 57.0 59.7 442.8 144.2 0.0 297.9 283.3 72.2 512.3 94.4 75.7 463.5 119.9 395.1 313.7 419.1 380.0 422.5 361.7 339.0 271.4 536.3 510.3 364.6 508.9 344.3 379.6 501.2 397.2 538.3 401.2 291.5 43.8 283.7 534.7 432.9
786.4 239.8 129.9 42.0 447.7 182.3 397.4 103.5 334.1 118.8 280.8 324.4 288.7 290.7 170.5 210.6 298.5 313.2 307.4 438.6 204.0 197.2 240.2 77.6 223.2 304.5 246.5 228.3 209.5 104.6 430.2 230.1 315.5 224.3 161.8 390.6 50.8 264.2 379.0 161.1 285.8 201.4 340.3 311.9 287.0 249.7 275.5 389.5 261.7 101.7 364.4 215.5 187.5 269.3 254.3 305.7 439.7 283.7 86.3 278.2 83.1 342.1 168.7 300.5 331.2 326.4 202.8 415.8 100.1 176.5 269.6 202.4 234.5 235.6 231.3 235.0 165.3 327.1 147.7 213.7 329.6 270.9 162.8 416.8 272.5 0.0 58.1 234.0 307.5 191.2 209.9 258.7 392.5 155.4 318.1 223.8 278.2 182.8 122.0 99.3 71.4 429.8 363.3 304.6 362.1 104.6 179.6 301.2 192.4 391.5 161.5 239.0 216.6 254.1 387.9 193.2
753.7 206.7 145.4 86.3 396.6 149.6 389.3 128.6 301.4 184.2 307.8 291.7 205.3 207.3 122.3 127.2 272.6 229.8 274.7 393.8 171.3 176.9 156.8 144.9 250.2 257.1 188.3 242.7 236.5 123.5 417.1 236.0 308.0 186.1 153.9 342.2 81.5 231.5 370.9 188.1 253.1 153.2 332.8 249.7 262.1 217.0 242.8 382.0 288.7 93.5 315.0 129.9 104.1 236.6 221.6 279.8 391.3 298.1 151.7 270.7 110.1 309.4 193.8 217.1 298.5 268.3 182.5 367.6 165.5 243.8 262.1 194.5 176.3 228.1 147.2 219.0 190.4 294.4 125.3 205.7 296.9 238.2 162.5 384.1 239.8 67.2 0.0 226.5 334.5 158.5 177.2 285.7 359.8 180.5 276.6 175.6 220.0 207.9 137.5 140.3 11.3 381.4 355.4 221.2 354.0 131.6 96.2 217.8 219.4 383.4 141.2 254.4 209.1 246.6 379.8 149.9
842.9 270.2 355.5 284.9 537.4 89.9 530.1 329.1 324.4 384.7 454.9 119.7 369.1 476.6 391.6 396.5 295.6 499.1 297.7 531.2 72.4 422.8 426.1 343.5 413.9 280.1 457.6 383.0 312.9 322.1 211.4 259.0 136.0 52.8 423.2 483.0 280.1 254.5 511.7 386.7 49.2 355.7 160.8 272.7 285.1 22.5 265.8 195.9 452.4 233.8 455.8 401.4 373.4 259.6 244.6 302.8 532.1 321.1 352.2 98.7 308.7 332.4 394.3 356.8 126.5 291.3 428.4 508.4 366.0 318.2 90.1 401.7 409.2 251.1 416.5 460.6 390.9 122.4 373.3 228.7 124.9 11.6 428.7 198.0 67.8 265.8 269.2 0.0 498.2 81.0 62.3 449.4 173.7 381.0 299.6 405.0 365.9 408.4 347.6 324.9 257.3 522.2 496.2 352.5 494.8 330.2 365.5 487.1 383.1 524.2 387.1 277.4 30.4 269.6 520.6 418.8
857.7 270.5 275.9 328.8 354.2 364.3 346.9 295.1 417.6 261.3 145.8 506.4 273.9 477.8 348.8 393.9 329.2 485.2 390.9 358.4 381.8 377.6 427.3 230.1 75.5 335.2 458.8 263.1 262.6 318.3 631.8 307.8 522.7 401.4 380.4 301.0 324.0 347.7 328.5 196.9 467.7 379.7 547.5 341.7 317.7 431.7 375.1 596.7 100.0 359.3 273.6 398.0 370.8 368.9 337.8 336.4 348.9 354.7 318.2 485.4 304.9 441.7 270.5 261.6 513.2 357.1 383.2 332.2 275.6 282.1 476.8 257.7 446.8 360.4 413.9 343.8 304.9 509.1 326.0 338.0 511.6 452.9 383.5 592.1 454.5 306.3 323.9 441.2 0.0 373.2 391.9 106.0 574.5 293.6 348.8 402.1 270.7 322.4 265.5 242.8 312.0 339.0 320.0 255.3 315.7 312.1 366.7 488.3 126.3 341.0 343.1 293.6 423.8 362.4 337.4 373.6
762.5 189.8 277.6 204.5 457.0 8.8 449.7 248.7 244.0 304.3 374.5 133.1 288.7 396.2 311.2 316.1 215.2 403.6 217.3 454.2 8.6 342.4 345.7 263.1 333.5 199.7 377.2 298.7 232.5 241.7 258.5 178.6 149.4 28.2 342.8 403.8 199.7 174.1 431.3 306.3 141.4 275.3 174.2 193.2 204.7 58.4 185.4 223.4 382.1 153.4 375.4 316.4 293.0 179.2 164.2 222.4 451.7 240.7 271.8 112.1 228.3 252.0 313.9 276.4 139.9 210.9 348.0 428.0 285.6 237.8 103.5 321.3 328.8 170.7 336.1 357.3 310.5 135.8 292.9 148.8 138.3 79.7 348.3 218.8 81.2 203.4 188.8 92.2 417.8 0.0 18.7 388.1 201.2 300.6 219.2 324.6 285.5 328.0 267.2 244.5 176.9 441.8 415.8 270.1 418.5 235.5 285.1 406.7 302.7 443.8 307.9 186.1 50.6 188.8 440.2 338.4
781.2 208.5 296.3 223.2 475.7 27.5 468.4 267.4 262.7 323.0 393.2 114.4 307.4 414.9 329.9 334.8 233.9 422.3 236.0 472.9 10.0 361.1 364.4 281.8 352.2 218.4 395.9 317.4 251.2 260.4 239.8 197.3 130.7 9.5 361.5 422.5 218.4 192.8 450.0 325.0 122.7 294.0 155.5 211.9 223.4 39.7 204.1 204.7 400.8 172.1 394.1 335.1 311.7 197.9 182.9 241.1 470.4 259.4 290.5 93.4 247.0 270.7 332.6 295.1 121.2 229.6 366.7 446.7 304.3 256.5 84.8 340.0 347.5 189.4 354.8 376.0 329.2 117.1 311.6 167.5 119.6 61.0 367.0 200.1 62.5 222.1 207.5 73.5 436.5 18.7 0.0 406.8 182.5 319.3 237.9 343.3 304.2 346.7 285.9 263.2 195.6 460.5 434.5 288.8 437.2 254.2 303.8 425.4 321.4 462.5 326.6 204.8 31.9 207.5 458.9 357.1
938.7 258.8 225.8 278.7 471.3 372.8 464.0 245.0 405.9 211.2 153.6 514.9 425.7 427.7 298.7 343.8 317.5 450.2 379.2 472.1 390.3 327.5 377.2 218.4 63.7 323.5 408.7 213.0 263.1 268.2 640.3 289.4 531.2 409.3 330.3 416.9 269.5 336.0 445.6 185.2 476.3 329.6 556.0 330.0 306.0 440.2 363.4 605.2 102.2 320.9 390.7 352.5 320.7 357.2 326.1 324.7 466.0 343.0 268.1 493.9 254.8 430.0 220.4 437.5 521.7 345.4 333.1 449.3 225.5 270.4 485.3 370.9 396.7 348.7 363.8 293.7 254.8 517.6 275.9 326.8 520.1 461.4 333.4 607.3 463.0 256.2 273.8 449.7 135.1 381.7 400.4 0.0 583.0 243.5 337.1 352.0 440.4 272.3 215.4 192.7 261.9 456.1 437.1 441.6 428.7 262.0 316.6 438.2 76.2 458.1 291.8 298.3 432.3 351.1 454.5 323.5
974.0 401.3 489.1 416.0 668.5 230.5 661.2 460.2 455.5 515.8 586.0 161.7 500.2 607.7 522.7 527.6 426.7 630.2 428.8 665.7 208.8 553.9 557.2 474.6 545.0 411.2 588.7 515.0 444.0 461.3 100.1 390.1 69.1 193.4 554.3 614.1 411.2 385.6 642.8 517.8 199.2 486.8 72.4 403.8 416.2 163.1 396.9 84.6 583.5 364.9 586.9 527.9 504.5 390.7 375.7 433.9 663.2 452.2 483.3 106.4 439.8 463.5 525.4 487.9 104.5 422.4 559.5 639.5 497.1 449.3 152.5 532.8 540.3 382.2 548.3 568.8 522.0 121.4 504.4 360.3 80.2 170.7 559.8 86.7 137.8 396.9 400.3 183.2 629.3 221.6 202.9 580.5 0.0 512.1 430.7 536.1 497.0 539.5 478.7 456.0 388.4 653.3 627.3 481.6 625.9 461.3 496.6 618.2 514.2 655.3 518.2 408.5 171.0 400.7 651.7 549.9
807.3 214.0 85.0 178.7 303.8 272.8 296.5 61.6 361.1 66.0 273.0 414.9 212.8 214.8 102.8 129.9 272.7 222.2 334.4 308.0 290.3 86.7 164.3 92.1 215.4 278.7 195.8 62.1 183.7 150.2 540.3 251.3 431.2 309.9 122.2 250.6 173.9 291.2 278.1 153.3 376.2 132.7 456.0 285.2 261.2 340.2 336.3 505.2 264.0 220.9 223.2 152.2 106.8 295.8 281.3 279.9 298.5 298.2 38.6 393.9 136.8 390.2 58.9 224.6 421.7 300.6 81.3 281.8 96.7 191.0 385.3 108.9 183.8 287.3 149.9 70.9 24.1 417.6 84.0 264.9 420.1 361.4 113.6 500.6 363.0 156.2 173.8 349.7 224.0 281.7 300.4 270.0 483.0 0.0 292.3 112.3 227.5 41.6 95.4 119.6 161.9 288.6 269.6 230.7 265.3 144.0 120.4 225.3 184.6 290.6 73.2 237.1 332.3 305.9 287.0 103.7
841.2 87.9 245.2 302.9 521.0 210.6 513.7 347.1 95.6 260.9 338.5 352.7 367.4 450.8 409.6 414.5 29.5 458.2 68.9 525.2 228.1 351.4 444.1 195.9 297.5 55.0 431.8 262.7 196.5 340.1 478.1 64.9 369.0 247.7 403.8 467.8 298.1 35.0 495.3 268.4 314.0 354.0 393.8 54.2 41.0 278.0 132.2 443.0 346.1 251.8 440.4 414.8 391.4 98.8 44.9 22.3 515.7 22.3 370.2 331.7 326.7 124.7 270.1 355.1 359.5 8.2 353.8 499.0 275.2 201.8 323.1 400.0 407.5 107.3 434.5 343.4 304.5 355.4 391.3 129.7 357.9 299.2 357.3 438.4 300.8 301.8 287.2 287.5 381.8 219.5 238.2 352.1 420.8 293.2 0.0 403.3 364.2 322.0 255.6 260.4 275.3 505.8 486.8 348.8 482.5 333.9 383.5 505.1 266.7 507.8 316.9 69.6 270.1 40.4 504.2 347.4
740.7 291.0 162.0 231.4 282.6 325.5 275.3 114.3 438.1 124.3 365.4 467.6 205.8 207.8 63.2 122.9 349.7 215.2 411.4 279.8 343.0 35.7 157.3 169.1 295.1 355.7 188.8 139.1 260.7 202.9 593.0 328.3 483.9 362.6 56.2 229.4 226.6 368.2 256.9 230.3 428.9 39.2 508.7 362.2 338.2 392.9 413.3 557.9 319.6 273.6 201.0 145.2 99.8 372.8 358.3 356.9 277.3 375.2 109.8 446.6 189.5 467.2 135.9 217.6 474.4 377.6 41.3 253.6 151.3 268.0 438.0 80.5 176.8 364.3 142.9 54.9 78.0 470.3 72.1 341.9 472.8 414.1 47.6 553.3 415.7 208.9 183.4 402.4 261.7 334.4 353.1 325.6 535.7 112.3 369.3 0.0 220.5 72.2 152.4 155.2 194.8 267.4 241.4 223.7 244.1 196.7 113.4 218.3 261.6 269.4 53.5 314.1 385.0 382.9 265.8 63.5
707.4 349.8 220.8 299.8 265.7 377.5 258.4 203.7 496.9 201.8 348.5 519.6 55.9 100.1 114.9 120.7 408.5 122.6 470.2 259.5 395.0 153.1 76.3 227.9 278.2 414.5 81.1 197.9 319.5 279.4 625.4 387.1 535.9 419.5 133.8 211.3 290.6 427.0 240.0 289.1 481.0 84.0 560.7 421.0 397.0 444.9 472.1 609.9 284.6 321.9 184.1 111.0 133.8 431.6 417.1 415.7 260.4 434.0 199.2 498.6 257.9 526.0 194.7 59.3 526.4 436.4 147.7 236.7 232.5 326.8 490.0 130.0 56.8 423.1 100.0 180.2 162.4 522.3 179.5 400.7 524.8 466.1 142.4 612.0 467.7 236.7 227.8 454.4 244.8 386.4 405.1 322.0 587.7 196.7 428.1 133.3 0.0 156.6 219.9 222.7 239.2 250.5 224.5 53.0 223.1 265.1 141.7 131.7 329.0 252.5 173.8 389.3 437.0 442.1 248.9 155.8
785.5 218.7 89.7 216.0 282.0 310.1 274.7 124.9 365.8 70.7 277.7 452.2 266.3 268.3 156.3 183.4 277.4 275.7 339.1 286.2 327.6 125.4 217.8 96.8 228.2 283.4 249.3 66.8 188.4 213.5 573.3 256.0 468.5 347.2 163.4 228.8 211.2 295.9 256.3 158.0 408.4 171.4 493.3 289.9 265.9 377.5 341.0 538.2 252.7 258.2 201.4 205.7 160.3 300.5 286.0 284.6 276.7 302.9 101.9 431.2 200.1 394.9 63.6 278.1 459.0 305.3 120.0 260.0 101.4 195.7 422.6 147.6 237.3 292.0 203.4 109.6 62.8 454.9 137.5 269.6 457.4 393.6 154.8 533.6 400.3 193.5 211.1 381.9 194.8 319.0 337.7 258.7 516.0 68.1 297.0 151.0 281.0 0.0 100.1 130.0 199.2 266.8 247.8 284.2 243.5 207.3 173.9 278.8 189.3 268.8 126.7 241.8 369.6 310.6 265.2 157.2
833.1 169.8 10.4 149.2 336.6 243.3 329.3 44.5 316.9 100.1 228.8 385.4 220.5 222.5 93.5 138.6 228.5 229.9 290.2 365.0 260.8 122.3 172.0 47.9 171.2 234.5 203.5 78.3 139.5 124.8 524.4 200.4 401.7 280.4 125.1 283.4 144.4 247.0 310.9 109.1 359.5 124.4 426.5 241.0 217.0 310.7 292.1 489.3 219.8 191.4 256.0 142.7 115.5 251.6 237.1 235.7 331.3 254.0 67.6 364.4 111.4 346.0 109.7 232.3 392.2 256.4 127.9 338.8 81.4 146.8 355.8 165.7 191.5 243.1 158.6 141.5 106.3 388.1 70.7 220.7 390.6 344.7 128.2 484.7 333.5 126.7 144.3 333.0 249.4 252.2 270.9 225.8 467.1 96.4 248.1 146.8 235.2 123.8 0.0 33.0 132.4 321.4 326.6 238.4 298.1 118.6 111.4 233.0 140.4 323.4 87.8 192.9 302.8 261.7 319.8 118.3
814.3 192.5 33.0 116.1 380.2 210.2 372.9 56.9 339.6 112.5 231.6 352.3 232.9 234.9 105.9 151.0 251.2 242.3 312.9 377.4 227.7 134.7 184.4 70.6 174.0 257.2 215.9 101.0 162.2 105.6 477.7 229.8 368.6 247.3 137.5 327.0 111.3 269.7 354.5 111.9 313.6 136.8 393.4 263.7 239.7 277.6 314.8 442.6 222.6 158.3 298.6 155.1 127.9 274.3 259.8 258.4 374.9 276.7 80.0 331.3 92.2 368.7 122.1 244.7 359.1 279.1 140.3 351.2 93.8 169.5 322.7 178.1 203.9 265.8 171.0 153.9 118.7 355.0 83.1 243.4 357.5 298.8 140.6 438.0 300.4 93.6 111.2 287.1 258.3 219.1 237.8 228.6 420.4 108.8 270.8 159.2 247.6 136.2 22.6 0.0 99.3 365.0 339.0 250.8 341.7 99.4 123.8 245.4 143.2 367.0 100.2 215.6 269.7 284.4 363.4 130.7
742.3 195.3 159.8 74.9 408.5 138.2 401.2 140.5 290.0 196.1 296.4 280.3 217.2 219.2 134.2 139.1 261.2 226.6 263.3 405.7 155.7 188.8 168.7 133.5 238.8 245.7 200.2 254.6 225.1 112.1 405.7 224.6 296.6 175.3 165.8 355.3 70.1 220.1 382.8 176.7 241.6 165.1 321.4 239.2 250.7 205.6 231.4 370.6 287.4 82.1 326.9 139.4 116.0 225.2 210.2 268.4 403.2 286.7 163.6 259.3 98.7 298.0 205.7 229.0 287.1 256.9 194.4 379.5 177.4 232.4 250.7 206.4 188.2 216.7 159.1 208.0 202.3 283.0 137.2 194.8 285.5 226.8 174.4 366.0 228.4 73.8 11.9 215.1 323.1 147.1 165.8 293.4 348.4 192.4 265.2 187.5 231.9 219.8 149.4 114.9 0.0 393.3 367.3 235.1 370.0 105.9 108.1 229.7 208.0 395.3 154.3 232.1 197.7 234.8 391.7 161.8
798.8 471.0 342.0 402.1 133.6 487.1 126.3 306.0 618.1 323.0 447.6 629.2 215.0 298.4 217.2 276.9 529.7 305.8 591.4 107.9 504.6 252.2 274.6 349.1 377.3 535.7 279.4 319.1 440.7 373.6 754.6 508.3 645.5 524.2 236.1 121.6 397.3 548.2 53.1 410.3 590.5 186.3 670.3 542.2 518.2 554.5 593.3 719.5 401.8 444.3 138.8 299.2 253.8 552.8 538.3 536.9 73.5 555.2 300.2 608.2 360.2 647.2 315.9 202.7 636.0 557.6 246.8 81.7 353.7 448.0 599.6 232.3 255.1 544.3 296.9 256.4 261.5 631.9 281.8 521.9 634.4 575.7 244.7 714.9 577.3 379.6 337.4 564.0 343.9 496.0 514.7 407.8 697.3 320.4 549.3 235.6 211.8 255.7 322.2 325.0 348.8 0.0 63.0 196.4 113.3 367.4 267.4 330.0 428.1 120.1 276.1 494.1 546.6 562.9 62.0 258.1
781.0 407.9 281.4 405.2 105.2 469.3 97.9 273.9 555.0 259.9 398.3 611.4 197.2 280.6 199.4 259.1 466.6 288.0 528.3 34.9 491.0 202.9 256.8 286.0 328.0 472.6 261.6 256.0 377.6 363.9 762.5 445.2 627.7 505.8 218.3 114.6 400.4 485.1 48.1 347.2 597.7 168.5 652.5 480.0 455.1 536.7 530.2 727.4 334.4 446.9 121.0 281.4 236.0 489.7 475.2 473.8 68.5 492.1 250.9 590.4 342.4 584.1 252.8 184.9 618.2 494.5 197.5 12.1 290.6 384.9 581.8 202.7 237.3 481.2 279.8 230.0 212.2 614.1 256.8 458.8 616.6 582.8 226.9 729.5 559.5 342.1 319.6 571.1 294.6 478.2 496.9 371.8 705.2 257.3 486.2 217.8 194.0 206.4 289.3 319.2 331.0 84.8 0.0 178.6 110.4 363.9 249.6 312.2 378.8 50.5 238.2 447.4 528.8 500.2 57.0 240.3
695.3 337.7 211.2 289.7 256.3 372.7 248.3 191.6 484.8 191.7 336.4 514.8 16.5 101.9 104.8 120.5 396.4 124.4 458.1 247.4 394.4 141.0 76.1 217.8 266.1 402.4 80.9 185.8 307.4 267.3 620.6 368.3 531.1 414.7 121.7 199.2 278.5 414.9 227.9 277.0 476.2 71.9 555.9 409.8 384.9 440.1 460.0 605.1 272.5 329.4 172.0 112.8 135.6 419.5 405.0 403.6 248.3 421.9 187.1 493.8 245.8 513.9 182.6 6.3 521.6 424.3 135.6 224.6 220.4 316.7 485.2 117.9 56.6 411.0 101.8 168.1 150.3 517.5 167.4 388.6 520.0 461.3 130.3 609.2 464.9 224.6 225.0 449.6 232.7 381.6 400.3 309.9 584.9 184.6 416.0 121.2 36.3 144.5 207.8 210.6 234.4 238.4 212.4 0.0 211.0 267.3 143.5 133.5 316.9 240.4 163.3 377.2 432.2 432.0 236.8 143.7
744.9 395.0 266.0 348.2 117.9 433.2 110.6 252.1 542.1 247.0 393.7 575.3 161.1 244.5 163.3 223.0 453.7 267.0 515.4 141.4 450.7 198.3 220.7 273.1 323.4 459.7 225.5 243.1 364.7 327.8 681.1 425.6 591.6 470.3 182.2 66.5 343.4 472.2 92.2 334.3 536.7 132.4 616.4 466.2 442.2 500.6 517.3 665.6 329.8 389.9 84.9 249.9 199.9 476.8 462.3 460.9 112.6 479.2 246.3 554.3 306.3 571.2 239.9 148.8 582.1 481.6 192.9 120.8 277.7 372.0 545.7 178.4 201.2 468.3 243.0 225.4 207.6 578.0 227.9 445.9 580.5 521.8 190.8 667.7 523.4 325.7 283.5 510.1 290.0 442.1 460.8 367.2 643.4 241.9 473.3 181.7 157.9 201.8 268.3 271.1 294.9 102.7 102.1 142.5 0.0 327.8 213.5 276.1 374.2 104.7 222.2 434.5 492.7 487.3 101.1 204.2
833.3 247.9 128.4 129.2 437.8 229.2 421.9 93.6 395.0 149.2 288.9 365.4 287.6 289.6 160.6 199.8 306.6 312.1 368.3 428.7 250.9 187.3 233.2 120.1 231.3 312.6 264.7 207.7 217.6 27.2 477.1 272.6 387.6 271.2 192.2 380.7 125.9 325.1 409.4 169.2 326.8 191.5 412.4 320.0 295.1 296.6 322.4 461.6 263.9 176.8 354.5 214.4 182.6 316.2 315.2 313.8 429.8 332.1 116.7 344.4 49.8 424.1 152.9 299.4 378.1 328.6 192.9 405.9 130.5 224.9 341.7 232.8 258.6 307.7 226.4 225.1 155.4 374.0 137.8 285.8 376.5 317.8 193.2 457.8 313.5 72.0 130.2 306.1 315.6 238.1 256.8 260.9 433.5 145.5 326.2 213.9 296.4 172.9 120.5 107.4 118.3 419.9 393.7 303.5 386.6 0.0 178.5 300.1 194.6 416.0 151.6 287.4 288.7 340.2 418.3 183.3
784.2 276.0 122.1 191.6 326.1 242.6 318.8 88.0 423.1 98.0 346.2 384.7 109.5 111.5 51.8 30.9 334.7 118.9 396.4 323.3 260.1 107.5 61.0 154.1 288.6 340.7 92.5 174.5 245.7 163.1 510.1 313.3 401.0 279.7 83.4 272.9 186.8 353.2 300.4 226.5 346.0 82.7 425.8 347.2 323.2 310.0 335.8 475.0 337.2 186.5 244.5 31.7 7.8 329.6 343.3 341.9 320.8 360.2 83.5 363.7 149.7 402.4 125.6 121.3 391.5 362.6 113.1 297.1 125.0 253.0 355.1 124.0 80.5 321.1 50.9 126.7 122.2 387.4 63.8 298.7 389.9 331.2 92.0 470.4 332.8 169.1 92.9 319.5 305.2 251.5 270.2 343.2 452.8 112.3 354.3 105.1 124.2 139.7 111.7 114.5 104.3 310.9 284.9 127.4 287.6 156.9 0.0 122.0 257.8 312.9 73.0 299.1 302.1 367.9 309.3 79.4
788.5 390.2 230.9 300.4 346.8 351.4 339.5 202.2 503.2 212.2 429.6 493.5 75.2 43.9 166.0 94.6 448.9 38.9 476.5 344.0 368.9 221.7 50.2 268.3 359.3 454.9 56.8 279.0 359.9 271.9 618.9 427.5 509.8 388.5 197.6 293.6 295.6 433.3 321.1 335.3 454.8 165.1 534.6 461.4 437.4 418.8 444.6 583.8 383.8 295.3 265.2 89.2 107.7 438.4 423.4 456.1 341.5 474.4 197.7 472.5 258.5 511.2 239.8 87.0 500.3 476.8 227.3 317.8 239.2 367.2 463.9 211.1 46.2 429.9 74.6 238.4 236.4 496.2 178.0 408.0 498.7 440.0 206.2 579.2 441.6 277.9 201.7 428.3 325.9 360.3 379.0 389.8 561.6 226.5 468.5 214.4 89.9 237.7 220.5 223.3 213.1 331.6 305.6 93.1 308.3 265.7 115.6 0.0 366.6 333.6 187.2 413.3 410.9 448.0 330.0 193.6
862.4 182.5 147.0 202.4 395.0 296.5 387.7 168.7 329.6 134.9 120.6 438.6 349.4 351.4 222.4 267.5 241.2 358.8 302.9 395.8 314.0 251.2 300.9 142.1 30.7 247.2 332.4 136.7 186.8 200.0 544.4 213.1 454.9 333.0 254.0 340.6 193.2 259.7 369.3 108.9 400.0 253.3 479.7 253.7 229.7 363.9 287.1 528.9 69.2 244.6 314.4 271.6 244.4 280.9 249.8 248.4 389.7 266.7 191.8 417.6 178.5 353.7 144.1 361.2 445.4 269.1 256.8 373.0 149.2 194.1 409.0 294.6 320.4 272.4 288.2 240.3 178.5 441.3 199.6 250.5 443.8 385.1 257.1 531.0 386.7 139.3 197.5 373.4 115.0 305.4 324.1 66.2 506.7 167.2 260.8 275.7 364.1 196.0 139.1 116.4 185.6 379.8 360.8 365.3 352.4 200.0 240.3 361.9 0.0 381.8 215.5 222.0 356.0 274.8 378.2 247.2
767.4 417.5 288.5 370.7 57.3 455.7 47.3 274.6 564.6 269.5 416.2 597.8 183.6 267.0 185.8 245.5 476.2 289.5 537.9 36.6 473.2 220.8 243.2 295.6 345.9 482.2 248.0 265.6 387.2 350.3 723.2 448.1 614.1 497.7 204.7 89.0 361.5 494.7 96.5 356.8 559.2 154.9 638.9 488.7 464.7 523.1 539.8 688.1 352.3 412.4 107.4 272.4 222.4 499.3 484.8 483.4 116.9 501.7 268.8 576.8 328.8 593.7 262.4 171.3 604.6 504.1 215.4 72.4 300.2 394.5 568.2 200.9 223.7 490.8 265.5 225.0 230.1 600.5 250.4 468.9 603.0 544.3 213.3 690.2 545.9 307.6 306.0 532.6 312.5 464.6 483.3 389.7 665.9 264.4 495.8 204.2 180.4 224.3 290.8 293.6 317.4 107.0 85.4 165.0 77.8 336.0 236.0 298.6 396.7 0.0 244.7 457.0 515.2 509.8 105.4 226.7
787.7 248.7 106.7 176.2 307.2 271.9 297.2 60.7 395.8 69.1 333.3 412.4 163.7 167.3 53.7 80.8 305.8 189.8 369.1 305.3 293.6 34.4 115.2 125.2 275.7 313.4 146.7 137.8 218.4 157.4 519.8 277.7 428.7 313.9 48.9 251.3 168.6 325.9 280.0 213.6 373.8 86.2 453.5 320.8 295.9 339.3 371.0 504.3 312.4 219.5 223.9 109.3 59.3 330.5 316.0 314.6 299.2 331.3 56.2 393.0 135.9 424.9 98.3 177.1 420.8 333.7 40.0 282.5 96.1 224.1 384.4 109.6 136.3 320.4 103.1 76.5 76.7 416.7 18.5 298.0 419.2 360.5 40.3 504.8 360.5 114.7 148.2 347.2 272.6 280.8 299.5 309.6 480.5 85.0 327.0 62.5 178.4 70.9 98.8 101.6 161.0 289.3 270.3 181.2 261.9 157.4 72.9 177.8 243.3 291.3 0.0 288.2 329.8 339.4 288.9 30.4
813.8 39.1 196.4 290.7 472.2 198.4 464.9 251.4 130.7 212.1 289.7 340.5 340.0 423.4 297.7 324.8 19.1 445.9 104.0 473.0 215.9 302.6 399.6 147.1 248.7 25.1 404.4 213.9 147.7 336.0 465.9 35.0 356.8 234.9 317.1 417.8 285.9 60.8 446.5 219.6 301.9 326.6 381.6 32.5 7.6 265.8 120.0 430.8 287.2 240.1 391.6 402.6 301.7 133.9 50.6 26.3 466.9 44.6 250.0 319.5 314.5 159.8 221.3 327.7 347.3 47.0 305.0 450.2 226.4 153.0 310.9 372.6 380.1 142.4 344.8 317.5 255.7 343.2 277.6 127.8 345.7 287.0 308.5 432.9 288.6 289.6 275.0 275.3 333.0 207.3 226.0 284.2 408.6 244.4 38.7 330.7 336.8 273.2 206.8 211.6 263.1 457.0 438.0 321.4 429.6 336.0 371.3 455.0 217.9 459.0 268.1 0.0 257.9 75.9 455.4 298.6
813.1 240.4 328.2 255.1 507.6 59.4 500.3 299.3 294.6 354.9 425.1 82.5 339.3 446.8 361.8 366.7 265.8 469.3 267.9 504.8 41.9 393.0 396.3 313.7 384.1 250.3 427.8 349.3 283.1 292.3 188.3 229.2 98.8 17.5 393.4 453.2 250.3 224.7 481.9 356.9 90.9 325.9 123.6 242.9 255.3 7.8 236.0 172.8 422.6 204.5 426.0 369.4 343.6 229.8 214.8 273.0 502.3 291.3 322.4 61.5 278.9 302.6 364.5 327.0 89.3 261.5 398.6 478.6 336.2 288.4 52.9 371.9 379.4 221.3 386.7 430.8 361.1 85.2 343.5 198.9 87.7 29.1 398.9 174.9 30.6 236.0 239.4 41.6 468.4 50.6 31.9 419.6 150.6 351.2 269.8 375.2 336.1 378.6 317.8 295.1 227.5 492.4 466.4 320.7 465.0 300.4 335.7 457.3 353.3 494.4 357.3 247.6 0.0 239.8 490.8 389.0
821.2 91.9 249.2 282.9 527.7 190.6 517.7 327.1 54.7 264.9 342.5 332.7 347.4 430.8 389.6 394.5 56.2 453.3 28.0 512.9 208.1 420.8 424.1 199.9 301.5 40.7 411.8 266.7 200.5 320.1 458.1 44.9 349.0 227.1 383.8 471.8 278.1 15.0 499.3 272.4 294.1 334.0 373.8 34.2 68.2 258.0 112.2 423.0 340.0 231.8 444.4 394.8 371.4 57.9 24.9 53.2 519.7 53.2 350.2 311.7 306.7 83.8 274.1 335.1 339.5 22.5 426.4 486.7 279.2 205.8 303.1 380.0 387.5 66.4 414.5 347.4 308.5 335.4 371.3 88.8 337.9 279.2 392.4 425.1 280.8 263.8 267.2 267.5 385.8 199.5 218.2 337.0 400.8 297.2 30.8 383.3 344.2 326.0 259.6 322.9 255.3 509.8 474.5 328.8 482.4 328.2 363.5 485.1 270.7 511.8 386.3 70.0 250.1 0.0 508.2 416.8
799.0 445.0 316.0 402.3 136.5 487.3 126.5 306.2 592.1 297.0 435.4 629.4 215.2 298.6 217.4 277.1 503.7 321.1 565.4 81.9 504.8 240.0 274.8 323.1 365.1 509.7 279.6 293.1 414.7 381.9 780.0 482.3 645.7 529.3 236.3 120.6 393.1 522.2 8.8 384.3 634.8 186.5 670.5 516.2 492.2 554.7 567.3 764.5 371.5 444.0 139.0 304.0 254.0 526.8 512.3 510.9 11.4 529.2 288.0 608.4 360.4 621.2 289.9 202.9 636.2 531.6 234.6 55.7 327.7 422.0 599.8 232.5 255.3 518.3 297.1 267.1 249.3 632.1 282.0 496.4 634.6 619.9 244.9 766.6 577.5 339.2 337.6 608.2 331.7 496.2 514.9 408.9 742.3 294.4 523.3 235.8 212.0 243.5 326.4 325.2 349.0 83.8 37.0 196.6 109.4 381.9 267.6 330.2 415.9 94.1 275.3 484.5 546.8 537.3 0.0 258.3
763.2 270.2 130.7 199.3 305.1 293.4 297.8 82.2 417.3 92.2 354.8 435.5 180.1 182.1 30.8 97.2 328.9 189.5 390.6 302.3 310.9 55.4 131.6 148.3 317.6 334.9 163.1 158.8 239.9 170.8 560.9 307.5 451.8 330.5 62.4 251.9 194.5 347.4 279.4 235.1 396.8 61.7 476.6 341.4 317.4 360.8 392.5 525.8 342.1 241.5 223.5 119.5 74.1 352.0 337.5 336.1 299.8 354.4 77.7 414.5 157.4 446.4 119.8 191.9 442.3 356.8 61.0 276.1 119.2 247.2 405.9 103.0 151.1 343.5 117.2 74.6 97.7 438.2 40.0 321.6 440.7 382.0 61.3 521.2 383.6 176.8 157.7 370.3 284.2 302.3 321.0 348.1 503.6 106.5 348.5 83.5 194.8 91.9 120.3 123.1 169.1 289.9 263.9 198.0 266.6 164.6 87.7 192.6 266.4 291.9 21.4 293.3 352.9 362.1 288.3 0.0
