Name		1714_BED-Amazon_n87_m199_bt27
Number_of_Customers	87
Number_of_Items		199
Number_of_ItemTypes	27
Number_of_Vehicles	1
TimeWindows		0
Dist_type	manual

VEHICLE
Mass_Capacity	1693
CargoSpace_Length	160
CargoSpace_Width	70
CargoSpace_Height	72

CUSTOMERS
i	x	y	Demand	ReadyTime	DueDate	ServiceTime	DemandedMass	DemandedVolume
0	41.840375	-87.683736	0	0	0	0	0	0
1	41.920975	-87.714898	3	0	0	0	5.1	7794
2	41.916039	-87.705239	1	0	0	0	5.29	8075
3	41.913164	-87.706909	2	0	0	0	10.06	13860
4	41.912059	-87.706763	3	0	0	0	13.11	10944
5	41.921027	-87.710887	1	0	0	0	0.7	2640
6	41.911412	-87.706745	1	0	0	0	4.7	1380
7	41.915329	-87.70389	1	0	0	0	4.7	1380
8	41.919786	-87.710332	1	0	0	0	4.7	1380
9	41.912086	-87.704592	2	0	0	0	8.14	18480
10	41.910148	-87.70361	1	0	0	0	4.7	1380
11	41.919867	-87.713581	1	0	0	0	2.5	3978
12	41.917225	-87.702433	1	0	0	0	0.7	2640
13	41.919193	-87.707709	1	0	0	0	1.9	1176
14	41.920058	-87.714953	1	0	0	0	1.75	4608
15	41.911417	-87.704573	2	0	0	0	21.4	7780
16	41.909161	-87.710412	1	0	0	0	2.5	3978
17	41.919254	-87.706981	2	0	0	0	4.76	10152
18	41.911946	-87.707151	2	0	0	0	5.4	4020
19	41.920335	-87.709017	5	0	0	0	16.68	26652
20	41.916036	-87.703909	2	0	0	0	4.96	13080
21	41.918672	-87.708972	3	0	0	0	19.2	28076
22	41.919529	-87.708998	2	0	0	0	3.3	13040
23	41.921026	-87.710844	4	0	0	0	10.95	10980
24	41.911413	-87.702262	3	0	0	0	9.0	7878
25	41.918461	-87.708965	1	0	0	0	0.7	2640
26	41.919138	-87.714338	2	0	0	0	3.2	6618
27	41.915793	-87.706874	3	0	0	0	16.1	10136
28	41.919568	-87.705278	4	0	0	0	9.38	19520
29	41.919162	-87.712594	1	0	0	0	2.6	10400
30	41.913465	-87.703522	2	0	0	0	8.52	8980
31	41.920075	-87.71318	5	0	0	0	16.96	35676
32	41.913203	-87.705748	1	0	0	0	4.7	1380
33	41.914911	-87.702363	3	0	0	0	12.15	9516
34	41.918898	-87.713549	1	0	0	0	4.7	1380
35	41.917411	-87.705821	1	0	0	0	2.91	13520
36	41.920137	-87.710342	3	0	0	0	8.41	9564
37	41.911135	-87.702254	1	0	0	0	1.4	5280
38	41.916918	-87.705259	2	0	0	0	9.43	19368
39	41.915583	-87.706125	1	0	0	0	4.7	1380
40	41.91737	-87.70945	4	0	0	0	22.34	23964
41	41.910849	-87.702846	1	0	0	0	0.7	2640
42	41.912169	-87.704593	1	0	0	0	0.7	2640
43	41.914981	-87.706843	1	0	0	0	0.7	2640
44	41.918349	-87.707733	1	0	0	0	4.7	1380
45	41.912368	-87.703459	1	0	0	0	14.15	1000
46	41.91847	-87.710295	2	0	0	0	7.3	11780
47	41.920041	-87.707002	3	0	0	0	5.05	11064
48	41.913105	-87.704609	2	0	0	0	5.4	4020
49	41.918596	-87.705253	1	0	0	0	2.6	10400
50	41.921055	-87.70783	1	0	0	0	2.5	3978
51	41.91847	-87.711935	2	0	0	0	8.23	22979
52	41.914698	-87.703867	3	0	0	0	7.3	5196
53	41.919185	-87.710694	1	0	0	0	0.7	2640
54	41.918452	-87.703845	2	0	0	0	6.6	2556
55	41.920066	-87.714099	4	0	0	0	14.15	12638
56	41.912677	-87.706782	1	0	0	0	3.82	7600
57	41.921011	-87.711799	1	0	0	0	1.9	1176
58	41.915186	-87.708603	2	0	0	0	16.0	5316
59	41.910042	-87.712491	1	0	0	0	5.29	8075
60	41.92102	-87.711154	1	0	0	0	2.5	3978
61	41.919177	-87.711353	2	0	0	0	4.4	5154
62	41.920995	-87.712973	3	0	0	0	8.0	7836
63	41.91545	-87.702376	3	0	0	0	8.35	7164
64	41.916343	-87.708638	1	0	0	0	2.6	10400
65	41.915672	-87.704622	1	0	0	0	4.7	1380
66	41.918661	-87.706967	6	0	0	0	22.69	44446
67	41.912865	-87.70347	2	0	0	0	3.2	6618
68	41.920978	-87.714459	2	0	0	0	14.65	21240
69	41.92098	-87.714416	1	0	0	0	4.7	1380
70	41.91154	-87.705706	4	0	0	0	16.24	23352
71	41.914451	-87.70694	2	0	0	0	4.12	26420
72	41.911498	-87.705705	1	0	0	0	1.75	4608
73	41.914874	-87.706951	1	0	0	0	4.7	1380
74	41.914162	-87.70682	6	0	0	0	27.52	52462
75	41.921044	-87.708686	2	0	0	0	12.34	17664
76	41.911265	-87.703423	3	0	0	0	13.75	9628
77	41.917392	-87.707341	2	0	0	0	17.1	11258
78	41.911935	-87.708016	2	0	0	0	4.5	4992
79	41.920101	-87.703814	1	0	0	0	0.7	2640
80	41.916718	-87.703925	1	0	0	0	2.15	1080
81	41.914379	-87.705191	5	0	0	0	30.39	21751
82	41.920983	-87.714252	1	0	0	0	1.9	1176
83	41.920704	-87.710359	1	0	0	0	4.7	1380
84	41.918527	-87.706964	3	0	0	0	8.41	9564
85	41.920968	-87.7155	3	0	0	0	12.0	6576
86	41.921034	-87.710153	1	0	0	0	0.7	2640
87	41.920662	-87.70655	2	0	0	0	4.95	12384

ITEMS
Type	Length	Width	Height	Mass	Fragility	LoadBearingStrength
Bt1	10	10	10	14.15	1	0
Bt2	18	12	5	2.15	1	0
Bt3	21	14	4	1.9	1	0
Bt4	23	15	4	4.7	1	0
Bt5	20	18	7	1.8	1	0
Bt6	15	11	16	0.7	1	0
Bt7	20	14	13	7.3	1	0
Bt8	17	13	18	2.5	1	0
Bt9	24	12	16	1.75	1	0
Bt10	30	17	10	1.38	1	0
Bt11	28	22	9	3.01	1	0
Bt12	31	20	10	4.8	1	0
Bt13	40	19	10	3.82	1	0
Bt14	25	19	17	5.29	1	0
Bt15	40	23	10	4.56	1	0
Bt16	29	24	14	4.25	1	0
Bt17	40	20	13	2.6	1	0
Bt18	29	24	15	4.26	1	0
Bt19	26	20	24	5.36	1	0
Bt20	26	20	26	2.91	1	0
Bt21	27	23	24	2.94	1	0
Bt22	29	23	24	5.64	1	0
Bt23	39	27	16	7.63	1	0
Bt24	57	15	20	3.44	1	0
Bt25	33	20	28	5.25	1	0
Bt26	41	20	29	3.42	1	0
Bt27	58	40	11	12.6	1	0

DEMANDS PER CUSTOMER
i	Type Quantity
1	Bt3 1	Bt6 1	Bt8 1	
2	Bt14 1	
3	Bt4 1	Bt19 1	
4	Bt11 1	Bt4 2	Bt6 1	
5	Bt6 1	
6	Bt4 1	
7	Bt4 1	
8	Bt4 1	
9	Bt4 1	Bt24 1	
10	Bt4 1	
11	Bt8 1	
12	Bt6 1	
13	Bt3 1	
14	Bt9 1	
15	Bt4 3	Bt7 1	
16	Bt8 1	
17	Bt9 1	Bt11 1	
18	Bt4 1	Bt6 1	
19	Bt4 1	Bt6 1	Bt3 1	Bt23 1	Bt9 1	
20	Bt18 1	Bt6 1	
21	Bt4 1	Bt3 1	Bt27 1	
22	Bt6 1	Bt17 1	
23	Bt3 2	Bt4 1	Bt6 1	Bt9 1	
24	Bt8 1	Bt5 1	Bt4 1	
25	Bt6 1	
26	Bt6 1	Bt8 1	
27	Bt12 1	Bt4 2	Bt3 1	
28	Bt10 1	Bt6 1	Bt17 1	Bt4 1	
29	Bt17 1	
30	Bt4 1	Bt13 1	
31	Bt8 2	Bt3 1	Bt5 1	Bt11 1	Bt25 1	
32	Bt4 1	
33	Bt3 3	Bt9 1	Bt4 1	
34	Bt4 1	
35	Bt20 1	
36	Bt11 1	Bt4 1	Bt6 1	
37	Bt6 2	
38	Bt5 1	Bt23 1	
39	Bt4 1	
40	Bt4 3	Bt3 1	Bt22 1	Bt6 1	
41	Bt6 1	
42	Bt6 1	
43	Bt6 1	
44	Bt4 1	
45	Bt1 1	
46	Bt4 1	Bt17 1	
47	Bt9 1	Bt6 2	Bt3 1	
48	Bt4 1	Bt6 1	
49	Bt17 1	
50	Bt8 1	
51	Bt21 1	Bt14 1	
52	Bt6 1	Bt3 1	Bt4 1	
53	Bt6 1	
54	Bt4 1	Bt3 1	
55	Bt4 1	Bt12 1	Bt2 1	Bt8 1	
56	Bt13 1	
57	Bt3 1	
58	Bt4 3	Bt3 1	
59	Bt14 1	
60	Bt8 1	
61	Bt8 1	Bt3 1	
62	Bt4 1	Bt6 2	Bt3 1	
63	Bt3 1	Bt4 1	Bt9 1	
64	Bt17 1	
65	Bt4 1	
66	Bt6 1	Bt17 1	Bt23 1	Bt15 1	Bt8 1	Bt4 1	
67	Bt6 1	Bt8 1	
68	Bt25 1	Bt4 2	
69	Bt4 1	
70	Bt21 1	Bt4 2	Bt2 1	Bt9 1	
71	Bt26 1	Bt6 1	
72	Bt9 1	
73	Bt4 1	
74	Bt8 1	Bt20 1	Bt11 1	Bt5 1	Bt4 1	Bt27 1	
75	Bt4 2	Bt21 1	
76	Bt4 1	Bt7 1	Bt9 1	
77	Bt7 2	Bt8 1	
78	Bt6 1	Bt3 2	
79	Bt6 1	
80	Bt2 1	
81	Bt12 1	Bt4 3	Bt2 2	Bt14 1	Bt3 1	
82	Bt3 1	
83	Bt4 1	
84	Bt11 1	Bt6 1	Bt4 1	
85	Bt4 2	Bt3 1	Bt6 1	
86	Bt6 1	
87	Bt16 1	Bt6 1	

DISTANCE MATRIX
0.0 1790.0 1573.9 1518.0 1458.3 1689.8 1449.9 1647.4 1718.0 1453.7 1396.0 1700.5 1501.8 1627.5 1767.5 1437.8 1509.6 1576.8 1479.2 1645.0 1629.4 1612.6 1631.3 1689.0 1434.2 1608.2 1774.3 1514.5 1567.9 1705.1 1564.5 1735.5 1526.3 1561.7 1678.2 1569.1 1711.7 1440.0 1586.7 1516.6 1583.0 1481.9 1456.1 1500.4 1594.8 1590.3 1734.9 1591.8 1482.8 1547.8 1639.5 1668.5 1665.4 1708.5 1609.6 1752.6 1465.8 1705.7 1570.9 1509.8 1694.4 1698.2 1725.3 1546.2 1595.5 1496.2 1568.5 1578.6 1749.1 1748.4 1495.4 1530.1 1496.4 1586.4 1487.6 1649.6 1457.5 1555.6 1495.5 1611.9 1615.0 1543.0 1745.9 1700.7 1566.3 1767.8 1676.3 1618.2
1728.5 0.0 354.6 283.2 354.0 70.5 351.3 313.0 107.2 393.4 392.5 137.4 337.7 183.8 129.2 428.6 345.1 212.1 313.1 195.3 295.0 227.2 179.2 65.5 364.2 228.5 89.1 313.2 256.1 124.0 376.3 91.6 338.1 391.9 159.6 234.7 131.7 375.7 304.7 278.4 172.7 417.6 395.8 299.1 200.1 402.1 168.7 227.1 422.5 316.9 121.1 104.3 325.3 125.6 233.9 114.3 367.2 56.2 340.0 295.8 66.3 115.3 24.9 385.4 370.3 323.9 250.7 390.4 1.2 7.5 367.5 265.6 374.2 259.2 311.7 101.0 393.2 256.3 322.7 218.1 280.6 387.7 10.1 89.9 218.6 11.7 83.0 152.1
1566.4 309.1 0.0 131.9 273.5 238.2 200.0 110.0 266.4 231.3 230.4 229.6 102.1 167.0 272.8 272.2 363.7 116.3 161.8 174.1 92.0 141.7 160.4 237.4 207.8 137.3 303.4 161.9 100.3 234.2 188.6 241.1 186.8 162.0 207.3 56.5 260.1 213.6 17.6 98.3 112.1 255.5 233.7 147.8 134.3 214.4 240.5 131.3 260.4 80.2 195.2 174.1 128.0 214.1 142.0 257.9 281.0 236.5 261.3 267.9 242.8 203.8 269.0 146.5 285.9 95.1 108.0 202.7 282.5 281.8 268.0 114.3 269.0 107.9 166.1 205.3 231.1 84.7 178.1 171.6 77.6 205.9 279.3 249.1 105.8 301.2 224.7 157.7
1483.7 351.1 192.0 0.0 73.4 318.7 68.0 265.5 355.4 95.6 106.6 323.2 257.6 245.6 341.0 138.5 231.7 194.8 31.0 269.1 249.5 234.3 264.6 316.4 135.0 232.9 397.3 141.3 252.8 327.8 185.9 311.3 144.4 314.5 300.9 187.2 346.4 146.5 201.8 185.7 249.2 164.3 98.7 118.5 253.5 208.4 305.4 209.9 129.6 235.7 312.5 242.4 280.5 282.0 315.5 339.4 83.9 304.4 129.3 135.9 314.5 269.6 323.1 311.0 153.9 231.2 186.6 197.5 346.9 349.2 69.4 268.2 73.4 260.7 105.7 298.1 118.7 203.1 42.1 302.3 233.1 160.5 346.7 338.1 186.5 361.0 331.2 233.3
1590.1 336.3 115.5 59.6 0.0 247.6 215.6 189.0 275.8 162.0 194.8 256.8 181.1 169.1 300.0 236.6 343.9 118.3 148.4 203.7 171.0 168.9 196.2 246.8 175.0 164.5 330.6 64.8 179.3 261.4 106.1 268.3 67.9 240.1 234.5 110.7 269.8 180.8 128.3 68.6 139.3 207.3 165.1 42.0 136.4 131.9 267.7 133.4 196.0 159.2 197.3 201.3 207.0 241.3 239.0 293.5 7.4 263.5 246.7 262.5 252.2 228.9 283.1 225.5 271.3 114.1 110.1 121.0 306.9 306.2 120.8 71.7 121.8 128.0 29.2 210.4 156.3 111.9 162.5 225.8 156.6 87.0 303.7 258.5 108.5 325.6 234.1 159.8
1657.9 100.1 284.0 212.6 289.1 0.0 280.7 253.5 36.6 322.8 321.9 159.4 267.1 113.2 106.7 363.7 322.6 141.5 242.5 122.3 235.5 162.3 108.6 0.6 299.3 157.9 155.3 242.6 185.5 164.0 305.7 74.7 267.5 327.0 137.1 175.2 30.3 305.1 234.1 207.8 118.9 347.0 325.2 228.5 129.5 331.5 67.6 156.5 351.9 246.3 50.5 81.8 271.5 103.1 163.3 91.8 296.6 15.9 275.1 273.3 4.6 92.8 35.4 311.5 299.7 253.3 149.6 319.8 59.2 58.5 324.8 195.0 325.8 188.6 246.8 39.1 322.6 155.2 258.8 147.5 221.1 284.2 56.0 19.3 147.4 77.9 12.4 81.5
1508.1 344.7 123.9 68.0 8.3 256.0 0.0 197.4 284.2 69.3 129.3 265.2 189.5 177.5 308.4 171.1 225.9 126.8 29.2 209.7 179.4 177.3 196.0 255.2 111.0 172.9 339.0 64.5 187.7 269.8 114.5 276.7 76.3 249.4 242.9 119.1 277.9 116.8 136.7 77.0 147.7 137.3 71.7 50.4 144.8 140.3 276.1 141.8 98.4 167.6 205.7 209.7 215.4 249.7 250.0 293.5 15.8 271.9 128.7 187.1 260.6 239.4 291.5 233.9 153.3 122.5 118.5 128.6 315.3 314.6 45.4 80.1 46.4 136.4 37.6 215.8 90.8 120.3 45.5 234.2 165.0 93.0 312.1 266.9 116.3 334.0 242.5 168.2
1562.5 561.0 278.0 277.2 189.1 480.9 234.1 0.0 465.0 146.9 167.2 446.0 370.3 358.3 503.2 209.0 377.8 307.6 192.0 390.5 360.2 358.1 376.8 436.0 147.4 353.7 555.3 245.3 368.5 450.6 78.5 471.2 257.1 430.2 423.7 299.9 458.7 153.2 295.7 257.8 328.5 179.7 149.3 231.2 325.6 104.3 470.6 322.6 176.0 348.4 386.5 404.2 18.0 444.2 430.8 488.3 196.6 466.6 291.5 281.0 476.7 433.9 488.3 414.7 316.1 300.7 299.3 92.6 512.1 511.4 183.6 260.9 184.6 317.2 218.4 396.6 128.7 301.1 208.3 415.0 345.8 238.5 508.9 447.7 297.1 530.8 423.3 349.0
1686.3 249.9 273.9 202.5 269.0 149.7 270.6 216.8 0.0 312.0 309.2 172.5 208.9 76.5 215.7 413.8 331.8 104.8 232.4 85.6 198.8 152.2 71.9 148.9 353.7 147.8 246.3 232.5 263.4 177.1 295.4 184.0 257.4 268.8 150.2 138.5 171.6 359.5 224.0 182.9 82.2 380.0 314.4 218.4 119.4 321.2 30.9 119.8 341.1 187.0 128.4 117.0 234.8 157.0 241.2 200.8 276.5 165.6 238.4 272.4 154.3 146.7 185.2 253.3 263.0 228.4 139.5 309.5 209.0 208.3 288.1 184.9 289.1 178.5 236.7 117.0 333.5 145.1 228.1 225.4 184.4 274.1 205.8 160.6 137.3 227.7 136.2 159.4
1572.2 396.7 131.0 133.2 192.5 336.2 243.8 241.1 364.4 0.0 176.9 345.4 233.2 257.7 388.6 218.7 362.0 206.9 196.6 292.3 225.1 257.5 284.8 336.1 157.8 253.1 423.4 153.4 232.1 350.0 91.5 359.2 116.1 293.8 323.1 199.3 358.4 165.6 148.7 150.9 227.9 189.4 2.3 130.6 225.0 114.0 356.3 222.7 33.2 211.3 285.9 290.3 259.8 329.9 270.5 387.0 200.0 352.1 294.9 290.7 340.8 317.5 371.7 286.6 319.5 153.7 199.4 103.1 395.5 394.8 169.7 173.8 170.0 239.0 117.8 299.7 139.3 200.5 210.7 302.7 208.7 92.2 392.3 347.1 198.6 406.6 322.7 248.4
1386.8 408.9 188.7 134.9 75.2 343.9 66.8 264.3 380.6 57.6 0.0 348.4 256.4 244.4 366.2 41.7 210.5 193.7 120.7 276.6 246.3 244.2 262.9 344.6 117.3 239.8 403.2 131.4 254.6 353.0 145.9 334.2 143.2 316.3 326.1 186.0 374.3 123.1 203.6 143.9 214.6 97.6 60.0 117.3 211.7 171.7 333.6 208.7 86.7 234.5 272.6 267.2 282.3 307.2 316.9 351.3 82.7 329.6 174.8 113.7 339.7 296.9 351.3 300.8 199.4 189.4 185.4 160.0 375.1 374.4 112.3 147.0 113.3 203.3 104.5 282.7 97.1 187.2 112.9 301.1 231.9 149.2 371.9 363.3 183.2 393.8 309.4 235.1
1737.2 93.7 363.3 291.9 368.4 79.2 360.0 321.7 115.9 402.1 401.2 0.0 346.4 192.5 43.1 443.0 353.8 220.8 321.8 201.6 303.7 241.6 187.9 79.9 378.6 237.2 111.0 321.9 264.8 140.2 385.0 105.9 346.8 406.3 168.3 243.4 109.6 384.4 313.4 287.1 187.1 426.3 404.5 307.8 208.8 410.8 146.9 235.8 431.2 325.6 129.8 113.0 339.7 134.3 242.6 28.2 375.9 64.9 354.4 304.5 75.0 124.0 39.3 390.8 379.0 332.6 228.9 399.1 52.8 52.1 381.9 274.3 382.9 267.9 326.1 118.4 401.9 234.5 321.9 226.8 289.3 363.5 49.6 98.6 226.7 71.5 91.7 160.8
1558.9 599.4 316.4 315.6 227.5 519.3 263.2 416.6 503.4 185.3 196.3 484.4 0.0 396.7 541.6 238.1 406.9 346.0 230.4 428.9 398.6 396.5 415.2 474.4 143.8 392.1 593.7 283.7 354.0 489.0 138.0 509.6 295.5 59.8 462.1 338.3 497.1 149.6 334.1 109.7 366.9 189.2 187.7 269.6 364.0 163.8 509.0 361.0 214.4 333.9 424.9 442.6 434.6 482.6 469.2 526.7 235.0 505.0 329.9 310.1 515.1 472.3 526.7 44.3 354.5 89.3 337.7 152.1 550.5 549.8 222.0 299.3 223.0 355.6 256.8 435.0 185.1 339.5 246.7 205.0 384.2 276.9 547.3 486.1 335.5 569.2 461.7 387.4
1620.0 265.0 207.6 136.2 212.7 164.8 204.3 181.3 193.0 232.6 242.9 223.7 173.4 0.0 266.9 277.8 368.0 38.5 166.1 100.7 163.3 68.3 87.0 164.0 274.3 63.9 297.5 166.2 183.9 228.3 229.3 235.2 191.1 233.3 201.4 103.0 186.7 280.1 157.7 131.4 106.2 300.6 235.0 152.1 35.5 255.1 224.0 53.5 261.7 151.5 143.5 168.2 199.3 208.2 161.7 252.0 220.2 180.7 265.6 272.2 169.4 197.9 200.3 217.8 290.2 176.9 84.3 243.4 224.1 223.4 208.7 118.6 209.7 112.2 170.4 132.1 254.1 78.8 182.4 145.9 148.9 207.8 220.9 175.7 82.1 242.8 151.3 79.9
1792.1 78.0 379.7 308.3 384.8 179.1 376.4 309.7 215.8 417.8 415.0 110.4 301.8 182.3 0.0 471.9 365.8 210.6 338.2 191.4 291.7 258.0 177.7 179.8 407.5 253.6 67.8 338.3 364.7 97.0 388.3 173.3 363.2 361.7 180.3 231.4 209.5 413.3 329.8 303.5 175.1 455.2 420.2 324.2 225.2 414.1 154.7 225.6 446.9 279.9 229.7 125.0 327.7 128.3 342.5 138.7 392.3 164.8 362.2 316.5 174.9 118.0 139.2 346.2 386.8 349.0 245.3 402.4 115.4 116.1 393.9 290.7 394.9 284.3 342.5 218.3 439.3 204.0 333.9 326.7 277.3 379.9 118.6 198.5 243.1 97.4 191.6 260.7
1472.6 400.2 146.9 146.1 76.0 367.8 160.7 257.0 351.9 15.1 93.8 332.9 249.1 245.2 390.1 0.0 275.6 194.5 80.1 279.8 241.0 245.0 272.3 322.9 75.5 240.6 442.2 140.9 247.3 337.5 107.4 352.5 132.0 309.0 310.6 186.8 345.9 81.3 164.6 144.7 215.4 101.8 18.2 118.1 212.5 129.9 357.5 209.5 44.9 227.2 273.4 291.5 275.0 331.1 315.1 388.5 83.5 353.5 178.4 207.6 363.6 320.8 375.2 293.5 203.0 169.6 186.2 118.2 399.0 398.3 70.5 188.6 71.5 204.1 105.3 286.5 52.9 188.0 94.2 301.9 224.6 109.8 395.8 334.6 184.0 417.7 310.2 235.9
1475.7 415.0 248.3 192.4 132.7 350.0 124.3 321.8 386.7 191.5 140.7 354.5 313.9 301.9 372.3 175.6 0.0 251.2 158.2 376.4 303.8 301.7 362.7 350.7 235.4 297.3 409.3 188.9 312.1 359.1 238.9 340.3 200.7 373.8 332.2 243.5 380.4 241.2 261.1 201.4 283.5 231.5 193.9 174.8 269.2 264.7 339.7 266.2 220.6 292.0 330.1 273.3 339.8 313.3 374.4 357.4 140.2 335.7 203.8 119.8 345.8 303.0 357.4 358.3 228.4 246.9 242.9 253.0 381.2 380.5 169.8 204.5 170.8 335.2 162.0 340.2 215.2 280.6 141.9 358.6 289.4 217.4 378.0 369.4 240.7 399.9 362.5 292.6
1617.7 189.6 249.8 181.4 324.8 129.1 246.5 224.1 157.3 281.9 281.7 265.9 226.9 120.2 235.9 323.6 410.2 0.0 209.5 162.9 208.1 128.1 155.4 128.3 259.2 123.7 288.7 217.1 145.3 270.5 306.0 204.0 233.3 285.5 243.6 185.7 151.3 267.6 200.0 173.6 148.4 306.8 285.0 194.3 95.3 328.5 188.4 14.9 315.9 206.1 78.8 210.8 242.1 250.4 120.5 234.3 332.3 145.0 307.9 314.4 133.7 238.0 164.7 280.3 332.4 239.1 230.2 317.6 188.5 187.7 319.3 161.9 320.3 154.4 212.7 91.9 283.3 121.0 223.7 107.3 191.7 250.1 185.2 140.0 230.0 199.5 115.6 41.3
1472.9 321.2 140.1 87.2 24.5 288.8 57.2 213.6 325.5 66.8 127.5 293.3 205.7 193.7 311.1 169.3 220.9 142.9 0.0 241.0 197.6 206.2 234.7 288.3 109.2 203.0 367.4 89.4 203.9 297.9 159.1 281.4 92.5 265.6 271.0 135.3 318.3 117.7 152.9 93.2 221.1 135.5 69.9 66.6 161.0 181.6 277.3 159.2 100.8 183.8 221.9 212.5 232.8 252.1 263.6 309.5 32.0 274.5 98.2 125.1 284.6 239.7 295.0 251.3 124.0 138.7 134.7 170.7 320.0 319.3 43.6 97.4 44.6 230.8 53.8 267.0 89.9 176.2 14.0 250.4 181.2 109.2 316.8 308.2 134.6 331.1 301.3 184.4
1647.7 161.8 273.8 202.4 278.9 61.6 270.5 247.5 89.8 311.9 311.7 221.1 256.9 144.2 168.4 353.5 384.3 122.6 232.3 0.0 229.5 152.1 161.8 60.8 289.1 147.7 217.0 231.6 175.3 225.7 295.5 130.8 257.3 316.8 198.8 169.2 83.8 294.9 223.9 197.6 172.4 336.8 315.0 218.3 119.3 321.3 120.8 137.7 341.7 236.1 40.3 143.1 265.5 164.8 150.5 161.9 286.4 77.5 328.3 338.4 66.2 154.5 97.1 301.3 352.9 243.1 139.4 309.6 120.9 120.2 274.9 184.8 275.9 178.4 236.6 25.9 312.4 145.0 247.6 137.3 215.1 276.4 117.7 72.5 137.2 132.0 48.1 71.3
1580.5 531.3 296.0 298.2 205.1 498.9 252.1 17.9 483.0 164.2 185.2 464.0 388.3 376.3 521.2 225.0 395.8 325.5 211.2 408.9 0.0 376.1 403.4 452.0 163.4 371.7 577.5 272.0 384.5 468.6 99.8 491.5 275.1 448.2 441.7 317.9 475.0 173.9 313.7 52.2 344.5 197.7 167.3 249.2 343.6 122.3 488.6 338.6 198.2 366.4 404.5 422.6 33.9 462.2 446.2 519.6 214.6 484.6 307.5 299.0 494.7 449.8 504.3 441.7 334.1 31.8 317.3 111.4 528.1 529.4 199.6 280.0 202.6 335.2 234.4 417.6 147.6 317.1 225.3 193.1 363.8 258.9 526.9 465.7 317.2 541.2 441.3 365.0
1651.0 162.6 238.6 170.2 243.7 96.4 235.3 212.3 124.6 262.9 273.9 254.7 204.4 41.2 203.2 388.3 399.0 69.4 197.1 34.7 194.3 0.0 18.6 95.6 323.9 112.5 256.0 196.4 210.1 259.3 260.3 165.6 222.1 264.3 232.4 134.0 118.6 329.7 188.7 162.4 137.2 371.6 266.0 183.1 84.1 286.1 155.6 84.5 296.9 270.9 75.1 177.9 230.3 199.6 185.3 196.7 251.2 112.3 296.6 303.2 101.0 187.2 131.9 257.8 321.2 207.9 104.2 274.4 155.7 155.0 239.7 149.6 240.7 143.2 201.4 60.7 282.7 109.8 212.4 172.1 179.9 238.8 152.5 107.3 102.6 166.8 82.9 106.1
1663.8 138.2 289.9 221.5 295.0 77.7 286.6 263.6 105.9 328.0 327.8 237.2 273.0 160.3 184.5 369.6 400.4 138.7 249.6 7.4 247.6 168.2 0.0 76.9 296.6 163.8 237.3 257.2 191.4 241.8 314.9 154.8 273.4 324.3 214.9 185.3 99.9 313.7 240.0 213.7 188.5 352.9 331.1 234.4 135.4 337.4 136.9 145.2 362.0 252.2 56.4 159.2 281.6 180.9 166.6 169.4 302.5 93.6 344.4 354.5 82.3 168.5 104.6 326.4 369.0 259.2 146.9 326.5 128.4 136.3 291.0 202.0 292.0 194.5 252.7 33.4 329.4 152.5 255.1 153.4 231.2 290.1 133.8 88.6 155.4 148.1 64.2 78.8
1657.2 66.9 283.3 211.9 288.4 0.7 280.0 252.8 35.9 321.4 321.2 160.2 266.4 112.5 107.5 363.0 323.4 140.7 241.8 124.0 234.8 161.6 107.9 0.0 298.6 157.2 160.3 241.1 184.8 164.8 305.0 64.0 266.8 326.3 137.9 174.5 29.9 304.4 233.4 207.1 118.2 346.3 324.5 227.8 128.8 330.8 66.9 155.8 355.4 245.6 49.8 82.6 270.8 103.9 160.0 105.9 295.9 16.7 274.4 274.1 5.4 91.5 36.2 312.0 299.0 252.6 148.9 319.9 60.0 59.3 324.1 194.3 325.1 187.9 246.1 35.4 321.9 154.5 257.1 146.8 220.4 283.5 56.8 18.6 146.7 81.0 11.7 80.8
1419.2 428.8 241.2 187.4 127.7 396.4 119.3 316.8 433.1 109.4 52.4 400.9 308.9 296.9 418.7 94.2 263.0 246.2 173.2 331.5 298.8 296.7 315.4 397.1 0.0 292.3 459.9 192.6 307.1 405.5 201.7 386.7 195.7 368.8 378.6 238.5 427.1 8.5 256.1 196.4 267.1 45.3 112.5 169.8 264.2 224.2 386.1 261.2 139.2 287.0 325.1 320.1 334.8 359.7 369.4 417.1 135.2 382.1 227.3 166.2 392.2 347.3 403.8 353.3 251.9 241.9 237.9 212.5 427.6 426.9 164.8 200.6 165.8 255.8 157.0 338.2 147.2 239.7 166.4 353.6 284.4 201.7 424.4 415.8 235.7 448.6 361.9 287.6
1655.4 201.0 243.0 171.6 248.1 100.8 239.7 216.7 129.0 268.0 278.3 259.1 208.8 45.6 207.6 392.7 403.4 73.9 201.5 36.7 198.7 4.4 23.0 100.0 328.3 0.0 256.2 201.6 214.5 263.7 264.7 175.6 226.5 268.7 236.8 138.4 122.7 334.1 193.1 166.8 141.6 376.0 270.4 187.5 88.5 290.5 160.0 88.9 297.1 275.3 79.5 182.7 234.7 204.0 192.3 192.7 255.6 116.7 301.0 307.6 105.4 193.7 136.3 253.2 325.6 212.3 108.6 278.8 160.1 159.4 244.1 154.0 245.1 147.6 205.8 68.1 289.5 114.2 217.8 176.5 184.3 243.2 156.9 111.7 106.4 178.8 87.3 110.5
1724.2 96.6 311.8 243.4 312.7 121.8 308.5 265.8 158.5 349.2 347.1 42.5 257.9 114.4 85.7 451.7 297.9 142.6 271.5 121.7 249.8 185.9 118.4 122.5 387.4 185.7 0.0 279.1 297.1 29.1 336.8 107.7 295.3 313.6 112.4 187.5 148.3 400.1 257.7 235.6 131.2 417.9 352.3 256.3 157.3 359.3 82.6 153.5 379.0 236.0 166.3 56.7 283.8 60.4 276.5 84.1 324.4 107.5 290.1 248.6 117.6 48.0 77.7 311.3 318.9 281.1 177.4 348.4 91.2 94.7 321.8 223.9 327.0 216.4 274.6 147.7 372.3 178.8 267.0 263.3 233.4 312.0 92.2 141.2 177.3 106.5 134.3 193.1
1589.2 251.9 167.2 98.8 292.5 191.4 163.9 132.8 219.6 253.4 253.2 200.6 124.9 112.9 243.8 286.3 327.6 62.1 126.9 138.8 116.8 104.0 140.0 186.8 226.8 108.3 278.6 0.0 123.1 205.2 214.7 213.0 150.7 176.1 178.3 54.5 204.9 239.1 72.9 88.6 74.4 278.3 256.5 111.7 80.2 237.2 202.8 68.5 287.4 103.0 141.1 145.5 142.1 185.1 182.8 233.5 303.8 207.3 225.2 231.8 196.0 172.7 226.9 178.3 249.8 134.4 45.2 226.3 242.0 250.0 290.8 79.3 291.8 71.8 130.8 145.5 254.8 47.0 132.3 169.6 100.4 158.7 247.5 202.3 53.8 261.8 177.9 104.4
1590.0 322.3 386.0 261.6 297.1 256.1 320.9 196.4 284.3 254.2 254.0 331.1 199.2 261.4 374.3 295.8 464.6 210.7 300.0 278.0 178.4 243.2 261.9 255.3 231.4 238.8 404.9 352.5 0.0 335.7 275.0 325.3 365.1 259.1 308.8 158.0 278.3 237.2 283.1 231.8 213.6 279.1 257.3 339.2 259.4 300.8 315.3 225.7 288.2 178.4 205.8 275.6 214.4 315.6 92.8 359.2 304.6 272.0 399.5 367.8 260.7 303.2 291.6 243.6 424.1 211.4 202.4 289.1 315.4 314.7 291.6 244.0 292.6 237.6 326.4 218.9 254.7 186.2 315.3 53.4 164.0 346.5 312.2 267.0 200.8 326.5 242.6 221.4
1695.0 158.0 282.6 211.2 287.7 85.9 279.3 236.6 122.6 320.7 317.9 105.5 228.7 85.2 108.2 422.5 268.7 113.5 241.1 94.3 218.6 160.9 80.6 86.6 362.4 156.5 195.7 241.2 272.1 0.0 304.3 76.2 266.1 288.6 83.2 158.3 116.3 368.2 232.7 206.4 102.0 388.7 323.1 227.1 128.1 330.1 57.6 128.5 349.8 206.8 137.1 27.9 254.6 31.2 249.9 93.3 295.2 71.6 265.1 219.4 81.7 20.9 93.3 273.1 289.7 251.9 148.2 318.4 117.1 116.4 296.8 193.6 297.8 187.2 245.4 125.7 342.2 153.8 236.8 234.1 204.2 282.8 113.9 105.3 146.0 135.8 98.4 168.1
1485.4 434.7 199.4 201.6 107.2 402.3 155.5 299.6 386.4 67.6 88.6 367.4 291.7 279.7 424.6 130.4 299.2 228.9 114.6 314.3 283.6 276.2 306.8 354.1 88.3 275.1 480.9 175.4 289.9 372.0 0.0 394.9 178.5 348.3 345.1 221.3 380.4 96.8 217.1 179.2 249.9 114.5 70.7 152.6 247.0 25.7 392.0 240.7 101.6 269.8 307.9 326.0 314.3 365.6 349.6 423.0 118.0 388.0 209.6 202.4 398.1 353.2 406.4 345.1 237.5 222.1 220.7 14.9 433.5 432.8 101.7 183.4 106.0 238.6 136.5 321.0 47.7 222.5 128.7 336.4 267.2 162.3 430.3 369.1 220.6 444.6 344.7 267.1
1744.0 66.4 370.1 301.7 375.2 86.0 366.8 328.5 122.7 408.2 408.0 142.4 353.2 199.3 31.9 448.9 360.6 227.5 329.8 208.5 312.5 248.3 203.3 98.2 384.5 244.0 104.0 327.8 269.3 129.0 395.1 0.0 353.6 410.8 175.1 250.2 128.2 393.9 320.2 293.9 191.6 433.1 411.3 314.6 215.6 417.6 153.6 240.3 442.2 332.4 136.6 119.4 352.1 141.1 246.8 30.3 382.7 71.7 358.9 311.3 81.8 128.7 51.7 406.6 385.8 339.4 235.7 405.8 65.2 58.9 386.4 282.2 389.7 274.7 330.6 133.7 408.7 239.0 355.4 233.6 296.1 370.4 56.4 105.4 235.6 78.3 98.5 165.3
1533.5 448.2 191.9 136.0 76.3 368.1 147.6 265.4 352.2 94.7 154.7 333.2 257.5 245.5 390.4 196.5 275.9 194.8 79.2 277.7 247.4 245.3 264.0 323.2 136.4 240.9 442.5 132.5 255.7 337.8 182.5 358.4 0.0 317.4 310.9 187.1 345.9 142.2 204.7 145.0 215.7 162.7 97.1 118.4 212.8 208.3 357.8 209.8 123.8 235.6 273.7 291.4 283.4 331.4 318.0 375.5 83.8 353.8 178.7 194.5 363.9 321.1 375.5 301.9 203.3 190.5 186.5 196.6 399.3 398.6 52.8 148.1 53.8 204.4 105.6 283.8 116.2 188.3 95.5 302.2 233.0 163.4 396.1 334.9 184.3 418.0 310.5 236.2
1499.0 491.8 256.5 258.7 167.6 459.4 203.3 356.7 443.5 125.4 136.4 424.5 348.8 336.8 481.7 178.2 347.0 287.4 170.5 371.4 338.7 336.6 355.3 414.5 83.9 332.2 533.8 227.6 294.1 429.1 78.1 450.6 235.6 0.0 402.2 278.4 437.5 89.7 274.2 236.3 307.0 129.3 127.8 209.7 304.1 103.9 449.1 301.1 154.5 274.0 365.0 384.0 374.7 422.7 406.7 480.1 175.1 445.1 270.0 250.2 455.2 410.3 466.8 393.2 294.6 222.4 277.8 93.0 490.6 489.9 162.1 239.4 163.1 295.7 196.9 378.1 126.1 279.6 185.8 338.1 324.3 217.0 487.4 426.2 275.6 501.7 401.8 327.5
1721.9 116.0 309.5 238.1 314.6 101.5 306.2 263.5 138.2 347.6 344.8 22.2 255.6 112.1 65.4 449.4 295.6 140.4 268.0 121.2 245.5 187.8 107.5 102.2 400.9 183.4 133.3 268.1 287.1 26.8 331.2 128.2 293.0 315.5 0.0 185.2 131.9 406.7 259.6 233.3 128.9 415.6 350.0 254.0 155.0 357.0 84.5 155.4 376.7 233.7 152.1 54.8 281.5 58.1 264.9 50.5 322.1 87.2 292.0 246.3 97.3 47.8 61.6 300.0 316.6 278.8 175.1 345.3 75.1 74.4 323.7 220.5 324.7 214.1 272.3 140.7 369.1 180.7 263.7 249.1 231.1 309.7 71.9 120.9 172.9 93.8 114.0 183.1
1534.6 252.5 174.9 103.5 241.7 181.6 171.6 78.2 209.8 199.5 198.6 173.0 70.3 103.3 216.2 240.4 314.4 52.6 133.4 117.5 60.2 85.1 103.8 180.8 176.0 80.7 246.8 133.5 68.5 177.6 156.8 184.5 158.4 130.2 150.7 0.0 203.5 181.8 125.0 112.5 55.5 223.7 201.9 119.4 101.3 182.6 183.9 67.6 228.6 48.4 160.3 117.5 96.2 157.5 110.2 201.3 249.2 179.9 232.9 239.5 186.2 147.2 212.4 114.7 257.5 86.6 44.3 170.9 225.9 225.2 236.2 85.9 237.2 79.5 271.0 148.9 199.3 28.1 149.7 139.8 45.8 175.1 222.7 192.5 42.1 244.6 168.1 94.0
1692.3 216.2 279.9 211.5 275.0 155.7 276.6 222.8 6.0 318.0 315.2 178.5 214.9 82.5 221.7 419.8 337.8 110.7 239.6 94.0 204.8 158.2 77.9 154.9 359.7 153.8 256.5 237.7 269.4 183.1 304.7 192.3 263.4 274.8 156.2 144.5 0.0 365.5 230.0 188.9 88.2 386.0 320.4 224.4 125.4 327.2 36.9 125.8 347.1 193.0 134.4 123.0 240.8 163.0 247.2 206.6 282.5 171.6 244.4 278.4 160.3 152.7 191.2 259.3 269.0 234.4 145.5 315.5 215.0 214.3 294.1 192.0 295.1 184.5 242.7 120.0 337.1 151.1 235.1 231.4 190.4 280.1 211.8 166.6 143.3 321.9 142.2 165.4
1413.4 423.0 235.4 184.6 119.2 390.6 113.5 311.0 427.3 103.6 46.6 395.1 303.1 291.1 412.9 88.4 257.2 240.3 168.6 325.7 295.0 288.2 318.2 388.6 161.3 286.5 454.1 186.8 298.6 399.7 195.9 383.2 189.9 360.3 372.8 232.7 418.6 0.0 250.3 190.6 261.3 39.5 106.7 164.0 258.4 218.4 377.6 252.7 137.6 281.2 319.3 314.3 329.0 353.9 361.0 411.3 129.4 376.3 218.8 160.4 386.4 341.5 395.3 356.5 246.1 236.1 232.1 207.5 419.1 421.1 156.3 194.8 160.0 250.0 148.5 329.7 144.7 233.9 160.6 347.8 278.6 195.9 418.6 410.0 232.0 432.9 356.1 281.8
1548.7 266.0 344.7 145.4 255.8 220.5 279.6 92.3 248.7 212.9 212.7 211.9 84.4 142.2 255.1 254.5 423.3 91.4 258.7 158.8 74.3 124.0 142.7 219.7 190.1 119.6 289.9 312.0 82.6 216.5 170.9 224.3 323.8 144.3 189.6 38.8 242.7 195.9 0.0 119.7 94.4 237.8 216.0 297.9 140.2 196.7 222.8 106.5 242.7 62.5 199.2 156.8 110.3 196.4 121.7 240.0 263.3 218.8 358.2 326.5 225.1 184.0 251.3 128.8 382.8 77.4 83.2 185.0 264.8 264.1 250.3 124.8 251.3 118.4 285.1 184.8 211.0 67.0 274.0 153.9 59.9 305.2 261.6 231.4 81.6 283.5 207.0 132.9
1518.3 316.8 40.7 67.7 225.4 244.7 135.8 55.0 281.4 183.2 182.3 241.7 142.9 137.0 267.0 224.1 284.9 86.3 97.6 169.2 132.8 136.8 155.5 245.4 159.7 132.4 338.1 24.0 141.1 246.3 133.6 235.0 122.6 93.0 219.4 78.6 275.1 165.5 58.4 0.0 107.2 207.4 185.6 84.2 104.3 159.4 234.4 101.3 212.3 121.0 165.2 168.0 73.0 208.0 209.5 252.1 232.9 230.4 224.0 203.7 240.5 197.7 252.1 77.5 65.7 45.4 78.0 147.7 275.9 275.2 219.9 50.1 220.9 43.7 125.2 175.3 183.0 117.9 113.9 212.2 118.4 138.0 272.7 264.1 75.8 294.6 202.0 127.7
1590.9 196.9 178.8 107.4 183.9 138.6 175.5 134.5 175.3 203.8 254.9 117.4 126.6 93.8 160.6 296.7 258.8 81.9 137.3 87.3 116.5 52.5 71.2 139.3 232.3 48.1 191.2 136.6 124.8 122.0 213.1 129.8 162.3 186.5 95.1 56.2 169.3 238.1 128.9 102.6 0.0 280.0 206.2 123.3 68.7 238.9 128.3 96.9 232.9 104.7 127.7 61.9 152.5 101.9 166.5 145.5 191.4 124.3 236.8 243.4 134.4 89.5 156.8 171.0 261.4 148.1 73.6 227.2 170.3 169.6 179.9 89.8 180.9 83.4 141.6 113.3 255.6 28.8 152.6 196.1 102.1 179.0 167.1 158.0 71.4 191.3 151.1 123.3
1467.4 478.6 223.5 222.7 134.6 413.6 136.5 323.7 450.3 92.4 69.6 418.1 315.8 303.8 435.9 81.2 280.2 253.1 137.5 336.0 305.7 303.6 322.3 414.3 70.3 299.2 472.9 190.8 262.5 422.7 143.6 403.9 202.6 375.7 395.8 245.4 444.0 76.1 241.2 203.3 274.0 0.0 94.8 176.7 271.1 169.4 403.3 268.1 121.5 242.4 332.0 336.9 341.7 376.9 376.3 421.0 142.1 399.3 237.0 183.4 409.4 366.6 421.0 360.2 261.6 190.8 244.8 157.7 444.8 444.1 129.1 206.4 130.1 262.7 163.9 342.1 92.2 246.6 153.8 306.5 291.3 184.0 441.6 433.0 242.6 463.5 368.8 294.5
1569.8 422.5 128.6 127.8 190.1 333.8 241.4 238.7 362.0 154.2 174.5 343.0 230.8 255.3 386.2 216.3 359.6 204.6 193.0 287.5 220.7 255.1 273.8 333.0 154.7 250.7 416.8 142.3 229.0 347.6 85.8 354.5 113.7 290.7 320.7 196.9 355.7 160.5 146.3 148.5 225.5 187.0 0.0 128.2 222.6 111.6 353.9 219.6 26.7 208.9 283.5 287.5 256.7 327.5 270.7 371.3 197.6 349.7 292.5 288.3 338.4 317.2 369.3 275.2 317.1 151.3 196.3 99.9 393.1 392.4 166.6 170.3 167.6 236.6 115.4 293.6 136.0 198.1 209.3 300.3 206.3 89.1 389.9 344.7 194.1 411.8 320.3 246.0
1603.3 294.2 181.3 109.9 310.4 205.5 178.0 146.9 233.7 268.2 267.3 214.7 139.0 127.0 257.9 309.1 341.7 76.3 139.8 159.2 128.9 126.8 145.5 204.7 244.7 122.4 288.5 14.0 137.2 219.3 225.5 226.2 164.8 198.9 192.4 68.6 227.4 250.5 86.2 26.5 97.2 292.4 270.6 0.0 94.3 251.3 225.6 91.3 297.3 117.1 155.2 159.2 164.9 199.2 199.5 243.0 317.9 221.4 239.3 245.9 210.1 188.9 241.0 183.4 263.9 72.0 68.0 239.6 264.8 264.1 304.9 92.3 305.9 85.9 144.1 165.3 268.0 69.8 156.1 183.7 114.5 181.5 261.6 216.4 65.8 283.5 192.0 117.7
1605.7 229.4 193.3 121.9 198.4 129.2 190.0 167.0 157.4 218.3 228.6 209.4 159.1 37.0 236.0 263.5 353.7 49.2 151.8 65.1 149.0 32.7 51.4 128.4 260.0 28.3 283.2 151.9 194.6 214.0 215.0 204.0 176.8 219.0 187.1 88.7 151.1 265.8 143.4 117.1 91.9 286.3 220.7 137.8 0.0 240.8 188.4 64.2 247.4 137.2 107.9 153.9 185.0 193.9 172.4 221.1 205.9 145.1 251.3 257.9 133.8 183.6 164.7 203.5 275.9 162.6 40.9 229.1 188.5 187.8 194.4 104.3 195.4 97.9 156.1 96.5 239.8 64.5 168.1 156.6 134.6 195.9 185.3 140.1 38.7 207.2 115.7 90.6
1459.6 456.6 173.6 172.8 84.7 376.5 129.7 273.8 360.6 42.5 62.8 341.6 265.9 253.9 398.8 104.6 273.4 203.2 87.6 286.1 255.8 253.7 272.4 331.6 62.5 249.3 450.9 140.9 264.1 346.2 130.8 366.8 152.7 325.8 319.3 195.5 354.3 68.3 191.3 153.4 224.1 88.7 44.9 126.8 221.2 0.0 366.2 218.2 71.6 244.0 282.1 299.8 291.8 339.8 326.4 383.9 92.2 362.2 187.1 176.6 372.3 329.5 383.9 310.3 211.7 196.3 194.9 144.9 407.7 407.0 79.2 156.5 80.2 212.8 114.0 292.2 24.3 196.7 103.9 310.6 241.4 136.5 404.5 343.3 192.7 426.4 318.9 244.6
1686.4 201.3 230.1 161.7 238.0 162.7 270.7 185.8 199.4 280.3 295.0 141.5 177.9 180.0 184.7 382.8 300.8 133.2 212.2 191.5 169.8 103.8 184.0 163.4 322.7 99.4 219.5 192.5 176.1 146.1 264.4 153.1 213.6 237.8 119.2 107.5 193.4 328.5 180.2 151.9 51.2 349.0 283.4 174.6 120.0 290.2 0.0 148.2 314.3 156.0 213.3 86.4 203.8 126.0 217.8 169.6 245.5 148.4 207.4 241.4 158.5 113.6 180.9 231.3 232.0 197.4 124.9 278.5 194.4 193.7 257.1 141.1 258.1 134.7 267.3 198.9 300.1 80.1 198.1 247.4 153.4 230.3 191.2 182.1 122.7 205.5 175.2 244.3
1602.7 174.6 234.8 163.4 309.8 114.1 231.5 209.1 142.3 266.9 266.7 250.9 211.9 105.2 220.9 308.5 395.2 83.6 194.5 147.9 191.1 113.1 140.4 113.3 244.1 108.7 273.7 192.6 130.3 255.5 291.0 177.4 218.3 271.8 228.6 170.7 136.3 249.9 184.9 158.6 133.4 291.8 270.0 179.3 80.3 313.5 173.3 0.0 296.7 191.1 63.8 195.4 227.1 235.4 105.5 205.8 317.3 130.0 292.8 299.4 118.7 225.1 149.6 256.3 317.4 224.1 215.1 301.8 173.4 172.7 304.3 145.8 305.3 139.4 197.6 76.9 265.0 106.0 208.6 92.3 176.7 237.4 170.2 125.0 212.9 192.1 100.6 26.3
1543.1 367.6 101.9 104.1 163.4 307.1 214.7 212.0 335.3 126.8 147.8 316.3 204.1 228.6 359.5 185.4 332.9 177.8 167.5 259.0 196.0 224.2 255.7 306.3 128.0 224.0 390.1 124.3 198.1 320.9 62.4 330.1 87.0 259.8 294.0 170.2 329.3 136.5 115.4 121.8 194.6 160.3 129.9 101.5 195.9 84.9 323.0 192.9 0.0 182.2 256.8 261.2 225.8 300.8 241.4 357.9 170.9 323.0 265.8 261.6 311.7 288.4 338.4 257.5 290.4 124.6 169.6 74.0 362.2 365.7 135.7 144.7 140.9 209.9 88.7 265.7 110.2 171.4 177.4 273.6 179.6 64.8 363.2 318.0 169.5 377.5 293.6 219.3
1610.1 376.4 299.3 227.9 317.2 276.2 341.0 162.7 304.4 275.0 274.1 297.4 149.5 227.7 340.6 315.9 438.8 177.0 257.8 241.9 144.7 209.5 228.2 275.4 251.5 205.1 371.2 373.4 20.0 302.0 241.3 308.9 282.8 209.4 275.1 124.3 298.1 257.3 249.4 223.0 179.9 299.2 277.4 359.3 225.7 267.1 308.3 192.0 304.1 0.0 225.9 241.9 180.7 281.9 61.7 325.7 324.7 292.1 357.3 387.9 280.8 271.6 311.7 193.9 381.9 188.9 168.7 255.4 335.5 334.8 311.7 210.3 312.7 203.9 346.5 236.0 274.8 152.5 274.1 73.5 130.3 366.6 332.3 287.1 166.5 354.2 262.7 218.4
1607.3 150.4 233.4 162.0 238.5 50.2 230.1 207.1 78.4 272.2 271.3 209.7 216.5 103.8 157.0 313.1 393.8 82.3 191.9 144.1 189.1 111.7 130.4 49.4 248.7 107.3 205.6 192.0 134.9 214.3 255.1 125.0 216.9 276.4 187.4 128.8 72.1 254.5 183.5 157.2 132.0 296.4 274.6 177.9 78.9 280.9 109.4 97.3 301.3 195.7 0.0 132.1 225.1 153.4 112.7 142.1 246.0 66.1 291.4 298.0 54.8 143.1 85.7 260.9 316.0 202.7 99.0 269.2 109.5 108.8 234.5 144.4 235.5 138.0 196.2 10.0 272.0 104.6 208.2 96.9 174.7 233.6 106.3 61.1 96.8 128.2 36.7 30.9
1683.1 109.0 291.3 222.9 250.1 76.6 288.0 208.6 113.3 292.0 295.5 77.5 200.7 93.9 98.9 394.5 240.7 122.1 223.9 105.4 192.6 169.6 97.9 76.9 334.8 165.2 171.9 258.6 261.8 82.1 290.5 69.2 274.8 259.7 55.2 130.3 107.3 342.9 241.4 180.2 74.0 360.7 295.1 235.8 136.8 313.0 65.9 136.8 326.0 178.8 127.2 0.0 226.6 39.9 237.4 97.3 257.2 62.3 230.5 191.4 72.4 27.5 83.6 254.1 255.1 225.7 147.7 302.1 107.4 107.1 268.8 203.4 269.8 195.9 279.4 112.8 315.1 102.9 209.8 224.2 176.2 291.5 104.6 96.0 147.6 118.9 89.1 157.8
1544.5 495.3 260.0 259.2 171.1 462.9 216.1 360.2 447.0 128.9 149.2 428.0 352.3 340.3 485.2 191.0 359.8 289.6 174.0 374.9 344.2 340.1 358.8 418.0 129.4 335.7 537.3 226.5 350.5 432.6 60.5 453.3 239.1 412.2 405.7 281.9 441.0 137.9 277.7 239.8 310.5 161.7 131.3 213.2 307.6 86.3 452.6 304.6 162.2 330.4 368.5 386.2 0.0 426.2 410.2 470.3 178.6 448.6 273.5 263.0 458.7 413.8 470.3 396.7 298.1 282.7 281.3 74.6 494.1 493.4 165.6 242.9 166.6 299.2 200.4 381.6 108.3 283.1 189.3 397.0 327.8 220.5 490.9 429.7 279.7 512.8 405.3 331.0
1663.7 227.3 251.3 179.9 256.4 127.1 248.0 212.2 155.3 307.4 286.6 167.9 204.3 53.9 211.1 409.2 327.2 82.2 209.8 63.0 194.2 129.6 49.3 126.3 349.1 125.2 241.7 209.9 240.8 172.5 273.0 179.4 234.8 264.2 145.6 133.9 149.0 354.9 201.4 175.1 77.6 375.4 309.8 195.8 96.8 298.8 26.3 97.2 336.5 182.4 105.8 112.4 230.2 0.0 218.6 196.2 263.9 143.0 233.8 267.8 131.7 142.1 162.6 248.7 258.4 220.6 116.9 287.1 186.4 185.7 283.5 162.3 284.5 155.9 214.1 94.4 328.9 122.5 223.5 202.8 179.8 251.5 183.2 138.0 114.7 205.1 113.6 136.8
1552.0 289.7 237.5 169.1 259.1 244.2 234.2 100.9 272.4 216.2 216.0 235.6 87.7 165.9 278.8 257.8 377.0 115.1 197.2 182.5 84.9 147.7 175.0 243.4 193.4 143.3 313.6 204.8 105.6 240.2 182.8 249.4 221.0 147.6 213.3 62.5 266.4 201.9 187.6 161.2 120.7 241.1 219.3 182.0 163.9 205.3 249.1 130.2 250.2 82.9 222.9 180.5 121.5 220.1 0.0 277.2 266.6 242.5 298.1 302.1 248.8 207.7 275.0 141.1 320.1 127.1 109.5 194.4 288.5 287.8 256.2 149.6 254.6 142.1 288.4 208.5 217.6 90.7 211.3 156.0 68.5 237.7 285.3 255.1 106.8 299.6 230.7 156.6
1807.0 129.1 394.6 326.2 386.4 194.0 391.3 324.6 230.7 432.0 429.9 125.3 316.7 197.2 14.9 473.5 380.7 225.4 354.3 195.4 308.6 259.6 192.8 186.3 422.4 268.5 86.9 348.6 379.8 111.9 406.5 190.5 378.1 376.6 195.2 246.3 224.9 430.9 344.9 318.4 190.0 470.1 435.1 339.1 240.1 429.0 161.2 227.2 466.0 294.8 244.6 139.5 342.6 143.2 354.8 0.0 407.2 179.7 377.3 331.4 189.8 130.8 154.1 370.1 401.7 363.9 260.4 418.1 121.9 131.0 395.5 306.7 409.8 299.2 357.4 230.4 455.1 205.6 336.5 341.6 292.2 395.0 133.5 213.4 260.1 119.2 206.5 275.6
1582.6 328.8 108.0 52.1 136.8 240.1 208.1 181.5 268.3 155.2 187.3 249.3 173.6 161.6 292.5 229.1 336.4 110.9 139.7 193.8 163.5 161.4 180.1 239.3 167.5 157.0 323.1 48.6 171.8 253.9 98.6 260.8 60.4 233.5 227.0 103.2 262.0 173.3 120.8 61.1 131.8 199.8 157.6 34.5 128.9 124.4 260.2 125.9 184.3 151.7 189.8 193.8 199.5 233.8 234.1 277.6 0.0 256.0 239.2 255.0 244.7 223.5 275.6 218.0 263.8 106.6 102.6 112.7 299.4 298.7 113.3 64.2 114.3 120.5 21.7 199.9 148.8 104.4 156.0 218.3 149.1 77.1 296.2 251.0 100.4 318.1 226.6 152.3
1672.2 84.2 298.3 226.9 303.4 14.3 295.0 267.8 50.9 337.1 336.2 143.5 281.4 127.5 90.8 378.0 306.7 155.8 256.8 136.6 249.8 176.6 122.9 14.9 313.6 172.2 139.4 256.9 199.8 148.1 320.0 58.8 281.8 341.3 121.2 189.5 44.6 319.4 248.4 222.1 133.2 361.3 339.5 242.8 143.8 345.8 81.9 170.8 366.2 260.6 64.8 65.9 285.8 87.2 177.6 75.9 310.9 0.0 289.4 257.4 10.1 76.9 19.5 325.8 314.0 267.6 163.9 334.1 43.3 42.6 339.1 209.3 340.1 202.9 261.1 53.4 336.9 169.5 273.1 161.8 235.4 300.9 40.1 33.6 161.7 62.0 26.7 95.8
1638.8 275.3 226.7 155.3 231.8 204.4 223.4 182.4 232.6 251.7 302.8 195.8 174.5 149.2 239.0 344.6 387.1 129.8 185.2 142.7 164.4 107.9 126.6 203.6 280.2 103.5 273.8 194.0 172.7 200.4 264.3 195.8 210.2 234.4 173.5 104.1 226.6 288.7 176.8 56.3 78.3 327.9 254.1 171.2 124.1 286.8 206.7 144.8 280.8 152.6 183.1 140.7 200.4 180.3 211.8 224.1 239.3 202.7 0.0 291.3 209.0 170.0 235.2 227.9 24.5 101.8 121.5 275.9 248.7 248.0 227.8 137.7 228.8 131.3 189.5 168.7 301.1 76.7 200.5 244.0 150.0 226.9 245.5 215.3 119.3 259.8 190.9 171.2
1505.4 295.1 244.9 189.0 129.3 272.3 120.9 318.4 309.0 169.3 118.5 260.6 310.5 298.5 303.8 153.4 81.7 247.8 161.4 298.7 300.4 258.4 285.0 273.0 270.7 254.0 289.4 185.5 308.7 265.2 235.5 262.6 197.3 370.4 238.3 240.1 302.7 276.5 257.7 198.0 205.8 209.3 171.7 171.4 265.8 261.3 262.0 262.8 198.4 288.6 322.9 195.6 336.4 235.6 371.0 288.9 136.8 258.0 225.0 0.0 268.1 225.3 300.0 354.9 249.6 243.5 239.5 249.6 313.5 312.8 205.1 201.1 206.1 289.3 158.6 311.5 250.5 234.7 145.1 355.2 286.0 214.0 310.3 291.7 237.3 314.5 284.8 289.2
1662.1 95.5 288.2 216.8 293.3 4.2 284.9 257.7 40.8 327.0 326.1 154.8 271.3 117.4 102.1 367.9 318.0 145.7 246.7 126.5 239.7 166.5 112.8 4.8 303.5 162.1 150.7 246.8 189.7 159.4 309.9 70.1 271.7 331.2 132.5 179.4 34.5 309.3 238.3 212.0 123.1 351.2 329.4 232.7 133.7 335.7 71.8 160.7 356.1 250.5 54.7 77.2 275.7 98.5 167.5 87.2 300.8 11.3 279.3 268.7 0.0 88.2 30.8 315.7 303.9 257.5 153.8 324.0 54.6 53.9 329.0 199.2 330.0 192.8 251.0 43.3 326.8 159.4 263.0 151.7 225.3 290.8 51.4 23.5 151.6 73.3 16.6 85.7
1674.0 197.9 261.6 193.2 266.7 137.4 258.3 222.5 165.6 317.0 296.9 178.2 214.6 64.2 221.4 419.5 337.5 92.4 221.3 75.7 206.5 139.9 68.2 136.6 361.5 135.5 256.2 228.9 251.1 182.8 286.6 192.0 245.1 274.5 155.9 144.2 159.6 367.9 211.7 185.4 90.0 385.7 320.1 206.1 107.1 309.1 36.6 107.5 351.0 192.7 116.1 123.1 240.5 10.3 226.3 219.8 274.2 153.3 244.1 278.1 142.0 0.0 172.9 268.0 268.7 230.9 129.3 298.2 196.7 196.0 293.8 173.7 294.8 166.2 224.4 101.7 340.1 132.8 234.8 213.1 190.1 261.8 193.5 148.3 127.1 207.8 123.9 147.1
1697.8 64.6 323.9 258.4 329.0 39.8 320.6 282.3 76.5 362.7 361.8 151.2 307.0 153.1 98.5 403.6 314.4 181.4 282.4 164.6 264.3 202.2 148.5 40.5 339.2 197.8 119.8 291.2 225.4 149.0 345.6 60.9 307.4 366.9 128.9 204.0 70.5 347.7 274.0 247.7 147.7 386.9 365.1 268.4 169.4 371.4 107.5 196.4 391.8 286.2 90.4 73.2 300.3 94.9 200.6 96.9 336.5 25.5 315.0 265.1 35.6 82.5 0.0 352.6 339.6 293.2 189.5 359.7 23.7 23.0 342.5 234.9 343.5 228.5 286.7 76.0 360.1 195.1 297.7 187.4 249.9 324.1 20.5 59.2 187.9 34.8 52.3 121.4
1513.3 511.8 270.8 270.0 174.1 473.7 217.6 371.0 457.8 139.7 150.7 438.8 363.1 351.1 496.0 192.5 361.3 300.4 186.0 386.9 353.0 352.1 369.6 428.8 98.2 346.5 548.1 238.1 300.6 443.4 92.4 464.0 249.9 6.4 416.5 292.7 453.0 104.0 288.5 250.6 322.5 143.6 142.1 224.0 318.4 118.2 464.6 307.6 168.8 288.3 379.3 397.0 389.0 437.0 423.6 481.1 189.4 459.4 276.5 264.5 469.5 426.7 481.1 0.0 308.9 236.7 293.3 106.5 504.9 504.2 168.6 253.7 177.4 310.0 203.4 384.6 138.3 293.9 192.3 352.4 338.6 225.9 501.7 440.5 290.5 523.6 416.1 341.8
1614.2 250.7 202.1 130.7 207.2 179.8 198.8 157.8 208.0 227.1 278.2 171.2 149.9 124.6 214.4 320.0 362.5 105.2 160.6 115.7 139.8 83.3 102.0 179.0 255.6 78.9 245.0 160.7 148.1 175.8 236.4 182.7 185.6 209.8 148.9 79.5 201.7 261.4 152.2 125.9 53.7 303.3 229.5 146.6 99.5 262.2 182.1 120.2 256.2 128.0 158.5 115.7 175.8 155.7 189.8 199.5 214.7 178.1 260.1 266.7 184.4 145.4 210.6 194.3 0.0 171.4 96.9 250.5 224.1 223.4 203.2 113.1 204.2 106.7 164.9 147.1 278.9 52.1 176.9 219.4 125.4 204.7 220.9 190.7 94.7 242.8 166.3 146.6
1506.5 350.9 32.1 101.8 213.6 278.8 237.4 43.2 315.5 171.4 170.5 275.8 120.0 171.1 301.1 212.3 319.0 120.4 131.7 203.3 92.9 170.9 189.6 279.5 147.9 166.5 372.2 58.1 132.2 280.4 121.8 269.1 156.7 81.2 253.5 112.7 309.2 153.7 49.8 34.0 141.3 195.6 173.8 118.6 138.4 147.6 268.5 135.4 200.5 112.1 199.3 202.1 61.2 242.1 173.9 286.2 221.1 264.5 258.1 237.8 274.6 231.8 286.2 65.7 99.8 0.0 112.1 135.9 310.0 309.3 208.1 84.2 209.1 77.8 159.3 209.4 171.2 152.0 148.0 200.4 78.5 174.8 306.8 298.2 109.9 328.7 236.1 161.8
1626.0 197.9 258.1 186.7 333.1 137.4 254.8 232.4 165.6 290.9 290.0 274.2 235.2 128.5 244.2 331.8 418.5 8.1 217.8 171.2 214.4 136.4 163.7 136.6 267.4 132.0 297.0 225.4 153.6 278.8 314.3 212.2 241.6 295.1 251.9 194.0 159.6 275.9 208.2 181.9 156.7 315.1 293.3 202.6 103.6 336.8 196.6 23.2 320.0 214.4 87.1 218.7 250.4 258.7 131.4 229.1 340.6 153.3 316.1 322.7 142.0 248.4 172.9 280.8 340.7 247.4 0.0 325.9 196.7 196.0 327.6 170.2 328.6 162.7 220.9 100.2 288.3 129.3 231.9 115.6 200.0 260.7 193.5 148.3 236.8 323.4 123.9 49.6
1471.3 420.6 185.3 187.5 96.4 388.2 141.4 285.5 372.3 53.5 74.5 353.3 277.6 265.6 410.5 115.5 285.1 214.8 100.5 297.8 269.5 264.6 292.7 342.5 73.4 261.0 466.8 151.8 275.0 357.9 145.8 378.6 164.4 337.5 331.0 207.2 366.3 82.7 202.2 165.1 235.8 100.4 56.6 138.5 232.9 11.6 377.9 229.1 87.5 255.7 293.8 311.9 302.7 351.5 335.5 408.9 103.9 373.9 198.0 188.3 384.0 339.1 394.8 331.0 223.4 208.0 205.8 0.0 418.6 418.7 90.1 169.3 91.9 224.5 124.9 306.9 36.9 208.4 113.8 322.3 253.1 145.8 416.2 355.0 206.5 430.5 330.6 256.3
1721.6 40.8 347.7 276.3 352.8 63.6 344.4 306.1 100.3 385.8 385.6 138.6 330.8 176.9 122.3 427.4 338.2 205.1 306.2 188.4 288.1 226.0 180.9 64.3 363.0 221.6 96.0 305.5 249.2 125.2 369.4 90.4 331.2 390.7 152.7 227.8 94.3 368.8 297.8 271.5 171.5 410.7 388.9 292.2 193.2 395.2 131.3 220.2 419.8 310.0 114.2 97.4 324.1 118.7 224.4 107.4 360.3 49.3 338.8 288.9 59.4 106.3 23.7 376.4 363.4 317.0 213.3 384.3 0.0 0.6 366.3 258.7 367.3 252.3 310.5 99.8 386.3 218.9 321.5 211.2 273.7 347.9 3.2 83.0 211.1 18.6 76.1 145.2
1720.9 41.5 347.0 275.6 352.1 62.9 343.7 305.4 99.6 385.8 384.9 139.3 330.1 176.2 121.6 426.7 337.5 204.5 305.5 185.3 287.4 225.3 171.6 63.6 362.3 220.9 96.7 305.6 248.5 125.9 368.7 89.6 330.5 390.0 152.0 227.1 93.3 368.1 297.1 270.8 170.8 410.0 388.2 291.5 192.5 394.5 130.6 219.5 414.9 309.3 113.5 96.7 323.4 118.0 226.3 106.7 359.6 48.6 338.1 288.2 58.7 107.7 23.0 374.5 362.7 316.3 212.6 382.8 0.6 0.0 365.6 258.0 366.6 251.6 309.8 102.1 385.6 218.2 305.6 210.5 273.0 347.2 2.5 82.3 210.4 19.3 75.4 144.5
1463.7 436.8 218.7 162.8 103.1 371.8 94.7 292.2 408.5 163.4 76.8 376.3 284.3 272.3 394.1 111.7 238.4 221.6 155.9 306.9 274.2 272.1 290.8 372.5 205.8 267.7 431.1 163.1 282.5 380.9 209.3 348.3 171.1 344.2 354.0 213.9 402.5 211.6 231.5 171.8 242.5 232.1 166.5 145.2 239.6 235.1 361.5 236.6 193.2 262.4 300.5 295.5 310.2 335.1 342.2 387.6 110.6 357.5 202.7 141.6 367.6 322.7 379.2 328.7 227.3 217.3 213.3 224.2 403.0 402.3 0.0 174.9 1.0 231.2 132.4 313.6 183.2 215.1 141.8 329.0 259.8 187.8 399.8 391.2 211.1 421.7 337.3 263.0
1501.3 368.7 128.6 20.5 92.9 336.3 85.6 238.7 373.0 113.2 124.2 340.8 230.8 191.6 358.6 158.0 249.3 140.8 48.6 289.7 222.7 253.8 282.2 337.0 154.5 250.5 414.9 87.3 227.9 345.4 113.9 328.9 72.4 290.7 318.5 133.2 365.9 164.1 145.2 91.1 269.8 181.9 116.3 64.5 158.9 136.4 324.9 154.8 147.2 208.9 219.8 260.0 256.7 299.6 261.5 357.0 101.5 322.0 145.8 153.5 332.1 287.2 342.6 284.2 171.5 151.3 132.6 125.5 366.4 366.8 88.9 0.0 91.0 278.3 50.6 314.6 136.3 222.6 61.6 248.3 206.3 89.1 364.3 355.7 132.5 378.6 348.8 181.2
1462.7 435.8 217.7 161.8 102.1 370.8 93.7 291.2 407.5 163.1 75.8 375.3 283.3 271.3 393.1 110.7 237.4 220.6 156.1 303.5 273.2 271.1 289.8 371.5 204.8 266.7 430.1 158.3 281.5 379.9 208.3 361.1 170.1 343.2 353.0 212.9 401.2 210.6 230.5 170.8 241.5 231.1 165.5 144.2 238.6 234.1 360.5 235.6 192.2 261.4 299.5 294.1 309.2 334.1 343.8 378.2 109.6 356.5 201.7 140.6 366.6 323.8 378.2 327.7 226.3 216.3 212.3 222.4 402.0 401.3 139.2 173.9 0.0 230.2 131.4 309.6 184.6 214.1 139.8 328.0 258.8 186.8 398.8 390.2 210.1 420.7 336.3 262.0
1507.7 422.8 95.3 23.9 100.4 342.7 92.0 205.4 379.4 120.3 130.6 347.2 197.5 166.9 365.0 165.5 255.7 116.2 53.8 199.1 187.4 166.7 185.4 343.4 162.0 162.3 417.1 53.9 195.7 351.8 117.0 333.0 78.8 257.4 324.9 108.5 373.1 167.8 113.0 92.8 137.1 188.3 122.7 39.8 134.2 142.8 332.4 131.2 149.4 175.6 195.1 266.0 223.4 306.0 237.4 350.1 107.9 328.4 153.3 159.9 338.5 295.7 350.1 241.9 177.9 118.0 107.9 131.1 373.9 373.2 96.4 6.3 97.4 0.0 58.1 205.2 141.8 230.1 70.1 267.0 173.0 97.9 370.7 362.1 105.7 392.6 355.2 157.6
1616.1 307.0 86.2 60.0 136.5 218.3 128.1 159.7 246.5 280.3 280.1 227.5 151.8 139.8 270.7 321.9 291.8 89.1 89.9 174.4 141.7 139.6 166.9 217.5 257.5 135.2 305.5 26.8 150.0 232.1 241.6 227.5 114.9 211.7 205.2 81.4 240.5 266.0 99.0 39.3 110.0 305.2 283.4 12.7 107.1 264.1 238.4 104.1 314.3 129.9 168.0 172.4 177.7 212.0 212.3 255.8 144.0 234.2 189.4 196.0 222.9 201.7 253.8 196.2 214.0 84.8 80.8 252.4 277.6 276.9 132.5 42.4 133.5 98.7 0.0 181.1 281.7 82.6 105.2 196.5 127.3 134.0 274.4 229.2 78.6 288.7 204.8 130.5
1621.7 97.6 247.8 176.4 252.9 37.1 244.5 221.5 65.3 285.9 285.7 196.6 230.9 118.2 143.9 327.5 359.8 96.7 206.3 153.4 203.5 126.1 137.3 36.3 263.1 121.7 192.5 205.6 149.3 201.2 272.8 100.4 231.3 290.8 174.3 143.2 59.3 268.9 197.9 171.6 146.4 310.8 289.0 192.3 93.3 295.3 96.3 111.7 315.7 210.1 14.3 118.6 239.5 140.3 124.5 128.8 260.4 53.0 303.8 312.4 41.7 127.9 72.6 275.3 328.4 217.1 113.4 283.6 96.4 95.7 248.9 158.8 249.9 152.4 210.6 0.0 284.0 119.0 221.6 111.3 189.1 248.0 93.2 48.0 111.8 107.5 23.6 45.3
1431.0 420.5 227.2 175.8 113.7 382.4 105.3 302.8 419.1 98.5 38.4 386.9 294.9 282.9 404.7 79.3 249.0 234.6 161.6 317.5 287.2 281.8 303.8 385.5 158.2 278.3 444.1 172.3 292.2 391.5 186.8 372.7 181.7 353.9 364.6 224.5 412.2 164.0 241.2 182.4 255.5 64.3 98.5 155.8 250.2 210.2 371.2 246.3 127.6 273.0 311.1 308.1 320.8 345.7 357.8 392.2 121.2 368.1 212.4 152.2 378.2 337.8 388.9 341.7 237.9 227.9 226.3 200.9 416.0 412.9 149.9 187.9 151.8 241.8 142.1 324.2 0.0 224.8 152.4 339.6 270.4 190.1 410.4 401.8 222.9 434.7 347.9 272.7
1562.0 224.3 149.9 81.5 155.0 153.4 146.6 105.6 181.6 174.2 226.0 144.8 97.7 98.2 188.0 267.8 310.3 52.9 108.4 91.7 89.6 56.9 75.6 152.6 203.4 52.5 218.6 107.7 95.9 149.4 184.2 144.8 133.4 157.6 122.5 27.3 175.6 209.2 100.0 73.7 27.3 251.1 177.3 94.4 73.1 210.0 155.7 68.0 208.2 75.8 132.1 89.7 123.6 129.3 137.6 172.9 162.5 151.7 207.9 214.5 158.0 116.9 184.2 142.1 232.5 119.2 44.7 198.3 197.7 197.0 151.0 60.9 152.0 54.5 112.7 117.7 224.3 0.0 123.7 167.2 73.2 152.5 194.5 164.3 42.5 288.2 139.9 94.4
1488.2 353.6 155.4 99.5 39.8 273.5 72.5 266.6 310.2 82.1 142.8 278.0 258.7 209.0 295.8 184.6 181.3 158.2 15.2 226.9 248.6 192.1 219.4 274.2 124.5 187.7 352.1 96.0 256.9 282.6 171.1 258.2 107.8 318.6 255.7 188.3 304.2 130.3 168.2 140.5 207.0 150.8 85.2 81.9 208.3 196.9 263.2 173.3 116.1 236.8 267.3 196.8 284.6 236.8 281.5 280.9 47.3 259.2 84.1 139.9 269.3 224.4 280.9 303.1 108.7 186.0 150.0 186.0 304.7 304.0 58.9 221.9 59.9 215.5 69.1 252.9 101.9 160.9 0.0 265.7 234.2 124.5 301.5 292.9 147.8 417.5 286.0 199.7
1628.3 363.3 207.0 214.3 335.4 246.4 359.2 191.6 274.6 293.2 292.3 283.8 135.9 214.1 327.0 334.1 425.2 163.4 244.2 228.3 173.6 195.9 214.6 245.6 269.7 191.5 357.6 233.0 70.3 288.4 270.2 295.3 269.2 205.0 261.5 110.7 268.3 275.5 224.7 208.9 166.3 317.4 295.6 293.5 212.1 296.0 294.7 132.2 322.3 131.1 196.1 228.3 209.6 268.3 48.1 312.1 342.9 290.7 343.7 350.3 251.0 258.0 323.2 189.5 274.7 188.5 155.1 284.3 336.7 336.0 329.9 196.7 330.9 190.3 334.2 206.2 293.0 138.9 260.5 0.0 159.2 347.3 333.5 257.3 152.9 355.4 232.9 158.6
1594.9 593.4 310.4 309.6 221.5 513.3 266.5 32.3 497.4 179.3 199.6 478.4 402.7 390.7 535.6 241.4 410.2 340.0 224.4 422.9 14.3 390.5 409.2 468.4 179.8 386.1 587.7 277.7 400.9 483.0 110.9 503.6 289.5 462.6 456.1 332.3 491.1 185.6 328.1 66.6 360.9 212.1 181.7 263.6 358.0 136.7 503.0 355.0 208.4 380.8 418.9 436.6 50.3 476.6 463.2 520.7 229.0 499.0 323.9 313.4 509.1 466.3 520.7 447.1 348.5 46.2 331.7 125.0 544.5 543.8 216.0 293.3 217.0 349.6 250.8 429.0 161.1 333.5 240.7 207.5 0.0 270.9 541.3 480.1 329.5 563.2 455.7 381.4
1603.5 320.8 37.0 96.3 172.8 272.6 164.4 147.1 300.8 267.7 267.5 266.7 139.2 194.1 312.3 309.3 328.1 143.3 128.6 213.6 129.1 178.8 199.9 271.8 247.3 174.4 340.5 80.3 139.8 271.3 225.7 280.5 153.6 201.5 244.4 135.7 294.8 255.8 54.7 56.9 151.6 292.6 270.8 67.0 161.4 251.5 277.6 160.8 297.5 117.3 224.7 211.2 165.1 253.6 176.5 297.2 180.3 273.6 225.7 232.3 277.2 238.8 306.1 192.6 250.3 59.7 135.1 239.8 322.0 321.3 168.8 78.7 169.8 145.0 130.5 235.4 268.2 124.2 141.5 208.7 114.7 0.0 318.8 283.5 132.9 410.1 259.1 187.2
1718.4 44.0 344.5 273.1 349.6 60.4 341.2 302.9 97.1 383.3 382.4 141.8 327.6 173.7 119.1 424.2 335.0 202.0 303.0 182.8 284.9 222.8 169.1 61.1 359.8 218.4 99.2 303.1 246.0 128.4 366.2 87.1 328.0 387.5 149.5 224.6 90.8 365.6 294.6 268.3 168.3 407.5 385.7 289.0 190.0 392.0 128.1 217.0 412.4 306.8 111.0 94.2 320.9 115.5 223.8 104.2 357.1 46.1 335.6 285.7 56.2 105.2 20.5 372.0 360.2 313.8 210.1 380.3 3.2 2.5 363.1 255.5 364.1 249.1 307.3 99.6 383.1 215.7 303.1 208.0 270.5 344.7 0.0 79.8 207.9 21.8 72.9 142.0
1703.6 267.2 291.2 219.8 286.3 167.0 287.9 234.1 17.2 329.3 326.5 189.8 226.2 93.8 233.0 431.1 349.1 122.1 249.7 102.9 216.1 169.5 89.2 166.2 371.0 165.1 263.6 249.8 280.7 194.4 312.7 201.3 274.7 286.1 167.5 155.8 10.9 376.8 241.3 200.2 99.5 397.3 331.7 235.7 136.7 338.5 48.2 137.1 358.4 204.3 145.7 134.3 252.1 174.3 258.5 218.1 293.8 182.9 255.7 289.7 171.6 164.0 202.5 270.6 280.3 245.7 156.8 326.8 226.3 225.6 305.4 202.2 306.4 195.8 254.0 134.3 350.8 162.4 245.4 242.7 201.7 293.8 223.1 0.0 154.6 245.0 153.5 176.7
1627.6 205.2 259.7 188.3 333.2 139.0 256.4 234.0 167.2 292.5 291.6 275.8 236.8 130.1 245.8 331.9 420.1 9.8 218.2 173.4 216.0 136.5 156.7 136.7 267.5 133.6 294.4 218.3 155.2 280.4 312.6 213.8 243.2 297.3 253.5 195.6 161.8 274.8 208.3 183.5 158.3 316.7 294.9 204.2 105.2 338.4 196.7 23.3 321.6 216.0 88.7 220.3 252.6 260.3 133.0 230.9 342.2 154.9 316.2 324.3 143.6 248.5 173.0 282.4 342.3 249.0 1.6 326.7 196.8 197.6 327.7 170.7 330.2 164.3 223.1 100.3 291.7 129.4 232.0 117.2 201.6 258.6 195.1 149.9 0.0 217.0 125.5 51.2
1739.6 16.7 365.7 297.3 388.2 81.6 362.4 319.8 118.3 403.8 403.6 120.5 348.8 192.4 140.3 462.8 356.2 220.6 325.4 199.5 301.2 261.4 196.4 82.3 398.4 239.6 82.1 333.0 260.3 107.1 390.7 110.6 349.2 371.2 170.7 241.5 129.7 389.5 317.9 289.5 185.2 428.7 406.9 310.2 211.2 413.2 164.2 231.3 437.8 328.0 132.2 115.0 335.2 138.4 242.4 138.7 378.3 67.3 356.8 306.9 77.4 128.1 34.8 395.3 381.4 335.0 248.7 402.3 11.0 18.6 384.3 277.8 385.3 270.3 321.6 135.2 405.2 230.0 356.9 229.2 287.4 385.7 21.1 101.0 231.2 0.0 94.1 156.3
1645.4 113.6 271.5 200.1 276.6 13.4 268.2 245.2 41.6 310.3 309.4 172.9 254.6 118.2 120.2 351.2 336.1 146.5 230.0 127.3 227.2 149.8 113.6 12.6 286.8 145.4 168.8 230.1 173.0 177.5 293.2 88.2 255.0 314.5 150.6 166.9 35.3 292.6 221.6 195.3 123.9 334.5 312.7 216.0 117.0 319.0 72.6 161.5 339.4 233.8 38.0 95.3 263.2 116.6 150.8 105.3 284.1 29.3 280.1 286.8 18.0 106.3 48.9 299.0 304.7 240.8 137.1 307.3 72.7 72.0 272.6 182.5 273.6 176.1 234.3 26.6 310.1 142.7 246.3 135.0 212.8 271.7 69.5 24.3 134.9 91.4 0.0 69.0
1576.3 302.9 372.3 250.9 283.4 242.4 307.2 182.7 270.6 240.5 240.3 317.4 185.5 247.7 360.6 282.1 450.9 196.9 286.3 264.3 164.7 229.5 248.2 241.6 217.7 225.1 395.4 338.8 103.9 322.0 264.6 305.7 351.4 245.4 295.1 144.3 264.6 226.2 269.4 218.1 199.9 265.4 243.6 325.5 245.7 287.1 301.6 212.0 274.5 164.7 192.1 261.9 200.7 301.9 81.7 345.7 290.9 258.3 385.8 354.1 247.0 289.5 277.9 229.9 410.4 197.7 188.7 275.4 301.7 301.0 277.9 230.3 278.9 223.9 312.7 205.2 241.0 172.5 301.6 65.9 150.3 332.8 298.5 253.3 186.5 320.4 228.9 0.0
