Name		1749_BED-Amazon_n117_m268_bt30
Number_of_Customers	117
Number_of_Items		268
Number_of_ItemTypes	30
Number_of_Vehicles	1
TimeWindows		0
Dist_type	manual

VEHICLE
Mass_Capacity	1693
CargoSpace_Length	160
CargoSpace_Width	70
CargoSpace_Height	72

CUSTOMERS
i	x	y	Demand	ReadyTime	DueDate	ServiceTime	DemandedMass	DemandedVolume
0	33.688122	-117.847178	0	0	0	0	0	0
1	33.72658	-118.004541	1	0	0	0	4.7	1380
2	33.720232	-118.012759	1	0	0	0	2.94	14904
3	33.72742	-118.000239	1	0	0	0	3.82	8580
4	33.726906	-118.014855	3	0	0	0	7.3	5196
5	33.726069	-118.010287	2	0	0	0	6.45	5988
6	33.723684	-118.005651	1	0	0	0	4.8	6200
7	33.71952	-118.008898	1	0	0	0	4.7	1380
8	33.72232	-118.009617	1	0	0	0	3.82	7600
9	33.732226	-117.995447	1	0	0	0	0.7	2640
10	33.719499	-118.010568	1	0	0	0	2.5	3978
11	33.726546	-118.005281	2	0	0	0	8.52	8980
12	33.727904	-117.995153	1	0	0	0	0.7	2640
13	33.721462	-118.012768	1	0	0	0	4.7	1380
14	33.721381	-118.005694	7	0	0	0	82.98	76188
15	33.728212	-117.99893	1	0	0	0	2.91	13520
16	33.729149	-118.009174	1	0	0	0	2.91	13520
17	33.723955	-118.008714	3	0	0	0	7.02	14218
18	33.727039	-117.995187	2	0	0	0	2.6	3816
19	33.720152	-118.005555	2	0	0	0	4.96	13080
20	33.72677	-118.011457	2	0	0	0	17.3	26900
21	33.728424	-118.012687	3	0	0	0	7.3	5196
22	33.725116	-118.005345	1	0	0	0	4.7	1380
23	33.728657	-118.010133	4	0	0	0	8.95	11148
24	33.72756	-118.011821	2	0	0	0	7.71	6924
25	33.727969	-118.010984	2	0	0	0	3.3	13040
26	33.720306	-118.00888	2	0	0	0	11.55	3840
27	33.72178	-118.010592	3	0	0	0	10.6	16680
28	33.724154	-118.012808	1	0	0	0	0.7	2640
29	33.72075	-118.009689	1	0	0	0	4.7	1380
30	33.72328	-118.007764	1	0	0	0	2.1	9633
31	33.72745	-118.000237	1	0	0	0	0.7	2640
32	33.720045	-118.006073	2	0	0	0	4.95	12384
33	33.723687	-118.004829	3	0	0	0	14.5	12886
34	33.733431	-117.99318	1	0	0	0	1.9	1176
35	33.727898	-117.995636	1	0	0	0	4.7	1380
36	33.729745	-118.006471	4	0	0	0	31.59	13148
37	33.72763	-117.99737	5	0	0	0	29.88	50464
38	33.726066	-118.010578	2	0	0	0	3.3	6456
39	33.724661	-118.013663	1	0	0	0	5.29	8075
40	33.717969	-118.008306	2	0	0	0	8.62	13800
41	33.727866	-117.994639	1	0	0	0	2.1	7920
42	33.723689	-118.004691	1	0	0	0	4.7	1380
43	33.718737	-118.00799	3	0	0	0	10.27	14568
44	33.726099	-118.007319	1	0	0	0	2.5	3978
45	33.729527	-118.012935	1	0	0	0	7.3	3640
46	33.728394	-118.010987	1	0	0	0	0.7	2640
47	33.728315	-117.98939	1	0	0	0	0.7	2640
48	33.725796	-118.007877	1	0	0	0	4.7	1380
49	33.728811	-118.014396	2	0	0	0	4.76	10152
50	33.731655	-118.010735	5	0	0	0	20.12	47221
51	33.723959	-118.012329	1	0	0	0	0.7	2640
52	33.720364	-118.012371	5	0	0	0	13.88	24624
53	33.724658	-118.014664	1	0	0	0	3.82	7600
54	33.727482	-117.995953	1	0	0	0	3.01	5544
55	33.727035	-117.996001	5	0	0	0	15.23	18244
56	33.719209	-118.006248	1	0	0	0	1.9	1176
57	33.720692	-118.011904	2	0	0	0	3.9	5688
58	33.7244	-118.005663	1	0	0	0	1.75	4608
59	33.728302	-118.000237	1	0	0	0	4.7	1380
60	33.727893	-117.996032	1	0	0	0	1.75	4608
61	33.720095	-118.008879	2	0	0	0	4.25	8586
62	33.720949	-118.00729	1	0	0	0	0.7	2640
63	33.730067	-118.007056	2	0	0	0	15.5	9420
64	33.727493	-118.00822	1	0	0	0	2.15	1080
65	33.72541	-118.007309	1	0	0	0	4.7	1380
66	33.7275	-118.007436	3	0	0	0	7.89	11891
67	33.718061	-118.011274	1	0	0	0	0.7	2640
68	33.721381	-118.006282	1	0	0	0	0.7	2640
69	33.718447	-118.012729	2	0	0	0	6.6	2556
70	33.722318	-118.010396	1	0	0	0	5.29	8075
71	33.722422	-118.00804	1	0	0	0	2.6	10400
72	33.719695	-118.005033	1	0	0	0	4.7	1380
73	33.720341	-118.005039	1	0	0	0	7.3	3640
74	33.725323	-118.014825	1	0	0	0	7.3	3640
75	33.73096	-117.990694	2	0	0	0	37.1	25500
76	33.73132	-117.993178	6	0	0	0	38.08	41830
77	33.724663	-118.010706	3	0	0	0	9.9	20578
78	33.725381	-118.007921	3	0	0	0	10.91	19800
79	33.724188	-118.004508	1	0	0	0	7.3	3640
80	33.728833	-118.01354	1	0	0	0	2.91	13520
81	33.720989	-118.008891	1	0	0	0	4.25	18850
82	33.731281	-118.010723	1	0	0	0	3.01	5544
83	33.727742	-117.991639	2	0	0	0	8.52	8980
84	33.728137	-117.991641	1	0	0	0	4.7	1380
85	33.724711	-118.000581	3	0	0	0	11.4	8756
86	33.720415	-118.004515	2	0	0	0	7.71	6924
87	33.727969	-118.005537	3	0	0	0	7.9	7998
88	33.72953	-118.012217	1	0	0	0	0.7	2640
89	33.731042	-118.006805	1	0	0	0	1.9	1176
90	33.727719	-117.99019	2	0	0	0	7.0	23088
91	33.726795	-118.007098	1	0	0	0	1.8	2520
92	33.727031	-117.996746	2	0	0	0	3.2	6618
93	33.728522	-118.013535	1	0	0	0	1.75	4608
94	33.726869	-118.01181	2	0	0	0	11.12	12220
95	33.729523	-118.013617	1	0	0	0	1.4	5280
96	33.7244	-118.0064	1	0	0	0	1.4	5280
97	33.735189	-117.994394	2	0	0	0	11.15	7368
98	33.718837	-118.006955	1	0	0	0	15.14	56240
99	33.72582	-118.006076	2	0	0	0	9.8	7618
100	33.719519	-118.00951	2	0	0	0	3.71	8184
101	33.72395	-118.01397	2	0	0	0	12.41	8304
102	33.723281	-118.008197	2	0	0	0	14.2	8960
103	33.7245	-118.012812	1	0	0	0	2.6	10400
104	33.72167	-118.007561	3	0	0	0	11.15	17881
105	33.728949	-117.990191	2	0	0	0	9.99	9455
106	33.722318	-118.010096	1	0	0	0	2.5	3978
107	33.732937	-118.0003	2	0	0	0	7.15	19656
108	33.730832	-118.010711	1	0	0	0	0.7	2640
109	33.728209	-117.999687	2	0	0	0	3.2	6618
110	33.729869	-118.00192	8	0	0	0	25.21	42654
111	33.729028	-118.011844	2	0	0	0	4.4	5154
112	33.728715	-118.005636	1	0	0	0	2.15	1080
113	33.719519	-118.009984	1	0	0	0	2.15	1080
114	33.725369	-118.011081	4	0	0	0	15.22	17336
115	33.718827	-118.00519	2	0	0	0	6.55	10808
116	33.725103	-118.004918	2	0	0	0	3.7	3696
117	33.719939	-118.004514	1	0	0	0	1.8	2520

ITEMS
Type	Length	Width	Height	Mass	Fragility	LoadBearingStrength
Bt1	10	10	10	14.15	1	0
Bt2	18	12	5	2.15	1	0
Bt3	21	14	4	1.9	1	0
Bt4	23	15	4	4.7	1	0
Bt5	20	18	7	1.8	1	0
Bt6	15	11	16	0.7	1	0
Bt7	34	10	10	1.59	1	0
Bt8	20	14	13	7.3	1	0
Bt9	17	13	18	2.5	1	0
Bt10	24	12	16	1.75	1	0
Bt11	28	22	9	3.01	1	0
Bt12	31	20	10	4.8	1	0
Bt13	29	16	14	1.9	1	0
Bt14	40	19	10	3.82	1	0
Bt15	23	19	18	2.5	1	0
Bt16	25	19	17	5.29	1	0
Bt17	22	15	26	3.816	1	0
Bt18	28	18	18	2.75	1	0
Bt19	39	19	13	2.1	1	0
Bt20	29	24	14	4.25	1	0
Bt21	50	20	10	4.73	1	0
Bt22	40	20	13	2.6	1	0
Bt23	29	24	15	4.26	1	0
Bt24	26	20	26	2.91	1	0
Bt25	27	23	24	2.94	1	0
Bt26	39	27	16	7.63	1	0
Bt27	33	20	28	5.25	1	0
Bt28	58	25	13	4.25	1	0
Bt29	58	40	11	12.6	1	0
Bt30	38	37	20	7.568	1	0

DEMANDS PER CUSTOMER
i	Type Quantity
1	Bt4 1	
2	Bt25 1	
3	Bt17 1	
4	Bt4 1	Bt6 1	Bt3 1	
5	Bt4 1	Bt10 1	
6	Bt12 1	
7	Bt4 1	
8	Bt14 1	
9	Bt6 1	
10	Bt9 1	
11	Bt14 1	Bt4 1	
12	Bt6 1	
13	Bt4 1	
14	Bt22 1	Bt4 9	Bt10 3	Bt26 1	Bt6 2	Bt13 1	Bt8 3	
15	Bt24 1	
16	Bt24 1	
17	Bt6 1	Bt9 1	Bt14 1	
18	Bt3 1	Bt6 1	
19	Bt23 1	Bt6 1	
20	Bt29 1	Bt4 1	
21	Bt4 1	Bt6 1	Bt3 1	
22	Bt4 1	
23	Bt6 1	Bt5 1	Bt10 1	Bt4 1	
24	Bt11 1	Bt4 1	
25	Bt22 1	Bt6 1	
26	Bt2 1	Bt4 2	
27	Bt22 1	Bt6 1	Bt8 1	
28	Bt6 1	
29	Bt4 1	
30	Bt19 1	
31	Bt6 1	
32	Bt20 1	Bt6 1	
33	Bt4 1	Bt8 1	Bt15 1	
34	Bt3 1	
35	Bt4 1	
36	Bt4 3	Bt7 1	Bt1 1	Bt10 1	
37	Bt30 1	Bt11 1	Bt4 2	Bt8 1	Bt22 1	
38	Bt3 1	Bt6 2	
39	Bt16 1	
40	Bt12 1	Bt14 1	
41	Bt6 3	
42	Bt4 1	
43	Bt4 1	Bt17 1	Bt10 1	
44	Bt9 1	
45	Bt8 1	
46	Bt6 1	
47	Bt6 1	
48	Bt4 1	
49	Bt10 1	Bt11 1	
50	Bt6 3	Bt26 1	Bt9 1	Bt22 1	Bt16 1	
51	Bt6 1	
52	Bt21 1	Bt12 1	Bt10 1	Bt3 1	Bt6 1	
53	Bt14 1	
54	Bt11 1	
55	Bt4 1	Bt21 1	Bt3 1	Bt2 1	Bt10 1	
56	Bt3 1	
57	Bt2 1	Bt10 1	
58	Bt10 1	
59	Bt4 1	
60	Bt10 1	
61	Bt9 1	Bt10 1	
62	Bt6 1	
63	Bt4 3	Bt6 2	
64	Bt2 1	
65	Bt4 1	
66	Bt6 1	Bt16 1	Bt3 1	
67	Bt6 1	
68	Bt6 1	
69	Bt4 1	Bt3 1	
70	Bt16 1	
71	Bt22 1	
72	Bt4 1	
73	Bt8 1	
74	Bt8 1	
75	Bt6 6	Bt4 7	
76	Bt6 5	Bt4 5	Bt9 1	Bt10 1	Bt11 1	Bt14 1	
77	Bt9 1	Bt12 1	Bt22 1	
78	Bt6 1	Bt8 1	Bt24 1	
79	Bt8 1	
80	Bt24 1	
81	Bt28 1	
82	Bt11 1	
83	Bt14 1	Bt4 1	
84	Bt4 1	
85	Bt4 1	Bt12 1	Bt3 1	
86	Bt11 1	Bt4 1	
87	Bt6 1	Bt9 1	Bt4 1	
88	Bt6 1	
89	Bt3 1	
90	Bt10 1	Bt27 1	
91	Bt5 1	
92	Bt9 1	Bt6 1	
93	Bt10 1	
94	Bt17 1	Bt8 1	
95	Bt6 2	
96	Bt6 2	
97	Bt10 1	Bt4 2	
98	Bt30 2	
99	Bt8 1	Bt9 1	
100	Bt11 1	Bt6 1	
101	Bt11 1	Bt4 2	
102	Bt4 2	Bt12 1	
103	Bt22 1	
104	Bt8 1	Bt19 1	Bt10 1	
105	Bt16 1	Bt4 1	
106	Bt9 1	
107	Bt27 1	Bt3 1	
108	Bt6 1	
109	Bt6 1	Bt9 1	
110	Bt6 2	Bt24 1	Bt18 1	Bt8 1	Bt3 1	Bt4 1	Bt10 1	Bt9 1	
111	Bt3 1	Bt9 1	
112	Bt2 1	
113	Bt2 1	
114	Bt12 1	Bt4 1	Bt3 1	Bt17 1	
115	Bt12 1	Bt10 1	
116	Bt5 1	Bt3 1	
117	Bt5 1	

DISTANCE MATRIX
0.0 1478.0 1541.3 1339.1 1578.5 1547.2 1450.8 1580.6 1507.6 1279.9 1573.0 1504.5 1294.0 1536.1 1462.7 1368.5 1466.5 1548.9 1315.4 1476.6 1493.9 1519.4 1485.5 1443.8 1507.6 1490.4 1565.7 1489.9 1550.9 1536.7 1537.5 1338.9 1507.3 1434.7 1227.2 1302.0 1397.9 1352.2 1538.7 1519.5 1489.0 1266.2 1432.0 1466.5 1542.8 1474.0 1483.0 1167.6 1520.4 1522.8 1439.8 1581.0 1520.1 1540.1 1332.2 1327.6 1431.5 1512.8 1469.9 1329.1 1308.6 1570.4 1516.2 1378.8 1488.6 1485.4 1479.4 1526.9 1450.9 1567.6 1498.3 1463.6 1489.6 1507.0 1564.1 1207.6 1266.9 1544.4 1510.4 1440.3 1517.5 1550.6 1434.3 1228.9 1236.0 1410.9 1478.4 1524.2 1464.2 1392.7 1195.2 1438.3 1340.2 1527.1 1505.1 1483.2 1457.7 1224.0 1435.7 1510.5 1572.4 1527.5 1529.8 1544.4 1500.5 1177.1 1501.9 1290.3 1427.7 1353.8 1308.0 1482.2 1421.2 1564.1 1526.5 1469.7 1477.1 1500.4
1353.2 0.0 253.7 232.1 245.7 205.8 73.0 293.0 220.0 368.5 285.4 18.3 332.2 248.5 162.5 261.5 173.3 186.3 353.6 200.1 142.1 221.3 43.7 157.0 163.9 160.4 278.1 202.3 263.3 249.1 136.6 231.9 232.6 56.9 391.2 340.2 121.4 390.4 214.3 231.9 223.7 304.4 54.2 201.2 174.5 221.9 167.8 367.4 152.1 238.6 183.7 293.4 232.5 252.5 370.4 365.8 239.9 225.2 60.7 222.1 346.8 282.8 228.6 122.7 136.8 117.1 127.6 261.6 174.9 280.0 210.7 176.0 224.9 201.4 276.5 388.9 360.0 173.8 142.1 37.6 245.0 263.0 178.2 357.1 348.7 232.1 172.8 70.5 212.1 118.6 395.0 86.5 378.4 235.4 153.3 231.1 75.2 448.3 170.4 46.9 284.8 239.9 143.5 256.8 212.9 376.9 214.3 250.9 171.6 246.8 163.6 189.3 135.1 276.5 204.1 225.9 35.3 182.8
1433.4 248.4 0.0 261.2 186.4 155.1 221.2 135.5 109.5 510.1 110.4 243.6 399.3 22.0 218.5 301.4 288.5 156.8 379.8 207.6 180.1 240.8 255.9 240.5 183.4 222.3 167.6 91.8 158.8 138.6 145.4 261.4 219.5 205.1 503.8 407.3 236.6 433.2 146.6 127.4 101.4 389.6 202.4 133.9 201.9 246.5 229.7 498.0 198.8 214.5 287.2 188.9 11.1 148.0 417.1 392.0 180.1 18.4 173.0 274.6 413.9 163.0 150.6 292.4 266.2 207.8 274.3 63.5 162.6 26.3 100.2 98.0 280.9 257.4 172.0 519.5 501.6 152.3 196.4 210.7 244.9 152.5 281.7 487.7 479.3 270.1 228.8 227.3 236.7 233.8 411.3 235.7 404.6 235.3 172.8 243.7 160.8 526.0 166.8 280.9 127.3 135.4 137.7 152.3 134.9 507.5 103.8 363.5 275.1 286.7 278.8 208.8 250.3 119.6 134.4 218.3 247.5 238.8
1222.5 191.7 255.0 0.0 292.2 260.9 164.5 294.3 221.3 257.9 286.7 218.2 201.5 249.8 181.8 40.1 299.1 262.6 222.9 219.4 285.9 346.6 199.2 274.8 289.2 278.2 279.4 203.6 264.6 250.4 251.2 0.2 251.9 148.4 242.5 209.5 185.7 259.7 252.4 233.2 259.9 173.7 145.7 237.4 307.7 261.8 285.6 236.7 286.4 320.3 227.6 294.7 233.8 253.8 239.7 235.1 259.2 226.5 183.6 13.3 216.1 284.1 229.9 166.6 254.6 251.4 245.4 297.8 194.2 281.3 212.0 177.3 244.2 220.7 277.8 258.2 229.3 258.1 276.4 154.0 350.7 264.3 222.1 226.4 218.0 55.6 192.1 237.9 252.0 180.5 264.3 204.3 247.7 341.1 278.6 349.5 171.4 264.7 203.5 224.2 286.1 241.2 243.5 258.1 214.2 246.2 215.6 102.2 215.5 25.4 95.8 314.6 209.0 277.8 240.2 245.2 190.8 202.1
1426.1 228.1 212.1 305.0 0.0 112.7 323.8 265.4 192.4 441.4 257.8 246.5 405.1 206.9 262.0 334.4 203.9 181.0 426.5 295.2 95.9 87.6 271.9 151.1 64.1 138.1 250.5 174.7 97.9 221.5 189.6 304.8 307.1 307.7 464.1 413.1 233.0 463.3 108.7 71.9 270.9 393.4 305.0 241.0 159.5 97.0 145.5 440.3 156.4 58.7 170.0 128.0 190.9 57.5 443.3 439.4 267.7 180.4 260.8 295.0 419.7 255.2 233.5 175.2 182.0 187.8 188.0 249.3 250.2 241.4 183.1 180.9 363.8 340.3 28.6 461.8 432.9 176.5 169.5 288.4 89.1 235.4 164.5 428.8 421.6 353.4 312.7 237.9 106.8 209.5 467.9 151.5 451.3 79.5 74.7 87.9 248.6 494.8 260.5 273.8 257.2 97.5 181.9 91.4 217.9 449.8 186.7 323.8 157.9 319.7 236.5 97.8 262.6 248.9 135.6 305.9 263.5 321.7
1429.6 215.4 167.3 308.5 131.1 0.0 211.0 220.6 147.6 444.9 213.0 194.2 408.6 162.1 209.7 337.9 207.4 129.1 430.0 242.9 43.6 104.3 222.9 104.0 50.4 81.5 205.7 129.9 98.6 176.7 126.9 308.3 257.4 194.9 467.6 416.6 236.5 466.8 4.0 86.1 218.7 396.9 192.2 196.2 46.7 110.0 93.2 443.8 43.6 121.6 182.1 128.7 146.1 100.5 446.8 442.9 215.4 138.8 148.0 298.5 423.2 210.4 188.7 178.7 129.7 75.0 135.7 230.9 197.9 193.6 138.3 136.1 273.5 295.5 119.4 465.3 436.4 124.6 56.7 175.6 128.0 190.6 176.6 432.3 425.1 308.2 266.9 185.6 100.2 184.4 467.1 99.2 454.8 118.4 36.3 119.2 135.8 489.8 208.2 246.6 212.4 123.2 130.0 92.1 173.1 453.3 141.9 327.3 170.0 323.2 240.0 72.3 200.9 204.1 61.5 253.6 214.5 276.9
1352.3 77.1 210.6 180.1 247.8 216.5 0.0 249.9 176.9 429.0 242.3 103.6 318.2 205.4 119.4 220.3 242.5 206.0 298.7 157.0 241.5 302.2 84.6 218.2 244.8 221.6 235.0 159.2 220.2 206.0 156.3 180.3 189.5 11.9 422.7 326.2 190.6 352.1 208.0 188.8 215.5 308.5 13.9 193.0 194.2 307.9 229.0 436.6 171.8 275.9 252.9 250.3 189.4 209.4 336.0 310.9 196.8 182.1 80.4 193.5 332.8 239.7 185.5 191.9 198.0 136.8 188.8 253.4 131.8 236.9 167.6 132.9 181.8 158.3 233.4 458.1 420.5 193.5 161.8 39.4 306.3 219.9 247.4 426.3 417.9 189.0 129.7 147.7 298.1 187.8 330.2 147.7 323.5 296.7 234.2 305.1 94.9 444.9 159.1 109.6 241.7 196.8 163.2 213.7 169.8 446.1 171.2 282.4 240.8 205.6 232.8 270.2 204.3 233.4 195.8 182.8 76.2 139.7
1470.9 285.9 113.3 298.7 237.9 206.6 258.7 0.0 99.9 547.6 24.5 281.1 436.8 135.4 256.0 338.9 326.0 208.3 417.3 237.6 231.6 292.3 293.4 292.0 234.9 273.8 32.1 80.2 210.3 32.9 196.9 298.9 257.0 242.6 541.3 444.8 274.1 470.7 198.1 178.9 89.9 427.1 239.9 122.4 253.4 298.0 281.2 535.5 250.3 266.0 338.7 240.4 124.5 199.5 454.6 429.5 192.5 131.8 210.5 312.1 451.4 27.4 175.6 343.9 317.7 259.3 325.8 59.7 200.1 87.0 95.5 135.5 250.6 294.9 223.5 557.0 539.1 203.8 247.9 248.2 296.4 47.2 333.2 525.2 516.8 307.6 266.3 264.8 288.2 271.3 448.8 287.2 442.1 286.8 224.3 295.2 198.3 563.5 155.3 318.4 7.5 186.9 189.2 203.8 172.4 545.0 99.1 401.0 326.6 324.2 316.3 260.3 287.8 15.6 185.9 230.7 285.0 276.3
1397.9 212.9 127.7 225.7 164.9 133.6 185.7 80.2 0.0 474.6 104.8 208.1 363.8 122.5 183.0 265.9 253.0 135.3 344.3 172.1 158.6 219.3 220.4 219.0 161.9 200.8 58.0 34.1 137.3 80.9 123.9 225.9 184.0 169.6 468.3 371.8 201.1 397.7 125.1 105.9 145.1 354.1 166.9 122.6 180.4 225.0 208.2 462.5 177.3 193.0 265.7 167.4 106.5 126.5 381.6 356.5 144.6 99.2 137.5 239.1 378.4 62.7 115.1 270.9 244.7 186.3 252.8 140.0 127.1 167.3 8.9 62.5 245.4 221.9 150.5 484.0 466.1 130.8 174.9 175.2 223.4 42.9 260.2 452.2 443.8 234.6 193.3 191.8 215.2 198.3 375.8 214.2 369.1 213.8 151.3 222.2 125.3 490.5 137.4 245.4 87.7 113.9 116.2 130.8 99.4 472.0 5.4 328.0 253.6 251.2 243.3 187.3 214.8 95.9 112.9 182.8 212.0 203.3
1176.1 351.6 460.4 205.3 409.0 415.7 369.9 499.7 426.7 0.0 502.4 370.0 142.2 455.2 387.2 234.7 332.7 424.4 163.6 424.8 360.4 385.6 404.6 310.0 373.8 356.6 484.8 409.0 470.0 455.8 374.7 205.1 457.3 353.8 95.7 150.2 264.1 200.4 407.2 438.6 445.3 114.4 351.1 422.8 412.6 340.2 349.2 240.2 390.2 389.0 306.0 500.1 439.2 459.2 180.4 175.8 399.2 431.9 389.0 195.3 156.8 489.5 435.3 245.0 358.4 355.2 349.2 483.2 399.6 486.7 417.4 382.7 449.6 426.1 440.1 170.9 91.9 411.9 380.2 359.4 383.7 469.7 300.5 185.1 176.7 261.0 397.5 353.7 330.4 258.9 267.8 308.1 188.4 393.3 371.6 349.4 376.8 172.0 392.0 429.6 491.5 446.6 381.6 463.5 419.6 249.7 421.0 198.6 293.9 220.0 174.2 348.4 287.4 483.2 438.6 450.6 396.2 407.5
1483.8 298.8 88.7 311.6 239.8 219.5 271.6 25.0 117.7 560.5 0.0 294.0 449.7 110.8 199.1 351.8 338.9 221.2 430.2 213.0 244.5 296.8 306.3 304.9 247.8 286.7 57.2 93.1 223.2 45.8 209.8 311.8 243.7 255.5 554.2 457.7 287.0 483.6 211.0 191.8 65.3 440.0 252.8 97.8 266.3 306.2 294.1 548.4 263.2 267.9 340.6 253.3 99.9 201.4 467.5 442.4 167.9 107.2 223.4 325.0 464.3 52.5 151.0 345.8 330.6 272.2 338.7 35.1 187.3 62.4 108.4 148.4 226.0 249.5 225.4 569.9 552.0 216.7 260.8 261.1 298.3 72.3 335.1 538.1 529.7 320.5 279.2 277.7 316.0 284.2 461.7 300.1 455.0 288.7 237.2 297.1 211.2 576.4 130.7 331.3 16.8 199.8 202.1 216.7 157.7 557.9 112.0 413.9 328.5 337.1 329.2 273.2 300.7 9.1 198.8 206.1 297.9 236.8
1381.0 27.7 269.6 259.9 309.2 221.7 88.9 308.9 235.9 396.3 301.3 0.0 360.0 264.4 178.4 289.3 201.1 202.2 381.4 216.0 169.9 249.1 59.6 184.8 195.2 188.2 294.0 218.2 279.2 265.0 152.5 259.7 248.5 72.8 419.0 368.0 149.2 418.2 225.7 247.8 248.5 332.2 70.1 218.6 190.4 249.7 195.6 395.2 168.0 266.4 211.5 309.3 248.4 268.4 398.2 394.3 255.8 241.1 76.6 249.9 374.6 298.7 244.5 150.5 164.6 133.0 153.3 279.0 190.8 298.9 226.6 191.9 240.8 217.3 292.4 416.7 387.8 189.7 158.0 53.5 272.8 278.9 206.0 384.9 376.5 248.0 188.7 106.0 239.9 146.4 418.5 114.3 406.2 263.2 181.1 258.9 91.1 476.1 187.8 61.5 300.7 255.8 159.4 272.7 228.9 404.7 230.2 278.7 199.4 274.6 191.4 216.9 162.9 292.4 220.0 241.8 51.2 198.7
1159.5 328.2 391.5 257.1 428.7 397.4 301.0 430.8 357.8 156.8 423.2 354.7 0.0 386.3 318.3 297.3 337.2 399.1 47.4 355.9 422.4 390.1 335.7 314.5 425.7 361.1 415.9 340.1 401.1 386.9 387.7 257.3 388.4 284.9 252.6 8.0 268.6 58.1 388.9 369.7 396.4 36.3 282.2 373.9 444.2 344.7 353.7 173.7 422.9 456.8 310.5 431.2 370.3 390.3 64.2 59.6 395.7 363.0 320.1 270.5 14.6 420.6 366.4 249.5 391.1 387.9 381.9 434.3 330.7 417.8 348.5 313.8 380.7 357.2 414.3 227.3 148.3 394.6 412.9 290.5 388.2 400.8 305.0 163.4 155.0 261.1 328.6 374.4 334.9 263.4 201.3 340.8 72.2 477.6 415.1 353.9 307.9 328.9 340.0 360.7 422.6 377.7 380.0 394.6 350.7 183.2 352.1 203.1 298.4 282.6 178.7 352.9 291.9 414.3 376.7 381.7 327.3 338.6
1439.1 254.1 24.9 266.9 192.1 160.8 226.9 160.5 115.2 515.8 135.4 249.3 405.0 0.0 224.2 307.1 294.2 162.5 385.5 213.3 185.8 246.5 261.6 246.2 189.1 228.0 173.3 97.5 164.5 144.3 151.1 267.1 225.2 210.8 509.5 413.0 242.3 438.9 152.3 133.1 126.4 395.3 208.1 158.9 207.6 252.2 235.4 503.7 204.5 220.2 292.9 194.6 42.0 153.7 422.8 397.7 185.8 44.6 178.7 280.3 419.6 178.0 156.3 298.1 271.9 213.5 280.0 88.5 168.3 51.2 105.9 103.7 286.6 263.1 177.7 525.2 507.3 158.0 202.1 216.4 250.6 158.2 287.4 493.4 485.0 275.8 234.5 233.0 242.4 239.5 417.0 241.4 410.3 241.0 178.5 249.4 166.5 531.7 178.6 286.6 152.3 141.1 143.4 158.0 140.6 513.2 109.5 369.2 280.8 292.4 284.5 214.5 256.0 144.6 140.1 224.0 253.2 244.5
1382.9 139.7 176.9 193.7 216.5 182.8 146.2 204.6 143.2 398.2 179.5 158.1 331.8 171.7 0.0 233.9 203.0 184.5 312.3 33.1 163.8 243.0 162.4 178.7 185.6 182.8 201.3 125.5 186.5 172.3 134.8 193.9 70.0 130.1 436.3 339.8 151.1 365.7 178.8 155.1 129.8 306.5 127.4 99.9 172.7 243.6 189.5 397.1 150.3 242.2 213.4 216.6 155.7 175.7 349.6 325.2 77.7 145.2 87.5 207.1 346.4 206.0 139.2 152.4 158.5 115.3 147.2 160.3 12.3 184.6 133.9 99.2 84.7 55.4 199.7 418.6 389.7 172.0 140.3 115.1 266.7 186.2 207.9 385.6 378.4 179.4 48.2 149.5 233.8 148.3 425.4 108.2 337.1 257.1 175.0 252.8 75.3 478.0 69.1 186.1 196.4 163.1 141.7 180.0 146.0 406.6 137.5 296.0 201.3 219.2 193.3 210.8 164.8 188.7 162.1 96.8 154.0 57.2
1249.1 249.1 312.4 57.3 349.6 318.3 221.9 351.7 278.7 284.5 344.1 275.6 228.1 307.2 239.2 0.0 280.9 320.0 249.5 276.8 343.3 404.0 256.6 258.2 346.6 304.8 336.8 261.0 322.0 307.8 308.6 57.1 309.3 205.8 269.1 236.1 212.3 286.3 309.8 290.6 317.3 200.3 203.1 294.8 365.1 288.4 297.4 263.3 343.8 377.7 254.2 352.1 291.2 311.2 266.3 261.7 316.6 283.9 241.0 39.9 242.7 341.5 287.3 193.2 312.0 308.8 302.8 355.2 251.6 338.7 269.4 234.7 301.6 278.1 335.2 284.8 255.9 315.5 333.8 211.4 331.9 321.7 248.7 253.0 244.6 113.0 249.5 295.3 278.6 207.1 290.9 261.7 274.3 398.5 336.0 297.6 228.8 291.3 260.9 281.6 343.5 298.6 300.9 315.5 271.6 272.8 273.0 128.8 242.1 15.8 122.4 296.6 235.6 335.2 297.6 302.6 248.2 259.5
1352.1 173.5 283.4 231.0 289.2 240.9 232.3 322.7 249.7 367.4 324.3 191.9 331.1 278.2 215.4 260.4 0.0 246.3 352.5 248.6 185.6 264.8 217.3 200.5 207.4 203.9 307.8 232.0 293.0 278.8 196.6 230.8 260.5 216.2 390.1 339.1 159.0 389.3 232.4 261.6 267.2 303.3 213.5 244.7 234.5 160.6 211.3 366.3 212.1 282.1 126.4 323.1 262.2 282.2 369.3 364.7 221.1 254.9 169.3 221.0 345.7 312.5 258.3 101.2 180.3 177.1 171.1 305.1 203.6 309.7 240.4 205.7 279.2 270.9 306.2 387.8 358.9 233.8 202.1 196.9 288.5 292.7 120.9 356.0 347.6 286.7 262.7 175.6 150.8 135.5 393.9 130.0 377.3 278.9 196.8 169.8 157.1 412.3 213.9 220.5 314.5 269.6 203.5 286.5 242.6 375.8 244.0 249.8 114.3 245.7 162.5 232.8 166.0 306.2 263.8 259.3 208.9 272.7
1451.2 205.2 157.7 289.7 159.7 97.8 200.8 211.0 138.0 466.5 203.4 236.6 427.8 152.5 198.7 329.9 286.6 0.0 408.3 231.9 122.8 180.4 212.7 180.1 128.0 166.9 193.0 120.3 110.2 167.1 52.5 289.9 243.8 184.7 532.3 435.8 224.3 458.6 90.7 97.7 211.0 402.5 182.0 183.5 144.6 189.2 172.4 465.4 141.5 200.8 258.2 140.3 136.5 112.1 445.6 418.1 207.6 131.1 137.8 303.1 442.4 200.8 179.1 257.9 208.9 116.3 211.8 221.3 190.1 185.9 128.7 126.5 265.7 285.9 131.0 491.8 458.0 46.7 136.0 165.4 207.2 181.0 255.8 451.9 446.7 277.8 259.2 214.6 179.4 216.6 489.8 178.4 433.1 197.6 112.4 200.3 130.5 546.3 197.2 234.5 202.8 131.7 33.9 103.7 160.4 474.9 132.3 392.0 249.2 312.1 266.5 153.4 233.1 194.5 74.0 250.7 209.2 267.3
1179.2 307.0 370.3 235.9 409.9 376.2 279.8 409.6 336.6 176.5 402.0 333.5 65.7 365.1 297.1 276.1 356.9 377.9 0.0 337.1 401.2 461.9 314.5 334.2 408.0 393.5 394.7 318.9 379.9 365.7 366.5 236.1 369.8 263.7 272.3 73.7 288.3 53.3 372.2 348.5 382.6 56.0 261.0 352.7 423.0 364.4 400.9 193.4 401.7 435.6 330.2 410.0 349.1 369.1 83.5 12.9 374.5 338.6 298.9 249.3 80.3 399.4 345.2 269.2 369.9 366.7 358.6 413.1 309.5 396.6 327.3 292.6 359.5 336.0 393.1 247.0 168.0 373.4 391.7 269.3 466.0 379.6 324.7 181.9 174.7 232.6 307.4 360.9 354.6 283.1 216.7 319.6 24.7 456.4 393.9 373.6 286.7 348.6 318.8 338.2 401.4 356.5 358.8 373.4 329.6 202.9 330.9 222.8 318.1 261.4 198.4 429.9 311.6 393.1 355.5 360.5 306.1 317.4
1424.5 181.3 227.3 230.2 258.1 224.4 172.2 218.0 184.8 439.8 192.9 202.0 368.3 213.3 41.5 270.4 244.6 223.0 348.8 0.0 205.4 284.6 204.0 220.3 230.7 219.4 250.2 169.4 228.1 213.9 176.4 230.4 46.9 156.1 472.8 376.3 192.7 402.2 220.4 196.7 143.2 343.0 153.4 113.3 214.3 285.2 231.1 438.7 191.9 283.8 257.3 258.2 197.3 217.3 386.1 364.0 44.5 186.8 129.1 243.6 382.9 243.1 152.6 194.0 200.1 156.9 188.8 173.7 53.9 198.0 175.5 140.8 51.5 75.0 241.3 460.2 433.6 213.6 184.2 156.7 308.3 227.8 249.5 427.2 420.0 218.3 74.2 191.1 275.4 189.9 462.0 149.8 373.6 298.7 216.6 296.7 116.9 521.9 80.1 227.0 209.8 207.0 185.6 221.6 159.4 448.2 179.1 332.5 242.9 258.0 234.9 252.4 206.4 202.1 206.0 61.2 195.6 83.2
1385.9 132.1 183.9 264.8 105.9 55.2 182.9 237.2 164.2 401.2 229.6 150.5 364.9 178.7 166.0 294.2 163.7 145.7 386.3 201.6 0.0 79.1 175.9 60.3 25.2 42.1 222.3 146.5 115.2 193.3 147.2 264.6 211.1 166.8 423.9 372.9 192.8 423.1 51.2 102.7 217.8 337.1 164.1 195.3 102.0 84.8 49.5 400.1 98.9 96.4 138.4 145.3 162.7 117.1 403.1 399.2 171.7 152.2 119.9 254.8 379.5 227.0 205.3 135.0 86.0 127.7 92.0 255.7 154.2 210.2 154.9 152.7 229.8 221.5 134.6 421.6 392.7 141.2 112.0 147.5 102.8 207.2 132.9 388.6 381.4 320.5 213.3 141.9 75.0 140.7 427.7 55.5 411.1 93.2 11.1 94.0 107.7 446.1 164.5 177.8 229.0 139.8 146.6 108.7 189.7 409.6 158.5 283.6 126.3 279.5 196.3 46.9 157.2 220.7 78.1 209.9 167.5 223.3
1401.1 221.3 234.6 280.0 87.6 105.9 317.0 287.9 214.9 416.4 280.3 239.7 380.1 229.4 255.2 309.4 178.9 196.4 401.5 288.4 89.1 0.0 265.1 90.2 57.3 96.9 273.0 197.2 165.9 244.0 205.0 279.8 300.3 300.9 439.1 388.1 208.0 438.3 101.9 153.4 293.4 352.3 298.2 263.5 152.7 51.6 85.2 415.3 149.6 78.1 153.6 196.0 213.4 145.2 418.3 414.4 260.9 202.9 254.0 270.0 394.7 277.7 256.0 150.2 158.0 181.0 173.4 298.2 243.4 260.9 205.6 203.4 319.0 310.7 116.3 436.8 407.9 191.9 162.7 281.6 84.5 257.9 148.1 403.8 396.6 325.0 302.5 231.1 45.1 184.5 442.9 144.7 426.3 74.9 67.9 60.8 241.8 461.3 253.7 267.0 279.7 185.2 197.3 159.4 240.4 424.8 209.2 298.8 141.5 294.7 211.5 63.2 237.6 271.4 128.8 299.1 256.7 312.5
1397.7 51.2 248.7 218.2 285.9 200.8 68.0 288.0 215.0 413.0 280.4 77.7 376.7 243.5 157.5 258.4 217.8 181.3 336.8 195.1 178.6 257.8 0.0 193.5 200.4 196.9 273.1 197.3 258.3 244.1 131.6 218.4 227.6 51.9 435.7 384.7 165.9 390.2 209.3 226.9 220.2 348.9 49.2 197.7 169.5 258.4 204.3 411.9 147.1 314.0 228.2 288.4 227.5 247.5 374.1 349.0 234.9 220.2 55.7 231.6 391.3 277.8 223.6 167.2 173.3 112.1 164.1 258.1 169.9 275.0 205.7 171.0 219.9 196.4 271.5 433.4 404.5 168.8 137.1 32.6 281.5 258.0 222.7 401.6 393.2 227.1 167.8 121.8 248.6 163.1 439.5 123.0 361.6 271.9 189.8 267.6 70.2 492.8 166.9 83.7 279.8 234.9 138.5 251.8 207.9 421.4 209.3 295.4 216.1 243.7 208.1 225.8 179.6 271.5 199.1 220.9 7.1 177.8
1325.5 157.0 234.3 204.4 156.3 105.6 207.8 287.6 214.6 340.8 280.0 175.4 304.5 229.1 190.9 233.8 103.3 196.1 325.9 224.1 50.3 110.2 200.8 0.0 72.1 64.3 272.7 196.9 165.6 243.7 172.1 204.2 236.0 191.7 363.5 312.5 132.4 362.7 101.6 153.1 242.7 292.8 189.0 220.2 152.4 64.8 73.8 339.7 149.3 113.6 78.0 195.7 213.1 167.5 342.7 338.8 196.6 202.6 144.8 194.4 319.1 277.4 233.8 74.6 67.7 152.6 83.1 280.6 179.1 260.6 205.3 181.2 254.7 246.4 185.0 361.2 332.3 191.6 162.4 172.4 108.3 257.6 72.5 328.2 321.0 260.1 238.2 166.8 55.0 108.9 363.0 80.4 350.7 117.9 61.5 74.0 132.6 385.7 189.4 202.7 279.4 190.2 179.0 159.1 218.2 349.2 208.9 223.2 65.9 219.1 135.9 73.2 162.0 271.1 128.5 234.8 192.4 248.2
1389.3 163.9 177.2 268.2 84.1 48.5 259.6 230.5 157.5 404.6 222.9 185.8 368.3 172.0 197.8 297.6 167.1 143.9 386.2 233.4 35.2 57.3 207.7 74.9 0.0 69.6 219.1 139.8 108.5 186.6 147.6 268.0 245.5 243.5 427.3 376.3 192.7 426.5 48.0 96.0 236.0 357.5 240.8 209.6 95.3 63.0 73.4 403.5 92.2 74.6 138.3 138.6 156.0 110.4 406.5 402.6 203.5 145.5 196.6 258.2 382.9 220.3 198.6 138.4 117.8 123.6 123.8 240.8 186.0 206.5 148.2 146.0 261.6 253.3 112.8 425.0 392.6 138.0 105.3 224.2 81.0 200.5 136.3 392.0 384.8 313.2 246.1 177.2 53.2 172.5 426.8 87.3 411.0 71.4 10.5 72.2 184.4 449.5 196.3 209.6 225.8 136.6 139.9 102.0 186.5 409.5 151.8 283.5 129.7 282.9 196.2 25.1 225.8 214.0 74.9 241.7 202.8 255.1
1372.1 160.4 216.1 251.0 138.1 83.1 211.2 269.4 196.4 387.4 261.8 178.8 351.1 210.9 194.3 280.4 149.9 182.8 376.8 229.9 32.1 107.0 204.2 65.5 57.4 0.0 250.2 178.7 147.4 225.5 175.5 250.8 242.0 195.1 410.1 359.1 179.0 409.3 83.4 134.9 253.5 340.3 192.4 219.3 134.2 67.2 7.3 386.3 131.1 120.3 128.9 177.5 194.9 149.3 389.3 385.4 200.0 184.4 148.2 241.0 365.7 259.2 237.2 121.2 114.3 156.0 120.3 284.0 182.5 245.4 187.1 184.6 258.1 249.8 166.8 412.1 378.9 169.1 144.2 175.8 110.7 239.4 119.1 374.8 367.6 296.0 242.6 170.2 57.4 155.5 413.9 83.8 401.6 120.3 43.3 80.7 136.0 432.3 192.8 206.1 256.9 172.0 178.8 140.9 221.6 400.1 190.7 274.1 112.5 265.7 186.8 75.6 208.6 252.9 110.3 233.9 195.8 251.6
1465.7 280.7 135.5 293.5 235.1 201.4 253.5 22.1 67.7 542.4 46.7 275.9 431.6 157.6 250.8 333.7 320.8 208.0 412.1 242.3 226.4 287.1 288.2 286.8 233.2 264.3 0.0 101.9 205.1 55.1 191.7 293.7 251.8 237.4 536.1 439.6 268.9 465.5 197.4 173.7 112.1 421.9 234.7 144.6 248.2 292.8 276.0 530.3 245.1 260.8 333.5 235.2 146.7 194.3 449.4 425.0 212.4 154.0 205.3 306.9 446.2 4.6 182.9 338.7 312.5 254.1 318.5 81.9 194.9 106.2 76.7 130.3 313.2 289.7 218.3 551.8 533.9 198.6 242.7 243.0 291.2 15.1 328.0 520.0 511.6 281.6 261.1 267.3 283.0 266.1 443.6 282.0 436.9 281.6 219.1 290.0 193.1 558.3 177.5 313.2 29.6 181.7 184.0 198.6 167.3 539.8 73.2 395.8 321.4 319.0 311.1 254.9 282.6 37.8 180.7 250.6 279.8 271.1
1390.6 205.6 120.4 218.4 160.0 126.3 178.4 90.6 24.5 467.3 83.0 200.8 356.5 115.2 175.7 258.6 245.7 128.0 337.0 164.8 151.3 212.0 213.1 211.7 154.6 193.5 82.6 0.0 130.0 46.7 116.6 218.6 176.7 162.3 461.0 364.5 193.8 390.4 122.3 98.6 137.8 346.8 159.6 115.3 173.1 217.7 200.9 455.2 170.0 185.7 258.4 160.1 99.2 119.2 374.3 349.9 137.3 88.7 130.2 231.8 371.1 87.3 107.8 263.6 237.4 179.0 243.4 118.2 119.8 145.5 15.2 55.2 238.1 214.6 143.2 476.7 458.8 123.5 167.6 167.9 216.1 67.5 252.9 443.7 436.5 227.3 186.0 192.2 207.9 191.0 368.5 206.9 361.8 206.5 144.0 214.9 118.0 483.2 130.1 236.8 82.4 106.6 108.9 123.5 92.2 464.7 18.8 320.7 246.3 243.9 236.0 179.8 207.5 74.1 105.6 175.5 204.7 196.0
1477.1 272.8 149.7 281.7 100.3 88.6 268.4 203.0 130.0 492.4 195.4 299.3 419.8 144.5 239.0 321.9 254.9 111.5 400.3 228.1 113.6 174.3 280.3 174.0 116.9 155.8 188.1 112.3 0.0 159.1 120.1 281.9 240.0 252.3 524.3 427.8 284.0 453.7 80.1 35.9 201.1 428.3 249.6 178.6 135.4 180.0 163.2 491.3 132.3 148.3 221.0 30.0 128.5 50.3 437.6 412.5 200.6 121.2 205.4 295.1 434.4 192.8 171.1 226.2 199.7 141.3 207.8 213.3 183.1 176.0 120.7 118.5 301.4 277.9 69.2 512.8 483.9 107.0 129.9 233.0 178.7 173.0 215.5 481.0 472.6 290.6 249.3 247.9 170.2 254.4 518.9 169.2 425.1 169.1 106.3 177.5 193.2 545.8 193.4 305.3 194.8 73.0 112.4 6.5 155.4 500.8 124.3 384.0 208.9 307.2 287.5 142.3 313.6 186.5 67.9 238.8 271.9 259.3
1437.9 252.9 125.0 265.7 204.9 173.6 225.7 43.8 71.8 514.6 36.2 248.1 403.8 147.1 223.0 305.9 293.0 175.3 384.3 212.1 198.6 259.3 260.4 259.0 201.9 240.8 76.0 47.2 177.3 0.0 163.9 265.9 224.0 209.6 508.3 411.8 241.1 437.7 165.1 145.9 101.6 394.1 206.9 134.1 220.4 265.0 248.2 502.5 217.3 233.0 305.7 207.4 136.2 166.5 421.6 396.5 184.6 143.5 177.5 279.1 418.4 71.3 155.1 310.9 284.7 226.3 292.8 71.4 167.1 98.7 62.5 102.5 285.4 261.9 190.5 524.0 506.1 170.8 214.9 215.2 263.4 91.1 300.2 492.2 483.8 274.6 233.3 231.8 255.2 238.3 415.8 254.2 409.1 253.8 191.3 262.2 165.3 530.5 167.0 285.4 35.6 153.9 156.2 170.8 139.4 512.0 66.1 368.0 293.6 291.2 283.3 227.3 254.8 27.3 152.9 222.8 252.0 243.3
1398.6 152.6 156.8 254.1 181.2 116.9 148.2 210.1 137.1 413.9 202.5 179.1 377.6 151.6 149.3 294.3 218.7 49.6 372.7 182.5 141.9 202.6 160.1 202.3 145.2 184.1 195.2 119.4 129.3 166.2 0.0 254.3 194.4 132.1 436.6 385.6 166.8 435.8 108.4 116.8 201.1 349.8 129.4 178.6 122.0 208.3 191.5 412.8 99.6 216.9 229.1 159.4 135.6 131.2 410.0 384.9 155.0 128.3 85.2 267.5 392.2 199.9 178.2 168.1 228.0 64.6 236.1 220.4 137.5 183.1 127.8 125.6 213.1 204.8 150.1 434.3 405.4 96.4 89.6 112.8 226.3 180.1 223.6 402.5 394.1 263.0 196.6 157.5 198.5 164.0 440.4 197.5 397.5 216.7 134.6 217.5 73.0 493.7 147.8 185.1 201.9 137.8 6.8 122.8 162.5 422.3 131.4 296.3 217.0 279.6 209.0 170.6 180.5 193.6 96.2 193.2 151.7 206.6
1222.3 191.9 255.2 0.2 292.4 261.1 164.7 294.5 221.5 257.7 286.9 218.4 201.3 250.0 182.0 39.9 254.1 262.8 222.7 219.6 286.1 346.8 199.4 275.0 289.4 278.4 279.6 203.8 264.8 250.6 251.4 0.0 252.1 148.6 242.3 209.3 185.5 259.5 252.6 233.4 260.1 173.5 145.9 237.6 307.9 261.6 285.8 236.5 286.6 320.5 227.4 294.9 234.0 254.0 239.5 234.9 259.4 226.7 183.8 13.1 215.9 284.3 230.1 166.4 254.8 251.6 245.6 298.0 194.4 281.5 212.2 177.5 244.4 220.9 278.0 258.0 229.1 258.3 276.6 154.2 350.9 264.5 221.9 226.2 217.8 55.8 192.3 238.1 251.8 180.3 264.1 204.5 247.5 341.3 278.8 349.7 171.6 264.5 203.7 224.4 286.3 241.4 243.7 258.3 214.4 246.0 215.8 102.0 215.3 25.2 95.6 314.8 208.8 278.0 240.4 245.4 191.0 202.3
1431.2 188.0 225.2 242.0 264.8 233.4 198.8 243.4 191.5 446.5 218.3 208.7 380.1 220.0 53.2 282.2 251.3 229.7 360.6 61.6 212.1 291.3 210.7 227.0 237.4 226.1 249.6 176.1 234.8 220.6 183.1 242.2 0.0 185.0 484.6 388.1 201.7 416.3 227.1 203.4 168.6 354.8 180.0 136.1 221.0 291.9 237.8 445.4 198.6 290.5 264.0 264.9 204.0 224.0 397.9 375.8 69.9 193.5 135.8 255.4 394.7 268.3 178.0 200.7 206.8 163.6 197.8 199.1 60.6 223.4 182.2 147.5 58.9 82.4 248.0 466.9 440.3 220.3 188.6 163.4 315.0 234.5 256.2 433.9 426.7 230.1 101.5 197.8 282.1 196.6 468.7 156.5 385.4 305.4 225.6 301.1 123.6 528.6 105.3 233.7 232.6 211.4 192.3 228.3 182.2 457.2 185.8 344.3 249.6 267.5 241.6 259.1 213.1 227.5 210.4 404.5 202.3 110.5
1340.4 65.2 198.7 168.2 238.3 204.6 16.0 238.0 165.0 417.1 230.4 91.7 306.3 193.5 107.5 208.4 230.6 194.1 286.8 145.1 229.6 290.3 72.7 206.3 232.9 209.7 223.1 147.3 208.3 194.1 144.4 168.4 177.6 0.0 410.8 314.3 178.7 340.2 200.6 176.9 203.6 296.6 1.9 181.1 182.3 296.0 217.1 424.7 159.9 264.0 241.0 238.4 177.5 197.5 324.1 299.7 184.9 170.2 68.5 181.6 320.9 227.8 173.6 180.0 186.1 124.9 174.8 241.5 119.9 225.0 155.7 121.0 169.9 146.4 221.5 446.2 408.6 181.6 149.9 27.5 294.4 208.0 235.5 413.2 406.0 177.1 117.8 143.5 286.2 175.9 318.3 135.8 311.6 284.8 222.3 293.2 83.0 433.0 147.2 96.4 229.8 184.9 151.3 201.8 158.0 434.2 159.3 270.5 228.9 193.7 220.9 258.3 192.4 221.5 183.9 170.9 64.3 127.8
1123.7 445.3 508.6 253.5 499.5 514.5 418.1 547.9 474.9 110.4 540.3 471.8 252.7 503.4 435.4 282.9 423.2 516.2 274.1 473.0 450.9 476.1 452.8 400.5 464.3 447.1 533.0 457.2 518.2 504.0 465.2 253.3 505.5 402.0 0.0 260.7 354.6 310.9 506.0 486.8 513.5 224.9 399.3 491.0 503.1 430.7 439.7 187.8 480.7 479.5 396.5 548.3 487.4 507.4 290.9 286.3 512.8 480.1 437.2 243.5 267.3 537.7 483.5 335.5 448.9 445.7 439.7 551.4 447.8 534.9 465.6 430.9 497.8 474.3 531.4 140.4 133.8 511.7 470.7 407.6 474.2 517.9 391.0 187.4 179.0 309.2 445.7 491.5 420.9 349.4 215.4 398.6 298.9 483.8 462.1 439.9 425.0 179.4 482.5 477.8 539.7 494.8 472.1 511.7 467.8 197.3 469.2 166.6 384.4 268.2 264.7 438.9 377.9 531.4 493.8 498.8 444.4 455.7
1167.5 336.2 399.5 265.1 436.7 405.4 309.0 438.8 365.8 164.8 431.2 362.7 8.0 394.3 326.3 305.3 345.2 407.1 55.4 363.9 430.4 398.1 343.7 322.5 433.7 369.1 423.9 348.1 409.1 394.9 395.7 265.3 396.4 292.9 260.6 0.0 276.6 50.1 396.9 377.7 404.4 44.3 290.2 381.9 452.2 352.7 361.7 181.7 430.9 464.8 318.5 439.2 378.3 398.3 72.2 67.6 403.7 371.0 328.1 278.5 6.6 428.6 374.4 257.5 399.1 395.9 389.9 442.3 338.7 425.8 356.5 321.8 388.7 365.2 422.3 235.3 156.3 402.6 420.9 298.5 396.2 408.8 313.0 171.4 163.0 269.1 336.6 382.4 342.9 271.4 209.3 348.8 80.2 485.6 423.1 361.9 315.9 336.9 348.0 368.7 430.6 385.7 388.0 402.6 358.7 191.2 360.1 211.1 306.4 290.6 186.7 360.9 299.9 422.3 384.7 389.7 335.3 346.6
1277.6 125.8 235.7 156.5 243.9 193.2 184.6 275.0 202.0 292.9 276.6 144.2 256.6 230.5 167.7 185.9 133.7 193.6 278.0 200.9 137.9 217.1 169.6 152.8 163.2 156.2 260.1 184.3 245.3 231.1 148.9 156.3 212.8 168.5 315.6 264.6 0.0 314.8 189.2 213.9 226.9 245.8 165.8 197.0 186.8 153.1 163.6 291.8 164.4 234.4 118.9 275.4 214.5 234.5 294.8 290.9 173.4 204.0 121.6 146.5 271.2 264.8 210.6 57.9 132.6 129.4 121.3 257.4 155.9 265.0 192.7 158.0 231.5 223.2 258.5 313.3 284.4 186.1 154.4 149.2 240.8 245.0 113.4 280.3 273.1 201.5 216.0 135.6 143.3 53.8 315.1 82.3 302.8 231.2 149.1 162.3 109.4 383.5 166.2 171.5 266.8 221.9 155.8 238.8 195.0 301.3 196.3 175.3 106.8 171.2 88.0 184.9 94.3 258.5 216.1 211.6 161.2 225.0
1207.7 369.4 432.7 298.3 469.9 438.6 342.2 472.0 399.0 205.0 464.4 395.9 48.1 427.5 359.5 338.5 385.4 448.4 62.3 397.1 463.6 524.3 376.9 362.7 466.9 451.6 457.1 381.3 442.3 428.1 428.9 298.5 429.6 326.1 300.8 40.1 316.8 0.0 434.6 410.9 437.6 84.5 323.4 415.1 485.4 392.9 401.9 221.9 464.1 498.0 358.7 472.4 411.5 431.5 57.6 50.0 436.9 401.0 361.3 311.7 33.5 461.8 407.6 297.7 432.3 429.1 421.0 475.5 371.9 459.0 389.7 355.0 421.9 398.4 455.5 275.5 196.5 435.8 454.1 331.7 436.4 442.0 353.2 211.6 203.2 291.6 369.8 423.3 383.1 311.6 245.2 382.0 38.7 518.8 456.3 402.1 349.1 377.1 381.2 401.9 463.8 418.9 421.2 435.8 392.0 231.4 393.3 251.3 346.6 323.8 226.9 401.1 340.1 455.5 417.9 422.9 368.5 379.8
1425.6 171.8 163.3 304.5 127.1 4.0 215.0 216.6 143.6 440.9 209.0 190.2 404.6 158.1 205.7 333.9 203.4 130.0 426.0 241.3 39.6 100.3 226.9 100.0 46.4 81.8 201.7 125.9 94.6 172.7 130.9 304.3 250.8 198.9 463.6 412.6 232.5 462.8 0.0 82.1 222.1 392.9 196.2 192.2 50.7 106.0 89.2 439.8 47.6 117.6 178.1 124.7 142.1 96.5 442.8 438.9 211.4 131.6 152.0 294.5 419.2 206.4 184.7 174.7 125.7 79.0 131.7 226.9 193.9 192.6 134.3 132.1 269.5 291.5 115.4 461.3 432.4 120.6 60.7 179.6 124.0 186.6 172.6 428.3 421.1 304.2 262.9 181.6 96.2 180.4 467.4 95.2 450.8 114.4 32.3 115.2 139.8 485.8 204.2 250.6 208.4 119.2 126.0 88.1 169.1 449.3 137.9 323.3 166.0 319.2 236.0 68.1 196.9 200.1 57.5 249.6 218.5 272.9
1441.1 270.3 136.2 268.2 64.3 86.1 228.2 189.5 116.5 456.4 181.9 296.8 420.1 131.0 225.5 308.4 218.9 109.0 386.8 214.6 111.1 141.2 277.8 171.5 114.4 153.3 174.6 98.8 25.9 145.6 117.6 268.4 226.5 212.1 479.1 428.1 248.0 440.2 77.6 0.0 187.6 392.3 209.4 165.1 132.9 150.6 160.7 455.3 129.8 112.3 185.0 56.0 115.0 14.3 424.1 399.0 187.1 107.7 202.9 310.0 434.7 179.3 157.6 190.2 197.2 138.8 205.3 199.8 169.6 162.5 107.2 105.0 287.9 264.4 33.2 476.8 447.9 104.5 127.4 230.5 142.7 159.5 179.5 445.0 436.6 277.1 235.8 245.4 160.4 224.5 482.9 166.7 411.6 133.1 103.8 141.5 190.7 509.8 179.9 302.8 181.3 21.6 109.9 19.4 141.9 464.8 110.8 338.8 172.9 293.7 251.5 139.8 277.6 173.0 65.4 225.3 269.4 245.8
1449.8 222.8 91.4 277.6 251.4 218.0 237.6 82.1 174.8 526.5 57.0 241.2 415.7 113.5 133.7 317.8 286.1 224.6 396.2 145.3 243.0 290.9 272.3 290.6 249.8 280.9 120.8 156.7 221.7 102.9 208.3 277.8 176.0 208.7 520.2 423.7 234.2 449.6 201.2 190.3 0.0 390.4 218.8 32.4 264.8 308.9 292.6 480.2 261.7 277.1 296.5 251.8 109.1 204.1 433.5 409.1 102.5 113.1 170.6 291.0 430.3 116.1 85.6 235.5 241.6 270.7 217.5 37.8 121.9 62.1 165.5 92.5 160.6 184.1 228.1 488.9 505.2 202.4 259.3 227.1 301.0 129.4 291.0 468.7 461.5 265.7 179.9 232.6 299.6 231.4 436.8 191.3 408.2 291.4 235.7 306.3 145.6 529.6 65.3 296.0 80.4 185.5 200.6 215.2 79.6 489.7 169.1 379.9 284.4 290.3 276.4 271.5 247.9 66.2 197.3 140.7 251.1 171.4
1137.8 313.8 377.1 242.7 416.7 383.0 286.6 416.4 343.4 135.1 408.8 339.4 25.2 371.9 303.9 282.9 315.5 391.9 32.1 341.5 328.5 353.7 321.3 292.8 411.3 339.4 400.6 325.7 386.7 372.5 373.3 242.9 374.0 269.6 230.9 33.2 232.2 83.4 395.1 355.3 382.0 0.0 267.8 358.6 429.8 323.0 332.0 152.0 408.5 441.5 288.8 416.8 355.0 375.9 49.8 45.9 381.3 348.6 305.7 255.2 39.8 406.2 352.0 227.8 375.8 373.5 364.5 419.9 316.3 403.4 334.1 299.4 366.3 342.8 399.9 206.5 127.5 396.3 398.5 276.1 366.5 386.4 283.3 141.7 133.3 245.8 314.2 366.8 313.2 241.7 179.6 325.5 56.9 462.3 416.8 333.1 293.5 292.5 325.6 346.3 424.3 362.4 365.6 380.2 352.5 162.4 337.7 182.3 276.7 267.3 157.0 331.2 270.2 399.9 361.4 367.3 312.9 324.2
1338.4 63.2 196.7 166.2 233.9 202.6 18.7 236.0 163.0 415.1 228.4 89.7 304.3 191.5 105.5 206.4 228.6 192.1 284.8 143.1 227.6 288.3 70.7 204.3 230.9 207.7 221.1 145.3 206.3 192.1 142.4 166.4 175.6 2.6 408.8 312.3 176.7 338.2 194.1 174.9 201.6 294.6 0.0 179.1 180.3 294.0 215.1 422.7 157.9 262.0 239.0 236.4 175.5 195.5 322.1 297.0 182.9 168.2 66.5 179.6 318.9 225.8 171.6 178.0 184.1 122.9 174.9 239.5 117.9 223.0 153.7 119.0 167.9 144.4 219.5 444.2 406.6 179.6 147.9 25.5 292.4 206.0 233.5 412.4 404.0 175.1 115.8 133.8 284.2 173.9 316.3 133.8 309.6 282.8 220.3 291.2 81.0 431.0 145.2 95.7 227.8 182.9 149.3 199.8 155.9 432.2 157.3 268.5 226.9 191.7 218.9 256.3 190.4 219.5 181.9 168.9 62.3 125.8
1417.3 190.3 113.9 245.1 219.2 185.5 205.1 104.6 145.9 494.0 79.5 208.7 383.2 136.0 101.2 285.3 253.6 192.1 363.7 112.8 210.5 271.2 239.8 270.9 217.3 248.4 136.8 128.2 189.2 125.4 175.8 245.3 145.8 189.0 487.7 391.2 201.7 417.1 181.5 157.8 29.8 357.9 186.3 0.0 232.3 276.9 260.1 447.7 229.2 244.9 264.0 219.3 125.1 178.4 401.0 376.6 70.0 132.4 138.1 258.5 397.8 132.1 53.1 203.0 209.1 238.2 197.8 60.3 89.4 84.6 136.6 60.0 128.1 151.6 202.4 469.2 485.5 182.7 226.8 194.6 275.3 151.9 258.5 436.2 429.0 230.8 147.4 200.1 267.1 198.9 395.2 158.8 388.5 265.7 203.2 274.1 125.9 509.9 32.8 264.8 96.4 165.8 168.1 182.7 59.9 457.2 140.2 347.4 251.9 270.6 243.9 239.0 215.4 88.7 164.8 108.2 231.4 138.9
1475.6 203.3 213.3 354.5 174.7 45.9 198.9 266.6 193.6 490.9 259.0 229.8 454.6 208.1 200.0 383.9 253.4 164.5 476.0 233.2 89.6 150.3 210.8 150.0 92.9 131.8 251.7 175.9 144.6 222.7 114.8 354.3 245.1 182.8 513.6 462.6 217.5 512.8 54.4 132.1 251.8 426.8 180.1 229.3 0.0 156.0 139.2 489.8 31.5 167.6 228.1 174.7 192.1 146.5 492.8 488.2 205.7 184.8 135.9 344.5 469.2 256.4 234.7 224.7 175.7 62.9 183.8 289.7 188.2 239.6 184.3 182.1 263.8 255.5 165.4 511.3 482.4 140.8 44.6 163.5 174.0 236.6 222.6 479.5 471.1 313.7 247.3 208.2 146.2 214.7 517.4 145.2 500.8 164.4 82.3 165.2 123.7 544.4 198.5 235.8 258.4 169.2 121.7 138.1 219.0 499.3 187.9 373.3 216.0 369.2 286.0 118.3 231.2 250.1 106.6 243.9 202.4 257.3
1365.7 211.9 230.3 244.6 105.1 101.6 262.7 283.6 210.6 381.0 276.0 230.3 344.7 225.1 245.8 274.0 143.5 192.1 366.1 279.0 84.8 41.6 255.7 54.8 53.0 57.2 268.7 192.9 161.6 239.7 200.7 244.4 290.9 246.6 403.7 352.7 172.6 402.9 93.1 149.1 281.7 316.9 243.9 259.2 148.4 0.0 49.8 379.9 145.3 48.7 118.2 191.7 209.1 163.5 382.9 378.3 251.5 201.8 199.7 234.6 359.3 273.4 251.7 114.8 122.6 176.7 135.1 293.9 234.0 256.6 201.3 199.1 309.6 301.3 136.2 401.4 372.5 187.6 158.4 227.3 43.4 253.6 112.7 369.6 361.2 300.3 293.1 214.0 9.7 149.1 407.5 135.3 390.9 53.0 63.6 9.1 187.5 425.9 244.3 258.9 275.4 186.2 193.0 155.1 236.0 389.4 204.9 263.4 106.1 259.3 176.1 27.6 202.2 267.1 124.5 289.7 247.3 303.1
1364.7 167.8 223.5 243.6 143.1 94.8 218.6 276.8 203.8 380.0 269.2 186.2 343.7 218.3 201.7 273.0 142.5 185.3 365.1 234.9 39.5 105.2 211.6 53.8 61.3 7.3 261.9 186.1 154.8 232.9 182.9 243.4 246.8 202.5 402.7 351.7 171.6 401.9 86.3 142.3 253.5 315.9 199.8 231.0 141.6 59.8 0.0 378.9 138.5 108.6 117.2 184.9 202.3 156.7 381.9 377.3 207.4 195.0 155.6 233.6 358.3 266.6 244.6 113.8 121.6 163.4 129.8 291.4 189.9 249.8 194.5 192.0 265.5 257.2 174.2 400.4 371.5 180.8 151.6 183.2 103.3 246.8 111.7 368.6 360.2 299.3 249.0 169.9 50.0 148.1 406.5 91.2 389.9 112.9 50.7 69.0 143.4 424.9 200.2 214.8 268.6 179.4 186.2 148.3 228.9 388.4 198.1 262.4 105.1 258.3 175.1 68.0 201.2 260.3 117.7 245.6 203.2 259.0
1164.5 310.3 373.6 239.2 410.8 379.5 283.1 412.9 339.9 285.8 405.3 336.8 259.9 368.4 300.4 279.4 417.7 381.2 240.4 338.0 404.5 465.2 317.8 393.4 407.8 396.8 398.0 322.2 383.2 369.0 369.8 239.4 370.5 267.0 224.9 267.9 365.8 293.8 371.0 351.8 378.5 250.2 264.3 356.0 426.3 470.9 404.2 0.0 405.0 438.9 386.5 413.3 352.4 372.4 277.7 252.6 377.8 345.1 302.2 252.6 274.5 402.7 348.5 325.5 373.2 370.0 364.0 416.4 312.8 399.9 330.6 295.9 362.8 339.3 396.4 182.2 195.6 376.7 395.0 272.6 469.3 382.9 381.0 61.2 68.3 243.2 310.7 356.5 461.1 363.0 27.5 322.9 265.2 459.7 397.2 468.1 290.0 404.4 322.1 342.8 404.7 359.8 362.1 376.7 332.8 119.8 334.2 279.1 374.4 264.7 254.7 433.2 379.5 396.4 358.8 363.8 309.4 320.7
1417.7 171.7 221.0 273.2 182.4 53.6 167.3 274.3 201.3 433.0 277.3 198.2 396.7 215.8 168.4 313.4 261.1 132.9 391.8 201.6 97.3 158.0 179.2 157.7 100.6 139.5 259.4 183.6 152.3 230.4 83.2 273.4 213.5 151.2 455.7 404.7 185.9 454.9 62.1 139.8 220.2 368.9 148.5 197.7 22.3 163.7 146.9 431.9 0.0 175.3 235.8 182.4 199.8 154.2 429.1 404.0 174.1 192.5 104.3 286.6 411.3 264.1 211.3 232.4 183.4 31.3 191.5 258.1 156.6 247.3 192.0 158.7 232.2 223.9 173.1 453.4 424.5 109.2 13.0 131.9 181.7 244.3 230.3 421.6 413.2 282.1 215.7 176.6 153.9 183.1 459.5 152.9 416.6 172.1 90.0 172.9 92.1 512.8 166.9 204.2 266.1 176.9 90.1 145.8 195.6 441.4 195.6 315.4 223.7 298.7 228.1 126.0 199.6 257.8 75.0 212.3 170.8 225.7
1404.0 238.6 222.5 282.9 58.7 123.2 334.3 275.8 202.8 419.3 268.2 257.0 383.0 217.3 272.5 312.3 181.8 221.8 404.4 305.7 106.4 79.9 282.4 93.1 74.6 99.8 260.9 185.1 156.7 231.9 222.3 282.7 320.2 318.2 442.0 391.0 210.9 441.2 119.2 130.7 273.9 371.3 315.5 251.4 170.0 38.2 88.1 418.2 166.9 0.0 156.5 186.8 201.3 116.3 421.2 417.3 278.2 194.0 271.3 272.9 397.6 265.6 243.9 153.1 160.9 198.3 176.3 255.0 260.7 248.8 193.5 191.3 336.3 350.7 87.4 439.7 410.8 209.2 180.0 298.9 56.2 245.8 151.0 406.7 399.5 338.6 322.1 248.4 48.0 187.4 441.5 162.0 429.2 65.8 85.2 29.1 259.1 500.5 271.0 284.3 267.6 156.3 214.6 150.2 228.3 427.7 197.1 301.7 144.4 297.6 214.4 65.9 240.5 259.3 146.1 316.4 274.0 332.1
1344.2 202.2 312.1 223.1 173.5 186.4 261.0 351.4 278.4 359.5 353.0 220.6 323.2 306.9 244.1 252.5 122.0 275.0 344.6 277.3 131.1 156.3 246.0 80.7 144.5 131.6 336.5 260.7 246.4 307.5 225.3 222.9 289.2 244.9 382.2 331.2 153.0 381.4 182.4 233.9 303.3 312.4 242.2 273.4 263.2 110.9 119.9 358.4 240.8 159.7 0.0 276.5 290.9 231.1 361.4 357.5 249.8 280.4 198.0 213.1 337.8 341.2 287.0 113.6 148.5 205.8 197.7 333.8 232.3 338.4 269.1 234.4 307.9 299.6 202.2 379.9 351.0 262.5 230.8 225.6 154.4 321.4 8.2 346.9 339.7 268.1 291.4 212.0 101.1 85.0 386.0 158.7 369.4 164.0 142.3 120.1 185.8 428.0 242.6 249.2 343.2 298.3 232.2 239.9 271.4 367.9 272.7 241.9 18.2 237.8 154.6 119.3 194.7 334.9 209.3 288.0 237.6 301.4
1501.8 297.5 174.4 306.4 125.0 113.3 293.1 227.7 154.7 517.1 220.1 324.0 444.5 169.2 263.7 346.6 279.6 136.2 425.0 252.8 138.3 199.0 305.0 198.7 141.6 180.5 212.8 137.0 24.6 183.8 144.8 306.6 264.7 277.0 549.0 452.5 308.7 478.4 104.8 60.6 225.8 453.0 274.3 203.3 160.1 204.7 187.9 516.0 157.0 173.0 245.7 0.0 153.2 75.0 462.3 437.2 225.3 145.9 230.1 319.8 459.1 217.5 195.8 250.9 224.4 166.0 232.5 238.0 207.8 200.7 145.4 143.2 326.1 302.6 93.9 537.5 508.6 131.7 154.6 257.7 203.4 197.7 240.2 505.7 497.3 315.3 274.0 272.6 194.9 279.1 543.6 193.9 449.8 193.8 131.0 202.2 217.9 570.5 218.1 330.0 219.5 97.7 137.1 31.1 180.1 525.5 149.0 408.7 233.6 331.9 312.2 167.0 338.3 211.2 92.6 263.5 296.6 284.0
1422.2 237.2 21.1 250.0 177.6 143.9 210.0 156.7 98.3 498.9 131.6 232.4 388.1 29.1 207.3 290.2 277.3 145.6 368.6 196.4 168.9 229.6 244.7 229.3 172.2 211.1 156.4 80.6 147.6 127.4 134.2 250.2 208.3 193.9 492.6 396.1 225.4 422.0 139.9 116.2 129.3 378.4 191.2 146.9 190.7 235.3 218.5 486.8 187.6 203.3 276.0 177.7 0.0 136.8 405.9 381.5 168.9 10.4 161.8 263.4 402.7 161.1 139.4 281.2 255.0 196.6 261.0 84.7 151.4 50.4 89.0 86.8 269.7 246.2 160.8 508.3 490.4 141.1 185.2 199.5 233.7 141.3 270.5 475.3 468.1 258.9 217.6 223.8 225.5 222.6 400.1 224.5 393.4 224.1 161.6 232.5 149.6 514.8 161.7 268.4 148.5 124.2 126.5 141.1 123.8 496.3 92.6 352.3 263.9 275.5 267.6 197.4 239.1 140.8 123.2 207.1 236.3 227.6
1426.7 284.7 154.5 305.6 49.9 100.5 246.5 207.8 134.8 442.0 200.2 311.2 405.7 149.3 243.8 335.0 204.5 123.4 427.1 232.9 125.5 126.8 292.2 163.2 103.3 167.7 192.9 117.1 40.3 163.9 132.0 305.4 244.8 230.4 464.7 413.7 233.6 463.9 92.0 14.3 205.9 377.9 227.7 183.4 147.3 136.2 175.1 440.9 144.2 97.9 170.6 70.4 133.3 0.0 443.9 439.3 205.4 126.0 217.3 295.6 420.3 197.6 175.9 175.8 211.6 153.2 219.7 218.1 187.9 180.8 125.5 123.3 306.2 282.7 18.8 462.4 433.5 118.9 141.8 244.9 128.3 177.8 165.1 430.6 422.2 295.4 254.1 259.8 146.0 210.1 468.5 181.1 451.9 118.7 113.9 127.1 205.1 495.4 198.2 317.2 199.6 39.9 124.3 33.8 160.2 450.4 129.1 324.4 158.5 320.3 237.1 137.2 263.2 191.3 79.8 243.6 283.8 264.1
1197.7 346.0 409.3 274.9 446.5 415.2 318.8 448.6 375.6 195.0 441.0 372.5 84.2 404.1 336.1 315.1 375.4 416.9 65.2 373.7 440.2 500.9 353.5 352.7 443.5 432.5 433.7 357.9 418.9 404.7 405.5 275.1 406.2 302.7 290.8 87.9 306.8 47.7 406.7 387.5 414.2 74.5 300.0 391.7 462.0 382.9 391.9 211.9 440.7 474.6 348.7 449.0 388.1 408.1 0.0 77.4 413.5 380.8 337.9 288.3 81.3 438.4 384.2 287.7 408.9 405.7 399.7 452.1 348.5 435.6 366.3 331.6 398.5 375.0 432.1 265.5 186.5 412.4 430.7 308.3 505.0 418.6 343.2 201.6 193.2 278.9 346.4 392.2 373.1 301.6 239.5 358.6 89.1 495.4 432.9 392.1 325.7 367.1 357.8 378.5 440.4 395.5 397.8 412.4 368.5 221.4 369.9 241.3 336.6 300.4 216.9 468.9 330.1 432.1 394.5 399.5 345.1 356.4
1191.5 319.3 382.6 248.2 422.2 388.5 292.1 421.9 348.9 188.8 414.3 345.8 78.0 377.4 308.7 288.4 369.2 390.2 12.3 347.0 413.5 474.2 326.8 346.5 420.3 401.5 407.0 331.2 392.2 378.0 378.8 248.4 379.5 276.0 284.6 80.6 300.6 40.4 384.5 360.8 387.5 68.3 273.3 365.0 435.3 376.7 413.2 205.7 414.0 447.9 342.5 422.3 361.4 381.4 80.7 0.0 386.8 354.1 311.2 261.6 74.0 411.7 357.5 281.5 382.2 379.0 370.9 425.4 321.8 411.9 339.6 304.9 371.8 348.3 405.4 259.3 180.3 385.7 404.0 281.6 478.3 391.9 337.0 195.4 187.0 241.5 320.7 373.2 366.9 295.4 233.3 331.9 11.8 468.7 406.2 385.9 299.0 360.9 331.1 350.5 413.7 368.8 371.1 385.7 341.9 215.2 343.2 235.1 330.4 273.7 210.7 442.0 323.9 405.4 367.8 372.8 318.4 329.7
1388.6 145.4 182.7 199.4 219.8 188.5 156.2 173.4 148.9 403.9 148.3 163.8 337.5 177.4 56.3 239.6 208.7 190.2 318.0 45.0 169.5 248.7 168.1 184.4 191.3 187.8 205.6 131.2 192.2 178.0 140.5 199.6 75.7 140.1 442.0 345.5 156.8 371.4 180.0 160.8 91.2 339.8 137.4 68.7 178.4 249.3 195.2 402.8 156.0 247.9 219.1 222.3 161.4 181.4 355.3 330.2 0.0 154.1 93.2 212.8 352.1 200.9 108.0 158.1 164.2 121.0 155.0 129.1 44.5 156.4 139.6 114.9 58.0 81.5 205.4 424.3 395.4 177.7 146.0 120.8 272.4 191.9 213.6 392.5 384.1 208.3 78.3 147.5 239.5 154.0 430.4 113.9 342.8 262.8 180.7 258.5 81.0 483.7 37.9 192.4 165.2 168.8 147.4 185.7 114.7 412.3 143.2 301.7 207.0 224.9 199.0 216.7 170.5 157.5 167.8 38.1 159.7 68.8
1414.9 229.9 28.4 242.7 167.1 136.6 202.7 164.0 91.0 491.6 138.9 225.1 380.8 36.4 196.8 282.9 270.0 143.2 361.3 191.5 161.6 219.1 237.4 218.8 168.4 199.5 145.9 73.3 140.3 120.1 126.9 242.9 203.6 186.6 485.3 388.8 218.1 411.5 129.4 108.9 136.6 355.5 183.9 136.4 183.4 228.0 211.2 479.5 180.3 192.8 265.5 170.4 10.4 129.5 398.6 371.0 161.6 0.0 154.5 256.1 395.4 153.8 132.1 273.9 247.7 189.3 250.5 92.0 144.1 57.7 81.7 79.5 262.4 238.9 153.5 497.8 483.1 130.6 177.9 192.2 226.4 134.0 263.2 468.0 460.8 230.8 211.3 213.3 218.2 215.3 401.9 217.2 386.1 216.8 154.3 225.2 139.1 504.3 154.4 261.1 152.6 113.7 116.0 133.8 116.5 489.0 85.3 345.0 256.6 265.0 257.1 190.1 231.8 147.5 115.9 196.6 225.8 220.3
1341.9 67.3 180.6 220.8 257.1 145.0 62.9 219.9 146.9 357.2 221.5 93.8 320.9 175.4 152.4 250.2 162.0 125.5 342.3 190.0 122.8 202.0 74.8 137.7 144.6 141.1 205.0 129.2 205.2 176.0 75.8 220.6 222.5 46.8 379.9 328.9 110.1 379.1 153.5 192.7 164.4 293.1 44.1 141.9 113.7 202.6 148.5 356.1 91.3 219.3 172.4 235.3 159.4 207.1 359.1 354.5 118.3 152.1 0.0 210.8 335.5 209.7 155.5 111.4 117.5 56.3 108.3 202.3 164.8 206.9 137.6 102.9 214.8 191.3 226.0 377.6 348.7 113.0 81.3 27.5 225.7 189.9 166.9 345.8 337.4 222.0 162.7 100.8 192.8 107.3 383.7 67.2 367.1 216.1 134.0 211.8 14.4 437.0 111.1 99.8 211.7 166.8 82.7 198.7 139.8 365.6 141.2 239.6 160.3 235.5 152.3 170.0 123.8 203.4 143.3 215.8 66.4 172.7
1209.1 201.7 265.0 9.9 302.2 270.9 174.5 304.3 231.3 244.5 296.7 228.2 188.1 259.8 191.8 39.3 240.9 272.6 209.5 229.4 295.9 356.6 209.2 218.2 299.2 288.2 289.4 213.6 274.6 260.4 261.2 9.7 261.9 158.4 229.1 196.1 172.3 246.3 262.4 243.2 269.9 160.3 155.7 247.4 317.7 248.4 295.6 223.3 296.4 330.3 214.2 304.7 243.8 263.8 226.3 221.7 269.2 236.5 193.6 0.0 202.7 294.1 239.9 153.2 264.6 261.4 255.4 307.8 204.2 291.3 222.0 187.3 254.2 230.7 287.8 244.8 215.9 268.1 286.4 164.0 360.7 274.3 208.7 213.0 204.6 65.6 202.1 247.9 238.6 167.1 250.9 214.3 234.3 351.1 288.6 257.6 181.4 251.3 213.5 234.2 296.1 251.2 253.5 268.1 224.2 232.8 225.6 88.8 202.1 24.6 82.4 324.6 195.6 287.8 250.2 255.2 200.8 212.1
1174.1 342.8 406.1 271.7 443.3 412.0 315.6 445.4 372.4 171.4 437.8 369.3 14.6 400.9 332.9 311.9 351.8 413.7 62.0 370.5 437.0 404.7 350.3 329.1 440.3 375.7 430.5 354.7 415.7 401.5 402.3 271.9 403.0 299.5 267.2 6.6 283.2 43.5 403.5 384.3 411.0 50.9 296.8 388.5 458.8 359.3 368.3 188.3 437.5 471.4 325.1 445.8 384.9 404.9 78.8 74.2 410.3 377.6 334.7 285.1 0.0 435.2 381.0 264.1 405.7 402.5 396.5 448.9 345.3 432.4 363.1 328.4 395.3 371.8 428.9 241.9 162.9 409.2 427.5 305.1 402.8 415.4 319.6 178.0 169.6 275.7 343.2 389.0 349.5 278.0 215.9 355.4 82.3 492.2 429.7 368.5 322.5 343.5 354.6 375.3 437.2 392.3 394.6 409.2 365.3 197.8 366.7 217.7 313.0 297.2 193.3 367.5 306.5 428.9 391.3 396.3 341.9 353.2
1470.4 285.4 130.8 298.2 239.8 206.1 258.2 17.4 72.4 547.1 42.0 280.6 436.3 152.9 255.5 338.4 325.5 215.9 416.8 244.6 231.1 291.8 292.9 291.5 234.4 273.3 4.6 97.7 209.8 50.4 196.4 298.4 256.5 242.1 540.8 444.3 273.6 470.2 202.1 178.4 114.1 426.6 239.4 139.9 252.9 297.5 280.7 535.0 249.8 265.5 338.2 239.9 142.0 199.0 454.1 429.7 210.0 152.5 210.0 311.6 450.9 0.0 187.6 343.4 317.2 258.8 323.2 77.2 199.6 104.5 81.4 135.0 317.9 294.4 223.0 556.5 538.6 203.3 247.4 247.7 295.9 19.8 332.7 523.5 516.3 283.9 265.8 272.0 287.7 270.8 448.3 286.7 441.6 286.3 223.8 294.7 197.8 563.0 172.8 316.6 24.9 186.4 188.7 203.3 172.0 544.5 77.9 400.5 326.1 323.7 315.8 259.6 287.3 33.1 185.4 248.2 284.5 275.8
1402.5 217.5 179.8 230.3 202.0 170.7 190.3 170.5 131.1 479.2 145.4 212.7 368.4 159.6 187.6 270.5 257.6 172.4 348.9 176.7 195.7 256.4 225.0 256.1 199.0 237.9 202.7 113.4 174.4 160.2 161.0 230.5 188.6 174.2 472.9 376.4 205.7 402.3 162.2 143.0 88.3 358.7 171.5 65.8 217.5 262.1 245.3 467.1 214.4 230.1 268.0 204.5 143.6 163.6 386.2 361.1 142.0 136.3 142.1 243.7 383.0 198.0 0.0 207.0 281.8 223.4 203.9 126.2 131.7 153.5 121.8 45.2 250.0 226.5 187.6 488.6 470.7 167.9 212.0 179.8 260.5 174.1 262.5 456.8 448.4 239.2 197.9 196.4 252.3 202.9 380.4 162.8 373.7 250.9 188.4 259.3 129.9 495.1 104.8 250.0 162.3 151.0 153.3 167.9 45.0 476.6 125.4 332.6 255.9 255.8 247.9 224.4 219.4 154.6 150.0 180.2 216.6 207.9
1250.8 106.9 216.8 129.7 225.0 174.3 165.7 256.1 183.1 266.1 257.7 125.3 229.8 211.6 148.8 159.1 87.6 176.6 251.2 184.4 119.0 140.5 150.7 64.9 144.3 137.3 241.2 165.4 226.4 212.2 130.0 129.5 193.9 149.6 288.8 237.8 57.7 288.0 170.3 195.0 200.6 218.1 146.9 178.1 167.9 95.1 144.7 265.0 145.5 143.9 60.9 256.5 195.6 215.6 268.0 264.1 154.5 185.1 102.7 119.7 244.4 245.9 191.7 0.0 113.7 110.5 102.4 238.5 137.0 243.1 173.8 139.1 212.6 204.3 239.6 286.5 257.6 167.2 135.5 130.3 138.6 226.1 55.4 253.5 246.3 185.4 196.1 116.7 85.3 34.2 288.3 63.4 276.0 148.2 130.2 104.3 90.5 311.0 147.3 152.6 247.9 203.0 136.9 219.9 176.1 274.5 177.4 148.5 48.8 144.4 61.2 103.5 87.3 239.6 197.2 192.7 142.3 206.1
1373.6 131.2 233.1 252.5 179.9 131.6 182.0 272.4 199.4 388.9 274.0 149.6 352.6 227.9 165.1 281.9 151.4 196.0 374.0 198.3 76.3 155.5 175.0 48.0 98.1 94.6 257.5 181.7 191.6 228.5 146.3 252.3 210.2 165.9 411.6 360.6 180.5 410.8 123.1 179.1 216.9 324.8 163.2 194.4 178.4 112.9 102.0 387.8 161.8 161.7 126.1 221.7 211.9 193.5 390.8 386.2 170.8 204.6 119.0 242.5 367.2 262.2 208.0 122.7 0.0 126.8 12.4 254.8 153.3 259.4 190.1 155.4 228.9 220.6 211.0 409.3 380.4 183.5 151.8 146.6 156.4 242.4 120.6 377.5 369.1 308.2 212.4 133.3 103.1 139.8 415.4 54.6 398.8 166.0 87.5 122.1 106.8 433.8 163.6 178.2 264.2 216.2 153.2 185.1 192.3 397.3 193.7 271.3 114.0 267.2 184.0 121.1 156.3 255.9 154.5 209.0 166.6 222.4
1381.4 135.4 200.1 236.9 201.9 73.7 131.0 239.4 166.4 396.7 241.0 161.9 360.4 194.9 132.1 277.1 201.5 96.6 355.5 165.3 117.4 178.1 142.9 177.8 120.7 159.6 224.5 148.7 150.0 195.5 46.9 237.1 177.2 114.9 419.4 368.4 149.6 418.6 82.2 137.5 183.9 332.6 112.2 161.4 42.4 183.8 167.0 395.6 20.0 195.4 255.9 180.1 178.9 151.9 392.8 367.7 137.8 171.6 68.0 250.3 375.0 229.2 175.0 150.9 203.5 0.0 211.6 221.8 120.3 226.4 157.1 122.4 195.9 187.6 170.8 417.1 388.2 72.9 10.0 95.6 201.8 209.4 250.4 385.3 376.9 245.8 179.4 140.3 174.0 146.8 423.2 173.0 380.3 192.2 110.1 193.0 55.8 476.5 130.6 167.9 231.2 174.6 53.8 143.5 159.3 405.1 160.7 279.1 243.8 262.4 191.8 146.1 163.3 222.9 72.0 176.0 134.5 189.4
1384.9 115.8 217.7 263.8 178.3 127.6 166.6 257.0 184.0 400.2 258.6 134.2 363.9 212.5 149.7 293.2 162.7 175.6 385.3 185.3 72.3 151.5 159.6 59.3 97.6 90.6 242.1 166.3 187.6 213.1 130.9 263.6 197.4 150.5 422.9 371.9 127.2 422.1 123.6 175.1 208.9 352.2 147.8 179.0 168.8 124.2 98.0 399.1 146.4 168.8 137.4 217.7 196.5 189.5 402.1 398.2 155.4 186.0 103.6 253.8 378.5 246.8 192.6 134.0 11.3 111.4 0.0 239.4 137.9 244.0 174.7 140.0 213.5 205.2 207.0 420.6 391.7 168.1 136.4 131.2 167.7 227.0 131.9 387.6 380.4 263.4 197.0 125.6 114.4 124.4 426.7 39.2 410.1 165.6 83.5 133.4 91.4 454.1 148.2 161.5 248.8 203.9 137.8 181.1 177.0 408.6 178.3 282.6 125.3 278.5 195.3 119.3 140.9 240.5 150.5 193.6 151.2 207.0
1487.0 260.7 53.5 314.8 204.6 208.7 274.8 71.9 163.1 563.7 46.8 279.1 452.9 75.6 171.6 355.0 339.3 210.4 433.4 185.5 233.7 261.6 309.5 298.0 238.1 275.9 104.1 140.0 206.6 92.7 199.0 315.0 216.2 258.7 557.4 460.9 272.1 486.8 200.2 180.6 37.8 443.2 256.0 70.3 255.5 271.0 283.3 518.1 252.4 232.7 305.4 236.7 64.7 166.2 470.7 445.6 140.4 72.0 208.5 328.2 467.5 99.4 123.5 310.6 319.8 261.4 327.9 0.0 159.8 27.2 153.8 130.4 198.5 222.0 190.2 539.6 555.2 205.9 250.0 264.3 263.1 119.2 299.9 507.8 499.4 323.7 218.8 262.8 280.8 269.3 464.9 289.3 458.2 253.5 226.4 261.9 196.3 579.6 103.2 334.5 63.7 189.0 191.3 200.1 130.2 527.6 157.4 417.1 293.3 340.3 314.3 272.0 285.8 56.0 188.0 178.6 301.1 209.3
1370.5 127.3 164.5 181.3 201.7 170.4 138.1 192.2 130.8 385.8 167.1 145.7 319.4 159.3 11.7 221.5 190.6 172.1 299.9 44.9 151.4 230.6 150.0 166.3 173.2 169.7 188.9 113.1 174.1 159.9 122.4 181.5 56.8 122.0 423.9 327.4 138.7 353.3 161.9 142.7 110.0 321.7 119.3 87.5 160.3 231.2 177.1 384.7 137.9 229.8 201.0 204.2 143.3 163.3 337.2 312.1 89.5 136.0 75.1 194.7 334.0 193.6 126.8 140.0 146.1 102.9 136.9 147.9 0.0 175.2 121.5 86.8 96.5 67.2 187.3 406.2 377.3 159.6 127.9 102.7 254.3 173.8 195.5 374.4 366.0 190.2 59.0 129.4 221.4 135.9 412.3 95.8 324.7 244.7 162.6 240.4 62.9 465.6 56.7 174.3 184.0 150.7 129.3 167.6 133.5 394.2 125.1 283.6 188.9 206.8 180.9 198.6 152.4 176.3 149.7 108.6 141.6 69.0
1459.7 274.7 26.3 287.5 200.0 184.4 247.5 109.2 135.8 536.4 84.1 272.9 425.6 48.3 244.8 327.7 332.3 188.0 409.1 220.5 209.4 251.6 282.2 266.8 213.2 244.3 138.4 121.1 199.6 130.0 171.7 287.7 251.2 234.4 530.1 433.6 265.9 459.5 177.4 153.7 81.8 400.3 228.7 104.6 228.2 264.0 256.0 524.3 225.1 225.7 298.4 229.7 40.4 159.2 443.4 419.0 177.7 47.9 199.3 300.9 440.2 136.7 160.8 300.6 292.5 234.1 298.5 37.2 188.9 0.0 126.5 124.3 235.8 283.7 183.2 545.8 530.9 178.6 225.7 237.0 256.1 156.5 292.9 512.8 505.6 275.6 256.1 264.3 273.8 260.1 446.7 262.0 433.9 246.5 202.1 251.9 187.1 552.3 137.5 305.9 98.0 161.7 164.0 193.1 164.3 536.8 130.1 392.8 286.3 313.0 305.1 234.9 276.6 93.3 163.7 212.9 273.8 265.1
1388.9 203.9 118.7 216.7 155.9 124.6 176.7 89.5 9.2 465.6 108.2 199.1 354.8 113.5 174.0 256.9 244.0 126.3 335.3 163.1 149.6 210.3 211.4 210.0 152.9 191.8 67.3 25.1 128.3 71.9 114.9 216.9 175.0 160.6 459.3 362.8 192.1 388.7 116.1 96.9 136.1 345.1 157.9 113.6 171.4 216.0 199.2 453.5 168.3 184.0 256.7 158.4 97.5 117.5 372.6 347.5 135.6 90.2 128.5 230.1 369.4 72.0 106.1 261.9 235.7 177.3 243.8 143.4 118.1 170.7 0.0 53.5 236.4 212.9 141.5 475.0 457.1 121.8 165.9 166.2 214.4 52.2 251.2 443.2 434.8 225.6 184.3 182.8 206.2 189.3 366.8 205.2 360.1 204.8 142.3 213.2 116.3 481.5 128.4 236.4 97.0 104.9 107.2 121.8 90.4 463.0 3.5 319.0 244.6 242.2 234.3 178.3 205.8 99.3 103.9 173.8 203.0 194.3
1357.2 172.2 119.5 185.0 156.7 125.4 145.0 164.7 85.8 433.9 139.6 167.4 323.1 114.3 142.3 225.2 212.3 127.1 303.6 131.4 150.4 211.1 179.7 210.8 153.7 192.6 143.9 68.1 129.1 114.9 115.7 185.2 143.3 128.9 427.6 331.1 160.4 357.0 116.9 97.7 82.5 313.4 126.2 60.0 172.2 216.8 200.0 421.8 169.1 184.8 222.7 159.2 98.3 118.3 340.9 315.8 103.9 91.0 96.8 198.4 337.7 148.6 52.5 161.7 236.5 178.1 158.6 120.4 86.4 147.7 76.5 0.0 204.7 181.2 142.3 443.3 425.4 122.6 166.7 134.5 215.2 128.8 217.2 411.5 403.1 193.9 152.6 151.1 207.0 157.6 335.1 117.5 328.4 205.6 143.1 214.0 84.6 449.8 96.7 204.7 156.5 105.7 108.0 122.6 36.8 431.3 80.1 287.3 210.6 210.5 202.6 179.1 174.1 148.8 104.7 142.1 171.3 162.6
1455.5 212.3 249.6 256.7 286.7 255.4 198.7 240.3 215.8 470.8 215.2 230.7 394.8 244.3 82.4 296.9 275.6 257.1 375.3 40.8 236.4 315.6 233.4 251.3 258.2 254.7 272.5 198.1 259.1 244.9 207.4 256.9 53.5 182.6 499.3 402.8 223.7 428.7 246.9 227.7 158.1 385.1 179.9 135.6 245.3 316.2 262.1 469.7 222.9 314.8 286.0 289.2 228.3 248.3 412.6 387.5 66.8 221.0 160.1 270.1 409.4 267.8 174.9 225.0 231.1 187.9 221.9 196.0 94.8 223.3 206.5 181.8 0.0 23.4 272.3 491.2 462.3 244.6 212.9 187.7 339.3 258.8 280.5 459.4 451.0 265.6 99.7 214.4 306.4 220.9 406.8 180.8 400.1 329.7 247.6 325.4 147.9 521.5 104.8 258.4 232.1 235.7 214.3 252.6 181.6 479.2 210.1 359.0 273.9 282.2 265.9 283.6 237.4 224.4 234.7 458.1 225.0 109.7
1448.5 202.4 242.5 233.2 279.7 248.4 175.2 263.8 208.8 482.1 238.7 223.7 371.3 237.3 65.5 273.4 268.6 250.1 351.8 64.3 229.4 308.6 209.9 244.3 251.2 247.7 266.9 191.1 252.1 237.9 200.4 233.4 77.0 159.1 475.8 379.3 216.7 405.2 239.9 220.7 181.6 361.6 156.4 159.1 238.3 309.2 255.1 462.7 215.9 307.8 279.0 282.2 221.3 241.3 389.1 364.0 90.3 214.0 153.1 246.6 385.9 271.6 198.4 218.0 224.1 180.9 214.9 219.5 77.9 246.8 199.5 164.8 23.4 0.0 265.3 484.2 473.6 237.6 205.9 164.7 332.3 251.8 273.5 452.4 444.0 242.1 76.2 207.4 299.4 213.9 383.3 173.8 376.6 322.7 240.6 318.4 140.9 498.0 128.3 234.9 255.6 228.7 207.3 245.6 205.1 472.2 203.1 335.5 266.9 258.7 258.9 276.6 230.4 247.9 227.7 481.6 201.5 86.2
1440.7 256.8 183.4 319.6 31.0 129.4 275.4 236.7 163.7 456.0 229.1 275.2 419.7 178.2 272.7 349.0 218.5 152.3 441.1 261.8 124.6 116.3 321.1 177.2 92.8 166.8 221.8 146.0 69.2 192.8 160.9 319.4 273.7 259.3 478.7 427.7 247.6 477.9 120.9 43.2 234.8 391.9 256.6 212.3 176.2 125.7 174.2 454.9 173.1 87.4 184.6 99.3 162.2 28.8 457.9 453.3 234.3 154.9 246.2 309.6 434.3 226.5 204.8 189.8 210.7 182.1 218.8 247.0 216.8 209.7 154.4 152.2 335.1 311.6 0.0 476.4 447.5 147.8 170.7 273.8 117.8 206.7 179.1 444.6 436.2 324.3 283.0 258.9 135.5 224.1 482.5 180.2 465.9 108.2 103.4 116.6 234.0 509.4 227.1 346.1 228.5 68.8 153.2 62.7 189.1 464.4 158.0 338.4 172.5 334.3 251.1 126.7 277.2 220.2 108.7 272.5 312.7 293.0
1160.6 377.5 486.3 231.2 437.3 441.6 395.8 525.6 452.6 165.1 528.3 395.9 186.1 481.1 413.1 260.6 358.6 450.3 207.5 450.7 386.3 411.5 430.5 335.9 396.2 386.8 510.7 434.9 495.9 481.7 400.6 231.0 483.2 379.7 122.2 194.1 290.0 244.3 437.6 464.5 478.6 174.4 377.0 448.7 438.5 366.1 375.1 202.1 416.1 414.9 331.9 526.0 465.1 485.1 224.3 220.4 425.1 457.8 414.9 221.2 200.7 515.4 461.2 270.9 384.3 381.1 373.0 509.1 425.5 512.6 443.3 408.6 475.5 452.0 466.0 0.0 74.9 437.8 406.1 385.3 409.6 495.6 326.4 145.3 138.1 276.2 424.4 387.3 356.3 284.8 180.1 334.0 232.3 419.2 397.5 375.3 402.7 301.7 417.9 454.2 517.4 472.5 407.5 489.4 445.6 167.7 446.9 224.5 319.8 245.9 200.1 374.5 313.3 509.1 464.5 476.5 422.1 433.4
1158.0 368.1 476.9 221.8 427.9 432.2 386.4 516.2 443.2 90.1 518.9 386.5 158.7 471.7 403.7 251.2 349.2 440.9 180.1 441.3 376.9 402.1 421.1 326.5 386.8 377.4 501.3 425.5 486.5 472.3 391.2 221.6 473.8 370.3 139.6 166.7 280.6 216.9 428.2 455.1 469.2 130.9 367.6 439.3 429.1 356.7 365.7 199.5 406.7 405.5 322.5 516.6 455.7 475.7 196.9 193.0 415.7 448.4 405.5 211.8 173.3 506.0 451.8 261.5 374.9 371.7 363.6 499.7 416.1 506.2 433.9 399.2 466.1 442.6 456.6 78.9 0.0 428.4 396.7 375.9 400.2 486.2 317.0 142.7 135.5 266.8 414.0 377.9 346.9 275.4 177.5 324.6 204.9 409.8 388.1 365.9 393.3 262.2 408.5 444.8 508.0 463.1 398.1 480.0 436.2 165.1 437.5 215.1 310.4 236.5 190.7 364.9 303.9 499.7 455.1 467.1 412.7 424.0
1414.7 168.7 165.5 297.5 167.5 105.6 164.3 218.8 145.8 430.0 211.2 195.2 393.7 160.3 165.4 337.7 234.8 90.2 416.1 201.0 130.6 191.3 176.2 191.0 137.4 168.5 203.9 128.1 118.0 174.9 80.2 297.7 210.5 148.2 452.7 401.7 182.9 451.9 101.6 105.5 224.6 382.9 145.5 194.7 126.9 197.0 180.2 428.9 104.5 208.6 269.1 148.1 144.3 119.9 453.4 429.0 171.1 137.0 101.3 283.6 408.3 208.6 186.9 265.7 216.7 69.5 222.7 229.1 153.6 194.8 136.5 134.3 229.2 220.9 138.8 450.4 421.5 0.0 94.5 128.9 215.0 188.8 263.6 417.4 410.2 283.2 212.7 181.3 187.2 180.1 456.5 186.2 440.9 205.4 123.3 206.2 89.1 509.8 163.9 201.2 210.6 142.6 87.1 111.5 171.3 438.4 140.1 312.4 257.0 323.0 225.1 159.1 196.6 202.3 84.9 209.3 167.8 222.7
1397.7 151.7 208.6 253.2 189.4 76.7 147.3 255.7 182.7 413.0 257.3 178.2 376.7 203.4 148.4 293.4 217.8 112.9 371.8 184.0 120.4 181.1 159.2 180.8 123.7 162.6 240.8 165.0 139.9 211.8 63.2 253.4 193.5 131.2 435.7 384.7 165.9 434.9 80.7 127.4 200.2 365.9 128.5 177.7 45.4 186.8 170.0 411.9 23.0 198.4 258.9 170.0 187.4 141.8 409.1 384.7 154.1 176.9 84.3 266.6 391.3 245.5 191.3 255.5 206.5 11.3 212.5 238.1 136.6 234.9 173.4 138.7 212.2 203.9 160.7 433.4 404.5 89.2 0.0 111.9 204.8 225.7 253.4 400.4 393.2 241.3 195.7 164.3 177.0 163.1 435.2 176.0 396.6 195.2 113.1 196.0 72.1 492.8 146.9 184.2 247.5 164.5 70.1 133.4 175.7 421.4 177.0 295.4 246.8 278.7 208.1 148.9 179.6 239.2 61.9 192.3 150.8 205.7
1382.9 37.6 216.0 185.5 253.2 186.0 35.3 255.3 182.3 398.2 247.7 64.1 323.6 210.8 124.8 225.7 203.0 166.5 304.1 162.4 163.8 243.0 45.1 178.7 185.6 182.1 240.4 164.6 225.6 211.4 116.8 185.7 194.9 19.2 428.1 331.6 151.1 357.5 194.5 194.2 220.9 334.1 16.5 198.4 154.7 243.6 189.5 397.1 132.3 281.3 213.4 255.7 194.8 214.8 341.4 316.3 202.2 187.5 40.9 198.9 338.2 245.1 190.9 152.4 158.5 97.3 149.3 258.8 137.2 242.3 173.0 138.3 187.2 163.7 238.8 418.6 389.7 154.0 122.3 0.0 266.7 225.3 207.9 386.8 378.4 194.4 135.1 108.2 233.8 148.3 424.7 108.2 328.9 257.1 175.0 252.8 55.4 478.0 152.1 70.1 247.1 202.2 123.7 219.1 175.2 406.6 176.6 287.8 201.3 211.0 193.3 211.0 164.8 238.8 184.3 188.2 36.7 145.1
1399.2 245.0 258.3 278.1 86.7 129.6 340.7 311.6 238.6 414.5 304.0 263.4 378.2 253.1 278.9 307.5 177.0 220.1 399.6 312.1 112.8 75.1 288.8 88.3 81.0 90.7 296.7 220.9 187.1 267.7 228.7 277.9 324.0 324.6 437.2 386.2 206.1 436.4 121.1 161.1 309.7 350.4 321.9 287.2 176.4 33.4 83.3 413.4 173.3 76.7 151.7 217.2 237.1 146.7 416.4 411.8 284.6 229.8 277.7 268.1 392.8 301.4 279.7 148.3 156.1 204.7 168.6 285.4 267.1 284.6 229.3 227.1 342.7 334.4 117.8 434.9 406.0 215.6 186.4 305.3 0.0 281.6 146.2 403.1 394.7 333.8 326.2 247.1 43.2 182.6 441.0 168.4 424.4 9.5 91.6 37.1 265.5 459.4 277.4 292.0 303.4 186.7 221.0 180.6 264.0 422.9 232.9 296.9 139.6 292.8 209.6 61.1 235.7 295.1 152.5 322.8 280.4 336.2
1450.6 265.6 150.6 278.4 217.6 186.3 238.4 37.2 52.6 527.3 61.8 260.8 416.5 172.7 235.7 318.6 305.7 188.0 397.0 224.8 211.3 272.0 273.1 271.7 214.6 253.5 15.1 86.8 190.0 70.2 176.6 278.6 236.7 222.3 521.0 424.5 253.8 450.4 177.8 158.6 127.2 406.8 219.6 159.7 233.1 277.7 260.9 515.2 230.0 245.7 318.4 220.1 161.8 179.2 434.3 409.2 197.3 169.1 190.2 291.8 431.1 19.8 167.8 323.6 297.4 239.0 305.5 97.0 179.8 124.3 61.6 115.2 298.1 274.6 203.2 536.7 518.8 183.5 227.6 227.9 276.1 0.0 312.9 504.9 496.5 287.3 246.0 244.5 267.9 251.0 428.5 266.9 421.8 266.5 204.0 274.9 178.0 543.2 190.1 298.1 44.7 166.6 168.9 183.5 152.1 524.7 58.1 380.7 306.3 303.9 296.0 240.0 267.5 52.9 165.6 235.5 264.7 256.0
1335.9 207.7 317.6 214.8 162.8 178.1 266.5 356.9 283.9 351.2 358.5 226.1 314.9 312.4 249.6 244.2 113.7 280.5 336.3 282.8 122.8 148.0 251.5 72.4 136.2 119.0 342.0 266.2 238.1 313.0 230.8 214.6 294.7 250.4 373.9 322.9 158.5 373.1 169.6 225.6 301.4 287.1 247.7 278.9 268.7 102.6 111.6 350.1 246.3 151.4 5.5 268.2 296.4 222.8 353.1 348.5 255.3 289.1 203.5 204.8 329.5 346.7 292.5 119.1 140.2 211.3 152.7 339.3 237.8 343.9 274.6 239.9 313.4 305.1 193.9 371.6 342.7 268.0 236.3 231.1 146.1 326.9 0.0 339.8 331.4 270.5 296.9 209.8 92.8 90.5 377.7 164.2 361.1 155.7 134.0 111.8 191.3 433.5 248.1 254.7 348.7 303.8 237.7 231.6 276.8 359.6 278.2 233.6 9.9 229.5 146.3 110.8 200.2 340.4 201.0 293.5 243.1 306.9
1103.2 363.7 427.0 292.6 466.6 432.9 336.5 466.3 393.3 224.5 458.7 390.2 179.4 421.8 355.0 332.8 351.9 439.5 200.8 393.8 457.9 403.6 371.2 328.0 464.7 380.1 451.4 376.8 436.6 422.4 423.2 292.8 426.5 320.4 163.6 187.4 282.1 237.6 428.9 405.2 439.3 168.6 317.7 409.4 479.7 359.4 368.4 92.9 458.4 492.3 324.0 466.7 405.8 425.8 217.6 213.7 431.2 395.3 355.6 214.5 194.0 456.1 401.9 264.2 377.6 423.4 365.1 469.8 366.2 456.3 384.0 349.3 416.2 392.7 449.8 120.9 133.1 430.1 448.4 326.0 402.9 436.3 319.7 0.0 7.0 285.9 365.1 418.8 349.6 278.1 33.5 327.3 224.4 412.5 450.6 368.6 344.6 341.9 376.7 394.9 458.1 413.2 416.7 430.1 387.5 57.3 387.6 216.6 313.1 318.1 192.2 367.8 306.6 449.8 412.2 417.2 362.8 374.1
1095.1 371.1 434.4 300.0 471.6 440.3 343.9 473.7 400.7 216.4 466.1 397.6 135.2 429.2 361.2 340.2 343.8 442.0 156.6 398.8 371.5 396.7 378.6 321.1 468.6 367.7 458.8 383.0 444.0 429.8 430.6 300.2 431.3 327.8 155.5 143.2 275.2 193.4 431.8 412.6 439.3 113.3 325.1 416.8 487.1 351.3 360.3 84.8 465.8 400.1 317.1 474.1 413.2 433.2 173.4 168.8 438.6 405.9 363.0 206.4 149.8 463.5 409.3 256.1 369.5 430.8 360.3 477.2 373.6 460.7 391.4 356.7 423.6 400.1 457.2 112.8 126.2 437.5 455.8 333.4 394.8 443.7 311.6 7.3 0.0 304.0 371.5 417.3 341.5 270.0 50.2 319.2 181.4 404.4 458.0 360.5 350.8 335.0 382.9 403.6 465.5 420.6 422.9 437.5 393.6 50.4 395.0 209.7 305.0 325.5 185.3 359.5 298.5 457.2 419.6 424.6 370.2 381.5
1278.8 176.3 239.6 56.2 295.4 245.5 149.1 278.9 205.9 314.2 271.3 202.8 257.8 234.4 163.0 96.4 283.7 252.1 288.6 204.0 267.1 327.8 183.8 256.0 273.8 262.8 280.2 184.8 249.2 235.0 235.8 56.4 236.5 129.6 298.8 265.8 248.0 325.4 257.7 217.8 244.5 243.6 130.3 238.2 292.3 336.9 270.2 293.0 271.0 304.9 290.7 279.3 218.4 238.4 281.1 256.7 243.8 211.1 168.2 69.6 272.4 265.3 214.5 232.3 239.2 236.0 224.5 282.4 178.8 265.9 196.6 161.9 228.8 205.3 262.4 314.5 282.2 258.9 257.6 138.6 335.3 248.9 287.8 282.7 274.3 0.0 176.7 226.8 327.1 229.0 320.6 188.9 313.4 325.7 259.8 334.1 152.6 321.0 184.7 208.8 267.3 225.8 224.7 242.7 195.5 299.1 200.2 155.1 281.2 81.7 152.1 299.2 245.5 262.4 224.8 226.4 175.4 186.7
1375.0 172.0 253.3 202.8 292.9 259.2 144.8 240.5 219.6 451.7 215.4 198.5 340.9 248.1 56.5 243.0 258.6 265.8 321.4 70.7 219.4 298.6 179.5 234.3 244.7 233.4 277.7 201.9 262.9 248.7 190.4 203.0 101.4 128.7 445.4 348.9 206.7 374.8 256.2 231.5 165.7 315.6 126.0 134.8 228.3 299.2 245.1 452.7 205.9 318.6 269.0 293.0 232.1 252.1 358.7 334.3 67.0 221.6 143.1 216.2 355.5 282.4 175.1 208.0 214.1 170.9 202.8 196.2 67.9 220.5 210.3 175.6 86.0 94.4 276.1 474.2 443.2 256.4 195.9 134.3 349.0 262.6 263.5 441.2 434.0 190.9 0.0 205.1 289.4 203.9 362.0 163.8 346.2 339.4 230.6 308.4 130.9 467.6 104.0 203.2 232.3 240.5 197.3 256.4 180.9 462.2 213.9 305.1 256.9 228.3 248.9 266.4 220.4 224.6 239.5 52.0 171.1 9.9
1354.7 89.9 241.4 233.6 249.6 198.9 163.0 280.7 207.7 370.0 282.3 108.3 333.7 236.2 252.5 263.0 174.8 199.3 355.1 290.1 143.6 222.8 133.7 158.5 168.9 161.9 265.8 190.0 251.0 236.8 154.6 233.4 221.1 146.9 392.7 341.7 122.9 391.9 194.9 219.6 232.6 322.0 144.2 202.7 192.5 223.4 169.3 368.9 170.1 240.1 185.2 281.1 220.2 240.2 371.9 368.0 179.1 209.7 150.7 223.6 348.3 270.5 216.3 124.2 138.3 135.1 127.0 263.1 161.6 267.7 198.4 163.7 314.9 291.4 264.2 390.4 361.5 191.8 160.1 127.6 246.5 250.7 179.7 358.6 350.2 289.3 263.8 0.0 213.6 120.1 396.5 88.0 379.9 236.9 154.8 232.6 165.2 449.8 171.9 136.9 272.5 227.6 161.5 244.5 200.7 378.4 202.0 252.4 173.1 248.3 165.1 190.8 136.6 264.2 221.8 217.3 125.3 272.8
1355.9 202.1 220.5 234.8 113.5 91.8 252.9 273.8 200.8 371.2 266.2 220.5 334.9 215.3 236.0 264.2 133.7 182.3 356.3 269.2 75.0 55.1 245.9 45.0 43.2 47.4 258.9 183.1 151.8 229.9 190.9 234.6 281.1 236.8 393.9 342.9 162.8 393.1 83.3 139.3 271.9 307.1 234.1 249.4 138.6 9.7 40.0 370.1 135.5 58.5 108.4 181.9 199.3 153.7 373.1 368.5 241.7 192.0 189.9 224.8 349.5 263.6 241.9 105.0 112.8 166.9 125.3 284.1 224.2 246.8 191.5 189.3 299.8 291.5 144.6 391.6 362.7 177.8 148.6 217.5 53.2 243.8 102.9 359.8 351.4 290.5 283.3 204.2 0.0 139.3 397.7 125.5 381.1 62.8 53.8 18.9 177.7 416.1 234.5 249.1 265.6 176.4 183.2 145.3 226.2 379.6 195.1 253.6 96.3 249.5 166.3 17.8 192.4 257.3 114.7 279.9 237.5 293.3
1312.4 117.1 227.0 157.9 232.8 184.5 175.9 266.3 193.3 294.3 267.9 135.5 258.0 221.8 159.0 187.3 116.2 189.9 279.4 192.2 129.2 208.4 160.9 93.5 151.0 147.5 251.4 175.6 236.6 222.4 140.2 157.7 204.1 159.8 360.7 266.0 67.9 316.2 176.0 205.2 210.8 230.2 157.1 188.3 178.1 123.7 154.9 293.2 155.7 172.5 89.5 266.7 205.8 225.8 296.2 291.6 164.7 198.5 112.9 147.9 272.6 256.1 201.9 28.5 123.9 120.7 114.7 248.7 147.2 253.3 184.0 149.3 222.8 214.5 249.8 314.7 285.8 177.4 145.7 140.5 167.2 236.3 84.0 282.9 274.5 213.6 206.3 119.2 113.9 0.0 320.8 73.6 304.2 176.8 140.4 132.9 100.7 329.6 157.5 164.1 258.1 213.2 147.1 230.1 186.2 302.7 187.6 241.7 77.4 172.6 89.4 176.4 109.6 249.8 207.4 202.9 152.5 216.3
1136.9 326.3 389.6 255.2 429.2 395.5 299.1 428.9 355.9 258.2 421.3 352.8 275.9 384.4 325.7 295.4 385.6 402.1 256.4 356.4 420.5 481.2 333.8 353.8 427.3 408.5 414.0 338.2 399.2 385.0 385.8 255.4 389.1 283.0 197.3 283.9 307.9 309.8 400.8 367.8 401.9 250.6 280.3 372.0 442.3 393.1 420.2 126.6 421.0 464.2 349.8 429.3 368.4 388.4 293.7 269.3 393.8 357.9 318.2 268.6 290.5 418.7 364.5 288.8 389.2 386.0 377.9 432.4 328.8 418.9 346.6 311.9 378.8 355.3 412.4 145.5 168.0 392.7 411.0 288.6 485.3 398.9 353.4 34.8 40.7 248.5 327.7 380.2 383.3 311.8 0.0 338.9 281.2 475.7 413.2 393.2 306.0 376.8 338.1 357.5 420.7 385.1 378.1 392.7 358.2 83.1 350.2 242.4 346.8 280.7 218.0 449.0 340.3 412.4 374.8 379.8 325.4 336.7
1319.7 76.5 178.4 198.6 159.1 110.8 127.3 217.7 144.7 335.0 219.3 94.9 298.7 173.2 110.4 228.0 173.8 141.3 320.1 143.6 55.5 134.7 120.3 70.4 77.3 73.8 202.8 127.0 170.8 173.8 91.6 198.4 155.5 111.2 357.7 306.7 87.9 356.9 102.3 156.6 162.2 270.9 108.5 139.7 129.5 135.3 81.2 333.9 107.1 152.0 148.5 200.9 157.2 172.7 336.9 332.3 116.1 149.9 64.3 188.6 313.3 207.5 153.3 145.1 50.2 72.1 41.0 200.1 98.6 204.7 135.4 100.7 174.2 165.9 190.2 355.4 326.5 128.8 97.1 91.9 158.4 187.7 143.0 323.6 315.2 224.1 157.7 78.6 125.5 85.1 361.5 0.0 344.9 148.8 66.7 144.5 52.1 414.8 108.9 123.5 209.5 164.6 98.5 164.3 137.6 343.4 139.0 217.4 136.4 213.3 130.1 102.7 101.6 201.2 133.7 154.3 111.9 167.7
1202.8 330.6 393.9 259.5 433.5 399.8 303.4 433.2 360.2 200.1 425.6 357.1 76.7 388.7 320.7 299.7 380.5 401.5 23.6 360.7 424.8 485.5 338.1 357.8 428.1 417.1 418.3 342.5 403.5 389.3 390.1 259.7 393.4 287.3 295.9 68.7 311.9 28.5 395.8 372.1 406.2 64.9 284.6 376.3 446.6 388.0 424.5 217.0 425.3 459.2 353.8 433.6 372.7 392.7 68.8 11.2 398.1 362.2 322.5 272.9 62.1 423.0 368.8 292.8 393.5 390.3 382.2 436.7 333.1 420.2 350.9 316.2 383.1 359.6 416.7 270.6 191.6 397.0 415.3 292.9 489.6 403.2 348.3 205.5 198.3 256.2 331.0 384.5 378.2 306.7 240.3 343.2 0.0 480.0 417.5 397.2 310.3 372.2 342.4 361.8 425.0 380.1 382.4 397.0 353.2 226.5 354.5 246.4 341.7 285.0 222.0 453.3 335.2 416.7 379.1 384.1 329.7 341.0
1408.8 235.4 248.7 287.7 77.1 120.0 331.1 302.0 229.0 424.1 294.4 253.8 387.8 243.5 269.3 317.1 186.6 210.5 409.2 302.5 103.2 84.7 279.2 97.9 71.4 100.3 287.1 211.3 177.5 258.1 219.1 287.5 314.4 315.0 446.8 395.8 215.7 446.0 111.5 151.5 300.1 360.0 312.3 277.6 166.8 43.0 92.9 423.0 163.7 70.0 161.3 207.6 227.5 137.1 426.0 421.4 275.0 220.2 268.1 277.7 402.4 291.8 270.1 157.9 165.7 195.1 178.2 275.8 257.5 275.0 219.7 217.5 333.1 324.8 108.2 444.5 415.6 206.0 176.8 295.7 9.5 272.0 155.8 412.7 404.3 343.4 316.6 237.5 52.8 192.2 450.6 158.8 434.0 0.0 82.0 46.7 255.9 521.3 267.8 282.4 293.8 177.1 211.4 171.0 254.4 432.5 223.3 306.5 149.2 302.4 219.2 70.7 245.3 285.5 142.9 313.2 270.8 326.6
1399.9 153.3 166.6 278.8 94.7 37.9 249.0 219.9 146.9 415.2 212.3 171.7 378.9 161.4 187.2 308.2 177.7 128.4 400.3 220.4 21.1 67.9 197.1 81.5 10.5 59.0 205.0 129.2 97.9 176.0 137.0 278.6 232.3 232.9 437.9 386.9 206.8 437.1 33.9 85.4 225.4 368.1 230.2 195.5 84.7 73.6 70.7 414.1 81.6 85.2 152.4 128.0 145.4 99.8 417.1 413.2 192.9 138.1 186.0 268.8 393.5 209.7 188.0 149.0 107.2 113.0 113.2 230.2 175.4 192.9 137.6 135.4 251.0 242.7 118.7 435.6 406.7 123.9 94.7 213.6 91.6 189.9 146.9 402.6 395.4 307.5 234.5 163.1 63.8 161.9 441.7 76.7 425.1 82.0 0.0 82.8 173.8 460.1 185.7 200.3 211.7 122.5 129.3 91.4 172.4 423.6 141.2 297.6 140.3 293.5 210.3 35.7 178.4 203.4 60.8 231.1 188.7 244.5
1374.8 221.0 239.4 253.7 98.3 110.7 271.8 292.7 219.7 390.1 285.1 239.4 353.8 234.2 254.9 283.1 152.6 201.2 375.2 288.1 93.9 50.7 264.8 63.9 58.6 66.3 277.8 202.0 170.7 248.8 209.8 253.5 300.0 255.7 412.8 361.8 181.7 412.0 106.7 158.2 290.8 342.1 253.0 268.3 157.5 9.0 58.9 389.0 154.4 39.5 127.3 200.8 218.2 155.9 392.0 388.1 260.6 210.9 208.8 243.7 368.4 282.5 260.8 123.9 131.7 185.8 147.1 303.0 243.1 265.7 210.4 208.2 318.7 310.4 127.0 410.5 381.6 196.7 167.5 236.4 27.0 262.7 121.8 377.5 370.3 298.7 302.2 230.8 18.8 158.2 416.6 144.4 400.0 36.6 72.7 0.0 196.6 435.0 253.4 266.7 284.5 195.3 202.1 164.2 245.2 398.5 214.0 272.5 115.2 268.4 185.2 36.7 211.3 276.2 133.6 298.8 256.4 312.2
1327.4 79.5 166.1 206.3 240.2 130.5 75.1 205.4 132.4 342.7 207.0 102.6 306.4 160.9 164.6 235.7 147.5 106.0 327.8 202.2 108.3 187.5 87.0 123.2 130.1 122.3 190.5 114.7 190.7 161.5 61.3 206.1 234.7 59.0 365.4 314.4 95.6 364.6 134.5 178.2 149.9 294.7 56.3 127.4 99.2 188.1 134.0 341.6 76.8 204.8 157.9 220.8 144.9 192.6 344.6 340.7 103.8 137.6 12.2 196.3 321.0 195.2 141.0 96.9 103.0 41.8 91.7 187.8 86.3 192.4 123.1 88.4 227.0 203.5 211.5 363.1 334.2 98.5 66.8 39.7 211.2 175.4 152.4 330.1 322.9 234.2 174.9 94.0 178.3 92.8 369.2 52.7 352.6 201.6 119.5 197.3 0.0 422.5 96.6 112.0 197.2 152.3 68.2 184.2 125.4 351.1 126.7 225.1 145.8 221.0 137.8 155.5 109.3 188.9 128.8 142.0 78.6 184.9
1151.1 447.3 510.6 255.5 499.6 516.5 420.1 549.9 476.9 182.3 542.3 473.8 324.6 505.4 437.4 284.9 400.9 518.2 346.0 475.0 428.6 453.8 454.8 378.2 442.0 424.8 535.0 459.2 520.2 506.0 442.9 255.3 507.5 404.0 195.0 332.6 332.3 382.8 512.5 488.8 522.9 296.8 401.3 493.0 480.8 408.4 417.4 215.2 458.4 457.2 374.2 550.3 489.4 509.4 362.8 358.9 514.8 482.1 439.2 245.5 339.2 539.7 485.5 313.2 426.6 423.4 415.3 553.4 449.8 536.9 467.6 432.9 499.8 476.3 533.4 335.5 274.3 513.7 448.4 409.6 451.9 519.9 368.7 276.5 283.6 300.5 448.7 501.2 398.6 327.1 242.8 376.3 370.8 461.5 439.8 417.6 427.0 0.0 459.1 478.5 541.7 496.8 449.8 513.7 469.9 224.7 471.2 168.6 362.1 270.2 242.4 416.8 355.6 533.4 495.8 500.8 446.4 457.7
1396.2 157.4 144.7 211.4 236.1 202.4 168.2 135.4 162.8 415.9 110.3 175.8 349.5 166.8 68.3 251.6 220.7 209.0 330.0 82.2 227.4 288.1 180.1 196.4 234.2 265.3 167.6 145.1 206.1 156.2 192.7 211.6 112.9 152.1 454.0 357.5 168.8 383.4 198.4 174.7 60.6 324.2 149.4 30.7 249.2 293.8 277.0 414.8 168.0 261.8 231.1 236.2 155.9 195.3 367.3 342.9 37.1 163.2 105.2 224.8 364.1 162.9 70.0 170.1 176.2 133.0 164.9 91.1 56.5 115.4 153.5 76.9 95.2 118.7 219.3 436.3 407.4 199.6 158.0 132.8 292.2 182.7 225.6 403.3 396.1 220.3 114.5 167.2 284.0 166.0 442.4 125.9 354.8 282.6 220.1 291.0 93.0 495.7 0.0 203.1 127.2 182.7 185.0 199.6 76.8 424.3 157.1 313.7 219.0 236.9 211.0 256.1 182.5 119.5 181.7 75.3 171.7 106.0
1405.7 52.4 271.7 241.2 310.2 222.7 91.0 311.0 238.0 421.0 303.4 77.8 384.7 266.5 179.4 281.4 225.8 201.2 358.7 220.5 193.5 272.7 61.7 208.4 219.9 208.6 296.1 219.2 281.3 267.1 154.6 241.4 253.2 73.8 443.7 392.7 172.8 441.8 226.7 249.9 250.6 373.9 72.2 220.7 192.5 274.4 220.3 419.9 170.1 290.0 235.1 311.4 249.4 270.5 397.1 372.7 257.9 240.0 78.7 274.6 399.3 299.7 246.6 174.1 189.3 135.1 176.9 281.1 192.9 301.0 228.7 194.0 242.9 219.4 294.5 440.3 411.4 190.7 160.1 55.6 297.5 281.0 230.7 408.4 401.2 229.3 191.8 130.7 264.6 171.1 443.2 139.0 384.6 287.9 204.7 282.5 92.1 499.7 188.8 0.0 301.7 256.8 160.4 274.8 229.9 428.3 232.3 302.3 224.1 265.6 216.1 241.6 187.6 294.5 221.0 242.8 52.2 200.8
1463.4 278.4 105.8 291.2 232.8 199.1 251.2 8.1 97.3 540.1 17.0 273.6 429.3 127.9 248.5 331.4 318.5 200.8 409.8 227.8 224.1 284.8 285.9 284.5 227.4 266.3 40.3 72.7 202.8 25.4 189.4 291.4 249.5 235.1 533.8 437.3 266.6 463.2 195.1 171.4 89.1 404.0 232.4 114.9 245.9 290.5 273.7 528.0 242.8 258.5 331.2 232.9 117.0 192.0 447.1 422.7 185.0 124.3 203.0 304.6 443.9 35.6 168.1 336.4 310.2 251.8 316.2 52.2 192.6 76.5 88.0 128.0 243.1 287.4 216.0 549.5 531.6 196.3 240.4 240.7 288.9 55.4 325.7 516.5 509.3 300.1 258.8 265.0 280.7 263.8 441.3 279.7 434.6 279.3 216.8 287.7 190.8 556.0 147.8 309.6 0.0 179.4 181.7 196.3 165.0 537.5 91.6 393.5 319.1 316.7 308.8 252.8 280.3 8.1 178.4 223.2 277.5 268.8
1486.7 253.4 134.2 266.2 107.5 123.2 226.2 187.5 114.5 515.1 179.9 248.6 404.3 129.0 223.5 306.4 264.5 146.1 384.8 212.6 148.2 186.8 260.9 208.6 155.0 186.1 172.6 96.8 63.0 143.6 154.7 266.4 224.5 210.1 508.8 412.3 293.6 438.2 119.2 31.6 185.6 394.6 207.4 163.1 170.0 196.2 197.8 500.9 166.9 157.9 230.6 93.1 113.0 59.9 422.1 397.7 185.1 105.7 178.0 279.6 418.9 177.3 155.6 235.8 234.3 175.9 240.3 197.8 167.6 160.5 105.2 103.0 285.9 262.4 78.8 522.4 506.6 141.6 164.5 215.7 188.3 157.5 225.1 489.4 482.2 275.1 233.8 240.0 204.8 238.8 416.3 203.8 409.6 178.7 140.9 187.1 165.8 555.4 177.9 284.6 179.3 0.0 147.0 56.5 140.0 510.4 108.8 368.5 218.5 291.7 297.1 176.9 255.3 171.0 102.5 223.3 252.5 243.8
1406.3 160.3 149.9 281.9 171.9 110.0 155.9 203.2 130.2 421.6 195.6 186.8 385.3 144.7 157.0 322.1 226.4 50.0 400.5 192.6 135.0 195.7 167.8 195.4 138.3 177.2 188.3 112.5 122.4 159.3 7.6 282.1 202.1 139.8 444.3 393.3 174.5 453.9 106.0 109.9 208.8 373.6 137.1 186.3 129.7 201.4 184.6 420.5 107.3 210.0 273.5 152.5 128.7 124.3 437.8 413.4 162.7 121.4 92.9 275.2 399.9 193.0 171.3 175.8 221.1 72.3 227.1 213.5 145.2 176.2 120.9 118.7 220.8 212.5 143.2 442.0 413.1 101.8 97.3 120.5 219.4 173.2 268.0 409.0 401.8 290.8 204.3 172.9 191.6 171.7 448.1 190.6 425.3 209.8 127.7 210.6 80.7 501.4 155.5 192.8 195.0 130.9 0.0 115.9 155.7 430.0 124.5 304.0 261.4 307.4 216.7 163.7 188.2 186.7 89.3 200.9 159.4 214.3
1470.6 266.3 143.2 275.2 93.8 82.1 261.9 196.5 123.5 485.9 188.9 292.8 413.3 138.0 232.5 315.4 248.4 105.0 393.8 221.6 107.1 167.8 273.8 167.5 110.4 149.3 181.6 105.8 6.5 152.6 113.6 275.4 233.5 245.8 517.8 421.3 277.5 447.2 73.6 29.4 194.6 421.8 243.1 172.1 128.9 173.5 156.7 484.8 125.8 141.8 214.5 36.5 122.0 43.8 431.1 406.0 194.1 114.7 198.9 288.6 427.9 186.3 164.6 219.7 193.2 134.8 201.3 206.8 176.6 169.5 114.2 112.0 294.9 271.4 62.7 506.3 477.4 100.5 123.4 226.5 172.2 166.5 209.0 474.5 466.1 284.1 242.8 241.4 163.7 247.9 512.4 162.7 418.6 162.6 99.8 171.0 186.7 539.3 186.9 298.8 188.3 66.5 105.9 0.0 148.9 494.3 117.8 377.5 202.4 300.7 281.0 135.8 307.1 180.0 61.4 232.3 265.4 252.8
1384.7 199.7 147.0 212.5 186.6 152.9 172.5 175.1 113.3 461.4 150.0 194.9 350.6 141.8 169.8 252.7 239.8 159.5 331.1 161.3 177.9 238.6 207.2 238.3 184.7 215.8 171.4 95.6 156.6 142.4 143.2 212.7 170.8 156.4 455.1 358.6 187.9 384.5 148.9 125.2 100.3 326.2 153.7 70.4 199.7 244.3 227.5 449.3 196.6 212.3 250.2 186.7 125.8 145.8 368.4 344.0 131.4 115.3 124.3 225.9 365.2 202.6 62.9 189.2 264.0 205.6 184.0 130.8 113.9 158.1 104.0 27.4 232.2 208.7 169.8 470.8 452.9 150.1 194.2 162.0 242.7 156.3 244.7 437.8 430.6 198.2 180.1 186.3 234.5 185.1 371.7 145.0 355.9 233.1 170.6 241.5 112.1 477.3 109.4 232.2 166.9 133.2 135.5 150.1 0.0 458.8 107.6 314.8 238.1 238.0 230.1 206.6 201.6 159.2 132.2 169.6 198.8 190.1
1117.5 344.7 408.0 273.6 447.6 413.9 317.5 447.3 374.3 238.8 439.7 371.2 193.7 402.8 334.8 313.8 366.2 423.7 274.8 372.4 438.9 499.6 352.2 343.5 442.2 426.9 432.4 356.6 417.6 403.4 404.2 273.8 404.9 301.4 177.9 201.7 297.6 328.2 409.9 386.2 420.3 269.9 298.7 390.4 460.7 373.7 382.7 34.3 439.4 473.3 339.5 447.7 386.8 406.8 312.1 287.7 412.2 376.3 336.6 287.0 208.3 437.1 382.9 278.5 407.6 404.4 396.3 450.8 347.2 434.3 365.0 330.3 397.2 373.7 430.8 135.2 148.6 411.1 429.4 307.0 503.7 417.3 334.0 70.4 63.2 266.9 345.1 398.6 363.9 292.4 61.9 357.3 299.6 494.1 431.6 382.9 324.4 357.4 356.5 377.2 439.1 394.2 396.5 411.1 367.3 0.0 368.6 232.1 327.4 299.1 207.7 467.6 320.9 430.8 393.2 398.2 343.8 355.1
1392.4 207.4 122.2 220.2 159.4 128.1 180.2 85.9 5.6 469.1 110.5 202.6 358.3 117.0 177.5 260.4 247.5 129.8 338.8 166.6 153.1 213.8 214.9 213.5 156.4 195.3 63.7 28.6 131.8 75.4 118.4 220.4 178.5 164.1 462.8 366.3 195.6 392.2 119.6 100.4 139.6 348.6 161.4 117.1 174.9 219.5 202.7 457.0 171.8 187.5 260.2 161.9 101.0 121.0 376.1 351.0 139.1 93.7 132.0 233.6 372.9 68.4 109.6 265.4 239.2 180.8 247.3 145.7 121.6 173.0 3.4 57.0 239.9 216.4 145.0 478.5 460.6 125.3 169.4 169.7 217.9 48.6 254.7 446.7 438.3 229.1 187.8 186.3 209.7 192.8 370.3 208.7 363.6 208.3 145.8 216.7 119.8 485.0 131.9 239.9 93.4 108.4 110.7 125.3 93.9 466.5 0.0 322.5 248.1 245.7 237.8 181.8 209.3 101.6 107.4 177.3 206.5 197.8
1185.8 278.6 341.9 86.8 310.9 347.8 251.4 381.2 308.2 155.6 373.6 305.1 204.9 336.7 268.7 116.2 232.2 357.6 226.3 306.3 259.9 285.1 286.1 209.5 273.3 256.1 366.3 290.5 351.5 337.3 274.2 86.6 338.8 235.3 140.2 212.9 163.6 263.1 343.8 320.1 346.8 177.1 232.6 324.3 312.1 239.7 248.7 249.9 289.7 288.5 205.5 381.6 320.7 340.7 243.1 239.2 346.1 313.4 270.5 76.8 219.5 371.0 316.8 144.5 257.9 254.7 246.6 384.7 281.1 368.2 298.9 264.2 331.1 307.6 364.7 280.7 247.6 345.0 279.7 240.9 283.2 351.2 200.0 228.6 221.4 131.8 280.0 332.5 229.9 158.4 277.5 207.6 251.1 292.8 271.1 248.9 258.3 162.4 290.4 309.8 373.0 328.1 281.1 345.0 301.2 259.4 302.5 0.0 193.4 101.5 73.7 248.1 186.9 364.7 327.1 332.1 277.7 289.0
1326.0 214.3 271.1 204.9 152.9 168.2 273.1 363.5 290.5 341.3 365.1 232.7 305.0 265.9 256.2 234.3 103.8 287.1 326.4 289.4 112.9 138.1 258.1 62.5 126.3 109.1 348.6 272.8 228.2 319.6 237.4 204.7 301.3 257.0 364.0 313.0 165.1 363.2 159.7 215.7 308.0 277.2 254.3 285.5 215.0 92.7 101.7 340.2 252.9 141.5 12.1 258.3 249.9 212.9 343.2 338.6 261.9 242.6 210.1 194.9 319.6 353.3 299.1 75.1 130.3 217.9 142.8 345.9 244.4 297.4 281.2 246.5 320.0 311.7 184.0 361.7 332.8 274.6 242.9 237.7 136.2 333.5 6.6 329.9 321.5 260.6 303.5 216.4 82.9 97.1 367.8 170.8 351.2 145.8 124.1 101.9 197.9 440.1 254.7 261.3 355.3 252.8 244.3 221.7 283.4 349.7 284.8 223.7 0.0 219.6 136.4 100.9 206.8 347.0 191.1 300.1 249.7 313.5
1233.2 233.2 296.5 41.4 336.1 302.4 206.0 335.8 262.8 268.6 328.2 259.7 212.2 291.3 223.3 14.6 265.0 304.1 233.6 260.9 327.4 388.1 240.7 242.3 330.7 288.9 320.9 245.1 306.1 291.9 292.7 41.2 296.0 189.9 253.2 220.2 196.4 270.4 298.4 274.7 308.8 184.4 187.2 278.9 349.2 272.5 281.5 247.4 327.9 361.8 238.3 336.2 275.3 295.3 250.4 246.5 300.7 264.8 225.1 24.0 226.8 325.6 271.4 177.3 296.1 292.9 284.8 339.3 235.7 322.8 253.5 218.8 285.7 262.2 319.3 268.9 240.0 299.6 317.9 195.5 316.0 305.8 232.8 235.9 228.7 89.8 233.6 287.1 262.7 191.2 275.0 245.8 258.4 382.6 320.1 281.7 212.9 275.4 245.0 264.4 327.6 282.7 285.0 299.6 255.8 256.9 257.1 112.9 226.2 0.0 106.5 280.7 219.7 319.3 281.7 286.7 232.3 243.6
1187.8 258.5 321.8 66.7 235.4 239.7 231.3 361.1 288.1 203.1 353.5 194.0 166.8 316.6 248.6 96.1 156.7 248.4 188.2 288.6 184.4 209.6 266.0 134.0 194.3 184.9 346.2 270.4 331.4 317.2 198.7 66.5 321.3 215.2 225.8 174.8 88.1 225.0 235.7 300.0 276.7 156.0 212.5 246.8 236.6 164.2 173.2 202.0 214.2 213.0 130.0 361.5 300.6 320.6 205.0 201.1 223.2 290.1 250.4 56.7 181.4 350.9 296.7 69.0 182.4 179.2 171.1 307.2 261.0 348.1 278.8 244.1 311.0 287.5 264.1 223.5 194.6 235.9 204.2 220.8 207.7 331.1 124.5 190.5 183.3 122.4 258.9 185.4 154.4 82.9 225.3 132.1 213.0 217.3 195.6 173.4 238.2 248.0 216.0 289.7 352.9 308.0 205.6 324.9 281.1 211.5 282.4 85.5 117.9 81.4 0.0 172.6 111.4 344.6 307.0 312.0 257.6 268.9
1363.9 189.3 202.6 242.8 97.8 73.7 285.0 255.9 182.9 379.2 248.3 207.5 342.9 197.4 223.0 272.2 141.7 169.3 364.5 258.8 56.9 71.0 233.1 53.2 21.9 59.7 240.8 165.2 133.9 212.0 173.0 242.6 270.9 268.9 401.9 350.9 170.8 401.1 69.7 121.4 261.4 332.1 266.2 231.3 120.7 37.6 48.0 378.1 117.6 86.6 116.6 164.0 181.4 135.8 381.1 377.2 228.9 170.9 222.0 232.8 357.5 245.5 224.0 113.0 120.8 149.0 136.2 266.2 211.4 231.9 173.6 171.4 287.0 278.7 126.7 399.8 370.7 159.7 130.7 249.6 81.1 225.9 110.9 366.6 359.4 287.8 271.5 199.1 27.8 147.3 401.4 112.7 389.1 85.3 35.7 46.8 209.8 424.3 221.5 235.0 247.5 158.3 165.3 127.4 208.2 387.6 177.2 261.8 104.3 257.5 174.5 0.0 200.4 239.4 96.8 266.9 224.7 280.5
1307.4 158.5 268.4 186.3 274.2 225.9 217.3 307.7 234.7 322.7 309.3 176.9 286.4 263.2 200.4 215.7 181.1 231.3 307.8 233.6 170.6 249.8 202.3 185.5 192.4 188.9 292.8 217.0 278.0 263.8 181.6 186.1 245.5 201.2 345.4 294.4 116.1 344.6 217.4 246.6 252.2 258.6 198.5 229.7 219.5 250.4 196.3 321.6 197.1 267.1 177.7 308.1 247.2 267.2 324.6 320.0 206.1 239.9 154.3 176.3 301.0 297.5 243.3 116.7 165.3 162.1 156.1 290.1 188.6 294.7 225.4 190.7 264.2 255.9 291.2 343.1 314.2 218.8 187.1 181.9 273.5 277.7 172.2 311.3 302.9 242.0 247.7 160.6 240.6 112.6 349.2 115.0 332.6 263.9 181.8 259.6 142.1 367.6 198.9 205.5 299.5 254.6 188.5 271.5 227.6 331.1 229.0 205.1 165.6 201.0 117.8 217.8 0.0 291.2 248.8 244.3 193.9 257.7
1474.6 289.6 97.6 302.4 248.7 210.3 262.4 15.8 108.5 551.3 8.8 284.8 440.5 119.7 208.0 342.6 329.7 212.0 421.0 221.9 235.3 305.7 297.1 295.7 238.6 277.5 48.0 83.9 214.0 36.6 200.6 302.6 252.6 246.3 545.0 448.5 277.8 474.4 201.8 182.6 74.2 430.8 243.6 106.7 257.1 315.1 284.9 539.2 254.0 276.8 349.5 244.1 108.8 210.3 458.3 433.2 176.8 116.1 214.2 315.8 455.1 43.3 159.9 354.7 321.4 263.0 329.5 44.0 196.2 71.3 99.2 139.2 234.9 298.6 234.3 560.7 542.8 207.5 251.6 251.9 307.2 63.1 344.0 528.9 520.5 311.3 270.0 268.5 291.9 275.0 452.5 290.9 445.8 297.6 228.0 306.0 202.0 567.2 139.6 322.1 7.6 190.6 192.9 207.5 166.6 548.7 102.8 404.7 337.4 327.9 320.0 264.0 291.5 0.0 189.6 215.0 288.7 280.0
1452.5 213.7 146.6 278.6 127.4 41.5 209.3 199.9 126.9 467.8 192.3 240.2 431.5 141.4 235.9 318.8 230.3 116.5 397.2 225.0 66.5 127.2 221.2 126.9 73.3 108.7 185.0 109.2 77.9 156.0 117.0 278.8 239.5 193.2 490.5 439.5 259.4 450.6 37.5 65.4 205.4 419.8 190.5 175.5 88.3 132.9 116.1 466.7 85.0 144.5 205.0 108.0 125.4 79.8 434.5 410.1 197.5 118.1 146.3 321.4 446.1 189.7 168.0 201.6 152.6 73.3 158.6 210.2 180.0 172.9 117.6 115.4 298.3 274.8 98.7 488.2 459.3 103.9 61.9 173.9 150.9 169.9 199.5 455.2 448.0 264.3 246.2 208.5 123.1 207.3 490.0 122.1 422.0 141.3 59.2 142.1 134.1 512.7 190.3 244.9 191.7 102.5 109.3 71.4 152.4 476.2 121.2 350.2 192.9 304.1 262.9 95.0 223.8 183.4 0.0 235.7 212.8 256.2
1458.1 214.9 252.2 268.9 291.7 258.0 219.3 242.9 218.4 473.4 217.8 233.3 407.0 246.9 117.0 309.1 278.2 256.6 387.5 73.1 239.0 318.2 237.6 253.9 264.3 257.3 275.1 200.7 261.7 247.5 210.0 269.1 459.8 203.2 511.5 415.0 226.3 440.9 254.0 230.3 160.7 409.3 200.5 138.2 247.9 318.8 264.7 472.3 225.5 317.4 288.6 291.8 230.9 250.9 424.8 400.4 69.4 220.4 162.7 282.3 421.6 270.4 177.5 227.6 233.7 190.5 222.4 198.6 114.0 225.9 209.1 184.4 518.8 542.3 274.9 493.8 464.9 247.2 215.5 190.3 341.9 261.4 283.1 460.8 453.6 257.0 73.4 224.7 309.0 223.5 499.9 183.4 412.3 332.3 250.2 328.0 150.5 553.2 107.4 260.6 234.7 238.3 216.9 255.2 184.3 481.8 212.7 371.2 276.5 294.4 268.5 286.2 240.0 227.0 237.3 0.0 229.2 64.9
1390.6 44.1 241.6 211.1 281.2 193.7 60.9 280.9 207.9 405.9 273.3 70.6 369.6 236.4 150.4 251.3 210.7 169.2 329.7 188.0 171.5 250.7 8.3 186.4 193.3 185.5 266.0 190.2 251.2 237.0 124.5 211.3 220.5 44.8 428.6 377.6 158.8 383.1 197.7 219.8 220.5 323.9 42.1 190.6 162.4 251.3 197.2 404.8 140.0 306.9 221.1 281.3 220.4 240.4 367.0 342.6 227.8 209.9 48.6 224.5 384.2 270.7 216.5 160.1 166.2 105.0 154.9 251.0 162.8 267.9 198.6 163.9 212.8 189.3 264.4 426.3 397.4 161.7 130.0 25.5 274.4 250.9 215.6 393.3 386.1 196.8 160.7 122.4 241.5 156.0 432.4 115.9 354.5 264.8 182.7 260.5 63.1 485.7 159.8 75.3 272.7 227.8 131.4 244.7 200.9 414.3 202.2 288.3 209.0 236.6 201.0 218.5 172.5 264.4 192.0 213.8 0.0 170.7
1384.5 181.5 239.8 212.3 300.0 268.7 154.3 230.5 229.1 461.2 205.4 208.0 350.4 257.6 65.0 252.5 265.8 270.4 330.9 63.0 226.6 305.8 189.0 241.5 248.4 244.9 262.7 211.4 272.4 258.2 197.6 212.5 93.7 138.2 454.9 358.4 213.9 384.3 260.2 241.0 148.3 340.7 135.5 125.8 235.5 306.4 252.3 459.9 213.1 328.1 276.2 302.5 241.6 261.6 368.2 343.1 57.0 234.3 150.3 225.7 365.0 258.0 165.1 215.2 221.3 178.1 212.1 186.2 77.4 213.5 219.8 185.1 76.0 103.9 285.6 481.4 452.7 234.8 203.1 143.8 358.5 272.1 270.7 449.6 441.2 221.2 9.4 204.6 296.6 211.1 362.4 171.0 355.7 348.9 237.8 315.6 138.1 477.1 95.0 214.0 222.3 249.0 204.5 265.9 171.8 469.4 223.4 314.6 264.1 237.8 256.1 273.8 227.6 214.6 248.0 43.0 180.6 0.0
