Name		1767_BED-Amazon_n106_m239_bt35
Number_of_Customers	106
Number_of_Items		239
Number_of_ItemTypes	35
Number_of_Vehicles	1
TimeWindows		0
Dist_type	manual

VEHICLE
Mass_Capacity	2071
CargoSpace_Length	174
CargoSpace_Width	61
CargoSpace_Height	84

CUSTOMERS
i	x	y	Demand	ReadyTime	DueDate	ServiceTime	DemandedMass	DemandedVolume
0	47.54217	-122.328049	0	0	0	0	0	0
1	47.62199	-122.308052	1	0	0	0	7.3	3640
2	47.628675	-122.305055	1	0	0	0	4.7	1380
3	47.631564	-122.304726	1	0	0	0	2.5	3978
4	47.618519	-122.309764	1	0	0	0	4.7	1380
5	47.634144	-122.303707	4	0	0	0	19.3	22946
6	47.628691	-122.308225	1	0	0	0	4.7	1380
7	47.621293	-122.307342	1	0	0	0	7.3	3640
8	47.622952	-122.312642	1	0	0	0	4.7	1380
9	47.623554	-122.306392	3	0	0	0	22.0	12138
10	47.632323	-122.312487	3	0	0	0	11.65	8660
11	47.620831	-122.311393	1	0	0	0	7.3	3640
12	47.628943	-122.306035	1	0	0	0	4.8	6200
13	47.622759	-122.307323	1	0	0	0	4.7	1380
14	47.633969	-122.305189	1	0	0	0	5.29	8075
15	47.634046	-122.309889	2	0	0	0	11.15	7368
16	47.632471	-122.309898	4	0	0	0	15.26	12024
17	47.629164	-122.307255	4	0	0	0	16.76	15172
18	47.629188	-122.306031	3	0	0	0	12.35	26608
19	47.61956	-122.304769	4	0	0	0	9.8	9174
20	47.61968	-122.308068	2	0	0	0	12.1	9840
21	47.621827	-122.308735	1	0	0	0	4.7	1380
22	47.622093	-122.311041	1	0	0	0	1.75	4608
23	47.61901	-122.307707	2	0	0	0	11.9	6738
24	47.619297	-122.307394	1	0	0	0	1.9	1176
25	47.629643	-122.303544	2	0	0	0	7.04	12683
26	47.623806	-122.307316	1	0	0	0	4.7	1380
27	47.630532	-122.302959	3	0	0	0	7.3	5196
28	47.620419	-122.310721	1	0	0	0	4.7	1380
29	47.623726	-122.308684	1	0	0	0	1.75	4608
30	47.633493	-122.309892	3	0	0	0	14.27	20980
31	47.630629	-122.310292	3	0	0	0	7.47	13384
32	47.622079	-122.30969	1	0	0	0	7.3	3640
33	47.625313	-122.306052	1	0	0	0	4.7	1380
34	47.622534	-122.310037	1	0	0	0	7.3	3640
35	47.618498	-122.305559	3	0	0	0	19.19	20124
36	47.626648	-122.30607	2	0	0	0	5.4	4020
37	47.620845	-122.307923	1	0	0	0	0.7	2640
38	47.63062	-122.306863	1	0	0	0	3.01	5544
39	47.633758	-122.311212	1	0	0	0	4.7	1380
40	47.624994	-122.30243	1	0	0	0	2.15	1080
41	47.633033	-122.309894	3	0	0	0	4.65	6240
42	47.630539	-122.312502	1	0	0	0	1.9	1176
43	47.633948	-122.311921	1	0	0	0	1.8	2520
44	47.624375	-122.309341	1	0	0	0	4.7	1380
45	47.627077	-122.306068	2	0	0	0	5.72	9756
46	47.618785	-122.307402	3	0	0	0	18.72	35488
47	47.63015	-122.307246	1	0	0	0	2.5	3978
48	47.629237	-122.309929	1	0	0	0	0.7	2640
49	47.625647	-122.308662	3	0	0	0	12.04	15360
50	47.624922	-122.304669	1	0	0	0	1.75	4608
51	47.63284	-122.301618	1	0	0	0	4.7	1380
52	47.621126	-122.311393	2	0	0	0	10.1	5400
53	47.622098	-122.311738	1	0	0	0	4.7	1380
54	47.624733	-122.303563	2	0	0	0	9.99	9455
55	47.622584	-122.308708	2	0	0	0	4.69	19512
56	47.619057	-122.31008	2	0	0	0	3.3	6456
57	47.620946	-122.308751	4	0	0	0	16.85	28468
58	47.631024	-122.309909	1	0	0	0	4.7	1380
59	47.634679	-122.302482	1	0	0	0	1.5	9280
60	47.621617	-122.311369	1	0	0	0	3.01	5544
61	47.63412	-122.310682	1	0	0	0	4.7	1380
62	47.621286	-122.307914	2	0	0	0	3.66	18888
63	47.634093	-122.305873	1	0	0	0	4.7	1380
64	47.623365	-122.303569	1	0	0	0	7.3	3640
65	47.618786	-122.306094	2	0	0	0	12.0	5020
66	47.631918	-122.311238	1	0	0	0	7.3	3640
67	47.618924	-122.304784	2	0	0	0	8.79	17291
68	47.633672	-122.304503	1	0	0	0	4.7	1380
69	47.623105	-122.313319	1	0	0	0	4.7	1380
70	47.619686	-122.310525	6	0	0	0	40.88	45240
71	47.625575	-122.30479	2	0	0	0	2.6	3816
72	47.63321	-122.304837	3	0	0	0	9.56	16352
73	47.626042	-122.30606	1	0	0	0	4.26	10440
74	47.632311	-122.305371	2	0	0	0	2.5	5160
75	47.631654	-122.308583	1	0	0	0	9.4	2760
76	47.630831	-122.305995	1	0	0	0	4.7	1380
77	47.628356	-122.304783	1	0	0	0	0.7	2640
78	47.632084	-122.304723	2	0	0	0	5.4	4020
79	47.633379	-122.308767	1	0	0	0	4.7	1380
80	47.631311	-122.312495	3	0	0	0	24.49	38660
81	47.633524	-122.303657	1	0	0	0	3.01	5544
82	47.61937	-122.30881	8	0	0	0	47.64	64508
83	47.629647	-122.302354	2	0	0	0	7.2	5358
84	47.624074	-122.305995	3	0	0	0	9.2	15060
85	47.629517	-122.308604	3	0	0	0	14.34	16323
86	47.62777	-122.308624	1	0	0	0	0.7	2640
87	47.624709	-122.308685	4	0	0	0	30.62	19400
88	47.62416	-122.307313	6	0	0	0	46.52	36845
89	47.63195	-122.30596	1	0	0	0	2.6	10400
90	47.629823	-122.311262	1	0	0	0	4.7	1380
91	47.62923	-122.308606	1	0	0	0	4.8	6200
92	47.631571	-122.309905	1	0	0	0	3.8	2352
93	47.632304	-122.304229	1	0	0	0	4.7	1380
94	47.62863	-122.307263	2	0	0	0	12.0	5020
95	47.629261	-122.303552	3	0	0	0	8.9	13236
96	47.619826	-122.306077	2	0	0	0	14.3	13780
97	47.632633	-122.308559	1	0	0	0	3.42	23780
98	47.619305	-122.306087	1	0	0	0	1.9	1176
99	47.617952	-122.310097	6	0	0	0	27.04	32566
100	47.618499	-122.306827	4	0	0	0	22.47	50771
101	47.625003	-122.305997	1	0	0	0	4.7	1380
102	47.633737	-122.301832	1	0	0	0	1.75	4608
103	47.627969	-122.309953	1	0	0	0	2.5	3978
104	47.627922	-122.306053	3	0	0	0	10.08	24096
105	47.624396	-122.301859	1	0	0	0	4.7	1380
106	47.6342	-122.302691	3	0	0	0	19.71	11944

ITEMS
Type	Length	Width	Height	Mass	Fragility	LoadBearingStrength
Bt1	10	10	10	14.15	1	0
Bt2	18	12	5	2.15	1	0
Bt3	21	14	4	1.9	1	0
Bt4	23	15	4	4.7	1	0
Bt5	20	18	7	1.8	1	0
Bt6	15	11	16	0.7	1	0
Bt7	26	26	5	2.67	1	0
Bt8	20	14	13	7.3	1	0
Bt9	17	13	18	2.5	1	0
Bt10	24	12	16	1.75	1	0
Bt11	28	22	9	3.01	1	0
Bt12	31	20	10	4.8	1	0
Bt13	32	20	10	2.82	1	0
Bt14	40	19	10	3.82	1	0
Bt15	25	19	17	5.29	1	0
Bt16	22	15	26	3.816	1	0
Bt17	28	18	18	2.75	1	0
Bt18	29	20	16	1.5	1	0
Bt19	35	21	13	2.1	1	0
Bt20	40	20	13	2.6	1	0
Bt21	29	24	15	4.26	1	0
Bt22	53	20	10	4.67	1	0
Bt23	29	20	19	5.75	1	0
Bt24	29	27	15	2.11	1	0
Bt25	38	29	11	5.088	1	0
Bt26	35	17	24	1.908	1	0
Bt27	27	23	24	2.94	1	0
Bt28	39	27	16	7.63	1	0
Bt29	57	15	20	3.44	1	0
Bt30	40	27	17	3.3	1	0
Bt31	33	20	28	5.25	1	0
Bt32	71	24	12	4.37	1	0
Bt33	41	20	29	3.42	1	0
Bt34	58	40	11	12.6	1	0
Bt35	38	37	20	7.568	1	0

DEMANDS PER CUSTOMER
i	Type Quantity
1	Bt8 1	
2	Bt4 1	
3	Bt9 1	
4	Bt4 1	
5	Bt4 2	Bt11 1	Bt25 1	Bt5 1	
6	Bt4 1	
7	Bt8 1	
8	Bt4 1	
9	Bt4 4	Bt9 1	Bt6 1	
10	Bt4 1	Bt2 1	Bt12 1	
11	Bt8 1	
12	Bt12 1	
13	Bt4 1	
14	Bt15 1	
15	Bt10 1	Bt4 2	
16	Bt4 2	Bt6 1	Bt2 1	Bt11 1	
17	Bt10 1	Bt11 1	Bt8 1	Bt4 1	
18	Bt8 1	Bt10 1	Bt30 1	
19	Bt9 1	Bt3 1	Bt6 1	Bt4 1	
20	Bt8 1	Bt12 1	
21	Bt4 1	
22	Bt10 1	
23	Bt9 1	Bt4 2	
24	Bt3 1	
25	Bt15 1	Bt10 1	
26	Bt4 1	
27	Bt3 1	Bt6 1	Bt4 1	
28	Bt4 1	
29	Bt10 1	
30	Bt4 1	Bt23 1	Bt16 1	
31	Bt3 1	Bt14 1	Bt10 1	
32	Bt8 1	
33	Bt4 1	
34	Bt8 1	
35	Bt27 1	Bt4 3	Bt2 1	
36	Bt6 1	Bt4 1	
37	Bt6 1	
38	Bt11 1	
39	Bt4 1	
40	Bt2 1	
41	Bt5 1	Bt6 1	Bt2 1	
42	Bt3 1	
43	Bt5 1	
44	Bt4 1	
45	Bt3 1	Bt16 1	
46	Bt35 1	Bt4 2	Bt10 1	
47	Bt9 1	
48	Bt6 1	
49	Bt4 1	Bt22 1	Bt7 1	
50	Bt10 1	
51	Bt4 1	
52	Bt6 1	Bt4 2	
53	Bt4 1	
54	Bt4 1	Bt15 1	
55	Bt27 1	Bt10 1	
56	Bt6 2	Bt3 1	
57	Bt4 1	Bt6 1	Bt14 1	Bt28 1	
58	Bt4 1	
59	Bt18 1	
60	Bt11 1	
61	Bt4 1	
62	Bt26 1	Bt10 1	
63	Bt4 1	
64	Bt8 1	
65	Bt8 1	Bt4 1	
66	Bt8 1	
67	Bt15 1	Bt10 2	
68	Bt4 1	
69	Bt4 1	
70	Bt4 6	Bt6 2	Bt2 1	Bt11 1	Bt32 1	Bt10 1	
71	Bt3 1	Bt6 1	
72	Bt11 1	Bt12 1	Bt10 1	
73	Bt21 1	
74	Bt6 1	Bt5 1	
75	Bt4 2	
76	Bt4 1	
77	Bt6 1	
78	Bt4 1	Bt6 1	
79	Bt4 1	
80	Bt13 1	Bt4 3	Bt35 1	
81	Bt11 1	
82	Bt29 1	Bt31 1	Bt2 1	Bt8 1	Bt27 1	Bt1 1	Bt4 2	Bt11 1	
83	Bt4 1	Bt9 1	
84	Bt4 1	Bt10 1	Bt17 1	
85	Bt15 1	Bt8 1	Bt10 1	
86	Bt6 1	
87	Bt4 4	Bt8 1	Bt14 1	Bt6 1	
88	Bt11 1	Bt5 1	Bt4 7	Bt3 1	Bt24 1	Bt12 1	
89	Bt20 1	
90	Bt4 1	
91	Bt12 1	
92	Bt3 2	
93	Bt4 1	
94	Bt8 1	Bt4 1	
95	Bt10 2	Bt4 1	Bt6 1	
96	Bt12 2	Bt4 1	
97	Bt33 1	
98	Bt3 1	
99	Bt4 1	Bt9 1	Bt8 1	Bt3 1	Bt28 1	Bt11 1	
100	Bt10 1	Bt34 1	Bt11 2	Bt19 1	
101	Bt4 1	
102	Bt10 1	
103	Bt9 1	
104	Bt10 1	Bt28 1	Bt6 1	
105	Bt4 1	
106	Bt4 2	Bt8 1	Bt11 1	

DISTANCE MATRIX
0.0 1253.8 1333.3 1298.9 1197.3 1237.2 1328.4 1212.8 1183.2 1319.9 1203.7 1161.4 1352.8 1234.1 1260.6 1220.5 1260.2 1320.6 1358.0 1242.7 1225.0 1212.2 1191.2 1228.8 1213.3 1295.4 1251.9 1290.9 1153.0 1254.5 1234.5 1262.7 1214.3 1321.0 1235.2 1227.9 1359.2 1178.9 1332.7 1204.7 1274.5 1249.8 1214.2 1263.1 1321.3 1304.2 1222.1 1306.1 1300.0 1287.0 1349.9 1165.3 1170.2 1178.4 1323.6 1229.4 1195.4 1192.6 1293.9 1184.1 1183.6 1199.9 1278.9 1273.3 1337.0 1223.2 1229.9 1265.8 1241.8 1160.2 1193.5 1327.6 1229.1 1341.9 1279.1 1265.2 1328.9 1321.9 1287.4 1287.6 1200.8 1222.2 1204.9 1262.0 1308.3 1341.7 1294.1 1283.9 1258.0 1312.7 1272.9 1333.6 1308.5 1259.5 1343.6 1303.0 1228.0 1268.7 1244.5 1216.3 1253.2 1314.4 1166.1 1329.4 1324.5 1311.8 1183.6
1255.9 0.0 185.1 254.9 140.4 307.7 197.4 41.6 137.9 144.6 278.9 120.1 192.4 50.6 288.5 313.3 252.5 155.1 214.3 127.5 91.8 51.4 70.9 95.6 80.1 243.4 68.4 252.2 116.4 71.6 298.0 243.5 47.5 137.5 70.0 140.7 175.7 68.2 186.7 308.9 225.3 281.3 267.1 319.6 131.2 159.5 88.9 169.6 239.3 113.9 157.7 287.1 115.9 83.7 187.4 46.5 153.8 71.0 277.3 351.0 102.1 322.3 25.0 275.6 154.2 143.6 292.0 150.6 284.7 169.5 141.9 191.9 253.7 158.4 242.6 267.6 222.0 202.2 261.9 266.3 280.5 292.7 114.8 264.9 133.0 210.7 163.1 101.0 74.5 248.5 285.9 202.6 291.9 261.0 146.2 235.8 112.8 247.4 128.8 177.0 117.8 130.9 369.3 257.0 179.8 192.3 351.8
1382.8 193.4 0.0 96.6 267.3 150.3 53.5 168.5 244.0 225.6 172.1 247.0 26.5 147.8 181.7 206.5 145.7 48.3 48.4 280.3 218.7 210.2 229.7 222.5 207.0 58.2 130.7 96.3 243.3 189.3 191.2 145.1 206.3 155.9 228.8 267.6 194.1 195.1 79.9 202.1 124.3 174.5 199.9 212.8 196.7 75.0 215.8 62.8 98.7 147.0 125.6 168.3 255.8 242.5 128.8 214.4 271.5 219.3 136.7 232.2 260.9 215.5 218.5 168.8 162.0 270.5 193.6 303.4 172.9 254.5 268.8 89.6 146.9 176.8 135.8 145.0 82.4 17.0 108.1 159.5 199.0 135.3 255.5 79.7 191.7 88.1 97.8 159.9 124.6 119.7 196.7 80.0 151.3 126.1 52.2 50.6 239.7 140.6 255.7 306.4 244.7 169.3 211.9 116.4 51.8 190.5 194.4
1443.4 254.0 86.6 0.0 327.9 96.7 140.2 229.1 297.0 258.7 148.1 307.6 107.2 208.4 138.1 182.5 121.7 103.8 85.3 315.0 279.3 270.8 290.3 283.1 267.6 77.9 191.3 68.3 303.9 241.8 167.2 120.1 266.9 225.3 289.4 328.2 263.5 255.7 60.0 178.1 187.5 150.5 174.9 188.8 249.5 153.6 276.4 89.3 155.8 207.6 195.0 175.6 316.4 303.1 198.4 261.7 332.1 279.9 129.7 211.5 321.5 191.5 279.1 144.8 231.6 331.1 168.6 338.1 119.3 307.5 329.4 159.0 106.6 246.2 42.0 120.1 56.2 86.4 11.5 135.5 174.0 81.7 316.1 90.4 261.1 137.5 184.5 212.4 185.2 75.6 171.7 145.6 144.3 29.4 112.8 85.5 300.3 116.6 316.3 364.5 305.3 238.7 158.3 185.2 138.4 260.1 140.8
1190.9 150.6 267.7 337.5 0.0 390.3 286.2 111.9 185.3 219.0 369.5 99.2 275.0 133.2 371.1 395.9 335.1 237.7 296.9 147.4 84.1 118.1 142.6 79.1 74.5 326.0 151.0 334.8 99.7 160.4 380.6 326.1 125.4 220.1 128.3 78.7 258.3 101.4 269.3 391.5 244.8 363.9 329.7 402.2 220.0 242.1 64.7 252.2 328.1 202.7 240.3 359.6 108.0 154.3 257.7 135.3 26.2 98.5 335.7 423.5 121.4 426.4 175.7 358.2 228.6 92.0 394.3 124.3 367.3 222.1 69.9 274.5 336.3 241.0 325.2 326.1 304.6 284.8 344.5 348.9 343.1 375.3 55.0 347.5 207.4 299.5 251.9 189.8 157.1 331.1 348.5 291.4 350.3 343.6 228.8 318.4 121.9 330.0 106.8 40.8 55.8 213.5 451.9 345.8 262.4 274.9 434.4
1490.4 303.6 141.7 96.9 377.5 0.0 195.3 278.7 338.3 326.7 161.1 357.2 168.3 258.0 76.6 187.5 130.3 154.4 170.9 362.0 328.9 320.4 339.9 332.7 317.2 83.4 240.9 101.8 353.5 291.4 167.4 190.8 316.5 273.9 339.0 380.0 312.1 305.3 130.7 178.3 188.0 150.7 198.1 189.0 299.1 200.6 326.0 138.9 226.5 257.2 261.6 78.8 365.9 352.7 210.2 312.2 383.7 329.5 200.4 169.6 371.1 191.7 328.7 89.3 247.1 385.5 159.0 370.8 57.8 348.8 379.0 232.1 45.1 294.8 77.1 133.3 126.9 159.5 85.4 135.7 184.7 14.9 365.7 123.9 295.0 206.5 239.6 269.8 234.8 110.7 210.2 216.3 215.0 57.5 162.4 101.0 354.2 116.8 370.7 416.6 354.9 287.3 61.5 255.9 192.6 225.3 35.3
1352.7 163.3 50.2 146.9 237.2 200.6 0.0 138.4 206.1 168.0 171.8 216.9 57.5 117.7 171.6 176.6 152.0 38.2 79.4 224.3 188.6 178.0 199.6 192.4 176.9 108.5 100.6 146.6 213.2 135.7 161.3 91.5 176.2 129.9 198.7 237.5 168.1 165.0 69.8 188.2 174.6 144.6 146.3 200.9 155.0 86.0 185.7 52.7 45.1 93.4 150.1 218.6 225.7 212.4 179.1 160.8 241.4 189.2 83.1 282.5 230.8 197.8 188.4 158.7 212.3 240.4 140.0 247.4 167.8 216.6 238.7 139.9 136.8 150.8 125.7 91.4 113.4 67.3 158.4 134.3 145.4 185.6 225.4 130.0 145.1 34.5 44.2 106.3 94.5 131.6 143.1 26.4 97.7 144.1 22.1 100.9 209.6 115.4 225.6 273.8 214.6 123.3 262.2 62.8 62.8 212.2 244.7
1214.2 57.1 155.7 225.5 98.7 278.3 148.9 0.0 161.7 107.0 249.5 78.4 163.0 21.2 259.1 283.9 223.1 125.7 184.9 85.8 50.1 70.3 93.4 53.9 38.4 214.0 39.0 222.8 74.7 84.5 268.6 214.1 70.0 108.1 92.5 99.0 146.3 26.5 157.3 279.5 195.9 251.9 233.6 290.2 129.5 130.1 47.2 140.2 194.1 115.1 128.3 257.7 87.2 106.2 145.7 69.0 102.9 50.7 223.7 321.6 100.6 292.9 82.2 246.2 116.6 101.9 262.6 108.9 255.3 201.3 100.2 162.5 224.3 129.0 213.2 214.1 192.6 172.8 232.5 236.9 247.0 263.3 86.9 235.5 95.4 183.5 147.6 113.9 45.1 219.1 252.4 175.4 238.3 231.6 116.8 206.4 71.1 218.0 87.1 137.8 76.1 101.5 339.9 211.8 150.4 162.9 322.4
1246.4 125.6 230.4 314.4 182.0 344.7 203.1 152.6 0.0 253.5 184.1 107.9 235.4 161.6 325.5 261.6 240.6 200.4 257.3 198.2 180.5 113.2 63.0 184.3 168.8 266.9 188.7 297.5 108.5 153.4 275.6 187.1 86.1 200.0 107.0 229.4 238.2 134.4 232.0 245.8 255.3 251.2 144.3 243.5 153.6 186.8 177.6 214.9 224.4 155.7 220.2 314.4 96.5 50.2 252.7 128.3 150.9 132.8 218.3 378.3 82.7 241.0 150.7 312.6 258.3 214.8 208.9 221.3 321.7 97.1 149.0 219.2 290.7 220.9 283.6 245.6 267.3 233.5 302.9 268.0 157.7 329.7 160.4 306.4 219.6 216.4 168.8 140.5 182.6 289.5 163.1 208.3 232.9 302.0 191.5 259.3 183.5 249.1 200.0 188.4 206.5 193.4 406.3 214.6 207.1 304.7 388.8
1312.6 123.2 185.7 257.9 197.1 310.7 181.3 98.3 234.6 0.0 288.7 176.8 175.0 77.6 291.5 321.1 263.9 154.0 182.0 169.9 148.5 130.1 167.6 152.3 136.8 232.3 71.4 255.2 173.1 98.9 301.0 246.5 144.2 75.8 141.0 197.7 114.0 124.9 189.7 311.9 181.6 284.3 266.0 322.6 148.1 123.6 145.6 172.6 226.5 141.2 106.7 262.4 185.5 180.4 120.3 112.9 201.3 139.6 256.1 326.3 198.8 325.3 148.3 278.6 103.2 200.3 295.0 199.5 287.7 266.2 198.6 176.8 256.7 96.7 245.6 243.1 225.0 202.8 264.9 269.3 279.4 295.7 193.5 265.5 41.2 215.9 190.4 120.5 77.5 251.5 284.8 207.8 270.7 264.0 144.7 224.7 169.5 250.4 185.5 233.7 174.5 66.7 372.3 244.2 147.5 137.5 336.0
1327.2 284.1 189.0 147.3 355.8 160.5 162.2 259.2 173.7 288.8 0.0 272.1 209.3 238.5 158.4 79.5 69.7 139.9 202.3 351.1 315.4 274.1 236.8 296.1 297.7 207.8 221.4 216.2 282.3 231.8 97.9 82.0 259.9 250.7 280.8 358.6 294.9 285.8 131.4 68.1 283.1 67.0 33.5 76.4 221.8 214.6 312.5 119.4 119.3 178.6 270.9 210.5 260.8 224.0 280.5 256.9 326.2 293.7 113.2 309.0 246.9 73.9 315.2 145.5 304.0 367.2 43.2 368.2 154.6 184.2 322.8 236.1 129.6 271.6 122.5 84.5 154.4 206.1 141.8 100.9 36.3 162.6 323.3 232.3 265.9 185.6 189.4 199.3 198.2 122.4 92.2 188.7 130.9 134.9 148.9 192.3 330.4 82.0 346.4 357.7 341.4 244.1 239.2 148.7 200.6 331.3 227.7
1241.6 105.9 257.8 327.6 110.2 380.4 259.5 102.0 109.2 229.0 285.3 0.0 265.1 123.3 361.2 362.8 341.8 227.8 287.0 131.9 121.2 93.5 43.3 118.0 102.5 323.3 141.1 324.9 42.2 133.7 371.5 288.3 66.4 233.3 87.3 189.0 271.5 68.1 259.4 347.0 211.5 354.8 245.5 344.7 179.7 243.2 111.3 242.3 255.3 176.0 253.5 326.3 8.7 55.0 271.8 108.6 99.4 81.8 293.3 390.2 22.1 342.2 131.0 348.3 238.6 148.5 310.1 155.0 357.4 122.8 69.6 275.6 326.4 254.2 315.3 329.7 294.7 274.9 334.6 369.2 258.9 365.4 94.1 337.6 217.4 272.8 225.2 163.1 147.2 321.2 264.3 264.7 307.9 333.7 218.9 315.7 117.2 350.3 133.7 129.2 166.1 226.7 353.8 253.0 263.5 219.4 424.5
1380.1 190.7 36.5 106.7 264.6 176.0 50.8 165.8 235.4 195.4 169.4 244.3 0.0 145.1 179.0 203.8 143.0 45.6 21.9 251.7 216.0 207.5 227.0 219.8 204.3 94.8 128.0 104.0 240.6 186.6 188.5 137.7 203.6 157.3 226.1 264.9 195.5 192.4 77.2 199.4 160.9 171.8 192.5 210.1 188.1 54.3 213.1 60.1 96.0 144.3 162.2 204.9 253.1 239.8 165.4 211.7 268.8 216.6 134.0 268.8 258.2 212.8 215.8 166.1 198.6 267.8 186.2 274.8 175.2 245.9 266.1 126.2 144.2 178.2 118.5 137.7 55.8 53.6 118.2 156.8 191.6 161.0 252.8 116.3 172.5 85.4 95.1 157.2 121.9 93.1 189.3 77.3 148.6 136.2 49.5 87.2 237.0 137.9 253.0 301.2 242.0 150.7 237.6 113.7 31.1 227.1 220.1
1234.9 45.5 134.4 204.2 119.4 257.0 127.6 20.6 148.8 85.7 228.2 99.1 141.7 0.0 237.8 262.6 201.8 104.4 163.6 106.5 70.8 62.3 81.8 74.6 59.1 192.7 17.7 201.5 95.4 63.2 247.3 192.8 58.4 86.8 80.9 119.7 125.0 47.2 136.0 258.2 174.6 230.6 212.3 268.9 108.2 108.8 67.9 118.9 172.8 93.8 107.0 236.4 107.9 94.6 124.4 57.4 123.6 71.4 202.4 300.3 113.0 271.6 70.6 224.9 95.3 122.6 241.3 129.6 234.0 180.4 120.9 141.2 203.0 107.7 191.9 192.8 171.3 151.5 211.2 215.6 225.7 242.0 107.6 214.2 74.1 162.2 126.3 92.6 23.8 197.8 231.1 154.1 217.0 210.3 95.5 185.1 91.8 196.7 107.8 158.3 96.8 80.2 318.6 190.5 129.1 141.6 301.1
1457.4 283.2 181.9 137.1 357.1 95.4 161.3 258.3 317.9 287.9 127.9 336.8 208.4 237.6 0.0 162.3 101.5 133.0 186.5 344.2 308.5 300.0 319.5 312.3 296.8 133.6 220.5 142.0 333.1 271.0 147.0 167.3 296.1 249.8 318.6 357.4 288.0 284.9 130.5 157.9 218.3 130.3 177.7 168.6 278.7 243.6 305.6 118.5 203.0 236.8 293.7 167.8 345.6 332.3 254.1 290.9 361.3 309.1 176.9 186.6 350.7 171.3 308.3 53.4 280.8 360.3 138.6 367.3 72.4 328.4 358.6 272.3 41.4 270.7 115.6 112.9 153.5 199.7 125.6 115.3 164.3 80.4 345.3 164.1 265.0 184.7 205.6 241.6 214.4 121.5 189.8 187.8 191.5 97.7 142.0 141.2 329.5 96.4 345.5 396.0 334.5 243.2 150.5 224.2 200.7 255.6 133.0
1345.5 312.4 217.3 175.6 386.3 205.9 190.5 287.5 266.7 317.1 102.8 366.0 237.6 266.8 186.7 0.0 52.4 162.2 230.6 425.4 337.7 329.2 329.8 341.5 326.0 220.1 249.7 238.5 362.3 300.2 18.4 150.5 325.3 279.0 347.8 386.9 317.2 314.1 159.7 47.8 328.8 33.7 126.5 130.7 307.9 256.3 334.8 147.7 187.8 266.0 299.2 238.8 353.8 317.0 312.5 320.1 390.5 338.1 181.7 337.3 339.9 16.3 337.5 173.8 349.4 389.5 91.5 396.5 182.9 277.2 387.8 282.7 151.9 299.9 144.8 106.8 182.7 234.4 164.1 129.2 113.1 190.9 374.5 260.6 294.2 212.2 234.8 278.6 243.6 150.7 142.7 217.0 196.3 163.2 176.1 237.7 358.7 110.3 374.7 422.9 363.7 272.4 267.5 217.2 228.9 361.3 231.2
1367.0 259.9 164.8 123.1 333.8 153.4 138.0 235.0 227.5 264.6 64.6 313.5 185.1 214.3 134.2 57.2 0.0 109.7 178.1 320.9 285.2 276.7 296.2 289.0 273.5 167.6 197.2 186.0 309.8 247.7 37.1 107.2 272.8 226.5 295.3 334.4 264.7 261.6 107.2 67.5 276.3 20.4 87.3 78.2 255.4 200.6 282.3 95.2 144.5 213.5 246.7 186.3 322.2 277.8 260.0 267.6 338.0 289.9 118.8 284.8 300.7 73.5 285.0 121.3 296.9 337.0 48.2 344.0 130.4 238.0 335.3 230.2 99.4 247.4 92.3 54.3 130.2 181.9 111.6 76.7 73.9 138.4 322.0 208.1 241.7 161.4 182.3 226.1 191.1 98.2 99.4 164.5 133.4 110.7 118.7 185.2 306.2 57.8 322.2 370.4 311.2 219.9 215.0 173.9 176.4 308.8 194.1
1339.5 150.1 55.0 99.7 224.0 153.4 28.2 125.2 193.1 142.6 151.5 203.7 62.3 104.5 133.3 162.9 105.7 0.0 65.2 263.1 171.3 166.9 186.4 178.2 163.7 96.6 87.4 97.0 200.0 137.9 143.8 88.3 163.0 116.7 185.5 224.6 77.6 151.8 31.5 153.7 156.5 130.2 171.5 164.4 145.6 89.9 168.4 15.4 73.4 102.7 136.9 185.4 211.5 199.2 150.2 157.8 229.7 176.0 111.4 283.9 217.6 167.1 171.1 120.4 187.1 227.5 136.8 230.1 129.5 203.6 221.4 120.4 99.5 137.6 88.3 84.9 66.8 72.1 107.7 111.1 142.2 137.5 211.3 120.0 131.9 61.8 72.5 112.2 80.4 93.3 139.9 54.7 121.9 105.8 13.8 101.6 192.3 92.2 212.4 256.5 200.5 110.1 214.1 91.1 66.6 199.0 193.2
1387.1 197.7 43.5 99.7 271.6 169.0 57.8 172.8 242.4 202.4 193.9 251.3 7.0 152.1 186.0 215.6 158.4 48.5 0.0 257.5 223.0 214.5 234.0 226.8 211.3 96.6 135.0 97.0 247.6 193.6 195.5 130.7 210.6 164.3 233.1 272.2 202.5 199.4 70.6 206.4 167.9 178.8 185.5 217.1 195.1 64.5 220.1 67.1 103.0 151.3 169.2 247.9 260.0 246.8 168.7 219.6 275.8 224.0 140.3 275.8 265.2 219.8 222.8 173.1 205.6 275.1 179.2 281.8 182.2 252.9 273.1 133.2 151.2 185.2 111.5 130.7 48.8 60.6 111.2 173.6 184.6 154.0 259.8 119.1 179.5 92.3 102.1 172.0 128.9 86.1 182.3 84.3 154.9 129.2 56.5 94.2 244.0 154.7 260.0 308.2 249.0 157.7 230.6 120.7 37.1 234.1 194.3
1240.2 146.1 244.7 314.5 138.0 386.0 237.9 88.9 214.7 189.5 345.3 131.4 252.0 110.2 348.1 440.2 320.5 213.7 257.8 0.0 121.1 123.3 174.8 128.9 114.1 293.3 128.0 305.3 127.7 165.6 420.1 296.6 159.5 197.1 164.3 64.8 208.7 79.5 246.3 368.5 136.2 334.4 322.6 379.2 225.2 216.3 104.3 229.2 283.1 265.9 215.6 251.0 133.6 186.5 175.0 139.6 162.8 113.8 312.7 314.9 153.6 381.9 233.7 335.2 138.1 80.1 351.6 49.0 344.3 254.3 147.5 250.3 312.1 218.0 364.7 299.7 281.6 261.8 320.3 325.9 329.5 352.3 147.9 321.6 231.3 272.4 236.6 180.7 133.4 308.1 341.4 264.4 320.8 320.6 201.3 269.2 110.3 307.0 95.2 185.6 88.6 190.5 278.5 300.8 233.7 144.1 298.2
1201.5 104.8 215.2 285.0 83.6 337.8 208.4 59.4 181.7 166.5 321.8 107.8 222.5 80.7 318.6 348.2 291.0 184.3 229.5 120.8 0.0 72.3 131.9 41.2 25.7 273.5 98.5 282.3 89.2 114.6 328.1 273.6 108.5 167.6 126.4 86.6 179.2 57.0 216.8 339.0 200.4 311.4 293.1 349.7 174.2 186.8 34.5 199.7 282.3 156.9 187.8 315.2 116.5 144.7 208.9 88.6 69.9 62.8 283.2 379.1 130.0 352.4 129.9 305.7 176.1 71.5 322.1 143.9 314.8 230.5 50.0 222.0 283.8 188.5 272.7 273.6 252.1 232.3 292.0 296.4 306.5 322.8 36.7 295.0 154.9 253.6 206.1 136.2 104.6 278.6 311.9 245.6 297.8 291.1 176.3 265.9 59.4 277.5 56.4 107.4 63.4 161.0 399.4 300.0 210.7 222.4 373.2
1258.1 32.4 202.9 272.7 110.2 325.5 168.0 59.4 126.5 137.5 277.5 76.7 210.2 73.7 306.3 341.4 270.3 172.9 232.1 119.1 84.9 0.0 59.5 113.4 97.9 249.8 86.2 270.0 73.0 42.2 326.1 256.2 36.1 146.8 58.6 163.9 185.0 55.3 204.5 352.9 234.6 309.4 237.7 336.9 101.8 169.7 106.7 187.4 209.9 84.5 167.0 297.3 85.5 72.3 180.3 17.1 114.5 19.5 247.9 361.2 90.7 334.4 57.5 293.4 147.1 135.7 304.7 142.2 302.5 158.1 94.6 202.1 271.5 167.7 260.4 238.2 239.8 216.4 279.7 281.1 251.1 310.5 63.3 282.7 125.9 181.3 133.7 71.6 105.3 266.3 256.5 173.2 262.5 278.8 164.0 242.2 104.4 262.2 120.9 151.3 141.0 140.2 387.1 227.6 190.0 205.0 369.6
1278.3 62.5 233.0 302.8 144.0 355.6 216.1 89.5 66.9 185.6 251.1 56.3 240.3 98.5 336.4 328.6 307.6 203.0 262.2 169.3 135.1 50.1 0.0 143.5 128.0 291.3 116.3 300.1 76.4 90.3 342.6 254.1 23.0 194.9 43.9 188.6 233.1 116.1 234.6 312.8 282.7 330.5 211.3 310.5 136.3 217.8 136.8 217.5 231.0 132.6 215.1 345.4 44.9 12.7 228.4 65.2 107.7 69.7 269.0 409.3 31.1 308.0 87.6 323.5 195.2 185.9 275.9 192.4 332.6 98.5 105.8 250.2 301.6 215.8 290.5 286.3 269.9 250.1 309.8 335.0 224.7 340.6 113.5 312.8 174.0 229.4 181.8 119.7 122.4 296.4 230.1 221.3 283.6 308.9 194.1 283.7 154.6 316.1 171.1 145.0 165.7 188.3 417.2 228.7 238.1 253.1 399.7
1183.8 133.2 221.9 291.7 68.3 344.5 215.1 66.1 210.1 173.2 328.5 126.8 229.2 87.4 325.3 354.9 297.7 191.0 236.2 112.8 66.7 100.7 160.3 0.0 28.7 280.2 105.2 289.0 123.1 143.0 334.8 280.3 136.9 174.3 159.4 68.9 185.9 85.4 223.5 345.7 193.6 318.1 299.8 356.4 202.6 193.5 16.8 206.4 260.3 185.3 194.5 308.4 135.5 173.1 211.9 117.0 92.6 80.9 289.9 372.3 149.0 359.1 158.3 312.4 182.8 81.6 328.8 114.2 321.5 258.9 96.4 228.7 290.5 195.2 279.4 280.3 258.8 239.0 298.7 303.1 313.2 329.5 37.6 301.7 161.6 249.7 234.5 164.6 111.3 285.3 318.6 241.6 304.5 297.8 178.5 272.6 84.1 284.2 81.1 107.2 45.7 167.7 406.1 278.0 217.4 229.1 369.8
1175.7 94.5 193.1 262.9 60.2 315.7 186.3 37.3 181.1 144.4 286.9 97.8 200.4 58.6 296.5 321.3 260.5 163.1 222.3 85.2 35.3 89.7 130.8 15.4 0.0 251.4 76.4 260.2 94.1 121.9 306.0 251.5 107.4 145.5 129.9 60.5 183.7 45.9 194.7 316.9 164.8 289.3 271.0 327.6 166.9 167.5 8.7 177.6 231.5 152.5 165.7 279.6 106.6 143.6 183.1 106.4 86.5 70.1 261.1 343.5 120.0 330.3 119.6 283.6 154.0 67.1 300.0 108.3 292.7 220.7 85.4 199.9 261.7 166.4 250.6 251.5 230.0 210.2 269.9 274.3 284.4 300.7 53.1 272.9 132.8 220.9 185.0 151.3 82.5 256.5 289.8 212.8 275.7 269.0 154.2 243.8 55.3 255.4 52.3 99.1 37.6 138.9 377.3 249.2 187.8 200.3 359.8
1436.3 241.7 48.2 77.9 315.6 82.0 101.8 216.8 269.7 236.7 210.2 295.3 74.8 196.1 133.4 234.3 177.1 95.6 81.8 299.9 267.0 258.5 278.0 280.8 255.3 0.0 179.0 28.0 291.6 217.3 224.2 137.0 254.6 180.4 277.1 325.9 112.9 243.4 86.9 235.1 133.9 197.5 201.8 245.8 222.4 107.1 264.1 111.1 147.0 185.0 168.1 170.9 304.0 290.8 116.7 243.3 321.3 268.0 156.6 206.8 309.2 248.5 266.8 146.1 153.6 331.7 195.5 316.7 114.6 280.2 327.1 138.6 91.9 201.3 85.3 143.6 83.1 66.0 89.4 192.5 200.9 77.0 303.8 50.1 202.8 136.3 146.1 195.7 172.9 120.4 198.6 128.3 161.2 75.7 105.4 17.6 300.1 173.6 316.6 352.2 293.0 193.8 153.6 164.7 99.1 182.1 132.7
1252.0 62.6 116.6 186.4 136.5 239.2 109.8 37.7 165.9 79.6 210.4 116.2 123.9 17.0 220.0 244.8 184.0 86.6 145.8 123.6 87.9 79.4 98.9 91.7 76.2 174.9 0.0 183.7 112.5 56.3 229.5 175.0 75.5 69.0 98.0 136.8 107.2 64.3 118.2 240.4 156.8 212.8 194.5 251.1 90.4 91.0 85.0 101.1 155.0 76.0 89.2 218.6 125.0 111.7 106.6 70.3 140.7 88.5 184.6 282.5 130.1 253.8 87.7 207.1 113.3 139.7 223.5 146.7 216.2 197.5 138.0 123.4 185.2 89.9 174.1 175.0 153.5 133.7 193.4 197.8 207.9 224.2 124.7 196.4 56.7 144.4 108.5 85.7 6.1 180.0 213.3 136.3 199.2 192.5 77.7 167.3 108.9 178.9 124.9 175.4 113.9 62.4 300.8 172.7 111.3 123.8 283.3
1431.6 272.3 103.4 69.3 346.2 101.4 157.0 247.4 318.7 267.9 201.6 337.0 125.5 226.7 142.8 231.0 173.8 123.1 118.5 281.0 297.6 289.1 308.6 301.4 285.9 49.0 209.6 0.0 333.3 260.1 210.9 138.4 285.2 237.6 307.7 321.2 161.9 285.1 78.3 235.1 129.2 194.2 193.2 232.5 271.4 156.1 294.7 107.6 174.1 224.0 204.6 180.3 345.7 321.4 178.3 280.0 363.0 315.7 148.0 199.9 339.8 235.2 297.4 155.5 191.7 326.7 186.9 312.0 124.0 329.2 347.7 193.8 111.3 258.5 104.7 138.4 74.5 121.2 80.8 181.3 192.3 86.4 334.4 32.1 236.2 154.1 201.3 238.5 203.5 111.8 190.0 163.9 162.6 85.1 136.0 66.6 295.4 162.4 311.9 385.3 345.0 230.5 163.0 203.5 154.3 166.5 136.8
1250.1 105.7 229.6 299.4 92.7 352.2 222.8 73.8 121.0 180.9 305.2 37.7 236.9 95.1 333.0 357.8 297.0 199.6 258.8 103.7 86.0 73.2 86.2 89.8 74.3 287.9 112.9 296.7 0.0 115.5 342.5 288.0 87.4 182.0 84.8 134.9 220.2 39.9 231.2 366.9 183.3 325.8 265.4 364.1 182.3 204.0 83.1 214.1 268.0 157.8 202.2 298.1 46.5 99.0 218.4 90.4 56.4 53.6 297.6 362.0 59.9 362.1 130.8 320.1 185.2 120.3 330.0 126.8 329.2 173.1 50.4 236.4 298.2 202.9 287.1 288.0 266.5 246.7 306.4 310.8 278.8 337.2 65.9 309.4 169.3 254.6 207.0 144.9 119.0 293.0 284.2 246.5 312.2 305.5 190.7 280.3 89.0 291.9 105.5 89.4 112.0 175.4 325.6 304.5 224.3 191.2 396.3
1297.5 72.6 176.0 239.9 152.5 292.7 125.7 83.2 146.7 126.3 235.2 119.0 183.3 62.5 273.5 299.1 243.0 140.1 205.2 161.4 127.2 42.2 79.7 137.2 121.7 207.5 69.1 237.2 115.3 0.0 283.8 213.9 56.3 104.5 71.1 182.3 142.7 109.8 171.7 310.6 192.3 267.1 195.4 294.6 59.5 127.4 130.5 154.6 167.6 42.2 124.7 255.0 124.7 92.5 145.5 25.0 156.8 61.8 205.6 318.9 110.9 292.1 97.7 260.6 135.9 178.0 262.4 184.5 269.7 178.3 136.9 159.8 238.7 125.4 227.6 195.9 207.0 174.1 246.9 238.8 208.8 277.7 105.6 255.8 95.6 139.0 91.4 29.3 63.0 233.5 214.2 130.9 220.2 246.0 131.2 199.9 146.7 219.9 163.2 193.4 159.4 97.9 354.3 185.3 147.7 162.7 336.8
1365.6 294.0 198.9 157.2 367.9 187.5 172.1 269.1 261.6 298.7 98.7 347.6 219.2 248.4 168.3 20.0 34.0 144.7 212.2 353.8 319.3 310.8 330.3 323.1 307.6 201.7 231.3 220.1 343.9 281.8 0.0 141.3 306.9 260.6 329.4 368.5 298.8 295.7 141.3 67.9 310.4 15.3 121.4 112.3 289.5 234.7 316.4 129.3 178.6 247.6 280.8 220.4 356.3 311.9 297.8 301.7 372.1 320.3 152.9 318.9 334.8 36.4 319.1 155.4 331.0 371.4 82.3 378.1 164.5 272.1 369.4 264.3 133.5 281.5 126.4 88.4 164.3 216.0 145.7 110.8 108.0 172.5 356.1 242.2 275.8 193.8 216.4 260.2 225.2 132.3 133.5 198.6 167.5 144.8 152.8 219.3 340.3 91.9 356.3 404.5 345.3 254.0 249.1 208.0 210.5 342.9 212.8
1390.4 255.8 142.7 173.8 329.7 204.1 92.4 230.9 194.9 260.5 80.2 284.8 150.0 210.2 184.9 129.4 72.2 129.8 157.0 368.8 281.1 247.2 267.5 284.9 269.4 201.0 193.1 236.7 305.7 204.9 109.3 0.0 261.3 222.4 276.1 330.3 260.6 257.5 157.9 96.6 246.7 92.6 54.7 125.3 192.3 178.5 278.2 145.9 37.2 162.6 242.6 237.0 273.5 259.2 240.4 230.0 333.9 256.7 31.1 335.5 259.6 119.2 280.9 172.0 277.3 332.9 48.4 339.9 181.1 205.4 331.2 210.6 150.1 243.3 143.0 67.1 180.9 159.8 162.3 110.0 53.8 189.1 310.6 222.5 237.6 123.6 113.4 183.3 187.0 148.9 51.5 115.6 45.7 161.4 114.6 193.4 302.1 91.1 318.1 368.8 307.1 215.8 265.7 66.6 154.3 304.7 248.2
1280.7 39.4 209.9 279.7 137.3 332.5 193.0 66.4 90.3 162.5 274.5 79.7 217.2 75.4 313.3 352.0 277.3 179.9 239.1 146.2 112.0 27.0 23.3 120.4 104.9 268.2 93.2 277.0 96.0 67.2 351.1 277.5 0.0 171.8 22.4 165.5 210.0 93.0 211.5 336.2 259.6 334.4 234.7 333.9 113.2 194.7 113.7 194.4 234.9 109.5 192.0 322.3 68.3 36.1 205.3 42.1 106.2 46.6 272.9 386.2 54.5 331.4 64.5 300.4 172.1 162.8 299.3 169.3 309.5 121.9 104.3 227.1 278.5 192.7 267.4 263.2 246.8 227.0 286.7 306.1 248.1 317.5 90.4 289.7 150.9 206.3 158.7 96.6 99.3 273.3 253.5 198.2 287.5 285.8 171.0 260.6 131.5 287.2 148.0 143.7 142.6 165.2 394.1 252.1 215.0 230.0 376.6
1392.7 203.3 109.8 205.9 277.2 240.7 144.1 178.4 228.3 236.9 246.5 256.9 99.1 157.7 250.2 275.0 214.2 116.8 121.0 291.6 228.6 218.2 239.6 232.4 216.9 148.6 140.6 186.7 253.2 175.9 259.7 205.2 216.2 0.0 238.7 277.5 38.1 205.0 148.4 270.6 137.0 243.0 206.7 281.3 181.0 50.5 225.7 131.3 189.3 133.6 136.9 196.1 265.7 252.4 134.4 201.0 281.4 229.2 227.3 260.0 270.8 284.0 228.4 237.3 167.6 280.4 253.7 314.7 246.4 238.8 278.7 100.9 215.4 20.8 217.7 205.2 155.0 126.9 217.4 228.0 220.1 225.7 265.4 189.6 203.0 178.7 120.7 146.5 134.5 192.3 225.5 170.6 241.9 235.4 107.9 141.0 249.6 209.1 265.6 313.8 254.6 180.6 223.6 207.0 70.8 196.1 284.8
1294.2 70.2 215.3 285.1 133.7 337.9 197.1 97.2 99.5 148.6 283.7 88.9 222.6 84.8 318.7 361.2 282.7 185.3 244.5 162.7 137.2 57.8 32.5 151.2 135.7 273.6 98.6 282.4 87.2 71.3 355.2 285.3 30.7 171.6 0.0 196.3 209.8 98.9 216.9 345.4 210.7 338.5 243.9 343.1 98.9 198.8 144.5 199.8 239.0 113.6 179.8 325.5 77.5 45.3 191.4 65.3 97.4 77.4 277.0 389.4 63.7 340.6 95.3 305.8 158.2 179.3 308.5 185.8 314.9 131.1 95.5 231.2 283.9 192.5 272.8 267.3 252.2 232.4 292.1 310.2 257.3 322.9 121.2 295.1 137.0 210.4 162.8 100.7 104.7 278.7 262.7 202.3 291.6 291.2 176.4 266.0 148.0 291.3 164.5 130.4 173.4 162.5 399.5 256.7 219.1 226.6 382.0
1204.6 150.3 248.9 318.7 79.6 371.5 242.1 93.1 236.9 200.2 355.5 153.6 256.2 114.4 352.3 381.9 324.7 217.9 263.2 69.5 103.2 152.7 186.6 70.5 55.7 315.6 132.2 316.0 149.9 177.7 361.8 307.3 163.2 201.3 185.7 0.0 239.5 101.7 250.5 372.7 197.0 345.1 326.8 383.4 222.7 220.5 45.9 233.4 287.3 208.3 221.5 311.8 162.3 199.4 238.9 169.9 103.9 132.9 316.9 375.7 175.8 386.1 175.4 339.4 209.8 21.7 355.8 45.2 348.5 276.5 148.4 255.7 317.5 222.2 306.4 303.9 285.8 266.0 325.7 330.1 340.2 356.5 89.6 328.7 188.6 276.7 240.8 199.3 138.3 312.3 345.6 268.6 331.5 324.8 205.5 299.6 51.9 311.2 36.8 120.5 23.7 194.7 339.3 305.0 244.4 204.9 415.6
1354.5 165.1 71.6 167.7 239.0 210.5 105.9 140.2 190.1 133.2 191.2 218.7 60.9 119.5 212.0 241.6 163.7 77.6 67.9 272.8 169.7 180.0 201.4 194.2 178.7 120.4 102.4 155.0 215.0 137.7 200.8 146.3 178.0 129.0 200.5 218.9 0.0 166.8 110.2 232.4 98.8 184.1 168.5 243.1 142.8 9.5 187.5 93.1 151.1 74.7 98.7 157.9 206.7 214.2 92.5 163.7 244.7 189.5 189.1 221.8 232.6 245.8 169.5 199.1 129.4 242.5 215.5 276.5 208.2 200.6 219.8 75.4 177.2 149.9 145.4 163.6 116.8 88.7 179.2 189.8 161.2 187.5 227.2 167.7 99.3 140.4 82.5 107.3 96.3 154.1 187.3 132.4 170.5 197.2 65.2 138.6 211.4 170.9 227.4 257.4 216.4 142.4 185.4 168.8 33.4 157.9 243.2
1210.1 76.2 189.6 259.4 94.6 312.2 211.8 33.8 135.1 140.9 283.4 51.8 196.9 55.1 293.0 317.8 257.0 159.6 218.8 63.7 46.0 43.7 95.2 49.8 34.3 247.9 72.9 256.7 48.1 86.0 302.5 248.0 79.9 142.0 84.7 94.9 180.2 0.0 191.2 313.4 143.3 285.8 279.5 324.1 145.6 164.0 43.1 174.1 253.7 128.3 162.2 258.1 60.6 106.9 178.4 60.9 76.3 24.1 257.6 322.0 74.0 326.8 101.3 280.1 145.2 80.3 296.5 86.8 289.2 174.7 74.4 196.4 258.2 162.9 247.1 248.0 226.5 206.7 266.4 270.8 292.9 297.2 56.4 269.4 129.3 225.1 177.5 115.4 79.0 253.0 298.3 217.0 272.2 265.5 150.7 240.3 49.0 251.9 65.5 113.6 72.0 135.4 285.6 271.4 184.3 151.2 356.3
1383.3 193.9 101.7 68.1 267.8 137.4 72.0 169.0 236.9 198.6 113.4 247.5 66.2 148.3 123.0 147.8 87.0 43.7 44.3 254.9 219.2 210.7 230.2 223.0 207.5 75.0 131.2 65.4 243.8 181.7 132.5 60.0 206.8 160.5 229.3 268.1 198.7 195.6 0.0 156.7 184.6 115.8 114.8 154.1 189.4 120.6 216.3 29.2 95.7 147.5 210.1 216.3 256.3 243.0 195.5 201.6 272.0 219.8 69.6 273.6 261.4 156.8 219.0 110.1 228.7 271.0 108.5 278.0 119.2 247.4 269.3 174.1 88.2 181.4 77.1 60.0 35.2 101.5 79.6 102.9 113.9 122.4 256.0 87.5 175.7 77.4 125.0 152.3 125.1 72.5 111.6 85.5 84.2 95.5 52.7 82.6 240.2 84.0 256.2 304.4 245.2 153.9 199.0 125.1 97.4 257.2 181.5
1345.0 302.5 207.4 165.7 376.4 196.0 195.1 277.6 240.9 307.2 50.9 339.3 227.7 256.9 176.8 43.1 91.9 152.3 205.8 363.5 327.8 319.3 304.0 331.6 316.1 220.2 239.8 228.6 352.4 290.3 57.1 102.6 315.4 269.1 337.9 376.7 307.3 304.2 149.8 0.0 318.9 72.4 100.7 91.6 295.0 243.2 324.9 137.8 139.9 265.3 289.3 228.9 327.9 291.2 306.3 310.2 380.6 328.4 133.8 327.4 314.1 22.5 327.6 163.9 339.5 379.6 43.6 386.6 173.0 251.4 377.9 272.8 142.0 290.0 134.9 96.9 172.8 224.5 154.2 119.3 87.3 181.0 364.6 250.7 284.3 204.0 216.1 260.9 233.7 140.8 94.8 218.3 148.4 153.3 161.3 227.8 348.8 100.4 364.8 415.3 353.8 262.5 257.6 169.3 220.0 351.4 240.1
1302.3 188.2 179.4 239.0 246.0 187.4 214.7 165.2 291.0 138.6 282.5 207.7 153.9 142.6 210.8 316.9 256.1 191.5 175.8 152.9 197.4 195.1 232.6 201.2 185.7 161.0 136.4 199.1 204.0 163.9 301.6 279.9 209.2 110.3 206.0 192.2 148.5 155.8 223.1 312.5 0.0 284.9 243.5 323.2 177.3 105.3 194.5 206.0 259.9 178.0 75.3 114.7 216.5 245.4 49.0 177.9 232.2 180.0 289.5 178.6 229.9 325.9 213.3 223.5 62.4 197.4 328.4 182.7 192.0 330.6 230.3 128.7 179.3 131.2 256.4 279.9 244.2 123.0 250.5 269.9 256.9 172.4 212.3 200.5 106.9 205.1 157.5 165.1 142.5 281.5 262.3 197.0 304.1 236.8 182.6 153.4 166.1 251.0 182.6 265.2 215.7 101.2 142.2 277.6 125.6 37.2 159.7
1382.3 278.7 183.6 141.9 352.6 172.2 156.8 253.8 246.3 283.4 69.1 332.3 203.9 233.1 153.0 36.7 18.7 128.5 196.9 391.7 304.0 295.5 315.0 307.8 292.3 186.4 216.0 204.8 328.6 266.5 16.6 126.0 291.6 245.3 314.1 353.2 283.5 280.4 126.0 84.6 295.1 0.0 106.1 97.0 274.2 219.4 301.1 114.0 163.3 232.3 265.5 205.1 341.0 296.6 282.5 286.4 356.8 304.4 137.6 303.6 319.5 53.1 303.8 140.1 315.7 355.8 67.0 362.8 149.2 256.8 354.1 249.0 118.2 266.2 111.1 73.1 149.0 200.7 130.4 95.5 92.7 157.2 340.8 226.9 260.5 178.5 201.1 244.9 209.9 117.0 118.2 183.3 152.2 129.5 137.5 204.0 325.0 76.6 341.0 389.2 330.0 238.7 233.8 192.7 195.2 327.6 197.5
1349.9 261.1 185.5 170.0 322.2 200.3 135.2 236.2 140.1 265.8 39.7 238.5 192.8 215.5 181.1 117.2 96.2 156.6 210.1 322.1 286.4 240.5 203.2 290.2 274.7 224.5 198.4 232.9 248.7 198.2 131.2 42.7 226.3 227.7 247.2 335.3 265.9 262.8 154.1 101.4 249.5 106.8 0.0 99.1 188.2 181.0 283.5 142.1 80.0 155.9 249.4 233.2 227.1 190.4 246.9 223.3 291.1 260.1 73.9 331.7 213.3 96.6 286.2 168.2 280.1 338.2 65.9 345.2 177.3 150.6 289.2 213.4 146.3 248.6 139.2 101.2 177.1 202.6 158.5 123.6 13.3 185.3 300.6 255.0 242.9 166.5 156.2 168.8 192.3 145.1 52.9 158.4 88.5 157.6 157.4 232.1 307.4 104.7 323.4 328.4 312.4 221.1 261.9 109.4 198.1 308.6 244.4
1328.8 336.8 241.7 200.0 410.7 230.3 229.4 311.9 250.0 341.5 85.2 348.4 262.0 291.2 211.1 50.0 126.2 186.6 240.1 397.8 362.1 353.6 313.1 365.9 350.4 254.5 274.1 262.9 358.6 308.1 64.0 136.9 349.7 303.4 357.1 411.0 341.6 338.5 184.1 34.2 353.2 79.3 109.8 0.0 298.1 277.5 359.2 172.1 174.2 265.8 323.6 263.2 337.0 300.3 340.6 344.5 401.0 362.7 168.1 361.7 323.2 29.4 361.9 198.2 373.8 413.9 77.9 420.9 207.3 260.5 412.2 307.1 176.3 324.3 169.2 131.2 207.1 258.8 188.5 153.6 96.4 215.3 398.9 285.0 318.6 238.3 250.4 278.7 268.0 175.1 129.1 252.6 182.7 187.6 195.6 262.1 383.1 134.7 399.1 449.8 388.1 296.8 291.9 203.6 254.3 385.7 274.4
1322.5 112.2 174.8 244.6 192.1 297.4 145.0 108.2 186.3 119.8 244.4 158.6 182.1 87.5 278.2 314.0 242.2 144.8 204.0 194.1 158.4 81.8 119.3 162.2 146.7 221.9 70.4 241.9 154.9 39.5 298.7 225.7 95.9 116.7 98.0 207.3 154.9 134.8 176.4 306.1 204.5 282.0 204.6 303.8 0.0 141.8 155.5 159.3 182.5 61.5 133.2 269.4 164.3 132.1 146.8 64.6 195.5 101.4 220.5 333.3 150.5 301.3 137.3 265.3 153.5 210.2 269.2 217.2 274.4 184.9 176.5 174.2 243.4 137.6 232.3 215.2 211.7 188.5 251.6 258.1 218.0 282.4 145.2 254.6 96.9 158.3 110.7 48.6 64.3 238.2 223.4 150.2 235.1 250.7 135.9 214.3 179.4 239.2 195.4 232.8 184.4 110.1 359.0 200.2 162.1 164.0 341.5
1345.4 156.0 59.2 155.3 229.9 209.6 93.5 131.1 181.0 160.7 182.1 209.6 48.5 110.4 202.9 232.5 172.1 65.4 58.3 283.7 178.1 170.9 192.3 185.1 169.6 127.5 93.3 152.6 205.9 128.6 209.2 154.7 168.9 122.6 191.4 227.3 24.2 157.7 101.1 223.3 109.7 192.5 159.4 234.0 133.7 0.0 178.4 84.0 138.7 83.1 109.6 168.8 218.3 205.1 103.4 154.6 235.6 180.4 176.7 232.7 223.5 236.7 177.9 190.0 140.3 233.4 206.4 240.1 199.1 191.5 228.2 73.6 168.1 143.5 153.8 154.5 104.4 76.3 169.6 180.7 169.6 194.6 218.1 139.0 137.8 120.9 73.4 103.8 84.0 141.7 178.2 112.9 178.9 175.4 56.1 112.7 202.3 161.8 218.3 263.3 204.1 116.0 271.2 156.4 23.9 168.8 250.3
1166.9 104.3 202.9 272.7 51.4 325.5 196.1 47.1 190.9 154.2 296.7 107.6 210.2 68.4 306.3 335.9 278.7 168.8 217.2 104.5 45.1 99.5 140.6 24.5 9.7 269.6 86.2 270.0 103.9 131.7 315.8 261.3 117.2 155.3 139.7 52.0 193.5 55.7 204.5 326.7 174.6 299.1 280.8 337.4 176.7 177.3 0.0 187.4 241.3 162.3 175.5 289.4 116.3 153.4 192.9 116.2 75.7 90.0 270.9 353.3 129.8 340.1 129.4 293.4 163.8 77.2 309.8 97.3 302.5 230.5 95.2 209.7 271.5 176.2 260.4 257.9 239.8 220.0 279.7 284.1 294.2 310.5 61.4 282.7 142.6 230.7 194.8 153.3 92.3 266.3 299.6 222.6 285.5 278.8 159.5 253.6 65.1 265.2 62.1 90.5 28.8 148.7 387.1 259.0 198.4 210.1 360.9
1354.0 164.6 69.5 85.2 238.5 138.0 42.7 139.7 207.6 169.3 109.2 218.2 83.3 119.0 118.8 143.6 82.8 15.4 61.4 225.6 189.9 181.4 200.9 193.7 178.2 92.1 101.9 82.5 214.5 152.4 128.3 73.8 177.5 131.2 200.0 238.8 169.4 166.3 17.0 139.2 171.0 111.6 128.6 149.9 160.1 105.3 187.0 0.0 87.9 118.2 151.4 170.9 227.0 213.7 168.4 172.3 242.7 190.5 83.4 269.4 232.1 152.6 189.7 105.9 201.6 241.7 122.3 248.7 115.0 218.1 240.0 134.9 84.0 152.1 72.9 73.8 52.3 86.6 92.2 96.6 127.7 123.0 226.7 104.6 146.4 77.3 87.0 123.0 95.8 78.8 125.4 69.2 98.0 91.3 23.4 99.7 210.9 77.7 226.9 277.4 215.9 124.6 199.6 105.6 82.1 213.5 182.1
1407.9 218.5 105.4 180.6 292.4 210.9 55.1 193.6 181.8 223.2 126.6 247.5 112.7 172.9 191.7 131.4 106.8 93.4 134.6 279.5 243.8 209.9 230.2 247.6 232.1 163.7 155.8 201.8 268.4 167.6 116.1 46.3 224.0 185.1 238.8 292.7 223.3 220.2 125.0 143.0 209.4 99.4 101.1 155.7 155.0 141.2 240.9 107.9 0.0 125.3 205.3 243.8 236.1 221.9 206.8 192.7 296.6 229.5 37.9 342.3 222.3 152.6 243.6 178.8 240.0 295.6 94.8 302.6 187.9 192.3 293.9 173.3 156.9 206.0 149.8 91.9 168.6 122.5 169.1 134.2 100.2 195.9 273.3 185.2 200.3 86.4 76.1 138.2 149.7 155.7 97.9 78.3 52.5 168.2 77.3 156.1 264.8 115.3 280.8 329.0 269.8 178.5 272.5 29.3 118.0 267.4 255.0
1331.1 114.9 133.7 198.5 194.8 251.3 83.4 116.8 152.0 140.5 192.9 161.3 141.0 96.1 232.1 261.6 204.4 97.8 148.0 201.5 167.0 84.5 122.0 170.8 155.3 165.2 79.0 195.8 157.6 42.2 241.5 171.6 98.6 90.3 113.4 216.2 128.5 143.4 130.3 268.3 153.6 224.8 153.1 252.3 61.5 82.3 164.1 113.2 125.3 0.0 110.5 212.7 167.1 134.8 144.9 67.3 200.6 104.3 163.3 276.6 153.2 249.8 140.0 219.2 174.2 218.8 220.1 225.8 228.3 162.5 179.2 117.5 197.3 111.2 186.2 153.6 165.6 131.8 205.5 196.5 166.5 236.3 147.9 213.5 109.9 96.7 49.1 20.6 72.9 192.1 171.9 88.6 177.9 204.6 89.8 157.6 188.0 177.6 204.0 231.4 193.0 83.7 312.9 143.0 106.2 184.7 276.6
1348.3 158.9 166.0 234.5 232.8 248.6 164.7 134.0 238.9 99.9 265.3 227.4 155.3 113.3 274.9 299.7 238.9 141.5 177.2 154.6 184.2 171.7 209.2 188.0 172.5 156.5 96.2 194.6 223.7 135.1 284.4 229.9 185.8 56.1 182.6 213.3 94.3 175.5 173.1 295.3 91.4 267.7 249.4 306.0 136.4 106.7 181.3 156.0 209.9 112.9 0.0 208.5 236.2 222.0 58.2 154.5 251.9 191.3 239.5 272.4 240.4 308.7 184.0 262.0 74.7 217.1 278.4 177.7 271.1 249.4 234.3 157.1 240.1 77.0 229.0 229.9 208.4 183.1 246.0 252.7 262.8 233.6 235.1 196.0 66.0 209.7 162.1 117.7 90.1 234.9 268.2 201.6 254.1 232.3 132.6 148.9 185.8 233.8 202.3 271.7 236.8 60.3 310.2 227.6 127.0 85.2 292.7
1333.3 273.6 167.9 133.5 347.5 71.8 200.3 248.7 298.6 247.8 166.9 316.9 187.4 228.0 95.2 201.3 140.5 172.0 192.6 262.1 298.9 288.5 309.9 302.7 287.2 130.0 210.9 125.5 313.2 246.2 186.0 206.3 286.5 217.5 315.2 301.4 255.7 265.0 167.3 196.9 109.1 169.3 216.7 207.6 251.3 138.8 296.0 157.5 242.0 203.9 184.5 0.0 325.7 322.7 158.2 271.3 341.4 289.2 215.9 63.8 339.1 210.3 298.7 107.9 171.6 306.6 177.6 291.9 76.4 309.1 339.5 162.2 63.7 238.4 113.7 151.9 163.5 156.5 122.0 154.3 203.3 56.8 321.5 96.6 216.1 238.6 191.0 216.8 204.8 147.3 228.8 230.5 230.5 94.1 178.2 137.6 275.3 135.4 291.8 378.7 324.9 210.4 27.4 263.2 159.1 146.4 44.9
1252.9 97.2 267.7 337.5 121.5 390.3 250.8 124.2 100.5 220.3 259.5 11.2 275.0 133.2 371.1 349.7 325.7 236.7 282.0 195.2 132.5 84.8 34.6 129.3 113.8 314.6 151.0 334.8 67.5 125.0 362.8 279.6 57.7 224.6 78.6 200.6 224.1 79.4 269.3 338.3 222.8 346.1 236.8 336.0 171.0 231.7 122.6 252.2 246.6 167.3 244.8 337.6 0.0 46.3 266.8 99.9 110.7 98.0 284.6 401.5 13.4 333.5 122.3 358.2 229.9 159.8 301.4 166.3 367.3 114.1 80.9 266.9 336.3 245.5 325.2 321.0 304.6 281.2 344.5 360.5 250.2 375.3 105.4 347.5 208.7 264.0 216.5 146.6 157.1 331.1 255.6 256.0 299.2 343.6 224.3 307.0 128.5 341.6 145.0 136.2 177.4 218.0 451.9 244.3 255.6 287.8 425.7
1265.5 75.3 245.8 315.6 156.8 368.4 228.9 102.3 54.1 198.4 238.3 48.0 253.1 111.3 349.2 315.8 294.8 215.8 275.0 180.0 147.9 62.9 12.7 156.3 140.8 304.1 129.1 312.9 89.2 103.1 329.8 241.3 35.8 207.7 56.7 201.4 245.9 128.9 247.4 300.0 295.5 305.4 198.5 297.7 149.1 230.6 149.6 230.3 242.7 145.4 227.9 358.2 36.6 0.0 241.2 78.0 120.5 82.5 272.5 422.1 22.8 295.2 100.4 336.3 208.0 196.6 263.1 203.1 345.4 110.2 117.7 263.0 314.4 228.6 303.3 299.1 282.7 262.9 322.6 322.2 211.9 353.4 126.3 325.6 186.8 242.2 194.6 132.5 135.2 309.2 217.3 234.1 287.1 321.7 206.9 296.5 165.3 303.3 181.8 153.5 178.5 201.1 430.0 240.4 250.9 265.9 412.5
1344.7 175.2 130.3 189.9 249.1 200.3 183.9 150.3 287.8 116.2 268.1 229.6 156.9 129.6 245.4 329.9 257.6 165.9 160.2 179.4 200.5 183.3 220.8 208.0 188.8 121.9 124.6 146.3 225.9 151.4 309.8 259.0 197.4 85.7 194.2 234.3 110.2 177.7 198.5 320.7 64.8 293.1 245.4 331.4 152.7 104.4 197.6 181.4 229.1 146.7 50.7 177.4 242.0 233.6 0.0 167.0 255.6 196.5 267.1 241.3 251.8 334.1 200.3 258.1 33.1 219.6 307.5 209.8 226.6 286.9 250.6 130.6 210.2 106.6 203.6 255.6 195.1 124.9 201.4 278.1 258.8 189.0 246.7 147.7 82.3 218.4 159.4 132.7 106.4 232.4 264.2 210.4 281.7 187.7 153.5 104.3 188.0 259.2 204.5 288.2 226.5 76.6 265.6 246.8 128.3 61.6 244.7
1275.3 47.5 201.1 256.8 127.4 309.6 150.8 74.5 121.6 120.3 243.2 93.9 208.4 56.5 290.4 329.9 271.8 157.0 216.3 188.3 101.2 17.1 54.6 128.5 113.0 242.6 70.3 254.1 90.2 25.0 308.9 239.9 31.2 129.6 53.7 180.5 142.1 72.5 188.6 335.7 217.4 292.2 220.5 319.7 84.6 149.7 120.9 171.5 192.7 67.3 149.8 280.1 99.7 67.4 166.8 0.0 133.2 26.6 230.7 344.0 85.8 317.2 72.6 277.5 129.9 153.2 287.5 158.5 286.6 153.2 111.8 184.9 256.5 150.5 244.5 217.6 223.9 199.2 264.7 263.9 233.9 294.6 80.5 280.9 108.7 164.0 116.5 46.6 89.0 250.4 239.3 156.0 245.3 262.9 143.6 225.0 120.7 245.0 138.1 163.1 157.3 123.0 371.2 210.4 173.6 187.8 350.3
1195.2 140.1 266.3 336.1 34.7 387.4 286.9 110.5 171.9 216.1 349.6 102.9 273.6 131.8 369.7 397.8 340.6 236.8 279.1 140.9 65.3 118.8 122.4 108.1 92.6 325.1 149.6 331.9 84.3 161.1 379.2 323.2 100.6 218.7 103.5 113.3 257.4 76.6 267.9 390.1 220.0 361.0 316.3 400.8 202.5 241.2 99.9 250.8 328.8 201.9 238.9 334.8 110.1 135.2 255.6 136.5 0.0 99.7 334.3 398.7 125.1 413.0 163.7 356.8 221.9 126.3 380.9 160.6 365.9 221.0 45.6 273.6 333.4 239.6 322.3 325.2 303.2 283.4 341.6 347.5 328.2 373.9 63.7 344.6 204.5 300.4 252.6 181.2 156.2 329.7 335.1 292.1 347.4 342.2 227.9 317.5 124.2 328.6 123.3 32.9 90.1 212.1 362.3 346.5 260.3 227.9 433.5
1238.5 52.0 222.5 292.3 90.6 345.3 187.6 79.0 140.4 147.0 280.0 57.1 229.8 93.3 325.9 355.7 298.5 191.5 226.7 151.5 65.3 19.5 79.1 104.7 70.1 279.4 105.8 289.8 53.4 61.8 345.7 265.7 55.7 166.4 78.2 154.7 178.9 35.7 224.1 372.5 179.1 322.6 257.3 356.5 121.4 186.5 89.0 207.0 229.5 104.3 186.6 293.9 65.6 91.9 193.5 35.8 96.4 0.0 267.5 357.8 79.3 354.0 67.0 313.0 166.7 116.4 324.3 129.0 322.1 177.7 74.8 221.7 291.1 187.3 280.2 254.4 259.4 236.0 299.3 300.7 260.6 330.1 43.5 302.3 135.4 200.8 153.3 83.4 114.8 285.9 276.1 192.8 275.7 298.4 179.1 261.8 84.6 281.8 101.3 131.5 121.2 159.8 406.7 247.2 200.3 224.6 370.4
1406.5 279.4 184.3 142.6 353.3 172.9 157.5 254.5 267.0 284.1 77.0 333.0 204.6 233.8 153.7 93.4 68.8 129.2 182.7 340.4 304.7 296.2 315.7 308.5 293.0 197.1 216.7 205.5 329.3 267.2 78.1 128.7 292.3 246.0 314.8 353.6 284.2 281.1 126.7 107.0 295.8 61.4 126.8 117.7 274.9 220.1 301.8 114.7 164.4 233.0 266.2 205.8 341.8 328.5 283.2 287.1 357.5 305.3 0.0 304.3 346.9 114.6 304.5 140.8 316.4 356.5 87.7 363.5 149.9 277.5 354.8 249.7 118.9 266.9 111.8 73.8 149.7 201.4 131.1 96.2 113.4 157.9 341.5 227.6 261.2 180.9 201.8 237.8 210.6 117.7 138.9 184.0 14.5 130.2 138.2 204.7 325.7 77.3 341.7 392.4 330.7 239.4 234.5 193.8 196.9 328.3 217.0
1364.4 329.8 224.1 189.7 403.7 128.0 256.5 304.9 354.8 304.0 223.1 373.1 243.6 284.2 151.4 257.5 196.7 228.2 248.8 318.3 355.1 344.7 366.1 358.9 343.4 186.2 267.1 181.7 369.4 302.4 242.2 262.5 342.7 273.7 371.4 357.6 311.9 321.2 223.5 253.1 165.3 225.5 272.9 263.8 307.5 195.0 352.2 213.7 298.2 260.1 240.7 56.1 381.9 378.9 214.4 327.5 397.6 345.4 272.1 0.0 395.3 266.5 354.9 164.1 227.8 362.8 233.8 348.1 132.6 365.3 395.7 218.4 119.9 294.6 169.9 208.1 219.7 212.7 178.2 210.5 259.5 113.0 377.7 152.8 272.3 294.8 247.2 273.0 261.0 203.5 285.0 286.7 286.7 150.3 234.4 193.8 331.5 191.6 348.0 434.9 381.1 266.6 56.9 319.4 215.3 202.6 74.4
1266.8 83.7 254.2 324.0 135.4 376.8 237.3 110.7 87.0 206.8 263.1 25.1 261.5 119.7 357.6 340.6 319.6 224.2 283.4 157.1 146.4 71.3 21.1 143.2 127.7 301.1 137.5 321.3 81.4 111.5 349.3 266.1 44.2 211.1 65.1 214.2 249.3 93.3 255.8 324.8 289.5 332.6 223.3 322.5 157.5 221.0 136.5 238.7 233.1 153.8 231.3 348.6 13.7 32.8 249.6 86.4 124.6 90.9 271.1 412.5 0.0 320.0 108.8 344.7 216.4 173.7 287.9 180.2 353.8 100.6 94.8 253.4 322.8 232.0 311.7 307.5 291.1 267.7 331.0 347.0 236.7 361.8 119.3 334.0 195.2 250.6 203.0 140.9 143.6 317.6 242.1 242.5 285.7 330.1 215.3 293.5 142.4 328.1 158.9 154.4 191.3 204.5 438.4 230.8 241.3 274.3 420.9
1329.1 313.8 218.7 177.0 387.7 207.3 191.9 288.9 250.3 318.5 77.1 348.7 239.0 268.2 188.1 20.5 103.2 163.6 217.1 374.8 339.1 330.6 313.4 342.9 327.4 231.5 251.1 239.9 363.7 301.6 34.5 134.1 326.7 280.4 349.2 388.0 318.6 315.5 161.1 31.4 330.2 49.8 110.1 117.8 309.3 254.5 336.2 149.1 171.4 267.4 300.6 240.2 337.3 300.6 317.6 321.5 391.9 339.7 165.3 338.7 323.5 0.0 338.9 175.2 350.8 390.9 75.1 397.9 184.3 260.8 389.2 284.1 153.3 301.3 146.2 108.2 184.1 235.8 165.5 130.6 96.7 192.3 375.9 262.0 295.6 215.3 247.6 272.2 245.0 152.1 126.3 218.4 179.9 164.6 172.6 239.1 360.1 111.7 376.1 426.6 365.1 273.8 268.9 200.8 231.3 362.7 251.4
1280.1 24.1 209.3 279.1 164.6 331.9 221.6 65.8 162.1 168.8 314.0 144.3 216.6 74.8 312.7 342.3 285.1 178.3 223.6 145.2 116.0 75.6 95.1 119.8 104.3 267.6 92.6 276.4 140.6 95.8 322.2 267.7 71.7 161.7 94.2 165.2 173.3 92.4 210.9 333.1 249.5 305.5 291.3 343.8 155.4 180.9 113.1 193.8 263.5 138.1 181.9 311.3 140.2 107.9 211.6 69.8 178.0 88.8 301.5 375.2 126.3 346.5 0.0 299.8 178.4 168.1 316.2 174.8 308.9 193.7 166.1 216.1 277.9 182.6 266.8 288.4 246.2 226.4 286.1 290.5 304.7 316.9 139.0 289.1 157.2 234.9 187.3 117.4 98.7 272.7 310.1 226.8 316.1 285.2 170.4 260.0 137.0 271.6 153.0 201.2 142.0 155.1 393.5 281.2 204.8 216.5 376.0
1446.2 272.0 196.3 135.2 345.9 104.9 150.1 247.1 306.7 276.7 116.7 325.6 197.2 226.4 42.5 151.1 90.3 121.8 175.3 333.0 297.3 288.8 308.3 301.1 285.6 148.0 209.3 156.4 321.9 259.8 135.8 156.1 284.9 238.6 307.4 346.2 276.8 273.7 119.3 146.7 232.7 119.1 166.5 157.4 267.5 212.7 294.4 107.3 191.8 225.6 258.8 158.7 334.4 321.1 268.5 279.7 350.1 297.9 165.7 177.5 339.5 160.1 297.1 0.0 295.2 349.1 127.4 356.1 69.8 317.2 347.4 242.3 55.8 259.5 104.4 101.7 142.3 214.1 123.7 104.1 153.1 94.8 334.1 178.5 253.8 173.5 194.4 230.4 203.2 110.3 178.6 176.6 180.3 112.1 130.8 155.6 318.3 85.2 334.3 384.8 323.3 232.0 141.4 213.0 189.5 270.0 123.9
1314.1 143.2 163.5 223.1 217.1 237.2 201.3 118.3 254.6 93.6 301.9 196.4 190.1 97.6 278.6 336.3 275.5 178.1 212.0 149.8 168.5 150.1 187.6 172.3 156.8 145.1 91.4 183.2 192.7 118.9 321.0 266.5 164.2 112.4 161.0 204.0 150.6 144.5 209.7 331.9 98.0 304.3 278.6 342.6 178.5 140.4 165.6 192.6 246.5 161.2 77.4 193.2 205.2 200.4 33.1 132.9 220.9 168.7 276.1 257.1 218.6 345.3 168.3 291.3 0.0 186.1 315.0 172.9 259.8 286.2 218.6 163.8 247.1 133.3 240.5 266.5 228.3 158.1 234.6 289.3 292.0 222.2 213.5 184.6 82.0 235.9 192.6 148.3 97.5 265.6 297.4 227.8 290.7 220.9 169.2 137.5 154.8 270.4 171.3 256.2 194.5 103.3 298.8 264.2 160.7 68.3 281.3
1189.6 153.3 251.9 321.7 82.6 374.2 245.1 96.1 225.5 202.9 352.5 142.2 259.2 117.4 355.3 384.9 327.7 220.9 266.2 84.5 81.4 134.1 185.6 73.2 58.7 318.6 135.2 318.7 138.5 176.4 364.5 310.0 166.2 204.3 175.1 31.7 215.9 90.3 253.5 375.7 174.9 347.8 329.8 386.4 225.7 223.5 48.6 236.4 290.3 211.3 224.5 289.7 151.2 197.3 213.7 150.4 107.4 124.6 319.9 353.6 164.4 389.1 178.1 342.4 176.8 0.0 358.8 77.0 351.5 265.1 131.2 258.7 320.5 225.2 309.1 306.9 288.8 269.0 328.7 333.1 342.9 359.5 92.3 331.4 191.3 279.6 243.8 198.0 141.3 315.3 348.6 271.6 334.2 327.8 208.5 302.3 29.8 314.2 14.8 123.5 26.7 197.7 317.2 308.0 247.1 182.8 415.2
1365.6 267.7 172.6 130.9 341.6 161.2 145.8 242.8 212.5 272.4 36.1 321.3 192.9 222.1 142.0 91.3 57.1 117.5 171.0 328.7 293.0 284.5 304.0 296.8 281.3 185.4 205.0 193.8 317.6 255.5 84.4 58.9 280.6 234.3 303.1 341.9 272.5 269.4 115.0 48.1 284.1 67.7 72.3 76.8 251.3 208.4 290.1 103.0 96.2 221.3 254.5 194.1 299.5 262.8 271.5 275.4 345.8 293.6 90.1 292.6 285.7 70.7 292.8 129.1 304.7 344.8 0.0 351.8 138.2 223.0 343.1 238.0 107.2 255.2 100.1 62.1 138.0 189.7 119.4 84.5 71.4 146.2 329.8 215.9 249.5 169.2 172.4 226.1 198.9 106.0 51.1 172.3 104.7 118.5 126.5 193.0 314.0 65.6 330.0 380.5 319.0 227.7 222.8 125.6 185.2 316.6 205.3
1217.1 169.2 267.8 337.6 114.9 390.4 261.0 112.0 237.8 219.1 361.6 154.5 275.1 133.3 371.2 400.8 343.6 233.7 282.1 23.1 138.5 146.4 197.9 105.8 91.0 306.4 151.1 334.9 150.8 188.7 380.7 326.2 182.6 220.2 187.4 35.2 258.4 102.6 269.4 391.6 159.3 364.0 345.7 402.3 248.3 242.2 81.2 252.3 306.2 231.0 238.7 274.1 163.2 209.6 194.4 162.7 139.2 133.2 335.8 338.0 176.7 405.0 194.3 358.3 161.2 57.3 374.7 0.0 367.4 277.4 183.7 274.6 336.4 241.1 325.3 322.8 304.7 284.9 344.6 349.0 359.1 375.4 124.9 345.9 207.5 295.5 259.7 210.3 157.2 331.2 364.5 287.5 350.4 343.7 224.4 298.8 87.2 330.1 72.1 151.5 59.0 213.6 301.6 323.9 263.3 167.2 322.5
1453.6 279.4 163.1 118.3 353.3 76.6 157.5 254.5 314.1 284.1 124.1 333.0 189.7 233.8 52.4 158.5 97.7 129.2 177.4 352.5 304.7 296.2 315.7 308.5 293.0 114.8 216.7 123.2 329.3 267.2 143.2 163.5 292.3 246.0 314.8 353.6 284.2 281.1 152.1 154.1 199.5 126.5 173.9 164.8 274.9 224.8 301.8 114.7 199.2 233.0 274.9 135.5 341.8 328.5 235.3 287.1 357.5 305.3 173.1 154.3 346.9 167.5 304.5 65.1 262.0 356.5 134.8 382.3 0.0 324.6 354.8 253.5 20.9 266.9 98.5 109.1 148.3 180.9 106.8 111.5 160.5 61.6 341.5 145.3 261.2 180.9 201.8 237.8 210.6 117.7 186.0 184.0 187.7 78.9 138.2 122.4 325.7 92.6 341.7 392.4 330.7 239.4 118.2 220.4 215.0 236.8 100.7
1269.9 158.8 240.0 324.0 223.8 354.3 212.7 185.8 109.7 263.1 193.7 113.5 245.0 194.8 335.1 271.2 250.2 210.0 266.9 245.5 231.4 146.4 96.2 239.8 224.3 276.5 198.3 307.1 169.8 179.5 285.2 196.7 119.3 209.6 140.2 284.9 247.8 181.7 241.6 255.4 264.9 260.8 153.9 253.1 163.2 196.4 233.1 224.5 234.0 165.3 229.8 324.0 102.1 87.9 262.3 161.5 204.0 166.0 227.9 387.9 88.3 250.6 183.9 322.2 291.5 262.1 218.5 268.6 331.3 0.0 183.2 228.8 300.3 230.5 293.2 255.2 276.9 243.1 312.5 277.6 167.3 339.3 209.8 316.0 229.2 226.0 178.4 150.1 192.2 299.1 172.7 217.9 242.5 311.6 201.1 268.9 230.8 258.7 247.3 241.3 262.0 203.0 415.9 224.2 216.7 314.3 398.4
1226.5 136.0 266.8 336.6 66.0 389.4 271.6 111.0 167.0 218.1 326.0 57.7 274.1 132.3 370.2 416.2 342.6 235.8 281.1 136.6 51.5 103.5 101.1 92.8 77.3 325.1 150.1 333.9 39.1 145.8 379.7 346.1 103.3 219.2 106.2 145.1 257.4 79.3 268.4 404.8 222.7 363.0 303.3 402.5 205.2 238.4 86.1 251.3 313.1 188.1 239.4 337.5 66.4 112.8 256.8 119.8 31.7 83.7 351.1 401.4 79.9 400.0 161.1 357.3 224.6 122.8 367.9 166.2 366.4 180.6 0.0 273.6 335.4 240.1 324.3 338.4 303.7 283.9 343.6 348.0 316.7 374.4 47.9 346.6 206.5 284.8 237.3 167.4 156.2 330.2 322.1 276.8 365.7 342.7 227.9 317.5 111.0 329.1 108.0 67.0 121.9 212.6 365.0 310.8 262.3 230.6 414.7
1376.8 187.4 176.1 251.4 261.3 278.7 174.8 162.5 249.0 135.9 288.2 241.0 165.4 141.8 285.0 314.6 257.4 150.6 172.4 184.1 212.7 199.5 237.0 216.5 201.0 186.6 124.7 224.7 237.3 157.2 294.5 240.0 213.6 66.2 218.6 249.0 104.4 189.1 183.2 305.4 121.5 277.8 259.5 316.1 164.9 114.0 209.8 166.1 220.0 123.0 35.9 238.6 249.7 249.8 88.3 182.3 267.0 209.0 249.6 302.5 263.8 318.8 212.5 272.1 110.7 253.4 288.5 213.7 281.2 259.5 262.8 0.0 250.2 87.1 239.1 240.0 218.5 193.2 258.4 262.8 272.9 263.7 262.9 226.1 102.0 219.8 172.2 135.6 118.6 245.0 278.3 211.7 264.2 257.5 138.2 179.0 221.8 243.9 238.3 297.9 238.7 79.6 340.3 237.7 137.9 121.2 304.0
1432.6 258.4 140.4 95.6 332.3 53.9 136.5 233.5 293.1 263.1 130.2 312.0 167.0 212.8 31.4 142.3 85.1 112.3 169.6 328.6 283.7 275.2 294.7 287.5 272.0 82.1 195.7 100.5 308.3 246.2 122.2 142.5 271.3 225.0 293.8 332.9 205.1 260.1 129.4 133.1 176.8 105.5 152.9 143.8 253.9 202.1 280.8 93.7 178.2 212.0 252.2 86.8 320.7 307.5 208.9 266.1 336.5 288.4 152.1 185.3 325.9 146.5 283.5 44.1 239.3 335.8 113.8 359.6 30.9 303.6 333.8 230.8 0.0 245.9 75.8 88.1 125.6 158.2 84.1 90.5 139.5 38.9 320.5 122.6 240.2 160.0 180.8 224.6 189.6 96.7 165.0 163.0 166.7 56.2 122.1 99.7 304.7 71.6 320.7 371.2 309.7 218.4 115.5 199.4 191.3 214.1 89.3
1371.8 182.4 88.9 185.0 256.3 219.8 123.2 157.5 207.4 216.0 225.6 236.0 78.2 136.8 229.3 254.1 193.3 95.9 100.1 270.7 207.7 197.3 218.7 211.5 196.0 127.7 119.7 165.8 232.3 155.0 238.8 184.3 195.3 146.3 217.8 256.6 17.3 184.1 127.5 249.7 116.1 222.1 185.8 260.4 160.1 29.6 204.8 110.4 168.4 112.7 116.0 175.2 244.8 231.5 113.5 180.1 260.5 208.3 206.4 239.1 249.9 263.1 207.5 216.4 146.7 259.5 232.8 293.8 225.5 217.9 257.8 80.0 194.5 0.0 196.8 184.3 134.1 106.0 196.5 207.1 199.2 204.8 244.5 168.7 182.1 157.8 99.8 125.6 113.6 171.4 204.6 149.7 221.0 214.5 87.0 120.1 228.7 188.2 244.7 292.9 233.7 159.7 202.7 186.1 49.9 175.2 263.9
1436.7 247.3 117.4 30.7 321.2 85.6 125.4 222.4 290.3 252.0 106.0 300.9 120.4 201.7 115.6 145.2 88.0 97.1 113.4 385.2 272.6 264.1 283.6 276.4 260.9 75.2 184.6 93.6 297.2 235.1 125.1 131.4 260.2 213.9 282.7 321.8 187.4 249.0 90.8 136.0 212.8 108.4 155.8 146.7 242.8 178.0 269.7 82.6 167.1 200.9 225.8 164.5 309.6 296.4 202.0 255.9 325.4 273.0 141.0 200.4 314.8 149.4 272.4 102.7 238.9 324.4 116.7 331.4 108.2 300.8 322.7 189.8 80.8 234.8 0.0 91.0 65.5 117.2 19.2 93.4 142.4 70.6 309.4 115.7 229.1 148.9 169.7 213.5 178.5 33.5 167.9 151.9 155.6 18.3 106.1 92.8 293.6 74.5 309.6 360.3 298.6 207.3 147.2 188.3 150.6 267.4 129.7
1433.4 244.0 148.9 107.2 317.9 137.5 122.1 219.1 249.8 248.7 118.0 297.6 169.2 198.4 118.3 112.6 55.4 94.8 162.2 357.0 272.7 260.8 280.3 273.1 257.6 151.7 181.3 170.1 293.9 231.8 92.5 51.8 256.9 210.6 279.4 321.9 171.5 245.7 91.3 103.4 260.4 75.8 109.6 114.1 232.6 187.9 266.4 79.3 90.5 201.0 230.8 170.4 309.7 293.1 244.1 252.6 323.6 270.3 64.4 268.9 311.5 116.8 272.5 105.4 281.0 321.4 103.3 328.1 114.5 260.3 322.8 217.7 83.5 231.5 76.4 0.0 114.3 166.0 99.1 42.8 105.7 122.5 306.1 192.2 225.8 145.6 166.4 210.2 175.2 82.3 106.4 148.6 76.0 94.8 107.7 169.3 290.3 23.9 306.3 354.5 298.7 204.0 199.1 119.9 160.5 292.9 181.6
1409.0 219.6 91.4 74.7 293.5 144.0 105.7 194.7 262.6 224.3 139.1 273.2 54.8 174.0 148.7 173.5 112.7 69.4 32.9 280.6 244.9 236.4 255.9 248.7 233.2 81.6 156.9 72.0 269.5 207.4 158.2 85.7 232.5 186.2 255.0 293.8 224.4 221.3 25.6 182.4 191.2 141.5 140.5 179.8 215.1 109.2 242.0 54.9 121.4 173.2 216.7 222.9 282.0 268.7 202.1 227.3 297.7 245.5 95.3 258.8 287.1 182.5 244.7 135.8 235.3 296.7 134.2 303.7 144.9 273.1 295.0 180.7 113.9 207.1 62.6 85.7 0.0 108.1 81.9 128.6 139.6 129.0 281.7 94.1 201.4 103.1 150.0 178.0 150.8 37.3 137.3 111.2 109.9 81.0 78.4 89.2 265.9 109.7 281.9 330.1 270.9 179.6 205.6 150.8 86.0 263.8 188.1
1391.3 201.9 27.0 86.4 275.8 158.1 80.6 177.0 226.9 208.5 199.2 255.5 53.6 156.3 199.5 233.6 172.8 75.4 75.5 263.2 227.2 216.8 238.2 231.0 215.5 66.0 139.2 101.7 251.8 174.5 218.3 172.2 214.8 138.8 237.3 276.1 177.0 203.6 107.0 229.2 132.1 201.6 205.3 239.9 179.6 67.1 224.3 89.9 125.8 132.2 108.5 176.1 264.3 251.0 136.6 199.6 280.0 227.8 163.8 240.0 269.4 242.6 227.0 195.9 169.8 279.0 220.7 286.3 180.7 237.4 277.3 72.5 168.0 159.7 128.5 172.1 109.5 0.0 97.9 186.6 218.7 143.1 264.0 87.5 174.6 115.2 119.3 145.1 133.1 146.8 223.8 107.1 178.4 115.9 79.3 58.4 248.2 167.7 264.2 312.4 253.2 152.2 219.7 143.5 78.9 193.8 202.2
1454.9 265.5 98.1 11.5 339.4 85.2 151.7 240.6 308.5 270.2 136.6 319.1 118.7 219.9 126.6 175.8 118.6 116.3 111.7 320.0 290.8 282.3 301.8 294.6 279.1 74.8 202.8 79.8 315.4 253.3 155.7 131.6 278.4 236.8 300.9 340.0 168.1 267.2 71.5 166.6 199.0 139.0 186.4 177.3 261.0 162.3 287.9 100.8 167.3 219.1 206.5 164.1 327.8 314.6 201.6 273.2 345.1 291.4 141.2 200.0 333.0 180.0 290.6 133.3 238.5 342.9 147.3 349.6 107.8 319.0 340.9 170.5 95.1 257.7 30.5 128.2 67.7 97.9 0.0 124.0 185.5 70.2 327.6 101.9 272.6 147.3 196.0 231.7 196.7 64.1 183.2 157.1 155.8 17.9 129.2 92.4 311.8 105.1 327.8 376.0 316.8 250.2 146.8 196.7 148.9 267.0 120.6
1407.2 268.3 173.2 131.5 342.2 161.8 146.4 243.4 267.7 273.0 77.7 321.9 193.5 222.7 142.6 112.1 51.3 118.1 171.6 329.3 293.6 285.1 304.6 297.4 281.9 186.0 205.6 194.4 318.2 256.1 96.8 99.6 281.2 234.9 303.7 342.5 273.1 270.0 115.6 107.7 284.7 80.1 127.5 118.4 277.4 209.0 290.7 103.6 135.3 221.9 255.1 194.7 330.7 317.4 272.1 276.0 346.4 294.2 109.2 293.2 335.8 121.1 293.4 129.7 305.3 345.4 88.4 352.4 138.8 278.2 343.7 238.6 107.8 255.8 100.7 44.7 138.6 190.3 120.0 0.0 114.1 146.8 330.4 216.5 250.1 169.8 190.7 226.7 199.5 106.6 151.2 172.9 123.8 119.1 127.1 193.6 314.6 21.3 330.6 381.1 319.6 228.3 223.4 164.7 185.8 317.2 205.9
1336.5 274.5 198.3 156.6 335.6 186.9 154.3 249.6 153.5 279.2 9.2 251.9 218.6 228.9 167.7 99.4 73.0 143.2 211.6 387.5 299.8 253.9 216.6 303.6 288.1 201.1 211.8 219.5 262.1 211.6 117.8 61.8 239.7 241.1 260.6 349.0 184.0 276.2 140.7 88.0 262.9 93.4 13.3 85.7 201.6 194.4 296.9 128.7 99.1 169.3 262.8 219.8 240.6 203.8 256.6 236.7 304.5 263.4 93.0 318.3 226.7 83.2 299.6 154.8 293.5 351.9 52.5 358.6 163.9 164.0 302.6 226.8 132.9 262.0 125.8 90.8 163.7 215.4 145.1 110.2 0.0 171.9 314.0 241.6 256.3 193.2 175.3 190.0 205.7 131.7 72.0 177.5 107.6 144.2 152.2 218.7 320.8 91.3 336.8 337.5 325.8 234.5 248.5 128.5 209.9 322.0 227.6
1483.5 288.6 126.7 81.9 362.5 14.9 180.3 263.7 323.3 319.8 133.3 342.2 153.3 243.0 61.6 167.7 106.9 138.4 141.0 334.1 313.9 305.4 324.9 317.7 302.2 78.4 225.9 86.8 338.5 276.4 152.4 175.8 301.5 258.9 324.0 373.4 297.1 290.3 115.7 163.3 181.1 135.7 183.1 174.0 284.1 188.4 311.0 123.9 211.5 242.2 246.6 93.8 351.0 337.7 198.9 296.3 366.7 314.5 185.4 184.6 356.1 176.7 313.7 74.3 232.1 378.6 144.0 363.9 42.8 333.8 364.0 217.1 30.1 279.8 62.1 118.3 111.9 144.5 70.4 120.7 169.7 0.0 350.7 108.9 281.3 193.2 224.6 247.0 219.8 95.7 195.2 201.3 200.0 42.5 147.4 86.0 347.3 101.8 363.8 401.6 339.9 272.3 76.5 240.9 178.6 260.6 59.0
1194.7 95.5 237.4 307.2 46.8 360.0 231.1 81.6 172.4 200.6 323.5 89.1 244.7 102.9 340.8 370.4 313.2 203.3 251.7 153.3 29.0 63.0 122.6 54.5 54.8 295.7 120.7 304.5 85.4 105.3 350.3 319.3 99.2 189.8 121.7 100.8 228.0 47.7 239.0 361.2 191.1 333.6 300.8 371.9 164.9 209.0 63.6 221.9 273.0 147.6 210.0 305.9 97.8 135.4 226.2 79.3 71.6 43.4 311.0 369.8 111.3 374.6 120.6 327.9 193.0 100.6 367.8 134.6 337.0 221.2 58.7 244.2 306.0 210.7 294.9 297.9 274.3 254.5 314.2 344.2 314.2 345.0 0.0 317.2 189.0 245.4 196.8 126.9 126.1 300.8 319.6 236.3 325.6 313.3 194.0 288.1 88.5 325.3 85.5 83.4 77.6 183.2 333.4 290.7 232.9 199.0 385.3
1399.4 261.5 71.2 91.4 335.4 123.5 124.8 236.6 286.5 235.7 234.3 304.8 97.8 215.9 164.9 253.1 195.9 118.6 104.8 248.8 286.8 276.4 297.8 290.6 275.1 70.8 198.8 52.1 301.1 234.1 233.0 160.5 274.4 205.4 303.1 289.0 129.7 252.9 100.4 257.2 97.0 216.3 215.3 254.6 239.2 123.9 283.9 134.1 170.0 191.8 172.4 107.1 313.5 310.6 146.1 259.2 329.3 283.5 170.1 171.0 327.0 257.3 286.6 177.6 159.5 294.8 209.0 279.8 146.1 297.0 327.4 161.6 133.4 226.3 126.8 160.5 96.6 89.0 102.9 203.4 214.4 108.5 309.4 0.0 204.0 159.3 169.1 212.5 192.7 133.9 212.1 151.3 184.7 107.2 128.4 63.2 263.2 184.5 279.7 366.8 312.8 198.3 185.1 187.7 122.1 134.3 164.2
1313.6 124.2 144.4 233.5 198.1 283.1 156.9 99.3 235.6 33.8 257.5 177.8 133.7 78.6 267.1 296.7 239.5 133.7 140.7 231.0 149.5 131.1 168.6 153.3 137.8 201.0 72.4 229.1 174.1 99.9 276.6 222.1 145.2 34.5 142.0 198.7 72.7 125.9 165.3 287.5 140.3 259.9 241.3 298.2 119.5 82.3 146.6 148.2 202.1 109.3 65.4 221.1 186.5 181.4 82.7 113.9 202.3 140.6 231.7 285.0 199.8 300.9 149.3 254.2 85.7 201.3 270.6 200.5 263.3 245.8 199.6 135.5 232.3 55.4 221.2 218.7 189.6 161.5 240.5 244.9 254.7 268.1 194.5 224.2 0.0 206.0 158.5 99.5 78.5 226.9 260.1 198.0 246.3 239.6 120.3 183.4 170.5 226.0 186.5 234.7 175.5 25.4 248.6 219.8 106.2 96.2 323.8
1397.3 207.9 94.8 135.7 281.8 192.7 44.5 183.0 209.4 200.3 138.0 258.1 102.1 162.3 175.2 181.0 125.6 89.0 109.1 270.6 233.2 181.3 218.8 236.9 221.5 140.9 145.2 131.3 254.4 139.0 160.9 73.1 195.4 187.1 210.2 282.4 227.0 209.6 67.5 171.5 219.2 145.9 129.6 171.0 158.3 132.3 232.0 73.5 66.4 96.7 207.3 227.3 263.8 231.6 207.4 165.8 297.6 202.6 84.4 325.8 250.0 173.7 232.9 162.3 238.9 286.7 123.3 291.9 171.4 219.9 275.9 184.5 140.5 208.0 131.6 55.1 102.8 111.9 145.5 99.7 128.7 179.4 245.7 153.4 189.7 0.0 47.5 117.4 139.1 139.2 126.4 8.1 99.1 151.7 68.4 145.5 254.2 80.8 270.2 320.9 259.1 180.5 256.0 84.1 106.4 256.8 236.8
1361.7 164.1 84.5 181.2 244.0 234.9 34.2 147.4 161.8 189.7 180.0 210.5 91.8 126.7 205.9 207.6 151.5 72.5 113.7 233.3 197.6 133.7 171.2 201.4 185.9 142.8 109.6 180.6 206.8 91.4 192.3 122.4 147.8 139.5 162.6 246.5 177.7 174.0 115.1 219.1 160.7 175.6 140.2 218.6 110.7 120.3 194.7 87.0 76.1 49.1 159.7 219.8 216.2 184.0 158.1 116.5 248.3 153.3 114.1 283.7 202.4 228.8 189.2 193.0 191.3 249.4 170.9 256.4 202.1 172.3 228.4 124.6 171.1 160.4 160.0 104.4 147.7 101.6 192.7 147.3 153.6 219.9 197.1 164.3 159.1 47.5 0.0 62.0 103.5 165.9 159.0 39.4 128.7 178.4 56.4 135.2 218.6 128.4 234.6 280.6 223.6 132.9 296.5 93.8 97.1 233.9 279.0
1319.1 94.2 154.4 218.3 174.1 271.1 104.1 104.8 168.3 119.8 196.5 140.6 161.7 84.1 251.9 282.3 225.1 114.4 168.7 235.0 148.8 63.8 101.3 158.8 143.3 195.9 70.4 215.6 136.9 21.5 262.2 192.3 77.9 82.9 92.7 204.2 121.1 131.4 150.1 289.0 170.7 245.5 173.8 273.0 40.8 103.0 152.1 133.0 146.0 20.6 103.1 233.4 146.4 114.1 133.8 46.6 178.4 83.4 184.0 297.3 132.5 270.5 119.3 239.0 153.5 199.6 240.8 206.1 248.1 175.1 158.5 138.2 217.1 103.8 206.0 170.9 185.4 152.5 225.3 217.2 187.2 256.1 127.2 234.2 96.9 117.4 69.8 0.0 64.3 211.9 192.6 109.3 198.6 224.4 105.1 178.3 168.3 198.3 184.8 215.2 181.0 76.3 332.7 163.7 126.9 164.0 296.4
1258.1 68.7 110.5 180.3 142.6 233.1 103.7 43.8 172.0 73.5 204.3 122.3 117.8 23.1 213.9 243.5 186.3 76.4 124.8 129.7 94.0 85.5 105.0 97.8 82.3 168.8 6.1 177.6 118.6 62.4 223.4 168.9 81.6 62.9 104.1 143.2 101.1 70.4 112.1 234.3 150.7 206.7 188.4 245.0 84.3 82.1 91.1 95.0 148.9 69.9 83.1 212.5 131.0 117.8 100.5 76.4 148.8 95.0 178.5 276.4 136.2 247.7 93.8 201.0 107.2 146.1 217.4 152.8 210.1 203.6 144.1 117.3 179.1 83.8 168.0 165.5 147.4 127.6 187.3 191.7 201.8 218.1 130.1 190.3 50.6 138.9 102.4 64.3 0.0 173.9 207.2 130.2 193.1 186.4 67.1 161.2 115.0 172.8 131.0 179.2 120.0 56.3 294.7 166.6 106.0 117.7 258.4
1441.0 251.6 123.4 56.1 325.5 111.0 137.7 226.7 294.6 256.3 123.7 305.2 86.8 206.0 133.3 158.1 97.3 101.4 64.9 312.6 276.9 268.4 287.9 280.7 265.2 110.6 188.9 104.0 301.5 239.4 142.8 117.7 264.5 218.2 287.0 325.8 256.4 253.3 57.6 153.7 223.2 126.1 172.5 164.4 247.1 141.2 274.0 86.9 153.4 205.2 248.7 189.9 314.0 300.7 231.1 259.3 329.7 277.5 127.3 225.8 319.1 167.1 276.7 120.4 264.3 328.7 134.4 335.7 129.5 305.1 327.0 212.7 98.5 239.1 25.3 117.7 31.9 140.1 44.6 111.1 171.6 96.0 313.7 126.1 233.4 135.1 182.0 210.0 182.8 0.0 169.3 143.2 141.9 43.7 110.4 118.2 297.9 92.2 313.9 364.4 302.9 211.6 172.6 182.8 118.0 292.8 155.1
1405.7 292.5 179.4 176.7 366.4 207.0 129.1 267.6 178.1 297.2 95.5 276.5 186.7 246.9 187.8 137.1 102.9 163.3 208.6 353.5 317.8 283.9 241.2 321.6 306.1 231.2 229.8 239.6 286.7 241.6 130.2 36.6 264.3 259.1 312.8 366.7 297.3 294.2 160.8 93.9 283.4 113.5 70.0 122.6 229.0 215.2 314.9 148.8 73.9 199.3 279.3 239.9 265.1 228.4 280.8 266.7 329.1 303.5 67.8 338.4 251.3 116.5 317.6 174.9 314.0 369.6 45.7 376.6 184.0 188.6 327.2 247.3 153.0 280.0 145.9 103.8 183.8 196.5 165.2 130.3 69.1 192.0 347.3 259.2 274.3 160.4 150.1 212.2 223.7 151.8 0.0 152.3 82.4 164.3 151.3 230.1 338.8 111.4 354.8 366.6 343.8 252.5 268.6 103.3 192.0 341.4 251.1
1389.2 199.8 86.7 143.8 273.7 202.5 36.4 174.9 201.3 204.5 138.4 250.0 94.0 154.2 183.3 186.0 112.0 74.7 115.9 260.8 225.1 173.2 210.7 228.9 213.4 145.0 137.1 141.1 246.3 130.9 170.7 82.9 187.3 179.0 202.1 274.0 217.2 201.5 75.6 179.6 211.1 154.0 137.7 179.1 150.2 122.5 222.2 81.6 58.3 88.6 199.2 235.4 255.7 223.5 197.6 156.0 287.8 192.8 92.5 333.9 241.9 181.8 224.9 170.4 230.8 276.9 131.4 283.9 179.5 211.8 267.9 176.4 148.5 199.9 141.4 64.9 110.9 103.8 155.3 107.8 136.8 187.5 236.6 163.2 181.6 8.1 39.4 101.5 131.0 147.3 134.5 0.0 107.1 159.8 58.6 137.4 246.1 88.9 262.1 312.8 251.1 172.4 264.1 76.0 99.3 248.7 246.6
1391.9 264.8 169.7 128.0 338.7 158.3 142.9 239.9 252.4 269.5 89.5 318.4 190.0 219.2 139.1 83.6 26.4 115.6 183.0 377.8 290.1 281.6 301.1 293.9 278.4 172.5 202.1 190.9 314.7 252.6 63.5 114.1 277.7 231.4 300.2 339.3 192.3 266.5 112.1 92.4 281.2 46.8 112.2 103.1 260.3 208.7 287.2 100.1 149.8 218.4 251.6 191.2 327.1 313.9 264.9 272.5 344.9 290.5 123.7 289.7 332.3 100.0 289.9 126.2 301.8 341.9 73.1 348.9 135.3 262.9 340.2 235.1 104.3 252.3 97.2 59.2 135.1 186.8 116.5 81.6 98.8 143.3 326.9 213.0 246.6 164.6 187.2 231.0 196.0 103.1 124.3 169.4 0.0 115.6 128.5 190.1 311.1 62.7 327.1 377.8 316.1 224.8 219.9 179.2 181.3 313.7 193.7
1456.3 266.9 115.1 39.3 340.8 67.2 145.0 242.0 309.9 271.6 125.6 320.5 140.0 221.3 108.6 160.0 99.2 116.7 118.1 327.9 292.2 283.7 303.2 296.0 280.5 66.8 204.2 75.2 316.8 254.7 144.7 159.5 279.8 247.3 302.3 341.1 285.5 268.6 99.4 155.6 194.4 128.0 175.4 166.3 262.4 176.8 289.3 102.2 195.2 220.5 234.4 146.1 329.3 316.0 187.3 274.6 345.0 292.8 169.1 182.0 334.4 169.0 292.0 121.3 220.5 344.0 136.3 377.2 89.8 320.4 342.3 198.4 77.1 268.2 19.5 110.6 85.1 125.8 27.8 113.0 162.0 52.2 329.0 97.3 269.7 176.9 189.3 225.3 198.1 53.1 211.1 185.0 183.7 0.0 125.7 74.4 313.2 94.1 329.2 379.7 318.2 226.9 128.8 207.9 167.0 249.0 111.3
1330.5 141.1 38.8 108.6 215.0 161.4 32.0 116.2 184.1 140.9 160.4 194.7 46.1 95.5 142.2 176.3 114.6 7.8 57.6 254.1 161.5 157.9 177.4 170.2 154.7 105.5 78.4 105.9 191.0 128.9 156.2 97.2 154.0 107.7 176.5 210.7 68.6 142.8 40.4 162.6 147.5 139.5 162.5 173.3 136.6 77.8 158.6 23.3 77.2 89.8 127.9 194.3 198.5 190.2 141.2 149.7 220.7 167.4 106.8 292.8 208.6 176.0 161.3 129.3 178.1 218.5 145.7 225.2 138.4 194.6 211.6 106.5 107.4 128.6 96.3 93.8 75.7 55.9 120.1 120.0 155.6 146.4 198.3 123.1 122.9 66.5 76.5 102.4 67.4 102.2 148.8 58.5 121.4 114.7 0.0 94.0 187.4 101.1 203.4 249.0 192.4 101.1 223.0 94.9 50.4 190.0 202.1
1428.7 234.1 40.6 85.5 308.0 99.6 94.2 209.2 262.1 229.1 225.5 287.7 67.2 188.5 141.0 251.9 194.7 84.9 74.2 292.3 259.4 250.9 270.4 263.2 247.7 17.6 171.4 45.6 284.0 209.7 231.8 154.6 247.0 172.8 269.5 318.3 105.3 235.8 94.5 242.7 126.3 215.1 209.4 253.4 214.8 99.5 256.5 103.5 139.4 167.4 160.5 178.5 296.4 283.2 112.8 234.8 312.2 259.8 164.2 214.4 301.6 256.1 259.2 153.7 146.0 323.8 203.1 309.1 122.2 272.6 309.5 131.0 109.5 193.7 102.9 154.6 90.7 58.4 97.0 200.1 208.5 84.6 296.2 67.7 195.2 128.8 138.5 188.1 165.3 128.0 206.2 120.7 178.8 83.3 97.8 0.0 292.5 181.2 309.0 344.6 285.4 186.2 161.2 157.1 91.5 174.5 135.0
1220.9 127.9 226.5 296.3 113.9 349.1 219.7 70.7 195.6 177.8 320.3 112.3 233.8 92.0 329.9 359.5 302.3 192.4 240.8 64.2 50.7 104.2 155.7 72.5 57.0 284.8 109.8 293.6 108.6 146.5 339.4 284.9 140.4 178.9 145.2 63.3 217.1 60.4 228.1 350.3 145.0 322.7 304.4 361.0 200.3 200.9 80.2 211.0 264.9 185.9 199.1 259.8 121.0 167.4 180.1 120.5 122.2 84.4 294.5 323.7 134.5 363.7 153.0 317.0 146.9 31.5 333.4 88.5 326.1 235.2 100.8 233.3 295.1 199.8 284.0 281.5 263.4 243.6 303.3 307.7 317.8 334.1 87.5 306.3 166.2 256.0 218.4 168.1 115.9 289.9 323.2 246.2 309.1 302.4 187.6 277.2 0.0 288.8 16.4 155.0 58.0 172.3 287.3 282.6 222.0 152.9 384.5
1385.8 246.9 151.8 110.1 320.8 140.4 125.0 222.0 246.3 251.6 56.3 300.5 172.1 201.3 121.2 90.7 29.9 96.7 150.2 307.9 272.2 263.7 283.2 276.0 260.5 164.6 184.2 173.0 296.8 234.7 75.4 78.2 259.8 213.5 282.3 321.1 251.7 248.6 94.2 86.3 263.3 58.7 106.1 97.0 256.0 187.6 269.3 82.2 113.9 200.5 233.7 173.3 309.3 296.0 250.7 254.6 325.0 272.8 87.8 271.8 314.4 99.7 272.0 108.3 283.9 324.0 67.0 331.0 117.4 256.8 322.3 217.2 86.4 234.4 79.3 23.3 117.2 168.9 98.6 18.8 92.7 125.4 309.0 195.1 228.7 148.4 169.3 205.3 178.1 85.2 129.8 151.5 102.4 97.7 105.7 172.2 293.2 0.0 309.2 359.7 298.2 206.9 202.0 143.3 164.4 295.8 184.5
1204.4 143.5 242.1 311.9 97.4 364.7 235.3 86.3 210.7 193.4 335.9 127.4 249.4 107.6 345.5 370.3 309.5 212.1 271.3 80.5 66.3 119.3 170.8 88.1 73.5 300.4 125.4 309.2 123.7 161.6 355.0 300.5 155.5 194.5 160.3 46.5 232.7 75.5 243.7 365.9 160.1 338.3 320.0 376.6 215.9 216.5 63.7 226.6 280.5 201.5 214.7 274.9 136.2 182.5 195.2 136.5 123.7 99.7 310.1 338.8 149.6 379.3 168.6 332.6 162.0 14.8 349.0 92.1 341.7 250.3 116.4 248.9 310.7 215.4 299.6 300.5 279.0 259.2 318.9 323.3 333.4 349.7 103.1 321.9 181.8 269.9 234.0 191.0 131.5 305.5 338.8 261.8 324.7 318.0 203.2 292.8 15.0 304.4 0.0 138.3 41.5 187.9 302.4 298.2 236.8 168.0 408.8
1159.2 176.1 298.6 368.4 26.5 416.9 312.8 138.5 210.0 245.6 387.7 123.9 305.9 164.3 402.0 427.3 370.1 260.2 308.6 162.4 102.8 144.7 153.9 105.7 105.4 352.6 177.6 361.4 120.1 191.5 411.5 352.7 136.4 251.0 139.3 105.6 289.2 112.4 300.2 418.1 256.0 390.5 350.2 433.1 234.0 265.9 91.3 283.3 354.7 233.6 266.9 370.6 131.5 171.0 288.6 161.9 32.9 129.4 366.8 434.7 145.2 451.1 201.0 384.8 257.7 122.6 419.0 155.4 393.9 245.7 76.6 305.4 362.9 272.1 356.3 352.7 331.2 315.9 371.1 379.8 363.6 401.9 81.6 378.4 234.0 326.1 282.8 208.6 188.0 362.0 369.2 322.3 376.9 374.7 255.4 349.5 148.5 360.9 137.7 0.0 86.9 240.1 393.8 376.1 289.8 259.4 446.5
1198.7 126.5 225.1 294.9 55.8 347.7 218.3 69.3 213.1 176.4 331.7 129.8 232.4 90.6 328.5 358.1 300.9 194.1 239.4 75.6 67.3 128.9 162.8 46.7 31.9 291.8 108.4 292.2 126.1 153.9 338.0 283.5 139.4 177.5 161.9 23.1 189.1 77.9 226.7 348.9 196.8 321.3 303.0 359.6 198.9 196.7 22.1 209.6 263.5 184.5 197.7 311.6 138.5 175.6 218.8 145.2 80.1 109.3 293.1 375.5 152.0 362.3 151.6 315.6 186.0 35.8 332.0 68.4 324.7 252.7 124.6 231.9 293.7 198.4 282.6 280.1 262.0 242.2 301.9 306.3 316.4 332.7 65.8 304.9 164.8 252.9 217.0 175.5 114.5 288.5 321.8 244.8 307.7 301.0 186.2 275.8 66.0 287.4 50.9 96.7 0.0 170.9 409.3 281.2 220.6 232.3 388.4
1326.4 137.0 118.9 212.2 210.9 249.8 135.6 112.1 209.8 60.0 236.2 190.6 108.2 91.4 245.8 270.6 209.8 112.4 130.1 198.6 162.3 155.5 173.3 166.1 150.6 157.7 74.3 209.5 186.9 113.2 255.3 200.8 149.9 9.0 168.2 211.2 47.2 138.7 144.0 266.2 114.8 238.6 215.8 276.9 114.5 59.6 159.4 126.9 180.8 83.8 47.2 205.2 199.4 186.1 81.6 138.3 215.1 175.1 210.4 269.1 204.5 279.6 162.1 232.9 100.7 214.1 249.3 221.7 242.0 220.3 212.4 110.0 211.0 29.9 199.9 200.8 164.1 136.0 219.2 223.6 229.2 234.8 199.1 198.7 26.1 180.6 133.0 88.6 68.2 201.4 234.6 172.5 225.0 218.3 103.5 150.1 183.3 204.7 199.3 249.8 188.3 0.0 232.7 198.5 79.9 111.2 293.9
1428.8 290.9 185.2 150.8 364.8 71.7 217.6 266.0 315.9 265.1 184.2 334.2 204.7 245.3 112.5 218.6 157.8 189.3 209.9 279.4 316.2 305.8 327.2 320.0 304.5 147.3 228.2 142.8 330.5 263.5 203.3 223.6 303.8 234.8 332.5 318.7 273.0 282.3 184.6 214.2 126.4 186.6 234.0 224.9 268.6 156.1 313.3 174.8 259.3 221.2 201.8 17.2 343.0 340.0 175.5 288.6 358.7 306.5 233.2 156.7 356.4 227.6 316.0 125.2 188.9 323.9 194.9 309.2 93.7 326.4 356.8 179.5 81.0 255.7 131.0 169.2 180.8 173.8 139.3 171.6 220.6 74.1 338.8 113.9 233.4 255.9 208.3 234.1 222.1 164.6 246.1 247.8 247.8 111.4 195.5 154.9 292.6 152.7 309.1 396.2 342.2 227.7 0.0 280.5 176.4 163.7 17.5
1377.1 191.6 155.1 224.9 265.5 277.7 154.3 166.7 152.4 225.5 170.6 226.5 160.1 146.0 258.5 248.1 227.1 125.1 182.0 252.6 216.9 184.2 209.2 220.7 205.2 191.6 128.9 222.2 248.4 141.9 262.1 173.6 198.3 172.0 213.1 265.8 210.2 193.3 156.7 232.3 180.0 248.3 130.8 230.0 125.6 111.5 214.0 139.6 148.8 86.4 192.2 239.1 215.1 200.9 177.4 167.0 298.8 203.8 186.8 303.0 201.3 227.5 216.7 245.6 210.6 268.7 195.4 275.7 254.7 162.9 278.9 143.9 223.7 192.9 212.6 198.0 192.0 158.2 231.9 254.5 144.2 262.7 247.6 231.1 191.6 141.1 93.5 112.5 122.8 218.5 149.6 133.0 201.4 231.0 116.2 184.0 237.9 235.6 253.9 304.6 242.9 165.4 339.3 0.0 131.8 239.1 321.8
1369.6 180.2 38.1 134.2 254.1 188.5 72.4 155.3 205.2 184.9 206.3 233.8 27.4 134.6 200.6 230.2 173.0 66.3 34.4 234.7 205.5 195.1 216.5 209.3 193.8 96.4 117.5 131.5 230.1 152.8 210.1 164.0 193.1 146.8 215.6 254.7 185.0 181.9 98.8 221.0 133.9 193.4 183.6 231.7 157.9 24.1 202.6 81.7 117.6 110.5 133.8 206.5 242.5 229.3 131.3 178.8 258.3 205.9 155.6 270.4 247.7 234.4 205.3 187.7 164.5 257.3 212.5 264.3 196.8 215.7 255.6 97.8 165.8 167.7 146.0 160.5 83.3 55.2 145.7 178.4 197.0 173.5 242.3 117.9 162.0 106.9 97.6 131.2 111.4 120.6 202.4 98.9 170.2 163.7 80.3 88.8 226.5 159.5 242.5 290.7 231.5 140.2 250.1 135.3 0.0 193.0 229.2
1321.7 201.2 180.8 240.4 275.1 254.5 216.1 176.3 304.5 142.2 316.7 254.8 207.4 155.6 239.6 351.1 290.3 192.9 229.3 214.9 226.5 219.7 237.5 230.3 214.8 162.4 138.5 200.5 251.1 177.4 335.8 281.3 214.1 111.7 238.2 211.6 149.9 202.9 224.5 346.7 28.7 319.1 295.9 357.4 178.7 162.3 223.6 207.4 261.3 179.4 76.7 143.5 263.6 250.3 50.4 202.5 279.3 239.3 290.9 207.4 268.7 360.1 226.3 252.3 77.1 216.8 329.8 238.0 220.8 323.0 276.6 181.1 208.1 132.6 257.8 281.3 245.6 175.4 251.9 304.1 309.3 239.5 263.3 201.9 108.3 250.7 209.9 166.5 132.4 282.9 314.7 242.6 305.5 238.2 184.0 154.8 185.5 285.2 202.0 314.2 235.1 102.6 171.0 279.0 182.6 0.0 188.5
1446.3 308.4 196.0 151.2 382.3 35.4 249.6 283.5 333.4 282.6 228.8 351.7 222.2 262.8 130.0 233.1 165.8 220.9 225.2 299.1 352.5 323.3 344.7 337.5 322.0 137.7 245.7 160.3 348.0 281.0 218.3 241.7 321.3 252.3 350.0 354.7 176.6 299.8 185.0 231.7 143.9 196.3 251.5 242.4 286.1 170.8 330.8 192.3 280.8 257.5 219.3 34.7 360.4 357.5 196.7 307.0 377.7 342.8 254.7 174.2 373.9 245.1 352.3 115.0 206.4 341.7 212.4 326.7 100.9 343.9 393.1 205.7 80.6 273.2 112.6 189.7 181.2 191.3 120.9 189.1 230.3 69.2 375.1 134.8 259.6 262.6 225.8 259.4 258.4 165.0 263.6 265.3 265.9 111.8 208.5 136.5 328.9 170.2 326.6 416.9 368.4 245.2 17.5 310.2 194.7 181.2 0.0
