Name		2116_BED-Amazon_n121_m239_bt37
Number_of_Customers	121
Number_of_Items		239
Number_of_ItemTypes	37
Number_of_Vehicles	1
TimeWindows		0
Dist_type	manual

VEHICLE
Mass_Capacity	1693
CargoSpace_Length	160
CargoSpace_Width	70
CargoSpace_Height	72

CUSTOMERS
i	x	y	Demand	ReadyTime	DueDate	ServiceTime	DemandedMass	DemandedVolume
0	42.233353	-71.141617	0	0	0	0	0	0
1	42.300946	-71.010598	1	0	0	0	3.01	5544
2	42.279898	-71.018597	1	0	0	0	2.5	3978
3	42.284895	-71.022568	2	0	0	0	7.79	12053
4	42.282943	-71.025379	2	0	0	0	8.0	6280
5	42.282723	-71.022345	1	0	0	0	0.7	2640
6	42.297703	-71.01449	2	0	0	0	5.4	4020
7	42.294929	-71.01361	1	0	0	0	2.5	3978
8	42.29318	-71.015563	2	0	0	0	13.98	30620
9	42.286515	-71.024434	2	0	0	0	6.75	12564
10	42.282874	-71.021476	1	0	0	0	14.1	4140
11	42.28164	-71.019872	1	0	0	0	3.01	5544
12	42.284358	-71.026321	1	0	0	0	9.4	2760
13	42.279661	-71.022791	1	0	0	0	7.3	3640
14	42.282747	-71.024351	1	0	0	0	4.7	1380
15	42.295611	-71.010226	1	0	0	0	4.7	1380
16	42.280614	-71.02058	1	0	0	0	0.7	2640
17	42.285659	-71.027166	1	0	0	0	2.85	5320
18	42.296133	-71.014159	4	0	0	0	13.88	45073
19	42.285701	-71.031401	4	0	0	0	13.9	12734
20	42.300048	-71.012205	1	0	0	0	4.8	6200
21	42.281525	-71.020858	1	0	0	0	4.7	1380
22	42.293576	-71.009706	2	0	0	0	10.13	20826
23	42.284643	-71.024097	1	0	0	0	1.8	2520
24	42.300013	-71.012849	3	0	0	0	7.33	13816
25	42.294732	-71.026383	1	0	0	0	4.7	1380
26	42.297246	-71.027688	4	0	0	0	18.2	42098
27	42.28367	-71.026046	1	0	0	0	9.4	2760
28	42.299362	-71.008061	2	0	0	0	6.45	5988
29	42.299099	-71.011229	2	0	0	0	7.3	11780
30	42.297382	-71.007745	1	0	0	0	1.75	4608
31	42.281399	-71.022003	2	0	0	0	8.0	6280
32	42.279107	-71.016483	1	0	0	0	1.4	5280
33	42.30076	-71.013405	1	0	0	0	2.5	3978
34	42.286107	-71.022398	2	0	0	0	12.55	22120
35	42.296455	-71.028246	2	0	0	0	8.0	6280
36	42.278026	-71.018318	2	0	0	0	5.4	4020
37	42.282762	-71.034722	8	0	0	0	31.74	60907
38	42.293213	-71.012838	1	0	0	0	1.75	4608
39	42.284732	-71.028198	1	0	0	0	2.15	1080
40	42.283818	-71.02252	2	0	0	0	7.71	6924
41	42.279825	-71.025804	1	0	0	0	1.59	3400
42	42.28699	-71.027936	1	0	0	0	1.75	4608
43	42.294834	-71.01178	1	0	0	0	9.4	2760
44	42.301526	-71.013261	3	0	0	0	10.75	15352
45	42.29977	-71.006413	1	0	0	0	5.29	8075
46	42.298776	-71.007829	1	0	0	0	4.7	1380
47	42.299629	-71.009848	1	0	0	0	2.5	3978
48	42.290761	-71.014097	2	0	0	0	12.0	5020
49	42.300986	-71.011836	1	0	0	0	2.15	1080
50	42.283204	-71.022709	1	0	0	0	4.7	1380
51	42.279158	-71.024117	1	0	0	0	0.7	2640
52	42.295735	-71.012916	1	0	0	0	4.7	1380
53	42.298364	-71.026475	7	0	0	0	41.85	56712
54	42.294856	-71.011154	1	0	0	0	4.7	1380
55	42.295886	-71.018263	1	0	0	0	0.7	2640
56	42.281041	-71.021715	1	0	0	0	4.8	6200
57	42.300535	-71.012808	1	0	0	0	7.3	3640
58	42.284216	-71.020403	1	0	0	0	1.75	4608
59	42.282221	-71.024953	2	0	0	0	6.1	6660
60	42.292621	-71.010556	1	0	0	0	4.73	10000
61	42.299015	-71.025469	1	0	0	0	3.01	5544
62	42.286186	-71.026401	1	0	0	0	1.75	4608
63	42.277007	-71.018673	1	0	0	0	4.7	1380
64	42.280518	-71.022293	2	0	0	0	5.5	8840
65	42.285361	-71.028841	2	0	0	0	7.19	9251
66	42.29967	-71.01496	2	0	0	0	3.9	5688
67	42.296564	-71.014345	2	0	0	0	9.99	9455
68	42.285784	-71.024648	1	0	0	0	7.63	16848
69	42.284952	-71.024782	1	0	0	0	3.01	5544
70	42.27847	-71.015814	1	0	0	0	1.75	4608
71	42.296574	-71.024628	1	0	0	0	4.73	10000
72	42.296078	-71.028938	1	0	0	0	4.7	1380
73	42.29389	-71.028331	2	0	0	0	3.3	6456
74	42.282317	-71.020194	1	0	0	0	4.7	1380
75	42.285311	-71.023381	1	0	0	0	1.75	4608
76	42.296542	-71.009214	1	0	0	0	4.7	1380
77	42.279436	-71.017056	1	0	0	0	0.7	2640
78	42.296452	-71.011483	1	0	0	0	1.9	1176
79	42.2851	-71.021333	1	0	0	0	4.7	1380
80	42.296545	-71.018498	1	0	0	0	3.01	5544
81	42.281019	-71.022801	1	0	0	0	4.7	1380
82	42.276856	-71.017268	1	0	0	0	4.7	1380
83	42.280139	-71.024926	1	0	0	0	1.75	4608
84	42.296592	-71.012977	3	0	0	0	11.4	35882
85	42.279343	-71.025137	1	0	0	0	1.9	1176
86	42.280827	-71.018396	1	0	0	0	1.75	4608
87	42.283404	-71.033475	6	0	0	0	19.21	39528
88	42.301416	-71.010333	3	0	0	0	12.7	7660
89	42.298275	-71.027874	2	0	0	0	2.99	8680
90	42.296724	-71.025898	1	0	0	0	0.7	2640
91	42.277547	-71.01601	1	0	0	0	4.7	1380
92	42.300247	-71.010525	1	0	0	0	4.7	1380
93	42.286538	-71.027182	2	0	0	0	9.05	8248
94	42.297417	-71.006541	1	0	0	0	7.3	3640
95	42.300876	-71.008516	1	0	0	0	2.91	13520
96	42.292274	-71.012291	1	0	0	0	0.7	2640
97	42.285009	-71.030882	1	0	0	0	2.6	10400
98	42.299498	-71.031603	10	0	0	0	83.13	87040
99	42.295637	-71.008393	2	0	0	0	14.09	8835
100	42.301181	-71.010896	2	0	0	0	8.0	6280
101	42.284374	-71.02258	3	0	0	0	7.9	7998
102	42.278774	-71.01828	1	0	0	0	7.3	3640
103	42.278445	-71.014131	1	0	0	0	4.26	10440
104	42.295674	-71.027717	1	0	0	0	1.9	1176
105	42.281919	-71.022963	2	0	0	0	5.4	4020
106	42.27923	-71.018679	1	0	0	0	2.5	3978
107	42.296209	-71.02674	1	0	0	0	0.7	2640
108	42.294372	-71.011301	1	0	0	0	5.25	18480
109	42.294702	-71.029862	7	0	0	0	47.46	57599
110	42.295972	-71.010679	2	0	0	0	3.3	13040
111	42.297625	-71.010889	2	0	0	0	5.95	21120
112	42.292432	-71.013326	1	0	0	0	2.8	12672
113	42.285023	-71.021805	2	0	0	0	7.26	24700
114	42.296962	-71.013859	1	0	0	0	0.7	2640
115	42.282085	-71.021819	2	0	0	0	5.4	4020
116	42.295499	-71.015957	2	0	0	0	3.34	8008
117	42.295871	-71.009917	1	0	0	0	0.7	2640
118	42.284107	-71.020995	1	0	0	0	0.7	2640
119	42.279611	-71.020413	1	0	0	0	4.7	1380
120	42.279156	-71.015512	1	0	0	0	7.3	3640
121	42.283085	-71.023969	1	0	0	0	3.01	5544

ITEMS
Type	Length	Width	Height	Mass	Fragility	LoadBearingStrength
Bt1	18	12	5	2.15	1	0
Bt2	21	14	4	1.9	1	0
Bt3	23	15	4	4.7	1	0
Bt4	20	18	7	1.8	1	0
Bt5	15	11	16	0.7	1	0
Bt6	34	10	10	1.59	1	0
Bt7	20	14	13	7.3	1	0
Bt8	17	13	18	2.5	1	0
Bt9	24	12	16	1.75	1	0
Bt10	30	17	10	1.38	1	0
Bt11	28	19	10	2.85	1	0
Bt12	28	22	9	3.01	1	0
Bt13	45	15	9	4.69	1	0
Bt14	31	20	10	4.8	1	0
Bt15	40	19	10	3.82	1	0
Bt16	25	19	17	5.29	1	0
Bt17	22	15	26	3.816	1	0
Bt18	34	16	16	1.55	1	0
Bt19	28	18	18	2.75	1	0
Bt20	29	25	13	1.77	1	0
Bt21	29	24	14	4.25	1	0
Bt22	50	20	10	4.73	1	0
Bt23	40	20	13	2.6	1	0
Bt24	29	24	15	4.26	1	0
Bt25	29	20	20	2.2	1	0
Bt26	24	24	22	2.8	1	0
Bt27	26	20	26	2.91	1	0
Bt28	40	29	13	5.1	1	0
Bt29	39	27	16	7.63	1	0
Bt30	39	23	19	4.08	1	0
Bt31	57	15	20	3.44	1	0
Bt32	35	26	19	10.65	1	0
Bt33	33	20	28	5.25	1	0
Bt34	39	29	17	2.29	1	0
Bt35	31	25	30	5.61	1	0
Bt36	38	30	22	12.4	1	0
Bt37	58	40	11	12.6	1	0

DEMANDS PER CUSTOMER
i	Type Quantity
1	Bt12 1	
2	Bt8 1	
3	Bt16 1	Bt8 1	
4	Bt5 1	Bt7 1	
5	Bt5 1	
6	Bt5 1	Bt3 1	
7	Bt8 1	
8	Bt10 1	Bt37 1	
9	Bt8 2	Bt9 1	
10	Bt3 3	
11	Bt12 1	
12	Bt3 2	
13	Bt7 1	
14	Bt3 1	
15	Bt3 1	
16	Bt5 1	
17	Bt11 1	
18	Bt20 1	Bt5 1	Bt27 1	Bt21 2	
19	Bt3 1	Bt8 1	Bt2 1	Bt14 1	
20	Bt14 1	
21	Bt3 1	
22	Bt8 1	Bt29 1	
23	Bt4 1	
24	Bt2 1	Bt22 1	Bt5 1	
25	Bt3 1	
26	Bt5 1	Bt36 1	Bt8 1	Bt23 1	
27	Bt3 2	
28	Bt9 1	Bt3 1	
29	Bt3 1	Bt23 1	
30	Bt9 1	
31	Bt5 1	Bt7 1	
32	Bt5 2	
33	Bt8 1	
34	Bt33 1	Bt7 1	
35	Bt7 1	Bt5 1	
36	Bt3 1	Bt5 1	
37	Bt12 1	Bt3 1	Bt8 1	Bt5 2	Bt30 1	Bt9 2	Bt32 1	Bt2 1	
38	Bt9 1	
39	Bt1 1	
40	Bt12 1	Bt3 1	
41	Bt6 1	
42	Bt9 1	
43	Bt3 2	
44	Bt7 1	Bt19 1	Bt5 1	
45	Bt16 1	
46	Bt3 1	
47	Bt8 1	
48	Bt3 1	Bt7 1	
49	Bt1 1	
50	Bt3 1	
51	Bt5 1	
52	Bt3 1	
53	Bt28 1	Bt9 1	Bt5 1	Bt7 2	Bt3 2	Bt19 2	Bt14 1	
54	Bt3 1	
55	Bt5 1	
56	Bt14 1	
57	Bt7 1	
58	Bt9 1	
59	Bt5 2	Bt3 1	
60	Bt22 1	
61	Bt12 1	
62	Bt9 1	
63	Bt3 1	
64	Bt5 1	Bt14 1	
65	Bt2 1	Bt16 1	
66	Bt9 1	Bt1 1	
67	Bt16 1	Bt3 1	
68	Bt29 1	
69	Bt12 1	
70	Bt9 1	
71	Bt22 1	
72	Bt3 1	
73	Bt5 2	Bt2 1	
74	Bt3 1	
75	Bt9 1	
76	Bt3 1	
77	Bt5 1	
78	Bt2 1	
79	Bt3 1	
80	Bt12 1	
81	Bt3 1	
82	Bt3 1	
83	Bt9 1	
84	Bt17 1	Bt34 1	Bt16 1	
85	Bt2 1	
86	Bt9 1	
87	Bt9 1	Bt14 1	Bt3 1	Bt31 1	Bt5 1	Bt15 1	
88	Bt5 1	Bt3 1	Bt7 1	
89	Bt5 2	Bt6 1	
90	Bt5 1	
91	Bt3 1	
92	Bt3 1	
93	Bt9 1	Bt7 1	
94	Bt7 1	
95	Bt27 1	
96	Bt5 1	
97	Bt23 1	
98	Bt25 1	Bt3 11	Bt2 2	Bt9 1	Bt18 1	Bt35 1	Bt7 1	Bt12 2	Bt8 1	Bt5 1	
99	Bt13 1	Bt3 2	
100	Bt7 1	Bt5 1	
101	Bt5 1	Bt8 1	Bt3 1	
102	Bt7 1	
103	Bt24 1	
104	Bt2 1	
105	Bt5 1	Bt3 1	
106	Bt8 1	
107	Bt5 1	
108	Bt33 1	
109	Bt5 3	Bt3 3	Bt7 1	Bt15 1	Bt14 2	Bt16 1	Bt9 3	
110	Bt5 1	Bt23 1	
111	Bt5 1	Bt33 1	
112	Bt26 1	
113	Bt31 1	Bt15 1	
114	Bt5 1	
115	Bt3 1	Bt5 1	
116	Bt9 1	Bt6 1	
117	Bt5 1	
118	Bt5 1	
119	Bt3 1	
120	Bt7 1	
121	Bt12 1	

DISTANCE MATRIX
0.0 2224.2 2067.5 2020.1 1998.9 1934.3 2175.6 2134.2 2237.1 1960.4 1949.8 2054.4 1956.0 1917.2 1982.5 2193.2 1950.1 1928.4 2116.5 1980.2 2159.3 2069.2 2240.4 1994.2 2150.6 2152.7 2134.1 1960.7 2244.7 2183.1 2185.8 2086.3 2077.1 2141.1 2003.5 2112.5 2010.4 1881.3 2168.0 2029.4 2069.4 1873.6 1944.1 2179.7 2155.2 2271.1 2231.4 2218.6 2246.9 2170.7 1938.8 1894.9 2150.2 2165.3 2190.0 2083.2 1912.4 2149.3 2010.5 2005.5 2238.7 2214.2 1909.7 1953.3 1913.7 1927.5 2112.0 2110.3 1957.5 1949.0 2021.8 2184.5 2063.9 2061.9 2035.8 1985.3 2175.4 2068.9 2151.9 2010.6 2052.8 1898.9 1969.0 1858.6 2131.9 1861.2 2046.4 1970.7 2276.0 2150.5 2145.1 2018.8 2199.1 2020.8 2205.6 2257.5 2186.7 1959.9 2094.3 2210.5 2214.1 2025.8 2092.6 2079.9 2130.6 1910.2 2101.3 2182.7 2199.6 2099.9 2170.4 2168.3 2218.4 2019.6 2109.0 1929.4 2125.7 2178.5 2026.9 1958.8 2065.0 1917.0
2253.5 0.0 452.1 413.4 407.4 446.0 175.3 207.5 310.4 331.0 431.0 439.0 394.4 503.5 391.0 167.5 483.6 417.9 189.8 423.7 84.8 453.8 269.0 387.5 93.5 353.6 406.6 398.2 141.3 72.0 175.3 470.9 461.7 88.0 398.3 400.9 524.6 506.1 241.3 438.4 454.0 458.2 388.9 191.6 66.0 146.7 148.1 114.1 320.2 51.9 428.5 481.2 196.2 397.4 181.3 251.6 462.5 79.8 395.1 414.0 279.8 415.1 439.1 523.9 478.4 483.7 151.0 183.6 366.0 357.5 470.0 385.4 352.3 367.8 420.4 388.6 163.1 453.5 153.8 395.2 206.1 449.0 529.0 432.8 177.9 465.8 431.0 415.9 49.6 406.9 346.0 498.1 42.5 348.6 195.1 82.6 260.0 403.4 457.9 182.0 20.7 410.4 477.2 464.5 394.3 440.9 485.9 383.6 200.2 388.3 138.4 103.8 291.7 404.2 153.6 449.3 266.8 164.5 411.5 476.9 449.6 406.7
1986.8 407.1 0.0 233.9 203.3 199.9 358.5 317.1 420.0 229.6 114.3 86.5 234.9 70.0 166.0 376.1 122.8 286.9 299.4 247.0 342.2 101.3 423.3 208.0 333.5 309.1 362.1 222.0 427.6 366.0 368.7 118.4 62.8 324.0 266.0 356.4 125.7 329.4 350.9 295.3 161.7 142.3 212.2 362.6 338.1 454.0 414.3 401.5 429.8 353.6 204.4 93.2 333.1 352.9 372.9 266.1 178.0 332.2 102.8 187.9 421.6 370.6 308.1 125.0 159.2 307.0 294.9 293.2 220.0 199.6 71.1 340.9 307.8 323.3 88.3 230.7 358.3 54.6 334.8 124.1 235.7 164.5 130.1 124.2 314.8 119.9 69.1 237.5 458.9 362.4 301.5 99.2 382.0 171.9 388.5 440.4 369.6 226.7 413.4 393.4 397.0 129.9 69.8 65.6 349.8 175.8 56.7 339.1 382.5 343.8 353.3 351.2 401.3 133.1 291.9 195.0 308.6 361.4 119.2 34.7 50.7 182.6
1979.6 381.6 122.1 0.0 99.5 117.6 333.0 291.6 394.5 81.2 101.0 109.0 68.5 182.2 83.1 350.6 153.6 120.5 273.9 208.1 316.7 123.8 384.8 29.0 308.0 283.6 328.4 135.0 402.1 340.5 343.2 140.9 131.7 298.5 125.5 330.9 194.8 290.5 325.4 146.8 112.1 150.3 173.3 337.1 304.3 428.5 388.8 376.0 404.3 328.1 109.2 205.4 307.6 327.4 347.4 240.6 154.6 306.7 65.1 106.1 396.1 345.1 141.7 193.9 192.9 253.4 269.4 267.7 71.6 51.2 140.0 315.4 282.3 297.8 90.4 82.3 332.8 123.5 309.3 20.8 210.2 141.1 199.0 124.9 289.3 232.1 101.0 200.3 432.8 336.9 276.0 168.1 356.5 133.0 363.0 414.9 344.1 187.8 387.9 367.9 371.5 80.4 147.2 134.5 324.3 139.6 155.9 313.6 357.0 318.3 327.8 324.4 375.8 12.8 266.4 119.3 283.1 335.9 81.5 146.9 119.6 132.6
1926.7 393.3 166.0 97.2 0.0 85.2 344.7 303.3 395.1 92.9 144.9 152.9 169.5 142.7 30.2 362.3 197.5 198.0 285.6 294.4 328.4 167.7 409.5 71.3 319.7 295.3 330.1 136.8 413.8 352.2 354.9 184.8 175.6 310.2 129.3 346.1 238.5 243.7 337.1 224.3 98.9 97.4 250.4 344.7 316.0 440.2 400.5 387.7 416.0 339.8 49.7 120.4 319.3 339.1 359.1 252.3 101.7 318.4 157.8 53.2 407.8 356.8 220.9 237.8 114.7 237.2 281.1 279.8 83.3 62.9 183.9 327.1 294.0 309.5 134.3 94.0 344.5 167.4 321.0 118.0 221.9 88.2 242.9 72.0 301.0 105.0 144.9 275.7 435.3 348.6 287.7 212.0 368.2 210.1 374.7 426.6 355.8 264.9 456.7 379.6 383.2 108.4 191.1 178.4 336.0 80.1 199.8 325.3 368.7 330.0 339.5 336.1 387.5 110.1 278.1 99.3 294.8 347.6 141.4 190.8 163.5 27.9
1942.4 411.0 106.6 114.9 114.8 0.0 362.4 321.0 423.9 110.6 15.5 93.5 115.9 166.7 47.0 380.0 138.1 167.9 303.3 238.2 346.1 108.3 427.2 89.0 337.4 313.0 366.0 103.0 431.5 369.9 372.6 125.4 116.2 327.9 147.0 360.3 179.1 290.0 354.8 176.3 134.6 113.1 203.4 366.5 342.0 457.9 418.2 405.4 433.7 357.5 85.4 189.9 337.0 356.8 376.8 270.0 117.4 336.1 180.1 50.9 425.5 374.5 189.1 178.4 174.5 313.9 298.8 297.1 101.0 80.6 124.5 344.8 311.7 327.2 74.9 111.7 362.2 108.0 338.7 135.7 239.6 103.9 183.5 87.7 318.7 120.7 85.5 228.7 462.8 366.3 305.4 152.6 385.9 163.1 392.4 444.3 373.5 217.9 417.3 397.3 400.9 111.1 131.7 119.0 353.7 124.1 140.4 343.0 386.4 347.7 357.2 355.1 405.2 127.8 295.8 103.8 312.5 365.3 177.1 131.4 104.1 63.6
2156.9 176.4 355.5 316.8 310.8 349.4 0.0 92.9 184.7 234.4 334.4 342.4 297.8 406.9 294.4 146.9 387.0 321.3 75.2 336.4 112.0 357.2 186.1 290.9 103.3 257.0 291.8 301.6 219.1 116.3 135.6 374.3 365.1 114.7 309.6 304.3 428.2 409.5 126.7 341.8 345.5 361.6 292.3 138.4 120.5 250.0 210.3 176.3 205.6 144.3 331.9 384.6 82.0 300.8 148.7 155.0 365.9 122.9 298.5 317.4 197.4 318.5 342.5 427.3 378.9 385.6 85.6 69.4 269.4 260.9 373.4 288.8 255.7 271.2 323.8 292.0 125.2 356.9 101.7 298.6 109.5 352.4 432.4 336.2 63.7 369.2 334.4 317.6 218.4 310.3 249.4 401.5 169.3 252.0 155.4 215.2 145.4 306.8 361.3 160.3 166.3 313.8 380.6 367.9 297.7 344.3 389.3 287.0 158.3 291.7 120.2 126.4 177.1 307.6 68.8 352.7 170.2 128.3 314.9 380.3 353.0 310.1
2139.4 203.2 338.0 299.3 293.3 331.9 142.2 0.0 102.8 216.9 316.9 324.9 280.3 389.4 276.9 111.4 369.5 303.8 20.5 309.6 161.1 339.7 106.1 273.4 152.4 239.5 292.5 284.1 183.9 140.4 125.0 356.8 347.6 142.9 284.2 286.8 410.5 392.0 33.7 324.3 339.9 344.1 274.8 45.4 157.0 210.3 170.6 192.8 112.6 172.5 314.4 367.1 89.4 283.3 55.7 137.5 348.4 151.1 281.0 299.9 104.4 301.0 325.0 409.8 364.3 369.6 113.8 27.7 251.9 243.4 355.9 271.3 238.2 253.7 306.3 274.5 114.6 339.4 91.1 281.1 92.0 334.9 414.9 318.7 71.1 351.7 316.9 301.8 255.0 292.8 231.9 384.0 200.9 234.5 144.8 259.3 52.4 289.3 343.8 135.3 193.1 296.3 363.1 350.4 280.2 326.8 371.8 269.5 65.3 274.2 108.2 107.5 84.1 290.1 48.2 335.2 152.7 117.7 297.4 362.8 335.5 292.6
2254.5 318.3 453.1 414.4 408.4 447.0 257.3 115.0 0.0 332.0 432.0 440.0 395.4 504.5 392.0 210.0 484.6 418.9 128.2 440.1 276.2 454.8 120.0 388.5 267.5 354.6 389.4 391.8 280.1 253.4 240.1 464.5 462.7 258.0 407.2 405.4 525.8 499.7 78.6 439.4 443.1 459.2 389.9 139.9 256.4 312.6 272.9 295.1 72.8 287.6 429.5 482.2 204.5 391.0 154.3 252.6 463.5 266.2 396.1 407.6 131.3 416.1 440.1 524.9 476.5 483.2 228.9 142.3 367.0 358.5 471.0 386.4 353.3 368.8 421.4 389.6 229.7 454.5 206.2 396.2 207.1 450.0 530.0 433.8 178.8 466.8 432.0 416.9 360.3 400.5 347.0 499.1 316.0 351.7 259.9 351.2 97.3 404.4 458.9 183.9 308.2 411.4 478.2 465.5 395.3 446.2 486.9 384.6 141.1 389.3 206.8 221.3 81.8 405.2 163.3 442.9 267.8 232.8 412.5 477.9 450.6 407.7
1956.4 300.3 157.6 124.2 76.3 153.1 251.7 210.3 313.2 0.0 136.5 144.5 63.3 172.4 59.9 269.3 189.1 86.8 192.6 164.6 235.4 159.3 316.5 56.4 226.7 202.3 237.1 67.1 320.8 259.2 261.9 176.4 167.2 217.2 98.9 249.6 230.1 231.6 244.1 107.3 147.6 127.1 114.4 251.7 223.0 347.2 307.5 294.7 323.0 246.8 97.4 150.1 226.3 246.1 266.1 159.3 131.4 225.4 100.6 82.9 314.8 263.8 108.0 229.4 144.4 248.2 188.1 186.8 34.9 26.4 175.5 234.1 201.0 216.5 125.9 81.3 251.5 159.0 228.0 100.7 128.9 117.9 234.5 101.7 208.0 134.7 136.5 139.7 352.1 255.6 194.7 203.6 275.2 74.1 281.7 333.6 262.8 128.9 306.6 286.6 290.2 115.9 182.7 170.0 243.0 114.1 191.4 232.3 275.7 237.0 246.5 243.1 294.5 109.7 185.1 154.8 201.8 254.6 117.0 182.4 155.1 75.6
1959.0 427.6 91.1 131.5 131.4 16.5 379.0 337.6 440.5 127.2 0.0 78.0 132.5 151.2 63.6 396.6 122.6 184.5 319.9 232.0 362.7 92.8 443.8 105.6 354.0 329.6 382.6 119.6 448.1 386.5 389.2 109.9 100.7 344.5 163.6 376.9 163.6 306.6 371.4 192.9 163.1 129.7 187.9 379.0 350.3 474.5 434.8 422.0 450.3 374.1 102.0 174.4 353.6 373.4 393.4 286.6 134.0 352.7 78.5 67.5 442.1 391.1 205.7 162.9 161.9 329.0 315.4 313.7 117.6 97.2 109.0 361.4 328.3 343.8 59.4 128.3 378.8 92.5 355.3 152.3 256.2 120.5 168.0 104.3 335.3 201.1 70.0 213.2 469.6 382.9 322.0 137.1 402.5 147.6 409.0 460.9 390.1 202.4 433.9 413.9 417.5 127.7 116.2 103.5 370.3 104.0 124.9 359.6 403.0 364.3 373.8 370.4 421.8 144.4 312.4 88.3 329.1 381.9 94.9 115.9 88.6 80.2
1955.0 462.0 220.5 165.9 135.3 131.9 413.4 372.0 474.9 161.6 147.4 0.0 166.9 171.0 98.0 431.0 252.0 218.9 354.3 310.9 397.1 14.7 478.2 140.0 388.4 364.0 417.0 154.0 482.5 420.9 423.6 31.9 230.1 378.9 198.0 411.3 293.0 320.6 405.8 227.3 185.6 125.7 276.1 417.5 393.0 508.9 469.2 456.4 484.7 408.5 136.4 148.7 388.0 407.8 427.8 321.0 97.7 387.1 231.1 119.9 476.5 425.5 240.1 292.3 145.9 380.5 349.8 348.1 152.0 131.6 238.4 395.8 362.7 378.2 154.3 162.7 413.2 221.9 389.7 186.7 290.6 84.2 297.4 100.3 369.7 133.3 199.4 324.0 513.8 417.3 356.4 266.5 436.9 235.8 443.4 495.3 424.5 290.6 468.3 448.3 451.9 162.1 245.6 232.9 404.7 107.8 254.3 394.0 437.4 398.7 408.2 406.1 456.2 178.8 346.8 127.0 363.5 416.3 228.1 245.3 218.0 114.6
1956.1 378.1 186.2 64.0 76.0 114.6 329.5 288.1 379.9 77.7 165.1 173.1 0.0 172.1 59.6 347.1 217.7 51.9 270.4 248.3 313.2 187.9 394.3 38.1 304.5 280.1 314.9 66.8 392.5 337.0 339.7 205.0 195.8 295.0 140.9 330.9 258.7 277.1 321.9 78.2 176.2 126.8 202.9 329.5 300.8 425.0 385.3 372.5 400.8 324.6 97.1 149.8 304.1 323.9 343.9 237.1 131.1 303.2 129.2 82.6 392.6 341.6 73.1 258.0 144.1 184.8 265.9 264.2 87.0 83.3 204.1 311.9 278.8 294.3 154.5 101.6 329.3 187.6 305.8 84.8 206.7 117.6 263.1 101.4 285.8 134.4 165.1 229.5 420.1 333.4 272.5 232.2 353.0 154.0 359.5 411.4 340.6 218.7 384.4 364.4 368.0 94.9 211.3 198.6 320.8 113.8 220.0 310.1 353.5 314.8 324.3 320.9 372.3 76.9 262.9 128.7 279.6 332.4 145.6 211.0 183.7 75.3
1916.7 459.9 89.3 163.8 133.2 129.8 411.3 369.9 472.8 159.5 145.3 164.5 164.8 0.0 95.9 428.9 145.6 216.8 352.2 308.8 395.0 179.3 476.1 137.9 386.3 361.9 414.9 151.9 480.4 418.8 421.5 196.4 148.9 376.8 195.9 409.2 196.2 335.1 403.7 225.2 183.5 72.2 274.0 415.4 390.9 506.8 467.1 454.3 482.6 406.4 134.3 23.1 385.9 405.7 425.7 318.9 107.9 385.0 229.0 117.8 474.4 423.4 238.0 147.9 109.2 344.3 347.7 346.0 149.9 129.5 157.2 393.7 360.6 376.1 152.2 160.6 411.1 133.5 387.6 184.6 288.5 94.4 163.6 54.1 367.6 49.8 98.3 338.5 511.7 415.2 354.3 185.3 434.8 233.7 441.3 493.2 422.4 288.5 466.2 446.2 449.8 160.0 109.8 151.7 402.6 105.7 96.7 391.9 435.3 396.6 406.1 404.0 454.1 176.7 344.7 124.9 361.4 414.2 226.0 41.5 136.8 112.5
1896.4 363.9 154.6 67.8 37.2 54.9 315.3 273.9 376.8 63.5 70.4 141.5 68.8 112.4 0.0 332.9 123.7 120.8 256.2 212.8 299.0 156.3 380.1 41.9 290.3 265.9 318.9 55.9 384.4 322.8 325.5 173.4 164.2 280.8 99.9 313.2 227.1 262.0 307.7 129.2 87.5 67.1 178.0 319.4 294.9 410.8 371.1 358.3 386.6 310.4 38.3 90.1 289.9 309.7 329.7 222.9 71.4 289.0 133.0 22.9 378.4 327.4 142.0 226.4 87.3 285.9 251.7 250.0 53.9 33.5 172.5 297.7 264.6 280.1 122.9 64.6 315.1 156.0 291.6 88.6 192.5 57.9 231.5 41.7 271.6 74.7 133.5 203.3 415.7 319.2 258.3 200.6 338.8 137.7 345.3 397.2 326.4 192.5 370.2 350.2 353.8 64.0 179.7 167.0 306.6 49.8 188.4 295.9 339.3 300.6 310.1 308.0 358.1 80.7 248.7 69.0 265.4 318.2 130.0 179.4 152.1 16.5
2190.4 148.9 389.0 350.3 344.3 382.9 140.3 102.2 208.6 267.9 367.9 375.9 331.3 440.4 327.9 0.0 420.5 354.8 122.8 360.6 148.1 390.7 122.2 324.4 156.8 290.5 343.5 335.1 136.2 86.1 87.9 407.8 398.6 151.3 335.2 337.8 461.5 443.0 139.5 375.3 390.9 395.1 325.8 66.3 162.8 162.6 122.9 145.1 218.4 148.7 365.4 418.1 54.5 334.3 56.0 188.5 399.4 143.1 332.0 350.9 133.0 352.0 376.0 460.8 415.3 420.6 187.8 130.0 302.9 294.4 406.9 322.3 289.2 304.7 357.3 325.5 50.2 390.4 40.8 332.1 143.0 385.9 465.9 369.7 73.5 402.7 367.9 352.8 200.7 343.8 282.9 435.0 141.8 285.5 107.7 196.3 158.2 340.3 394.8 35.2 138.8 347.3 414.1 401.4 331.2 377.8 422.8 320.5 74.9 325.2 19.0 53.2 183.9 341.1 90.5 386.2 203.7 24.3 348.4 413.8 386.5 343.6
1960.3 481.9 103.5 185.8 155.2 151.8 433.3 391.9 494.8 181.5 167.3 186.5 186.8 124.8 117.9 450.9 0.0 238.8 374.2 285.9 417.0 201.3 498.1 159.9 408.3 383.9 436.9 173.9 502.4 440.8 443.5 218.4 113.1 398.8 217.9 431.2 176.0 354.4 425.7 247.2 205.5 131.0 251.1 437.4 412.9 528.8 489.1 476.3 504.6 428.4 156.3 148.0 407.9 427.7 447.7 340.9 129.9 407.0 141.7 139.8 496.4 445.4 260.0 175.3 36.4 366.3 369.7 368.0 171.9 151.5 121.4 415.7 382.6 398.1 174.2 182.6 433.1 104.9 409.6 206.6 310.5 116.4 180.4 105.6 389.6 174.7 62.5 276.4 533.7 437.2 376.3 149.5 456.8 210.8 463.3 515.2 444.4 265.6 488.2 468.2 471.8 182.0 128.6 115.9 424.6 127.7 137.3 413.9 457.3 418.6 428.1 426.0 476.1 198.7 366.7 146.9 383.4 436.2 248.0 89.5 101.0 134.5
2021.1 366.3 209.6 176.2 141.0 205.1 317.7 276.3 379.2 102.5 188.5 196.5 128.0 269.7 124.6 335.3 241.1 0.0 258.6 238.0 301.4 211.3 382.5 121.1 292.7 268.3 321.3 131.8 386.8 325.2 327.9 228.4 219.2 283.2 145.6 315.6 282.1 320.4 310.1 172.0 211.5 191.8 203.2 321.8 297.3 413.2 373.5 360.7 389.0 312.8 196.7 214.8 292.3 312.1 332.1 225.3 196.1 291.4 152.6 147.6 380.8 329.8 21.1 281.4 212.0 314.4 254.1 252.4 99.6 91.1 227.5 300.1 267.0 282.5 177.9 127.4 317.5 211.0 294.0 152.7 194.9 182.6 286.5 166.4 274.0 199.4 188.5 228.5 418.1 321.6 260.7 255.6 341.2 162.9 347.7 399.6 328.8 217.7 372.6 352.6 356.2 167.9 234.7 222.0 309.0 174.5 243.4 298.3 341.7 303.0 312.5 310.4 360.5 161.7 251.1 206.8 267.8 320.6 169.0 234.4 207.1 140.3
2118.8 182.6 317.4 278.7 272.7 311.3 121.6 17.7 120.5 196.3 296.3 304.3 259.7 368.8 256.3 111.8 348.9 283.2 0.0 289.0 140.5 319.1 123.8 252.8 131.8 218.9 263.7 263.5 163.3 117.7 104.4 336.2 327.0 122.3 271.5 266.2 389.9 371.4 51.4 303.7 307.4 323.5 254.2 59.0 128.1 189.7 150.0 172.2 130.3 151.9 293.8 346.5 68.8 262.7 73.4 116.9 327.8 130.5 260.4 279.3 122.1 280.4 304.4 389.2 340.8 347.5 93.2 6.7 231.3 222.8 335.3 250.7 217.6 233.1 285.7 253.9 94.0 318.8 70.5 260.5 71.4 314.3 394.3 298.1 50.5 331.1 296.3 281.2 224.6 272.2 211.3 363.4 180.3 216.0 124.2 238.7 70.1 268.7 323.2 129.1 172.5 275.7 342.5 329.8 259.6 306.2 351.2 248.9 83.0 253.6 89.0 85.6 101.8 269.5 27.6 314.6 132.1 97.1 276.8 342.2 314.9 272.0
1902.0 565.4 426.3 378.9 352.4 378.6 516.8 475.4 567.2 327.0 424.3 413.2 314.8 389.2 329.6 534.4 422.1 287.2 482.9 0.0 500.5 428.0 568.6 353.0 491.8 367.5 338.4 280.8 605.0 526.4 527.0 464.2 461.1 482.3 370.2 334.1 464.1 154.6 509.2 372.2 393.8 434.2 302.9 516.8 513.3 612.3 572.6 559.8 595.9 511.9 376.9 366.9 491.4 387.9 531.2 424.4 420.5 490.5 369.3 355.7 579.9 429.0 268.5 418.0 382.8 284.8 472.3 451.9 316.3 307.8 444.2 399.3 278.7 295.8 394.6 344.1 516.6 427.7 493.1 369.4 394.0 407.0 433.7 330.6 480.9 333.2 405.2 64.4 607.4 384.4 359.9 472.3 540.3 440.9 546.8 598.7 527.9 15.9 309.1 576.9 563.1 346.9 451.4 438.7 345.4 386.5 460.1 397.5 540.8 314.7 536.8 508.2 559.6 378.4 450.2 426.6 474.7 519.7 385.7 430.8 423.8 362.7
2153.7 73.7 352.3 313.6 307.6 346.2 105.5 167.1 270.0 231.2 331.2 339.2 294.6 403.7 291.2 135.6 383.8 318.1 149.4 323.9 0.0 354.0 219.1 287.7 8.7 253.8 306.8 298.4 107.0 40.1 125.4 371.1 361.9 45.4 298.5 301.1 424.8 406.3 200.9 338.6 354.2 358.4 289.1 159.7 80.6 137.9 98.2 64.2 279.8 73.5 328.7 381.4 126.4 297.6 149.4 151.8 362.7 37.2 295.3 314.2 229.9 315.3 339.3 424.1 378.6 383.9 99.2 143.2 266.2 257.7 370.2 285.6 252.5 268.0 320.6 288.8 131.2 353.7 121.9 295.4 106.3 349.2 429.2 333.0 108.1 366.0 331.2 314.4 125.5 307.1 246.2 398.3 66.6 248.8 145.2 103.1 219.6 303.6 358.1 132.1 63.6 310.6 377.4 364.7 294.5 341.1 386.1 283.8 168.3 288.5 106.5 71.9 251.3 304.4 113.2 349.5 226.4 132.6 311.7 377.1 349.8 306.9
1940.2 447.2 205.7 151.1 120.5 117.1 398.6 357.2 460.1 146.8 132.6 192.6 152.1 156.2 83.2 416.2 237.2 204.1 339.5 296.1 382.3 0.0 463.4 125.2 373.6 349.2 402.2 139.2 467.7 406.1 408.8 17.1 215.3 364.1 183.2 396.5 278.2 305.8 391.0 212.5 170.8 110.9 261.3 402.7 378.2 494.1 454.4 441.6 469.9 393.7 121.6 133.9 373.2 393.0 413.0 306.2 82.9 372.3 216.3 105.1 461.7 410.7 225.3 277.5 131.1 365.7 335.0 333.3 137.2 116.8 223.6 381.0 347.9 363.4 139.5 147.9 398.4 207.1 374.9 171.9 275.8 69.4 282.6 85.5 354.9 118.5 184.6 309.2 499.0 402.5 341.6 251.7 422.1 221.0 428.6 480.5 409.7 275.8 453.5 433.5 437.1 147.3 230.8 218.1 389.9 93.0 239.5 379.2 422.6 383.9 393.4 391.3 441.4 164.0 332.0 112.2 348.7 401.5 213.3 230.5 203.2 99.8
2243.8 239.8 442.4 403.7 397.7 436.3 246.6 104.3 127.9 321.3 421.3 429.3 384.7 493.8 381.3 132.5 473.9 408.2 101.9 429.4 221.0 444.1 0.0 377.8 229.7 343.9 378.7 388.5 175.7 215.6 140.9 461.2 452.0 224.2 396.5 394.7 515.1 496.4 87.9 428.7 432.4 448.5 379.2 129.2 251.1 208.2 168.5 190.7 162.5 239.6 418.8 471.5 187.1 387.7 137.6 241.9 452.8 216.0 385.4 404.3 42.6 405.4 429.4 514.2 465.8 472.5 218.2 131.6 356.3 347.8 460.3 375.7 342.6 358.1 410.7 378.9 137.6 443.8 173.4 385.5 196.4 439.3 519.3 423.1 152.5 456.1 421.3 404.5 281.8 374.2 336.3 488.4 221.5 341.0 160.7 246.8 106.6 393.7 425.2 86.9 229.7 400.7 467.5 454.8 384.6 435.5 476.2 373.9 113.3 355.6 135.9 184.5 120.3 394.5 152.6 416.6 257.1 135.5 401.8 467.2 439.9 397.0
1950.5 352.5 148.0 25.8 70.4 143.5 303.9 262.5 365.4 52.1 126.9 134.9 39.4 208.1 54.0 321.5 179.5 91.4 244.8 201.4 287.6 149.7 368.7 0.0 278.9 254.5 307.5 61.2 373.0 311.4 314.1 166.8 157.6 269.4 88.5 301.8 220.5 316.6 296.3 117.7 149.9 121.2 166.6 308.0 283.5 399.4 359.7 346.9 375.2 299.0 135.1 231.3 278.5 298.3 318.3 211.5 125.5 277.6 91.0 77.0 367.0 316.0 112.6 219.8 215.9 225.8 240.3 238.6 42.5 22.1 165.9 286.3 253.2 268.7 116.3 53.2 303.7 149.4 280.2 46.6 181.1 112.0 224.9 95.8 260.2 128.8 126.9 193.6 404.3 307.8 246.9 194.0 327.4 126.3 333.9 385.8 315.0 181.1 358.8 338.8 342.4 106.3 173.1 160.4 295.2 165.5 181.8 284.5 327.9 289.2 298.7 296.6 346.7 38.7 237.3 145.2 254.0 306.8 107.4 172.8 145.5 158.5
2145.0 82.4 343.6 304.9 298.9 337.5 96.8 158.4 250.2 222.5 322.5 330.5 285.9 395.0 282.5 144.3 375.1 309.4 140.7 330.6 8.7 345.3 202.1 279.0 0.0 245.1 289.9 289.7 115.7 48.8 134.1 362.4 353.2 54.1 289.8 292.4 416.1 397.6 192.2 329.9 345.5 349.7 280.4 168.4 66.9 146.6 106.9 72.9 271.1 82.2 320.0 372.7 117.7 288.9 158.1 143.1 354.0 45.9 286.6 305.5 238.6 306.6 330.6 415.4 369.9 373.7 90.5 134.9 257.5 249.0 361.5 276.9 243.8 259.3 311.9 280.1 139.9 345.0 130.6 286.7 97.6 340.5 420.5 324.3 99.4 357.3 322.5 305.7 124.4 298.4 237.5 389.6 75.3 240.1 153.9 111.8 210.9 294.9 349.4 140.8 72.3 301.9 368.7 356.0 285.8 336.7 377.4 275.1 177.0 279.8 115.2 80.6 242.6 295.7 104.5 340.8 217.7 141.3 303.0 368.4 341.1 298.2
2125.0 346.7 323.6 284.9 278.9 317.5 298.1 256.7 359.6 202.5 302.5 310.5 265.9 375.0 262.5 315.7 355.1 289.4 239.0 295.2 281.8 325.3 362.9 259.0 273.1 0.0 124.2 269.7 367.2 305.6 308.3 342.4 333.2 263.6 269.8 127.7 396.1 348.0 290.5 309.9 325.5 329.7 260.4 302.2 277.7 393.6 353.9 341.1 369.4 293.2 300.0 352.7 272.7 115.0 312.5 205.7 334.0 271.8 266.6 285.5 361.2 132.7 310.6 395.4 349.9 355.2 234.5 232.8 237.5 229.0 341.5 103.0 113.5 129.0 291.9 260.1 297.9 325.0 274.4 266.7 175.3 320.5 400.5 304.3 254.4 337.3 302.5 285.7 398.5 124.5 63.6 369.6 321.6 220.1 328.1 380.0 309.2 274.9 219.1 333.0 336.6 281.9 348.7 336.0 111.9 312.4 357.4 101.2 322.1 149.5 292.9 290.8 340.9 275.7 231.5 320.8 248.2 301.0 283.0 348.4 321.1 278.2
2188.0 409.7 386.6 321.5 313.7 380.5 361.1 319.7 411.5 265.5 337.3 373.5 328.9 438.0 325.5 378.7 418.1 352.4 287.4 373.6 344.8 388.3 412.9 322.0 336.1 114.2 0.0 304.5 424.1 370.7 371.3 377.2 368.0 326.6 340.7 47.7 459.3 318.2 353.5 372.9 376.6 392.7 323.4 361.1 332.4 456.6 416.9 404.1 432.4 356.2 363.0 415.7 335.7 69.8 375.5 268.7 397.0 334.8 329.6 320.3 424.2 142.5 373.6 458.4 410.0 416.7 297.5 296.2 300.5 292.0 404.5 112.8 127.6 161.5 354.9 323.1 360.9 388.0 337.4 329.7 238.3 383.5 463.5 367.3 289.2 400.3 365.5 322.2 451.7 97.3 60.5 432.6 384.6 285.2 391.1 443.0 372.2 337.9 121.4 396.0 385.0 344.9 411.7 399.0 59.0 379.7 420.4 112.2 385.1 131.5 329.5 352.5 403.9 312.3 294.5 369.2 296.6 364.0 346.0 411.4 384.1 341.2
1945.2 383.9 198.1 104.0 65.1 103.7 335.3 293.9 385.7 83.5 119.2 185.0 39.9 161.2 48.7 352.9 172.5 69.0 276.2 260.4 319.0 199.8 400.1 78.1 310.3 285.9 320.7 0.0 404.4 344.9 345.5 216.9 207.7 300.8 158.0 336.7 270.6 248.3 327.7 95.3 112.9 115.9 208.9 339.4 306.6 430.8 391.1 378.3 406.6 330.4 96.0 138.9 309.9 329.7 349.7 242.9 120.2 309.0 141.1 71.7 398.4 347.4 90.2 269.9 136.1 192.3 271.7 270.0 104.1 53.5 216.0 317.7 284.6 300.1 166.4 118.7 335.1 199.5 311.6 124.8 212.5 106.7 275.0 90.5 291.6 123.5 177.0 251.7 425.9 339.2 278.3 244.1 358.8 157.7 365.3 417.2 346.4 224.7 461.3 370.2 373.8 66.0 223.2 210.5 326.6 98.6 231.9 315.9 359.3 320.6 330.1 328.0 378.1 116.9 268.7 117.8 285.4 338.2 143.5 222.9 195.6 81.8
2245.8 118.8 444.4 405.7 393.6 438.3 195.9 199.8 281.0 323.3 417.2 431.3 386.7 495.8 383.3 146.4 475.9 410.2 176.0 425.3 100.0 446.1 176.0 379.8 108.7 345.9 380.7 384.4 0.0 107.3 108.0 457.1 454.0 103.2 398.5 396.7 517.1 492.3 241.0 430.7 434.4 450.5 381.2 201.1 124.0 68.0 33.2 69.7 315.6 118.6 420.8 473.5 177.1 389.7 186.7 243.9 454.8 95.0 387.4 400.2 212.5 407.4 431.4 516.2 467.8 474.5 184.2 176.3 358.3 349.8 462.3 377.7 344.6 360.1 412.7 380.9 120.9 445.8 146.1 387.5 198.4 441.3 521.3 425.1 152.7 458.1 423.3 400.4 160.8 393.1 338.3 490.4 100.5 343.0 127.8 90.4 259.7 395.7 444.1 114.7 108.7 402.7 469.5 456.8 386.6 437.5 478.2 375.9 221.4 380.6 148.7 125.3 273.4 396.5 145.9 441.6 259.1 149.4 403.8 469.2 441.9 399.0
2181.4 62.7 380.0 339.2 333.2 373.9 107.5 135.4 227.2 256.8 356.8 366.9 320.2 431.4 318.9 95.4 411.5 345.8 115.6 367.0 61.9 381.7 192.0 315.4 72.7 281.5 316.3 324.0 107.9 0.0 99.7 396.7 387.5 65.1 334.1 332.3 452.7 431.9 169.2 366.3 370.0 386.1 316.8 123.6 86.3 144.9 105.2 71.2 248.1 62.5 356.4 409.1 125.7 323.2 109.2 179.5 390.4 56.9 323.0 339.8 228.1 343.0 367.0 451.8 403.4 410.1 101.6 111.9 293.9 285.4 397.9 313.3 280.2 293.6 348.3 316.5 91.0 381.4 81.7 323.1 134.0 376.9 456.9 360.7 92.3 393.7 358.9 340.0 104.7 332.7 273.9 426.0 55.6 276.5 119.5 110.1 187.9 331.3 385.8 128.6 52.6 336.2 405.1 392.4 322.2 373.1 413.8 311.5 128.1 314.1 64.2 32.9 219.6 330.0 81.5 377.2 192.6 92.4 339.4 404.8 377.5 334.6
2176.8 135.9 375.4 336.7 330.7 369.3 126.9 130.8 241.1 254.3 354.3 362.3 317.7 426.8 314.3 95.4 406.9 341.2 113.1 347.0 117.1 377.1 150.7 310.8 125.8 276.9 329.9 321.5 77.9 90.5 0.0 394.2 385.0 120.3 321.6 324.2 447.9 429.4 164.6 361.7 377.3 381.5 312.2 146.0 149.8 104.3 64.6 86.8 243.5 135.7 351.8 404.5 108.1 320.7 135.7 174.9 385.8 112.1 318.4 337.3 161.5 338.4 362.4 447.2 401.7 407.0 166.0 106.9 289.3 280.8 393.3 308.7 275.6 291.1 343.7 311.9 51.9 376.8 77.1 318.5 129.4 372.3 452.3 356.1 89.8 389.1 354.3 337.5 187.7 330.2 269.3 421.4 117.6 271.9 19.8 142.9 183.3 326.7 381.2 63.7 125.8 333.7 400.5 387.8 317.6 364.2 409.2 306.9 141.5 311.6 79.7 57.6 222.4 327.5 76.9 372.6 190.1 72.2 334.8 400.2 372.9 330.0
1923.1 430.1 188.6 134.0 103.4 100.0 381.5 340.1 443.0 129.7 115.5 175.5 135.0 139.1 66.1 399.1 220.1 187.0 322.4 288.3 365.2 190.3 433.3 108.1 356.5 332.1 376.9 122.1 450.6 389.0 391.7 0.0 198.2 347.0 174.0 379.4 261.3 288.7 373.9 195.4 153.7 93.8 244.2 385.6 352.8 477.0 437.3 424.5 452.8 376.6 104.5 116.8 356.1 375.9 395.9 289.1 65.8 355.2 199.2 88.0 444.6 393.6 208.2 260.4 114.0 347.1 317.9 316.2 120.1 99.7 206.5 363.9 330.8 346.3 122.4 130.8 381.3 190.0 357.8 154.8 258.7 52.3 265.5 68.4 337.8 101.4 167.5 292.1 472.1 385.4 324.5 234.6 405.0 203.9 411.5 463.4 392.6 258.7 436.4 416.4 420.0 130.2 213.7 201.0 372.8 80.2 222.4 362.1 405.5 366.8 376.3 372.9 424.3 146.9 314.9 95.1 331.6 384.4 196.2 213.4 186.1 82.7
2029.4 414.0 80.1 154.5 192.2 137.8 365.4 324.0 426.9 179.2 121.2 93.4 223.1 239.2 184.9 383.0 123.0 260.5 306.3 269.3 349.1 108.2 417.2 183.6 340.4 316.0 360.8 191.4 434.5 372.9 375.6 125.3 0.0 330.9 261.3 363.3 78.9 336.3 357.8 286.6 168.6 305.4 219.1 369.5 336.7 460.9 421.2 408.4 436.7 360.5 141.8 256.3 340.0 359.8 379.8 273.0 323.1 339.1 109.7 188.8 428.5 377.5 281.7 96.6 162.3 312.4 301.8 300.1 207.4 187.0 42.7 347.8 314.7 330.2 95.2 218.1 365.2 57.9 341.7 131.0 242.6 309.6 101.7 269.3 321.7 283.0 70.4 244.4 456.0 369.3 308.4 70.8 388.9 178.8 395.4 447.3 376.5 233.6 420.3 400.3 403.9 136.8 134.1 37.2 356.7 144.4 167.0 346.0 389.4 350.7 360.2 356.8 408.2 140.0 298.8 124.1 315.5 368.3 126.1 203.9 22.3 165.2
2135.5 86.9 334.1 295.4 289.4 328.0 141.0 188.8 291.7 213.0 313.0 321.0 276.4 385.5 273.0 148.8 365.6 299.9 171.1 305.7 35.4 335.8 232.3 269.5 44.1 235.6 288.6 280.2 120.2 53.3 138.6 352.9 343.7 0.0 280.3 282.9 406.6 388.1 222.6 320.4 336.0 340.2 270.9 172.9 35.1 151.1 111.4 77.4 301.5 50.6 310.5 363.2 161.9 279.4 162.6 133.6 344.5 8.2 277.1 296.0 243.1 297.1 321.1 405.9 360.4 365.7 39.0 164.9 248.0 239.5 352.0 267.4 234.3 249.8 302.4 270.6 144.4 335.5 135.1 277.2 88.1 331.0 411.0 314.8 143.6 347.8 313.0 296.2 138.7 288.9 228.0 380.1 79.0 230.6 158.4 116.3 241.3 285.4 339.9 145.3 76.8 292.4 359.2 346.5 276.3 322.9 367.9 265.6 181.5 270.3 119.7 85.1 273.0 286.2 134.9 331.3 148.8 145.8 293.5 358.9 331.6 288.7
2015.7 346.0 124.5 83.2 162.0 120.0 297.4 256.0 347.8 163.0 95.5 111.4 151.8 184.6 167.1 315.0 156.0 206.5 230.4 201.3 281.1 126.2 349.2 120.2 272.4 248.0 282.8 137.4 360.4 307.0 307.6 135.4 126.2 262.9 0.0 298.8 197.2 260.4 289.8 232.8 114.5 256.9 151.1 297.4 268.7 392.9 353.2 340.4 368.7 292.5 111.6 207.8 272.0 291.8 311.8 205.0 286.0 271.1 67.5 171.0 360.5 309.5 227.7 196.3 195.3 328.3 233.8 232.5 153.4 133.0 142.4 279.8 246.7 262.2 92.8 164.1 297.2 125.9 273.7 67.6 174.6 272.5 201.4 190.0 245.8 234.5 103.4 168.5 388.0 293.4 240.4 170.5 320.9 112.9 327.4 379.3 308.5 165.6 344.4 332.3 328.0 82.8 149.6 136.9 288.7 137.4 158.3 278.0 321.4 282.7 292.2 288.8 340.2 76.6 230.8 121.7 239.6 300.3 83.9 149.3 122.0 135.0
2192.9 414.6 391.5 352.8 346.8 385.4 366.0 324.6 416.4 270.4 370.4 378.4 333.8 442.9 330.4 383.6 423.0 357.3 306.9 378.5 349.7 393.2 417.8 326.9 341.0 119.1 41.4 337.6 429.0 375.6 376.2 410.3 401.1 331.5 345.6 0.0 464.2 335.6 358.4 377.8 381.5 397.6 328.3 366.0 337.3 461.5 421.8 409.0 437.3 361.1 367.9 420.6 340.6 83.1 380.4 273.6 401.9 339.7 334.5 353.4 429.1 155.8 378.5 463.3 414.9 421.6 302.4 301.1 305.4 296.9 409.4 126.1 130.9 170.5 359.8 328.0 365.8 392.9 342.3 334.6 243.2 388.4 468.4 372.2 322.3 405.2 370.4 353.6 456.6 116.3 73.8 437.5 389.5 290.1 396.0 447.9 377.1 342.8 130.4 400.9 404.5 349.8 416.6 403.9 18.0 384.6 425.3 82.7 390.0 137.1 360.8 357.4 408.8 336.8 299.4 388.7 316.1 368.9 350.9 416.3 389.0 346.1
2019.5 493.0 136.4 233.5 299.8 216.8 444.4 403.0 494.8 337.1 200.2 172.4 331.4 187.1 273.5 462.0 239.9 339.5 385.3 348.3 428.1 187.2 496.2 315.5 419.4 395.0 429.8 264.5 507.4 454.0 454.6 204.3 73.0 409.9 381.4 445.8 0.0 388.6 436.8 402.8 235.7 259.4 298.1 444.4 409.8 539.9 500.2 487.4 515.7 439.5 220.8 210.3 419.0 432.9 458.8 352.0 285.5 418.1 188.7 284.4 507.5 456.5 360.7 62.9 279.2 391.4 380.8 379.5 327.5 307.1 69.4 426.8 393.7 409.2 174.2 338.2 444.2 105.7 420.7 210.0 321.6 272.0 68.6 231.7 400.7 237.0 186.2 323.4 535.0 448.3 387.4 134.4 467.9 259.9 474.4 526.3 455.5 312.6 493.4 473.4 482.9 209.9 82.0 100.8 435.7 287.6 114.9 425.0 468.4 429.7 433.3 435.8 487.2 219.0 377.8 203.1 394.5 447.3 205.1 151.8 101.3 290.1
1935.5 540.8 375.4 328.0 276.3 327.7 492.2 450.8 553.7 268.3 354.3 362.3 263.9 338.3 278.7 509.8 371.2 236.3 433.1 288.1 475.9 377.1 544.0 302.1 467.2 342.9 300.2 229.9 555.2 499.7 502.4 394.2 385.0 457.7 319.3 302.7 424.2 0.0 484.6 321.3 331.0 294.7 252.0 492.2 463.5 587.7 548.0 535.2 563.5 487.3 326.0 316.0 466.8 355.5 506.6 399.8 333.5 465.9 318.4 279.6 555.3 404.4 217.6 367.1 331.9 233.9 428.6 426.9 265.4 256.9 393.3 374.7 254.1 252.1 343.7 293.2 492.0 376.8 468.5 318.5 369.4 320.0 382.8 279.7 448.5 282.3 354.3 278.6 582.8 340.7 335.3 421.4 515.7 416.3 522.2 574.1 503.3 267.8 284.5 527.1 530.7 296.0 400.5 387.8 320.8 331.3 409.2 372.9 516.2 290.1 487.0 483.6 535.0 327.5 425.6 350.5 442.3 495.1 334.8 379.9 372.9 311.8
2172.4 236.2 371.0 332.3 326.3 364.9 175.2 32.9 85.6 249.9 349.9 357.9 313.3 422.4 309.9 127.9 402.5 336.8 53.5 342.6 194.1 372.7 68.9 306.4 185.4 272.5 325.5 317.1 222.1 173.4 158.0 389.8 380.6 175.9 317.2 319.8 443.5 425.0 0.0 357.3 372.9 377.1 307.8 61.9 190.0 248.5 208.8 231.0 78.8 205.5 347.4 400.1 122.4 316.3 72.2 170.5 381.4 184.1 314.0 332.9 67.2 334.0 358.0 442.8 397.3 402.6 146.8 60.7 284.9 276.4 388.9 304.3 271.2 286.7 339.3 307.5 147.6 372.4 124.1 314.1 125.0 367.9 447.9 351.7 104.1 384.7 349.9 334.8 288.0 325.8 264.9 417.0 233.9 267.5 177.8 287.1 18.7 322.3 376.8 127.2 226.1 329.3 396.1 383.4 313.2 359.8 404.8 302.5 59.0 307.2 124.7 140.5 66.9 323.1 81.2 368.2 185.7 150.7 330.4 395.8 368.5 325.6
2025.3 472.0 253.2 146.5 145.2 183.8 423.4 382.0 484.9 170.2 232.1 240.1 82.4 241.3 128.8 441.0 284.7 81.9 364.3 296.6 407.1 254.9 488.2 120.6 398.4 374.0 427.0 101.1 492.5 430.9 433.6 272.0 262.8 388.9 163.0 421.3 325.7 334.7 415.8 0.0 202.2 196.0 260.5 427.5 403.0 518.9 479.2 466.4 494.7 418.5 166.3 219.0 398.0 417.8 437.8 331.0 200.3 397.1 196.2 151.8 486.5 435.5 103.1 325.0 216.2 243.9 359.8 358.1 117.0 95.3 271.1 405.8 372.7 388.2 221.5 113.6 423.2 254.6 399.7 167.3 300.6 186.8 330.1 170.6 379.7 203.6 232.1 288.8 523.8 427.3 366.4 299.2 446.9 230.6 453.4 505.3 434.5 276.3 478.3 458.3 461.9 167.2 278.3 265.6 414.7 178.7 287.0 404.0 447.4 408.7 418.2 416.1 466.2 159.4 356.8 197.9 373.5 426.3 212.6 278.0 250.7 144.5
1998.3 428.4 140.7 144.2 112.1 136.2 347.5 338.4 430.2 128.0 107.7 127.6 154.3 200.8 101.8 397.4 172.2 171.5 320.7 263.3 363.5 142.4 431.6 106.4 354.8 330.4 365.2 114.3 442.8 389.4 390.0 147.6 138.4 345.3 172.3 381.2 213.4 344.0 372.2 197.8 0.0 169.0 213.1 379.8 318.8 475.3 435.6 422.8 418.8 374.9 87.4 224.0 354.4 341.9 394.2 287.4 173.3 353.5 58.9 124.8 442.9 391.9 192.7 212.5 211.5 293.3 283.9 314.9 118.4 98.0 158.6 362.2 329.1 344.6 109.0 129.1 379.6 142.1 356.1 153.1 257.0 159.8 217.6 143.6 336.1 250.7 119.6 226.5 470.4 351.4 322.8 186.7 403.3 174.9 409.8 461.7 390.9 227.6 402.4 382.4 418.3 81.9 165.8 153.1 371.1 153.6 174.5 360.4 403.8 332.8 342.3 371.2 422.6 145.2 313.2 137.9 329.9 382.7 42.4 165.5 138.2 73.2
1861.5 443.0 172.4 146.9 198.7 112.9 394.4 353.0 455.9 142.6 128.4 147.6 235.4 83.0 79.0 412.0 128.7 282.5 335.3 291.9 378.1 162.4 459.2 121.0 369.4 345.0 398.0 202.7 463.5 401.9 404.6 179.5 232.0 359.9 179.0 392.3 242.6 255.6 386.8 208.3 166.6 0.0 257.1 398.5 374.0 489.9 450.2 437.4 465.7 389.5 117.4 56.7 369.0 388.8 408.8 302.0 91.0 368.1 212.1 100.9 457.5 406.5 286.8 185.5 92.3 304.6 330.8 329.1 133.0 112.6 240.3 376.8 343.7 436.2 135.3 143.7 394.2 216.6 370.7 167.7 271.6 77.5 201.2 37.2 350.7 21.8 181.4 259.0 494.8 398.3 337.4 268.4 417.9 216.8 424.4 476.3 405.5 271.6 468.6 429.3 432.9 143.1 192.9 234.8 385.7 88.8 179.8 375.0 418.4 379.7 389.2 387.1 437.2 159.8 327.8 108.0 344.5 397.3 209.1 124.6 219.9 95.6
1949.0 428.0 271.3 237.9 202.7 266.8 379.4 338.0 440.9 164.2 250.2 258.2 189.7 331.4 186.3 397.0 302.8 132.2 320.3 119.2 363.1 273.0 444.2 182.8 354.4 414.5 395.9 193.5 448.5 386.9 389.6 290.1 280.9 344.9 207.3 374.3 343.8 201.6 371.8 233.7 273.2 253.5 0.0 383.5 359.0 474.9 435.2 422.4 450.7 374.5 258.4 276.5 354.0 427.1 393.8 287.0 257.8 353.1 214.3 209.3 442.5 476.0 113.5 343.1 273.7 131.3 315.8 314.1 161.3 152.8 289.2 446.3 325.7 323.7 239.6 189.1 379.2 272.7 355.7 214.4 256.6 244.3 348.2 228.1 335.7 261.1 250.2 109.7 479.8 412.3 406.9 317.3 402.9 84.4 409.4 461.3 390.5 98.9 356.1 414.3 417.9 229.6 296.4 283.7 392.4 236.2 305.1 444.5 403.4 361.7 374.2 372.1 422.2 223.4 312.8 268.5 329.5 382.3 230.7 296.1 268.8 202.0
2175.3 192.6 373.9 331.1 329.2 367.8 178.1 35.8 131.1 248.7 352.8 360.8 312.1 425.3 312.8 65.9 405.4 339.7 56.4 360.9 191.8 375.6 109.8 309.3 184.2 275.4 310.2 320.0 178.6 127.7 132.4 392.7 379.4 178.8 328.0 326.2 446.6 423.8 73.1 360.2 363.9 380.0 310.7 0.0 180.5 211.1 171.4 193.6 152.0 192.4 350.3 403.0 116.2 315.1 10.3 173.4 384.3 186.8 316.9 331.7 143.8 336.9 360.9 445.7 397.3 404.0 145.6 63.1 287.8 279.3 391.8 307.2 274.1 289.6 342.2 310.4 116.2 375.3 102.5 317.0 127.9 370.8 450.8 354.6 107.0 387.6 352.8 331.9 234.6 328.7 267.8 419.9 185.5 272.5 152.2 240.0 91.8 325.2 375.6 89.8 186.6 328.1 399.0 386.3 316.1 367.0 407.7 305.4 61.4 306.0 66.8 95.6 117.5 321.9 84.1 371.1 184.5 90.3 333.3 398.7 371.4 328.5
2141.2 77.2 339.8 301.1 295.1 333.7 179.5 211.7 314.6 218.7 318.7 326.7 282.1 391.2 278.7 171.7 371.3 305.6 194.0 320.7 89.0 341.5 273.2 275.2 97.7 241.3 294.3 285.9 150.9 78.3 179.5 358.6 349.4 92.2 293.9 288.6 412.3 393.8 245.5 326.1 329.8 345.9 276.6 199.9 0.0 184.8 152.3 118.3 324.4 23.7 316.2 368.9 200.4 285.1 185.5 139.3 350.2 84.0 282.8 301.7 284.0 302.8 326.8 411.6 363.2 371.4 44.7 187.8 253.7 245.2 357.7 273.1 240.0 255.5 308.1 276.3 167.3 341.2 158.0 282.9 93.8 336.7 416.7 320.5 182.1 353.5 318.7 301.9 128.4 294.6 233.7 385.8 52.1 236.3 199.3 120.7 264.2 291.1 345.6 186.2 67.1 298.1 364.9 352.2 282.0 328.6 373.6 271.3 204.4 276.0 142.6 108.0 295.9 291.9 157.8 337.0 154.5 168.7 299.2 364.6 337.3 294.4
2256.7 150.4 455.3 416.6 410.6 449.2 206.8 210.7 303.0 334.2 434.2 442.2 397.6 506.7 394.2 157.3 486.8 421.1 193.0 426.9 142.2 457.0 212.6 390.7 150.9 356.8 409.8 401.4 66.7 147.4 104.9 474.1 464.9 145.4 401.5 404.1 527.8 509.3 251.9 441.6 457.2 461.4 392.1 207.9 174.9 0.0 34.0 111.9 326.5 160.8 431.7 484.4 188.0 400.6 197.6 254.8 465.7 137.2 398.3 417.2 223.4 418.3 442.3 527.1 481.6 486.9 226.4 186.8 369.2 360.7 473.2 388.6 355.5 371.0 423.6 391.8 131.8 456.7 157.0 398.4 209.3 452.2 532.2 436.0 169.7 469.0 434.2 417.4 200.1 410.1 349.2 501.3 142.7 351.8 87.9 75.4 270.6 406.6 461.1 125.6 150.9 413.6 480.4 467.7 397.5 444.1 489.1 386.8 232.3 391.5 159.6 137.5 284.3 407.4 156.8 452.5 270.0 160.3 414.7 480.1 452.8 409.9
2222.6 126.9 421.2 382.5 376.5 415.1 172.7 176.6 268.9 300.1 400.1 408.1 363.5 472.6 360.1 123.2 452.7 387.0 158.9 392.8 108.1 422.9 178.5 356.6 116.8 322.7 375.7 367.3 57.5 113.3 84.8 440.0 430.8 111.3 367.4 370.0 493.7 475.2 217.8 407.5 423.1 427.3 358.0 173.8 140.8 39.6 0.0 77.8 292.4 126.7 397.6 450.3 153.9 366.5 163.5 220.7 431.6 103.1 364.2 383.1 189.3 384.2 408.2 493.0 447.5 452.8 192.3 152.7 335.1 326.6 439.1 354.5 321.4 336.9 389.5 357.7 97.7 422.6 122.9 364.3 175.2 418.1 498.1 401.9 135.6 434.9 400.1 385.0 178.7 376.0 315.1 467.2 108.6 317.7 104.6 115.1 236.5 372.5 427.0 91.5 116.8 379.5 446.3 433.6 363.4 410.0 455.0 352.7 198.2 357.4 125.5 103.4 250.2 373.3 122.7 418.4 235.9 126.2 380.6 446.0 418.7 375.8
2237.3 85.4 435.9 397.2 391.2 429.8 172.2 191.3 283.6 314.8 414.8 422.8 378.2 487.3 374.8 137.9 467.4 401.7 173.6 407.5 66.6 437.6 193.2 371.3 75.3 337.4 390.4 382.0 62.8 71.8 99.5 454.7 445.5 69.8 382.1 384.7 508.4 489.9 232.5 422.2 437.8 442.0 372.7 188.5 99.3 96.2 72.3 0.0 307.1 85.2 412.3 465.0 168.6 381.2 178.2 235.4 446.3 61.6 378.9 397.8 204.0 398.9 422.9 507.7 462.2 467.5 150.8 167.4 349.8 341.3 453.8 369.2 336.1 351.6 404.2 372.4 112.4 437.3 137.6 379.0 189.9 432.8 512.8 416.6 150.3 449.6 414.8 398.0 137.2 390.7 329.8 481.9 67.1 332.4 119.3 56.0 251.2 387.2 441.7 106.2 75.3 394.2 461.0 448.3 378.1 424.7 469.7 367.4 200.0 372.1 138.2 103.6 264.9 388.0 137.4 433.1 250.6 140.9 395.3 460.7 433.4 390.5
2262.9 326.7 461.5 422.8 416.8 455.4 265.7 123.4 58.6 340.4 440.4 448.4 403.8 512.9 400.4 218.4 493.0 427.3 144.0 442.3 284.6 463.2 153.4 396.9 275.9 363.0 416.0 407.6 306.5 261.8 248.5 480.3 471.1 266.4 415.6 410.3 534.0 515.5 90.4 447.8 451.5 467.6 398.3 152.4 272.2 332.9 293.2 315.4 0.0 296.0 437.9 490.6 212.9 406.8 162.7 261.0 471.9 274.6 404.5 423.4 151.7 424.5 448.5 533.3 484.9 491.6 237.3 150.7 375.4 366.9 479.4 394.8 361.7 377.2 429.8 398.0 238.1 462.9 214.6 404.6 215.5 458.4 538.4 442.2 194.6 475.2 440.4 425.3 368.7 416.3 355.4 507.5 324.4 360.1 268.3 371.5 70.7 412.8 467.3 211.6 316.6 419.8 486.6 473.9 403.7 450.3 495.3 393.0 149.5 397.7 215.2 229.7 66.8 413.6 171.7 458.7 276.2 241.2 420.9 486.3 459.0 416.1
2162.9 53.4 361.5 322.8 316.8 355.4 155.7 187.9 290.8 240.4 340.4 348.4 303.8 412.9 300.4 147.9 393.0 327.3 170.2 333.1 65.2 363.2 249.4 296.9 73.9 263.0 316.0 307.6 127.1 52.4 155.7 380.3 371.1 68.4 307.7 310.3 434.0 415.5 221.7 347.8 363.4 367.6 298.3 172.0 14.0 161.0 128.5 94.5 300.6 0.0 337.9 390.6 176.6 306.8 161.7 161.0 371.9 60.2 304.5 323.4 260.2 324.5 348.5 433.3 387.8 393.1 66.4 164.0 275.4 266.9 379.4 294.8 261.7 277.2 329.8 298.0 143.5 362.9 134.2 304.6 115.5 358.4 438.4 342.2 158.3 375.2 340.4 323.6 105.2 316.3 255.4 407.5 28.3 258.0 175.5 96.9 240.4 312.8 367.3 162.4 43.3 319.8 386.6 373.9 303.7 350.3 395.3 293.0 180.6 297.7 118.8 84.2 272.1 313.6 134.0 358.7 247.2 144.9 320.9 386.3 359.0 316.1
1948.4 395.0 116.2 98.9 50.3 111.7 346.4 305.0 407.9 94.6 95.1 103.1 99.9 176.3 51.9 364.0 147.7 165.8 287.3 235.4 330.1 117.9 411.2 73.0 321.4 297.0 350.0 96.7 415.5 353.9 356.6 135.0 125.8 311.9 131.0 344.3 188.7 294.1 338.8 160.3 66.7 119.1 200.6 350.5 326.0 441.9 402.2 389.4 417.7 341.5 0.0 199.5 321.0 340.8 360.8 254.0 123.4 320.1 125.6 74.9 409.5 358.5 187.0 188.0 184.1 289.1 282.8 281.1 85.0 64.6 134.1 328.8 295.7 311.2 84.5 95.7 346.2 117.6 322.7 119.7 223.6 109.9 193.1 93.7 302.7 126.7 95.1 225.9 446.8 350.3 289.4 162.2 369.9 160.3 376.4 428.3 357.5 215.1 401.3 381.3 384.9 76.2 141.3 128.6 337.7 133.7 150.0 327.0 370.4 331.7 341.2 339.1 389.2 111.8 279.8 113.4 296.5 349.3 109.2 141.0 113.7 23.3
1896.3 457.8 115.6 161.7 131.1 127.7 409.2 367.8 470.7 157.4 143.2 162.4 162.7 26.2 93.8 426.8 143.5 214.7 350.1 306.7 392.9 177.2 474.0 135.8 384.2 359.8 412.8 149.8 478.3 416.7 419.4 194.3 175.2 374.7 193.8 407.1 185.8 315.9 401.6 223.1 181.4 49.0 271.9 413.3 388.8 504.7 465.0 452.2 480.5 404.3 132.2 0.0 383.8 403.6 423.6 316.8 105.8 382.9 226.9 115.7 472.3 421.3 235.9 128.7 107.1 339.4 345.6 343.9 147.8 127.4 183.5 391.6 358.5 374.0 150.1 158.5 409.0 159.8 385.5 182.5 286.4 92.3 144.4 52.0 365.5 26.6 124.6 297.2 509.6 413.1 352.2 211.6 432.7 231.6 439.2 491.1 420.3 286.4 464.1 444.1 447.7 157.9 136.1 178.0 400.5 103.6 123.0 389.8 433.2 394.5 404.0 401.9 452.0 174.6 342.6 122.8 359.3 412.1 223.9 67.8 163.1 110.4
2153.6 186.2 352.2 313.5 307.5 346.1 85.7 107.6 210.5 231.1 331.1 339.1 294.5 403.6 291.1 64.8 383.7 318.0 89.9 323.8 116.6 353.9 187.1 287.6 107.9 253.7 306.7 298.3 159.4 126.1 100.5 371.0 361.8 162.1 298.4 301.0 424.7 406.2 141.4 338.5 354.1 358.3 289.0 106.9 179.7 185.8 146.1 180.9 220.3 186.0 328.6 381.3 0.0 297.5 96.6 151.7 362.6 153.9 295.2 314.1 197.9 315.2 339.2 424.0 378.5 383.8 143.4 83.7 266.1 257.6 370.1 285.5 252.4 267.9 320.5 288.7 90.1 353.6 66.6 295.3 106.2 349.1 429.1 332.9 18.9 365.9 331.1 314.3 238.0 307.0 246.1 398.2 179.1 248.7 120.3 219.8 160.1 303.5 358.0 100.1 176.1 310.5 377.3 364.6 294.4 341.0 386.0 283.7 115.5 288.4 79.6 83.0 191.8 304.3 53.7 349.4 166.9 89.2 311.6 377.0 349.7 306.8
2191.9 413.6 390.5 351.8 345.8 384.4 365.0 323.6 426.5 269.4 369.4 377.4 332.8 441.9 329.4 382.6 422.0 356.3 305.9 377.5 348.7 392.2 416.8 325.9 340.0 118.1 46.5 336.6 428.0 372.5 375.2 409.3 400.1 330.5 336.7 102.1 463.0 376.6 357.4 376.8 392.4 396.6 327.3 365.0 336.3 460.5 420.8 408.0 436.3 360.1 366.9 419.6 339.6 0.0 379.4 272.6 400.9 338.7 333.5 352.4 428.1 146.4 377.5 462.3 416.8 419.3 301.4 299.7 304.4 295.9 408.4 116.7 171.9 195.9 358.8 327.0 364.8 391.9 341.3 333.6 242.2 387.4 467.4 371.2 321.3 404.2 369.4 352.6 455.6 42.7 64.4 436.5 388.5 289.1 395.0 446.9 376.1 341.8 162.6 399.9 403.5 348.8 415.6 402.9 113.4 379.3 424.3 116.1 389.0 178.1 359.8 356.4 407.8 342.6 298.4 387.7 315.1 367.9 349.9 415.3 388.0 345.1
2185.6 182.3 384.2 345.5 339.5 378.1 188.4 46.1 152.5 263.1 363.1 371.1 326.5 435.6 323.1 55.6 415.7 350.0 66.7 355.8 181.5 385.9 125.2 319.6 190.2 285.7 338.7 330.3 174.4 119.5 122.1 403.0 393.8 184.7 330.4 333.0 456.7 438.2 83.4 370.5 386.1 390.3 321.0 10.3 196.2 200.8 161.1 183.3 162.3 182.1 360.6 413.3 105.9 329.5 0.0 183.7 394.6 176.5 327.2 346.1 136.0 347.2 371.2 456.0 410.5 415.8 160.0 73.9 298.1 289.6 402.1 317.5 284.4 299.9 352.5 320.7 105.9 385.6 92.2 327.3 138.2 381.1 461.1 364.9 117.3 397.9 363.1 346.3 234.1 339.0 278.1 430.2 175.2 280.7 141.9 229.7 102.1 335.5 390.0 79.5 172.2 342.5 409.3 396.6 326.4 373.0 418.0 315.7 51.1 320.4 52.4 86.6 127.8 336.3 94.4 381.4 198.9 80.0 343.6 409.0 381.7 338.8
2076.3 195.4 274.9 236.2 230.2 268.8 146.8 105.4 208.3 153.8 253.8 261.8 217.2 326.3 213.8 164.4 306.4 240.7 87.7 246.5 130.5 276.6 211.6 210.3 121.8 176.4 229.4 221.0 215.9 154.3 157.0 293.7 284.5 112.3 221.1 223.7 347.4 328.9 139.2 261.2 276.8 281.0 211.7 150.9 126.4 242.3 202.6 189.8 218.1 141.9 251.3 304.0 121.4 220.2 161.2 0.0 285.3 120.5 217.9 236.8 209.9 237.9 261.9 346.7 301.2 306.5 83.2 81.5 188.8 180.3 292.8 208.2 175.1 190.6 243.2 211.4 146.6 276.3 123.1 218.0 24.0 271.8 351.8 255.6 103.1 288.6 253.8 237.0 247.2 229.7 168.8 320.9 170.3 171.4 176.8 228.7 157.9 226.2 280.7 181.7 185.3 233.2 300.0 287.3 217.1 263.7 308.7 206.4 170.8 211.1 141.6 139.5 189.6 227.0 80.2 272.1 96.9 149.7 234.3 299.7 272.4 229.5
2011.6 418.9 91.4 222.5 191.9 188.5 370.3 328.9 431.8 218.2 204.0 56.5 223.5 151.5 154.6 387.9 122.9 275.5 311.2 258.8 354.0 71.3 435.1 196.6 345.3 320.9 373.9 210.6 439.4 377.8 380.5 88.4 101.0 335.8 254.6 368.2 163.9 341.2 362.7 283.9 242.2 223.8 224.0 374.4 349.9 465.8 426.1 413.3 441.6 365.4 193.0 174.7 344.9 364.7 384.7 277.9 0.0 344.0 114.6 176.5 433.4 382.4 296.7 163.2 159.3 318.8 306.7 305.0 208.6 188.2 109.3 352.7 319.6 335.1 100.1 219.3 370.1 92.8 346.6 135.9 247.5 239.4 168.3 156.9 326.6 201.4 70.3 249.3 470.7 374.2 313.3 137.4 393.8 183.7 400.3 452.2 381.4 238.5 425.2 405.2 408.8 218.7 116.5 103.8 361.6 164.4 125.2 350.9 394.3 355.6 365.1 363.0 413.1 144.9 303.7 183.6 320.4 373.2 131.0 116.2 88.9 171.2
2143.7 78.7 342.3 303.6 297.6 336.2 132.8 180.6 283.5 221.2 321.2 329.2 284.6 393.7 281.2 140.6 373.8 308.1 162.9 313.9 27.2 344.0 224.1 277.7 35.9 243.8 296.8 288.4 112.0 45.1 130.4 361.1 351.9 8.2 288.5 291.1 414.8 396.3 214.4 328.6 344.2 348.4 279.1 164.7 43.3 142.9 103.2 69.2 293.3 58.8 318.7 371.4 153.7 287.6 154.4 141.8 352.7 0.0 285.3 304.2 234.9 305.3 329.3 414.1 368.6 373.9 47.2 156.7 256.2 247.7 360.2 275.6 242.5 258.0 310.6 278.8 136.2 343.7 126.9 285.4 96.3 339.2 419.2 323.0 135.4 356.0 321.2 304.4 130.5 297.1 236.2 388.3 71.6 238.8 150.2 108.1 233.1 293.6 348.1 137.1 68.6 300.6 367.4 354.7 284.5 331.1 376.1 273.8 173.3 278.5 111.5 76.9 264.8 294.4 126.7 339.5 157.0 137.6 301.7 367.1 339.8 296.9
2018.8 349.1 81.8 167.9 119.3 77.3 300.5 259.1 362.0 163.6 60.7 68.7 168.9 141.9 124.4 318.1 113.3 230.4 241.4 189.0 284.2 83.5 365.3 142.0 275.5 251.1 304.1 161.3 369.6 308.0 310.7 100.6 91.4 266.0 200.0 298.4 154.3 271.4 292.9 256.7 58.9 214.2 154.2 304.6 280.1 396.0 356.3 343.5 371.8 295.6 68.9 165.1 275.1 294.9 314.9 208.1 243.3 274.2 0.0 128.3 363.6 312.6 251.6 153.6 149.7 249.0 236.9 235.2 154.0 133.6 99.7 282.9 249.8 265.3 50.1 164.7 300.3 83.2 276.8 66.1 177.7 229.8 158.7 196.1 256.8 191.8 60.7 179.5 400.9 304.4 243.5 127.8 324.0 113.9 330.5 382.4 311.6 168.7 355.4 335.4 339.0 140.8 106.9 94.2 291.8 99.3 115.6 281.1 324.5 285.8 295.3 293.2 343.3 75.1 233.9 79.0 250.6 303.4 16.4 106.6 79.3 92.3
1907.5 396.1 154.7 100.0 63.8 48.0 347.5 306.1 409.0 95.7 63.5 141.6 101.0 123.5 32.1 365.1 134.8 240.8 288.4 295.5 331.2 156.4 412.3 74.1 322.5 298.1 332.9 161.0 416.6 355.0 357.7 173.5 164.3 313.0 140.0 345.4 227.2 239.0 339.9 161.4 162.8 78.2 251.5 347.5 318.8 443.0 403.3 390.5 418.8 342.6 113.6 101.2 322.1 341.9 361.9 255.1 82.5 321.2 165.2 0.0 410.6 359.6 245.1 226.5 95.5 261.4 283.9 282.2 86.1 65.7 172.6 329.9 296.8 312.3 123.0 96.8 347.3 156.1 323.8 120.8 224.7 69.0 231.6 52.8 303.8 85.8 133.6 242.4 447.9 351.4 290.5 200.7 371.0 211.2 377.5 429.4 358.6 266.0 452.0 382.4 386.0 96.2 179.8 167.1 338.8 65.2 188.5 328.1 371.5 332.8 342.3 338.9 390.3 112.9 280.9 80.1 297.6 350.4 205.3 179.5 152.2 91.8
2243.0 260.6 441.6 402.9 396.9 435.5 245.8 103.5 138.2 320.5 420.5 428.5 383.9 493.0 380.5 153.3 473.1 407.4 124.1 413.2 241.8 443.3 52.6 377.0 250.5 343.1 396.1 387.7 202.6 236.4 161.7 460.4 451.2 245.0 387.8 390.4 514.1 495.6 87.1 427.9 443.5 447.7 378.4 132.5 260.6 229.0 189.3 211.5 161.7 260.4 418.0 470.7 193.0 386.9 142.8 241.1 452.0 236.8 384.6 403.5 0.0 404.6 428.6 513.4 467.9 473.2 217.4 131.3 355.5 347.0 459.5 374.9 341.8 357.3 409.9 378.1 158.4 443.0 194.2 384.7 195.6 438.5 518.5 422.3 174.7 455.3 420.5 403.7 312.4 396.4 335.5 487.6 242.3 338.1 181.5 267.6 105.8 392.9 447.4 107.7 250.5 399.9 466.7 454.0 383.8 430.4 475.4 373.1 94.5 377.8 169.3 203.5 119.5 393.7 151.8 438.8 256.3 156.3 401.0 466.4 439.1 396.2
2213.0 434.7 411.6 372.9 366.9 405.5 386.1 344.7 447.6 290.5 390.5 398.5 353.9 463.0 350.5 403.7 443.1 377.4 327.0 383.2 369.8 413.3 450.9 347.0 361.1 139.2 139.0 357.7 455.2 393.6 396.3 430.4 421.2 351.6 357.8 163.7 484.1 436.0 378.5 397.9 413.5 417.7 348.4 390.2 365.7 481.6 441.9 429.1 457.4 381.2 388.0 440.7 360.7 129.8 400.5 293.7 422.0 359.8 354.6 373.5 449.2 0.0 398.6 483.4 437.9 443.2 322.5 320.8 325.5 317.0 429.5 89.9 201.5 217.0 379.9 348.1 385.9 413.0 362.4 354.7 263.3 408.5 488.5 392.3 342.4 425.3 390.5 373.7 486.5 139.3 78.4 457.6 409.6 308.1 416.1 468.0 397.2 362.9 241.8 421.0 424.6 369.9 436.7 424.0 147.9 400.4 445.4 137.2 410.1 237.5 380.9 378.8 428.9 363.7 319.5 408.8 336.2 389.0 371.0 436.4 409.1 366.2
1999.9 345.1 188.4 155.0 119.8 183.9 296.5 255.1 358.0 81.3 167.3 175.3 106.8 248.5 103.4 314.1 219.9 18.6 237.4 216.8 280.2 190.1 361.3 99.9 271.5 247.1 300.1 110.6 365.6 304.0 306.7 207.2 198.0 262.0 124.4 294.4 260.9 299.2 288.9 150.8 190.3 170.6 182.0 300.6 276.1 392.0 352.3 339.5 367.8 291.6 175.5 193.6 271.1 290.9 310.9 204.1 174.9 270.2 131.4 126.4 359.6 308.6 0.0 260.2 190.8 293.2 232.9 231.2 78.4 69.9 206.3 278.9 245.8 261.3 156.7 106.2 296.3 189.8 272.8 131.5 173.7 161.4 265.3 145.2 252.8 178.2 167.3 209.0 396.9 300.4 239.5 234.4 320.0 141.7 326.5 378.4 307.6 196.5 351.4 331.4 335.0 146.7 213.5 200.8 287.8 153.3 222.2 277.1 320.5 281.8 291.3 289.2 339.3 140.5 229.9 185.6 246.6 299.4 147.8 213.2 185.9 119.1
1960.4 493.6 133.3 282.3 251.7 248.3 445.0 403.6 506.5 278.0 263.8 173.0 283.3 161.9 214.4 462.6 236.8 335.3 385.9 333.5 428.7 187.8 509.8 256.4 420.0 395.6 448.6 270.4 514.1 452.5 455.2 204.9 114.6 410.5 314.4 442.9 52.5 340.5 437.4 343.7 302.0 208.7 298.7 449.1 424.6 540.5 500.8 488.0 516.3 440.1 252.8 159.6 419.6 439.4 459.4 352.6 226.4 418.7 189.3 236.3 508.1 457.1 356.5 0.0 227.7 436.8 381.4 379.7 268.4 248.0 68.4 427.4 394.3 409.8 270.7 279.1 444.8 102.6 421.3 303.1 322.2 212.9 15.6 172.6 401.3 186.3 183.1 324.0 545.4 448.9 388.0 65.4 468.5 258.4 475.0 526.9 456.1 313.2 553.5 479.9 483.5 278.5 78.9 99.8 436.3 224.2 111.8 425.6 469.0 430.3 439.8 437.7 487.8 295.2 378.4 243.4 395.1 447.9 205.7 148.7 128.6 231.0
1923.9 445.5 139.9 146.5 115.9 115.4 394.0 355.5 447.3 145.1 128.0 150.1 147.5 161.2 81.5 414.5 36.4 202.4 337.8 309.8 380.6 164.9 448.7 123.5 369.0 347.5 382.3 137.5 459.9 406.5 407.1 179.1 152.4 362.4 189.4 398.3 212.6 315.1 389.3 210.8 181.0 94.6 259.6 396.9 365.3 492.4 452.7 439.9 465.3 392.0 119.9 184.4 371.5 388.4 411.3 304.5 93.5 370.6 214.6 100.5 460.0 409.0 223.6 211.7 0.0 328.4 330.4 332.0 135.5 115.1 157.8 379.3 346.2 361.7 137.8 146.2 396.7 141.3 373.2 170.2 274.1 80.0 216.8 69.2 353.2 102.2 98.9 284.9 487.5 400.8 339.9 185.9 420.4 221.4 426.9 478.8 408.0 274.1 448.1 428.9 432.5 145.6 165.0 152.3 388.2 95.6 173.7 377.5 420.9 382.2 388.8 388.3 439.7 162.3 330.3 107.6 344.1 399.8 211.6 125.9 137.4 98.1
2052.6 466.8 310.1 276.7 241.5 305.6 418.2 376.8 468.6 203.0 289.0 297.0 228.5 370.2 225.1 435.8 341.6 171.0 360.6 238.2 401.9 311.8 470.0 221.6 393.2 368.8 403.6 232.3 481.2 427.8 428.4 328.9 321.2 383.7 254.0 419.6 382.8 305.2 410.6 272.5 300.1 292.3 186.7 418.2 391.0 513.7 474.0 461.2 489.5 413.3 297.2 315.3 392.8 415.4 432.6 325.8 296.6 391.9 253.1 248.1 481.3 430.3 152.3 381.9 309.6 0.0 354.6 353.3 200.1 191.6 328.0 400.6 367.5 384.5 278.4 227.9 418.0 311.5 394.5 253.2 295.4 283.1 387.0 266.9 376.0 299.9 289.0 213.3 508.8 422.1 361.2 356.1 441.7 265.5 448.2 500.1 429.3 202.5 459.7 453.1 456.7 268.4 335.2 322.5 409.5 323.0 343.9 398.8 442.2 403.5 413.0 409.6 461.0 262.2 351.6 307.3 368.3 421.1 269.5 334.9 307.6 240.8
2096.4 112.1 295.0 256.3 250.3 288.9 111.9 109.7 201.5 173.9 273.9 281.9 237.3 346.4 233.9 177.9 326.5 260.8 92.0 275.8 47.2 296.7 235.7 230.4 38.5 196.5 241.3 241.1 149.3 82.4 167.7 313.8 304.6 29.0 241.2 243.8 367.7 349.0 143.5 281.3 296.9 301.1 231.8 155.2 34.8 180.2 140.5 106.5 222.4 58.6 271.4 324.1 132.8 240.3 191.7 94.5 305.4 37.2 238.0 256.9 214.2 258.0 282.0 366.8 321.3 325.1 0.0 85.8 208.9 200.4 312.9 228.3 195.2 210.7 263.3 231.5 173.5 296.4 152.5 238.1 49.0 291.9 371.9 275.7 114.5 308.7 273.9 257.1 154.1 249.8 188.9 341.0 87.0 193.6 187.5 145.4 162.2 246.3 300.8 174.4 102.0 253.3 320.1 307.4 237.2 288.1 328.8 226.5 210.6 231.2 148.8 114.2 193.9 247.1 119.6 292.2 109.7 174.9 254.4 319.8 292.5 249.6
2111.6 175.4 310.2 272.0 265.5 304.1 114.4 23.9 115.6 189.1 289.1 297.1 252.5 361.6 249.1 104.6 341.7 276.0 5.7 297.2 133.3 311.9 117.0 245.6 124.6 211.7 246.5 256.3 150.0 110.5 97.2 329.5 320.3 115.1 264.3 262.5 382.9 364.2 57.6 296.5 300.2 316.3 247.0 65.2 120.9 182.5 142.8 165.0 136.5 144.7 286.6 339.3 61.6 256.0 79.6 109.7 320.6 123.3 253.2 272.1 128.3 273.2 297.2 382.0 333.6 340.3 86.5 0.0 224.1 215.6 328.1 243.5 210.4 225.9 278.5 246.7 86.8 311.6 63.3 253.3 64.2 307.1 387.1 290.9 43.8 323.9 289.1 272.3 217.4 265.0 204.1 356.2 173.1 208.8 117.0 231.5 76.3 261.5 316.5 121.9 165.3 268.5 335.3 322.6 252.4 303.3 344.0 241.7 89.2 246.4 81.8 78.4 108.0 262.3 20.4 307.9 124.9 89.9 269.6 335.0 307.7 264.8
1960.5 329.0 170.5 137.1 80.4 166.0 280.4 239.0 341.9 28.6 149.4 157.4 67.4 230.6 64.0 298.0 202.0 72.9 221.3 177.9 264.1 172.2 345.2 60.5 255.4 231.0 284.0 71.2 349.5 287.9 290.6 189.3 180.1 245.9 45.9 278.3 243.0 260.3 272.8 111.4 172.4 131.2 143.1 284.5 260.0 375.9 336.2 323.4 351.7 275.5 157.6 154.2 255.0 274.8 294.8 188.0 135.5 254.1 113.5 87.0 343.5 292.5 94.1 242.3 238.4 253.8 216.8 215.1 0.0 30.5 188.4 262.8 229.7 245.2 138.8 54.2 280.2 171.9 256.7 113.6 157.6 122.0 247.4 105.8 236.7 138.8 149.4 168.4 380.8 284.3 223.4 216.5 303.9 102.8 310.4 362.3 291.5 157.6 335.3 315.3 318.9 128.8 195.6 182.9 271.7 188.0 204.3 261.0 304.4 265.7 275.2 273.1 323.2 122.6 213.8 167.7 230.5 283.3 129.9 195.3 168.0 79.7
1929.9 330.3 170.6 55.8 49.8 88.4 281.7 240.3 343.2 29.9 103.9 157.5 36.8 145.9 33.4 299.3 202.1 88.8 222.6 179.2 265.4 172.3 346.5 29.9 256.7 232.3 285.3 40.6 350.8 289.2 291.9 189.4 180.2 247.2 66.3 279.6 243.1 261.6 274.1 115.1 103.7 100.6 144.4 285.8 261.3 377.2 337.5 324.7 353.0 276.8 70.9 123.6 256.3 276.1 296.1 189.3 104.9 255.4 113.6 56.4 344.8 293.8 110.0 242.4 120.8 223.2 218.1 216.4 20.3 0.0 188.5 264.1 231.0 246.5 138.9 31.0 281.5 172.0 258.0 113.7 158.9 91.4 247.5 75.2 238.0 108.2 149.5 169.7 382.1 285.6 224.7 216.6 305.2 104.1 311.7 363.6 292.8 158.9 336.6 316.6 320.2 68.7 195.7 183.0 273.0 83.3 204.4 262.3 305.7 267.0 276.5 274.4 324.5 68.7 215.1 102.5 231.8 284.6 130.0 195.4 168.1 49.1
2023.5 425.1 91.2 165.6 203.3 148.9 376.5 335.1 438.0 190.3 132.3 104.5 234.2 215.8 268.3 394.1 134.1 271.6 317.4 265.0 360.2 119.3 441.3 194.7 351.5 327.1 380.1 202.5 445.6 384.0 386.7 136.4 94.8 342.0 264.5 374.4 54.5 347.4 368.9 297.7 179.7 262.6 230.2 380.6 356.1 472.0 432.3 419.5 447.8 371.6 152.9 213.5 351.1 370.9 390.9 284.1 280.3 350.2 120.8 199.9 439.6 388.6 292.8 53.8 170.5 325.0 312.9 311.2 218.5 198.1 0.0 358.9 325.8 341.3 106.3 229.2 376.3 156.5 352.8 142.1 253.7 266.8 59.5 226.5 332.8 240.2 81.5 257.2 476.9 380.4 319.5 64.9 400.0 189.9 406.5 458.4 387.6 244.7 431.4 411.4 415.0 147.9 132.8 31.3 367.8 155.5 165.7 357.1 400.5 361.8 371.3 369.2 419.3 151.1 309.9 135.2 326.6 379.4 137.2 202.6 33.1 176.3
2199.0 420.7 397.6 358.9 352.9 391.5 372.1 330.7 433.6 276.5 376.5 384.5 339.9 449.0 336.5 389.7 429.1 363.4 313.0 369.2 355.8 399.3 436.9 333.0 347.1 125.2 125.0 343.7 441.2 379.6 382.3 416.4 407.2 337.6 343.8 149.7 470.1 422.0 364.5 383.9 399.5 403.7 334.4 376.2 351.7 467.6 427.9 415.1 443.4 367.2 374.0 426.7 346.7 115.8 386.5 279.7 408.0 345.8 340.6 359.5 435.2 85.6 384.6 469.4 423.9 429.2 308.5 306.8 311.5 303.0 415.5 0.0 187.5 203.0 365.9 334.1 371.9 399.0 348.4 340.7 249.3 394.5 474.5 378.3 328.4 411.3 376.5 361.4 472.5 125.3 64.4 443.6 395.6 294.1 402.1 454.0 383.2 348.9 227.8 407.0 410.6 355.9 422.7 410.0 133.9 386.4 431.4 123.2 396.1 223.5 366.9 364.8 414.9 349.7 305.5 394.8 322.2 375.0 357.0 422.4 395.1 352.2
2176.7 398.4 375.3 336.6 330.6 369.2 349.8 308.4 411.3 254.2 354.2 362.2 317.6 426.7 314.2 367.4 406.8 341.1 290.7 346.9 333.5 377.0 414.6 310.7 324.8 145.7 70.1 321.4 418.9 357.3 360.0 394.1 384.9 315.3 321.5 48.5 447.8 316.4 342.2 361.6 377.2 381.4 312.1 353.9 329.4 445.3 405.6 392.8 421.1 344.9 351.7 404.4 324.4 101.3 364.2 257.4 385.7 323.5 318.3 337.2 412.9 174.0 362.3 447.1 401.6 406.9 286.2 284.5 289.2 280.7 393.2 144.3 0.0 145.6 343.6 311.8 349.6 376.7 326.1 318.4 227.0 372.2 452.2 356.0 306.1 389.0 354.2 337.4 450.2 86.5 92.0 421.3 373.3 271.8 379.8 431.7 360.9 326.6 105.5 384.7 388.3 333.6 400.4 387.7 66.6 364.1 409.1 131.3 373.8 117.9 344.6 342.5 392.6 327.4 283.2 372.5 299.9 352.7 334.7 400.1 372.8 329.9
2127.2 348.9 325.8 287.1 281.1 319.7 300.3 258.9 361.8 204.7 304.7 312.7 268.1 377.2 264.7 317.9 357.3 291.6 241.2 297.4 284.0 327.5 352.1 261.2 275.3 151.0 164.7 271.9 369.4 307.8 310.5 344.6 335.4 265.8 272.0 162.2 398.5 277.5 292.7 312.1 315.8 331.9 262.6 304.4 271.6 395.8 356.1 343.3 371.6 295.4 302.2 354.9 274.9 194.8 314.7 207.9 336.2 274.0 268.8 287.7 363.4 212.5 312.8 397.6 352.1 355.9 236.7 235.0 239.7 231.2 343.7 182.8 106.8 0.0 294.1 262.3 300.1 327.2 276.6 268.9 177.5 322.7 402.7 306.5 256.6 339.5 304.7 287.9 390.9 193.4 143.4 371.8 323.8 224.4 330.3 382.2 311.4 277.1 212.4 335.2 338.8 284.1 350.9 338.2 173.5 314.6 359.6 181.0 324.3 170.1 295.1 291.7 343.1 277.9 233.7 323.0 250.4 303.2 285.2 350.6 323.3 280.4
1966.6 373.2 66.1 158.1 127.5 124.1 324.6 283.2 386.1 153.8 139.6 53.0 159.1 126.2 90.2 342.2 97.6 211.1 265.5 213.1 308.3 67.8 389.4 132.2 299.6 275.2 328.2 146.2 393.7 332.1 334.8 84.9 75.7 290.1 190.2 322.5 138.6 295.5 317.0 219.5 177.8 137.3 178.3 328.7 304.2 420.1 380.4 367.6 395.9 319.7 128.6 149.4 299.2 319.0 339.0 232.2 227.6 298.3 68.9 112.1 387.7 336.7 232.3 137.9 134.0 273.1 261.0 259.3 144.2 123.8 84.0 307.0 273.9 289.4 0.0 154.9 324.4 67.5 300.9 178.9 201.8 214.1 143.0 111.9 280.9 176.1 45.0 203.6 425.0 328.5 267.6 112.1 348.1 138.0 354.6 406.5 335.7 192.8 379.5 359.5 363.1 154.3 91.2 78.5 315.9 49.2 99.9 305.2 348.6 309.9 319.4 317.3 367.4 171.0 258.0 28.8 274.7 327.5 85.3 90.9 63.6 106.8
1975.4 358.3 139.5 106.1 95.3 135.0 309.7 268.3 371.2 60.6 118.4 126.4 120.5 199.6 78.9 327.3 171.0 100.0 250.6 207.2 293.4 141.2 374.5 135.2 284.7 260.3 313.3 86.1 378.8 317.2 319.9 158.3 149.1 275.2 62.2 307.6 212.0 289.6 302.1 108.3 141.4 146.1 172.4 313.8 289.3 405.2 365.5 352.7 381.0 304.8 126.6 222.8 284.3 304.1 324.1 217.3 150.4 283.4 82.5 101.9 372.8 321.8 121.2 211.3 207.4 282.0 246.1 244.4 51.0 45.4 157.4 292.1 259.0 274.5 107.8 0.0 309.5 140.9 286.0 82.6 186.9 136.9 216.4 120.7 266.0 153.7 118.4 197.7 410.1 313.6 252.7 185.5 333.2 132.1 339.7 391.6 320.8 186.9 364.6 344.6 348.2 97.8 164.6 151.9 301.0 157.0 173.3 290.3 333.7 295.0 304.5 302.4 352.5 91.6 243.1 136.7 259.8 312.6 98.9 164.3 137.0 150.0
2179.5 142.8 378.1 339.4 333.4 372.0 129.6 139.6 224.8 257.0 357.0 365.0 320.4 429.5 317.0 37.3 409.6 343.9 115.8 349.7 142.0 379.8 134.4 313.5 150.7 279.6 332.6 324.2 103.9 80.0 45.0 396.9 387.7 145.2 324.3 326.9 450.6 432.1 173.7 364.4 380.0 384.2 314.9 103.7 156.7 130.3 90.6 112.8 248.3 142.6 354.5 407.2 91.9 323.4 93.4 177.6 388.5 137.0 321.1 340.0 145.2 341.1 365.1 449.9 404.4 409.7 181.7 109.6 292.0 283.5 396.0 311.4 278.3 293.8 346.4 314.6 0.0 379.5 78.2 321.2 132.1 375.0 455.0 358.8 110.9 391.8 357.0 341.9 194.6 332.9 272.0 424.1 135.7 274.6 64.8 168.9 192.4 329.4 383.9 47.4 132.7 336.4 403.2 390.5 320.3 366.9 411.9 309.6 112.3 314.3 56.4 60.3 206.1 330.2 79.6 375.3 192.8 40.3 337.5 402.9 375.6 332.7
2033.0 405.9 75.7 146.4 184.1 129.7 357.3 315.9 418.8 171.1 113.1 85.3 215.0 126.4 222.4 374.9 179.2 252.4 298.2 245.8 341.0 100.1 422.1 264.4 332.3 307.9 360.9 183.3 426.4 364.8 367.5 117.2 38.0 322.8 322.4 355.2 100.9 328.2 349.7 278.5 160.5 198.7 211.0 361.4 336.9 452.8 413.1 400.3 428.6 352.4 133.7 149.6 331.9 351.7 371.7 264.9 234.4 331.0 101.6 180.7 420.4 369.4 273.6 100.2 215.6 305.8 293.7 292.0 276.4 256.0 46.3 339.7 306.6 322.1 87.1 287.1 357.1 0.0 333.6 122.9 234.5 220.9 105.3 180.6 313.6 176.3 125.5 236.3 457.7 361.2 300.3 74.4 380.8 170.7 387.3 439.2 368.4 225.5 412.2 392.2 395.8 128.7 23.7 40.8 348.6 136.3 54.2 337.9 381.3 342.6 352.1 350.0 400.1 131.9 290.7 116.0 307.4 360.2 118.0 91.1 25.9 239.0
2152.4 144.8 351.0 312.3 306.3 344.9 102.5 131.4 237.8 229.9 329.9 337.9 293.3 402.4 289.9 53.4 382.5 316.8 88.7 322.6 133.4 352.7 175.7 286.4 124.7 252.5 305.5 297.1 125.5 82.0 66.6 369.8 360.6 147.2 297.2 299.8 423.5 405.0 168.7 337.3 352.9 357.1 287.8 95.5 158.7 151.9 112.2 134.4 247.6 144.6 327.4 380.1 55.6 296.3 85.2 150.5 361.4 139.0 294.0 312.9 186.5 314.0 338.0 422.8 377.3 382.6 141.6 82.5 264.9 256.4 368.9 284.3 251.2 266.7 319.3 287.5 56.2 352.4 0.0 294.1 105.0 347.9 427.9 331.7 74.6 364.7 329.9 313.1 196.6 305.8 244.9 397.0 137.7 247.5 86.4 190.5 187.4 302.3 356.8 88.7 134.7 309.3 376.1 363.4 293.2 339.8 384.8 282.5 104.1 287.2 51.2 49.1 213.1 303.1 52.5 348.2 165.7 59.3 310.4 375.8 348.5 305.6
2017.1 347.4 101.3 23.4 138.8 96.8 298.8 257.4 360.3 104.7 80.2 88.2 92.0 161.4 143.9 316.4 132.8 144.0 239.7 187.3 282.5 103.0 363.6 52.5 273.8 249.4 302.4 114.2 367.9 306.3 309.0 120.1 110.9 264.3 141.1 296.7 173.8 269.7 291.2 170.3 103.2 173.8 152.5 302.9 278.4 394.3 354.6 341.8 370.1 293.9 88.4 184.6 273.4 293.2 313.2 206.4 262.8 272.5 44.3 147.8 361.9 310.9 165.2 173.1 169.2 278.4 235.2 233.5 95.1 74.7 119.2 281.2 248.1 263.6 69.6 105.8 298.6 102.7 275.1 0.0 176.0 249.3 178.2 148.4 255.1 211.3 80.2 177.8 399.2 302.7 241.8 147.3 322.3 112.2 328.8 380.7 309.9 167.0 353.7 333.7 337.3 59.6 126.4 113.7 290.1 118.8 135.1 279.4 322.8 284.1 293.6 291.5 341.6 8.9 232.2 98.5 248.9 301.7 60.7 126.1 98.8 111.8
2047.3 171.3 245.9 207.2 201.2 239.8 122.7 81.3 184.2 124.8 224.8 232.8 188.2 297.3 184.8 140.3 277.4 211.7 63.6 217.5 106.4 247.6 187.5 181.3 97.7 147.4 200.4 192.0 191.8 130.2 132.9 264.7 255.5 88.2 192.1 194.7 318.4 299.9 115.1 232.2 247.8 252.0 182.7 126.8 102.3 218.2 178.5 165.7 194.0 117.8 222.3 275.0 97.3 191.2 137.1 45.4 256.3 96.4 188.9 207.8 185.8 208.9 232.9 317.7 272.2 277.5 59.1 57.4 159.8 151.3 263.8 179.2 146.1 161.6 214.2 182.4 122.5 247.3 99.0 189.0 0.0 242.8 322.8 226.6 79.0 259.6 224.8 209.7 223.1 200.7 139.8 291.9 146.2 142.4 152.7 204.6 133.8 197.2 251.7 157.6 161.2 204.2 271.0 258.3 188.1 234.7 279.7 177.4 146.7 182.1 117.5 115.4 165.5 198.0 56.1 243.1 72.8 125.6 205.3 270.7 243.4 200.5
2025.1 432.4 104.9 236.0 205.4 202.0 383.8 342.4 445.3 231.7 217.5 70.0 237.0 165.0 168.1 401.4 136.4 289.0 324.7 272.3 367.5 84.8 448.6 210.1 358.8 334.4 387.4 224.1 452.9 391.3 394.0 101.9 114.5 349.3 268.1 381.7 177.4 354.7 376.2 297.4 255.7 237.3 237.5 387.9 363.4 479.3 439.6 426.8 455.1 378.9 206.5 188.2 358.4 378.2 398.2 291.4 13.5 357.5 128.1 190.0 446.9 395.9 310.2 176.7 172.8 332.3 320.2 318.5 222.1 201.7 122.8 366.2 333.1 348.6 113.6 232.8 383.6 106.3 360.1 149.4 261.0 0.0 181.8 170.4 340.1 214.9 83.8 264.5 484.2 387.7 326.8 150.9 407.3 197.2 413.8 465.7 394.9 252.0 438.7 418.7 422.3 232.2 130.0 117.3 375.1 177.9 138.7 364.4 407.8 369.1 378.6 376.5 426.6 158.4 317.2 197.1 333.9 386.7 144.5 129.7 102.4 184.7
2000.0 479.6 149.3 298.3 267.7 264.3 431.0 389.6 492.5 294.0 186.8 159.0 299.3 177.9 230.4 448.6 252.8 351.3 371.9 319.5 414.7 173.8 495.8 272.4 406.0 381.6 434.6 286.4 500.1 438.5 441.2 190.9 108.9 396.5 330.4 428.9 68.5 356.5 423.4 359.7 318.0 224.7 284.7 435.1 410.6 526.5 486.8 474.0 502.3 426.1 268.8 175.6 405.6 425.4 445.4 338.6 242.4 404.7 175.3 252.3 494.1 443.1 372.5 15.9 243.7 452.8 367.4 365.7 284.4 264.0 54.4 413.4 380.3 395.8 160.8 295.1 430.8 118.6 407.3 196.6 308.2 228.9 0.0 188.6 387.3 202.3 199.1 310.0 531.4 434.9 374.0 49.7 454.5 244.4 461.0 512.9 442.1 299.2 569.5 465.9 469.5 202.4 94.9 85.8 422.3 240.2 127.8 411.6 455.0 416.3 425.8 423.7 473.8 205.6 364.4 259.4 381.1 433.9 191.7 164.7 131.3 247.0
1854.6 405.7 145.2 109.6 79.0 75.6 357.1 315.7 418.6 105.3 91.1 110.3 110.6 70.6 41.7 374.7 91.4 162.6 298.0 254.6 340.8 125.1 421.9 83.7 332.1 307.7 360.7 97.7 426.2 364.6 367.3 142.2 154.8 322.6 141.7 355.0 217.7 248.7 349.5 171.0 129.3 25.3 219.8 361.2 336.7 452.6 412.9 400.1 428.4 352.2 80.1 48.3 331.7 351.5 371.5 264.7 53.7 330.8 174.8 63.6 420.2 369.2 183.8 155.1 55.0 297.7 293.5 291.8 95.7 75.3 163.1 339.5 306.4 321.9 98.0 106.4 356.9 146.6 333.4 130.4 234.3 40.2 222.1 0.0 313.4 32.9 124.1 252.1 457.5 361.0 300.1 191.2 380.6 179.5 387.1 439.0 368.2 234.3 461.7 392.0 395.6 105.8 170.3 157.6 348.4 51.5 179.0 337.7 381.1 342.4 351.9 349.8 399.9 122.5 290.5 70.7 307.2 360.0 171.8 152.0 142.7 58.3
2134.6 167.2 333.2 294.5 288.5 327.1 66.7 88.6 180.4 212.1 312.1 320.1 275.5 384.6 272.1 83.1 364.7 299.0 70.9 304.8 97.6 334.9 193.2 268.6 88.9 234.7 269.5 279.3 140.4 107.1 81.5 352.0 342.8 143.1 287.3 282.0 405.7 387.2 122.4 319.5 323.2 339.3 270.0 123.4 152.4 166.8 127.1 161.9 201.3 167.0 309.6 362.3 18.2 278.5 109.0 132.7 343.6 134.9 276.2 295.1 204.0 296.2 320.2 405.0 356.6 363.3 124.4 64.7 247.1 238.6 351.1 266.5 233.4 248.9 301.5 269.7 71.1 334.6 47.6 276.3 87.2 330.1 410.1 313.9 0.0 346.9 312.1 297.0 209.2 288.0 227.1 379.2 160.1 229.7 101.3 200.8 141.1 284.5 339.0 106.2 157.1 291.5 358.3 345.6 275.4 322.0 367.0 264.7 127.9 269.4 66.1 64.0 172.8 285.3 34.7 330.4 147.9 74.2 292.6 358.0 330.7 287.8
1869.6 431.1 150.5 135.0 104.4 101.0 382.5 341.1 444.0 130.7 116.5 135.7 136.0 61.1 67.1 400.1 116.8 188.0 323.4 280.0 366.2 150.5 447.3 109.1 357.5 333.1 386.1 123.1 451.6 390.0 392.7 167.6 180.2 348.0 167.1 380.4 243.1 263.7 374.9 196.4 154.7 22.3 245.2 386.6 362.1 478.0 438.3 425.5 453.8 377.6 105.5 34.8 357.1 376.9 396.9 290.1 79.1 356.2 200.2 89.0 445.6 394.6 209.2 163.6 80.4 312.7 318.9 317.2 121.1 100.7 188.5 364.9 331.8 347.3 123.4 131.8 382.3 172.0 358.8 155.8 259.7 65.6 179.3 25.3 338.8 0.0 149.5 267.1 482.9 386.4 325.5 216.6 406.0 204.9 412.5 464.4 393.6 259.7 437.4 417.4 421.0 131.2 171.0 183.0 373.8 76.9 157.9 363.1 406.5 367.8 377.3 375.2 425.3 147.9 315.9 96.1 332.6 385.4 197.2 102.7 168.1 83.7
1997.9 383.4 40.9 123.9 161.6 107.2 334.8 293.4 396.3 234.1 90.6 62.8 192.5 81.1 170.5 352.4 52.5 229.9 275.7 223.3 318.5 77.6 399.6 212.5 309.8 285.4 338.4 160.8 403.9 342.3 345.0 94.7 50.5 300.3 270.5 332.7 113.4 305.7 327.2 299.8 138.0 153.4 188.5 338.9 314.4 430.3 390.6 377.8 406.1 329.9 111.2 104.3 309.4 329.2 349.2 242.4 182.5 308.5 79.1 192.4 397.9 346.9 251.1 112.7 88.9 283.3 271.2 269.5 224.5 204.1 58.8 317.2 284.1 299.6 64.6 235.2 334.6 42.3 311.1 100.4 212.0 169.0 117.8 135.3 291.1 131.0 0.0 213.8 435.2 338.7 277.8 86.9 358.3 148.2 364.8 416.7 345.9 203.0 389.7 369.7 373.3 106.2 66.0 53.3 326.1 180.3 74.7 315.4 358.8 320.1 329.6 327.5 377.6 109.4 268.2 93.5 284.9 337.7 95.5 45.8 38.4 187.1
1944.0 499.7 363.5 313.2 264.4 312.9 451.1 409.7 512.6 256.4 339.5 347.5 252.0 323.5 266.8 468.7 356.4 221.5 392.0 285.5 434.8 362.3 515.9 290.2 426.1 304.7 259.1 218.0 514.1 458.6 464.2 379.4 370.2 416.6 296.6 261.6 398.4 74.9 443.5 306.5 328.1 282.8 240.1 451.1 422.4 546.6 506.9 497.0 522.4 449.1 314.1 304.1 425.7 314.4 465.5 361.6 321.6 424.8 306.5 267.7 514.2 363.3 202.8 352.3 320.0 219.1 387.5 385.8 253.5 242.1 381.4 336.5 213.0 211.0 328.9 281.3 450.9 362.0 427.4 306.6 328.3 305.2 368.0 264.9 410.3 267.5 339.5 0.0 544.6 299.6 294.2 409.5 474.6 373.1 481.1 533.0 465.1 253.0 224.6 486.0 489.6 281.2 385.7 373.0 282.6 320.8 394.4 331.8 475.1 251.9 448.8 442.5 496.8 312.7 384.5 338.6 401.2 456.9 322.9 368.0 361.0 297.0
2276.6 40.9 475.2 436.5 425.4 469.1 193.3 230.6 333.5 354.4 449.0 462.1 417.8 526.6 414.1 190.6 506.7 441.0 212.9 446.8 107.9 476.9 292.1 410.6 116.6 376.7 429.7 416.2 180.0 95.1 198.4 488.9 484.8 111.1 421.4 424.0 547.7 524.1 264.4 461.5 477.1 481.3 412.0 214.7 97.9 187.7 171.2 137.2 338.2 75.9 451.6 504.3 219.3 420.8 204.4 274.7 485.6 102.9 418.2 432.0 302.9 438.2 462.2 547.0 501.5 506.8 169.0 206.7 389.1 380.6 493.1 408.5 375.4 385.8 443.5 411.7 186.2 476.6 176.9 418.3 229.2 472.1 552.1 455.9 201.3 488.9 454.1 439.0 0.0 424.9 369.1 521.2 83.5 371.7 218.2 123.6 283.1 426.5 475.9 200.0 43.8 433.8 500.3 487.6 417.4 464.0 509.0 406.7 223.3 411.4 161.8 126.9 314.8 427.6 176.7 472.7 289.9 187.6 434.6 500.0 472.7 429.8
2197.4 419.1 396.0 357.3 351.3 389.9 370.5 329.1 432.0 274.9 374.9 382.9 338.3 447.4 334.9 388.1 427.5 361.8 311.4 376.9 354.2 397.7 435.3 331.4 345.5 123.6 65.5 342.1 433.5 378.0 380.7 414.8 405.6 336.0 350.1 121.1 468.7 409.8 362.9 382.3 386.0 402.1 332.8 370.5 341.8 466.0 426.3 413.5 441.8 365.6 372.4 425.1 345.1 45.3 384.9 278.1 406.4 344.2 339.0 357.9 433.6 151.9 383.0 467.8 419.4 426.1 306.9 305.2 309.9 301.4 413.9 122.2 185.9 201.4 364.3 332.5 370.3 397.4 346.8 339.1 247.7 392.9 472.9 376.7 326.8 409.7 374.9 358.1 461.1 0.0 69.9 442.0 394.0 292.5 400.5 452.4 381.6 347.3 142.6 405.4 409.0 354.3 421.1 408.4 132.3 384.8 429.8 121.6 394.5 197.1 365.3 361.9 413.3 348.1 303.9 393.2 320.6 373.4 355.4 420.8 393.5 350.6
2127.4 349.1 326.0 287.3 281.3 319.9 300.5 259.1 362.0 204.9 304.9 312.9 268.3 377.4 264.9 318.1 357.5 291.8 241.4 297.6 284.2 327.7 365.3 261.4 275.5 53.6 60.5 272.1 369.6 308.0 310.7 344.8 335.6 266.0 272.2 78.1 398.5 350.4 292.9 312.3 327.9 332.1 262.8 304.6 280.1 396.0 356.3 343.5 371.8 295.6 302.4 355.1 275.1 51.3 314.9 208.1 336.4 274.2 269.0 287.9 363.6 81.9 313.0 397.8 352.3 357.6 236.9 235.2 239.9 231.4 343.9 52.2 115.9 131.4 294.3 262.5 300.3 327.4 276.8 269.1 177.7 322.9 402.9 306.7 256.8 339.7 304.9 288.1 400.9 60.8 0.0 372.0 324.0 222.5 330.5 382.4 311.6 277.3 163.3 335.4 339.0 284.3 351.1 338.4 62.3 314.8 359.8 51.6 324.5 151.9 295.3 293.2 343.3 278.1 233.9 323.2 250.6 303.4 285.4 350.8 323.5 280.6
2034.0 463.5 180.2 204.0 241.7 187.3 414.9 373.5 476.4 228.7 170.7 142.9 272.6 208.8 261.3 432.5 172.5 310.0 355.8 303.4 398.6 157.7 479.7 303.3 389.9 365.5 418.5 240.9 484.0 422.4 425.1 174.8 139.8 380.4 361.3 412.8 99.4 387.4 407.3 336.1 218.1 255.6 268.6 419.0 394.5 510.4 470.7 457.9 486.2 410.0 191.3 206.5 389.5 409.3 429.3 322.5 273.3 388.6 159.2 283.2 478.0 427.0 331.2 46.8 274.6 363.4 351.3 349.6 315.3 294.9 85.3 397.3 364.2 379.7 144.7 326.0 414.7 149.5 391.2 180.5 292.1 259.8 30.8 219.5 371.2 233.2 119.9 293.9 515.3 418.8 357.9 0.0 438.4 228.3 444.9 496.8 426.0 283.1 469.8 449.8 453.4 186.3 125.8 56.9 406.2 271.1 158.7 395.5 438.9 400.2 409.7 407.6 457.7 189.5 348.3 173.6 365.0 417.8 175.6 195.6 71.5 277.9
2191.4 41.9 390.0 351.3 345.3 383.9 168.9 201.1 304.0 268.9 368.9 376.9 332.3 441.4 328.9 161.1 421.5 355.8 183.4 361.6 66.7 391.7 231.3 325.4 75.4 291.5 344.5 336.1 98.7 65.6 137.6 408.8 399.6 69.9 336.2 338.8 462.5 444.0 234.9 376.3 391.9 396.1 326.8 185.2 42.5 132.6 110.4 76.4 313.8 28.4 366.4 419.1 189.8 335.3 174.9 189.5 400.4 61.7 333.0 351.9 242.1 353.0 377.0 461.8 416.3 421.6 94.9 177.2 303.9 295.4 407.9 323.3 290.2 305.7 358.3 326.5 156.7 391.4 147.4 333.1 144.0 386.9 466.9 370.7 171.5 403.7 368.9 352.1 91.6 344.8 283.9 436.0 0.0 286.5 157.4 68.5 253.6 341.3 395.8 144.3 36.5 348.3 415.1 402.4 332.2 378.8 423.8 321.5 193.8 326.2 132.0 97.4 285.3 342.1 147.2 387.2 260.4 158.1 349.4 414.8 387.5 344.6
1904.8 431.7 275.0 241.6 204.3 270.5 381.0 341.7 433.5 165.8 251.8 261.9 193.4 335.1 190.0 400.7 306.5 135.9 321.9 90.4 366.8 276.7 434.9 186.5 356.0 370.3 341.2 195.1 446.1 390.6 393.3 291.7 282.5 348.6 218.9 336.9 347.7 155.3 375.5 237.4 265.0 257.2 74.1 383.1 352.3 478.6 438.9 426.1 452.3 378.2 262.1 280.2 357.7 380.8 397.5 290.7 261.5 356.8 218.0 210.9 446.2 431.8 117.2 346.8 274.5 133.5 317.4 318.2 165.0 156.5 292.9 402.1 281.5 277.4 243.3 192.8 382.9 276.4 359.4 218.1 260.3 248.0 351.9 231.8 337.3 264.8 253.9 65.5 473.7 368.1 362.7 321.0 406.6 0.0 413.1 465.0 394.2 54.7 309.8 415.9 419.5 233.3 300.1 287.4 348.2 287.9 308.8 400.3 407.1 317.5 377.9 374.5 425.9 225.0 316.5 272.2 331.1 386.0 234.4 299.8 272.5 205.7
2193.8 152.9 392.4 353.7 347.7 386.3 143.9 147.8 258.1 271.3 371.3 379.3 334.7 443.8 331.3 112.4 423.9 358.2 130.1 364.0 134.1 394.1 167.7 327.8 142.8 293.9 346.9 338.5 94.9 107.5 16.9 411.2 402.0 137.3 338.6 341.2 464.9 446.4 181.6 378.7 394.3 398.5 329.2 163.0 166.8 110.3 81.6 103.8 260.5 152.7 368.8 421.5 125.1 337.7 152.7 191.9 402.8 129.1 335.4 354.3 178.5 355.4 379.4 464.2 418.7 424.0 183.0 123.9 306.3 297.8 410.3 325.7 292.6 308.1 360.7 328.9 68.9 393.8 94.1 335.5 146.4 389.3 469.3 373.1 106.8 406.1 371.3 354.5 204.7 347.2 286.3 438.4 134.6 288.9 0.0 151.6 200.3 343.7 398.2 80.7 142.8 350.7 417.5 404.8 334.6 381.2 426.2 323.9 158.5 328.6 96.7 74.6 239.4 344.5 93.9 389.6 207.1 89.2 351.8 417.2 389.9 347.0
2287.1 74.9 485.7 447.0 441.0 479.6 219.2 241.1 333.4 364.6 464.6 472.6 428.0 537.1 424.6 187.7 517.2 451.5 223.4 457.3 113.6 487.4 243.0 421.1 122.3 387.2 440.2 431.8 74.5 118.8 149.3 504.5 495.3 116.8 431.9 434.5 558.2 539.7 282.3 472.0 487.6 491.8 422.5 238.3 109.9 64.0 98.1 49.7 356.9 95.8 462.1 514.8 218.4 431.0 228.0 285.2 496.1 108.6 428.7 447.6 253.8 448.7 472.7 557.5 512.0 517.3 197.8 217.2 399.6 391.1 503.6 419.0 385.9 401.4 454.0 422.2 162.2 487.1 187.4 428.8 239.7 482.6 562.6 466.4 200.1 499.4 464.6 449.5 124.6 440.5 379.6 531.7 67.3 382.2 137.8 0.0 301.0 437.0 491.5 156.0 95.7 444.0 510.8 498.1 427.9 474.5 519.5 417.2 247.0 421.9 185.2 150.6 314.7 437.8 187.2 482.9 300.4 190.7 445.1 510.5 483.2 440.3
2192.1 255.9 390.7 352.0 346.0 384.6 194.9 52.6 105.3 269.6 369.6 377.6 333.0 442.1 329.6 147.6 422.2 356.5 73.2 362.3 213.8 392.4 88.6 326.1 205.1 292.2 345.2 336.8 241.8 193.1 177.7 409.5 400.3 195.6 336.9 339.5 463.2 444.7 19.6 377.0 392.6 396.8 327.5 81.6 209.7 268.2 228.5 250.7 60.1 225.2 367.1 419.8 142.1 336.0 91.9 190.2 401.1 203.8 333.7 352.6 86.9 353.7 377.7 462.5 417.0 422.3 166.5 80.4 304.6 296.1 408.6 324.0 290.9 306.4 359.0 327.2 167.3 392.1 143.8 333.8 144.7 387.6 467.6 371.4 123.8 404.4 369.6 352.8 307.7 345.5 284.6 436.7 253.6 287.2 197.5 306.8 0.0 342.0 396.5 146.9 245.8 349.0 415.8 403.1 332.9 379.5 424.5 322.2 78.7 326.9 144.4 160.2 69.9 342.8 100.9 387.9 205.4 170.4 350.1 415.5 388.2 345.3
1886.0 549.4 410.3 362.9 311.2 362.6 500.8 459.4 562.3 303.2 389.2 397.2 298.8 373.2 313.6 518.4 406.1 271.2 441.7 20.2 484.5 412.0 565.6 337.0 475.8 351.5 332.9 264.8 569.9 508.3 511.0 429.1 419.9 466.3 346.3 311.3 459.1 138.6 493.2 356.2 365.9 418.2 286.9 504.9 480.4 596.3 556.6 543.8 572.1 495.9 360.9 350.9 475.4 364.1 515.2 408.4 404.5 474.5 353.3 314.5 563.9 413.0 252.5 402.0 369.7 270.3 437.2 435.5 300.3 291.8 428.2 383.3 262.7 260.7 378.6 328.1 500.6 411.7 477.1 353.4 378.0 391.0 417.7 314.6 457.1 317.2 389.2 48.4 601.2 349.3 343.9 456.3 524.3 422.8 530.8 582.7 511.9 0.0 293.1 535.7 539.3 330.9 435.4 422.7 329.4 366.2 444.1 381.5 524.8 298.7 495.6 493.5 543.6 362.4 434.2 385.4 450.9 503.7 369.7 414.8 407.8 346.7
2133.1 440.5 417.4 378.7 372.7 411.3 391.9 350.5 442.3 296.3 396.3 404.3 359.7 468.8 356.3 409.5 448.9 383.2 332.8 398.3 375.6 419.1 443.7 352.8 366.9 224.3 148.7 363.5 461.0 399.4 402.1 436.2 427.0 357.4 363.6 127.1 483.3 295.4 384.3 403.7 407.4 423.5 354.2 396.0 363.2 487.4 447.7 434.9 463.2 387.0 393.8 446.5 366.5 174.4 406.3 299.5 427.8 365.6 360.4 379.3 455.0 252.6 404.4 489.2 434.0 439.3 328.3 320.2 331.3 322.8 435.3 222.9 153.8 187.7 385.7 353.9 391.7 418.8 368.2 360.5 269.1 414.3 494.3 398.1 348.2 431.1 396.3 272.5 492.3 179.1 170.6 463.4 415.4 313.9 421.9 473.8 403.0 368.7 0.0 426.8 430.4 375.7 442.5 429.8 145.2 406.2 451.2 209.9 415.9 160.0 386.7 384.6 434.7 369.5 325.3 414.6 342.0 394.8 376.8 442.2 414.9 372.0
2211.7 152.8 410.3 371.6 365.6 404.2 161.8 118.1 177.3 289.2 389.2 397.2 352.6 461.7 349.2 45.5 441.8 376.1 138.7 391.1 134.0 412.0 61.2 345.7 142.7 311.8 356.6 356.4 88.7 128.6 53.9 429.1 419.9 137.2 364.4 362.6 482.8 464.3 126.2 396.6 400.3 416.4 347.1 82.2 164.1 121.2 81.5 103.7 200.8 152.6 386.7 439.4 100.1 355.6 71.9 209.8 420.7 129.0 353.3 372.2 97.7 373.3 397.3 482.1 433.7 440.4 200.9 145.9 324.2 315.7 428.2 343.6 310.5 326.0 378.6 346.8 50.6 411.7 86.4 353.4 164.3 407.2 487.2 391.0 119.1 424.0 389.2 372.4 194.8 365.1 304.2 456.3 134.5 306.8 73.7 159.8 144.9 361.6 416.1 0.0 142.7 368.6 435.4 422.7 352.5 403.4 444.1 341.8 108.8 346.5 64.6 97.5 158.6 362.4 111.8 407.5 225.0 48.5 369.7 435.1 407.8 364.9
2233.4 30.7 432.0 393.3 387.3 425.9 155.2 187.4 290.3 310.9 410.9 418.9 374.3 483.4 370.9 147.4 463.5 397.8 169.7 412.8 64.7 433.7 248.9 367.4 73.4 333.5 368.3 378.1 136.8 51.9 155.2 450.8 441.6 67.9 378.2 384.3 504.5 486.0 221.2 418.3 433.9 438.1 368.8 171.5 54.4 167.7 128.0 94.0 300.1 32.7 408.4 461.1 176.1 377.3 161.2 231.5 442.4 59.7 375.0 393.9 259.7 395.0 419.0 503.8 458.3 462.1 130.9 163.5 345.9 337.4 449.9 365.3 332.2 347.7 400.3 368.5 143.0 433.4 133.7 375.1 186.0 428.9 508.9 412.7 157.8 445.7 410.9 394.1 72.7 386.8 325.9 478.0 45.8 328.5 175.0 113.4 239.9 383.3 437.8 161.9 0.0 390.3 457.1 444.4 374.2 425.1 465.8 363.5 180.1 368.2 118.3 83.7 271.6 384.1 133.5 429.2 246.7 144.4 391.4 456.8 429.5 386.6
1961.8 380.5 132.0 84.4 96.8 127.5 331.9 290.5 393.4 80.1 110.9 118.9 94.5 192.1 65.3 349.5 163.5 123.6 272.8 242.8 315.6 133.7 396.7 58.5 306.9 282.5 317.3 54.5 401.0 339.4 342.1 150.8 141.6 297.4 124.4 329.8 204.7 302.9 324.3 149.9 89.0 132.5 192.6 336.0 303.2 427.4 387.7 374.9 403.2 327.0 84.0 215.3 306.5 326.3 346.3 239.5 136.8 305.6 75.0 88.3 395.0 344.0 144.8 203.8 202.8 245.4 268.3 266.6 70.5 50.1 149.9 314.3 281.2 296.7 100.3 81.2 331.7 133.4 308.2 105.2 209.1 123.3 208.9 107.1 288.2 140.1 110.9 217.9 432.3 335.8 274.9 178.0 355.4 152.3 361.9 413.8 343.0 207.1 386.8 366.8 370.4 0.0 157.1 144.4 323.2 144.9 165.8 312.5 355.9 317.2 326.7 323.3 374.7 97.3 265.3 129.2 282.0 334.8 91.4 156.8 129.5 69.8
2056.7 429.6 52.0 170.1 236.0 232.6 381.0 339.6 442.5 262.3 136.8 109.0 267.6 102.7 198.7 398.6 155.5 319.6 321.9 269.5 364.7 123.8 445.8 240.7 356.0 331.6 384.6 207.0 450.1 388.5 391.2 140.9 61.7 346.5 298.7 378.9 104.0 351.9 373.4 328.0 184.2 175.0 234.7 385.1 360.6 476.5 436.8 424.0 452.3 376.1 237.1 125.9 355.6 375.4 395.4 288.6 210.7 354.7 125.3 220.6 444.1 393.1 340.8 102.9 191.9 329.5 317.4 315.7 252.7 232.3 70.0 363.4 330.3 345.8 110.8 263.4 380.8 23.7 357.3 146.6 258.2 197.2 129.0 156.9 337.3 152.6 101.8 260.0 481.4 384.9 324.0 98.1 404.5 194.4 411.0 462.9 392.1 249.2 435.9 415.9 419.5 152.4 0.0 64.5 372.3 208.5 30.5 361.6 405.0 366.3 375.8 373.7 423.8 155.6 314.4 227.7 331.1 383.9 141.7 67.4 49.6 215.3
1992.1 407.0 73.1 147.5 185.2 130.8 358.4 317.0 419.9 172.2 114.2 86.4 216.1 143.2 177.9 376.0 116.0 253.5 299.3 246.9 342.1 101.2 423.2 176.6 333.4 309.0 362.0 184.4 427.5 365.9 368.6 118.3 47.4 323.9 246.4 356.3 93.3 329.3 350.8 279.6 161.6 215.5 212.1 362.5 338.0 453.9 414.2 401.4 429.7 353.5 134.8 166.4 333.0 352.8 372.8 266.0 246.0 332.1 102.7 181.8 421.5 370.5 274.7 110.2 152.4 306.9 294.8 293.1 200.4 180.0 38.7 340.8 307.7 323.2 88.2 211.1 358.2 50.9 334.7 124.0 235.6 232.5 94.2 197.4 314.7 193.1 63.4 237.4 458.8 362.3 301.4 54.0 381.9 171.8 388.4 440.3 369.5 226.6 413.3 393.3 396.9 129.8 74.6 0.0 349.7 137.4 95.3 339.0 382.4 343.7 353.2 351.1 401.2 133.0 291.8 117.1 308.5 361.3 119.1 107.9 15.0 158.2
2174.8 396.5 373.4 334.7 328.7 367.3 347.9 306.5 409.4 252.3 352.3 360.3 315.7 424.8 312.3 365.5 404.9 339.2 288.8 345.0 331.6 375.1 412.7 308.8 322.9 101.0 60.1 319.5 417.0 355.4 358.1 392.2 383.0 313.4 319.6 15.7 445.9 351.4 340.3 359.7 375.3 379.5 310.2 352.0 327.5 443.4 403.7 390.9 419.2 343.0 349.8 402.5 322.5 98.9 362.3 255.5 383.8 321.6 316.4 335.3 411.0 150.5 360.4 445.2 399.7 405.0 284.3 282.6 287.3 278.8 391.3 120.8 146.7 178.8 341.7 309.9 347.7 374.8 324.2 316.5 225.1 370.3 450.3 354.1 304.2 387.1 352.3 337.2 448.3 126.4 81.4 419.4 371.4 269.9 377.9 429.8 359.0 324.7 140.5 382.8 386.4 331.7 398.5 385.8 0.0 362.2 407.2 64.6 371.9 152.9 342.7 340.6 390.7 325.5 281.3 370.6 298.0 350.8 332.8 398.2 370.9 328.0
1917.4 405.0 112.6 113.5 82.9 74.9 361.0 315.0 406.8 104.6 90.4 99.5 114.5 172.7 41.0 374.0 144.1 161.9 297.3 269.3 340.1 114.3 408.2 83.0 336.0 307.0 341.8 97.0 419.4 366.0 366.6 131.4 122.2 321.9 148.9 357.8 185.3 322.2 348.8 170.3 140.5 88.1 219.1 356.4 332.3 451.9 412.2 399.4 432.3 351.5 79.4 195.9 331.0 355.4 370.8 264.0 92.4 330.1 174.1 67.5 419.5 368.5 183.1 184.4 183.4 287.9 297.4 291.5 95.0 74.6 130.5 338.8 305.7 321.2 46.4 105.7 356.2 114.0 332.7 129.7 233.6 78.9 189.5 62.7 312.7 95.7 91.5 244.4 447.0 360.3 299.4 158.6 379.9 180.9 386.4 438.3 367.5 233.6 411.3 395.9 394.9 105.1 137.7 125.0 347.7 0.0 146.4 337.0 380.4 346.3 355.8 347.8 399.2 121.8 289.8 19.1 306.5 359.3 171.1 137.4 110.1 57.6
2006.4 438.3 38.9 253.5 222.9 219.5 389.7 348.3 451.2 249.2 235.0 117.7 254.5 89.6 185.6 407.3 142.4 306.5 330.6 278.2 373.4 132.5 454.5 227.6 364.7 340.3 393.3 241.6 458.8 397.2 399.9 149.6 82.4 355.2 285.6 387.6 136.9 360.6 382.1 314.9 273.2 161.9 243.4 393.8 369.3 485.2 445.5 432.7 461.0 384.8 224.0 112.8 364.3 384.1 404.1 297.3 197.6 363.4 134.0 207.5 452.8 401.8 327.7 144.6 178.8 338.2 326.1 324.4 239.6 219.2 90.7 372.1 339.0 354.5 119.5 250.3 389.5 74.2 366.0 155.3 266.9 184.1 149.7 143.8 346.0 139.5 88.7 268.7 490.1 393.6 332.7 118.8 413.2 203.1 419.7 471.6 400.8 257.9 444.6 424.6 428.2 249.7 50.5 85.2 381.0 195.4 0.0 370.3 413.7 375.0 384.5 382.4 432.5 164.3 323.1 214.6 339.8 392.6 150.4 54.3 70.3 202.2
2202.8 424.5 401.4 362.7 356.7 395.3 375.9 334.5 437.4 280.3 380.3 388.3 343.7 452.8 340.3 393.5 432.9 367.2 316.8 373.0 359.6 403.1 440.7 336.8 350.9 129.0 35.4 347.5 445.0 383.4 386.1 420.2 411.0 341.4 347.6 76.4 473.9 367.1 368.3 387.7 403.3 407.5 338.2 380.0 355.5 471.4 431.7 418.9 447.2 371.0 377.8 430.5 350.5 84.6 390.3 283.5 411.8 349.6 344.4 363.3 439.0 157.3 388.4 473.2 427.7 433.0 312.3 310.6 315.3 306.8 419.3 127.6 162.4 196.3 369.7 337.9 375.7 402.8 352.2 344.5 253.1 398.3 478.3 382.1 332.2 415.1 380.3 363.5 476.3 112.1 75.3 447.4 399.4 297.9 405.9 457.8 387.0 352.7 156.2 410.8 414.4 359.7 426.5 413.8 94.5 390.2 435.2 0.0 399.9 168.6 370.7 368.6 418.7 353.5 309.3 398.6 326.0 378.8 360.8 426.2 398.9 356.0
2194.2 204.6 392.8 354.1 348.1 386.7 197.0 54.7 138.3 271.7 371.7 379.7 335.1 444.2 331.7 77.9 424.3 358.6 75.3 364.4 203.8 394.5 119.6 328.2 207.2 294.3 347.3 338.9 214.2 141.8 144.4 411.6 402.4 197.7 339.0 341.6 465.3 446.8 69.2 379.1 394.7 398.9 329.6 83.7 211.8 240.6 200.9 213.1 148.1 204.4 369.2 421.9 128.2 338.1 74.5 192.3 403.2 198.8 335.8 354.7 99.9 355.8 379.8 464.6 419.1 424.4 168.6 82.5 306.7 298.2 410.7 326.1 293.0 308.5 361.1 329.3 128.2 394.2 114.5 335.9 146.8 389.7 469.7 373.5 125.9 406.5 371.7 354.9 256.4 347.6 286.7 438.8 197.5 289.3 164.2 252.0 87.9 344.1 398.6 113.2 194.5 351.1 417.9 405.2 335.0 381.6 426.6 324.3 0.0 329.0 74.7 108.9 119.6 344.9 103.0 390.0 207.5 102.3 352.2 417.6 390.3 347.4
2104.8 482.1 459.0 420.3 414.3 452.9 433.5 392.1 483.9 337.9 437.9 445.9 401.3 510.4 397.9 451.1 490.5 424.8 374.4 439.9 417.2 460.7 485.3 394.4 408.5 284.2 255.1 405.1 496.5 441.0 443.7 477.8 468.6 399.0 405.2 250.8 531.7 267.1 425.9 445.3 449.0 465.1 395.8 433.5 404.8 529.0 489.3 476.5 504.8 428.6 435.4 488.1 408.1 296.8 447.9 341.1 469.4 407.2 402.0 420.9 496.6 345.7 446.0 530.8 485.3 409.5 369.9 368.6 372.9 364.4 476.9 316.0 195.4 195.9 427.3 395.5 433.3 460.4 409.8 402.1 310.7 455.9 535.9 439.7 389.8 472.7 437.9 421.1 524.1 282.0 276.6 505.0 457.0 357.6 463.5 515.4 444.6 410.3 219.8 468.4 472.0 417.3 484.1 471.4 262.1 447.8 492.8 314.2 457.5 0.0 428.3 426.2 476.3 411.1 366.9 456.2 383.6 436.4 418.4 483.8 456.5 413.6
2171.3 129.8 369.9 331.2 325.2 363.8 121.4 89.0 184.3 248.8 348.8 356.8 312.2 421.3 308.8 29.0 401.4 335.7 109.6 350.7 129.0 371.6 125.6 305.3 137.7 271.4 306.2 316.0 128.5 64.9 69.6 388.7 379.5 132.2 316.1 322.2 442.6 423.9 126.3 356.2 371.8 376.0 306.7 57.2 151.3 154.9 115.2 138.3 205.2 129.6 346.3 399.0 59.3 315.2 42.8 169.4 380.3 124.0 312.9 331.8 161.7 332.9 356.9 441.7 393.3 400.0 168.7 116.3 283.8 275.3 387.8 303.2 270.1 285.6 338.2 306.4 59.2 371.3 45.6 313.0 123.9 366.8 446.8 350.6 78.3 383.6 348.8 333.7 171.8 324.7 263.8 415.9 122.7 266.4 89.4 177.2 145.0 321.2 375.7 64.3 119.7 328.2 395.0 382.3 312.1 363.0 403.7 301.4 61.7 306.1 0.0 32.8 170.7 322.0 71.4 367.1 184.6 53.4 329.3 394.7 367.4 324.5
2149.6 95.6 348.2 308.3 302.3 342.1 98.5 103.6 195.4 225.9 325.9 335.1 289.3 399.6 287.1 63.6 379.7 314.0 85.9 335.2 94.8 349.9 160.2 283.6 104.8 249.7 284.5 293.1 140.8 30.7 67.9 365.8 356.6 98.0 302.3 300.5 420.9 401.0 137.4 334.5 338.2 354.3 285.0 91.8 117.1 177.8 138.1 104.1 216.3 95.4 324.6 377.3 93.9 292.3 77.4 147.7 358.6 89.8 291.2 308.9 196.3 311.2 335.2 420.0 371.6 378.3 134.5 80.1 262.1 253.6 366.1 281.5 248.4 262.7 316.5 284.7 57.5 349.6 49.9 291.3 102.2 345.1 425.1 328.9 61.4 361.9 327.1 309.1 137.6 301.8 242.1 394.2 88.5 246.8 87.7 143.0 156.1 299.5 352.0 97.7 85.5 305.3 373.3 360.6 290.4 341.3 382.0 279.7 96.3 283.2 33.3 0.0 187.8 299.1 49.7 344.2 161.7 60.6 307.6 373.0 345.7 302.8
2218.3 287.9 416.9 378.2 372.2 410.8 221.1 78.8 84.3 295.8 395.8 403.8 359.2 468.3 355.8 161.2 448.4 382.7 99.4 388.5 240.0 418.6 96.8 352.3 231.3 318.4 371.4 363.0 250.0 225.1 203.9 435.7 426.5 221.8 363.1 365.7 489.4 470.9 42.4 403.2 418.8 423.0 353.7 95.2 235.9 276.4 236.7 258.9 64.4 251.4 393.3 446.0 168.3 362.2 105.5 216.4 427.3 230.0 359.9 378.8 95.1 379.9 403.9 488.7 443.2 448.5 192.7 106.6 330.8 322.3 434.8 350.2 317.1 332.6 385.2 353.4 193.5 418.3 170.0 360.0 170.9 413.8 493.8 397.6 150.0 430.6 395.8 379.0 339.7 371.7 310.8 462.9 279.8 313.4 223.7 315.0 61.1 368.2 422.7 155.1 277.8 375.2 442.0 429.3 359.1 405.7 450.7 348.4 104.9 353.1 158.0 192.2 0.0 369.0 127.1 414.1 231.6 185.6 376.3 441.7 414.4 371.5
2025.0 396.1 109.2 14.5 146.7 104.7 347.5 306.1 409.0 95.7 88.1 96.1 83.0 169.3 97.6 365.1 140.7 135.0 288.4 204.4 331.2 110.9 412.3 43.5 322.5 298.1 334.7 122.1 416.6 355.0 357.7 128.0 118.8 313.0 140.0 345.4 181.7 277.6 339.9 161.3 99.2 164.8 160.4 347.5 318.8 443.0 403.3 390.5 418.8 342.6 96.3 192.5 322.1 341.9 361.9 255.1 169.1 321.2 52.2 155.7 410.6 359.6 156.2 181.0 177.1 267.9 283.9 282.2 86.1 65.7 127.1 329.9 296.8 312.3 77.5 96.8 347.3 110.6 323.8 7.9 224.7 155.6 186.1 139.4 303.8 219.2 88.1 185.7 447.3 351.4 290.5 155.2 371.0 120.1 377.5 429.4 358.6 174.9 402.4 382.4 386.0 67.5 134.3 121.6 338.8 122.1 143.0 328.1 371.5 332.8 342.3 338.9 390.3 0.0 280.9 106.4 297.6 350.4 68.6 134.0 106.7 119.7
2099.8 154.9 298.4 259.7 253.7 292.3 79.9 53.8 156.7 177.3 277.3 285.3 240.7 349.8 237.3 84.1 329.9 264.2 36.1 270.0 110.8 300.1 160.0 233.8 102.1 199.9 252.9 244.5 135.6 92.1 76.7 317.2 308.0 118.1 244.6 247.2 370.9 352.4 87.6 284.7 300.3 304.5 235.2 99.3 132.2 162.0 122.3 144.5 166.5 147.7 274.8 327.5 41.1 243.7 104.2 97.9 308.8 126.3 241.4 260.3 158.3 261.4 285.4 370.2 324.7 330.0 89.0 29.9 212.3 203.8 316.3 231.7 198.6 214.1 266.7 234.9 66.3 299.8 42.8 241.5 52.4 295.3 375.3 279.1 22.8 312.1 277.3 260.5 206.7 253.2 192.3 344.4 147.8 194.9 96.5 200.6 106.3 249.7 304.2 101.4 144.8 256.7 323.5 310.8 240.6 287.2 332.2 229.9 123.1 234.6 61.3 59.2 138.0 250.5 0.0 295.6 113.1 69.4 257.8 323.2 295.9 253.0
1937.7 425.3 93.4 129.2 98.6 95.2 376.7 335.3 427.1 124.9 110.7 80.3 130.2 153.5 61.3 394.3 124.9 182.2 317.6 240.4 360.4 95.1 441.5 103.3 351.7 327.3 380.3 117.3 445.8 384.2 386.9 112.2 103.0 342.2 161.3 378.1 165.9 342.5 369.1 190.6 160.8 108.4 205.6 376.7 348.0 472.2 432.5 419.7 448.0 371.8 99.7 176.7 351.3 371.1 391.1 284.3 112.7 350.4 96.2 83.2 439.8 388.8 203.4 165.2 161.3 308.2 313.1 311.8 115.3 94.9 111.3 359.1 326.0 341.5 27.2 126.0 376.5 94.8 353.0 150.0 253.9 99.2 170.3 83.0 333.0 203.4 72.3 232.6 467.3 380.6 319.7 139.4 400.2 165.3 406.7 458.6 387.8 220.1 431.6 411.6 415.2 125.4 118.5 105.8 368.0 20.3 127.2 357.3 400.7 362.0 371.5 368.1 419.5 142.1 310.1 0.0 326.8 379.6 191.4 118.2 90.9 77.9
2163.1 214.2 361.7 323.0 317.0 355.6 165.6 124.2 216.0 240.6 340.6 348.6 304.0 413.1 300.6 183.2 393.2 327.5 106.5 342.5 149.3 363.4 217.4 297.1 140.6 263.2 298.0 307.8 234.7 173.1 175.8 380.5 371.3 131.1 315.8 314.0 434.4 415.7 158.0 348.0 363.6 367.8 298.5 169.7 136.9 261.1 221.4 208.6 236.9 160.7 338.1 390.8 140.2 307.0 180.0 161.2 372.1 139.3 304.7 323.6 228.7 324.7 348.7 433.5 385.1 393.3 102.0 100.7 275.6 267.1 379.6 295.0 261.9 277.4 330.0 298.2 165.4 363.1 141.9 304.8 115.7 358.6 438.6 342.4 121.9 375.4 340.6 323.8 256.2 316.5 255.6 407.7 189.1 258.2 195.6 247.5 176.7 313.0 367.5 200.5 204.1 320.0 386.8 374.1 303.9 354.8 395.5 293.2 189.6 297.9 160.4 157.0 208.4 313.8 99.0 358.9 0.0 168.5 321.1 386.5 359.2 316.3
2180.8 163.6 379.4 340.7 334.7 373.3 130.9 116.9 223.3 258.3 358.3 366.3 321.7 430.8 318.3 14.6 410.9 345.2 137.5 351.0 162.8 381.1 135.5 314.8 153.1 280.9 333.9 325.5 122.4 100.8 63.5 398.2 389.0 166.0 325.6 328.2 451.9 433.4 154.2 365.7 381.3 385.5 316.2 81.0 177.5 148.8 109.1 131.3 233.1 163.4 355.8 408.5 69.2 324.7 70.7 178.9 389.8 157.8 322.4 341.3 146.3 342.4 366.4 451.2 405.7 411.0 170.0 110.9 293.3 284.8 397.3 312.7 279.6 295.1 347.7 315.9 53.1 380.8 55.5 322.5 133.4 376.3 456.3 360.1 88.2 393.1 358.3 341.5 215.4 334.2 273.3 425.4 156.5 275.9 83.3 187.4 172.9 330.7 385.2 48.5 153.5 337.7 404.5 391.8 321.6 368.2 413.2 310.9 89.6 315.6 33.7 67.9 198.6 331.5 80.9 376.6 194.1 0.0 338.8 404.2 376.9 334.0
2035.2 365.5 98.2 184.3 135.7 93.7 316.9 275.5 378.4 180.0 77.1 85.1 184.9 158.3 140.8 334.5 129.7 214.0 257.8 205.4 300.6 99.9 381.7 158.4 291.9 267.5 320.5 144.9 386.0 324.4 327.1 117.0 107.8 282.4 216.4 314.8 170.7 287.8 309.3 240.3 42.4 230.6 170.6 321.0 296.5 412.4 372.7 359.9 388.2 312.0 85.3 181.5 291.5 311.3 331.3 224.5 259.7 290.6 16.4 144.7 380.0 329.0 235.2 170.0 166.1 337.3 253.3 251.6 170.4 150.0 116.1 299.3 266.2 281.7 66.5 181.1 316.7 99.6 293.2 82.5 194.1 246.2 175.1 212.5 273.2 208.2 77.1 195.9 417.3 320.8 259.9 144.2 340.4 130.3 346.9 398.8 328.0 185.1 371.8 351.8 355.4 124.4 123.3 110.6 308.2 115.7 132.0 297.5 340.9 302.2 311.7 309.6 359.7 91.5 250.3 95.4 267.0 319.8 0.0 123.0 95.7 108.7
1952.0 440.2 47.7 199.1 168.5 165.1 391.6 350.2 453.1 194.8 180.6 199.8 200.1 35.2 131.2 409.2 110.4 252.1 332.5 280.1 375.3 214.6 456.4 173.2 366.6 342.2 395.2 187.2 460.7 399.1 401.8 231.7 107.3 357.1 231.2 389.5 154.6 370.4 384.0 260.5 218.8 107.5 245.3 395.7 371.2 487.1 447.4 434.6 462.9 386.7 169.6 58.4 366.2 386.0 406.0 299.2 143.2 365.3 135.9 153.1 454.7 403.7 273.3 153.5 144.5 379.6 328.0 326.3 185.2 164.8 115.6 374.0 340.9 356.4 187.5 195.9 391.4 91.9 367.9 219.9 268.8 129.7 174.6 89.4 347.9 85.1 56.7 272.3 492.0 395.5 334.6 143.7 415.1 205.0 421.6 473.5 402.7 259.8 446.5 426.5 430.1 195.3 68.2 110.1 382.9 141.0 55.1 372.2 415.6 376.9 386.4 384.3 434.4 212.0 325.0 160.2 341.7 394.5 152.3 0.0 95.2 147.8
2007.0 391.9 58.0 132.4 170.1 115.7 343.3 301.9 404.8 157.1 99.1 71.3 201.0 128.1 162.8 360.9 100.9 238.4 284.2 231.8 327.0 86.1 408.1 161.5 318.3 293.9 346.9 169.3 412.4 350.8 353.5 103.2 32.3 308.8 231.3 341.2 74.9 314.2 335.7 264.5 146.5 200.4 197.0 347.4 322.9 438.8 399.1 386.3 414.6 338.4 119.7 151.3 317.9 337.7 357.7 250.9 230.9 317.0 87.6 166.7 406.4 355.4 259.6 74.2 137.3 291.8 279.7 278.0 185.3 164.9 20.3 325.7 292.6 308.1 73.1 196.0 343.1 35.8 319.6 108.9 220.5 217.4 79.3 182.3 299.6 178.0 48.3 224.0 443.7 347.2 286.3 48.4 366.8 156.7 373.3 425.2 354.4 211.5 398.2 378.2 381.8 114.7 59.5 14.8 334.6 122.3 80.2 323.9 367.3 328.6 338.1 336.0 386.1 117.9 276.7 102.0 293.4 346.2 104.0 92.8 0.0 143.1
1925.0 371.6 138.0 75.5 26.9 133.5 323.0 281.6 384.5 71.2 116.9 124.9 76.5 198.1 28.5 340.6 169.5 128.5 263.9 220.5 306.7 139.7 387.8 49.6 298.0 273.6 326.6 63.6 392.1 330.5 333.2 156.8 147.6 288.5 107.6 320.9 210.5 270.7 315.4 136.9 70.9 95.7 185.7 327.1 302.6 418.5 378.8 366.0 394.3 318.1 21.7 118.7 297.6 317.4 337.4 230.6 100.0 296.7 129.8 51.5 386.1 335.1 149.7 209.8 115.9 265.7 259.4 257.7 61.6 41.2 155.9 305.4 272.3 287.8 106.3 72.3 322.8 139.4 299.3 96.3 200.2 86.5 214.9 70.3 279.3 103.3 116.9 212.7 423.4 326.9 266.0 184.0 346.5 145.4 353.0 404.9 334.1 200.2 377.9 357.9 361.5 71.7 163.1 150.4 314.3 155.5 171.8 303.6 347.0 308.3 317.8 315.7 365.8 88.4 256.4 135.2 273.1 325.9 113.4 162.8 135.5 0.0
