Name		2154_BED-Amazon_n112_m254_bt30
Number_of_Customers	112
Number_of_Items		254
Number_of_ItemTypes	30
Number_of_Vehicles	1
TimeWindows		0
Dist_type	manual

VEHICLE
Mass_Capacity	1024
CargoSpace_Length	212
CargoSpace_Width	111
CargoSpace_Height	105

CUSTOMERS
i	x	y	Demand	ReadyTime	DueDate	ServiceTime	DemandedMass	DemandedVolume
0	33.688122	-117.847178	0	0	0	0	0	0
1	33.645379	-117.749707	1	0	0	0	3.82	7600
2	33.625775	-117.736938	2	0	0	0	7.2	5358
3	33.64784	-117.750863	5	0	0	0	11.89	22759
4	33.616814	-117.738633	1	0	0	0	3.82	8580
5	33.622276	-117.741026	1	0	0	0	0.7	2640
6	33.6167	-117.739636	3	0	0	0	10.5	10258
7	33.615489	-117.747385	1	0	0	0	14.15	1000
8	33.646467	-117.74965	5	0	0	0	41.16	24724
9	33.619917	-117.745364	1	0	0	0	2.11	11745
10	33.627068	-117.736957	1	0	0	0	2.5	3978
11	33.64731	-117.748877	1	0	0	0	1.9	1176
12	33.628394	-117.736491	1	0	0	0	1.9	1176
13	33.628782	-117.740203	1	0	0	0	4.7	1380
14	33.622376	-117.743543	1	0	0	0	0.7	2640
15	33.645739	-117.748968	4	0	0	0	14.75	10458
16	33.629551	-117.736652	2	0	0	0	8.52	8980
17	33.645586	-117.750153	1	0	0	0	0.7	2640
18	33.61909	-117.74723	1	0	0	0	4.7	1380
19	33.618352	-117.74166	1	0	0	0	4.7	1380
20	33.618044	-117.741665	1	0	0	0	4.7	1380
21	33.626646	-117.740837	4	0	0	0	9.65	12606
22	33.622816	-117.735914	2	0	0	0	5.57	12208
23	33.618855	-117.7474	1	0	0	0	5.29	8075
24	33.619033	-117.745698	1	0	0	0	2.15	1080
25	33.628994	-117.737775	1	0	0	0	2.94	14904
26	33.620346	-117.741262	1	0	0	0	3.01	5544
27	33.624184	-117.738897	2	0	0	0	6.45	5988
28	33.622108	-117.737445	4	0	0	0	11.05	25315
29	33.622174	-117.738364	4	0	0	0	16.71	14802
30	33.64451	-117.750493	1	0	0	0	4.7	1380
31	33.625081	-117.739209	2	0	0	0	9.99	9455
32	33.629604	-117.737415	1	0	0	0	4.7	1380
33	33.626995	-117.741934	1	0	0	0	4.7	1380
34	33.615383	-117.745628	1	0	0	0	4.7	1380
35	33.617002	-117.744851	1	0	0	0	0.7	2640
36	33.62658	-117.736858	2	0	0	0	5.99	10715
37	33.645712	-117.748998	1	0	0	0	0.7	2640
38	33.625982	-117.740714	2	0	0	0	8.62	13800
39	33.618713	-117.740013	2	0	0	0	6.6	2556
40	33.623584	-117.743057	2	0	0	0	5.4	4020
41	33.642889	-117.750568	7	0	0	0	35.11	48300
42	33.623839	-117.741904	3	0	0	0	13.75	9628
43	33.622155	-117.736808	2	0	0	0	12.33	18228
44	33.623298	-117.737888	2	0	0	0	6.6	2556
45	33.629171	-117.739441	4	0	0	0	24.48	22346
46	33.626445	-117.7396	2	0	0	0	2.6	3816
47	33.615519	-117.744413	1	0	0	0	1.59	3400
48	33.648058	-117.75165	1	0	0	0	4.7	1380
49	33.624749	-117.737047	3	0	0	0	16.1	10136
50	33.644205	-117.747314	3	0	0	0	10.87	37036
51	33.647156	-117.75044	5	0	0	0	14.34	17879
52	33.64475	-117.746595	2	0	0	0	12.0	5020
53	33.627072	-117.738038	2	0	0	0	14.44	10872
54	33.644886	-117.751868	1	0	0	0	9.4	2760
55	33.625104	-117.741322	1	0	0	0	4.7	1380
56	33.64556	-117.750945	2	0	0	0	6.71	9378
57	33.623379	-117.7385	1	0	0	0	4.7	1380
58	33.645133	-117.746515	1	0	0	0	2.94	14904
59	33.646169	-117.744432	8	0	0	0	42.9	40300
60	33.615514	-117.748758	3	0	0	0	6.2	7674
61	33.645877	-117.749166	2	0	0	0	8.0	6280
62	33.62926	-117.740532	1	0	0	0	4.7	1380
63	33.626419	-117.74185	1	0	0	0	1.9	1176
64	33.622193	-117.735609	1	0	0	0	0.7	2640
65	33.647859	-117.751754	3	0	0	0	8.41	9564
66	33.625234	-117.742359	4	0	0	0	17.77	32855
67	33.627035	-117.737492	1	0	0	0	0.7	2640
68	33.621246	-117.739471	1	0	0	0	4.7	1380
69	33.647436	-117.749653	2	0	0	0	7.71	6924
70	33.644525	-117.750475	6	0	0	0	26.23	36273
71	33.6233	-117.737341	1	0	0	0	5.29	8075
72	33.623154	-117.743464	1	0	0	0	1.75	4608
73	33.619281	-117.740033	1	0	0	0	2.6	10400
74	33.62463	-117.738457	1	0	0	0	4.7	1380
75	33.619012	-117.740853	1	0	0	0	7.3	3640
76	33.620346	-117.742523	1	0	0	0	9.4	2760
77	33.645562	-117.752384	2	0	0	0	20.05	20050
78	33.646224	-117.752123	3	0	0	0	20.65	14948
79	33.625837	-117.739688	1	0	0	0	4.7	1380
80	33.625908	-117.740247	1	0	0	0	4.7	1380
81	33.616126	-117.747152	2	0	0	0	5.4	4020
82	33.62162	-117.744697	1	0	0	0	1.75	4608
83	33.625932	-117.737708	1	0	0	0	7.3	3640
84	33.623235	-117.739696	3	0	0	0	7.3	5196
85	33.617969	-117.739383	1	0	0	0	2.15	1080
86	33.644248	-117.746923	1	0	0	0	14.6	7280
87	33.622117	-117.742909	1	0	0	0	1.8	2520
88	33.646276	-117.747242	4	0	0	0	15.2	13194
89	33.616441	-117.740746	2	0	0	0	5.4	4020
90	33.642806	-117.749579	1	0	0	0	2.5	3978
91	33.616812	-117.747613	2	0	0	0	5.5	8840
92	33.618302	-117.742828	3	0	0	0	7.3	5196
93	33.629282	-117.73474	1	0	0	0	3.82	7600
94	33.614557	-117.742733	1	0	0	0	0.7	2640
95	33.644555	-117.745807	2	0	0	0	3.7	3696
96	33.619212	-117.741771	2	0	0	0	6.6	2556
97	33.617545	-117.744028	1	0	0	0	9.4	2760
98	33.64539	-117.747391	2	0	0	0	8.3	13619
99	33.625587	-117.742537	1	0	0	0	4.7	1380
100	33.623194	-117.736747	1	0	0	0	1.9	1176
101	33.646726	-117.749618	1	0	0	0	7.6	4704
102	33.623468	-117.739069	2	0	0	0	12.0	13160
103	33.629142	-117.738485	2	0	0	0	4.75	11480
104	33.645482	-117.747937	4	0	0	0	11.7	10350
105	33.629889	-117.737794	1	0	0	0	1.9	1176
106	33.645593	-117.746869	2	0	0	0	6.85	2460
107	33.617894	-117.73815	2	0	0	0	8.33	19488
108	33.626587	-117.738179	2	0	0	0	2.45	7248
109	33.645125	-117.750555	5	0	0	0	30.21	24708
110	33.6222	-117.744903	1	0	0	0	2.5	3978
111	33.618731	-117.738785	1	0	0	0	5.29	8075
112	33.619197	-117.742734	1	0	0	0	0.7	2640

ITEMS
Type	Length	Width	Height	Mass	Fragility	LoadBearingStrength
Bt1	10	10	10	14.15	1	0
Bt2	18	12	5	2.15	1	0
Bt3	21	14	4	1.9	1	0
Bt4	23	15	4	4.7	1	0
Bt5	20	18	7	1.8	1	0
Bt6	15	11	16	0.7	1	0
Bt7	34	10	10	1.59	1	0
Bt8	20	14	13	7.3	1	0
Bt9	17	13	18	2.5	1	0
Bt10	24	12	16	1.75	1	0
Bt11	40	15	9	4.21	1	0
Bt12	28	22	9	3.01	1	0
Bt13	29	16	13	2.1	1	0
Bt14	30	17	12	2.26	1	0
Bt15	31	20	10	4.8	1	0
Bt16	29	19	13	1.99	1	0
Bt17	40	19	10	3.82	1	0
Bt18	25	19	17	5.29	1	0
Bt19	39	26	8	5.04	1	0
Bt20	22	15	26	3.816	1	0
Bt21	29	25	13	1.77	1	0
Bt22	50	20	10	4.73	1	0
Bt23	40	20	13	2.6	1	0
Bt24	29	27	15	2.11	1	0
Bt25	26	20	26	2.91	1	0
Bt26	27	23	24	2.94	1	0
Bt27	39	27	16	7.63	1	0
Bt28	35	26	19	10.65	1	0
Bt29	37	26	18	3.16	1	0
Bt30	47	33	13	9.57	1	0

DEMANDS PER CUSTOMER
i	Type Quantity
1	Bt17 1	
2	Bt9 1	Bt4 1	
3	Bt4 1	Bt6 1	Bt3 1	Bt16 1	Bt23 1	
4	Bt20 1	
5	Bt6 1	
6	Bt6 1	Bt9 1	Bt8 1	
7	Bt1 1	
8	Bt12 1	Bt4 3	Bt1 1	Bt23 1	Bt8 1	
9	Bt24 1	
10	Bt9 1	
11	Bt3 1	
12	Bt3 1	
13	Bt4 1	
14	Bt6 1	
15	Bt4 2	Bt9 1	Bt6 1	Bt2 1	
16	Bt17 1	Bt4 1	
17	Bt6 1	
18	Bt4 1	
19	Bt4 1	
20	Bt4 1	
21	Bt10 1	Bt4 1	Bt6 1	Bt9 1	
22	Bt17 1	Bt10 1	
23	Bt18 1	
24	Bt2 1	
25	Bt26 1	
26	Bt12 1	
27	Bt10 1	Bt4 1	
28	Bt6 1	Bt2 1	Bt18 1	Bt25 1	
29	Bt12 1	Bt4 2	Bt9 1	Bt5 1	
30	Bt4 1	
31	Bt18 1	Bt4 1	
32	Bt4 1	
33	Bt4 1	
34	Bt4 1	
35	Bt6 1	
36	Bt18 1	Bt6 1	
37	Bt6 1	
38	Bt15 1	Bt17 1	
39	Bt4 1	Bt3 1	
40	Bt6 1	Bt4 1	
41	Bt3 2	Bt21 1	Bt6 2	Bt4 4	Bt24 1	Bt22 1	Bt9 1	
42	Bt10 1	Bt4 1	Bt8 1	
43	Bt27 1	Bt4 1	
44	Bt3 1	Bt4 1	
45	Bt3 1	Bt8 1	Bt4 1	Bt18 2	
46	Bt3 1	Bt6 1	
47	Bt7 1	
48	Bt4 1	
49	Bt15 1	Bt4 2	Bt3 1	
50	Bt25 1	Bt29 1	Bt15 1	
51	Bt18 1	Bt10 1	Bt4 1	Bt6 1	Bt3 1	
52	Bt4 1	Bt8 1	
53	Bt19 1	Bt4 2	
54	Bt4 2	
55	Bt4 1	
56	Bt11 1	Bt9 1	
57	Bt4 1	
58	Bt26 1	
59	Bt3 2	Bt6 3	Bt10 1	Bt8 2	Bt4 3	Bt2 1	Bt5 1	Bt23 1	
60	Bt9 1	Bt3 1	Bt5 1	
61	Bt8 1	Bt6 1	
62	Bt4 1	
63	Bt3 1	
64	Bt6 1	
65	Bt12 1	Bt6 1	Bt4 1	
66	Bt6 2	Bt30 1	Bt13 1	Bt4 1	
67	Bt6 1	
68	Bt4 1	
69	Bt4 1	Bt12 1	
70	Bt17 1	Bt20 1	Bt9 1	Bt4 2	Bt6 2	Bt18 1	
71	Bt18 1	
72	Bt10 1	
73	Bt23 1	
74	Bt4 1	
75	Bt8 1	
76	Bt4 2	
77	Bt4 2	Bt28 1	
78	Bt4 3	Bt15 1	Bt10 1	
79	Bt4 1	
80	Bt4 1	
81	Bt4 1	Bt6 1	
82	Bt10 1	
83	Bt8 1	
84	Bt3 1	Bt4 1	Bt6 1	
85	Bt2 1	
86	Bt8 2	
87	Bt5 1	
88	Bt9 1	Bt4 2	Bt6 2	Bt3 1	
89	Bt6 1	Bt4 1	
90	Bt9 1	
91	Bt15 1	Bt6 1	
92	Bt6 1	Bt4 1	Bt3 1	
93	Bt17 1	
94	Bt6 1	
95	Bt5 1	Bt3 1	
96	Bt4 1	Bt3 1	
97	Bt4 2	
98	Bt18 1	Bt12 1	
99	Bt4 1	
100	Bt3 1	
101	Bt3 4	
102	Bt23 1	Bt4 2	
103	Bt23 1	Bt2 1	
104	Bt3 2	Bt4 1	Bt9 1	Bt6 1	
105	Bt3 1	
106	Bt4 1	Bt2 1	
107	Bt6 1	Bt27 1	
108	Bt10 1	Bt6 1	
109	Bt4 3	Bt14 1	Bt8 1	Bt15 1	Bt10 1	
110	Bt9 1	
111	Bt18 1	
112	Bt6 1	

DISTANCE MATRIX
0.0 957.0 1164.1 1094.9 1394.1 1332.3 1395.5 1445.3 1024.5 1289.7 1163.6 1138.7 1177.9 1121.8 1275.2 1001.9 1149.8 1021.6 1356.6 1378.5 1364.6 1243.6 1309.7 1351.5 1293.7 1154.8 1339.2 1209.3 1312.8 1263.3 995.9 1236.8 1137.6 1174.3 1404.4 1353.6 1175.6 976.0 1254.1 1355.2 1234.5 1058.2 1204.3 1279.8 1228.5 1086.7 1267.1 1427.5 1070.6 1212.1 953.5 1021.1 1028.7 1140.5 1052.8 1270.5 1028.3 1220.3 993.5 1016.6 1432.5 991.3 1129.8 1207.4 1329.9 1048.5 1193.7 1151.6 1323.1 1051.4 995.6 1244.0 1273.9 1373.6 1189.7 1328.0 1340.6 1050.8 1035.3 1282.0 1267.3 1479.5 1269.2 1146.5 1197.4 1442.9 1021.9 1229.5 1197.5 1365.2 985.5 1368.9 1348.7 1096.7 1324.7 1013.4 1343.7 1378.6 1030.6 1189.9 1260.2 1053.8 1211.6 1131.1 1049.5 1142.8 1011.3 1389.3 1140.3 1051.8 1304.9 1332.5 1357.2
1089.8 0.0 551.6 137.8 785.0 719.8 783.0 836.2 103.7 677.2 551.1 181.6 565.4 509.3 662.7 228.4 537.3 64.5 744.1 766.0 752.1 631.1 697.2 739.0 681.2 542.3 726.7 596.8 700.3 650.8 105.0 624.3 525.1 561.8 795.3 741.1 563.1 173.9 641.6 746.1 622.0 215.1 591.8 667.3 616.0 474.2 654.6 818.4 113.5 599.6 123.9 64.0 270.5 528.0 148.6 658.0 71.2 607.8 215.2 346.9 775.6 90.9 517.3 594.9 717.4 91.4 581.2 539.1 710.6 109.5 104.7 631.5 661.4 764.5 577.2 715.5 728.1 93.7 78.2 669.5 654.8 870.4 656.7 534.0 584.9 833.8 263.7 617.0 240.4 752.7 152.1 756.4 736.2 487.6 712.2 255.2 731.2 766.1 232.3 577.4 647.7 135.0 599.1 518.6 258.4 530.3 197.4 780.2 527.8 94.7 692.4 723.4 744.7
1115.3 480.2 0.0 561.2 304.4 262.4 325.6 348.9 562.0 219.8 114.1 661.9 188.9 152.8 205.3 525.1 177.4 614.7 286.7 308.6 294.7 230.1 145.5 281.6 223.8 165.8 269.3 118.5 177.8 148.0 529.3 166.0 165.2 160.8 317.0 283.7 106.5 499.2 190.3 265.5 164.6 538.9 138.1 135.9 113.2 97.7 249.5 316.8 593.8 58.6 459.9 587.1 521.1 81.0 533.5 200.6 551.5 131.2 516.7 512.1 308.9 536.6 160.8 193.9 165.7 600.0 160.9 102.1 253.2 574.6 529.7 100.1 204.0 283.9 98.9 258.1 291.7 560.2 566.0 217.0 203.5 383.1 199.3 17.6 127.5 353.1 545.1 159.6 720.7 295.3 466.2 299.0 276.1 178.1 254.8 536.6 273.8 308.7 553.8 171.3 96.0 577.0 137.7 168.6 544.3 170.4 544.1 299.6 82.8 567.0 235.0 242.8 287.3
1130.7 119.6 628.3 0.0 825.9 796.5 859.7 877.1 127.8 753.9 627.8 103.5 642.1 586.0 739.4 147.4 614.0 105.4 820.8 842.7 828.8 707.8 773.9 815.7 757.9 619.0 803.4 673.5 777.0 727.5 140.5 700.1 601.8 638.5 836.2 817.8 639.8 92.9 718.3 787.0 698.7 251.4 672.2 744.0 692.7 550.9 727.2 850.9 35.4 676.3 165.3 103.2 189.5 594.7 153.9 734.7 130.1 684.5 134.2 387.8 843.0 129.6 594.0 671.6 794.1 41.6 657.9 615.8 787.3 81.3 140.2 708.2 738.1 805.4 653.9 792.2 804.8 173.3 144.6 746.2 731.5 911.3 733.4 610.7 661.6 874.7 182.7 693.7 162.3 829.4 213.6 833.1 810.2 528.5 788.9 174.2 804.1 842.8 151.3 654.1 724.4 123.1 668.9 621.8 157.7 607.0 106.8 821.1 616.1 145.6 769.1 764.3 821.4
1330.9 676.7 289.8 814.6 0.0 213.3 145.9 292.0 744.2 213.0 329.7 858.4 404.5 368.4 265.9 721.6 393.0 830.3 279.9 162.6 148.7 362.0 385.7 274.8 217.0 381.4 170.5 284.9 383.3 333.8 744.9 295.7 380.8 327.5 251.1 276.9 322.1 695.7 319.1 88.1 293.4 754.5 263.2 350.3 299.0 313.3 404.1 274.2 790.3 320.2 709.7 740.8 748.4 306.6 749.1 329.4 748.0 290.8 713.2 706.1 279.2 711.0 376.4 325.8 405.9 768.2 289.7 317.7 262.6 771.1 745.3 314.5 332.8 106.5 297.8 112.4 151.2 770.5 755.0 345.8 332.3 326.2 214.9 272.2 267.9 126.2 741.6 194.7 917.2 115.6 681.8 292.2 138.2 393.7 206.0 733.1 148.6 293.1 750.3 300.1 336.2 773.5 282.1 357.7 769.2 386.0 731.0 82.2 286.8 771.5 250.6 52.9 149.2
1195.6 560.5 154.5 698.4 280.8 0.0 302.0 325.3 628.0 196.2 194.4 742.2 269.2 233.1 233.1 605.4 257.7 695.0 263.1 285.0 271.1 226.7 250.4 258.0 200.2 246.1 245.7 149.6 248.0 198.5 609.6 160.4 245.5 192.2 293.4 260.1 186.8 579.5 183.8 241.9 158.1 619.2 127.9 215.0 163.7 178.0 268.8 293.2 674.1 184.9 574.4 624.6 632.2 171.3 613.8 194.1 631.8 155.5 597.0 592.4 294.6 594.8 241.1 190.5 270.6 652.0 154.4 182.4 99.1 654.9 610.0 179.2 197.5 260.3 162.5 234.5 247.1 654.3 638.8 210.5 197.0 359.5 182.1 136.9 132.6 329.5 625.4 161.9 801.0 271.7 546.5 275.4 255.2 258.4 231.2 616.9 250.2 285.1 634.1 164.8 200.9 657.3 146.8 222.4 653.0 250.7 614.8 276.0 151.5 655.3 217.8 219.2 263.7
1362.6 727.5 321.5 808.5 124.5 245.0 0.0 292.4 809.3 214.1 361.4 909.2 436.2 400.1 297.6 772.4 424.7 862.0 281.0 219.2 205.3 393.7 417.4 275.9 218.1 413.1 178.3 316.6 415.0 365.5 776.6 326.5 412.5 359.2 251.5 278.0 353.8 746.5 350.8 155.2 325.1 786.2 294.9 382.0 330.7 345.0 435.8 274.6 841.1 351.9 707.2 834.4 768.4 328.3 780.8 361.1 798.8 322.5 764.0 759.4 288.9 761.8 408.1 357.5 437.6 847.3 321.4 349.4 294.3 821.9 777.0 346.2 364.5 173.6 329.5 168.7 155.5 807.5 813.3 377.5 364.0 326.6 246.6 303.9 299.6 136.7 792.4 226.4 968.0 53.3 713.5 293.3 118.8 425.4 189.3 768.4 184.4 303.0 801.1 331.8 367.9 824.3 306.9 389.4 791.6 417.7 781.8 149.3 330.1 814.3 282.3 120.0 132.5
1388.5 738.4 347.4 876.3 335.2 270.9 320.3 0.0 805.9 147.7 387.3 920.1 462.1 426.0 323.5 783.3 450.6 887.9 113.0 339.4 325.5 419.6 443.3 107.9 115.0 439.0 300.1 342.5 440.9 391.4 802.5 353.3 438.4 385.1 78.5 115.5 379.7 757.4 376.7 296.3 351.0 812.1 320.8 407.9 356.6 370.9 461.7 101.6 852.0 377.8 767.3 802.5 810.1 364.2 806.7 387.0 809.7 348.4 774.9 767.8 20.6 772.7 434.0 383.4 463.5 829.9 347.3 375.3 320.2 832.8 802.9 372.1 390.4 314.7 355.4 288.9 286.5 832.2 816.7 403.4 389.9 34.1 272.5 329.8 325.5 347.8 803.3 252.3 978.9 290.0 739.4 126.9 273.5 451.3 133.9 794.8 304.6 120.5 812.0 357.7 393.8 835.2 339.7 415.3 830.9 443.6 792.7 330.4 344.4 833.2 308.2 273.6 284.5
1106.7 83.0 568.5 120.5 801.9 736.7 799.9 853.1 0.0 694.1 568.0 221.2 582.3 526.2 679.6 77.2 554.2 119.9 761.0 782.9 769.0 648.0 714.1 755.9 698.1 559.2 743.6 613.7 717.2 667.7 103.9 640.3 542.0 578.7 812.2 758.0 580.0 75.6 658.5 763.0 638.9 214.8 608.7 684.2 632.9 491.1 667.4 835.3 153.1 616.5 196.3 25.0 220.5 544.9 202.1 674.9 126.6 624.7 165.2 363.8 783.2 32.4 534.2 611.8 734.3 159.3 598.1 556.0 727.5 199.0 103.6 648.4 678.3 781.4 594.1 732.4 745.0 228.7 141.1 686.4 671.7 887.3 673.6 550.9 601.8 850.7 213.7 633.9 280.0 769.6 169.0 773.3 750.4 504.5 729.1 205.2 744.3 783.0 182.3 594.3 664.6 62.2 609.1 562.0 130.3 547.2 137.8 797.1 544.7 142.1 709.3 740.3 761.6
1279.4 644.3 238.3 782.2 226.1 161.8 211.2 147.7 711.8 0.0 278.2 826.0 353.0 316.9 214.4 689.2 341.5 778.8 85.5 230.3 216.4 310.5 334.2 80.4 22.6 329.9 191.0 233.4 331.8 282.3 693.4 244.2 329.3 276.0 121.7 82.5 270.6 663.3 267.6 187.2 241.9 703.0 211.7 298.8 247.5 261.8 352.6 115.6 757.9 268.7 658.2 708.4 716.0 255.1 697.6 277.9 715.6 239.3 680.8 676.2 117.0 678.6 324.9 274.3 354.4 735.8 238.2 266.2 211.1 738.7 693.8 263.0 281.3 205.6 246.3 179.8 177.4 738.1 722.6 294.3 280.8 181.9 163.4 220.7 216.4 238.7 709.2 143.2 884.8 180.9 630.3 97.8 164.4 342.2 140.4 700.7 195.5 107.5 717.9 248.6 284.7 741.1 230.6 306.2 736.8 334.5 698.6 221.3 235.3 739.1 199.1 164.5 175.4
1113.6 478.5 132.9 616.4 343.1 301.1 364.3 387.6 546.0 258.5 0.0 660.2 187.2 151.1 244.0 523.4 175.7 613.0 325.4 347.3 333.4 228.4 278.5 320.3 262.5 164.1 308.0 178.1 281.6 232.1 527.6 205.6 163.5 159.1 355.7 322.4 29.6 497.5 229.0 304.2 203.3 537.2 173.1 248.6 197.3 96.0 251.9 355.5 592.1 180.9 492.4 542.6 550.2 21.8 531.8 239.3 549.8 189.1 515.0 510.4 356.9 512.8 159.1 192.2 298.7 570.0 178.5 11.2 291.9 572.9 528.0 212.8 242.7 322.6 158.5 296.8 309.4 572.3 556.8 255.7 242.2 421.8 238.0 115.3 166.2 391.8 543.4 198.3 719.0 334.0 464.5 337.7 317.5 176.4 293.5 534.9 312.5 347.4 552.1 174.7 229.0 575.3 180.4 140.4 571.0 168.7 532.8 338.3 59.3 573.3 273.7 281.5 326.0
1130.1 106.4 591.9 45.1 825.3 760.1 823.3 876.5 127.5 717.5 591.4 0.0 605.7 549.6 703.0 134.2 577.6 164.1 784.4 806.3 792.4 671.4 737.5 779.3 721.5 582.6 767.0 637.1 740.6 691.1 127.3 664.6 565.4 602.1 835.6 781.4 603.4 79.7 681.9 786.4 662.3 238.2 632.1 707.6 656.3 514.5 694.9 858.7 94.1 639.9 192.6 85.5 176.3 568.3 212.6 698.3 177.7 648.1 121.0 387.2 815.9 94.3 557.6 635.2 757.7 72.0 621.5 579.4 750.9 30.0 127.0 671.8 701.7 804.8 617.5 755.8 768.4 200.2 184.7 709.8 695.1 910.7 697.0 574.3 625.2 874.1 169.5 657.3 57.7 793.0 220.8 796.7 776.5 527.9 752.5 146.3 771.5 806.4 138.1 617.7 688.0 156.8 639.4 558.9 164.2 570.6 103.2 820.5 568.1 201.2 732.7 763.7 785.0
1144.2 509.1 224.0 647.0 434.2 392.2 455.4 478.7 576.6 349.6 223.5 690.8 0.0 163.7 335.1 554.0 63.7 643.6 416.5 438.4 424.5 303.5 369.6 411.4 353.6 74.9 399.1 269.2 372.7 323.2 558.2 296.7 102.2 234.2 446.8 413.5 235.5 528.1 314.0 395.3 294.4 567.8 264.2 339.7 288.4 103.1 327.0 446.6 622.7 272.0 523.0 573.2 580.8 200.4 562.4 330.4 580.4 280.2 545.6 541.0 448.0 543.4 171.7 267.3 389.8 600.6 253.6 211.5 383.0 603.5 558.6 303.9 333.8 413.7 249.6 387.9 400.5 602.9 587.4 341.9 327.2 512.9 329.1 206.4 257.3 482.9 574.0 289.4 749.6 425.1 495.1 428.8 408.6 207.0 384.6 565.5 403.6 438.5 582.7 249.8 320.1 605.9 271.5 92.4 601.6 106.0 563.4 429.4 200.2 603.9 364.8 372.6 417.1
1087.5 452.4 147.3 590.3 357.5 315.5 378.7 402.0 519.9 272.9 146.8 634.1 143.1 0.0 258.4 497.3 149.6 586.9 339.8 361.7 347.8 226.8 292.9 334.7 276.9 120.0 322.4 192.5 296.0 246.5 501.5 220.0 137.4 157.5 370.1 336.8 158.8 471.4 237.3 318.6 217.7 511.1 187.5 263.0 211.7 51.9 250.3 369.9 566.0 195.3 466.3 516.5 524.1 123.7 505.7 253.7 523.7 203.5 488.9 484.3 371.3 486.7 91.4 190.6 313.1 543.9 176.9 134.8 306.3 546.8 501.9 227.2 257.1 337.0 172.9 311.2 323.8 546.2 530.7 265.2 250.5 436.2 252.4 129.7 180.6 406.2 517.3 212.7 692.9 348.4 438.4 352.1 331.9 150.3 307.9 508.8 326.9 361.8 526.0 173.1 243.4 549.2 194.8 96.3 544.9 142.6 506.7 352.7 123.5 547.2 288.1 295.9 340.4
1293.2 658.1 252.1 796.0 255.9 175.6 277.1 300.4 725.6 171.3 292.0 839.8 366.8 330.7 0.0 703.0 355.3 792.6 238.2 260.1 246.2 324.3 348.0 233.1 175.3 343.7 220.8 247.2 345.6 296.1 707.2 258.0 343.1 289.8 268.5 235.2 284.4 677.1 281.4 217.0 255.7 716.8 225.5 312.6 261.3 275.6 366.4 268.3 771.7 282.5 672.0 722.2 729.8 268.9 711.4 291.7 729.4 253.1 694.6 690.0 269.7 692.4 338.7 288.1 368.2 749.6 252.0 280.0 210.7 752.5 707.6 276.8 295.1 235.4 260.1 209.6 222.2 751.9 736.4 308.1 294.6 334.6 92.2 234.5 230.2 304.6 723.0 52.5 898.6 246.8 644.1 250.5 230.3 356.0 206.3 714.5 225.3 260.2 731.7 262.4 298.5 754.9 244.4 320.0 750.6 348.3 712.4 251.1 249.1 752.9 41.9 194.3 238.8
1054.6 30.9 512.7 157.4 749.8 684.6 744.1 801.0 63.0 642.0 515.9 205.5 530.2 474.1 627.5 0.0 514.2 95.5 708.9 730.8 716.9 608.0 674.1 703.8 646.0 507.1 691.5 557.9 677.2 611.9 51.8 585.8 489.9 526.6 760.1 705.9 524.6 4.2 608.5 707.2 583.5 159.0 556.6 644.2 577.1 451.1 616.1 783.2 137.4 576.5 113.2 150.5 142.8 494.9 209.1 622.8 161.3 572.6 87.9 323.8 743.2 15.5 482.1 559.7 682.2 199.1 546.0 503.9 675.4 73.3 47.8 596.3 626.2 729.3 542.0 680.3 689.6 147.5 175.8 634.3 619.6 835.2 621.5 498.8 546.0 798.6 130.6 581.8 258.9 713.8 113.6 717.5 710.4 452.4 677.0 127.5 692.7 743.0 99.2 542.2 612.5 140.4 560.2 480.1 65.7 495.1 69.7 741.3 489.3 176.8 657.2 688.2 709.5
1104.4 469.3 200.8 550.3 411.0 369.0 432.2 455.5 551.1 326.4 200.3 651.0 62.4 158.5 311.9 514.2 0.0 603.8 393.3 415.2 401.3 280.3 346.4 388.2 330.4 90.1 375.9 246.0 349.5 300.0 518.4 272.6 38.4 211.0 423.6 390.3 212.3 488.3 290.8 372.1 271.2 528.0 241.0 316.5 265.2 118.3 299.7 423.4 582.9 248.8 449.0 576.2 541.0 177.2 522.6 307.2 540.6 257.0 505.8 501.2 415.5 525.7 166.5 244.1 366.6 589.1 230.4 188.3 359.8 563.7 518.8 280.7 310.6 390.5 226.4 364.7 377.3 563.1 555.1 318.7 304.0 489.7 305.9 183.2 234.1 459.7 534.2 266.2 709.8 401.9 455.3 405.6 382.7 167.2 361.4 525.7 376.6 415.3 542.9 226.6 296.9 566.1 248.3 107.6 533.4 42.2 523.6 406.2 177.0 556.1 341.6 349.4 393.9
1025.2 47.1 487.0 211.9 720.4 655.2 718.4 771.6 96.6 612.6 486.5 255.7 500.8 444.7 598.1 92.5 472.7 0.0 679.5 701.4 687.5 566.5 632.6 674.4 616.6 477.7 662.1 532.2 635.7 586.2 40.4 559.7 460.5 497.2 730.7 676.5 498.5 48.1 577.0 681.5 557.4 150.5 527.2 602.7 551.4 409.6 590.0 753.8 187.6 535.0 59.3 197.1 161.5 463.4 138.6 593.4 244.5 543.2 126.3 282.3 711.0 63.4 452.7 530.3 652.8 165.5 516.6 474.5 646.0 123.5 40.1 566.9 596.8 699.9 512.6 650.9 663.5 267.0 251.5 604.9 590.2 805.8 592.1 469.4 520.3 769.2 154.7 552.4 314.5 688.1 87.5 691.8 671.6 423.0 647.6 146.2 666.6 701.5 163.4 512.8 583.1 125.9 534.5 454.0 122.5 465.7 119.9 715.6 463.2 268.0 627.8 658.8 680.1
1346.3 711.2 305.2 849.1 293.0 228.7 278.1 113.0 778.7 105.5 345.1 892.9 419.9 383.8 281.3 756.1 408.4 845.7 0.0 297.2 283.3 377.4 401.1 5.1 72.8 396.8 257.9 300.3 398.7 349.2 760.3 311.1 396.2 342.9 138.1 104.4 337.5 730.2 334.5 254.1 308.8 769.9 278.6 365.7 314.4 328.7 419.5 137.5 824.8 335.6 725.1 775.3 782.9 322.0 764.5 344.8 782.5 306.2 747.7 743.1 82.3 745.5 391.8 341.2 421.3 802.7 305.1 333.1 278.0 805.6 760.7 329.9 348.2 272.5 313.2 246.7 244.3 805.0 789.5 361.2 347.7 147.2 230.3 287.6 283.3 305.6 776.1 210.1 951.7 247.8 697.2 84.7 231.3 409.1 193.5 767.6 262.4 129.4 784.8 315.5 351.6 808.0 297.5 373.1 803.7 401.4 765.5 288.2 302.2 806.0 266.0 231.4 242.3
1351.5 716.4 310.4 854.3 169.0 233.9 237.5 354.0 783.9 233.6 350.3 898.1 425.1 389.0 286.5 761.3 413.6 850.9 300.5 0.0 8.8 382.6 406.3 295.4 237.6 402.0 138.1 305.5 403.9 354.4 765.5 316.3 401.4 348.1 313.1 297.5 342.7 735.4 339.7 80.8 314.0 775.1 283.8 370.9 319.6 333.9 424.7 330.6 830.0 340.8 730.3 780.5 788.1 327.2 769.7 350.0 787.7 311.4 752.9 748.3 332.0 750.7 397.0 346.4 426.5 807.9 310.3 338.3 283.2 810.8 765.9 335.1 353.4 108.7 318.4 68.2 139.5 810.2 794.7 366.4 352.9 388.2 235.5 292.8 288.5 217.8 781.3 215.3 956.9 207.2 702.4 312.8 172.5 414.3 257.7 772.8 104.4 322.5 790.0 320.7 356.8 813.2 302.7 378.3 808.9 406.6 770.7 164.2 307.4 811.2 271.2 107.4 156.1
1329.8 694.7 288.7 832.6 147.3 212.2 215.8 332.3 762.2 211.9 328.6 876.4 403.4 367.3 264.8 739.6 391.9 829.2 278.8 8.8 0.0 360.9 384.6 273.7 215.9 380.3 116.4 283.8 382.2 332.7 743.8 294.6 379.7 326.4 291.4 275.8 321.0 713.7 318.0 59.1 292.3 753.4 262.1 349.2 297.9 312.2 403.0 308.9 808.3 319.1 708.6 758.8 766.4 305.5 748.0 328.3 766.0 289.7 731.2 726.6 310.3 729.0 375.3 324.7 404.8 786.2 288.6 316.6 261.5 789.1 744.2 313.4 331.7 87.0 296.7 46.5 117.8 788.5 773.0 344.7 331.2 366.5 213.8 271.1 266.8 196.1 759.6 193.6 935.2 185.5 680.7 291.1 150.8 392.6 236.0 751.1 82.7 300.8 768.3 299.0 335.1 791.5 281.0 356.6 787.2 384.9 749.0 142.5 285.7 789.5 249.5 85.7 134.4
1204.8 569.7 220.1 650.7 366.6 324.6 387.8 411.1 651.5 282.0 219.6 751.4 278.4 242.3 267.5 614.6 266.9 704.2 348.9 370.8 356.9 0.0 339.1 343.8 286.0 255.3 331.5 238.3 336.7 287.2 618.8 192.5 254.7 104.9 379.2 345.9 231.6 588.7 169.9 327.7 164.9 628.4 163.7 303.7 252.4 187.2 42.0 379.0 683.3 268.1 549.4 676.6 641.4 194.7 623.0 226.2 641.0 244.2 606.2 601.6 371.1 626.1 250.3 36.1 359.3 689.5 109.5 207.6 315.4 664.1 619.2 267.9 207.6 346.1 245.7 320.3 353.9 649.7 655.5 197.8 183.1 445.3 261.5 202.5 221.3 415.3 634.6 221.8 810.2 357.5 555.7 361.2 338.3 267.6 317.0 626.1 336.0 370.9 643.3 105.7 289.6 666.5 228.6 258.1 633.8 259.9 624.0 361.8 207.9 656.5 297.2 305.0 349.5
1250.6 615.5 135.2 696.5 407.6 365.6 428.8 452.1 697.3 323.0 249.4 797.2 324.2 288.1 308.5 636.5 312.7 750.0 389.9 411.8 397.9 336.4 0.0 384.8 327.0 301.1 372.5 151.5 103.0 106.3 664.6 269.2 300.5 296.1 420.2 386.9 241.8 634.5 293.5 368.7 267.8 674.2 241.3 79.1 99.0 233.0 378.5 420.0 729.1 119.8 595.2 722.4 656.4 224.5 668.8 303.8 686.8 148.4 652.0 647.4 412.1 649.8 296.1 300.2 20.1 735.3 264.1 237.4 356.4 709.9 665.0 73.6 307.2 387.1 160.1 361.3 394.9 730.0 701.3 320.2 306.7 486.3 302.5 152.8 166.9 456.3 680.4 262.8 856.0 398.5 601.5 402.2 379.3 313.4 358.0 656.4 377.0 411.9 689.1 274.5 48.7 712.3 168.7 277.4 679.6 305.7 669.8 402.8 218.1 702.3 338.2 346.0 390.5
1341.2 706.1 300.1 844.0 287.9 223.6 273.0 107.9 773.6 100.4 340.0 887.8 414.8 378.7 276.2 751.0 403.3 840.6 5.1 292.1 278.2 372.3 396.0 0.0 67.7 391.7 252.8 295.2 393.6 344.1 755.2 306.0 391.1 337.8 133.0 99.3 332.4 725.1 329.4 249.0 303.7 764.8 273.5 360.6 309.3 323.6 414.4 132.4 819.7 330.5 720.0 770.2 777.8 316.9 759.4 339.7 777.4 301.1 742.6 738.0 77.2 740.4 386.7 336.1 416.2 797.6 300.0 328.0 272.9 800.5 755.6 324.8 343.1 267.4 308.1 241.6 239.2 799.9 784.4 356.1 342.6 142.1 225.2 282.5 278.2 300.5 771.0 205.0 946.6 242.7 692.1 79.6 226.2 404.0 188.4 762.5 257.3 124.3 779.7 310.4 346.5 802.9 292.4 368.0 798.6 396.3 760.4 283.1 297.1 800.9 260.9 226.3 237.2
1273.4 638.3 232.3 776.2 220.1 155.8 205.2 125.0 705.8 32.6 272.2 820.0 347.0 310.9 208.4 683.2 335.5 772.8 62.8 224.3 210.4 304.5 328.2 57.7 0.0 323.9 185.0 227.4 325.8 276.3 687.4 238.2 323.3 270.0 99.0 59.8 264.6 657.3 261.6 181.2 235.9 697.0 205.7 292.8 241.5 255.8 346.6 92.9 751.9 262.7 652.2 702.4 710.0 249.1 691.6 271.9 709.6 233.3 674.8 670.2 94.3 672.6 318.9 268.3 348.4 729.8 232.2 260.2 205.1 732.7 687.8 257.0 275.3 199.6 240.3 173.8 171.4 732.1 716.6 288.3 274.8 159.2 157.4 214.7 210.4 232.7 703.2 137.2 878.8 174.9 624.3 75.1 158.4 336.2 134.4 694.7 189.5 84.8 711.9 242.6 278.7 735.1 224.6 300.2 730.8 328.5 692.6 215.3 229.3 733.1 193.1 158.5 169.4
1098.9 463.8 178.7 601.7 388.9 346.9 410.1 433.4 531.3 304.3 178.2 645.5 72.7 118.4 289.8 508.7 109.2 598.3 371.2 393.1 379.2 258.2 324.3 366.1 308.3 0.0 353.8 223.9 327.4 277.9 512.9 251.4 147.7 188.9 401.5 368.2 190.2 482.8 268.7 350.0 249.1 522.5 218.9 294.4 243.1 57.8 281.7 401.3 577.4 226.7 477.7 527.9 535.5 155.1 517.1 285.1 535.1 234.9 500.3 495.7 402.7 498.1 126.4 222.0 344.5 555.3 208.3 166.2 337.7 558.2 513.3 258.6 288.5 368.4 204.3 342.6 355.2 557.6 542.1 296.6 281.9 467.6 283.8 161.1 212.0 437.6 528.7 244.1 704.3 379.8 449.8 383.5 363.3 161.7 339.3 520.2 358.3 393.2 537.4 204.5 274.8 560.6 226.2 47.1 556.3 151.5 518.1 384.1 154.9 558.6 319.5 327.3 371.8
1314.0 678.9 272.9 816.8 168.7 196.4 177.6 281.7 746.4 203.4 312.8 860.6 387.6 351.5 249.0 723.8 376.1 813.4 270.3 119.9 106.0 345.1 368.8 265.2 207.4 364.5 0.0 268.0 366.4 316.9 728.0 278.8 363.9 310.6 240.8 267.3 305.2 697.9 302.2 102.3 276.5 737.6 246.3 333.4 282.1 296.4 387.2 263.9 792.5 303.3 692.8 743.0 750.6 289.7 732.2 312.5 750.2 273.9 715.4 710.8 268.9 713.2 359.5 308.9 389.0 770.4 272.8 300.8 245.7 773.3 728.4 297.6 315.9 130.2 280.9 69.4 60.4 772.7 757.2 328.9 315.4 315.9 198.0 255.3 251.0 205.1 743.8 177.8 919.4 147.3 664.9 282.6 93.4 376.8 178.6 735.3 85.1 292.3 752.5 283.2 319.3 775.7 265.2 340.8 771.4 369.1 733.2 163.9 269.9 773.7 233.7 107.1 77.0
1154.8 519.7 113.7 600.7 288.7 246.7 309.9 333.2 601.5 204.1 153.6 701.4 228.4 192.3 189.6 544.0 216.9 654.2 271.0 292.9 279.0 217.5 153.4 265.9 208.1 205.3 253.6 0.0 151.0 101.5 568.8 150.3 204.7 183.0 301.3 268.0 146.0 538.7 174.6 249.8 148.9 578.4 122.4 118.0 66.7 137.2 259.6 301.1 633.3 59.8 499.4 626.6 560.6 128.7 573.0 184.9 591.0 58.5 556.2 551.6 293.2 576.1 200.3 181.3 173.6 639.5 145.2 141.6 237.5 614.1 569.2 82.2 188.3 268.2 19.5 242.4 276.0 634.2 605.5 201.3 187.8 367.4 183.6 96.1 62.0 337.4 584.6 143.9 760.2 279.6 505.7 283.3 260.4 217.6 239.1 576.1 258.1 293.0 593.3 155.6 103.9 616.5 24.9 208.1 583.8 209.9 574.0 283.9 122.3 606.5 219.3 227.1 271.6
1263.2 628.1 160.0 709.1 397.1 355.1 418.3 441.6 709.9 312.5 262.0 809.8 336.8 300.7 298.0 673.0 325.3 762.6 379.4 401.3 387.4 325.9 73.6 374.3 316.5 313.7 362.0 141.0 0.0 67.9 677.2 258.7 313.1 291.4 409.7 376.4 254.4 647.1 283.0 358.2 257.3 686.8 227.1 53.7 74.2 245.6 368.0 409.5 741.7 144.6 642.0 735.0 699.8 228.9 681.4 293.3 699.4 125.6 664.6 660.0 401.6 684.5 308.7 289.7 93.8 747.9 253.6 250.0 345.9 722.5 677.6 68.2 296.7 376.6 160.6 350.8 384.4 721.9 713.9 309.7 296.2 475.8 292.0 177.6 108.0 445.8 693.0 252.3 868.6 388.0 614.1 391.7 368.8 326.0 347.5 684.5 362.7 401.4 701.7 264.0 74.1 724.9 120.2 290.0 692.2 318.3 682.4 392.3 219.1 714.9 327.7 335.5 380.0
1223.7 588.6 139.6 669.6 357.6 315.6 378.8 402.1 670.4 273.0 222.5 770.3 297.3 261.2 258.5 609.2 285.8 723.1 339.9 361.8 347.9 286.4 86.9 334.8 277.0 274.2 322.5 101.5 71.5 0.0 637.7 220.1 273.6 251.9 370.2 336.9 214.9 607.6 243.5 318.7 217.8 647.3 196.5 67.0 34.7 206.1 328.5 370.0 702.2 124.2 580.1 695.5 660.3 197.6 641.9 253.8 659.9 85.5 625.1 620.5 362.1 645.0 269.2 250.2 107.1 708.4 214.9 210.5 306.4 683.0 638.1 75.9 257.2 337.1 121.1 311.3 323.9 682.4 674.4 270.2 256.7 436.3 252.5 157.2 67.9 406.3 653.5 212.8 829.1 348.5 574.6 352.2 329.3 286.5 308.0 645.0 323.2 361.9 662.2 224.5 87.4 685.4 76.8 277.0 652.7 278.8 642.9 352.8 179.6 675.4 288.2 296.0 340.5
1041.6 45.5 503.4 210.3 736.8 671.6 734.8 788.0 95.0 629.0 502.9 254.1 517.2 461.1 614.5 90.9 489.1 178.0 695.9 717.8 703.9 582.9 649.0 690.8 633.0 494.1 678.5 548.6 652.1 602.6 0.0 576.1 476.9 513.6 747.1 692.9 514.9 46.5 593.4 697.9 573.8 97.3 543.6 619.1 567.8 426.0 606.4 770.2 186.0 551.4 75.7 109.6 191.4 479.8 96.8 609.8 202.7 559.6 136.1 298.7 727.4 61.8 469.1 546.7 669.2 163.9 533.0 490.9 662.4 121.9 0.1 583.3 613.2 716.3 529.0 667.3 679.9 225.2 209.7 621.3 606.6 822.2 608.5 485.8 536.7 785.6 184.6 568.8 312.9 704.5 77.2 708.2 688.0 439.4 664.0 176.1 683.0 717.9 153.2 529.2 599.5 124.3 550.9 470.4 120.9 482.1 118.3 732.0 479.6 226.2 644.2 675.2 696.5
1210.5 575.4 168.7 655.7 292.8 250.8 313.3 337.3 656.5 208.2 209.3 757.1 284.1 248.0 193.7 601.8 272.6 709.9 275.1 297.0 283.1 164.3 264.6 270.0 212.2 261.0 257.7 163.8 262.9 212.7 624.5 0.0 260.4 130.5 305.4 272.1 201.7 594.4 77.9 253.2 110.5 633.4 89.9 229.2 177.9 192.9 211.2 305.2 689.0 199.1 555.1 681.6 616.3 176.2 628.0 91.2 646.0 170.4 611.9 606.6 296.6 631.8 256.0 128.8 285.5 694.5 92.0 197.3 241.6 734.9 624.9 194.1 150.6 272.3 177.4 246.5 280.1 689.9 660.5 50.0 64.7 370.8 187.7 151.8 146.8 341.5 640.3 148.0 815.2 283.0 561.4 286.7 264.5 273.3 243.2 616.3 258.4 296.4 648.3 103.1 215.8 672.2 154.8 263.8 639.5 265.6 639.3 288.0 178.0 661.5 223.4 231.2 275.7
1103.1 468.0 199.5 605.9 409.7 367.7 430.9 454.2 535.5 325.1 199.0 649.7 91.8 157.2 310.6 512.9 29.3 602.5 392.0 413.9 400.0 279.0 345.1 386.9 329.1 119.5 374.6 244.7 348.2 298.7 517.1 272.2 0.0 209.7 422.3 389.0 211.0 487.0 289.5 370.8 269.9 526.7 239.7 315.2 263.9 122.1 302.5 422.1 581.6 247.5 481.9 532.1 539.7 175.9 521.3 305.9 539.3 255.7 504.5 499.9 423.5 502.3 165.2 242.8 365.3 559.5 229.1 187.0 358.5 562.4 517.5 279.4 309.3 389.2 225.1 363.4 376.0 561.8 546.3 317.4 302.7 488.4 304.6 181.9 232.8 458.4 532.9 264.9 708.5 400.6 454.0 404.3 384.1 165.9 360.1 524.4 379.1 414.0 541.6 225.3 295.6 564.8 247.0 137.0 560.5 40.9 522.3 404.9 175.7 562.8 340.3 348.1 392.6
1135.5 500.4 150.8 638.3 332.1 290.1 353.3 376.6 567.9 247.5 150.3 682.1 209.1 173.0 233.0 545.3 197.6 634.9 314.4 336.3 322.4 124.9 296.4 309.3 251.5 186.0 297.0 196.0 299.5 250.0 549.5 158.0 185.4 0.0 344.7 311.4 162.3 519.4 135.4 293.2 130.4 559.1 120.3 266.5 215.2 117.9 92.7 344.5 614.0 198.8 514.3 564.5 572.1 127.2 553.7 191.7 571.7 207.0 536.9 532.3 345.9 534.7 181.0 88.7 316.6 591.9 75.0 138.3 280.9 594.8 549.9 230.7 173.1 311.6 176.4 285.8 298.4 594.2 578.7 163.3 148.6 410.8 227.0 133.2 184.1 380.8 565.3 187.3 740.9 323.0 486.4 326.7 306.5 198.3 282.5 556.8 301.5 336.4 574.0 71.2 246.9 597.2 198.3 162.3 592.9 190.6 554.7 327.3 127.0 595.2 262.7 270.5 315.0
1352.5 717.4 311.4 855.3 299.2 234.9 284.3 75.1 784.9 111.7 351.3 899.1 426.1 390.0 287.5 762.3 414.6 851.9 133.6 303.4 289.5 383.6 407.3 128.5 79.0 403.0 264.1 306.5 404.9 355.4 766.5 317.3 402.4 349.1 0.0 52.0 343.7 736.4 340.7 260.3 315.0 776.1 284.8 371.9 320.6 334.9 425.7 38.1 831.0 341.8 731.3 781.5 789.1 328.2 770.7 351.0 788.7 312.4 753.9 749.3 62.3 751.7 398.0 347.4 427.5 808.9 311.3 339.3 284.2 811.8 766.9 336.1 354.4 278.7 319.4 252.9 250.5 811.2 795.7 367.4 353.9 109.3 236.5 293.8 289.5 311.8 782.3 216.3 957.9 254.0 703.4 126.6 237.5 415.3 109.6 773.8 268.6 57.0 791.0 321.7 357.8 814.2 303.7 379.3 809.9 407.6 771.7 294.4 308.4 812.2 272.2 237.6 248.5
1333.4 698.3 292.3 836.2 280.1 215.8 265.2 92.2 765.8 92.6 332.2 880.0 407.0 370.9 268.4 743.2 395.5 832.8 102.6 284.3 270.4 364.5 388.2 97.5 59.9 383.9 245.0 287.4 385.8 336.3 747.4 298.2 383.3 330.0 52.1 0.0 324.6 717.3 321.6 241.2 295.9 757.0 265.7 352.8 301.5 315.8 406.6 46.0 811.9 322.7 712.2 762.4 770.0 309.1 751.6 331.9 769.6 293.3 734.8 730.2 79.4 732.6 378.9 328.3 408.4 789.8 292.2 320.2 265.1 792.7 747.8 317.0 335.3 259.6 300.3 233.8 231.4 792.1 776.6 348.3 334.8 126.4 217.4 274.7 270.4 292.7 763.2 197.2 938.8 234.9 684.3 74.5 218.4 396.2 126.7 754.7 249.5 19.9 771.9 302.6 338.7 795.1 284.6 360.2 790.8 388.5 752.6 275.3 289.3 793.1 253.1 218.5 229.4
1124.9 489.8 124.6 570.8 334.8 292.8 356.0 379.3 571.6 250.2 41.2 671.5 198.5 162.4 235.7 514.1 187.0 624.3 317.1 339.0 325.1 239.7 270.2 312.0 254.2 175.4 299.7 169.8 273.3 223.8 538.9 196.4 174.8 170.4 347.4 314.1 0.0 508.8 220.7 295.9 195.0 548.5 168.5 240.3 189.0 107.3 259.1 347.2 603.4 172.6 481.3 596.7 561.5 70.6 543.1 231.0 561.1 180.8 526.3 521.7 339.3 546.2 170.4 203.5 290.4 609.6 189.8 52.4 283.6 584.2 539.3 204.5 234.4 314.3 150.2 288.5 322.1 569.8 575.6 247.4 233.9 413.5 229.7 107.0 157.9 383.5 554.7 190.0 730.3 325.7 475.8 329.4 306.5 187.7 285.2 546.2 304.2 339.1 563.4 186.0 220.7 586.6 168.1 178.2 553.9 180.0 544.1 330.0 33.3 576.6 265.4 273.2 317.7
1049.3 25.6 511.1 162.7 744.5 679.3 742.5 795.7 46.7 636.7 510.6 206.5 524.9 468.8 622.2 39.3 496.8 90.2 703.6 725.5 711.6 590.6 656.7 698.5 640.7 501.8 686.2 556.3 659.8 610.3 46.5 583.8 484.6 521.3 754.8 700.6 522.6 0.0 601.1 705.6 581.5 157.4 551.3 626.8 575.5 433.7 614.1 777.9 138.4 559.1 122.2 89.7 143.8 487.5 144.7 617.5 96.9 567.3 88.5 306.4 735.1 13.5 476.8 554.4 676.9 116.3 540.7 498.6 670.1 74.3 46.2 591.0 620.9 724.0 536.7 675.0 687.6 119.4 103.9 629.0 614.3 829.9 616.2 493.5 544.4 793.3 137.0 576.5 265.3 712.2 150.4 715.9 695.7 447.1 671.7 128.5 690.7 725.6 116.4 536.9 607.2 76.0 558.6 478.1 69.3 489.8 70.7 739.7 487.3 120.4 651.9 682.9 704.2
1215.3 580.2 200.3 661.2 323.7 281.7 344.9 368.2 662.0 239.1 230.1 761.9 288.9 252.8 224.6 625.1 277.4 714.7 306.0 327.9 314.0 149.9 296.2 300.9 243.1 265.8 288.6 195.4 293.8 244.3 629.3 63.9 265.2 115.4 336.3 303.0 232.6 599.2 0.0 284.8 133.0 638.9 120.8 260.8 209.5 197.7 192.0 336.1 693.8 230.7 594.1 687.1 651.9 197.0 633.5 84.7 651.5 201.3 616.7 612.1 328.2 636.6 260.8 113.7 316.4 700.0 77.6 218.1 272.5 674.6 629.7 225.0 175.7 303.2 208.3 277.4 290.0 674.0 666.0 27.8 13.2 402.4 218.6 182.7 178.4 372.4 645.1 178.9 820.7 314.6 566.2 318.3 295.4 278.1 274.1 636.6 289.3 328.0 653.8 88.0 246.7 677.0 192.6 242.1 644.3 270.4 634.5 318.9 208.9 667.0 254.3 262.1 306.6
1306.1 671.0 265.0 752.0 86.7 188.5 155.2 271.7 752.8 188.2 304.9 852.7 379.7 343.6 241.1 715.9 368.2 805.5 255.1 73.0 59.1 337.2 360.9 250.0 192.2 356.6 92.7 260.1 358.5 309.0 720.1 270.9 356.0 302.7 230.8 252.1 297.3 690.0 294.3 0.0 268.6 729.7 242.1 325.5 274.2 288.5 379.3 253.9 784.6 295.4 650.7 777.9 742.7 280.0 724.3 304.6 742.3 266.0 707.5 685.8 268.2 705.3 351.6 301.0 381.1 790.8 264.9 292.9 237.8 765.4 720.5 289.7 308.0 12.9 273.0 22.8 115.1 785.5 756.8 321.0 307.5 305.9 190.1 247.4 243.1 135.5 735.9 169.9 911.5 124.9 657.0 267.4 124.4 368.9 186.6 711.9 59.0 272.8 744.6 275.3 311.4 767.8 257.3 332.9 735.1 361.2 725.3 81.9 273.6 757.8 225.8 25.1 110.7
1195.7 560.6 154.6 641.6 278.0 236.0 299.2 322.5 642.4 193.4 194.5 742.3 269.3 233.2 178.9 581.6 257.8 695.1 260.3 282.2 268.3 164.9 250.5 255.2 197.4 246.2 242.9 149.7 248.1 198.6 609.7 117.8 245.6 130.4 290.6 257.3 186.9 579.6 133.0 239.1 0.0 619.3 26.4 215.1 163.8 178.1 211.1 290.4 674.2 185.0 552.1 667.5 632.3 161.4 613.9 152.4 631.9 155.6 597.1 592.5 282.5 617.0 241.2 128.7 270.7 680.4 54.5 182.5 226.8 720.1 610.1 179.3 42.6 257.5 162.6 231.7 265.3 640.6 646.4 160.9 146.2 356.7 172.9 137.0 132.7 326.7 625.5 133.2 801.1 268.9 546.6 272.6 249.7 258.5 228.4 601.5 243.6 282.3 634.2 103.0 201.0 657.4 146.9 249.0 624.7 250.8 624.5 273.2 163.2 647.4 208.6 216.4 260.9
1101.4 146.4 545.8 244.3 790.9 714.0 777.2 842.1 210.2 671.4 545.3 345.0 559.6 503.5 656.9 154.8 531.5 250.1 738.3 760.2 746.3 625.3 691.4 733.2 675.4 536.5 720.9 591.0 694.5 645.0 99.5 617.6 519.3 556.0 801.2 735.3 557.3 147.4 635.8 752.0 616.2 0.0 586.0 661.5 610.2 468.4 644.7 768.4 276.9 593.8 139.5 235.3 219.7 512.2 168.9 652.2 274.8 602.0 184.5 358.5 760.5 162.7 511.5 589.1 711.6 283.1 575.4 533.3 704.8 322.8 99.9 625.7 655.6 770.4 571.4 709.7 743.3 297.3 289.3 663.7 649.0 876.3 650.9 528.2 579.1 839.7 212.9 611.2 403.8 746.9 57.7 750.6 727.7 493.5 706.4 204.4 721.6 760.3 221.6 571.6 641.9 225.2 586.4 512.8 202.1 524.5 202.3 786.1 522.0 290.3 686.6 729.3 738.9
1169.2 534.1 128.1 611.4 251.5 209.5 269.0 296.0 612.2 166.9 168.0 715.8 242.8 206.7 152.4 554.7 227.6 668.6 233.8 255.7 241.8 163.7 224.0 228.7 170.9 219.7 216.4 128.4 217.9 168.4 583.2 92.2 219.1 124.0 264.1 230.8 160.4 553.1 120.8 208.9 26.4 589.1 0.0 184.9 137.3 147.9 200.6 263.9 647.7 163.7 525.6 641.0 605.8 141.2 592.6 125.9 601.7 129.1 570.6 562.3 256.0 568.4 214.7 122.3 244.2 650.2 75.8 156.0 200.3 628.5 579.9 152.8 65.8 231.0 136.1 205.2 217.8 627.9 616.2 142.3 128.8 330.2 146.4 110.5 106.2 300.2 595.3 106.7 770.9 242.4 520.1 242.4 228.4 232.0 201.9 590.5 220.9 252.1 612.9 96.6 174.5 627.2 116.7 196.0 594.5 224.3 588.4 243.0 125.1 617.2 182.1 189.9 234.4
1241.5 606.4 128.8 687.4 375.4 333.4 396.6 419.9 688.2 290.8 240.3 788.1 315.1 279.0 276.3 651.3 303.6 740.9 357.7 379.6 365.7 304.2 60.4 352.6 294.8 292.0 340.3 119.3 71.1 82.8 655.5 237.0 291.4 269.7 388.0 354.7 232.7 625.4 261.3 336.5 235.6 665.1 209.1 0.0 80.4 223.9 346.3 387.8 720.0 113.4 586.1 713.3 678.1 217.2 659.7 271.6 677.7 116.2 642.9 638.3 379.9 640.7 287.0 268.0 80.6 726.2 232.7 228.3 324.2 700.8 655.9 37.0 275.0 354.9 138.9 329.1 362.7 720.9 692.2 288.0 274.5 454.1 270.3 146.4 122.9 424.1 671.3 230.6 846.9 366.3 592.4 370.0 347.1 304.3 325.8 662.8 344.8 379.7 680.0 242.3 60.9 703.2 129.6 268.3 670.5 296.6 660.7 370.6 209.0 693.2 306.0 313.8 358.3
1188.9 553.8 104.8 634.8 322.8 280.8 344.0 367.3 635.6 238.2 187.7 735.5 262.5 226.4 223.7 578.1 251.0 688.3 305.1 327.0 313.1 251.6 99.6 300.0 242.2 239.4 287.7 66.7 84.2 34.7 602.9 184.4 238.8 217.1 335.4 302.1 180.1 572.8 208.7 283.9 183.0 612.5 152.8 76.9 0.0 171.3 297.8 335.2 667.4 89.4 545.3 660.7 625.5 162.8 607.1 219.0 625.1 63.6 590.3 585.7 327.3 610.2 234.4 215.4 119.8 673.6 179.3 175.7 271.6 648.2 603.3 41.1 222.4 302.3 86.3 276.5 289.1 633.8 639.6 235.4 221.9 401.5 217.7 122.4 96.1 371.5 618.7 178.0 794.3 313.7 539.8 317.4 294.5 251.7 273.2 610.2 288.4 327.1 627.4 189.7 62.8 650.6 83.9 242.2 617.9 244.0 608.1 318.0 144.8 640.6 253.4 261.2 305.7
1041.0 405.9 120.8 486.9 331.0 289.0 352.2 375.5 487.7 246.4 120.3 587.6 91.1 60.5 231.9 450.8 103.1 540.4 313.3 335.2 321.3 200.3 266.4 308.2 250.4 68.0 295.9 166.0 269.5 220.0 455.0 192.6 90.9 131.0 343.6 310.3 132.3 424.9 210.8 292.1 191.2 464.6 161.0 236.5 185.2 0.0 219.7 343.4 519.5 168.8 385.6 512.8 477.6 97.2 459.2 227.2 477.2 177.0 442.4 437.8 335.5 462.3 68.5 164.1 286.6 525.7 150.4 108.3 279.8 500.3 455.4 200.7 230.6 310.5 146.4 284.7 297.3 485.9 491.7 238.7 224.0 409.7 225.9 103.2 154.1 379.7 470.8 186.2 646.4 321.9 391.9 325.6 302.7 103.8 281.4 462.3 296.6 335.3 479.5 146.6 216.9 502.7 161.4 70.8 470.0 96.1 460.2 326.2 97.0 492.7 261.6 269.4 313.9
1238.3 603.2 249.5 680.1 408.7 366.7 434.0 453.2 680.9 324.1 253.1 784.9 311.9 275.8 309.6 629.6 296.3 737.7 391.0 412.9 399.0 42.0 385.3 385.9 328.1 288.8 373.6 280.4 378.8 329.3 652.3 233.7 288.2 102.7 421.3 388.0 265.1 622.2 216.1 369.8 211.1 657.8 205.8 345.8 298.6 216.6 0.0 421.1 716.8 297.5 582.9 706.0 644.1 220.0 656.5 268.3 674.5 286.3 639.7 635.1 417.3 659.6 283.8 78.2 401.4 723.0 151.6 241.1 357.5 762.7 648.6 310.0 249.7 388.2 279.2 362.4 396.0 717.7 684.9 239.9 225.2 491.5 303.6 236.0 267.5 457.4 664.0 263.9 839.6 403.7 589.2 403.3 384.5 301.1 359.1 644.1 374.3 417.1 672.7 147.8 331.7 700.0 270.7 291.6 663.2 293.4 667.1 408.0 241.4 685.9 339.3 347.1 391.6
1346.4 711.3 305.3 849.2 293.1 228.8 278.2 98.2 778.8 105.6 345.2 893.0 420.0 383.9 281.4 756.2 408.5 845.8 127.5 297.3 283.4 377.5 401.2 122.4 72.9 396.9 258.0 300.4 398.8 349.3 760.4 311.2 396.3 343.0 58.1 45.9 337.6 730.3 334.6 254.2 308.9 770.0 278.7 365.8 314.5 328.8 419.6 0.0 824.9 335.7 725.2 775.4 783.0 322.1 764.6 344.9 782.6 306.3 747.8 743.2 85.4 745.6 391.9 341.3 421.4 802.8 305.2 333.2 278.1 805.7 760.8 330.0 348.3 272.6 313.3 246.8 244.4 805.1 789.6 361.3 347.8 132.4 230.4 287.7 283.4 305.7 776.2 210.2 951.8 247.9 697.3 120.5 231.4 409.2 132.7 767.7 262.5 50.9 784.9 315.6 351.7 808.1 297.6 373.2 803.8 401.5 765.6 288.3 302.3 806.1 266.1 231.5 242.4
1133.3 145.1 630.9 37.1 828.5 799.1 862.3 879.7 146.6 756.5 630.4 80.9 644.7 588.6 742.0 172.9 616.6 108.0 823.4 845.3 831.4 710.4 776.5 818.3 760.5 621.6 806.0 676.1 779.6 730.1 166.0 703.6 604.4 641.1 838.8 820.4 642.4 118.4 720.9 789.6 701.3 259.4 671.1 746.6 695.3 553.5 733.9 853.5 0.0 678.9 167.4 29.4 215.0 607.3 156.5 737.3 132.7 687.1 159.7 390.4 854.9 133.0 596.6 674.2 796.7 12.0 660.5 618.4 789.9 54.0 165.7 710.8 740.7 808.0 656.5 794.8 807.4 155.2 139.7 748.8 734.1 913.9 736.0 613.3 664.2 877.3 208.2 696.3 139.7 832.0 216.2 835.7 815.5 531.1 791.5 199.7 810.5 845.4 176.8 656.7 727.0 125.7 678.4 597.9 202.9 609.6 141.9 823.7 607.1 156.2 771.7 766.9 824.0
1163.3 528.2 70.2 609.2 334.8 292.8 356.0 379.3 610.0 250.2 162.1 709.9 236.9 200.8 235.7 548.8 225.4 662.7 317.1 339.0 325.1 263.6 121.7 312.0 254.2 213.8 299.7 59.8 154.0 124.2 577.3 196.4 213.2 208.8 347.4 314.1 154.5 547.2 220.7 295.9 195.0 586.9 164.8 112.1 89.4 145.7 297.5 347.2 641.8 0.0 519.7 635.1 599.9 137.2 581.5 231.0 599.5 107.4 564.7 560.1 339.3 584.6 208.8 227.4 141.9 648.0 192.1 150.1 283.6 622.6 577.7 76.3 234.4 314.3 40.2 288.5 322.1 608.2 614.0 247.4 233.9 413.5 229.7 87.8 121.9 383.5 593.1 190.0 768.7 325.7 514.2 329.4 306.5 226.1 285.2 584.6 300.4 339.1 601.8 201.7 72.2 625.0 84.8 216.6 592.3 218.4 582.5 330.0 130.8 615.0 265.4 273.2 317.7
1011.1 60.9 472.9 129.7 706.3 641.1 704.3 757.5 142.7 598.5 472.4 242.6 486.7 430.6 584.0 87.3 449.2 125.5 665.4 687.3 673.4 552.4 609.1 660.3 602.5 463.6 648.0 530.3 633.8 584.3 99.8 557.8 446.4 483.1 716.6 662.4 496.6 79.9 553.5 658.0 555.5 130.6 516.8 600.8 537.3 386.1 588.1 739.7 174.5 520.9 0.0 167.8 79.1 447.5 184.6 579.3 120.0 529.1 56.7 280.4 678.2 95.2 438.6 516.2 638.7 168.5 514.7 460.4 631.9 149.6 99.5 552.8 582.7 685.8 498.5 636.8 661.6 171.8 134.5 590.8 576.1 803.9 578.0 455.3 496.8 755.1 72.3 538.3 289.2 664.6 55.4 689.9 645.4 408.9 633.5 63.8 664.7 699.6 121.9 498.7 569.0 163.1 516.4 452.1 112.4 451.6 61.7 713.7 461.3 135.5 613.7 644.7 666.0
1131.3 107.6 593.1 95.4 826.5 761.3 824.5 877.7 24.5 718.7 592.6 196.1 606.9 550.8 704.2 105.5 578.8 144.5 785.6 807.5 793.6 672.6 738.7 780.5 722.7 583.8 768.2 638.3 741.8 692.3 128.5 664.9 566.6 603.3 836.8 782.6 604.6 100.2 683.1 787.6 663.5 239.4 642.2 708.8 657.5 515.7 692.0 859.9 128.0 641.1 165.4 0.0 245.1 567.7 206.1 699.5 151.2 649.3 189.8 388.4 807.8 75.3 558.8 636.4 758.9 134.2 622.7 580.6 752.1 173.9 128.2 673.0 702.9 806.0 618.7 757.0 769.6 194.4 165.7 711.0 696.3 911.9 698.2 575.5 626.4 875.3 238.3 658.5 254.9 794.2 193.6 797.9 775.0 529.1 753.7 229.8 768.9 807.6 206.9 618.9 689.2 37.1 640.6 586.6 154.9 571.8 162.4 821.7 580.9 166.7 733.9 764.9 786.2
1129.9 167.5 552.6 169.7 825.1 759.9 784.0 876.3 196.1 717.3 591.2 203.4 605.5 549.4 702.8 166.7 577.4 232.1 784.2 806.1 792.2 632.1 737.3 779.1 721.3 582.4 766.8 636.9 740.4 651.8 220.7 663.5 565.2 601.9 835.4 781.2 603.2 173.1 681.7 786.2 662.1 198.1 640.8 707.4 656.1 514.3 690.6 858.5 244.3 600.6 118.7 260.3 0.0 558.1 291.2 698.1 238.8 647.9 74.5 347.9 767.3 209.8 557.4 635.0 757.5 250.5 582.2 579.2 750.7 227.5 181.3 671.6 701.5 804.6 617.3 755.6 789.2 282.0 214.2 709.6 694.9 910.5 696.8 574.1 585.9 873.9 23.9 657.1 106.9 792.8 174.2 796.5 773.6 527.7 752.3 39.0 767.5 806.2 88.6 617.5 687.8 250.2 632.3 585.2 108.5 570.4 101.9 820.3 579.5 215.2 732.5 763.5 784.8
1089.9 454.8 101.0 527.6 319.4 277.4 332.4 363.9 528.4 234.8 24.8 636.5 163.5 127.4 220.3 477.6 152.0 589.3 301.7 323.6 309.7 196.5 256.6 296.6 238.8 140.4 284.3 154.4 257.9 200.2 503.9 181.9 139.8 135.4 332.0 298.7 62.7 473.8 197.1 280.5 171.4 513.5 151.2 224.9 165.4 64.1 228.2 331.8 568.4 159.0 446.3 553.5 526.5 0.0 499.9 215.6 517.9 165.4 491.3 488.5 323.9 489.1 135.4 168.5 275.0 576.4 146.6 12.8 268.2 549.2 504.3 189.1 219.0 298.9 134.8 273.1 285.7 548.6 542.4 232.0 218.5 389.9 214.3 91.6 144.3 368.1 521.5 174.6 687.1 312.1 440.8 305.8 291.1 152.7 269.8 511.2 288.8 315.5 528.4 151.0 205.3 551.6 151.6 116.7 518.9 145.0 509.1 314.6 36.7 533.4 250.0 257.8 302.3
1126.6 174.6 561.3 142.3 806.4 729.5 792.7 857.6 206.9 686.9 560.8 243.0 575.1 519.0 672.4 177.2 547.0 129.6 753.8 775.7 761.8 640.8 706.9 748.7 690.9 552.0 736.4 606.5 710.0 660.5 127.7 633.1 534.8 571.5 816.7 750.8 572.8 175.6 651.3 767.5 631.7 189.8 601.5 677.0 625.7 483.9 664.3 783.9 174.9 609.3 202.6 182.3 294.6 537.7 0.0 667.7 86.3 617.5 259.4 383.7 776.0 170.2 527.0 604.6 727.1 181.1 590.9 548.8 720.3 170.9 128.1 641.2 671.1 785.9 586.9 725.2 737.8 99.4 125.6 679.2 664.5 891.8 666.4 543.7 594.6 855.2 287.8 626.7 301.8 762.4 146.6 766.1 743.2 509.0 721.9 263.8 737.1 775.8 282.3 587.1 657.4 202.2 608.8 528.3 230.3 540.0 237.8 801.6 537.5 69.0 702.1 744.8 754.4
1234.4 599.3 193.3 737.2 316.7 274.7 337.9 361.2 666.8 232.1 233.2 781.0 308.0 271.9 217.6 644.2 296.5 733.8 299.0 320.9 307.0 188.9 289.2 293.9 236.1 284.9 281.6 188.4 286.8 237.3 648.4 101.4 284.3 154.4 329.3 296.0 225.6 618.3 107.4 277.8 135.1 658.0 104.9 253.8 202.5 216.8 231.0 329.1 712.9 223.7 613.2 663.4 671.0 210.1 652.6 0.0 670.6 194.3 635.8 631.2 330.5 633.6 279.9 152.7 309.4 690.8 116.6 221.2 265.5 693.7 648.8 218.0 174.5 296.2 201.3 270.4 283.0 693.1 677.6 82.4 94.2 395.4 211.6 175.7 171.4 365.4 664.2 171.9 839.8 307.6 585.3 311.3 291.1 297.2 267.1 655.7 286.1 321.0 672.9 127.0 239.7 696.1 185.6 261.2 691.8 289.5 653.6 311.9 190.3 694.1 247.3 255.1 299.6
1068.5 90.4 530.3 105.2 763.7 698.5 761.7 814.9 124.3 655.9 529.8 205.9 544.1 488.0 641.4 96.7 516.0 43.2 722.8 744.7 730.8 609.8 675.9 717.7 659.9 521.0 705.4 575.5 679.0 629.5 83.7 602.1 503.8 540.5 774.0 719.8 541.8 91.4 620.3 724.8 600.7 193.8 570.5 646.0 594.7 452.9 633.3 797.1 137.8 578.3 112.8 121.4 204.8 504.9 77.3 636.7 0.0 586.5 169.6 325.6 745.0 97.2 496.0 573.6 696.1 144.0 560.7 517.8 689.3 133.8 83.4 610.2 640.1 743.2 555.9 694.2 706.8 67.9 39.2 648.2 633.5 849.1 635.4 512.7 563.6 812.5 198.0 595.7 264.7 731.4 130.8 735.1 712.2 466.3 690.9 189.5 706.1 744.8 206.7 556.1 626.4 141.3 577.8 497.3 146.1 509.0 153.6 758.9 506.5 15.4 671.1 702.1 723.4
1179.4 544.3 121.5 682.2 313.3 271.3 334.5 357.8 611.8 228.7 178.2 726.0 253.0 216.9 214.2 589.2 241.5 678.8 295.6 317.5 303.6 242.1 129.0 290.5 232.7 229.9 278.2 57.2 126.6 77.1 593.4 175.8 229.3 207.6 325.9 292.6 170.6 563.3 199.2 274.4 173.5 603.0 143.3 93.6 42.3 161.8 284.2 325.7 657.9 106.1 558.2 608.4 616.0 155.1 597.6 209.5 615.6 0.0 580.8 576.2 327.1 578.6 224.9 205.9 149.2 635.8 169.8 166.2 262.1 638.7 593.8 57.8 212.9 292.8 76.8 267.0 279.6 638.1 622.6 225.9 212.4 392.0 208.2 120.7 86.6 362.0 609.2 168.5 784.8 304.2 530.3 307.9 287.7 242.2 263.7 600.7 282.7 317.6 617.9 180.2 79.5 641.1 74.4 206.2 636.8 234.5 598.6 308.5 135.3 639.1 243.9 251.7 296.2
1055.4 93.0 517.2 194.0 750.6 685.4 748.6 801.8 146.3 642.8 516.7 237.8 531.0 474.9 628.3 74.3 502.9 157.6 709.7 731.6 717.7 596.7 662.8 704.6 646.8 507.9 692.3 562.4 665.9 616.4 146.1 589.9 490.7 527.4 760.9 706.7 528.7 98.5 607.2 711.7 587.6 162.7 557.4 632.9 581.6 439.8 620.2 784.0 169.7 565.2 71.5 157.1 55.2 493.6 216.7 623.6 164.3 573.4 0.0 312.5 741.2 113.1 482.9 560.5 683.0 147.6 546.8 504.7 676.2 105.6 145.8 597.1 627.0 730.1 542.8 681.1 693.7 186.8 171.3 635.1 620.4 836.0 622.3 499.6 550.5 799.4 48.4 582.6 296.6 718.3 99.7 722.0 701.8 453.2 677.8 39.9 696.8 731.7 53.1 543.0 613.3 175.6 564.7 484.2 101.4 495.9 17.7 745.8 493.4 187.8 658.0 689.0 710.3
966.2 232.8 517.0 313.8 687.9 685.2 748.4 739.1 314.6 642.6 516.5 414.5 530.8 474.7 628.1 257.1 502.7 297.4 709.5 723.5 709.6 596.5 662.6 704.4 646.6 507.7 692.1 562.2 665.7 616.2 271.7 588.8 490.5 527.2 698.2 706.5 528.5 251.8 607.0 649.0 587.4 334.0 560.9 632.7 581.4 439.6 620.0 721.3 346.4 565.0 224.3 339.7 304.5 491.6 328.6 623.4 304.1 573.2 269.3 0.0 731.7 289.2 482.7 560.3 682.8 352.6 546.6 504.5 676.0 392.3 271.4 596.9 626.8 667.4 542.6 673.3 714.5 347.3 318.6 634.9 620.2 773.3 622.1 499.4 550.3 736.7 297.7 582.4 473.3 718.1 261.3 721.8 698.9 369.4 654.0 289.2 696.6 731.5 306.4 542.8 613.1 329.6 560.5 484.0 296.9 495.7 296.7 683.1 504.8 319.6 657.8 626.3 710.1
1358.5 723.4 317.4 804.4 305.2 240.9 290.3 39.9 805.2 117.7 357.3 905.1 432.1 396.0 293.5 768.3 420.6 857.9 83.0 309.4 295.5 389.6 413.3 77.9 85.0 409.0 270.1 312.5 410.9 361.4 772.5 323.3 408.4 355.1 65.0 102.0 349.7 742.4 346.7 266.3 321.0 782.1 290.8 377.9 326.6 340.9 435.8 88.1 837.0 347.8 737.3 830.3 795.1 324.2 776.7 357.0 794.7 318.4 759.9 755.3 0.0 757.7 404.0 353.4 433.5 843.2 317.3 345.3 290.2 817.8 772.9 342.1 360.4 284.7 325.4 258.9 256.5 803.4 809.2 373.4 359.9 74.1 242.5 299.8 295.5 317.8 788.3 222.3 963.9 260.0 709.4 96.9 240.8 421.3 120.4 764.3 274.6 107.0 797.0 327.7 363.8 820.2 302.8 385.3 787.5 413.6 787.3 300.4 314.4 810.2 278.2 243.6 254.5
1055.9 32.2 531.1 113.2 751.1 685.9 762.5 802.3 40.4 643.3 517.2 213.9 531.5 475.4 628.8 32.2 516.8 109.5 710.2 732.1 718.2 610.6 676.7 705.1 647.3 508.4 692.8 576.3 666.4 616.9 53.1 589.5 491.2 527.9 761.4 707.2 529.2 24.8 621.1 712.2 601.5 164.0 566.8 633.4 595.5 453.7 616.6 784.5 145.8 579.1 158.7 65.5 138.9 484.1 164.7 624.1 116.2 573.9 114.4 313.0 745.8 0.0 483.4 561.0 683.5 152.0 547.3 505.2 676.7 191.7 66.2 597.6 627.5 730.6 543.3 681.6 715.2 159.4 130.7 635.6 620.9 849.9 622.8 500.1 564.4 799.9 176.3 583.1 272.7 732.2 118.2 722.5 713.0 453.7 678.3 138.9 693.5 745.6 144.9 543.5 613.8 62.4 558.3 511.2 79.5 496.4 87.0 746.3 505.5 131.7 658.5 689.5 710.8
1102.8 467.7 162.6 605.6 372.8 330.8 394.0 417.3 535.2 288.2 162.1 649.4 158.4 78.7 273.7 512.6 164.9 602.2 355.1 377.0 363.1 242.1 308.2 350.0 292.2 135.3 337.7 207.8 311.3 261.8 516.8 235.3 152.7 172.8 385.4 352.1 174.1 486.7 252.6 333.9 233.0 526.4 202.8 278.3 227.0 67.2 265.6 385.2 581.3 210.6 481.6 531.8 539.4 139.0 521.0 269.0 539.0 218.8 504.2 499.6 386.6 502.0 0.0 205.9 328.4 559.2 192.2 150.1 321.6 562.1 517.2 242.5 272.4 352.3 188.2 326.5 339.1 561.5 546.0 280.5 265.8 451.5 267.7 145.0 195.9 421.5 532.6 228.0 708.2 363.7 453.7 367.4 347.2 165.6 323.2 524.1 342.2 377.1 541.3 188.4 258.7 564.5 210.1 111.6 560.2 157.9 522.0 368.0 138.8 562.5 303.4 311.2 355.7
1168.6 533.5 183.9 671.4 330.4 288.4 351.6 374.9 601.0 245.8 183.4 715.2 242.2 206.1 231.3 578.4 230.7 668.0 312.7 334.6 320.7 36.1 302.9 307.6 249.8 219.1 295.3 202.1 300.5 251.0 582.6 156.3 218.5 68.7 343.0 309.7 195.4 552.5 133.7 291.5 128.7 592.2 118.6 267.5 216.2 151.0 78.2 342.8 647.1 231.9 547.4 597.6 605.2 160.3 586.8 190.0 604.8 208.0 570.0 565.4 344.2 567.8 214.1 0.0 323.1 625.0 73.3 171.4 279.2 627.9 583.0 231.7 171.4 309.9 209.5 284.1 296.7 627.3 611.8 161.6 146.9 409.1 225.3 166.3 185.1 379.1 598.4 185.6 774.0 321.3 519.5 325.0 304.8 231.4 280.8 589.9 299.8 334.7 607.1 69.5 253.4 630.3 199.3 195.4 626.0 223.7 587.8 325.6 160.1 628.3 261.0 268.8 313.3
1270.8 635.7 155.4 773.6 427.8 385.8 449.0 472.3 703.2 343.2 269.6 817.4 344.4 308.3 328.7 680.6 332.9 770.2 410.1 432.0 418.1 356.6 20.1 405.0 347.2 321.3 392.7 171.7 94.9 106.6 684.8 290.3 320.7 316.3 440.4 407.1 262.0 654.7 313.7 388.9 288.0 694.4 257.8 85.9 119.2 253.2 398.7 440.2 749.3 140.0 649.6 699.8 707.4 246.5 689.0 324.0 707.0 164.3 672.2 667.6 441.6 670.0 316.3 320.4 0.0 727.2 284.3 257.6 376.6 730.1 685.2 93.8 327.4 407.3 180.3 381.5 394.1 729.5 714.0 340.4 326.9 506.5 322.7 173.0 146.7 476.5 700.6 283.0 876.2 418.7 621.7 422.4 402.2 333.6 378.2 692.1 397.2 432.1 709.3 294.7 68.9 732.5 155.6 297.6 728.2 325.9 690.0 423.0 226.7 730.5 358.4 366.2 410.7
1139.5 151.3 637.1 31.6 834.7 805.3 868.5 885.9 136.6 762.7 636.6 87.1 650.9 594.8 748.2 179.1 622.8 114.2 829.6 851.5 837.6 716.6 782.7 824.5 766.7 627.8 812.2 682.3 785.8 736.3 172.2 708.9 610.6 647.3 845.0 826.6 648.6 124.6 727.1 795.8 707.5 265.6 677.3 752.8 701.5 559.7 736.0 859.7 6.1 685.1 197.0 112.0 221.2 611.7 162.7 743.5 138.9 693.3 165.9 396.6 851.8 162.5 602.8 680.4 802.9 0.0 666.7 624.6 796.1 64.9 171.9 717.0 746.9 814.2 662.7 801.0 834.6 160.2 153.4 755.0 740.3 920.1 742.2 619.5 670.4 883.5 214.4 702.5 145.9 838.2 222.4 841.9 819.0 537.3 797.7 205.9 816.7 851.6 183.0 662.9 733.2 131.9 677.7 630.6 189.4 615.8 138.5 829.9 624.9 154.4 777.9 773.1 830.2
1174.9 539.8 150.9 620.8 274.3 232.3 295.5 318.8 621.6 189.7 189.7 721.5 248.5 212.4 176.0 584.7 237.8 674.3 256.6 278.5 264.6 109.5 246.8 251.5 193.7 225.4 240.0 146.0 244.4 194.9 588.9 99.3 224.8 75.8 286.9 253.6 184.0 558.8 77.6 235.4 54.5 598.5 66.2 211.4 160.1 157.3 151.6 286.7 653.4 181.3 519.5 646.7 611.5 164.8 593.9 133.9 611.9 152.7 576.3 571.7 278.8 574.1 220.4 73.3 267.8 659.6 0.0 177.7 223.9 700.1 590.1 176.4 97.2 253.8 158.9 228.0 261.6 619.8 625.6 105.5 90.8 353.0 169.2 133.3 129.0 323.8 604.7 129.5 780.3 265.2 525.8 268.9 246.0 237.7 224.7 580.7 239.9 278.6 613.4 48.4 197.3 636.6 136.3 228.2 603.9 230.0 594.1 269.5 160.3 626.6 204.9 212.7 257.2
1102.4 467.3 121.7 605.2 331.9 289.9 353.1 376.4 534.8 247.3 11.9 649.0 176.0 139.9 232.8 512.2 164.5 601.8 314.2 336.1 322.2 217.2 267.3 309.1 251.3 152.9 296.8 166.9 270.4 220.9 516.4 194.4 152.3 147.9 344.5 311.2 41.6 486.3 217.8 293.0 192.1 526.0 161.9 237.4 186.1 84.8 240.7 344.3 580.9 169.7 481.2 531.4 539.0 10.6 520.6 228.1 538.6 177.9 503.8 499.2 345.7 501.6 147.9 181.0 287.5 558.8 167.3 0.0 280.7 561.7 516.8 201.6 231.5 311.4 147.3 285.6 298.2 561.1 545.6 244.5 231.0 410.6 226.8 104.1 155.0 380.6 532.2 187.1 707.8 322.8 453.3 326.5 306.3 165.2 282.3 523.7 301.3 336.2 540.9 163.5 217.8 564.1 169.2 129.2 559.8 157.5 521.6 327.1 48.1 562.1 262.5 270.3 314.8
1279.3 644.2 238.2 782.1 296.1 83.6 317.3 340.6 711.7 211.5 278.1 825.9 352.9 316.8 248.4 689.1 341.4 778.7 278.4 300.3 286.4 310.4 334.1 273.3 215.5 329.8 261.0 233.3 331.7 282.2 693.3 244.1 329.2 275.9 308.7 275.4 270.5 663.2 267.5 257.2 241.8 702.9 211.6 298.7 247.4 261.7 352.5 308.5 757.8 268.6 658.1 708.3 715.9 255.0 697.5 277.8 715.5 239.2 680.7 676.1 309.9 678.5 324.8 274.2 354.3 735.7 238.1 266.1 0.0 738.6 693.7 262.9 281.2 275.6 246.2 249.8 262.4 738.0 722.5 294.2 280.7 374.8 197.4 220.6 216.3 344.8 709.1 177.2 884.7 287.0 630.2 290.7 270.5 342.1 246.5 700.6 265.5 300.4 717.8 248.5 284.6 741.0 230.5 306.1 736.7 334.4 698.5 291.3 235.2 739.0 233.1 234.5 279.0
1114.7 91.0 576.5 104.4 809.9 744.7 941.3 861.1 209.4 702.1 576.0 132.1 590.3 534.2 687.6 57.9 562.2 134.0 769.0 790.9 777.0 656.0 722.1 763.9 706.1 567.2 751.6 755.1 858.6 675.7 111.9 648.3 550.0 586.7 820.2 766.0 721.4 64.3 666.5 771.0 780.3 338.4 625.6 825.6 640.9 499.1 675.4 843.3 64.0 624.5 149.9 131.8 130.1 542.9 235.5 682.9 211.7 632.7 105.6 371.8 924.6 101.0 542.2 619.8 742.3 70.2 739.5 564.0 735.5 0.0 111.6 656.4 686.3 789.4 602.1 740.4 774.0 201.9 226.2 694.4 679.7 992.9 681.6 558.9 609.8 858.7 201.9 641.9 80.9 777.6 205.4 914.7 891.8 512.5 737.1 130.1 752.3 924.4 122.7 602.3 672.6 204.7 617.1 570.0 129.1 555.2 78.2 805.1 564.3 227.2 717.3 748.3 769.6
1041.3 45.2 503.1 150.2 736.5 671.3 734.5 787.7 109.0 628.7 502.6 253.8 516.9 460.8 614.2 47.8 488.8 178.4 695.6 717.5 703.6 582.6 648.7 690.5 632.7 493.8 678.2 548.3 651.8 602.3 0.1 574.9 476.6 513.3 746.8 692.6 514.6 46.2 593.1 697.6 573.5 97.2 547.0 618.8 567.5 425.7 602.0 769.9 185.7 551.1 105.2 134.1 160.3 469.5 97.2 609.5 203.1 559.3 135.8 298.4 717.8 83.6 468.8 546.4 668.9 191.9 532.7 490.6 662.1 231.6 0.0 583.0 612.9 716.0 528.7 667.0 679.6 225.6 217.6 621.0 606.3 821.9 608.2 485.5 536.4 785.3 184.3 568.5 312.6 704.2 77.1 707.9 685.0 439.1 663.7 160.3 678.9 717.6 152.9 528.9 599.2 124.0 546.6 496.6 100.9 481.8 108.4 731.7 490.9 218.6 643.9 674.9 696.2
1204.4 569.3 91.7 707.2 338.3 296.3 359.5 382.8 636.8 253.7 203.2 751.0 278.0 241.9 239.2 614.2 266.5 703.8 320.6 342.5 328.6 267.1 73.6 315.5 257.7 254.9 303.2 82.2 77.6 80.9 618.4 200.8 254.3 232.6 350.9 317.6 195.6 588.3 224.2 299.4 198.5 628.0 168.3 35.7 61.1 186.8 309.2 350.7 682.9 76.3 583.2 633.4 641.0 180.1 622.6 234.5 640.6 79.1 605.8 601.2 352.1 603.6 249.9 230.9 93.8 660.8 194.8 191.2 287.1 663.7 618.8 0.0 237.9 317.8 101.8 292.0 304.6 663.1 647.6 250.9 237.4 417.0 233.2 109.3 111.6 387.0 634.2 193.5 809.8 329.2 555.3 332.9 312.7 267.2 288.7 625.7 307.7 342.6 642.9 205.2 49.7 666.1 99.4 231.2 661.8 259.5 623.6 333.5 160.3 664.1 268.9 276.7 321.2
1225.1 590.0 184.0 727.9 307.4 265.4 328.6 351.9 657.5 222.8 223.9 771.7 298.7 262.6 208.3 634.9 287.2 724.5 289.7 311.6 297.7 214.4 279.9 284.6 226.8 275.6 272.3 179.1 277.5 228.0 639.1 148.1 275.0 179.9 320.0 286.7 216.3 609.0 171.5 268.5 52.6 648.7 59.5 244.5 193.2 207.5 256.5 319.8 703.6 214.4 603.9 654.1 661.7 200.8 643.3 181.8 661.3 185.0 626.5 621.9 321.2 624.3 270.6 178.2 300.1 681.5 108.0 211.9 256.2 684.4 639.5 208.7 0.0 286.9 192.0 261.1 273.7 683.8 668.3 198.2 184.7 386.1 202.3 166.4 162.1 356.1 654.9 162.6 830.5 298.3 576.0 302.0 281.8 287.9 257.8 646.4 276.8 311.7 663.6 152.5 230.4 686.8 176.3 251.9 682.5 280.2 644.3 302.6 181.0 684.8 238.0 245.8 290.3
1324.0 688.9 282.9 826.8 115.1 206.4 183.6 300.1 756.4 206.1 322.8 870.6 397.6 361.5 259.0 733.8 386.1 823.4 273.0 90.9 77.0 355.1 378.8 267.9 210.1 374.5 110.6 278.0 376.4 326.9 738.0 288.8 373.9 320.6 259.2 270.0 315.2 707.9 312.2 12.9 286.5 747.6 256.3 343.4 292.1 306.4 397.2 282.3 802.5 313.3 702.8 753.0 760.6 299.7 742.2 322.5 760.2 283.9 725.4 720.8 287.3 723.2 369.5 318.9 399.0 780.4 282.8 310.8 255.7 783.3 738.4 307.6 325.9 0.0 290.9 40.7 112.0 782.7 767.2 338.9 325.4 334.3 208.0 265.3 261.0 163.9 753.8 187.8 929.4 153.3 674.9 285.3 145.0 386.8 215.0 745.3 76.9 295.0 762.5 293.2 329.3 785.7 275.2 350.8 781.4 379.1 743.2 110.3 279.9 783.7 243.7 53.5 128.6
1160.9 525.8 110.5 663.7 308.3 266.3 329.5 352.8 593.3 223.7 159.7 707.5 234.5 198.4 209.2 570.7 223.0 660.3 290.6 312.5 298.6 237.1 162.0 285.5 227.7 211.4 273.2 19.5 170.6 121.1 574.9 170.8 210.8 202.6 320.9 287.6 152.1 544.8 194.2 269.4 168.5 584.5 138.3 137.6 86.3 143.3 279.2 320.7 639.4 40.2 539.7 589.9 597.5 136.6 579.1 204.5 597.1 78.1 562.3 557.7 322.1 560.1 206.4 200.9 182.2 617.3 164.8 147.7 257.1 620.2 575.3 101.8 207.9 287.8 0.0 262.0 274.6 619.6 604.1 220.9 207.4 387.0 203.2 102.2 81.6 357.0 590.7 163.5 766.3 299.2 511.8 302.9 282.7 223.7 258.7 582.2 277.7 312.6 599.4 175.2 112.5 622.6 51.4 187.7 618.3 216.0 580.1 303.5 116.8 620.6 238.9 246.7 291.2
1283.2 648.1 242.1 786.0 121.0 165.6 188.4 290.1 715.6 165.3 282.0 829.8 356.8 320.7 218.2 693.0 345.3 782.6 232.2 50.4 36.5 314.3 338.0 227.1 169.3 333.7 69.8 237.2 335.6 286.1 697.2 248.0 333.1 279.8 249.2 229.2 274.4 667.1 271.4 32.8 245.7 706.8 215.5 302.6 251.3 265.6 356.4 262.3 761.7 272.5 662.0 712.2 719.8 258.9 701.4 281.7 719.4 243.1 684.6 680.0 263.7 682.4 328.7 278.1 358.2 739.6 242.0 270.0 214.9 742.5 697.6 266.8 285.1 60.7 250.1 0.0 71.2 741.9 726.4 298.1 284.6 324.3 167.2 224.5 220.2 169.8 713.0 147.0 888.6 158.1 634.1 244.5 104.2 346.0 189.4 704.5 36.1 254.2 721.7 252.4 288.5 744.9 234.4 310.0 740.6 338.3 702.4 116.2 239.1 742.9 202.9 59.4 87.8
1308.5 673.4 267.4 754.4 149.5 190.9 145.2 238.3 755.2 160.0 307.3 855.1 382.1 346.0 243.5 699.8 370.6 807.9 226.9 121.7 107.8 339.6 363.3 221.8 164.0 359.0 80.8 273.5 360.9 322.4 722.5 272.4 358.4 305.1 197.4 223.9 299.7 692.4 296.7 104.1 282.0 743.1 249.7 338.9 276.6 290.9 385.8 220.5 787.0 297.8 653.1 780.3 714.3 274.2 737.7 307.0 744.7 268.4 709.9 705.3 234.8 729.8 354.0 303.4 383.5 793.2 267.3 295.3 240.2 832.9 733.9 292.1 310.4 132.0 275.4 71.2 0.0 787.9 770.2 323.4 309.9 272.5 192.5 249.8 256.5 161.7 738.3 172.3 913.9 114.9 659.4 250.2 58.3 371.3 135.2 714.3 83.1 248.9 747.0 277.7 313.8 781.2 252.8 361.8 737.5 363.6 737.3 176.7 276.0 771.2 228.2 108.9 33.6
1130.3 152.2 592.1 167.0 811.8 740.8 804.0 863.0 166.6 698.2 572.1 248.2 586.4 530.3 683.7 160.6 552.4 105.0 765.1 787.0 773.1 646.2 712.3 760.0 702.2 563.3 747.7 617.8 721.3 691.3 133.1 639.4 546.1 582.8 822.1 762.1 584.1 153.2 656.7 786.6 643.0 195.2 616.5 688.3 656.5 514.7 669.7 839.4 180.1 640.1 174.6 163.7 300.0 547.2 100.5 679.0 66.5 628.8 231.4 387.4 806.8 196.3 538.3 615.9 738.4 164.0 621.7 560.1 731.6 153.8 133.5 652.5 682.4 791.3 598.2 736.5 743.2 0.0 164.1 690.5 675.8 897.2 677.7 555.0 600.0 860.6 240.3 638.0 326.5 793.2 173.1 777.4 774.0 514.4 733.2 284.7 746.3 787.1 249.0 598.4 668.7 203.1 616.1 533.7 235.7 551.3 241.7 801.2 542.9 66.2 713.4 750.2 765.7
1102.9 124.8 564.7 139.6 798.1 732.9 796.1 849.3 158.7 690.3 564.2 240.3 578.5 522.4 675.8 131.1 550.4 77.6 757.2 779.1 765.2 644.2 710.3 752.1 694.3 555.4 739.8 609.9 713.4 663.9 118.1 637.4 538.2 574.9 808.4 754.2 576.2 125.8 654.7 759.2 635.1 228.2 608.6 680.4 629.1 487.3 663.6 831.5 172.2 612.7 137.0 155.8 239.2 531.1 108.5 671.1 39.1 620.9 204.0 360.0 779.4 131.6 530.4 608.0 730.5 178.4 594.3 552.2 723.7 168.2 117.8 644.6 674.5 777.6 590.3 728.6 741.2 7.9 0.0 682.6 667.9 883.5 669.8 547.1 598.0 846.9 232.4 630.1 299.1 765.8 165.2 769.5 746.6 500.7 725.3 208.4 740.5 779.2 241.1 590.5 660.8 175.7 608.2 558.2 180.5 543.4 197.6 793.3 552.5 54.6 705.5 736.5 757.8
1243.2 608.1 204.8 746.0 328.2 286.2 349.4 372.7 675.6 243.6 244.7 789.8 316.8 280.7 229.1 653.0 305.3 742.6 310.5 332.4 318.5 177.8 300.7 305.4 247.6 293.7 293.1 199.9 298.3 248.8 657.2 35.3 293.1 143.3 340.8 307.5 237.1 627.1 27.8 289.3 146.6 666.8 116.4 265.3 214.0 225.6 219.9 340.6 721.7 235.2 622.0 672.2 679.8 221.6 661.4 79.7 679.4 205.8 644.6 640.0 342.0 642.4 288.7 141.6 320.9 699.6 105.5 232.7 277.0 702.5 657.6 229.5 186.0 307.7 212.8 281.9 294.5 701.9 686.4 0.0 14.6 406.9 223.1 187.2 182.9 376.9 673.0 183.4 848.6 319.1 594.1 322.8 302.6 306.0 278.6 664.5 297.6 332.5 681.7 115.9 251.2 704.9 197.1 270.0 700.6 298.3 662.4 323.4 201.8 702.9 258.8 266.6 311.1
1228.5 593.4 213.5 731.3 336.9 294.9 358.1 381.4 660.9 252.3 243.3 775.1 302.1 266.0 237.8 638.3 290.6 727.9 319.2 341.1 327.2 163.1 309.4 314.1 256.3 279.0 301.8 208.6 307.0 257.5 642.5 50.0 278.4 128.6 349.5 316.2 245.8 612.4 13.2 298.0 146.2 652.1 125.1 274.0 222.7 210.9 205.2 349.3 707.0 243.9 607.3 657.5 665.1 220.2 646.7 71.5 664.7 214.5 629.9 625.3 350.7 627.7 274.0 126.9 329.6 684.9 90.8 231.3 285.7 687.8 642.9 238.2 188.9 316.4 221.5 290.6 303.2 687.2 671.7 14.6 0.0 415.6 231.8 195.9 191.6 385.6 658.3 192.1 833.9 327.8 579.4 331.5 311.3 291.3 287.3 649.8 306.3 341.2 667.0 101.2 259.9 690.2 205.8 255.3 685.9 283.6 647.7 332.1 210.5 688.2 267.5 275.3 319.8
1412.7 762.6 371.6 843.6 359.4 295.1 344.5 24.1 844.4 171.9 411.5 944.3 486.3 450.2 347.7 807.5 474.8 912.1 137.2 363.6 349.7 443.8 467.5 132.1 139.2 463.2 324.3 366.7 465.1 415.6 826.7 376.6 462.6 409.3 102.7 139.7 403.9 781.6 400.9 320.5 375.2 836.3 345.0 432.1 380.8 395.1 490.0 125.8 876.2 402.0 754.1 869.5 834.3 386.6 830.9 411.2 833.9 372.6 799.1 792.0 54.1 819.0 458.2 407.6 487.7 882.4 371.5 399.5 344.4 857.0 827.1 396.3 414.6 338.9 379.6 313.1 331.7 856.4 848.4 427.6 414.1 0.0 296.7 354.0 349.7 372.0 827.5 276.5 1003.1 314.2 763.6 151.1 295.0 475.5 158.1 803.5 328.8 144.7 836.2 381.9 418.0 859.4 363.9 466.0 826.7 467.8 816.9 354.6 368.6 849.4 332.4 297.8 308.7
1240.8 605.7 199.7 743.6 203.5 123.2 224.7 248.0 673.2 118.9 239.6 787.4 314.4 278.3 77.5 650.6 302.9 740.2 185.8 207.7 193.8 271.9 295.6 180.7 122.9 291.3 168.4 194.8 293.2 243.7 654.8 205.6 290.7 237.4 216.1 182.8 232.0 624.7 229.0 164.6 203.3 664.4 173.1 260.2 208.9 223.2 314.0 215.9 719.3 230.1 619.6 669.8 677.4 216.5 659.0 239.3 677.0 200.7 642.2 637.6 217.3 640.0 286.3 235.7 315.8 697.2 199.6 227.6 172.5 700.1 655.2 224.4 242.7 183.0 207.7 157.2 169.8 699.5 684.0 255.7 242.2 282.2 0.0 182.1 177.8 252.2 670.6 39.6 846.2 194.4 591.7 198.1 177.9 303.6 153.9 662.1 172.9 207.8 679.3 210.0 246.1 702.5 192.0 267.6 698.2 295.9 660.0 198.7 196.7 700.5 35.6 141.9 186.4
1097.7 462.6 17.6 600.5 286.8 244.8 308.0 331.3 530.1 202.2 96.5 644.3 171.3 135.2 187.7 507.5 159.8 597.1 269.1 291.0 277.1 212.5 163.1 264.0 206.2 148.2 251.7 121.8 195.4 165.6 511.7 149.3 147.6 143.2 299.4 266.1 88.9 481.6 172.7 247.9 147.0 521.3 116.8 153.5 130.8 80.1 236.0 299.2 576.2 76.2 476.5 526.7 534.3 73.4 515.9 183.0 533.9 132.8 499.1 494.5 300.6 496.9 143.2 176.3 183.3 554.1 143.3 84.5 235.6 557.0 512.1 117.7 186.4 266.3 102.2 240.5 253.1 556.4 540.9 199.4 185.9 365.5 181.7 0.0 109.9 335.5 527.5 142.0 703.1 277.7 448.6 281.4 261.2 160.5 237.2 519.0 256.2 291.1 536.2 153.7 113.6 559.4 124.1 124.5 555.1 152.8 516.9 282.0 53.6 557.4 217.4 225.2 269.7
1158.6 523.5 117.5 604.5 292.5 250.5 313.7 337.0 605.3 207.9 157.4 705.2 232.2 196.1 193.4 544.1 220.7 658.0 274.8 296.7 282.8 221.3 163.6 269.7 211.9 209.1 257.4 62.8 120.1 88.7 572.6 154.1 208.5 186.8 305.1 271.8 149.8 542.5 178.4 253.6 152.7 582.2 122.5 128.2 76.9 141.0 267.5 304.9 637.1 122.7 537.4 630.4 595.2 124.3 576.8 188.7 594.8 68.7 560.0 555.4 297.0 579.9 204.1 185.1 167.5 643.3 149.0 145.4 241.3 617.9 573.0 92.4 192.1 272.0 82.4 246.2 258.8 617.3 609.3 205.1 191.6 371.2 187.4 99.9 0.0 341.2 588.4 147.7 764.0 283.4 509.5 287.1 264.2 221.4 242.9 579.9 258.1 296.8 597.1 159.4 114.1 620.3 56.0 185.4 587.6 213.7 577.8 287.7 114.5 610.3 223.1 230.9 275.4
1380.1 745.0 339.0 882.9 134.8 262.5 146.7 309.9 812.5 231.6 378.9 926.7 453.7 417.6 315.1 789.9 442.2 879.5 298.5 236.7 222.8 411.2 434.9 293.4 235.6 430.6 195.8 334.1 432.5 383.0 794.1 344.9 430.0 376.7 269.0 295.5 371.3 764.0 368.3 165.5 342.6 803.7 312.4 399.5 348.2 362.5 453.3 292.1 858.6 369.4 758.9 809.1 816.7 355.8 798.3 378.6 816.3 340.0 781.5 776.9 297.1 779.3 425.6 375.0 455.1 836.5 338.9 366.9 311.8 839.4 794.5 363.7 382.0 183.9 347.0 186.2 152.0 838.8 823.3 395.0 381.5 344.1 264.1 321.4 317.1 0.0 809.9 243.9 985.5 116.4 731.0 310.8 139.0 442.9 206.8 801.4 201.9 320.5 818.6 349.3 385.4 841.8 331.3 406.9 837.5 435.2 799.3 159.6 336.0 839.8 299.8 130.3 150.0
1114.8 152.4 576.6 193.7 810.0 744.8 808.0 861.2 220.1 702.2 576.1 188.3 590.4 534.3 687.7 133.7 562.3 217.0 769.1 791.0 777.1 656.1 722.2 764.0 706.2 567.3 751.7 621.8 725.3 675.8 205.6 648.4 550.1 586.8 820.3 766.1 588.1 158.0 666.6 771.1 647.0 222.1 616.8 692.3 641.0 499.2 675.5 843.4 229.2 624.6 130.9 245.2 42.8 553.0 276.1 683.0 223.7 632.8 59.4 371.9 791.3 194.7 542.3 619.9 742.4 235.4 606.2 564.1 735.6 212.4 205.3 656.5 686.4 789.5 602.2 740.5 753.1 302.8 238.2 694.5 679.8 895.4 681.7 559.0 609.9 858.8 0.0 642.0 130.9 777.7 159.1 781.4 758.5 512.6 737.2 32.3 752.4 791.1 112.6 602.4 672.7 235.1 624.1 570.1 132.5 555.3 77.2 805.2 552.8 239.2 717.4 748.4 769.7
1240.6 605.5 199.5 743.4 203.3 123.0 224.5 247.8 673.0 118.7 239.4 787.2 314.2 278.1 71.1 650.4 302.7 740.0 185.6 207.5 193.6 271.7 295.4 180.5 122.7 291.1 168.2 194.6 293.0 243.5 654.6 205.4 290.5 237.2 215.9 182.6 231.8 624.5 228.8 164.4 203.1 664.2 172.9 260.0 208.7 223.0 313.8 215.7 719.1 229.9 619.4 669.6 677.2 216.3 658.8 239.1 676.8 200.5 642.0 637.4 217.1 639.8 286.1 235.5 315.6 697.0 199.4 227.4 163.6 699.9 655.0 224.2 242.5 182.8 207.5 157.0 169.6 699.3 683.8 255.5 242.0 282.0 39.6 181.9 177.6 252.0 670.4 0.0 846.0 194.2 591.5 197.9 177.7 303.4 153.7 661.9 172.7 207.6 679.1 209.8 245.9 702.3 191.8 267.4 698.0 295.7 659.8 198.5 196.5 700.3 75.3 141.7 186.2
1293.8 305.6 791.4 185.9 989.0 959.6 1022.8 1040.2 290.9 917.0 790.9 57.3 805.2 749.1 902.5 272.5 777.1 268.5 983.9 1005.8 991.9 870.9 937.0 978.8 921.0 782.1 966.5 836.6 940.1 890.6 326.5 864.1 764.9 801.6 999.3 980.9 802.9 278.9 881.4 950.1 861.8 419.9 835.3 907.1 855.8 714.0 890.3 1014.0 153.3 839.4 327.9 266.3 96.9 757.8 317.0 897.8 293.2 847.6 320.2 550.9 1006.1 293.5 757.1 834.7 957.2 159.5 821.8 778.9 950.4 81.4 326.2 871.3 901.2 968.5 817.0 955.3 967.9 314.5 307.7 909.3 894.6 1074.4 896.5 773.8 824.7 1037.8 120.9 856.8 0.0 992.5 376.7 996.2 973.3 691.6 952.0 96.9 967.2 1005.9 337.3 817.2 887.5 286.2 832.0 784.9 343.7 770.1 292.8 984.2 779.2 308.7 932.2 927.4 984.5
1342.3 707.2 301.2 788.2 104.2 224.7 43.3 272.1 789.0 193.8 341.1 888.9 415.9 379.8 277.3 752.1 404.4 841.7 260.7 198.9 185.0 373.4 397.1 255.6 197.8 392.8 158.0 296.3 394.7 345.2 756.3 306.2 392.2 338.9 231.2 257.7 333.5 726.2 330.5 134.9 304.8 765.9 274.6 361.7 310.4 324.7 419.6 254.3 820.8 331.6 721.1 814.1 778.9 316.2 760.5 340.8 778.5 302.2 743.7 739.1 268.6 763.6 387.8 337.2 417.3 827.0 301.9 329.1 274.0 801.6 756.7 325.9 344.2 153.3 309.2 148.4 114.2 801.0 793.0 357.2 343.7 306.3 226.3 283.6 279.3 116.4 772.1 206.1 947.7 0.0 693.2 273.0 98.5 405.1 169.0 763.6 160.3 282.7 780.8 311.5 347.6 804.0 289.5 369.1 771.3 397.4 761.5 129.0 298.2 794.0 262.0 99.7 112.2
1028.4 93.0 483.1 248.0 723.6 651.3 714.5 774.8 160.5 608.7 482.6 291.8 496.9 440.8 594.2 119.9 468.8 196.9 675.6 697.5 683.6 562.6 628.7 670.5 612.7 473.8 658.2 528.3 631.8 582.3 111.5 555.8 456.6 493.3 733.9 672.6 494.6 112.0 573.1 684.7 553.5 57.7 523.3 598.8 547.5 405.7 586.1 705.7 223.7 531.1 26.6 174.2 146.7 459.5 115.7 589.5 221.6 539.3 111.5 285.5 707.1 127.3 448.8 526.4 648.9 201.6 512.7 470.6 642.1 217.2 111.9 563.0 592.9 703.1 508.7 647.0 659.6 244.1 228.6 601.0 586.3 809.0 588.2 465.5 516.4 772.4 139.9 548.5 350.6 684.2 0.0 687.9 667.7 426.2 643.7 131.4 662.7 697.6 148.6 508.9 579.2 189.8 530.6 450.1 167.5 461.8 129.3 718.8 459.3 245.1 623.9 662.0 676.2
1348.6 713.5 307.5 794.5 295.3 231.0 280.4 156.9 795.3 107.8 347.4 895.2 422.2 386.1 283.6 737.8 410.7 848.0 94.7 299.5 285.6 379.7 403.4 89.6 75.1 399.1 260.2 302.6 401.0 351.5 762.6 312.5 398.5 345.2 128.1 75.9 339.8 732.5 336.8 256.4 311.1 772.2 280.9 368.0 316.7 331.0 425.9 122.0 827.1 337.9 705.0 820.4 785.2 322.5 766.8 347.1 784.8 308.5 750.0 745.4 116.9 769.9 394.1 343.5 423.6 833.3 307.4 335.4 280.3 873.0 763.0 332.2 350.5 274.8 315.5 249.0 267.6 793.5 799.3 363.5 350.0 191.1 232.6 289.9 285.6 307.9 778.4 212.4 954.0 250.1 699.5 0.0 230.9 411.4 202.7 769.9 264.7 95.9 787.1 317.8 353.9 810.3 299.8 401.9 777.6 403.7 777.4 290.5 304.5 800.3 268.3 233.7 244.6
1282.8 647.7 241.7 728.7 123.8 165.2 108.5 212.6 729.5 134.3 281.6 829.4 356.4 320.3 217.8 672.0 344.9 782.2 201.2 142.0 128.1 313.9 337.6 196.1 138.3 333.3 101.1 236.8 335.2 285.7 696.8 246.7 332.7 279.4 171.7 198.2 274.0 666.7 271.0 124.4 245.3 706.4 224.0 302.2 250.9 265.2 360.1 194.8 761.3 272.1 627.4 754.6 688.6 256.7 701.0 281.3 719.0 242.7 684.2 679.6 209.1 682.0 328.3 277.7 357.8 767.5 241.6 269.6 214.5 742.1 697.2 266.4 284.7 152.3 249.7 91.5 78.3 762.2 733.5 297.7 284.2 246.8 166.8 224.1 219.8 136.0 712.6 146.6 888.2 78.2 633.7 213.5 0.0 345.6 109.5 704.1 107.2 223.2 721.3 252.0 288.1 744.5 227.1 336.1 711.8 337.9 702.0 148.6 250.3 734.5 202.5 119.3 55.3
1059.0 390.7 302.4 528.6 395.8 360.0 464.3 447.0 458.2 317.4 217.0 572.4 231.3 175.2 302.9 435.6 203.2 455.3 384.3 431.4 417.5 374.6 398.3 379.2 321.4 208.2 406.5 297.5 395.9 346.4 473.0 308.3 191.0 227.7 406.1 381.3 229.0 409.7 331.7 356.9 306.0 482.6 275.8 362.9 311.6 140.1 320.5 429.2 504.3 332.8 387.2 454.8 462.4 193.9 477.2 342.0 462.0 303.4 427.2 399.4 434.2 425.0 183.2 338.4 418.5 482.2 302.3 205.0 350.8 485.1 473.4 327.1 345.4 375.3 310.4 381.2 407.9 484.5 469.0 358.4 344.9 481.2 296.9 284.8 280.5 444.6 455.6 257.2 631.2 434.0 409.9 396.6 376.4 0.0 361.9 447.1 411.0 448.1 464.3 312.7 348.8 487.5 294.7 184.5 483.2 196.2 445.0 391.0 193.7 485.5 332.6 334.2 424.5
1358.7 604.4 324.8 742.3 194.8 248.3 263.3 225.5 671.9 228.6 364.7 786.1 439.5 403.4 300.9 649.3 428.0 669.0 295.5 230.4 216.5 397.0 420.7 290.4 232.6 416.4 205.5 319.9 418.3 368.8 643.3 330.7 415.8 362.5 184.6 221.6 357.1 623.4 354.1 155.9 328.4 705.6 298.2 385.3 334.0 348.3 439.1 207.7 718.0 355.2 600.9 668.5 676.1 341.6 700.2 364.4 675.7 325.8 640.9 633.8 212.7 638.7 411.4 360.8 440.9 695.9 324.7 352.7 297.6 698.8 643.0 349.5 367.8 174.3 332.8 180.2 206.9 698.2 682.7 380.8 367.3 259.7 249.9 307.2 302.9 243.6 669.3 229.7 844.9 233.0 632.9 296.2 207.8 428.7 0.0 660.8 210.0 226.6 678.0 335.1 371.2 701.2 317.1 392.7 696.9 421.0 658.7 190.0 321.8 699.2 285.6 133.2 223.5
1086.3 123.9 552.6 165.2 781.5 716.3 784.0 832.7 196.1 673.7 547.6 155.9 561.9 505.8 659.2 123.1 538.3 188.5 740.6 762.5 748.6 627.6 698.2 735.5 677.7 538.8 723.2 593.3 696.8 647.3 177.1 619.9 521.6 558.3 791.8 737.6 564.1 129.5 642.6 747.1 618.5 193.6 597.2 668.3 617.0 470.7 647.0 814.9 200.7 596.1 75.1 216.7 8.3 514.5 252.1 654.5 195.2 604.3 30.9 347.9 762.8 166.2 513.8 591.4 713.9 211.4 577.7 535.6 707.1 180.0 176.8 628.0 657.9 761.0 573.7 712.0 745.6 238.4 209.7 666.0 651.3 866.9 653.2 530.5 585.9 830.3 32.3 613.5 98.5 753.7 130.6 752.9 730.0 484.1 708.7 0.0 723.9 762.6 88.6 573.9 644.2 211.1 588.7 541.6 104.0 526.8 58.3 776.7 535.9 210.7 688.9 719.9 741.2
1309.8 674.7 264.0 751.0 148.1 192.2 210.3 316.7 751.8 191.9 308.6 856.4 383.4 347.3 244.8 701.1 371.9 809.2 258.8 77.5 63.6 340.9 364.6 253.7 195.9 360.3 96.4 259.1 362.2 308.0 723.8 273.7 359.7 306.4 275.8 255.8 296.3 693.7 298.0 59.9 272.3 728.7 251.0 329.2 273.2 292.2 387.1 288.9 788.3 294.4 654.4 776.9 715.6 275.5 728.0 308.3 746.0 269.7 711.2 706.6 281.0 731.1 355.3 304.7 384.8 794.5 263.9 296.6 241.5 834.2 719.5 293.4 311.7 87.8 276.7 27.0 118.8 789.2 755.8 324.7 311.2 346.2 193.8 251.1 242.1 196.9 739.6 173.6 910.5 184.7 660.7 266.4 128.1 372.6 216.0 715.6 0.0 280.8 748.3 279.0 315.1 771.5 254.1 363.1 738.8 364.9 738.6 138.6 277.3 756.8 229.5 86.5 114.4
1338.9 703.8 297.8 784.8 285.6 221.3 270.7 117.7 785.6 98.1 337.7 885.5 412.5 376.4 273.9 748.7 401.0 838.3 120.0 289.8 275.9 370.0 393.7 114.9 65.4 389.4 250.5 292.9 391.3 341.8 752.9 302.8 388.8 335.5 77.6 20.4 330.1 722.8 327.1 246.7 301.4 762.5 280.1 358.3 307.0 321.3 416.2 71.5 817.4 328.2 683.5 810.7 744.7 312.8 757.1 337.4 775.1 298.8 740.3 735.7 114.2 760.2 384.4 333.8 413.9 823.6 297.7 325.7 270.6 798.2 753.3 322.5 340.8 265.1 305.8 239.3 257.9 818.3 789.6 353.8 340.3 151.9 222.9 280.2 275.9 298.2 768.7 202.7 944.3 240.4 689.8 95.0 221.2 401.7 152.2 760.2 251.2 0.0 777.4 308.1 344.2 800.6 290.1 392.2 767.9 394.0 758.1 280.8 306.4 790.6 258.6 224.0 234.9
1094.4 132.0 556.2 171.2 789.6 724.4 787.6 840.8 181.2 681.8 555.7 274.8 570.0 513.9 667.3 110.8 541.9 196.6 748.7 770.6 756.7 635.7 701.8 743.6 685.8 546.9 731.3 601.4 704.9 655.4 166.7 628.0 529.7 566.4 799.9 745.7 567.7 105.1 646.2 750.7 626.6 201.7 600.1 671.9 620.6 478.8 659.2 823.0 206.7 604.2 66.0 206.3 108.3 530.8 255.7 662.6 203.3 612.4 53.0 351.5 770.9 155.8 521.9 599.5 722.0 212.9 585.8 543.7 715.2 252.6 166.4 636.1 666.0 769.1 581.8 720.1 753.7 225.8 217.8 674.1 659.4 875.0 661.3 538.6 589.5 838.4 101.5 621.6 333.6 757.3 138.7 761.0 738.1 492.2 716.8 77.5 732.0 770.7 0.0 582.0 652.3 196.2 603.7 523.2 45.7 534.9 64.3 784.8 544.0 218.8 697.0 728.0 749.3
1169.1 534.0 159.3 671.9 282.7 240.7 303.9 327.2 601.5 198.1 183.9 715.7 242.7 206.6 183.6 578.9 231.2 668.5 265.0 286.9 273.0 103.7 255.2 259.9 202.1 219.6 247.6 154.4 252.8 203.3 583.1 108.6 219.0 69.2 295.3 262.0 191.6 553.0 86.0 243.8 81.0 592.7 70.9 219.8 168.5 151.5 145.8 295.1 647.6 189.7 547.9 598.1 605.7 160.8 587.3 142.3 605.3 160.3 570.5 565.9 296.5 568.3 214.6 67.5 275.4 625.5 25.6 171.9 231.5 628.4 583.5 184.0 123.7 262.2 167.3 236.4 249.0 627.8 612.3 113.9 99.2 361.4 177.6 141.7 137.4 331.4 598.9 137.9 774.5 273.6 520.0 277.3 257.1 231.9 233.1 590.4 252.1 287.0 607.6 0.0 205.7 630.8 151.6 195.9 626.5 224.2 588.3 277.9 156.3 628.8 213.3 221.1 265.6
1201.8 566.7 86.4 704.6 358.8 316.8 380.0 403.3 634.2 274.2 200.6 748.4 275.4 239.3 259.7 611.6 263.9 701.2 341.1 363.0 349.1 287.6 49.4 336.0 278.2 252.3 323.7 102.7 84.2 87.5 615.8 221.3 251.7 247.3 371.4 338.1 193.0 585.7 244.7 319.9 219.0 625.4 188.8 60.3 80.2 184.2 329.7 371.2 680.3 71.0 580.6 630.8 638.4 177.5 620.0 255.0 638.0 99.6 603.2 598.6 372.6 601.0 247.3 251.4 69.6 658.2 215.3 188.6 307.6 661.1 616.2 54.8 258.4 338.3 111.3 312.5 325.1 660.5 645.0 271.4 257.9 437.5 253.7 104.0 132.1 407.5 631.6 214.0 807.2 349.7 552.7 353.4 333.2 264.6 309.2 623.1 328.2 363.1 640.3 225.7 0.0 663.5 119.9 228.6 659.2 256.9 621.0 354.0 157.7 661.5 289.4 297.2 341.7
1119.3 95.6 581.1 102.8 814.5 749.3 812.5 865.7 54.0 706.7 580.6 203.5 594.9 538.8 692.2 132.6 566.8 132.5 773.6 795.5 781.6 660.6 726.7 768.5 710.7 571.8 756.2 626.3 729.8 680.3 116.5 652.9 554.6 591.3 824.8 770.6 592.6 88.2 671.1 775.6 651.5 227.4 621.3 696.8 645.5 503.7 684.1 847.9 135.4 629.1 208.9 44.6 233.1 547.5 213.5 687.5 139.2 637.3 177.8 376.4 795.8 63.3 546.8 624.4 746.9 141.6 610.7 568.6 740.1 131.4 116.2 661.0 690.9 794.0 606.7 745.0 757.6 161.7 153.7 699.0 684.3 899.9 686.2 563.5 614.4 863.3 226.3 646.5 262.3 782.2 181.6 785.9 763.0 517.1 741.7 217.8 760.7 795.6 194.9 606.9 677.2 0.0 621.7 574.6 142.9 559.8 150.4 809.7 568.9 154.7 721.9 752.9 774.2
1165.5 530.4 122.0 609.0 299.4 257.4 320.6 343.9 609.8 214.8 164.3 712.1 239.1 203.0 200.3 554.7 225.2 664.9 281.7 303.6 289.7 225.8 144.1 276.6 218.8 216.0 264.3 25.3 139.4 89.8 579.5 161.9 215.4 193.7 312.0 278.7 160.0 549.4 185.3 258.1 162.9 586.7 133.1 112.0 57.4 147.9 270.3 311.8 644.0 82.8 521.9 640.6 602.1 138.8 587.0 195.6 601.7 49.2 566.9 562.3 301.5 564.7 211.0 192.0 164.3 647.8 160.0 152.3 248.2 624.8 577.5 72.9 199.0 278.9 44.9 253.1 265.7 624.2 613.8 212.0 198.5 378.1 194.3 106.8 72.7 348.1 592.9 154.6 768.5 290.3 516.4 297.3 268.7 228.3 249.8 586.8 268.8 307.0 601.6 166.3 94.6 624.8 0.0 192.3 592.1 220.6 584.7 297.9 121.4 614.8 230.0 237.8 282.3
1077.3 442.2 157.1 547.3 367.3 325.3 412.6 411.8 548.1 282.7 156.6 623.9 92.3 96.8 268.2 468.6 128.8 576.7 349.6 371.5 357.6 236.6 326.8 344.5 286.7 69.2 332.2 202.3 329.9 256.3 491.3 228.9 127.2 167.3 379.9 346.6 168.6 461.2 271.2 328.4 227.5 525.0 206.2 272.8 245.6 60.3 256.0 379.7 555.8 229.2 421.9 549.1 483.1 123.5 519.6 263.5 513.5 213.3 478.7 474.1 371.8 498.6 104.8 200.4 322.9 586.1 210.8 144.6 316.1 601.7 515.8 237.0 266.9 346.8 182.7 321.0 354.6 556.7 552.1 275.0 260.3 470.1 262.2 139.5 214.5 416.0 531.2 222.5 706.8 382.3 428.2 361.9 363.1 140.1 317.7 483.1 332.9 371.6 539.9 182.9 253.2 539.0 197.7 0.0 530.4 132.4 506.1 362.5 144.9 553.1 297.9 305.7 350.2
1085.9 100.0 547.7 167.4 781.1 715.9 779.1 832.3 135.4 673.3 547.2 271.0 561.5 505.4 658.8 65.4 533.4 164.6 740.2 762.1 748.2 627.2 693.3 735.1 677.3 538.4 722.8 592.9 696.4 646.9 120.9 619.5 521.2 557.9 791.4 737.2 559.2 59.3 637.7 742.2 618.1 193.2 587.9 663.4 612.1 470.3 646.6 814.5 202.9 595.7 102.0 160.5 129.2 514.1 219.1 654.1 171.3 603.9 73.9 343.0 762.4 110.0 513.4 591.0 713.5 209.1 577.3 535.2 706.7 138.8 120.6 627.6 657.5 760.6 573.3 711.6 745.2 193.8 185.8 665.6 650.9 866.5 652.8 530.1 581.0 829.9 122.4 613.1 329.8 748.8 130.2 752.5 729.6 483.7 708.3 98.4 723.5 762.2 66.7 573.5 643.8 150.4 588.3 514.7 0.0 526.4 75.6 776.3 523.9 186.8 688.5 719.5 740.8
1090.1 455.0 186.5 592.9 396.7 354.7 417.9 441.2 522.5 312.1 186.0 636.7 117.4 144.2 297.6 499.9 54.9 589.5 379.0 400.9 387.0 266.0 332.1 373.9 316.1 145.1 361.6 231.7 335.2 285.7 504.1 259.2 42.7 196.7 409.3 376.0 198.0 474.0 276.5 357.8 256.9 513.7 226.7 302.2 250.9 109.1 289.5 409.1 568.6 234.5 468.9 519.1 526.7 162.9 508.3 292.9 526.3 242.7 491.5 486.9 410.5 489.3 152.2 229.8 352.3 546.5 216.1 174.0 345.5 549.4 504.5 266.4 296.3 376.2 212.1 350.4 363.0 548.8 533.3 304.4 289.7 475.4 291.6 168.9 219.8 445.4 519.9 251.9 695.5 387.6 441.0 391.3 371.1 152.9 347.1 511.4 366.1 401.0 528.6 212.3 282.6 551.8 234.0 153.5 547.5 0.0 509.3 391.9 162.7 549.8 327.3 335.1 379.6
1073.2 107.4 544.6 106.8 768.4 703.2 776.0 819.6 133.2 660.6 534.5 220.0 548.8 492.7 646.1 74.3 520.7 172.0 727.5 749.4 735.5 624.1 680.6 722.4 664.6 525.7 710.1 580.2 683.7 643.8 128.3 606.8 508.5 545.2 778.7 724.5 546.5 80.7 625.0 729.5 605.4 180.5 584.1 650.7 609.0 457.6 633.9 801.8 151.9 583.0 62.0 167.9 42.2 501.4 216.9 641.4 169.1 591.2 17.7 330.3 759.3 117.4 500.7 578.3 700.8 148.5 564.6 522.5 694.0 197.8 128.0 614.9 644.8 747.9 560.6 698.9 732.5 221.9 193.2 652.9 638.2 853.8 640.1 517.4 568.3 817.2 66.2 600.4 269.2 736.1 117.5 739.8 716.9 471.0 695.6 42.2 710.8 749.5 34.8 560.8 631.1 148.2 575.6 528.5 64.3 513.7 0.0 763.6 522.8 194.2 675.8 706.8 728.1
1324.7 670.5 283.6 751.5 100.8 207.1 169.3 285.8 752.3 206.8 323.5 852.2 398.3 362.2 259.7 715.4 386.8 824.1 273.7 156.4 142.5 355.8 379.5 268.6 210.8 375.2 164.3 278.7 377.1 327.6 738.7 288.6 374.6 321.3 244.9 270.7 315.9 689.5 312.9 81.9 287.2 748.3 257.0 344.1 292.8 307.1 402.0 268.0 784.1 314.0 650.2 777.4 742.2 298.6 742.9 323.2 741.8 284.6 707.0 699.9 282.3 704.8 370.2 319.6 399.7 790.3 283.5 311.5 256.4 764.9 739.1 308.3 326.6 100.3 291.6 106.2 186.7 769.6 756.3 339.6 326.1 320.0 208.7 266.0 261.7 149.6 735.4 188.5 911.0 139.0 675.6 286.0 158.9 387.5 200.7 726.9 138.6 286.9 744.1 293.9 330.0 767.3 275.9 378.0 734.6 379.8 724.8 0.0 280.6 757.3 244.4 46.7 172.6
1091.5 456.4 91.2 548.8 301.4 259.4 322.6 345.9 549.6 216.8 60.5 638.1 165.1 129.0 202.3 482.8 153.6 590.9 283.7 305.6 291.7 217.7 248.2 278.6 220.8 142.0 266.3 136.4 251.3 201.8 505.5 163.0 141.4 137.0 314.0 280.7 35.2 475.4 187.3 273.9 161.6 515.1 140.3 218.3 155.6 73.9 225.7 313.8 570.0 139.2 436.1 563.3 497.3 57.2 521.1 197.6 539.1 147.4 492.9 488.3 305.9 512.8 137.0 170.1 257.0 576.2 167.8 48.5 250.2 615.9 517.3 171.1 201.0 280.9 116.8 255.1 288.7 570.9 553.6 214.0 200.5 380.1 196.3 73.6 124.5 350.1 521.3 156.6 708.3 292.3 442.4 296.0 273.1 154.3 251.8 497.3 267.0 305.7 530.0 152.6 187.3 564.6 131.8 144.8 520.5 146.6 520.3 296.6 0.0 554.6 232.0 239.8 284.3
1084.3 106.2 546.1 121.0 779.5 714.3 777.5 830.7 140.1 671.7 545.6 221.7 559.9 503.8 657.2 151.6 531.8 59.0 738.6 760.5 746.6 625.6 691.7 733.5 675.7 536.8 721.2 591.3 694.8 645.3 99.5 617.9 519.6 556.3 789.8 735.6 557.6 107.2 636.1 740.6 616.5 209.6 586.3 661.8 610.5 468.7 645.0 812.9 153.6 594.1 128.6 137.2 220.6 512.5 60.3 652.5 15.7 602.3 185.4 341.4 760.8 99.6 511.8 589.4 711.9 159.8 576.5 533.6 705.1 199.5 99.2 626.0 655.9 759.0 571.7 710.0 743.6 57.1 55.0 664.0 649.3 864.9 651.2 528.5 579.4 828.3 213.8 611.5 280.5 747.2 146.6 750.9 728.0 482.1 706.7 205.3 721.9 760.6 222.5 571.9 642.2 157.1 586.7 513.1 161.9 524.8 169.4 774.7 522.3 0.0 686.9 717.9 739.2
1299.5 664.4 258.4 802.3 262.2 181.9 283.4 306.7 731.9 177.6 298.3 846.1 373.1 337.0 41.9 709.3 361.6 798.9 244.5 266.4 252.5 330.6 354.3 239.4 181.6 350.0 227.1 253.5 351.9 302.4 713.5 264.3 349.4 296.1 274.8 241.5 290.7 683.4 287.7 223.3 262.0 723.1 231.8 318.9 267.6 281.9 372.7 274.6 778.0 288.8 678.3 728.5 736.1 275.2 717.7 298.0 735.7 259.4 700.9 696.3 276.0 698.7 345.0 294.4 374.5 755.9 258.3 286.3 231.2 758.8 713.9 283.1 301.4 241.7 266.4 215.9 228.5 758.2 742.7 314.4 300.9 340.9 58.6 240.8 236.5 310.9 729.3 94.4 904.9 253.1 650.4 256.8 236.6 362.3 212.6 720.8 231.6 266.5 738.0 268.7 304.8 761.2 250.7 326.3 756.9 354.6 718.7 257.4 255.4 759.2 0.0 200.6 245.1
1277.9 623.7 236.8 761.6 61.5 160.3 130.0 239.0 691.2 160.0 276.7 805.4 351.5 315.4 212.9 668.6 340.0 777.3 226.9 109.6 95.7 309.0 332.7 221.8 164.0 328.4 117.5 231.9 330.3 280.8 691.9 242.7 327.8 274.5 198.1 223.9 269.1 642.7 266.1 35.1 240.4 701.5 210.2 297.3 246.0 260.3 351.1 221.2 737.3 267.2 656.7 687.8 695.4 253.6 696.1 276.4 695.0 237.8 660.2 653.1 226.2 658.0 323.4 272.8 352.9 715.2 236.7 264.7 209.6 718.1 692.3 261.5 279.8 53.5 244.8 59.4 118.9 717.5 702.0 292.8 279.3 273.2 161.9 219.2 214.9 110.3 688.6 141.7 864.2 99.7 628.8 239.2 122.3 340.7 153.9 680.1 95.6 240.1 697.3 247.1 283.2 720.5 229.1 304.7 716.2 333.0 678.0 56.7 233.8 718.5 197.6 0.0 133.3
1296.5 661.4 255.4 799.3 137.5 178.9 122.2 226.3 728.9 148.0 295.3 843.1 370.1 334.0 231.5 706.3 358.6 795.9 214.9 128.3 114.4 327.6 351.3 209.8 152.0 347.0 87.4 250.5 348.9 299.4 710.5 261.3 346.4 293.1 185.4 211.9 287.7 680.4 284.7 110.7 259.0 720.1 228.8 315.9 264.6 278.9 369.7 208.5 775.0 285.8 675.3 725.5 733.1 272.2 714.7 295.0 732.7 256.4 697.9 693.3 213.5 695.7 342.0 291.4 371.5 752.9 255.3 283.3 228.2 755.8 710.9 280.1 298.4 138.6 263.4 77.8 43.6 755.2 739.7 311.4 297.9 260.5 180.5 237.8 233.5 149.7 726.3 160.3 901.9 91.9 647.4 227.2 38.0 359.3 123.2 717.8 93.5 236.9 735.0 265.7 301.8 758.2 247.7 323.3 753.9 351.6 715.7 162.3 252.4 756.2 216.2 115.5 0.0
