Name		2195_BED-Amazon_n121_m242_bt33
Number_of_Customers	121
Number_of_Items		242
Number_of_ItemTypes	33
Number_of_Vehicles	1
TimeWindows		0
Dist_type	manual

VEHICLE
Mass_Capacity	1693
CargoSpace_Length	160
CargoSpace_Width	70
CargoSpace_Height	72

CUSTOMERS
i	x	y	Demand	ReadyTime	DueDate	ServiceTime	DemandedMass	DemandedVolume
0	33.918699	-118.324843	0	0	0	0	0	0
1	34.042114	-118.407581	1	0	0	0	5.29	8075
2	34.034321	-118.398654	2	0	0	0	5.4	4020
3	34.02519	-118.400258	2	0	0	0	6.85	2460
4	34.036751	-118.407872	1	0	0	0	1.75	4608
5	34.032038	-118.399593	2	0	0	0	5.4	4020
6	34.030911	-118.404401	2	0	0	0	7.85	28880
7	34.031174	-118.399945	1	0	0	0	14.1	4140
8	34.034854	-118.408287	1	0	0	0	9.4	2760
9	34.03332	-118.40488	1	0	0	0	4.7	1380
10	34.028934	-118.401637	1	0	0	0	2.15	1080
11	34.035569	-118.406223	2	0	0	0	3.61	16160
12	34.038851	-118.405085	1	0	0	0	1.9	1176
13	34.03447	-118.407915	1	0	0	0	4.7	1380
14	34.038495	-118.404085	1	0	0	0	4.7	1380
15	34.033735	-118.415663	1	0	0	0	3.82	8580
16	34.040803	-118.402241	1	0	0	0	0.7	2640
17	34.030804	-118.405439	1	0	0	0	1.75	4608
18	34.042003	-118.402308	1	0	0	0	14.1	4140
19	34.03882	-118.40188	1	0	0	0	14.1	4140
20	34.031095	-118.403002	2	0	0	0	8.2	10596
21	34.030375	-118.404656	2	0	0	0	9.1	6160
22	34.037823	-118.410738	5	0	0	0	16.91	24608
23	34.033009	-118.412393	2	0	0	0	7.6	19254
24	34.024647	-118.400887	3	0	0	0	5.05	11064
25	34.033079	-118.400246	1	0	0	0	4.8	6200
26	34.033934	-118.400656	1	0	0	0	4.7	1380
27	34.04118	-118.409386	4	0	0	0	11.72	32641
28	34.027277	-118.401184	5	0	0	0	17.14	29932
29	34.039494	-118.401657	4	0	0	0	16.61	38052
30	34.043304	-118.403667	1	0	0	0	7.63	16848
31	34.042058	-118.407174	1	0	0	0	9.4	2760
32	34.032582	-118.413466	1	0	0	0	10.58	16150
33	34.033019	-118.408791	1	0	0	0	2.15	1080
34	34.037415	-118.399952	1	0	0	0	9.4	2760
35	34.043194	-118.402024	1	0	0	0	3.44	17100
36	34.033276	-118.408231	1	0	0	0	4.7	1380
37	34.041501	-118.404742	1	0	0	0	5.25	18480
38	34.034237	-118.415252	2	0	0	0	3.48	8492
39	34.036513	-118.40477	2	0	0	0	7.2	5358
40	34.041034	-118.409912	1	0	0	0	7.3	3640
41	34.037345	-118.409545	4	0	0	0	23.45	30448
42	34.02603	-118.399786	2	0	0	0	9.99	9455
43	34.039421	-118.409617	4	0	0	0	18.73	26140
44	34.037509	-118.40724	1	0	0	0	4.7	1380
45	34.031696	-118.406143	1	0	0	0	2.6	10400
46	34.033614	-118.404255	1	0	0	0	0.7	2640
47	34.027957	-118.40165	4	0	0	0	38.12	31168
48	34.043669	-118.402672	3	0	0	0	12.95	21198
49	34.0267	-118.401412	3	0	0	0	20.31	12616
50	34.038422	-118.402002	2	0	0	0	6.45	5988
51	34.038418	-118.40692	2	0	0	0	5.4	4020
52	34.035083	-118.407491	1	0	0	0	0.7	2640
53	34.034908	-118.409868	1	0	0	0	2.5	3978
54	34.034578	-118.406733	1	0	0	0	0.7	2640
55	34.031854	-118.404479	1	0	0	0	1.75	4608
56	34.037644	-118.404304	2	0	0	0	2.6	3816
57	34.038544	-118.408802	1	0	0	0	1.9	1176
58	34.038094	-118.40519	1	0	0	0	1.9	1176
59	34.04251	-118.400653	1	0	0	0	4.7	1380
60	34.034661	-118.404295	1	0	0	0	4.7	1380
61	34.034148	-118.416439	1	0	0	0	1.75	4608
62	34.03865	-118.404724	1	0	0	0	3.82	8580
63	34.035638	-118.403323	1	0	0	0	12.6	25520
64	34.03553	-118.40251	1	0	0	0	0.7	2640
65	34.031783	-118.400653	1	0	0	0	1.4	5280
66	34.037988	-118.402814	1	0	0	0	4.7	1380
67	34.034854	-118.399894	1	0	0	0	4.7	1380
68	34.039781	-118.403071	1	0	0	0	1.9	1176
69	34.028379	-118.402681	1	0	0	0	4.7	1380
70	34.03469	-118.399327	1	0	0	0	0.7	2640
71	34.028562	-118.402821	2	0	0	0	17.3	26900
72	34.026386	-118.40222	2	0	0	0	6.6	2556
73	34.02786	-118.402281	4	0	0	0	12.61	17604
74	34.031675	-118.400699	1	0	0	0	4.7	1380
75	34.035096	-118.409632	1	0	0	0	0.7	2640
76	34.03431	-118.407477	1	0	0	0	9.4	2760
77	34.034564	-118.413227	1	0	0	0	2.15	1080
78	34.035216	-118.413271	1	0	0	0	4.7	1380
79	34.026275	-118.399198	3	0	0	0	13.3	12018
80	34.038416	-118.410649	3	0	0	0	13.9	7752
81	34.0383	-118.406153	1	0	0	0	3.82	8580
82	34.03299	-118.403468	1	0	0	0	9.4	2760
83	34.034346	-118.403639	2	0	0	0	12.0	5020
84	34.044692	-118.403085	2	0	0	0	7.3	11780
85	34.030648	-118.402596	3	0	0	0	12.0	6576
86	34.042575	-118.406787	2	0	0	0	14.89	32640
87	34.043134	-118.400775	1	0	0	0	14.1	4140
88	34.033414	-118.4033	1	0	0	0	4.7	1380
89	34.025862	-118.401815	1	0	0	0	14.1	4140
90	34.03884	-118.40874	1	0	0	0	1.9	1176
91	34.033017	-118.402349	2	0	0	0	2.6	3816
92	34.037831	-118.405289	2	0	0	0	5.4	4020
93	34.025954	-118.40084	6	0	0	0	24.76	29592
94	34.033978	-118.40195	1	0	0	0	0.7	2640
95	34.035835	-118.401476	1	0	0	0	0.7	2640
96	34.03483	-118.406532	8	0	0	0	23.92	71093
97	34.040218	-118.404925	6	0	0	0	18.82	35612
98	34.027435	-118.401966	1	0	0	0	4.7	1380
99	34.035726	-118.409175	1	0	0	0	3.01	5544
100	34.033023	-118.407536	1	0	0	0	4.7	1380
101	34.030365	-118.404639	1	0	0	0	4.7	1380
102	34.044276	-118.40205	1	0	0	0	1.8	2520
103	34.034134	-118.412177	1	0	0	0	0.7	2640
104	34.040411	-118.402432	2	0	0	0	6.45	5988
105	34.034551	-118.404611	1	0	0	0	4.7	1380
106	34.03669	-118.410257	1	0	0	0	6.71	29760
107	34.028157	-118.400853	1	0	0	0	7.3	3640
108	34.028219	-118.403631	2	0	0	0	9.2	4816
109	34.033323	-118.408724	1	0	0	0	2.5	3978
110	34.024325	-118.400637	1	0	0	0	4.7	1380
111	34.036594	-118.405798	2	0	0	0	5.4	4020
112	34.035604	-118.410068	3	0	0	0	11.84	18883
113	34.030505	-118.406428	2	0	0	0	8.52	8980
114	34.043279	-118.406334	1	0	0	0	0.7	2640
115	34.043771	-118.404109	2	0	0	0	6.85	2460
116	34.036152	-118.403648	1	0	0	0	0.7	2640
117	34.028087	-118.402456	2	0	0	0	7.2	5358
118	34.04028	-118.407259	1	0	0	0	4.3	2160
119	34.0322	-118.402686	1	0	0	0	4.7	1380
120	34.040069	-118.404143	1	0	0	0	4.7	1380
121	34.042158	-118.401314	1	0	0	0	4.7	1380

ITEMS
Type	Length	Width	Height	Mass	Fragility	LoadBearingStrength
Bt1	10	10	10	14.15	1	0
Bt2	18	12	5	2.15	1	0
Bt3	21	14	4	1.9	1	0
Bt4	23	15	4	4.7	1	0
Bt5	20	18	7	1.8	1	0
Bt6	15	11	16	0.7	1	0
Bt7	34	10	10	1.59	1	0
Bt8	20	14	13	7.3	1	0
Bt9	17	13	18	2.5	1	0
Bt10	29	15	10	4.66	1	0
Bt11	24	12	16	1.75	1	0
Bt12	28	22	9	3.01	1	0
Bt13	28	19	11	2.78	1	0
Bt14	31	20	10	4.8	1	0
Bt15	40	19	10	3.82	1	0
Bt16	48	20	8	5.11	1	0
Bt17	25	19	17	5.29	1	0
Bt18	22	15	26	3.816	1	0
Bt19	28	18	18	2.75	1	0
Bt20	29	25	13	1.77	1	0
Bt21	50	20	10	4.73	1	0
Bt22	40	20	13	2.6	1	0
Bt23	29	24	15	4.26	1	0
Bt24	40	19	14	4.19	1	0
Bt25	29	27	15	2.11	1	0
Bt26	26	20	26	2.91	1	0
Bt27	27	23	24	2.94	1	0
Bt28	39	30	13	6.5	1	0
Bt29	39	27	16	7.63	1	0
Bt30	57	15	20	3.44	1	0
Bt31	33	20	28	5.25	1	0
Bt32	58	40	11	12.6	1	0
Bt33	31	30	32	6.706	1	0

DEMANDS PER CUSTOMER
i	Type Quantity
1	Bt17 1	
2	Bt6 1	Bt4 1	
3	Bt4 1	Bt2 1	
4	Bt11 1	
5	Bt6 1	Bt4 1	
6	Bt22 1	Bt31 1	
7	Bt4 3	
8	Bt4 2	
9	Bt4 1	
10	Bt2 1	
11	Bt26 1	Bt6 1	
12	Bt3 1	
13	Bt4 1	
14	Bt4 1	
15	Bt18 1	
16	Bt6 1	
17	Bt11 1	
18	Bt4 3	
19	Bt4 3	
20	Bt4 1	Bt11 2	
21	Bt5 1	Bt8 1	
22	Bt4 2	Bt2 1	Bt11 1	Bt6 1	Bt26 1	
23	Bt10 1	Bt27 1	
24	Bt3 1	Bt6 2	Bt11 1	
25	Bt14 1	
26	Bt4 1	
27	Bt26 1	Bt14 1	Bt25 1	Bt3 1	
28	Bt6 1	Bt14 1	Bt24 1	Bt19 1	Bt4 1	
29	Bt22 2	Bt4 1	Bt26 1	Bt3 2	
30	Bt29 1	
31	Bt4 2	
32	Bt17 2	
33	Bt2 1	
34	Bt4 2	
35	Bt30 1	
36	Bt4 1	
37	Bt31 1	
38	Bt6 1	Bt13 1	
39	Bt4 1	Bt9 1	
40	Bt8 1	
41	Bt4 1	Bt18 1	Bt8 1	Bt29 1	
42	Bt4 1	Bt17 1	
43	Bt4 1	Bt15 1	Bt8 1	Bt26 1	
44	Bt4 1	
45	Bt22 1	
46	Bt6 1	
47	Bt4 6	Bt6 1	Bt7 1	Bt29 1	
48	Bt28 1	Bt11 1	Bt4 1	
49	Bt3 1	Bt23 1	Bt1 1	
50	Bt11 1	Bt4 1	
51	Bt6 1	Bt4 1	
52	Bt6 1	
53	Bt9 1	
54	Bt6 1	
55	Bt11 1	
56	Bt6 1	Bt3 1	
57	Bt3 1	
58	Bt3 1	
59	Bt4 1	
60	Bt4 1	
61	Bt11 1	
62	Bt18 1	
63	Bt32 1	
64	Bt6 1	
65	Bt6 2	
66	Bt4 1	
67	Bt4 1	
68	Bt3 1	
69	Bt4 1	
70	Bt6 1	
71	Bt4 1	Bt32 1	
72	Bt4 1	Bt3 1	
73	Bt23 1	Bt4 1	Bt3 1	Bt11 1	
74	Bt4 1	
75	Bt6 1	
76	Bt4 2	
77	Bt2 1	
78	Bt4 1	
79	Bt4 2	Bt6 2	Bt9 1	
80	Bt4 2	Bt3 2	Bt6 1	
81	Bt18 1	
82	Bt4 2	
83	Bt4 1	Bt8 1	
84	Bt4 1	Bt22 1	
85	Bt3 1	Bt4 2	Bt6 1	
86	Bt21 3	Bt6 1	
87	Bt4 3	
88	Bt4 1	
89	Bt4 3	
90	Bt3 1	
91	Bt6 1	Bt3 1	
92	Bt4 1	Bt6 1	
93	Bt12 1	Bt11 1	Bt6 1	Bt22 1	Bt4 2	Bt8 1	
94	Bt6 1	
95	Bt6 1	
96	Bt6 1	Bt14 1	Bt26 1	Bt20 1	Bt21 1	Bt15 1	Bt30 1	Bt11 1	
97	Bt4 1	Bt11 2	Bt26 1	Bt3 1	Bt6 1	Bt16 1	
98	Bt4 1	
99	Bt12 1	
100	Bt4 1	
101	Bt4 1	
102	Bt5 1	
103	Bt6 1	
104	Bt11 1	Bt4 1	
105	Bt4 1	
106	Bt33 1	
107	Bt8 1	
108	Bt3 1	Bt8 1	
109	Bt9 1	
110	Bt4 1	
111	Bt4 1	Bt6 1	
112	Bt11 1	Bt17 1	Bt14 1	
113	Bt4 1	Bt15 1	
114	Bt6 1	
115	Bt4 1	Bt2 1	
116	Bt6 1	
117	Bt4 1	Bt9 1	
118	Bt2 2	
119	Bt4 1	
120	Bt4 1	
121	Bt4 1	

DISTANCE MATRIX
0.0 1790.6 1705.7 1469.2 1585.6 1672.3 1668.9 1571.1 1556.2 1685.8 1545.4 1639.5 1654.2 1565.3 1688.5 1576.0 1694.5 1581.9 1714.0 1720.7 1728.0 1613.7 1660.9 1523.9 1520.7 1643.1 1747.7 1740.0 1524.7 1705.3 1737.2 1723.2 1599.1 1549.1 1782.9 1724.8 1563.4 1682.7 1587.6 1640.0 1711.5 1599.1 1498.3 1697.4 1596.5 1656.4 1667.4 1537.4 1747.0 1493.0 1705.4 1608.4 1587.8 1524.4 1615.6 1635.7 1659.1 1701.9 1672.4 1744.6 1637.1 1540.1 1678.0 1661.4 1681.0 1594.4 1719.4 1748.3 1677.4 1538.7 1737.2 1542.6 1547.0 1527.6 1590.3 1527.3 1592.5 1628.0 1599.3 1506.4 1658.4 1647.6 1684.1 1649.2 1773.0 1701.2 1735.9 1756.7 1692.6 1532.5 1707.3 1759.4 1678.8 1485.2 1720.7 1761.2 1625.7 1632.0 1517.0 1537.4 1588.9 1613.5 1756.2 1630.2 1694.0 1630.5 1595.0 1558.2 1597.8 1585.0 1485.0 1646.2 1558.0 1596.1 1740.9 1749.0 1680.2 1532.4 1645.0 1743.0 1651.6 1737.7
1931.4 0.0 317.5 509.9 193.1 350.9 370.1 376.6 236.4 336.1 432.6 247.0 185.0 245.5 219.3 326.9 186.4 321.9 170.9 190.1 330.4 333.4 240.1 270.6 539.3 451.2 294.8 50.5 497.9 174.7 137.0 17.0 290.9 283.2 259.8 167.5 282.1 87.8 310.7 262.0 68.6 207.7 532.2 173.7 179.4 370.6 311.0 479.4 140.6 484.1 174.8 174.5 236.9 210.3 283.1 345.0 241.3 190.3 203.2 213.5 306.3 328.4 208.8 254.7 245.0 402.5 196.8 295.7 161.3 437.9 306.8 433.3 498.9 450.8 398.4 207.4 272.7 303.9 274.7 538.6 202.7 179.6 305.4 294.2 152.1 360.8 51.2 201.2 296.9 513.4 184.9 299.0 209.7 493.4 279.7 230.6 273.0 126.3 461.1 197.5 307.6 333.6 179.3 287.4 177.9 312.9 228.3 480.1 519.8 287.8 549.0 240.4 218.2 336.1 69.1 123.8 236.0 445.1 95.2 315.4 121.0 189.3
1854.3 324.2 0.0 250.4 246.2 33.3 194.6 54.9 273.9 223.1 173.1 243.9 216.7 260.9 192.4 357.4 226.7 152.9 254.0 147.2 107.6 141.4 333.4 283.3 293.7 133.6 62.8 315.5 237.0 165.1 300.6 298.0 303.6 211.4 112.5 240.4 225.7 238.0 336.4 211.2 308.1 315.2 281.7 314.5 277.2 214.5 198.0 219.8 265.3 224.6 139.5 293.8 256.3 257.1 279.8 160.5 219.5 290.6 237.2 225.5 193.3 362.6 202.9 166.7 138.3 84.9 159.0 42.5 201.6 178.4 31.4 173.8 257.5 191.3 80.8 260.0 256.7 293.8 269.4 269.4 300.5 268.0 154.0 181.2 291.3 99.2 291.2 237.6 162.5 272.0 296.0 142.2 243.7 233.9 122.9 118.9 269.9 235.0 201.6 270.1 251.2 141.2 269.8 282.1 218.2 199.9 332.1 220.6 259.6 296.2 303.4 230.6 307.2 196.9 309.1 319.0 188.8 185.6 268.1 141.0 202.6 218.6
1690.4 519.5 252.9 0.0 362.1 219.8 242.9 202.1 330.0 396.4 112.4 364.4 430.7 341.8 400.5 378.3 471.0 201.2 495.4 400.2 313.3 189.7 421.1 296.9 70.2 257.3 301.9 468.9 55.6 418.3 513.7 499.7 320.7 259.7 365.7 501.3 274.0 459.2 393.2 350.8 461.5 375.8 23.0 414.2 373.0 367.0 378.0 68.0 510.2 31.3 392.5 384.9 304.6 300.9 328.1 346.3 369.7 390.1 448.9 521.1 347.7 379.7 454.5 367.8 387.4 208.6 412.0 295.5 453.9 69.4 284.4 73.5 80.0 58.3 204.5 303.8 305.0 355.6 331.2 35.5 400.0 369.6 359.9 360.0 549.7 305.1 512.4 533.4 368.2 69.6 395.5 363.3 455.5 15.2 375.9 371.9 338.2 401.0 47.7 313.9 299.5 189.5 532.7 358.2 470.7 341.1 371.5 88.9 127.8 361.5 79.7 422.9 337.3 245.2 517.4 525.7 386.6 63.3 423.0 346.7 428.1 514.2
1792.6 191.7 233.7 371.1 0.0 267.1 213.8 292.8 76.7 186.4 293.8 53.8 102.9 66.7 126.4 209.7 143.2 165.6 162.7 169.4 185.7 177.1 87.1 131.8 400.5 367.4 200.2 141.1 359.1 154.0 185.9 171.9 152.1 93.0 197.2 173.5 95.9 131.4 211.2 76.5 133.7 68.9 393.4 68.2 45.2 178.9 161.3 340.6 195.7 345.3 154.1 57.1 43.8 71.5 89.9 158.2 95.6 44.3 100.0 193.3 113.8 211.1 125.2 75.7 95.3 318.7 133.7 201.1 126.1 299.1 212.2 294.5 360.1 312.0 314.6 68.6 82.5 160.3 135.9 399.8 51.1 68.2 155.7 125.9 221.7 208.9 184.6 205.4 147.2 374.6 49.7 154.3 93.1 354.6 135.0 179.8 79.8 80.7 322.3 58.7 121.4 177.3 204.9 148.6 142.7 107.2 89.5 341.3 381.0 146.4 410.2 60.5 79.4 179.8 189.6 197.7 94.5 306.3 93.7 170.7 100.3 186.4
1820.9 357.6 33.3 217.2 279.6 0.0 161.2 21.5 240.5 190.5 139.7 277.0 250.1 227.5 225.8 324.0 260.1 119.5 287.1 180.3 74.2 108.3 335.3 246.4 260.3 100.2 82.3 348.6 203.9 198.2 334.0 331.1 270.2 178.0 145.9 273.8 192.3 271.4 303.0 236.0 341.5 298.4 253.9 347.6 293.0 181.1 169.1 186.7 285.4 183.6 172.9 307.7 222.9 223.7 246.4 127.1 252.9 324.0 270.6 258.9 197.2 329.2 236.3 200.1 171.7 51.8 192.4 75.9 235.0 145.0 64.8 140.7 221.8 157.7 47.4 226.6 223.6 260.4 236.0 242.3 333.6 287.9 120.6 185.1 324.7 65.8 324.6 270.7 129.1 232.2 329.4 124.3 276.8 200.5 143.3 152.3 256.5 268.4 168.2 236.7 217.8 107.8 303.2 248.7 251.6 203.8 307.8 187.2 226.2 262.8 270.0 264.0 273.8 163.5 342.5 352.4 222.2 152.2 303.0 107.6 236.0 252.0
1832.4 364.0 227.5 245.6 201.7 196.6 0.0 178.9 162.2 236.4 168.1 202.0 260.2 149.2 240.5 245.7 308.5 56.7 333.6 312.1 227.1 66.0 257.0 168.1 288.7 234.1 332.3 313.4 229.8 312.6 358.2 344.2 189.7 99.7 329.3 345.8 114.0 303.7 224.7 188.4 306.0 220.1 261.7 267.8 214.7 207.0 218.0 212.6 354.7 212.0 304.4 227.2 144.6 145.4 168.1 186.3 209.7 246.1 259.4 365.6 187.7 250.9 251.0 207.8 227.4 185.4 265.8 333.2 283.4 173.4 344.3 168.8 250.2 186.3 181.3 148.3 145.0 182.1 157.7 274.2 256.0 209.6 232.5 197.6 394.0 234.8 354.7 377.7 243.2 260.6 251.5 266.7 250.3 226.7 267.1 311.9 176.0 243.3 196.6 158.4 139.5 68.4 377.2 170.4 297.8 181.1 229.5 215.6 254.6 184.5 298.4 217.7 193.3 85.2 361.9 370.0 226.6 178.4 267.5 252.5 272.6 358.7
1857.8 379.6 67.5 249.8 301.0 21.3 165.6 0.0 239.9 192.9 184.0 256.8 272.1 229.9 247.8 326.4 282.1 121.9 308.8 202.6 77.2 82.3 388.2 252.3 269.9 102.6 103.7 366.0 270.0 220.5 356.0 352.8 272.6 180.4 176.5 295.8 194.7 293.4 310.2 266.6 362.9 300.8 210.1 322.6 332.0 183.5 171.5 160.7 320.1 247.4 187.7 282.0 225.3 226.1 248.8 129.5 274.3 345.4 292.0 280.9 199.6 331.6 258.3 221.5 193.1 25.8 214.4 97.9 257.0 147.4 86.8 114.7 282.8 132.2 49.8 229.0 225.7 262.8 238.4 204.1 355.3 322.8 123.6 187.5 346.1 68.2 355.2 292.4 131.5 268.3 350.8 98.3 280.3 174.8 177.7 173.7 258.9 289.8 257.0 239.1 220.2 110.2 325.2 251.1 273.0 206.2 310.2 224.4 297.7 265.2 284.8 285.4 276.2 166.8 364.5 373.8 243.6 154.6 322.9 110.0 258.0 274.0
1764.8 236.6 288.3 312.2 79.2 321.4 169.5 249.1 0.0 176.0 234.7 98.1 147.8 9.0 180.1 181.9 188.1 123.3 209.3 211.3 166.7 137.5 129.6 100.5 369.7 304.3 254.8 186.0 326.9 195.9 230.8 216.8 121.3 50.7 251.8 218.4 53.6 176.3 192.8 130.2 178.6 89.7 328.3 128.1 90.1 146.6 157.6 281.4 227.3 278.6 192.4 99.0 39.8 43.7 59.3 125.9 152.0 107.2 154.6 238.2 127.3 183.3 171.6 130.3 149.9 258.3 188.3 255.7 171.0 240.0 266.8 235.4 330.0 281.2 251.5 40.8 36.2 141.1 108.1 340.8 127.9 104.8 177.0 139.4 266.6 176.6 226.5 250.3 182.8 340.4 112.6 208.5 147.7 323.8 189.6 234.4 72.1 122.6 263.2 31.0 79.1 135.0 249.8 120.8 184.6 120.7 88.6 282.2 321.2 104.1 382.4 115.1 36.2 136.6 234.5 242.6 149.1 275.5 140.1 192.1 145.2 231.3
1892.7 394.2 232.1 288.8 192.8 265.5 235.0 170.6 175.2 0.0 211.5 190.5 214.0 165.2 189.7 312.9 290.2 191.3 312.8 217.2 115.4 179.8 288.6 238.8 332.1 242.6 198.6 334.0 276.8 235.1 364.1 368.0 259.1 147.1 221.8 314.9 120.0 308.0 296.7 139.8 326.6 254.1 311.1 261.1 223.8 66.9 34.0 258.3 339.8 263.0 202.9 240.4 160.6 179.4 184.1 64.2 158.9 237.2 216.7 300.0 126.2 318.1 200.2 149.6 120.0 193.9 210.9 199.5 265.1 216.8 210.6 212.2 295.9 229.7 189.8 182.3 161.0 249.3 224.9 317.5 244.0 218.7 72.5 114.1 365.8 114.9 361.2 312.1 64.0 310.4 242.6 146.8 209.8 272.3 133.4 178.2 194.2 273.6 240.0 192.4 130.9 179.6 344.3 237.6 281.7 130.3 245.5 259.0 298.7 186.5 341.8 177.2 208.9 233.9 379.1 382.5 171.7 224.0 286.6 130.4 272.6 293.1
1757.3 436.1 169.5 126.3 278.7 136.1 161.5 101.9 249.3 313.0 0.0 280.8 347.3 258.4 317.1 294.9 387.6 117.8 407.1 316.8 143.5 106.3 337.7 217.0 165.9 173.9 218.5 385.5 93.0 334.7 430.3 416.3 237.3 176.3 282.1 417.9 190.6 375.8 306.5 267.2 378.1 292.2 113.3 330.6 289.6 283.6 294.6 47.5 440.1 100.5 302.5 301.5 221.2 217.5 244.7 262.9 286.3 306.7 365.5 437.7 264.3 296.3 371.1 284.4 304.0 125.2 328.6 212.1 370.5 54.3 201.0 49.7 118.1 67.2 121.1 220.4 221.6 272.2 247.8 105.9 313.5 286.2 171.5 276.4 466.1 116.7 429.0 449.8 180.0 132.6 312.1 174.9 371.9 109.8 292.5 288.5 254.8 325.1 77.5 230.5 216.1 106.1 449.3 274.8 387.1 257.7 288.1 47.4 120.7 278.1 175.6 339.3 251.1 162.7 434.0 442.1 303.2 61.5 338.1 158.5 344.7 430.8
1851.5 257.7 223.5 372.8 65.9 256.9 235.7 282.6 89.6 176.2 295.3 0.0 90.9 76.6 107.5 268.6 167.1 189.5 194.4 169.8 185.0 201.0 161.7 187.2 415.9 357.2 190.0 207.1 360.6 173.4 241.0 237.9 211.0 116.9 187.0 239.5 112.5 196.4 272.4 66.3 199.7 134.9 394.9 134.2 96.9 168.7 151.1 342.0 248.4 346.8 162.1 113.5 86.0 130.4 36.1 148.0 85.4 110.3 71.8 238.3 103.6 270.0 97.0 65.5 85.1 308.5 123.5 190.9 142.0 300.6 202.0 296.0 377.4 313.5 304.4 127.5 59.2 227.8 194.7 396.4 120.2 91.8 145.5 115.7 287.7 198.7 249.6 250.4 137.0 394.2 115.7 144.1 64.9 356.1 124.8 169.6 26.0 139.2 323.8 117.7 123.4 201.2 270.9 207.4 158.6 97.0 151.8 342.8 381.8 170.3 425.6 32.3 122.9 202.8 267.5 259.4 84.3 307.8 161.2 160.5 161.0 231.4
1877.0 191.6 225.2 420.0 107.1 258.6 298.6 284.3 161.5 237.4 342.7 86.8 0.0 151.5 34.2 294.1 76.1 250.4 98.7 97.8 236.7 261.9 194.3 216.2 463.3 358.9 202.5 140.1 408.0 82.4 150.0 165.4 236.5 177.8 167.5 155.6 159.9 105.4 318.4 76.9 132.7 153.3 442.3 141.0 113.7 216.1 212.3 389.5 177.8 394.2 82.5 100.5 128.6 155.9 122.9 195.4 56.2 135.9 18.1 147.3 151.0 295.5 23.7 126.7 146.3 310.2 77.6 203.4 51.0 348.0 214.5 343.4 427.1 360.9 306.1 153.0 146.0 244.7 220.3 448.7 158.3 70.5 206.7 163.1 203.8 246.1 158.6 159.4 198.2 441.6 130.5 205.3 24.6 403.5 186.0 138.3 112.8 79.7 371.2 143.1 170.8 262.1 187.0 233.0 67.6 144.4 173.9 390.2 429.9 226.4 473.0 55.3 163.8 264.6 176.5 168.4 97.9 355.2 92.7 221.7 70.0 140.4
1774.8 246.6 279.2 302.9 87.8 312.6 162.4 223.2 9.9 166.9 225.6 86.3 146.3 0.0 171.0 191.9 194.6 114.2 217.2 216.3 168.0 125.7 146.5 114.0 346.2 295.2 245.7 196.0 290.9 200.9 240.8 226.8 134.3 41.6 242.7 228.4 44.5 186.3 191.2 121.1 188.6 102.7 325.2 141.1 100.1 137.5 148.5 272.4 250.6 277.1 201.0 112.0 30.7 53.7 50.2 116.8 140.2 117.2 145.5 248.2 118.2 193.3 170.1 121.2 140.8 246.5 179.2 246.6 169.5 230.9 257.7 226.3 310.0 243.8 242.4 50.8 27.1 151.1 119.4 331.6 124.0 95.7 165.2 130.3 276.6 167.5 239.5 260.3 173.7 324.5 122.6 199.4 138.6 286.4 180.5 225.3 60.3 135.6 254.1 41.0 70.0 125.9 259.8 132.1 186.1 111.6 98.6 273.1 312.8 95.0 355.9 106.0 43.6 128.4 244.5 252.6 140.0 238.1 148.6 183.0 155.2 241.3
1901.3 215.9 202.1 385.7 112.4 235.5 273.5 261.2 166.8 206.4 308.4 110.1 24.2 156.8 0.0 318.4 100.4 225.3 123.0 89.6 205.7 236.8 208.2 240.5 429.0 335.8 179.4 164.4 373.7 106.7 174.3 189.7 260.8 152.7 144.4 179.9 125.6 129.7 302.3 42.6 157.0 177.6 408.0 165.3 138.0 181.8 181.3 355.2 202.1 359.9 75.3 124.8 133.9 185.0 146.2 161.1 21.9 156.8 44.7 171.6 116.7 319.8 10.5 95.7 115.3 287.1 43.3 180.3 75.3 313.7 191.4 309.1 392.8 326.6 283.0 187.9 166.6 254.9 230.5 414.4 163.6 94.8 175.7 128.8 228.1 211.8 182.9 183.7 167.2 407.3 162.2 174.3 51.2 369.2 155.0 115.2 136.1 104.0 336.9 167.4 136.5 237.0 211.3 243.2 91.9 110.1 198.3 355.9 395.6 192.1 438.7 81.9 200.5 239.5 200.8 192.7 63.6 320.9 117.0 190.7 94.3 164.7
1806.8 310.0 412.6 385.3 206.9 318.9 227.5 284.7 171.6 283.2 308.0 260.8 269.6 180.7 287.3 0.0 309.9 179.3 329.4 336.1 284.3 190.8 156.7 90.3 414.7 356.7 379.1 259.4 373.3 320.7 352.6 326.2 70.6 146.5 376.1 340.2 160.8 298.1 11.5 237.4 230.9 202.2 407.6 193.2 211.9 253.8 264.8 354.8 362.4 359.5 320.8 223.8 201.8 139.8 214.9 233.1 256.5 197.7 287.8 360.0 234.5 28.9 293.4 254.6 274.2 308.0 312.6 380.0 292.8 313.3 391.1 308.7 374.3 326.2 303.9 142.7 191.8 88.6 59.9 414.0 154.2 266.3 281.5 246.6 388.4 283.8 359.5 372.1 290.0 388.8 203.1 315.7 300.1 368.8 313.9 358.7 225.0 247.4 336.5 152.8 186.3 191.0 371.6 90.8 309.4 227.9 128.9 355.5 395.2 198.8 424.4 267.5 158.0 193.5 377.4 364.4 273.4 320.5 271.3 299.3 267.0 353.1
1914.2 181.9 201.1 451.6 168.7 234.5 342.2 260.2 205.1 254.1 374.3 171.9 85.0 195.1 119.3 331.3 0.0 294.0 22.5 87.4 248.4 305.5 226.7 253.4 494.9 334.8 212.8 167.1 439.6 69.5 73.8 155.7 273.7 221.4 177.8 79.4 224.3 95.7 342.9 162.0 159.7 190.5 482.9 178.2 150.9 288.6 229.0 421.1 101.6 425.8 92.8 137.7 172.2 193.1 208.0 263.0 141.3 173.1 103.2 71.1 224.3 332.7 108.8 172.7 163.0 286.1 114.8 213.7 25.0 379.6 217.1 375.0 458.7 392.5 282.0 190.2 210.9 281.9 257.5 475.5 190.7 107.7 223.4 212.2 127.6 278.8 148.9 83.2 214.9 473.2 167.7 217.0 109.7 435.1 197.7 148.6 197.9 83.8 402.8 180.3 249.8 305.7 110.8 270.2 8.4 229.5 211.1 421.8 461.5 274.8 504.6 140.4 201.0 308.2 126.7 92.2 154.0 386.8 119.7 233.4 60.3 64.2
1792.5 322.7 172.9 188.6 160.4 139.5 43.6 105.3 117.9 195.1 111.3 162.9 218.9 107.9 199.2 204.4 267.2 0.0 289.8 270.8 196.2 11.4 224.3 130.3 231.9 177.3 291.0 272.1 176.6 273.5 316.9 302.9 150.6 58.4 288.0 304.5 72.7 262.4 188.2 149.3 264.7 178.8 210.9 228.7 173.4 165.7 176.7 158.1 326.7 162.8 256.5 188.1 103.3 104.1 126.8 145.0 168.4 204.8 218.1 324.3 146.4 209.6 209.7 166.5 186.1 128.6 224.5 291.9 242.1 116.6 204.4 112.0 195.7 129.5 124.5 107.0 103.7 140.8 116.4 217.3 211.6 168.3 193.4 158.5 352.7 195.7 315.6 336.4 201.9 210.2 210.2 227.6 211.2 172.1 225.8 270.6 136.9 211.7 139.8 117.1 98.2 11.6 335.9 129.1 258.7 139.8 188.2 158.8 198.5 143.2 241.6 178.6 151.6 44.8 320.6 328.7 185.3 123.8 224.7 211.2 231.3 317.4
1921.0 161.3 225.3 475.8 196.0 258.7 369.5 279.8 232.4 281.4 398.5 199.2 112.3 222.4 146.6 338.1 27.2 321.3 0.0 111.6 292.4 332.8 233.5 256.7 528.9 359.0 240.1 178.4 463.8 93.7 46.5 134.2 280.5 248.7 205.1 52.1 251.6 88.2 344.9 189.3 171.0 197.3 512.7 185.0 178.2 315.9 256.3 445.2 64.2 450.0 120.1 165.0 199.5 199.9 235.3 290.3 168.6 179.9 130.5 95.3 251.6 339.5 136.1 200.0 190.3 310.3 142.1 241.0 52.3 403.8 241.3 399.2 488.5 416.7 306.2 197.0 238.2 288.7 264.3 494.8 200.6 135.0 250.7 239.5 100.3 306.1 141.4 85.4 242.2 503.4 174.5 244.3 137.0 459.3 225.0 175.9 225.2 90.8 427.0 187.1 277.1 333.0 83.5 277.0 35.7 256.8 217.9 446.0 485.7 302.1 538.6 167.7 210.4 334.6 135.3 64.9 181.3 411.0 123.9 260.7 87.6 73.9
1941.2 200.2 166.9 384.1 173.7 200.3 328.3 221.9 228.1 185.5 306.8 171.4 103.9 218.1 79.6 358.3 102.7 286.6 111.6 0.0 200.3 275.1 260.9 280.4 427.4 300.6 144.2 191.5 370.7 17.8 158.2 174.0 300.7 232.0 109.2 97.6 204.9 114.0 369.9 127.4 184.1 217.5 448.7 205.2 187.2 220.0 160.4 353.5 112.4 350.5 24.2 174.0 195.2 220.1 207.5 194.4 106.7 200.1 124.4 82.7 155.7 359.7 90.1 104.1 94.4 251.9 46.2 145.1 77.6 312.1 156.2 307.5 388.9 325.0 247.8 217.2 230.6 308.9 284.5 442.1 228.0 144.0 154.8 143.6 148.5 210.2 167.2 94.8 146.3 405.7 194.7 148.4 130.9 367.6 129.1 80.0 197.4 111.0 335.3 207.3 215.8 274.9 127.0 297.2 94.2 162.3 238.1 354.3 393.3 271.4 437.1 158.1 230.6 317.9 185.1 176.6 85.4 319.3 144.1 164.8 78.6 75.8
1791.4 369.6 177.8 187.5 210.5 103.5 133.7 85.6 192.9 115.7 110.2 208.2 235.4 186.6 211.1 294.5 272.1 90.0 299.4 192.6 0.0 78.5 296.6 220.4 227.0 141.3 144.3 355.9 197.8 196.3 346.0 329.2 264.4 148.5 176.5 290.3 141.4 283.4 278.3 161.2 344.3 265.1 209.8 277.7 241.5 106.3 94.3 153.1 305.1 157.9 178.3 257.0 182.0 194.2 205.5 52.3 176.6 254.9 234.4 275.4 122.4 299.7 221.6 142.1 112.5 88.8 203.4 145.2 247.0 115.5 156.3 110.9 194.6 128.4 88.5 197.1 178.7 230.9 206.5 216.2 263.7 236.4 42.1 106.6 345.4 37.3 322.4 291.7 54.3 209.1 260.3 49.7 226.4 194.7 64.8 123.9 216.1 288.3 138.7 207.2 152.3 78.3 319.7 219.2 249.4 129.0 266.9 157.7 197.4 207.9 240.5 193.8 229.2 134.9 354.5 368.6 164.2 146.4 304.3 29.1 248.0 268.5
1781.0 334.2 161.4 177.1 171.9 128.0 53.1 110.6 129.4 206.6 99.8 174.4 230.4 119.4 210.7 215.9 278.7 11.4 306.0 282.3 193.5 0.0 227.2 138.3 220.4 165.8 210.4 283.6 163.7 285.0 328.4 314.4 162.1 69.9 299.5 316.0 84.2 273.9 194.9 160.8 276.2 190.3 193.4 240.2 184.9 177.2 188.2 146.5 328.1 143.5 274.6 199.6 114.8 115.6 138.3 156.5 179.9 216.3 229.6 335.8 157.9 221.1 221.2 178.0 197.6 117.1 236.0 204.0 253.6 105.1 192.9 100.5 184.2 118.0 113.0 118.5 115.2 152.3 127.9 200.9 226.2 179.8 204.9 170.0 364.2 207.2 327.1 347.9 213.4 192.3 221.7 239.1 222.7 160.6 237.3 282.1 148.4 215.7 128.3 128.6 109.7 0.2 347.4 140.6 270.2 151.3 199.7 147.3 186.3 154.7 230.1 190.1 165.7 56.3 332.1 340.2 196.8 112.3 236.2 222.7 242.8 328.9
1832.2 225.9 312.4 410.9 78.6 354.4 260.3 366.9 128.6 273.7 324.8 132.5 173.8 137.7 205.1 188.7 205.5 222.7 229.7 240.3 264.4 225.6 0.0 162.8 431.5 446.1 278.9 175.3 388.7 224.9 256.8 250.7 191.7 171.7 275.9 235.8 174.6 193.7 167.7 163.8 146.8 36.8 418.4 64.9 107.5 257.6 248.6 371.5 256.5 384.9 225.0 128.0 122.5 102.5 168.6 236.9 174.3 69.4 178.7 264.2 192.5 187.6 203.9 154.4 174.0 397.4 212.4 288.4 188.4 330.1 290.9 325.5 388.8 343.0 401.9 99.6 169.8 155.6 157.8 437.6 22.8 146.9 234.4 204.6 292.6 296.2 275.4 267.7 225.9 414.6 74.8 241.6 171.8 385.6 213.7 258.5 158.5 135.5 353.3 89.7 208.7 225.8 267.2 179.6 205.0 185.9 120.5 380.9 419.9 188.6 441.2 147.8 113.0 227.4 251.9 268.6 181.8 345.9 194.3 249.4 162.6 248.7
1719.2 297.5 370.5 297.9 140.1 276.3 182.6 258.6 108.0 240.3 220.4 194.0 208.7 119.8 243.0 77.8 249.0 136.4 273.2 275.2 231.0 144.5 195.7 0.0 323.7 313.8 340.4 243.5 280.9 256.4 291.7 274.3 20.2 103.6 337.4 279.3 117.9 237.2 92.7 194.5 239.5 153.6 314.0 192.0 151.0 210.9 221.9 263.7 288.2 264.3 253.3 162.9 142.3 78.9 170.1 190.2 210.2 168.1 226.9 299.1 191.6 79.2 232.5 215.9 235.5 265.1 273.9 341.3 231.9 225.7 352.4 217.7 284.4 235.2 261.0 81.8 147.0 87.6 116.1 326.5 178.0 202.1 235.2 200.3 324.1 237.5 290.4 307.8 247.1 294.8 173.5 272.8 233.3 277.8 275.2 315.7 176.8 175.6 248.9 91.9 143.4 148.1 310.7 57.7 248.5 185.0 149.5 267.9 306.9 139.5 336.8 200.7 115.1 149.7 295.4 300.1 234.7 232.9 201.0 256.4 206.1 292.2
1743.7 563.5 296.9 50.7 406.1 263.8 286.9 229.3 374.0 440.4 156.4 408.2 474.7 385.8 444.5 422.3 515.0 245.2 539.2 444.2 357.7 233.7 456.5 340.9 0.0 301.3 345.9 512.9 99.4 462.1 557.7 543.7 364.7 303.7 409.5 545.3 318.0 503.2 433.9 394.6 505.5 419.6 49.0 458.0 417.0 411.0 422.0 106.9 554.2 67.7 429.9 428.9 348.6 344.9 372.1 390.3 413.7 434.1 492.9 556.7 391.7 423.7 498.5 411.8 431.4 252.6 456.0 339.5 497.9 113.4 328.4 117.3 49.3 102.3 248.5 347.8 349.0 399.6 375.2 61.5 444.0 413.6 385.7 403.8 593.5 330.9 556.4 568.8 394.2 34.8 439.5 389.1 499.3 59.9 408.4 415.9 382.2 449.5 91.7 357.9 343.5 233.5 576.7 402.2 514.5 385.1 415.5 127.8 111.7 405.5 9.6 466.7 381.1 289.2 561.4 569.5 430.6 107.1 465.5 372.7 472.1 549.8
1841.2 434.2 195.5 237.3 300.3 102.7 183.5 68.5 257.8 210.8 160.0 302.8 326.7 247.8 302.4 344.3 336.7 139.8 359.3 257.2 112.9 128.3 355.6 270.2 280.6 0.0 132.6 412.0 225.3 275.1 410.6 408.0 290.5 198.3 222.5 354.9 212.6 348.0 328.1 256.3 404.6 318.7 259.6 368.6 313.3 201.4 189.4 206.8 379.8 211.5 242.9 328.0 243.2 244.0 266.7 147.4 275.4 344.7 333.2 340.0 217.5 349.5 312.9 240.9 211.3 35.6 269.0 164.0 311.6 165.3 175.1 160.7 244.4 178.2 38.6 246.9 243.6 280.7 256.3 266.0 351.5 308.2 140.9 205.4 405.8 86.1 401.2 352.1 149.4 258.9 350.1 144.3 326.3 220.8 163.6 218.1 276.8 351.6 188.5 257.0 238.1 128.1 384.3 269.0 328.2 224.1 328.1 207.5 247.2 283.1 290.3 293.7 291.5 184.7 419.1 429.0 263.0 172.5 364.6 127.9 312.6 333.1
1848.0 301.5 62.8 244.1 213.9 62.3 190.3 88.0 264.6 189.6 166.8 211.6 194.0 254.6 169.7 351.1 204.0 146.6 226.6 124.5 119.7 135.1 301.1 277.0 287.4 162.6 0.0 292.8 232.1 142.4 277.9 275.3 297.3 205.1 89.8 222.2 219.4 215.3 334.9 178.9 285.4 282.9 310.7 282.2 244.9 208.2 164.5 213.6 247.1 218.3 110.2 261.5 235.4 250.8 247.7 154.2 196.8 258.3 214.5 207.3 159.8 356.3 180.2 134.4 104.8 113.9 136.3 31.3 178.9 172.1 42.4 167.5 251.2 185.0 109.8 253.7 250.4 287.5 263.1 303.3 265.1 239.8 147.7 147.7 273.1 92.9 268.5 219.4 150.4 265.7 263.7 108.7 221.0 227.6 89.4 85.4 237.6 209.5 195.3 263.8 244.9 134.9 251.6 275.8 195.5 166.4 299.8 214.3 254.0 289.9 297.1 198.3 298.3 191.5 286.4 296.3 156.5 179.3 245.4 125.1 179.9 200.4
1893.5 50.5 319.5 472.0 155.2 352.6 330.2 374.0 198.5 338.1 394.7 209.1 138.4 207.6 172.7 276.3 165.9 284.0 203.3 192.1 352.9 295.5 180.9 232.7 501.4 453.2 296.8 0.0 458.6 176.7 187.6 67.6 253.0 245.3 261.8 205.0 244.2 138.4 260.1 215.4 18.0 169.8 488.3 123.1 141.5 334.2 313.0 441.4 202.5 438.4 170.2 136.6 199.0 172.4 245.2 313.5 194.7 148.4 156.6 216.0 269.1 277.8 162.2 231.0 247.0 404.5 198.8 297.7 161.6 400.0 308.8 395.4 458.7 412.9 400.4 169.5 234.8 253.3 236.8 495.8 155.2 141.7 307.4 281.2 202.7 362.8 101.8 238.3 298.9 469.1 143.0 301.0 163.1 455.5 281.7 232.6 235.1 100.4 423.2 159.6 269.7 295.7 229.9 249.5 174.4 262.5 190.4 442.2 481.2 249.9 511.1 193.8 182.9 298.2 119.7 174.4 236.4 407.2 57.3 317.4 123.0 209.1
1756.7 499.7 233.1 67.8 340.9 198.6 225.1 165.5 308.8 376.6 91.2 344.4 410.9 322.0 379.3 357.1 449.8 180.0 474.0 379.0 192.9 169.9 392.7 275.7 110.9 236.1 280.7 449.1 0.0 396.9 492.5 478.5 299.5 238.5 345.7 481.5 252.8 438.0 368.7 329.4 441.7 355.8 83.9 394.2 353.2 345.8 356.8 46.8 490.4 34.0 364.7 363.7 283.4 281.1 306.9 325.1 349.9 368.9 427.7 499.9 326.5 358.5 434.7 348.0 366.2 188.8 392.2 274.3 432.7 49.6 264.6 53.5 103.8 38.5 184.7 282.6 283.8 334.4 310.0 96.3 378.8 349.8 233.7 340.0 529.7 180.3 492.6 513.4 243.6 104.1 374.3 237.1 434.1 51.1 354.7 352.1 317.0 385.7 26.5 292.7 278.3 169.7 512.9 337.0 450.7 321.3 350.3 56.9 108.0 341.7 120.6 402.9 315.9 225.4 497.6 505.7 365.4 41.9 401.7 220.7 408.3 493.0
1922.1 181.1 150.4 400.9 185.9 183.5 345.1 204.9 225.3 203.4 323.6 189.1 102.2 212.3 97.5 339.2 83.6 303.4 93.7 17.8 197.7 291.9 234.6 257.8 444.2 284.1 162.1 172.4 388.9 0.0 140.3 154.9 281.6 238.6 127.1 79.7 222.8 94.9 346.0 145.3 165.0 198.4 432.2 186.1 168.1 237.9 178.3 370.3 104.6 367.3 33.4 154.9 189.4 201.0 225.2 212.3 124.6 181.0 120.4 64.8 173.6 340.6 108.0 122.0 112.3 235.4 64.1 163.0 58.5 328.9 166.4 324.3 405.7 341.8 231.3 198.1 228.1 289.8 265.4 425.6 201.7 124.9 172.7 161.5 130.6 228.1 148.1 76.9 164.2 416.1 175.6 166.3 126.9 384.4 147.0 97.9 215.1 96.4 352.1 188.2 233.7 291.7 109.1 278.1 75.1 180.2 219.0 371.1 410.1 289.3 453.9 157.6 211.5 324.5 166.0 158.7 103.3 336.1 125.0 182.7 59.5 57.9
1929.2 135.1 265.0 507.7 190.9 298.4 367.9 324.1 234.2 321.1 430.4 238.9 152.0 262.1 186.3 346.3 66.9 319.7 44.3 151.3 315.4 331.2 241.7 268.4 537.1 398.7 279.8 165.6 495.7 133.4 0.0 121.4 288.7 288.4 244.8 59.3 291.3 75.4 357.9 229.0 158.2 205.5 546.8 193.2 177.2 355.6 296.0 477.2 78.5 481.9 159.8 172.3 239.2 208.1 275.0 330.0 208.3 188.1 170.2 104.9 291.3 347.7 175.8 239.7 230.0 350.0 181.8 280.7 92.0 435.7 281.0 431.1 496.7 448.6 345.9 205.2 277.9 296.9 272.5 539.4 205.7 174.7 290.4 279.2 90.0 345.8 104.1 92.6 281.9 511.2 182.7 284.0 176.7 491.2 264.7 215.6 264.9 96.2 458.9 195.3 316.8 331.4 90.7 285.2 75.4 296.5 226.1 477.9 517.6 285.6 546.8 207.4 216.0 333.9 88.7 18.3 221.0 442.9 132.1 300.4 108.0 81.1
1914.3 27.0 300.4 492.8 176.0 333.5 353.0 354.9 216.6 319.0 415.5 229.9 167.9 228.4 202.2 331.4 169.3 304.8 149.1 173.0 313.3 316.3 226.8 250.0 522.2 434.1 277.7 77.6 480.8 157.6 119.0 0.0 273.8 266.1 242.7 149.5 265.0 69.8 312.1 244.9 74.8 190.6 515.1 178.3 162.3 353.5 293.9 462.2 137.4 467.0 157.7 157.4 219.8 193.2 266.0 327.9 224.2 173.2 186.1 196.4 289.2 332.8 191.7 237.6 227.9 385.4 179.7 278.6 144.2 420.8 289.7 416.2 481.8 433.7 381.3 190.3 255.6 282.0 257.6 516.6 193.9 162.5 288.3 277.1 134.1 343.7 33.2 184.1 279.8 496.3 167.8 281.9 192.6 476.3 262.6 213.5 255.9 112.0 444.0 180.4 290.5 316.5 161.3 270.3 160.8 295.8 211.2 463.0 502.7 270.7 531.9 223.3 203.7 318.1 51.1 105.8 218.9 428.0 76.6 298.3 103.9 171.3
1738.9 317.2 393.6 317.6 159.8 296.0 202.3 277.8 130.4 260.0 240.1 213.7 228.4 139.5 262.7 57.5 268.7 156.1 292.9 294.9 250.7 167.6 209.8 19.6 346.8 333.5 360.1 266.6 305.4 279.5 311.4 297.4 0.0 123.3 357.1 299.0 137.6 256.9 72.4 214.2 284.0 173.3 339.7 211.7 170.7 230.6 241.6 286.8 321.2 283.8 273.0 182.6 162.0 98.6 189.8 209.9 233.3 187.8 246.6 318.8 211.3 58.9 252.2 235.6 255.2 284.8 293.6 361.0 251.6 245.4 372.1 240.8 304.1 258.3 280.7 101.5 166.7 67.3 117.5 346.9 204.2 221.8 258.3 223.4 347.2 260.6 310.1 330.9 266.8 320.9 193.2 292.5 253.0 300.9 294.9 335.4 199.9 198.7 268.6 111.6 163.1 167.8 330.4 62.7 268.2 204.7 186.5 287.6 326.6 159.2 356.5 220.4 158.6 169.4 315.1 323.2 254.4 252.6 219.2 276.1 225.8 311.9
1752.4 284.0 266.0 261.2 101.9 299.4 120.7 177.9 59.4 136.6 183.9 104.4 160.4 49.4 140.7 165.7 208.7 72.5 231.3 212.3 137.7 84.0 177.0 91.6 304.5 249.9 232.5 233.4 249.2 215.0 278.2 264.2 111.9 0.0 229.5 265.8 14.2 238.0 149.5 90.8 226.0 140.1 283.5 170.2 114.9 107.2 118.2 230.7 288.0 235.4 198.0 131.5 44.8 65.4 68.3 86.5 109.9 146.3 159.6 279.9 87.9 170.9 151.2 108.0 127.6 201.2 166.0 233.4 183.6 189.2 244.5 184.6 268.3 202.1 197.1 68.3 45.2 102.1 77.7 289.9 153.1 109.8 134.9 100.0 314.0 137.2 291.2 292.0 143.4 282.8 151.7 169.1 152.7 244.7 167.3 212.1 78.4 173.0 212.4 78.4 39.7 84.2 297.2 90.4 200.2 81.3 129.7 231.4 271.1 84.7 314.2 120.1 93.1 86.7 281.9 290.0 126.8 196.4 186.0 152.7 192.6 273.0
1951.5 260.1 126.1 347.8 182.1 159.2 291.8 185.2 236.5 184.0 270.3 179.8 152.6 226.5 128.3 391.9 162.6 250.1 189.9 83.1 193.4 238.6 269.3 314.0 390.9 259.8 103.4 251.4 334.2 101.0 236.5 233.9 334.3 240.4 0.0 180.8 213.3 173.9 393.4 147.1 244.0 251.1 363.9 250.4 213.1 218.5 158.9 317.0 192.4 321.8 75.4 229.7 203.6 253.7 215.9 192.9 155.4 226.5 173.1 165.9 154.2 393.3 138.8 102.6 92.9 211.1 94.9 104.3 137.5 275.6 115.4 271.0 352.4 288.5 207.0 250.8 239.0 342.6 318.2 395.6 236.4 203.9 153.3 142.1 231.7 196.4 227.1 178.0 144.8 369.2 231.9 134.5 179.6 331.1 115.2 96.5 205.8 170.9 298.8 240.9 224.2 238.4 210.2 330.9 154.1 160.8 268.0 317.8 356.8 279.8 400.6 166.5 272.8 294.1 245.0 254.9 124.7 282.8 204.0 150.9 138.5 159.0
1943.7 137.7 211.3 461.8 205.4 244.7 408.0 270.4 248.7 283.2 384.5 258.0 171.1 281.2 177.3 360.8 86.0 334.2 76.8 97.6 277.5 352.8 256.9 282.9 505.1 345.0 241.9 180.1 449.8 79.7 66.2 135.9 303.2 307.5 206.9 0.0 302.6 89.9 372.4 225.1 172.7 220.0 493.1 207.7 191.7 317.7 258.1 431.3 24.8 436.0 121.9 186.8 258.3 222.6 294.1 292.1 204.4 202.6 189.3 66.2 253.4 362.2 187.8 201.8 192.1 296.3 143.9 238.4 111.1 389.8 227.3 385.2 468.9 402.7 292.2 219.7 297.0 311.4 287.0 485.7 220.2 193.8 252.5 241.3 50.8 307.9 106.7 53.9 244.0 483.4 197.2 246.1 195.8 445.3 226.8 177.7 284.0 110.7 413.0 209.8 313.5 352.6 52.0 299.7 94.5 260.0 240.6 432.0 471.7 300.1 514.8 226.5 230.5 348.4 91.3 84.3 183.1 397.0 146.6 262.5 122.5 21.7
1779.5 277.9 251.7 296.8 97.6 285.1 147.8 178.6 55.1 122.3 219.5 100.1 150.7 45.1 126.4 192.8 204.4 99.6 227.0 198.0 123.4 111.1 184.8 118.7 340.1 250.6 218.2 227.3 284.8 210.7 272.1 258.1 139.0 27.0 215.2 259.7 0.0 217.6 176.6 76.5 219.9 134.0 319.1 165.9 110.6 92.9 103.9 266.3 281.9 271.0 183.7 127.2 40.5 59.3 64.0 72.2 95.6 142.0 153.4 275.6 73.6 198.0 136.9 93.7 113.3 201.9 151.7 219.1 179.3 224.8 230.2 220.2 303.9 237.7 197.8 62.2 40.9 129.2 104.8 325.5 148.8 105.5 120.6 85.7 307.9 122.9 270.8 287.7 129.1 318.4 147.4 154.8 146.5 280.3 153.0 197.8 74.1 166.9 248.0 72.3 25.4 111.3 291.1 117.5 195.9 67.0 125.4 267.0 306.7 66.4 349.8 113.9 88.8 113.8 275.8 283.9 112.5 232.0 179.9 138.4 186.5 268.7
1877.7 86.1 235.9 456.2 139.4 269.3 316.4 295.0 182.7 254.5 378.9 190.3 103.4 191.8 137.7 294.8 104.8 268.2 93.3 108.5 248.8 279.7 190.2 216.9 485.6 369.6 213.2 111.0 444.2 93.1 102.7 66.8 237.2 239.8 178.2 90.3 242.7 0.0 306.4 180.4 103.6 154.0 478.5 141.7 125.7 289.0 229.4 425.7 112.5 430.4 93.2 120.8 190.6 156.6 226.4 263.4 159.7 136.6 121.6 135.9 224.7 296.2 127.2 173.1 163.4 320.9 115.2 214.1 79.7 384.2 225.2 379.6 445.2 397.1 316.8 153.7 229.3 245.4 221.0 484.9 154.2 126.1 223.8 212.6 138.5 279.2 53.1 123.6 215.3 459.7 131.2 217.4 128.1 439.7 198.1 149.0 216.3 44.7 407.4 143.8 268.2 279.9 121.7 233.7 96.3 231.3 174.6 426.4 466.1 234.1 495.3 158.8 164.5 282.4 71.0 121.1 154.4 391.4 80.6 233.8 39.4 112.1
1795.2 298.4 401.0 373.9 195.3 307.6 213.9 289.9 157.3 271.6 296.4 249.2 258.0 169.1 275.7 16.1 298.3 167.7 322.5 321.2 262.3 179.2 141.8 109.9 399.8 345.1 367.5 247.8 358.4 305.8 341.0 314.6 91.6 134.9 361.2 328.6 149.2 286.5 0.0 225.8 219.3 187.3 390.0 178.3 200.3 242.2 253.2 339.8 337.5 340.3 302.6 208.9 190.2 128.2 203.3 221.5 241.6 186.1 276.2 348.4 222.9 45.1 281.8 243.0 262.6 296.4 301.0 368.4 281.2 301.7 379.5 297.1 360.4 311.3 292.3 131.1 176.9 77.0 48.3 402.5 136.2 254.7 266.6 235.0 376.8 268.9 344.6 360.5 278.4 370.8 191.5 304.1 288.5 353.9 302.3 347.1 210.1 225.0 324.9 141.2 174.7 179.4 360.0 79.2 297.8 216.3 117.3 343.9 382.9 187.2 412.8 252.6 140.4 181.0 365.8 352.8 261.8 305.6 258.2 287.7 255.4 341.5
1862.4 265.8 211.9 343.2 69.7 245.0 228.8 224.8 124.1 164.6 265.7 67.4 74.1 114.1 49.8 275.8 150.3 182.6 177.6 124.6 163.9 194.1 156.9 201.6 386.3 345.6 178.4 210.9 329.6 142.5 224.2 239.6 221.9 110.0 175.4 222.3 82.9 179.6 259.6 0.0 203.5 138.7 365.3 138.0 100.7 139.1 139.5 312.4 233.9 309.6 116.9 117.3 91.2 142.3 103.5 118.4 19.0 114.1 93.6 207.4 74.0 280.9 60.3 53.9 73.5 296.9 78.3 179.3 125.2 271.0 190.4 266.4 347.8 283.9 292.8 145.2 123.9 212.2 187.8 366.8 124.0 95.6 133.9 86.1 273.2 169.1 232.8 219.5 125.4 364.6 119.5 132.5 86.7 326.5 113.2 150.2 93.4 143.0 294.2 128.5 93.8 194.3 251.7 200.5 141.8 67.4 155.6 313.2 352.9 149.4 396.0 54.1 160.4 195.9 250.7 242.6 72.7 278.2 163.5 148.9 144.2 200.5
1876.5 79.0 302.5 455.0 138.2 335.9 315.2 361.6 181.5 321.1 377.7 192.1 121.4 190.6 155.7 258.2 148.9 267.0 168.4 175.1 315.4 278.5 162.8 215.7 484.4 436.2 279.8 28.4 443.0 159.7 200.4 95.2 236.0 228.3 244.8 188.0 227.2 128.5 242.0 198.4 0.0 152.8 477.3 105.0 124.5 317.2 296.0 424.5 210.2 429.2 159.8 119.6 182.0 155.4 228.2 296.5 177.7 130.3 139.6 199.0 252.1 259.7 145.2 214.0 230.0 387.5 181.8 280.7 144.6 383.0 291.8 378.4 444.0 395.9 383.4 152.5 217.8 235.2 219.8 483.7 134.0 124.7 290.4 264.2 229.4 345.8 128.5 221.3 281.9 458.5 124.9 284.0 146.1 438.5 264.7 215.6 218.1 86.4 406.2 142.6 252.7 278.7 219.4 232.5 157.4 245.5 173.4 425.2 464.9 232.9 494.1 176.8 163.3 281.2 146.4 201.1 219.4 390.2 40.3 300.4 106.0 192.1
1786.7 226.9 303.3 365.4 69.5 336.7 225.4 298.9 89.0 256.0 287.9 123.4 138.1 100.8 172.4 203.8 178.4 177.2 202.6 204.6 246.7 188.7 36.8 122.4 394.6 437.0 269.8 176.3 353.2 189.2 221.1 207.1 146.2 138.5 266.8 208.7 137.4 166.6 210.6 146.1 192.3 0.0 387.5 110.4 80.4 230.4 230.9 334.6 230.9 331.6 189.3 92.3 96.4 65.6 151.1 209.7 165.2 114.9 156.3 228.5 183.4 205.2 161.9 145.3 164.9 388.3 203.3 270.7 161.3 293.2 281.8 288.6 354.2 306.1 384.2 62.7 128.0 154.4 130.0 389.0 68.3 131.5 225.3 195.5 256.9 260.4 219.8 240.6 216.8 362.3 120.3 223.9 162.7 348.7 204.6 245.1 149.4 108.4 316.4 52.8 162.9 188.9 240.1 142.7 177.9 176.8 83.6 335.4 374.4 143.1 404.3 130.1 76.1 190.5 224.8 232.9 164.1 300.4 130.4 240.3 135.5 221.6
1730.1 532.4 304.7 39.8 375.0 271.6 255.8 215.0 342.9 400.5 125.3 377.1 443.6 354.7 413.4 391.2 483.9 214.1 508.1 452.0 284.2 202.6 419.8 309.8 64.9 270.2 353.7 476.2 66.9 425.4 526.6 512.6 328.0 272.6 417.3 514.2 286.9 472.1 406.1 363.5 474.4 388.5 0.0 426.9 385.9 379.9 379.1 75.3 523.1 44.0 444.3 392.2 317.5 313.8 341.0 337.1 377.0 403.0 461.8 501.6 360.6 392.6 467.4 380.7 443.1 221.5 463.8 347.3 466.8 82.3 336.2 80.6 74.9 65.6 217.4 316.7 312.3 368.5 344.1 6.4 412.9 382.5 336.6 372.7 562.4 275.8 525.3 513.7 339.1 64.5 408.4 340.0 468.2 28.8 353.3 423.7 345.5 418.4 60.6 326.8 312.4 202.4 545.6 371.1 483.4 354.0 384.4 101.8 135.0 374.4 74.6 435.6 344.4 258.1 530.3 538.4 399.5 76.0 435.9 317.6 441.0 494.7
1836.0 175.6 313.5 414.7 79.7 346.9 272.7 368.0 141.0 266.2 337.2 133.6 121.2 146.5 155.5 205.2 161.5 226.5 185.7 187.7 265.5 238.0 64.9 171.7 443.9 447.2 280.0 125.0 402.5 172.3 204.2 191.8 195.5 172.8 257.4 191.8 175.7 149.7 184.2 156.3 96.5 110.4 436.8 0.0 105.5 258.7 241.1 383.9 200.7 388.7 172.4 100.6 123.6 114.9 169.7 238.0 175.4 58.3 139.4 211.6 193.6 204.1 145.0 155.5 175.1 398.5 194.4 280.9 144.4 342.5 292.0 337.9 401.2 355.4 394.4 112.0 162.3 172.1 165.7 441.4 32.0 124.5 235.5 205.7 240.0 288.7 225.1 223.7 227.0 418.0 52.9 234.1 145.9 398.0 214.8 228.2 159.6 96.0 365.7 102.1 201.2 238.2 223.2 192.0 161.0 187.0 132.9 384.7 424.4 192.4 453.6 140.3 125.4 240.7 207.9 216.0 174.3 349.7 136.9 250.5 118.6 204.7
1809.8 184.3 265.3 388.3 53.9 298.7 227.4 324.4 90.3 218.0 311.0 85.4 95.5 80.3 129.8 226.9 135.8 179.2 155.3 162.0 217.3 190.7 122.3 149.0 417.7 399.0 231.8 133.7 376.3 146.6 178.5 164.5 169.3 106.6 228.8 166.1 109.5 124.0 238.5 108.1 126.3 86.1 410.6 103.4 0.0 202.5 192.9 357.8 188.3 362.5 146.7 49.7 57.4 88.7 119.2 181.8 127.2 79.5 113.7 185.9 145.4 228.3 119.3 107.3 126.9 350.3 165.3 232.7 118.7 316.3 243.8 311.7 377.3 329.2 346.2 85.8 96.1 177.5 153.1 417.0 86.3 51.0 187.3 157.5 214.3 232.5 177.2 198.0 178.8 391.8 84.9 185.9 120.2 371.8 166.6 202.5 111.4 73.3 339.5 75.9 135.0 190.9 197.5 165.8 135.3 138.8 106.7 358.5 398.2 160.0 427.4 92.1 96.6 193.4 182.2 190.3 126.1 323.5 86.3 202.3 92.9 179.0
1871.4 383.3 254.7 267.5 191.5 183.5 213.7 149.3 173.9 75.0 190.2 189.2 212.7 163.9 188.4 311.6 288.9 170.0 311.5 239.8 94.1 158.5 278.7 237.5 310.8 221.3 221.2 332.7 255.5 257.7 362.8 378.2 257.8 145.8 244.4 337.5 118.7 318.2 295.4 138.5 325.3 252.8 289.8 259.8 222.5 0.0 56.6 237.0 362.4 241.7 225.5 239.1 159.3 178.1 182.8 42.9 157.6 235.9 215.4 322.6 135.6 316.8 198.9 155.7 142.6 172.6 213.7 222.1 263.8 195.5 233.2 190.9 274.6 208.4 168.5 181.0 159.7 248.0 223.6 296.2 242.7 217.4 91.3 136.7 388.4 93.6 371.4 334.7 86.6 289.1 241.3 125.5 208.5 251.0 144.8 200.8 192.9 272.3 218.7 191.1 129.6 158.3 366.9 236.3 280.4 129.0 244.2 237.7 277.4 185.2 320.5 175.9 207.6 214.9 389.3 381.2 174.5 202.7 285.3 109.1 282.8 315.7
1871.6 360.1 198.0 267.7 185.4 231.4 213.9 149.5 167.8 25.0 190.4 183.1 206.6 157.8 182.3 305.5 262.6 170.2 285.2 183.1 94.3 158.7 272.6 231.4 311.0 221.5 164.5 326.6 255.7 201.0 336.5 333.9 251.7 139.7 187.7 280.8 112.6 273.9 289.3 132.4 319.2 246.7 290.0 253.7 216.4 59.5 0.0 237.2 305.7 241.9 168.8 233.0 153.2 172.0 176.7 56.8 151.5 229.8 209.3 265.9 92.1 310.7 192.8 115.5 85.9 172.8 176.8 165.4 237.5 195.7 176.5 191.1 274.8 208.6 168.7 174.9 153.6 241.9 217.5 296.4 236.6 211.3 38.4 80.0 331.7 93.8 327.1 278.0 29.9 289.3 235.2 118.6 202.4 251.2 99.3 144.1 186.8 266.2 218.9 185.0 123.5 158.5 310.2 230.2 254.1 98.7 238.1 237.9 277.6 179.1 320.7 169.8 201.5 215.1 345.0 354.9 137.6 202.9 279.2 109.3 238.5 259.0
1803.3 482.1 215.5 81.2 324.7 182.4 205.5 164.7 292.6 359.0 64.6 326.8 393.3 304.4 363.1 340.9 433.6 163.8 457.8 362.8 171.1 152.3 383.7 259.5 118.3 219.9 264.5 431.5 66.4 380.7 476.3 462.3 283.3 222.3 328.1 463.9 236.6 421.8 352.5 313.2 424.1 338.2 97.5 376.6 335.6 329.6 340.6 0.0 486.1 47.6 355.1 347.5 267.2 263.5 290.7 308.9 332.3 352.7 411.5 483.7 310.3 342.3 417.1 330.4 350.0 171.2 374.6 258.1 416.5 32.0 247.0 35.9 68.2 20.9 167.1 266.4 267.6 318.2 293.8 94.2 362.6 332.2 217.5 322.4 512.1 162.7 475.0 495.8 226.0 78.6 358.1 220.9 417.9 64.7 338.5 334.5 300.8 363.6 32.4 276.5 262.1 152.1 495.3 320.8 433.1 303.7 334.1 20.8 72.4 324.1 128.0 385.3 299.7 208.7 480.0 488.1 349.2 25.7 384.1 204.5 390.7 476.8
1936.6 122.9 226.9 477.4 198.3 260.3 375.3 282.5 241.6 298.8 400.1 264.3 177.4 250.7 192.9 353.7 92.3 327.1 65.0 113.2 309.8 368.4 260.4 272.3 517.2 360.6 257.5 163.4 461.9 106.6 59.1 114.8 296.1 313.8 233.8 15.5 316.7 82.8 365.3 240.7 165.6 224.2 508.7 197.1 184.6 333.3 273.7 446.8 0.0 448.1 137.5 176.2 264.6 215.5 300.4 307.7 216.5 195.5 195.6 79.1 269.0 355.1 201.2 217.4 207.7 323.2 159.5 254.0 117.4 405.4 242.9 400.8 484.5 418.3 307.8 212.6 314.6 304.3 279.9 501.3 227.5 200.1 264.6 256.9 25.9 320.0 81.8 66.8 259.6 499.0 190.1 273.0 202.1 457.4 242.4 193.3 290.3 122.2 428.6 202.7 329.1 368.2 61.4 292.6 112.1 275.6 233.5 447.6 487.3 293.0 530.4 232.8 226.0 341.3 76.5 72.7 198.7 409.1 139.5 278.1 115.4 37.3
1723.8 488.3 221.5 33.5 330.9 188.1 213.5 170.4 301.3 365.2 81.2 340.4 399.5 310.6 369.3 347.1 439.8 170.0 463.8 376.4 184.7 158.5 388.7 269.0 69.0 226.1 270.7 445.1 24.2 386.7 482.5 468.5 296.9 228.5 334.3 470.1 242.8 428.0 358.5 319.4 430.3 344.4 55.8 382.8 341.8 335.8 346.8 36.6 486.4 0.0 354.5 361.1 273.4 269.7 296.9 315.1 345.9 358.9 417.7 489.9 316.5 348.5 423.3 336.6 356.2 184.8 380.8 264.3 422.7 38.2 253.2 49.5 84.5 34.5 173.3 272.6 281.2 324.4 300.0 62.8 368.6 338.4 223.5 336.0 525.7 168.7 481.0 501.8 232.2 69.6 364.3 234.5 424.1 9.2 344.7 340.7 314.4 377.2 16.5 282.7 268.3 158.3 501.5 327.0 439.3 309.9 340.3 57.7 97.1 330.3 86.3 391.5 305.7 214.7 486.2 501.7 355.4 31.7 390.1 210.7 396.9 483.0
1932.2 191.2 149.2 360.0 149.4 175.7 304.0 197.6 206.8 161.2 282.5 153.7 79.6 193.8 55.3 349.3 93.7 262.3 121.0 25.5 176.0 257.4 236.6 267.9 403.1 276.3 119.9 175.9 354.4 32.1 167.6 165.0 291.7 207.7 91.5 111.9 180.6 105.0 355.9 109.7 175.1 208.5 376.1 196.2 178.2 195.7 136.1 329.2 123.5 326.4 0.0 165.0 170.9 211.1 183.2 170.1 89.0 193.8 100.1 97.0 131.4 350.7 65.8 79.8 70.1 234.2 21.9 120.8 68.6 287.8 131.9 289.8 364.6 300.7 223.5 208.2 212.9 309.9 285.5 418.4 210.3 135.0 137.1 125.9 162.8 192.5 158.2 109.1 122.0 375.0 199.2 130.7 113.2 343.3 104.8 55.7 179.7 102.0 311.0 198.3 191.5 250.6 141.3 298.2 85.2 138.0 235.3 330.0 369.0 247.1 412.8 140.4 221.6 293.6 176.1 186.0 61.1 301.6 136.6 140.5 69.6 90.1
1817.7 175.4 280.5 396.4 74.5 313.9 248.0 339.6 113.9 238.6 318.9 106.0 86.6 100.9 120.9 234.8 126.9 199.8 151.1 153.1 243.2 211.3 130.9 153.4 425.6 414.2 252.4 124.8 384.2 137.7 169.6 155.6 177.2 127.2 222.8 157.2 130.1 115.1 241.6 128.7 117.4 94.0 418.5 106.9 56.7 223.1 213.5 365.6 169.3 370.4 137.8 0.0 78.0 96.6 139.8 202.4 142.9 87.4 104.8 177.0 166.0 236.2 110.4 127.9 147.5 365.5 159.8 253.3 109.8 324.2 264.4 319.6 385.2 337.1 361.4 93.7 116.7 185.4 161.0 420.0 97.3 41.8 207.9 178.1 205.4 253.1 168.3 189.1 199.4 400.1 92.8 206.5 111.3 379.7 187.2 193.6 132.0 56.9 347.4 83.8 155.6 211.5 188.6 173.7 126.4 159.4 114.6 366.4 405.4 180.6 435.3 112.7 107.1 213.1 173.3 181.4 146.7 331.4 77.4 222.9 84.0 170.1
1797.7 248.8 248.4 310.4 57.0 281.8 169.9 230.7 32.8 174.4 233.1 68.5 115.5 22.8 141.1 214.8 163.8 121.7 186.4 185.5 175.5 133.2 152.8 136.9 353.7 382.1 214.9 198.2 298.4 170.1 237.7 229.0 157.2 49.1 211.9 230.6 52.0 193.1 198.7 91.2 190.8 106.9 332.7 125.3 70.0 145.0 156.0 279.9 252.8 284.6 170.2 86.6 0.0 76.6 61.7 124.3 110.3 101.4 114.7 235.0 125.7 216.2 139.3 90.4 110.0 333.4 148.4 215.8 138.7 238.4 226.9 233.8 317.5 251.3 329.3 73.7 38.6 151.3 126.9 339.1 108.2 64.9 170.4 137.8 278.8 175.0 246.3 247.1 161.9 332.0 106.8 169.0 107.8 293.9 149.7 194.5 71.8 137.8 261.6 63.9 77.5 133.4 262.0 139.6 155.3 119.1 84.8 280.6 320.3 102.5 363.4 75.2 66.5 135.9 246.7 254.8 109.2 245.6 150.8 185.4 157.4 228.1
1721.0 218.5 294.9 299.5 61.1 328.3 159.7 216.9 31.7 207.8 222.2 115.0 129.7 40.8 164.0 138.1 170.0 111.5 189.5 196.2 208.9 123.0 120.1 60.2 328.9 288.9 261.4 167.9 287.5 180.8 212.7 198.7 80.5 82.5 258.4 200.3 85.4 158.2 149.7 137.7 160.5 74.6 321.8 113.0 72.0 178.4 189.4 269.0 222.5 273.7 180.9 83.9 63.3 0.0 91.1 157.7 156.8 89.1 147.9 220.1 159.1 139.5 153.5 136.9 156.5 240.2 194.9 262.3 152.9 227.5 273.4 222.9 288.5 240.4 236.1 2.8 68.0 88.7 64.3 328.2 95.9 123.1 206.1 171.2 248.5 208.4 211.4 232.2 208.4 303.0 94.5 215.5 154.3 283.0 196.2 236.7 101.2 107.5 250.7 12.9 110.9 123.2 231.7 77.0 169.5 152.5 70.5 269.7 309.4 77.4 338.6 121.7 33.5 125.7 216.4 224.5 155.7 234.7 120.5 223.9 127.1 213.2
1815.4 287.2 259.6 342.1 102.0 293.0 201.6 262.4 50.5 206.1 264.8 36.1 127.0 40.5 143.6 232.5 203.2 153.4 225.8 205.9 207.2 164.9 187.1 154.6 385.4 393.3 226.1 236.6 330.1 209.5 277.1 267.4 174.9 80.8 223.1 269.0 83.7 232.5 230.4 102.4 229.2 143.3 364.4 170.3 120.0 176.7 187.2 311.6 291.2 316.3 191.6 136.6 49.9 94.3 0.0 156.0 121.5 146.4 107.9 274.4 139.7 233.9 133.1 101.6 121.2 344.6 159.6 227.0 178.1 270.1 238.1 265.5 349.2 283.0 340.5 91.4 23.1 191.7 158.6 370.8 153.2 114.9 181.6 151.8 317.2 206.7 285.7 286.5 173.1 363.7 151.8 180.2 101.0 325.6 160.9 205.7 10.1 176.2 293.3 81.6 109.2 165.1 300.4 171.3 194.7 133.1 134.8 312.3 352.0 134.2 395.1 68.4 84.2 167.6 285.1 293.2 120.4 277.3 189.2 196.6 195.8 267.5
1828.4 353.6 214.8 224.5 161.8 140.5 170.7 106.3 144.2 63.3 147.2 159.5 183.0 134.2 158.7 281.9 259.2 127.0 281.8 215.9 51.1 115.5 257.6 207.8 267.8 178.3 181.3 303.0 212.5 233.8 333.1 348.5 228.1 116.1 213.5 313.6 89.0 288.5 265.7 108.8 295.6 223.1 246.8 230.1 192.8 53.9 44.9 194.0 338.5 198.7 201.6 209.4 129.6 148.4 153.1 0.0 127.9 206.2 185.7 298.7 105.9 287.1 169.2 126.0 118.7 129.6 184.0 182.2 234.1 152.5 193.3 147.9 231.6 165.4 125.5 151.3 130.0 218.3 193.9 253.2 213.0 187.7 48.3 112.8 364.5 50.6 341.7 310.8 56.8 246.1 211.6 82.5 178.8 208.0 101.8 160.9 163.2 242.6 175.7 161.4 99.9 115.3 343.0 206.6 250.7 99.3 214.5 194.7 234.4 155.5 277.5 146.2 177.9 171.9 359.6 351.5 144.8 159.7 255.6 66.1 253.1 291.8
1883.1 246.7 218.0 363.9 90.4 251.4 249.5 272.5 144.8 185.3 286.4 88.1 55.0 134.8 30.7 296.5 131.2 203.3 158.5 105.5 184.6 214.8 177.6 218.8 407.0 351.7 195.3 195.2 350.3 123.4 205.1 220.5 242.6 130.7 160.3 203.2 103.6 160.5 280.3 20.7 187.8 159.4 386.0 158.7 121.4 159.8 160.2 333.1 218.0 337.9 97.8 138.0 111.9 163.0 124.2 139.1 0.0 134.8 75.5 188.3 94.7 301.6 41.2 74.6 94.2 303.0 59.2 196.2 106.1 291.7 207.3 287.1 368.5 304.6 298.9 165.9 144.6 232.9 208.5 387.5 144.7 116.3 154.6 106.8 254.1 189.8 213.7 200.4 146.1 385.3 140.2 153.2 82.0 347.2 133.9 131.1 114.1 131.8 314.9 149.2 114.5 215.0 232.6 221.2 122.7 88.1 176.3 333.9 372.9 170.1 416.7 74.8 181.1 216.6 231.6 223.5 79.5 298.9 147.8 169.6 125.1 181.4
1812.1 200.9 289.6 390.6 55.8 323.0 250.8 348.7 117.1 242.3 313.3 109.7 116.1 122.6 150.4 209.7 156.4 202.6 175.9 182.6 241.6 214.1 69.4 151.3 420.0 423.3 256.1 150.3 378.6 167.2 199.1 185.1 171.6 148.9 253.1 186.7 151.8 144.6 193.5 132.4 121.8 88.4 412.9 50.5 84.7 234.8 217.2 360.1 208.9 364.8 167.3 95.5 99.7 91.0 145.8 214.1 151.5 0.0 134.3 206.5 169.7 208.6 139.9 131.6 151.2 374.6 189.6 257.0 139.3 318.6 268.1 314.0 379.6 331.5 370.5 88.1 138.4 176.6 155.4 419.3 33.4 124.1 211.6 181.8 234.9 264.8 197.8 218.6 203.1 394.1 5.4 210.2 149.0 374.1 190.9 235.7 135.7 93.9 341.8 78.2 177.3 214.3 218.1 168.1 155.9 163.1 109.0 360.8 400.5 168.5 429.7 116.4 98.9 216.8 202.8 210.9 150.4 325.8 106.9 226.6 113.5 199.6
1881.6 210.7 237.8 415.6 88.9 271.2 280.4 296.9 143.3 219.2 338.3 68.6 19.0 133.3 35.6 298.7 95.2 232.2 117.8 116.9 218.5 243.7 184.7 220.8 458.9 371.5 215.1 159.2 403.6 101.5 169.1 184.5 241.1 159.6 180.1 174.7 155.5 124.5 300.2 78.3 151.8 157.9 437.9 157.2 119.9 211.7 194.1 385.1 196.9 389.8 101.6 119.6 110.4 160.5 104.7 191.0 57.6 133.3 0.0 166.4 146.6 300.1 25.1 108.5 128.1 322.8 79.0 216.0 70.1 343.6 227.1 339.0 422.7 356.5 318.7 157.6 127.8 261.8 237.4 444.3 140.1 89.6 188.5 158.7 222.9 241.7 177.7 178.5 180.0 437.2 138.7 187.1 6.4 399.1 167.8 150.9 94.6 98.8 366.8 147.7 166.4 243.9 206.1 250.1 86.7 140.0 174.8 385.8 425.5 213.0 468.6 37.1 177.0 246.4 195.6 187.5 99.3 350.8 111.8 203.5 89.1 159.5
1950.4 187.0 199.9 450.4 212.1 233.3 396.6 259.0 279.8 271.8 373.1 246.6 159.7 269.8 165.9 367.5 74.6 352.9 74.1 86.2 266.1 341.4 262.9 289.6 493.7 333.6 230.5 200.7 438.4 68.3 112.6 182.3 309.9 296.1 195.5 87.0 291.2 136.3 379.1 213.7 193.3 226.7 481.7 214.4 225.6 306.3 246.7 419.9 89.2 424.6 110.5 212.4 246.9 229.3 282.7 280.7 193.0 209.3 177.9 0.0 242.0 368.9 176.4 190.4 180.7 284.9 132.5 227.0 99.7 378.4 215.9 373.8 457.5 391.3 280.8 226.4 285.6 318.1 293.7 474.3 226.9 182.4 241.1 229.9 71.4 296.5 156.0 12.0 232.6 472.0 203.9 234.7 184.4 433.9 215.4 166.3 272.6 117.4 401.6 216.5 302.1 341.2 44.2 306.4 83.1 248.6 247.3 420.6 460.3 306.8 503.4 215.1 237.2 355.1 140.6 131.0 171.7 385.6 153.3 251.1 127.9 108.8
1869.9 309.1 193.3 295.8 117.3 226.7 242.0 177.6 145.5 97.2 218.5 115.0 138.5 135.5 114.2 283.2 214.7 198.3 237.3 178.4 122.4 186.8 204.5 209.1 339.1 327.0 159.8 258.5 283.8 196.3 288.6 304.0 229.4 117.4 183.0 276.1 90.3 244.0 267.0 64.3 251.1 186.3 318.1 185.6 148.3 131.7 72.1 265.3 301.0 270.0 164.1 164.9 130.9 149.7 151.1 106.1 83.4 161.7 141.2 261.2 0.0 288.4 124.7 81.5 81.2 278.3 139.5 160.7 189.6 223.8 171.8 219.2 302.9 236.7 274.2 152.6 131.3 219.6 195.2 324.5 168.5 143.2 66.5 12.0 327.0 121.9 297.2 273.3 58.0 317.4 167.1 113.9 134.3 279.3 94.6 139.4 141.0 198.1 247.0 162.7 101.2 186.6 305.5 207.9 206.2 6.6 203.2 266.0 305.7 156.8 348.8 101.7 179.2 204.2 315.1 307.0 100.3 231.0 211.1 130.3 208.6 254.3
1797.9 304.1 434.8 376.4 201.0 354.8 263.4 320.6 189.4 319.1 299.1 254.9 287.4 198.5 327.5 35.8 327.7 215.2 347.2 353.9 320.2 226.7 150.8 78.6 405.8 392.6 401.3 253.5 364.4 338.5 370.4 320.3 58.9 182.4 398.3 358.0 196.7 315.9 47.4 277.6 225.0 196.3 398.7 187.3 229.7 289.7 300.7 345.9 380.2 350.6 338.6 241.6 221.0 157.6 248.8 269.0 296.7 191.8 301.1 377.8 270.4 0.0 311.2 276.8 296.4 343.9 334.8 402.2 310.6 304.4 413.3 299.8 365.4 317.3 339.8 160.5 225.7 112.8 95.8 405.1 148.3 269.3 317.4 282.5 406.2 319.7 353.6 389.9 325.9 379.9 197.2 355.4 294.2 359.9 336.1 380.9 258.9 265.2 327.6 170.6 222.2 226.9 389.4 121.7 327.2 263.8 164.8 346.6 386.3 218.2 415.5 261.6 193.9 229.4 371.5 382.2 295.6 311.6 265.4 335.2 284.8 370.9
1890.8 205.4 212.6 396.2 122.9 246.0 284.0 271.7 177.3 216.9 318.9 102.9 13.7 167.3 10.5 307.9 89.9 235.8 112.5 100.1 216.2 247.3 210.1 230.0 439.5 346.3 189.9 153.9 384.2 96.2 163.8 179.2 250.3 163.2 154.9 169.4 136.1 119.2 312.8 53.1 146.5 167.1 418.5 154.8 127.5 192.3 191.8 365.7 191.6 370.4 85.8 114.3 144.4 169.7 139.0 171.6 32.4 149.7 34.2 161.1 127.2 309.3 0.0 106.2 125.8 297.6 53.8 190.8 64.8 324.2 201.9 319.6 403.3 337.1 293.5 166.8 162.1 265.4 241.0 424.9 174.1 84.3 186.2 139.3 217.6 222.3 172.4 173.2 177.7 417.8 144.3 184.8 40.7 379.7 165.5 125.7 128.9 93.5 347.4 156.9 147.0 247.5 200.8 253.7 81.4 120.6 187.7 366.4 406.1 202.6 449.2 71.4 177.6 250.0 190.3 182.2 74.1 331.4 106.5 201.2 83.8 154.2
1872.1 284.5 157.9 309.2 79.4 191.3 255.4 217.0 133.8 110.6 231.9 77.1 118.6 123.8 94.3 289.2 187.0 211.7 209.6 107.5 109.9 200.2 166.6 211.3 352.5 291.6 124.4 220.6 297.2 125.4 260.9 258.3 231.6 137.7 121.4 205.2 110.6 198.3 290.7 44.4 213.2 148.4 331.5 147.7 110.4 145.1 85.5 278.7 230.1 283.4 93.2 127.0 100.9 151.0 113.2 119.5 63.5 123.8 103.3 190.3 80.8 290.6 104.8 0.0 19.5 242.9 61.2 125.3 161.9 237.2 136.4 232.6 316.3 250.1 238.8 148.1 136.3 239.9 215.5 337.9 130.6 105.3 79.9 68.7 256.1 135.3 251.5 202.4 71.4 330.8 129.2 78.5 96.4 292.7 59.2 104.0 103.1 160.2 260.4 138.2 121.5 200.0 234.6 228.2 178.5 87.4 165.3 279.4 319.1 177.1 362.2 63.8 167.5 224.5 269.4 277.2 22.0 244.4 173.2 94.9 162.9 183.4
1893.5 274.1 138.3 289.6 109.0 171.7 235.8 197.4 163.4 91.0 212.3 106.7 148.2 153.4 123.9 318.8 176.6 192.1 199.2 97.1 90.3 180.6 196.2 240.9 332.9 272.0 104.8 250.2 277.6 115.0 250.5 247.9 261.2 167.3 101.7 194.8 140.2 187.9 320.3 74.0 242.8 178.0 311.9 177.3 140.0 125.5 65.9 259.1 219.7 263.8 82.8 156.6 130.5 180.6 142.8 99.9 93.1 153.4 132.9 179.9 61.2 320.2 134.4 29.5 0.0 223.3 90.8 105.7 151.5 217.6 116.8 213.0 296.7 230.5 219.2 177.7 165.9 269.5 245.1 318.3 160.2 134.9 60.3 49.1 245.7 115.7 241.1 192.0 51.8 311.2 158.8 58.9 126.0 273.1 39.6 84.4 132.7 189.8 240.8 167.8 151.1 180.4 224.2 257.8 168.1 67.8 194.9 259.8 299.5 206.7 342.6 93.4 197.1 237.0 259.0 268.9 51.6 224.8 202.8 75.3 152.5 173.0
1805.6 398.6 159.9 201.7 264.7 67.4 145.9 32.9 225.2 175.2 124.4 267.2 291.1 212.2 266.8 308.7 301.1 104.2 328.4 221.6 58.9 92.7 320.0 234.6 245.0 48.6 97.0 376.4 188.3 239.5 375.0 372.4 254.9 162.7 186.9 319.3 177.0 312.4 292.5 220.7 369.0 283.1 224.0 333.0 277.7 165.8 153.8 171.1 344.2 168.1 213.9 292.4 207.6 208.4 231.1 111.8 239.8 309.1 297.6 304.4 181.9 313.9 277.3 205.3 175.7 0.0 233.4 128.4 276.0 129.7 139.5 125.1 208.8 142.6 3.0 211.3 208.0 245.1 220.7 225.5 319.0 272.6 105.3 169.8 370.2 50.5 365.6 316.5 113.8 216.9 314.5 108.7 290.7 185.2 128.0 182.5 241.2 308.5 152.9 221.4 202.5 92.5 348.7 233.4 292.6 188.5 292.5 171.9 210.9 247.5 254.7 258.1 258.5 148.2 383.5 393.4 227.4 136.9 329.0 92.3 277.0 297.5
1920.1 223.2 158.7 375.9 127.4 192.1 322.1 217.8 181.8 177.3 298.6 125.1 57.6 171.8 33.3 337.2 125.7 258.3 148.3 46.2 171.6 266.9 214.6 259.3 419.2 292.4 136.0 197.8 363.9 64.1 199.6 197.0 279.6 185.7 101.0 143.9 158.6 137.0 338.7 81.1 190.4 196.4 440.5 195.7 158.4 211.8 152.2 345.4 168.8 350.1 31.9 158.2 148.9 199.0 161.2 186.2 60.4 171.8 78.1 129.0 147.5 338.6 43.8 71.2 86.2 243.7 0.0 136.9 100.6 303.9 148.0 299.3 383.0 316.8 239.6 196.1 184.3 287.9 263.5 433.1 178.6 128.2 146.6 135.4 194.8 202.0 190.2 141.1 138.1 397.5 177.2 140.2 84.6 359.4 120.9 71.8 151.1 137.4 327.1 186.2 169.5 266.7 173.3 276.2 117.2 143.1 213.3 346.1 385.8 225.1 428.9 111.8 215.5 272.5 208.1 218.0 39.1 311.1 150.4 156.6 101.6 122.1
1886.9 292.4 32.5 283.0 204.8 65.9 229.2 91.6 259.2 180.5 205.7 202.5 184.9 249.2 160.6 390.0 194.9 185.5 217.5 115.4 131.0 174.0 300.6 315.9 326.3 166.2 41.3 283.7 271.0 133.3 268.8 266.2 336.2 244.0 80.7 213.1 236.0 206.2 373.8 169.8 276.3 273.8 314.3 273.1 235.8 215.0 155.4 252.5 238.0 257.2 101.1 252.4 226.3 289.7 238.6 183.4 187.7 249.2 205.4 198.2 150.7 395.2 171.1 125.3 95.7 117.5 127.2 0.0 169.8 211.0 11.0 206.4 290.1 223.9 113.4 273.5 261.7 326.4 302.0 306.9 256.0 230.7 149.8 138.6 264.0 131.8 259.4 210.3 141.3 304.6 254.6 99.6 211.9 266.5 80.3 76.3 228.5 200.4 234.2 263.6 246.9 173.8 242.5 314.7 186.4 157.3 290.7 253.2 292.9 302.5 336.0 189.2 292.9 230.4 277.3 287.2 147.4 218.2 236.3 116.0 170.8 191.3
1889.1 156.8 210.4 427.6 143.6 243.8 317.1 269.5 180.0 229.0 350.3 146.8 59.9 170.0 94.2 306.2 25.0 268.9 47.6 83.0 223.3 280.4 201.6 228.3 470.9 344.1 187.7 148.1 415.6 67.6 98.9 130.6 248.6 196.3 152.7 104.5 199.2 70.6 317.8 136.9 140.7 165.4 492.2 153.1 125.8 263.5 203.9 397.1 126.7 401.8 67.7 112.6 147.1 168.0 182.9 237.9 116.2 148.0 78.1 96.2 199.2 307.6 83.7 147.6 137.9 295.4 89.7 188.6 0.0 355.6 199.7 351.0 434.7 368.5 291.3 165.1 185.8 256.8 232.4 484.8 165.6 82.6 198.3 187.1 152.7 253.7 123.8 108.3 189.8 449.2 142.6 191.9 84.6 411.1 172.6 123.5 172.8 64.8 378.8 155.2 224.7 280.6 135.9 245.1 16.6 204.4 186.0 397.8 437.5 249.7 480.6 115.3 175.9 283.1 141.7 117.3 128.9 362.8 100.7 208.3 35.2 89.3
1771.2 450.0 183.4 71.9 292.6 150.0 175.4 115.8 263.2 326.9 42.9 294.7 361.2 272.3 331.0 308.8 401.5 131.7 421.0 330.7 157.4 120.2 351.6 230.9 115.2 187.8 232.4 399.4 59.9 348.6 444.2 430.2 251.2 190.2 296.0 431.8 204.5 389.7 320.4 281.1 392.0 306.1 94.2 344.5 303.5 297.5 308.5 41.4 454.0 46.1 316.4 315.4 235.1 231.4 258.6 276.8 300.2 320.6 379.4 451.6 278.2 310.2 385.0 298.3 317.9 139.1 342.5 226.0 384.4 0.0 214.9 3.9 79.2 12.9 135.0 234.3 235.5 286.1 261.7 102.3 327.4 300.1 185.4 290.3 480.0 130.6 442.9 463.7 193.9 93.7 326.0 188.8 385.8 55.4 306.4 302.4 268.7 339.0 23.1 244.4 230.0 120.0 463.2 288.7 401.0 271.6 302.0 62.2 81.8 292.0 124.9 353.2 265.0 176.6 447.9 456.0 317.1 7.2 352.0 172.4 358.6 444.7
1875.8 303.5 21.4 271.9 215.9 54.8 218.1 80.5 270.3 191.6 194.6 213.6 196.0 260.3 171.7 378.9 206.0 174.4 228.6 126.5 142.1 162.9 303.1 304.8 315.2 155.1 52.4 294.8 259.9 144.4 279.9 277.3 325.1 232.9 91.8 224.2 247.1 217.3 362.7 180.9 287.4 284.9 303.2 284.2 246.9 226.1 166.5 241.4 249.1 246.1 112.2 263.5 237.4 278.6 249.7 182.0 198.8 260.3 216.5 209.3 161.8 384.1 182.2 136.4 106.8 106.4 138.3 11.0 180.9 199.9 0.0 195.3 279.0 212.8 102.3 281.5 272.8 315.3 290.9 295.8 267.1 241.8 160.9 149.7 275.1 120.7 270.5 221.4 152.4 293.5 265.7 110.7 223.0 255.4 91.4 87.4 239.6 211.5 223.1 274.7 258.0 162.7 253.6 303.6 197.5 168.4 301.8 242.1 281.8 313.6 324.9 200.3 304.0 219.3 288.4 298.3 158.5 207.1 247.4 127.1 181.9 202.4
1767.3 446.1 179.5 76.5 288.7 146.1 169.5 128.2 256.6 323.0 39.0 290.8 357.3 268.4 327.1 304.9 397.6 127.8 421.8 326.8 153.5 116.3 347.7 227.0 119.8 183.9 228.5 395.5 64.5 344.7 440.3 426.3 247.3 186.3 292.1 427.9 200.6 385.8 316.5 277.2 388.1 302.2 98.8 340.6 299.6 293.6 304.6 45.9 440.0 50.7 312.5 311.5 231.2 227.5 254.7 272.9 296.3 316.7 375.5 447.7 274.3 306.3 381.1 294.4 314.0 135.2 338.6 222.1 380.5 4.5 211.0 0.0 81.5 17.4 131.1 230.4 231.6 282.2 257.8 105.3 326.6 296.2 181.5 286.4 476.1 126.7 439.0 459.8 190.0 98.3 322.1 184.9 381.9 60.0 302.5 298.5 264.8 327.6 27.7 240.5 226.1 116.1 459.3 284.8 397.1 267.7 298.1 66.8 85.7 288.1 129.5 349.3 263.7 171.8 444.0 452.1 313.2 11.8 348.1 168.5 354.7 440.8
1791.5 527.0 258.1 77.0 369.6 227.3 250.4 209.6 337.5 403.9 119.9 369.4 438.2 349.3 408.0 385.8 478.5 208.7 500.4 405.4 216.0 194.9 417.7 304.4 47.7 264.8 309.4 474.1 90.4 423.3 521.2 504.9 328.2 267.2 370.7 508.8 281.5 466.7 400.7 355.8 469.0 380.8 75.1 419.2 380.5 374.5 385.5 57.5 517.7 72.7 400.0 392.4 312.1 308.4 335.6 353.8 377.2 397.6 456.4 528.6 355.2 387.2 462.0 375.3 394.9 216.1 419.5 303.0 461.4 76.9 291.9 80.8 0.0 65.8 212.0 311.3 312.5 363.1 338.7 87.6 405.2 377.1 260.1 365.0 554.7 205.3 517.6 538.4 270.9 8.0 403.0 265.8 460.5 87.3 383.4 379.4 345.7 408.5 57.3 321.4 307.0 197.0 540.2 365.7 475.7 348.6 379.0 78.4 62.3 369.0 57.4 427.9 344.6 252.7 524.9 530.7 394.1 68.3 430.5 249.4 435.6 521.7
1782.3 461.1 194.5 59.2 303.7 161.1 186.5 143.7 271.6 338.0 54.0 305.8 372.3 283.4 342.1 319.9 412.6 142.8 436.8 341.8 168.5 131.3 354.1 238.5 102.3 198.9 243.5 410.5 45.6 359.7 455.3 441.3 262.3 201.3 307.1 442.9 215.6 400.8 331.5 292.2 403.1 317.2 75.3 355.6 314.6 308.6 319.6 28.4 451.8 25.6 327.5 326.5 246.2 242.5 269.7 287.9 311.3 331.7 390.5 462.7 289.3 321.3 396.1 309.4 329.0 150.2 353.6 237.1 395.5 11.1 226.0 15.0 64.0 0.0 146.1 245.4 246.6 297.2 272.8 87.8 341.6 311.2 196.5 301.4 491.1 141.7 454.0 474.8 205.0 74.4 337.1 199.9 396.9 42.5 317.5 313.5 279.8 342.5 10.2 255.5 241.1 131.1 474.3 299.8 412.1 282.7 313.1 49.3 68.9 303.1 112.0 364.3 278.7 186.8 459.0 467.1 328.2 4.8 363.1 183.5 369.7 455.8
1802.6 395.6 156.9 198.7 261.7 64.1 144.9 29.9 219.2 172.2 121.4 264.2 288.1 209.2 263.8 305.7 298.1 101.2 320.7 218.6 74.3 89.7 325.6 231.6 242.0 52.7 94.0 373.4 186.7 236.5 372.0 369.4 251.9 159.7 183.9 316.3 174.0 309.4 289.5 217.7 366.0 280.1 221.0 330.0 274.7 162.8 150.8 168.2 341.2 172.9 204.3 289.4 204.6 205.4 228.1 108.8 236.8 306.1 294.6 301.4 178.9 310.9 274.3 202.3 172.7 4.1 230.4 125.4 273.0 126.7 136.5 122.1 205.8 139.6 0.0 208.3 205.0 242.1 217.7 227.4 312.9 269.6 102.3 166.8 367.2 47.5 362.6 313.5 110.8 220.3 311.5 105.7 287.7 182.2 125.0 179.5 238.2 313.0 149.9 218.4 199.5 89.5 345.7 230.4 289.6 185.5 289.5 168.9 208.6 244.5 251.7 255.1 252.9 146.1 380.5 390.4 224.4 133.9 326.0 89.3 274.0 294.5
1723.9 215.6 292.0 302.4 58.2 325.4 162.6 219.8 28.8 204.9 225.1 112.1 126.8 37.9 161.1 141.0 167.1 114.4 186.6 193.3 206.0 125.9 108.6 63.1 331.8 291.8 258.5 165.0 290.4 177.9 209.8 195.8 83.4 79.6 255.5 197.4 82.5 155.3 152.6 134.8 157.6 71.7 324.7 110.1 69.1 175.5 186.5 271.9 219.6 276.6 178.0 81.0 60.4 2.8 88.2 154.8 153.9 86.2 145.0 217.2 156.2 142.4 150.6 134.0 153.6 243.1 192.0 259.4 150.0 230.4 270.5 225.8 291.4 243.3 239.0 0.0 65.1 91.6 67.2 331.1 93.0 120.2 203.2 168.3 245.6 205.5 208.5 229.3 205.5 305.9 91.6 212.6 151.4 285.9 193.3 233.8 98.3 104.6 253.6 10.0 108.0 126.1 228.8 79.9 166.6 149.6 67.6 272.6 312.3 80.3 341.5 118.8 30.6 128.6 213.5 221.6 152.8 237.6 117.6 221.0 124.2 210.3
1792.3 264.1 275.3 319.2 83.9 308.7 176.5 256.1 27.4 183.0 241.7 59.2 142.4 17.4 166.7 209.4 190.7 130.3 218.0 212.4 184.1 141.8 164.0 128.0 362.3 311.3 241.8 213.5 307.0 197.0 258.3 244.3 151.8 57.7 238.8 245.9 60.6 203.8 202.5 118.1 206.1 120.2 341.3 152.2 96.9 153.6 164.6 288.4 258.0 285.4 197.1 113.5 26.8 71.2 23.1 132.9 137.2 128.3 131.0 261.9 134.3 210.8 156.2 117.3 136.9 262.6 175.3 242.7 165.6 247.0 253.8 242.4 323.8 259.9 258.5 68.3 0.0 168.6 135.5 347.7 138.2 91.8 181.3 146.4 294.1 183.6 257.0 274.0 188.8 340.6 133.7 195.9 124.1 302.5 176.6 221.4 33.2 145.6 270.2 58.5 86.1 142.0 277.3 148.2 182.2 127.7 111.7 289.2 328.9 111.1 372.0 91.5 63.7 144.5 262.0 270.1 136.1 254.2 166.1 199.1 172.7 255.0
1759.0 313.3 364.8 337.5 153.2 271.1 179.7 236.9 126.3 235.4 260.2 203.2 221.8 135.4 239.5 109.3 262.1 131.5 281.6 288.3 236.5 143.0 152.5 98.2 366.9 308.9 331.3 262.7 325.5 272.9 304.8 290.8 85.2 98.7 328.3 292.4 113.0 250.3 120.9 189.6 234.2 189.4 359.8 180.4 164.1 206.0 217.0 307.0 314.6 311.7 273.0 176.0 143.6 92.0 167.1 185.3 208.7 184.9 240.0 312.2 186.7 110.7 245.6 206.8 226.4 260.2 264.8 332.2 245.0 265.5 343.3 260.9 326.5 278.4 256.1 94.9 144.0 0.0 36.4 366.2 141.4 208.6 233.7 198.8 340.6 236.0 303.5 324.3 242.2 341.0 190.3 267.9 246.4 321.0 266.1 310.9 177.2 199.6 288.7 105.0 138.5 143.2 323.8 43.0 261.6 180.1 129.1 307.7 347.4 152.7 376.6 213.8 93.9 145.7 308.5 316.6 225.6 272.7 212.6 251.5 219.2 305.3
1746.8 279.3 352.6 325.3 141.0 258.9 167.5 224.7 111.6 223.2 248.0 191.0 209.6 120.7 227.3 87.9 249.9 119.3 269.4 276.1 224.3 130.8 126.0 86.0 354.7 296.7 319.1 228.7 313.3 260.7 292.6 295.5 79.5 86.5 316.1 280.2 100.8 238.1 71.7 177.4 200.2 171.5 347.6 162.5 151.9 193.8 204.8 294.8 302.4 299.5 260.8 163.8 131.4 79.8 154.9 173.1 196.5 167.0 227.8 300.0 174.5 113.2 233.4 194.6 214.2 248.0 252.6 320.0 232.8 253.3 331.1 248.7 314.3 266.2 243.9 82.7 131.8 28.6 0.0 354.0 123.5 196.4 221.5 186.6 328.4 223.8 291.3 312.1 230.0 328.8 172.4 255.7 234.2 308.8 253.9 298.7 165.0 187.4 276.5 92.8 126.3 131.0 311.6 30.8 249.4 167.9 98.2 295.5 335.2 140.4 364.4 201.6 99.7 133.5 296.3 304.4 213.4 260.5 200.4 239.3 207.0 293.1
1737.5 539.8 291.3 48.8 382.4 261.2 267.0 221.1 354.8 392.4 127.8 384.5 451.0 362.1 420.8 398.6 491.3 221.5 514.7 438.6 280.3 208.6 432.8 322.5 70.9 277.6 345.6 487.8 74.3 459.8 534.0 518.6 339.6 280.0 410.8 508.4 294.3 479.5 412.0 369.5 481.8 394.5 12.2 433.5 393.3 383.0 371.0 87.5 523.2 50.6 427.6 403.8 324.9 321.2 348.4 329.0 388.6 410.4 469.2 493.5 368.0 400.0 474.8 388.1 435.0 227.5 455.7 339.2 474.2 89.7 328.1 98.5 81.8 77.2 224.8 324.1 323.9 375.9 351.5 0.0 422.1 389.9 320.5 381.9 554.0 267.7 531.9 500.3 331.0 67.3 415.8 320.6 480.5 34.8 345.2 415.6 357.1 421.3 68.0 334.2 319.8 209.8 537.8 378.5 489.4 361.4 391.8 100.1 144.9 381.8 82.0 441.6 356.6 268.2 537.7 544.4 406.9 82.0 443.6 309.5 448.4 486.6
1812.0 210.3 289.5 390.7 55.7 322.9 248.7 344.5 114.3 242.2 313.2 109.6 142.3 122.5 182.2 173.1 182.6 202.5 206.8 208.8 251.0 214.0 32.8 147.7 419.9 423.2 256.0 159.7 377.1 193.4 225.3 226.5 171.5 148.8 253.0 212.9 151.7 170.8 156.9 132.3 131.2 78.3 412.8 42.0 84.6 234.7 217.1 359.9 225.0 356.9 193.5 96.5 99.6 90.9 145.7 214.0 151.4 46.5 155.8 232.7 169.6 172.0 181.0 131.5 151.1 374.5 189.5 256.9 165.5 318.5 268.0 313.9 377.2 331.4 370.4 88.0 138.3 140.0 133.6 414.3 0.0 124.0 211.5 181.7 261.1 264.7 224.0 244.8 203.0 387.6 51.9 210.1 148.9 374.0 190.8 235.6 135.6 112.6 341.7 78.1 177.2 214.2 244.3 160.2 182.1 163.0 103.8 360.7 400.4 168.4 429.6 116.3 101.4 216.7 229.0 237.1 150.3 325.7 133.1 226.5 139.7 225.8
1847.7 194.0 247.9 374.9 60.9 281.3 234.4 307.0 97.3 225.0 297.6 92.4 50.5 87.3 84.8 276.8 98.8 186.2 121.4 120.5 224.3 197.7 148.1 186.9 418.2 381.6 225.2 143.4 362.9 105.1 172.7 188.1 207.2 113.6 190.2 175.8 116.5 128.1 260.6 115.1 136.0 124.0 397.2 129.2 43.1 209.5 199.9 344.4 198.0 349.1 105.2 29.9 64.4 126.6 126.2 188.8 106.8 105.3 68.7 170.0 152.4 266.2 74.3 114.3 133.9 332.9 127.2 226.1 73.7 302.9 237.2 298.3 382.0 315.8 328.8 123.7 103.1 215.8 191.4 403.6 112.1 0.0 194.3 164.5 224.0 239.5 181.3 182.1 185.8 396.5 110.7 192.9 75.2 358.4 173.6 161.0 118.4 83.0 326.1 128.4 142.0 197.9 207.2 204.1 90.3 145.8 128.8 345.1 384.8 167.0 427.9 99.1 131.0 200.4 199.2 191.1 133.1 310.1 96.0 209.3 92.7 163.1
1833.1 344.5 182.4 229.4 179.4 215.5 173.4 127.8 186.8 73.5 151.9 177.1 215.1 173.8 190.8 321.5 247.0 131.7 274.3 167.5 41.6 120.2 266.6 243.9 272.5 183.0 148.9 320.6 217.2 185.4 320.9 318.3 267.7 155.7 172.1 265.2 128.6 258.3 305.3 140.9 313.2 248.4 251.5 247.7 210.4 93.5 48.4 198.6 280.0 203.4 153.2 227.0 169.2 188.0 192.7 39.5 160.0 223.8 203.3 250.3 76.5 326.7 201.3 99.9 70.3 134.3 161.2 149.8 221.9 157.2 160.9 152.6 234.0 170.1 130.2 190.9 169.6 257.9 233.5 256.1 233.7 205.3 0.0 64.4 316.1 55.3 311.5 262.4 8.4 250.8 229.2 87.2 196.4 212.7 83.7 128.5 202.8 257.2 180.4 201.0 139.5 120.0 294.6 246.2 238.5 83.1 254.1 199.4 238.4 195.1 282.2 163.8 220.1 176.6 329.4 339.3 122.0 164.4 273.2 70.8 222.9 243.4
1887.6 321.2 181.2 283.9 129.4 214.3 227.9 165.5 160.6 85.1 206.4 127.1 150.6 147.6 126.3 295.3 226.8 186.2 254.1 166.3 96.1 174.7 216.6 217.7 327.0 314.9 147.7 270.6 270.3 184.2 300.7 316.1 241.5 129.5 170.9 264.0 102.4 256.1 274.3 76.4 263.2 198.4 306.0 197.7 160.4 119.6 60.0 253.1 288.9 257.9 152.0 177.0 143.0 161.8 163.2 94.0 95.5 173.8 153.3 249.1 12.0 300.5 136.8 93.6 69.1 266.2 151.6 148.6 201.7 211.7 159.7 207.1 288.5 224.6 262.1 164.7 143.4 231.7 207.3 312.5 183.7 155.3 54.4 0.0 314.9 109.8 309.3 261.2 45.9 305.3 179.2 101.8 146.4 267.2 82.5 127.3 153.1 202.7 234.9 174.8 113.3 174.5 293.4 220.0 218.3 18.7 215.3 253.9 292.9 168.9 336.7 113.8 193.9 216.3 327.2 319.1 112.4 218.9 224.7 118.2 220.7 242.2
1974.5 115.5 271.6 522.1 236.2 304.7 411.2 326.6 276.8 343.5 444.8 311.0 224.1 288.6 237.6 391.6 139.0 365.0 111.7 157.9 337.8 376.5 287.0 313.7 565.4 405.3 302.2 166.1 508.7 140.0 75.3 117.5 334.0 326.3 267.2 64.0 325.2 129.5 403.2 285.4 184.2 250.8 553.4 238.5 222.5 378.0 318.4 491.5 48.4 496.3 173.5 217.6 280.0 253.4 347.1 352.4 264.7 233.4 242.3 71.6 313.7 393.0 247.9 262.1 252.4 356.6 204.2 298.7 164.1 450.1 287.6 445.5 539.7 463.0 352.5 250.5 315.8 342.2 317.8 544.2 254.1 246.8 312.8 301.6 0.0 368.2 84.5 59.3 304.3 550.1 228.0 306.4 248.8 505.6 287.1 238.0 337.0 144.3 473.3 240.6 373.8 376.7 27.1 330.5 147.5 320.3 271.4 492.3 531.3 330.9 575.1 279.5 263.9 378.3 69.1 62.1 243.4 457.3 177.4 322.8 162.1 85.8
1777.7 382.2 190.4 173.8 223.1 89.8 118.0 71.9 194.3 124.6 96.5 220.8 244.3 184.3 220.0 280.8 284.7 76.3 312.0 205.2 8.3 64.8 292.1 203.2 217.1 127.6 156.9 348.5 161.8 223.1 358.6 356.0 227.0 134.8 189.1 302.9 149.1 296.0 259.8 170.1 341.1 255.2 196.1 291.4 249.8 115.2 103.2 143.2 327.8 140.2 197.5 264.5 179.7 180.5 203.2 61.2 189.2 267.5 247.0 288.0 131.3 286.0 230.5 154.7 125.1 78.9 216.0 157.8 259.6 101.8 168.9 97.2 178.6 114.7 74.8 183.4 180.1 217.2 192.8 197.6 277.4 244.7 54.7 119.2 353.8 0.0 349.2 300.1 63.2 194.3 272.9 58.1 240.1 157.3 77.4 136.5 213.3 280.6 125.0 193.5 161.2 64.6 332.3 205.5 276.2 137.9 264.6 144.0 183.0 216.8 226.8 207.5 230.6 120.3 367.1 377.0 176.8 109.0 301.1 41.7 260.6 281.1
1942.3 30.9 300.5 520.8 204.0 333.6 379.0 355.5 244.6 319.1 443.5 254.9 168.0 256.4 202.3 357.9 133.3 332.8 125.4 173.1 330.1 344.3 254.8 281.5 550.2 434.2 277.8 81.5 507.4 157.7 85.7 32.9 301.8 304.4 242.8 116.2 307.3 64.5 336.9 245.0 99.6 218.6 537.1 204.7 190.3 353.6 294.0 490.2 100.6 487.4 157.8 185.4 255.2 221.2 291.0 328.0 224.3 201.2 186.2 172.5 289.3 359.4 191.8 237.7 228.0 385.5 179.8 278.7 144.3 448.8 289.8 444.2 507.5 461.7 381.4 218.3 293.9 310.0 285.6 544.6 221.9 190.7 288.4 277.2 100.8 343.8 0.0 160.2 279.9 517.9 195.8 282.0 192.7 504.3 262.7 213.6 280.9 112.1 472.0 208.4 332.8 344.5 128.0 298.3 141.8 295.9 239.2 491.0 530.7 298.7 559.9 223.4 231.7 346.1 17.9 72.5 219.0 456.0 109.6 298.4 104.0 138.0
1962.7 174.9 212.2 462.9 224.4 245.3 408.9 266.7 265.0 284.1 385.4 258.9 172.0 282.1 178.2 379.8 86.9 365.2 91.1 98.5 295.1 353.7 275.2 298.4 506.0 345.9 242.8 214.4 450.7 80.6 100.5 170.2 322.2 308.4 207.8 74.9 303.5 124.2 386.6 226.0 207.0 239.0 499.6 226.7 237.9 318.6 259.0 432.1 67.0 429.1 122.8 224.7 259.2 241.6 295.0 293.0 205.3 221.6 190.2 12.2 254.3 381.2 188.7 202.7 193.0 297.2 144.8 239.3 112.0 390.7 228.2 386.1 467.5 403.6 293.1 238.7 297.9 330.4 306.0 484.8 242.3 194.7 253.4 242.2 59.3 308.8 143.9 0.0 244.9 484.3 216.2 247.0 196.7 446.2 227.7 178.6 284.9 132.5 413.9 228.8 314.4 353.5 32.1 318.7 95.4 260.9 259.6 432.9 472.6 319.1 515.7 227.4 252.1 366.5 128.5 118.9 184.0 397.9 165.6 263.4 140.2 96.7
1841.6 336.0 173.9 237.7 170.9 207.3 183.9 119.5 192.3 65.0 160.4 168.6 206.6 182.3 182.3 330.0 238.5 140.2 261.1 159.0 64.3 128.7 266.7 255.9 281.0 191.5 140.4 312.1 225.7 176.9 312.4 309.8 276.2 164.2 163.6 256.7 137.1 249.8 313.8 132.4 304.7 239.9 260.0 239.2 201.9 99.5 39.9 207.2 281.6 211.9 144.7 218.5 177.7 196.5 201.2 48.0 151.5 215.3 194.8 241.8 68.0 335.2 192.8 91.4 61.8 142.8 152.7 141.3 213.4 165.7 152.4 161.1 244.8 178.6 138.7 199.4 178.1 266.4 242.0 266.4 222.1 196.8 8.4 55.9 307.6 63.8 303.0 253.9 0.0 259.3 220.7 94.5 187.9 221.2 75.2 120.0 194.6 251.7 188.9 209.5 148.0 128.5 286.1 254.7 230.0 74.6 256.8 207.9 247.6 203.6 290.7 155.3 226.0 185.1 320.9 330.8 113.5 172.9 264.7 79.3 214.4 234.9
1777.0 541.5 274.9 61.9 384.1 241.9 267.3 217.7 355.1 418.4 134.4 386.2 452.7 363.8 422.5 400.3 493.0 223.2 517.6 422.6 234.7 211.7 428.1 322.8 32.8 279.3 323.9 484.5 100.8 440.5 535.7 521.7 336.3 281.7 387.5 523.3 296.0 481.2 412.3 372.6 483.5 391.2 66.2 429.6 395.0 389.0 400.0 65.6 535.4 85.7 408.3 400.5 326.6 322.9 350.1 368.3 392.1 412.1 470.9 543.1 369.7 401.7 476.5 389.8 409.4 224.2 434.0 317.5 475.9 91.4 306.4 88.9 14.8 80.7 226.5 325.8 320.6 377.6 353.2 76.7 422.4 391.6 276.9 381.8 571.9 222.1 528.0 548.8 285.4 0.0 417.5 280.3 477.7 71.5 397.9 393.9 360.2 416.6 71.8 335.9 321.5 211.5 554.7 380.2 492.5 363.1 393.5 92.9 77.9 383.5 42.9 444.7 352.7 268.5 539.4 547.9 408.6 85.5 443.9 263.9 450.1 536.2
1817.5 195.5 295.0 396.0 61.2 328.4 256.2 354.1 122.5 247.7 318.7 115.1 110.7 128.0 145.0 215.1 151.0 208.0 170.5 177.2 247.0 219.5 74.8 156.7 425.4 428.7 261.5 144.9 384.0 161.8 193.7 179.7 177.0 154.3 258.5 181.3 157.2 139.2 198.9 137.8 116.4 93.8 418.3 55.9 90.1 240.2 222.6 365.5 203.5 370.2 161.9 90.1 105.1 96.4 151.2 219.5 156.9 5.4 128.9 201.1 175.1 214.0 134.5 137.0 156.6 380.0 195.0 262.4 133.9 324.0 273.5 319.4 385.0 336.9 375.9 93.5 143.8 182.0 160.8 424.7 38.8 114.0 217.0 187.2 229.5 270.2 192.4 213.2 208.5 399.5 0.0 215.6 135.4 379.5 196.3 217.7 141.1 88.5 347.2 83.6 182.7 219.7 212.7 173.5 150.5 168.5 114.4 366.2 405.9 173.9 435.1 121.8 104.3 222.2 197.4 205.5 155.8 331.2 101.5 232.0 108.1 194.2
1846.5 324.0 132.2 242.6 178.0 165.6 186.8 140.7 228.0 147.1 165.3 175.7 216.5 218.0 192.2 349.6 226.5 145.1 253.8 147.0 58.8 133.6 273.8 272.0 285.9 265.9 98.7 315.3 229.2 164.9 300.4 297.8 295.8 199.9 130.9 244.7 172.8 237.8 328.6 143.0 307.9 247.0 264.9 246.3 209.0 137.7 125.7 212.0 256.3 216.8 139.3 225.6 199.5 232.2 211.8 83.7 162.1 222.4 201.9 229.8 123.9 354.8 202.7 98.5 68.9 217.2 158.8 99.6 201.4 170.6 110.7 166.0 249.7 183.5 213.1 235.1 213.8 286.0 261.6 266.4 232.3 203.9 77.2 111.8 295.6 68.7 291.0 241.9 85.7 264.2 227.8 0.0 195.0 226.1 19.3 78.3 201.7 234.8 193.8 245.2 183.7 133.4 274.1 274.3 218.0 130.5 263.9 212.8 251.8 239.3 295.6 162.4 264.3 189.1 308.9 318.8 120.6 177.8 267.9 16.4 202.4 222.9
1875.1 217.6 244.7 409.1 82.4 277.8 273.9 299.7 136.8 212.7 331.8 62.1 25.9 126.8 42.5 292.2 102.1 225.7 129.4 123.8 225.3 237.2 169.6 210.8 452.4 378.4 222.0 166.1 395.7 108.4 176.0 191.4 234.6 153.1 187.0 181.6 149.0 131.4 288.9 85.2 158.7 151.4 425.4 150.7 113.4 205.2 187.6 378.5 193.7 375.5 108.5 126.5 103.9 154.0 98.2 184.5 64.5 126.8 6.8 173.3 140.1 293.6 32.0 102.0 121.6 329.7 85.9 222.9 77.0 337.1 234.0 332.5 416.2 350.0 325.6 151.1 121.3 255.3 230.9 432.9 136.7 96.5 182.0 152.2 229.8 235.2 184.6 185.4 173.5 424.3 132.2 180.6 0.0 392.6 161.3 157.8 88.1 98.2 360.3 141.2 159.9 237.4 213.0 243.6 93.6 133.5 168.3 379.3 418.3 206.5 462.1 30.6 173.1 239.0 202.5 194.4 106.2 344.3 120.2 197.0 96.0 166.4
1706.9 503.5 236.9 16.4 346.1 203.5 226.9 169.3 314.0 380.4 96.4 348.2 414.7 325.8 384.5 362.3 455.0 185.2 479.2 384.2 192.5 173.7 396.5 284.4 59.7 241.3 285.9 452.9 38.0 402.1 497.7 483.7 304.7 243.7 349.5 485.3 258.0 443.2 373.9 334.6 445.5 359.6 32.7 398.0 357.0 351.0 362.0 52.0 494.2 7.7 369.9 368.9 288.6 284.9 312.1 330.3 353.7 374.1 432.9 505.1 331.7 363.7 438.5 351.8 371.4 192.6 396.0 279.5 437.9 53.4 268.4 57.3 67.4 42.3 188.5 287.8 289.0 339.6 315.2 45.9 384.0 353.6 238.9 343.8 533.5 184.1 496.4 517.2 247.4 52.9 379.5 242.3 439.3 0.0 359.9 355.9 322.2 384.9 31.7 297.9 283.5 173.5 516.7 342.2 454.5 325.1 355.5 72.9 112.5 345.5 69.4 406.7 321.1 230.1 501.4 509.5 370.6 47.1 407.0 225.9 412.1 498.2
1865.8 304.7 112.9 261.9 158.7 146.3 208.1 172.0 213.1 134.4 184.6 156.4 197.2 203.1 172.9 368.5 207.2 164.4 229.8 127.7 50.6 152.9 245.9 290.6 305.2 246.6 79.4 296.0 249.9 145.6 281.1 278.5 310.9 217.0 111.6 225.4 189.9 218.5 352.7 123.7 288.6 227.7 284.2 227.0 189.7 157.0 109.3 231.4 250.3 236.1 113.4 206.3 180.2 230.3 192.5 103.0 142.8 203.1 182.6 210.5 104.6 369.9 183.4 79.2 49.6 197.9 139.5 80.3 182.1 189.9 91.4 185.3 269.0 202.8 193.8 227.4 215.6 305.3 280.9 290.6 209.9 184.6 96.5 92.5 276.3 88.0 271.7 222.6 95.2 283.5 208.5 19.3 175.7 245.4 0.0 59.0 182.4 212.7 213.1 217.5 200.8 152.7 254.8 293.6 198.7 111.2 244.6 232.1 271.8 256.4 314.9 143.1 246.8 209.3 289.6 299.5 101.3 197.1 248.6 35.7 183.1 203.6
1914.9 245.6 118.9 311.0 173.5 152.3 257.2 178.0 227.9 149.2 233.7 171.2 138.1 217.9 113.8 383.3 148.1 213.5 170.7 68.6 99.7 202.0 260.7 305.4 354.3 252.6 85.4 236.9 299.0 86.5 222.0 219.4 325.7 231.8 91.2 166.3 204.7 159.4 384.8 138.5 229.5 242.5 333.3 241.8 204.5 183.7 124.1 280.5 191.2 285.2 54.3 219.4 195.0 245.1 207.3 152.1 140.9 217.9 158.6 151.4 119.4 384.7 124.3 94.0 64.4 203.9 80.4 86.3 123.0 239.0 97.4 234.4 318.1 251.9 199.8 242.2 230.4 334.0 309.6 339.7 224.7 189.4 118.5 107.3 217.2 137.1 212.6 163.5 110.0 332.6 223.3 68.3 165.1 294.5 49.0 0.0 197.2 153.6 262.2 232.3 215.6 201.8 195.7 322.3 139.6 126.0 259.4 281.2 320.9 271.2 364.0 157.9 261.6 258.4 230.5 240.4 116.1 246.2 189.5 84.7 124.0 144.5
1825.5 283.7 249.5 352.2 91.9 282.9 209.7 304.0 60.6 202.2 274.9 26.0 116.9 50.6 133.5 242.6 193.1 163.5 220.4 195.8 201.5 175.0 187.7 161.2 395.5 383.2 216.0 233.1 338.8 199.4 267.0 263.9 185.0 90.9 213.0 265.5 93.8 222.4 240.5 92.3 225.7 153.4 368.5 160.2 122.9 186.8 177.1 321.6 274.4 318.6 188.1 139.5 60.0 104.4 10.1 166.1 111.4 136.3 97.8 264.3 129.6 244.0 123.0 91.5 111.1 334.5 149.5 216.9 168.0 280.2 228.0 275.6 357.0 293.1 330.4 101.5 33.2 201.8 168.7 381.7 146.2 117.8 171.5 141.7 313.7 216.8 275.6 276.4 163.0 373.8 141.7 170.1 90.9 335.7 150.8 195.6 0.0 165.2 303.4 91.7 119.3 175.2 296.9 181.4 184.6 123.0 144.9 322.4 361.4 144.3 405.2 58.3 96.9 176.8 293.5 285.4 110.3 287.4 185.7 186.5 187.0 257.4
1825.6 131.0 219.0 408.8 87.3 256.9 262.3 278.1 130.6 237.6 326.8 141.2 70.5 139.7 104.8 242.7 65.4 220.6 89.6 96.1 256.9 227.6 142.6 161.3 433.5 352.7 196.3 75.9 392.1 76.2 108.1 106.7 185.1 177.4 161.3 100.2 176.3 53.6 258.8 163.5 68.5 101.9 420.4 89.6 73.6 272.1 212.5 373.5 122.4 378.3 69.7 68.7 131.1 104.5 177.3 246.5 142.8 84.5 104.7 115.5 207.8 244.1 110.3 160.7 146.5 304.0 98.3 197.2 67.3 332.1 208.3 327.5 390.8 345.0 299.9 101.6 166.9 193.3 168.9 432.8 105.2 73.8 206.9 195.7 143.9 262.3 106.8 132.1 198.4 407.6 79.1 200.5 111.2 392.1 185.7 132.1 167.2 0.0 355.3 96.2 201.8 227.8 131.6 181.6 73.9 194.6 122.5 374.3 417.8 182.0 443.2 141.9 115.0 230.3 111.8 124.4 137.5 339.3 33.0 216.9 27.0 108.6
1739.2 471.7 205.1 48.7 314.3 171.7 197.1 137.5 284.9 348.6 64.6 316.4 382.9 294.0 352.7 330.5 423.2 153.4 442.7 352.4 179.1 141.9 364.7 252.6 92.0 209.5 254.1 421.1 36.7 370.3 465.9 451.9 272.9 211.9 317.7 453.5 226.2 411.4 342.1 302.8 413.7 327.8 71.0 366.2 325.2 319.2 330.2 20.3 475.7 22.9 338.1 337.1 256.8 253.1 280.3 298.5 321.9 342.3 401.1 473.3 299.9 331.9 406.7 320.0 339.6 160.8 364.2 247.7 406.1 21.6 236.6 25.5 78.1 10.5 156.7 256.0 257.2 307.8 283.4 79.1 349.1 321.8 207.1 312.0 501.7 152.3 464.6 485.4 215.6 85.2 347.7 210.5 407.5 32.2 328.1 324.1 290.4 360.7 0.0 266.1 251.7 141.7 484.9 310.4 422.7 293.3 323.7 41.1 80.7 313.7 101.7 374.9 286.7 198.3 469.6 477.7 338.8 15.3 373.7 194.1 380.3 466.4
1733.8 205.5 281.9 312.3 48.1 315.3 172.5 229.7 38.8 206.9 235.0 102.0 116.7 47.9 151.0 150.9 157.0 124.3 176.5 183.2 208.0 135.8 98.5 73.0 341.7 301.7 248.4 154.9 300.3 167.8 199.7 185.7 93.3 99.5 245.4 187.3 84.5 145.2 162.5 124.7 147.5 61.6 334.6 100.0 59.0 177.5 188.5 281.8 209.5 286.5 167.9 70.9 50.3 12.7 112.1 156.8 143.8 76.1 134.9 207.1 162.0 152.3 140.5 123.9 143.5 253.0 181.9 249.3 139.9 240.3 260.4 235.7 301.3 253.2 248.9 9.8 89.0 101.5 77.1 341.0 82.9 110.1 203.9 174.1 235.5 207.5 198.4 219.2 195.4 315.8 81.5 202.5 141.3 295.8 183.2 223.7 122.2 94.5 263.5 0.0 110.0 136.0 218.7 89.8 156.5 155.4 57.5 282.5 322.2 90.2 351.4 108.7 20.6 138.5 203.4 211.5 142.7 247.5 107.5 218.9 114.1 200.2
1822.9 321.3 260.5 305.6 138.3 293.9 191.2 187.4 98.5 131.1 228.3 136.0 159.5 88.5 135.2 236.2 235.7 143.0 258.3 206.8 132.2 154.5 225.5 162.1 348.9 259.4 227.0 270.7 293.6 224.7 309.6 301.5 182.4 70.4 224.0 303.1 43.3 265.0 220.0 85.3 263.3 177.4 327.9 206.6 154.0 101.7 112.7 275.1 325.3 279.8 192.5 170.6 83.9 102.7 107.4 81.0 104.4 182.7 162.2 289.6 82.4 241.4 145.7 102.5 122.1 210.7 160.5 227.9 210.6 233.6 239.0 229.0 312.7 246.5 206.6 105.6 84.3 172.6 148.2 334.3 189.5 148.9 129.4 94.5 351.3 131.7 318.2 301.7 137.9 327.2 188.1 163.6 155.3 289.1 161.8 206.6 117.5 210.3 256.8 115.7 0.0 154.7 333.9 160.9 227.2 75.8 168.8 275.8 315.5 109.8 358.6 122.7 132.2 157.2 319.2 327.3 121.3 240.8 223.3 147.2 229.6 282.7
1780.8 334.4 161.2 176.9 172.1 127.8 55.3 93.6 129.6 206.8 99.6 174.6 230.6 119.6 210.9 216.1 278.9 11.6 301.5 282.5 207.9 0.2 227.4 142.0 220.2 165.6 210.2 283.8 164.9 285.2 328.6 314.6 162.3 70.1 299.7 316.2 84.4 274.1 199.9 161.0 276.4 190.5 199.2 240.4 185.1 177.4 188.4 146.4 338.4 151.1 268.2 199.8 115.0 115.8 138.5 156.7 180.1 216.5 229.8 336.0 158.1 221.3 221.4 178.2 197.8 116.9 236.2 203.8 253.8 104.9 192.7 100.3 184.0 117.8 112.8 118.7 115.4 152.5 128.1 205.6 223.3 180.0 205.1 170.2 364.4 207.4 327.3 348.1 213.6 198.5 221.9 239.3 222.9 160.4 237.5 282.3 148.6 223.4 128.1 128.8 109.9 0.0 347.6 140.8 270.4 151.5 199.9 147.1 186.8 154.9 229.9 190.3 163.3 56.5 332.3 340.4 197.0 112.1 236.4 222.9 243.0 329.1
1956.1 142.7 244.4 494.9 217.8 277.8 394.8 303.5 261.1 316.3 417.6 283.8 196.9 270.2 210.4 373.2 111.8 346.6 89.2 130.7 310.6 385.9 268.6 295.3 538.2 378.1 275.0 192.5 482.9 112.8 78.6 144.7 315.6 333.3 240.0 53.0 335.7 102.3 384.8 258.2 185.1 232.4 526.2 220.1 204.1 350.8 291.2 464.4 55.2 469.1 155.0 199.2 284.1 235.0 319.9 325.2 237.5 215.0 215.1 44.4 286.5 374.6 220.7 234.9 225.2 329.4 177.0 271.5 136.9 422.9 260.4 418.3 502.0 435.8 325.3 232.1 322.8 323.8 299.4 518.8 232.6 219.6 285.6 274.4 27.1 341.0 111.7 32.1 277.1 516.5 209.6 279.2 221.6 478.4 259.9 210.8 309.8 123.1 446.1 222.2 346.6 385.7 0.0 312.1 120.3 293.1 253.0 465.1 504.8 312.5 547.9 252.3 242.9 360.8 96.3 89.3 216.2 430.1 159.0 295.6 134.9 74.8
1740.1 291.7 345.9 318.6 134.3 252.2 160.8 218.0 104.9 216.5 241.3 184.3 202.9 114.0 220.6 106.2 243.2 112.6 262.7 269.4 217.6 124.1 192.4 63.0 348.0 290.0 312.4 241.1 306.6 254.0 285.9 271.9 48.6 79.8 309.4 273.5 94.1 231.4 117.8 170.7 233.7 147.8 340.9 186.2 145.2 187.1 198.1 288.1 295.7 292.8 254.1 157.1 124.7 73.1 148.2 166.4 189.8 162.3 221.1 293.3 167.8 107.6 226.7 187.9 207.5 241.3 245.9 313.3 226.1 246.6 324.4 242.0 307.6 259.5 237.2 76.0 125.1 82.7 58.3 347.3 181.3 189.7 214.8 179.9 321.7 217.1 284.6 305.4 223.3 322.1 167.7 249.0 227.5 302.1 247.2 292.0 158.3 180.7 269.8 86.1 119.6 124.3 304.9 0.0 242.7 161.2 156.6 288.8 328.5 133.7 357.7 194.9 106.7 126.8 289.6 297.7 206.7 253.8 193.7 232.6 200.3 286.4
1905.7 173.4 209.6 444.4 160.2 242.7 331.7 264.1 196.6 245.6 366.9 163.4 76.5 186.6 110.8 322.8 8.4 285.5 35.7 95.9 256.6 297.0 218.2 241.4 487.5 343.3 204.3 164.7 432.2 78.0 82.3 147.2 265.2 212.9 169.3 87.9 215.8 87.2 329.6 153.5 157.3 182.0 497.0 169.7 142.4 280.1 220.5 413.6 96.8 418.4 84.3 129.2 163.7 184.6 199.5 254.5 132.8 164.6 94.7 79.6 215.8 324.2 100.3 164.2 154.5 294.6 106.3 205.2 16.6 372.2 216.3 367.6 449.0 385.1 290.5 181.7 202.4 273.4 249.0 482.2 185.3 99.2 214.9 203.7 136.1 270.3 140.4 91.7 206.4 465.8 159.2 208.5 101.2 427.7 189.2 140.1 189.4 100.9 395.4 171.8 241.3 297.2 119.3 261.7 0.0 221.0 202.6 414.4 453.4 266.3 497.2 131.9 195.1 298.8 135.2 100.7 145.5 379.4 117.3 224.9 51.8 72.7
1863.3 302.5 199.9 302.4 110.7 233.3 248.6 184.2 138.9 103.8 225.1 108.4 131.9 128.9 107.6 276.6 208.1 183.4 230.7 179.2 129.0 193.4 197.9 202.5 345.7 333.6 166.4 251.9 290.4 197.1 282.0 297.4 222.8 110.8 189.6 276.9 83.7 237.4 260.4 57.7 244.5 179.7 324.7 179.0 141.7 138.3 78.7 271.9 301.8 276.6 164.9 158.3 124.3 143.1 144.5 112.7 76.8 155.1 134.6 262.0 6.6 281.8 118.1 74.9 87.8 284.9 132.9 167.3 183.0 230.4 178.4 225.8 309.5 243.3 280.8 146.0 124.7 213.0 188.6 331.1 161.9 136.6 73.1 18.7 327.8 128.5 290.6 274.1 64.6 324.0 160.5 120.5 127.7 285.9 101.2 146.0 134.4 191.5 253.6 156.1 94.6 193.2 306.3 201.3 199.6 0.0 196.6 272.6 312.3 150.2 355.4 95.1 172.6 197.6 308.5 300.4 93.7 237.6 204.5 136.9 202.0 255.1
1781.1 258.0 320.8 359.6 88.6 354.2 219.8 277.0 86.1 247.3 282.3 140.9 157.2 95.7 191.5 147.9 197.5 171.6 217.0 223.7 248.4 183.1 88.6 120.3 389.0 349.0 287.3 207.4 347.6 208.3 240.2 226.2 140.6 122.0 284.3 227.8 124.9 185.7 131.7 163.6 178.9 102.1 381.9 125.1 99.5 217.9 228.9 329.1 250.0 333.8 208.4 111.4 72.8 60.0 134.6 197.2 182.7 129.6 187.1 247.6 198.6 176.9 181.0 162.8 182.4 300.3 220.8 288.2 180.4 287.6 299.3 283.0 348.6 300.5 296.2 57.1 111.5 130.0 123.6 388.3 86.1 137.3 242.8 210.7 276.0 247.9 238.9 259.7 234.3 363.1 135.0 241.4 180.2 343.1 222.1 266.9 144.7 135.0 310.8 47.2 150.4 183.3 259.2 137.1 197.0 192.0 0.0 329.8 369.5 137.5 398.7 147.6 67.9 185.8 243.9 252.0 181.6 294.8 148.0 257.8 154.6 240.7
1805.4 484.2 217.6 113.2 326.8 184.2 209.6 150.0 297.4 361.1 48.0 328.9 395.4 306.5 365.2 343.0 435.7 165.9 455.2 364.9 191.6 154.4 377.2 265.1 150.6 222.0 266.6 433.6 45.5 382.8 478.4 464.4 285.4 224.4 330.2 466.0 238.7 423.9 354.6 315.3 426.2 340.3 85.6 378.7 337.7 331.7 342.7 34.3 488.2 87.4 350.6 349.6 269.3 265.6 292.8 311.0 334.4 354.8 413.6 485.8 312.4 344.4 419.2 332.5 352.1 173.3 376.7 260.2 418.6 66.4 249.1 70.3 104.9 55.3 169.2 268.5 269.7 320.3 295.9 78.2 361.6 334.3 219.6 324.5 514.2 164.8 477.1 497.9 228.1 119.4 360.2 223.0 420.0 96.7 340.6 336.6 302.9 373.2 66.8 278.6 264.2 154.2 497.4 322.9 435.2 305.8 336.2 0.0 107.5 326.2 160.3 387.4 299.2 210.8 482.1 490.2 351.3 60.1 386.2 206.6 392.8 478.9
1854.6 549.6 276.4 128.9 392.2 244.0 267.1 226.3 360.1 420.6 142.5 387.7 460.8 371.9 424.7 408.4 501.1 225.4 524.6 424.4 232.7 213.2 450.5 327.0 110.1 281.5 326.1 499.0 115.3 442.3 543.8 529.8 350.1 283.9 389.7 531.4 298.2 489.3 423.3 374.1 491.6 405.7 138.2 444.1 403.1 391.2 402.2 80.1 540.3 95.3 416.7 414.3 328.8 331.0 352.3 370.5 393.9 420.2 479.0 502.7 371.9 409.8 435.2 392.0 411.6 232.8 436.2 319.7 484.0 99.5 308.6 102.7 60.7 87.7 228.7 333.9 328.5 385.7 361.3 150.7 429.4 393.8 278.4 384.0 578.9 223.6 541.8 514.8 287.6 71.1 425.6 281.8 436.0 112.2 400.1 396.1 361.7 431.1 79.9 344.0 323.7 213.7 562.8 388.3 499.9 365.3 401.6 101.0 0.0 391.6 120.5 403.4 366.5 269.4 547.5 554.9 410.8 92.5 453.1 266.1 458.2 495.8
1775.1 306.7 342.9 298.3 149.3 249.2 157.8 215.0 119.9 213.5 221.0 203.2 217.9 129.0 217.6 188.4 258.2 109.6 277.7 284.4 214.6 121.1 208.3 114.3 341.6 287.0 309.4 256.1 286.3 269.0 300.9 286.9 134.6 76.8 306.4 288.5 91.1 246.4 172.2 167.7 248.7 162.8 320.6 201.2 160.2 184.1 195.1 267.8 310.7 272.5 269.1 172.1 151.5 88.1 145.2 163.4 186.8 177.3 236.1 308.3 164.8 193.6 241.7 184.9 204.5 238.3 242.9 310.3 241.1 226.3 321.4 221.7 305.4 239.2 234.2 91.0 122.1 124.8 100.4 327.0 184.1 211.3 211.8 176.9 336.7 214.1 299.6 320.4 220.3 319.9 182.7 246.0 242.5 281.8 244.2 289.0 155.3 195.7 249.5 101.1 116.6 121.3 319.9 113.1 257.7 158.2 158.7 268.5 308.2 0.0 351.3 209.9 121.7 123.8 304.6 312.7 203.7 233.5 208.7 229.6 215.3 301.4
1734.0 573.4 306.8 60.6 416.0 273.4 298.8 239.2 386.6 450.3 166.3 418.1 484.6 395.7 454.4 432.2 524.9 255.1 544.4 454.1 367.6 243.6 466.4 354.3 9.8 311.2 355.8 522.8 109.3 472.0 567.6 553.6 374.6 313.6 419.4 555.2 327.9 513.1 443.8 404.5 515.4 429.5 64.9 467.9 426.9 420.9 431.9 116.9 577.4 77.6 439.8 438.8 358.5 354.8 382.0 400.2 423.6 444.0 502.8 566.6 401.6 433.6 508.4 421.7 441.3 262.5 465.9 349.4 507.8 123.3 338.3 127.2 59.2 112.2 258.4 357.7 358.9 409.5 385.1 73.0 450.8 423.5 395.6 413.7 603.4 340.8 566.3 578.7 404.1 44.7 449.4 399.0 509.2 69.8 418.3 425.8 392.1 462.4 101.6 367.8 353.4 243.4 586.6 412.1 524.4 395.0 425.4 137.7 122.3 415.4 0.0 476.6 388.4 300.0 571.3 579.4 440.5 117.0 475.4 382.6 482.0 559.7
1844.4 250.2 229.3 378.4 51.7 262.7 241.2 288.4 106.1 182.0 301.1 31.4 58.5 96.1 75.1 261.5 134.7 195.0 162.0 156.4 194.6 206.5 138.9 180.1 421.7 363.0 195.8 192.9 365.0 141.0 208.6 224.0 203.9 122.4 192.8 214.2 118.3 164.0 258.2 72.1 185.5 120.7 400.7 120.0 82.7 174.5 156.9 347.8 226.3 352.6 141.1 99.3 73.2 123.3 67.5 153.8 91.2 96.1 39.5 205.9 109.4 262.9 64.6 71.3 90.9 314.3 118.5 196.7 109.6 306.4 207.8 301.8 385.5 319.3 310.2 120.4 90.6 224.6 200.2 407.2 106.0 77.6 151.3 121.5 262.4 204.5 217.2 218.0 142.8 400.0 101.5 149.9 32.6 361.9 130.6 175.4 57.4 129.5 329.6 110.5 129.2 206.7 245.6 212.9 126.2 102.8 137.6 348.6 387.6 175.8 431.4 0.0 142.4 208.3 235.1 227.0 90.1 313.6 145.5 166.3 128.6 199.0
1748.0 269.6 323.4 326.7 82.4 356.5 186.7 260.2 32.3 211.1 249.2 130.5 151.0 44.1 185.3 165.1 191.3 138.5 215.5 217.5 198.0 150.0 100.2 83.7 355.9 315.9 289.9 219.0 313.1 202.1 234.0 220.0 107.5 85.8 286.9 221.6 88.7 179.5 161.3 165.3 190.5 95.9 342.8 136.7 93.3 181.7 192.7 295.9 230.5 292.9 202.2 105.2 74.9 26.9 94.4 161.0 184.4 110.4 169.2 241.4 162.4 166.5 174.8 165.4 185.0 267.2 223.4 290.8 174.2 254.5 301.9 249.9 313.2 267.4 263.1 24.0 71.3 104.8 91.3 355.2 94.6 139.9 209.4 174.5 269.8 211.7 232.7 253.5 217.9 323.6 115.8 243.6 182.8 310.0 224.7 269.5 104.5 121.3 277.7 34.2 114.2 150.2 253.0 104.0 190.8 155.8 85.4 296.7 336.4 104.4 365.6 150.2 0.0 152.7 237.7 245.8 184.2 261.7 141.8 227.2 148.4 234.5
1832.9 352.4 212.2 229.2 190.1 180.2 86.5 162.5 150.6 224.8 151.7 192.6 248.6 137.6 228.9 234.1 296.9 40.3 323.1 299.4 215.5 50.7 244.3 156.5 271.2 217.7 320.7 301.8 215.9 302.1 346.6 331.5 179.2 88.1 316.6 334.2 102.4 292.1 213.1 177.9 294.4 208.5 245.3 257.3 203.1 195.4 206.4 198.4 343.1 195.6 292.8 216.7 133.0 133.8 156.5 174.7 197.0 234.5 247.8 354.0 176.1 239.3 239.4 196.2 215.8 169.0 254.2 321.6 271.8 157.0 244.8 152.4 233.8 168.8 164.9 136.7 132.3 170.5 146.1 257.8 243.3 198.0 222.0 187.1 381.3 225.4 344.2 365.0 231.6 244.2 239.9 256.2 240.9 211.4 255.5 300.3 165.5 233.9 180.2 146.8 127.9 52.0 365.6 158.8 288.4 169.5 217.9 199.2 238.2 172.9 282.0 208.3 182.8 0.0 350.3 357.3 215.0 163.1 255.9 240.9 261.0 347.1
1931.9 46.3 309.7 510.4 193.6 343.1 370.6 368.8 236.9 334.5 433.1 247.5 183.4 246.0 217.7 349.0 115.4 322.4 112.2 188.5 328.8 333.9 244.4 271.1 539.8 443.4 293.2 96.9 498.4 173.1 67.8 48.3 291.4 283.7 258.2 98.3 282.6 79.9 357.1 260.4 115.0 208.2 532.7 195.9 179.9 369.0 309.4 479.9 71.4 484.6 173.2 175.0 237.4 210.8 283.6 343.4 239.7 190.8 201.6 154.6 304.7 350.4 207.2 253.1 243.4 394.7 195.2 294.1 140.5 438.4 305.2 433.8 499.4 451.3 390.6 207.9 273.2 299.6 275.2 539.1 208.4 180.1 303.8 292.6 82.9 359.2 15.3 142.3 295.3 513.9 185.4 297.4 208.1 493.9 278.1 229.0 273.5 98.9 461.6 198.0 308.1 334.1 110.1 287.9 123.9 311.3 228.8 480.6 520.3 288.3 549.5 238.8 218.7 336.6 0.0 54.6 234.4 445.6 126.5 313.8 119.4 120.1
1942.4 116.7 278.2 520.9 204.1 311.3 379.1 337.3 244.7 334.3 443.6 252.1 165.2 275.3 199.5 359.5 80.1 332.9 52.8 164.5 328.6 344.4 254.9 281.6 550.3 411.9 293.0 167.3 508.9 146.6 13.2 118.7 301.9 301.6 258.0 72.5 304.5 88.6 371.1 242.2 171.4 218.7 560.0 206.4 190.4 368.8 309.2 490.3 74.9 487.5 173.0 185.5 252.4 221.3 288.2 343.2 221.5 201.3 183.4 118.1 304.5 360.9 189.0 252.9 243.2 363.2 195.0 293.9 105.2 448.9 294.2 444.3 507.6 461.8 359.1 218.4 291.1 310.1 285.7 547.7 222.0 187.9 303.6 292.4 71.6 359.0 85.7 105.8 295.1 524.4 195.9 297.2 189.9 504.4 277.9 228.8 278.1 112.2 472.1 208.5 330.0 344.6 98.8 298.4 88.6 309.7 239.3 491.1 530.8 298.8 560.0 220.6 231.8 346.2 70.3 0.0 234.2 456.1 145.3 313.6 121.2 94.3
1880.9 262.4 190.0 341.3 88.2 223.4 287.5 249.1 142.6 142.7 264.0 85.9 97.9 132.6 73.6 298.0 164.9 219.1 187.5 85.4 142.0 232.3 184.0 220.1 384.6 323.7 156.5 229.4 329.3 103.3 238.8 236.2 240.4 146.5 140.2 183.1 119.4 176.2 299.5 53.2 222.0 157.2 363.6 156.5 119.2 175.6 117.6 310.8 208.0 315.5 71.1 135.8 109.7 159.8 122.0 151.6 72.3 132.6 112.1 168.2 110.5 299.4 84.1 32.0 51.6 275.0 39.1 157.4 139.8 269.3 168.5 264.7 348.4 282.2 270.9 156.9 145.1 248.7 224.3 370.0 139.4 114.1 112.0 100.8 234.0 167.4 229.4 180.3 103.5 362.9 138.0 110.6 105.2 324.8 91.3 111.0 111.9 169.0 292.5 147.0 130.3 232.1 212.5 237.0 156.4 103.9 174.1 311.5 351.2 185.9 394.3 72.6 176.3 233.3 247.3 257.2 0.0 276.5 182.0 127.0 140.8 161.3
1777.5 456.3 189.7 64.7 298.9 156.6 179.7 122.1 266.8 333.2 49.2 301.0 367.5 278.6 337.3 315.1 407.8 138.0 432.0 337.0 145.3 126.5 357.9 233.7 108.0 194.1 238.7 405.7 51.3 354.9 450.5 436.5 257.5 196.5 302.3 438.1 210.8 396.0 330.0 287.4 398.3 312.4 81.0 350.8 309.8 303.8 314.8 34.1 450.2 31.3 329.3 321.7 241.4 237.7 264.9 283.1 306.5 326.9 385.7 457.9 284.5 316.5 391.3 304.6 324.2 145.4 348.8 232.3 390.7 6.2 221.2 10.1 72.0 5.6 141.3 240.6 241.8 292.4 268.0 97.1 336.8 306.4 191.7 296.6 486.3 136.9 449.2 470.0 200.2 80.1 332.3 195.1 392.1 48.2 312.7 308.7 275.0 337.8 15.9 250.7 236.3 126.3 469.5 295.0 407.3 277.9 308.3 55.0 73.9 298.3 117.7 359.5 273.9 182.0 454.2 462.3 323.4 0.0 358.3 178.7 364.9 451.0
1836.1 97.9 262.1 414.8 97.8 295.2 272.8 317.1 138.4 280.7 337.3 153.2 81.0 150.2 115.3 253.2 108.5 226.6 132.7 136.2 295.5 238.1 148.6 171.8 444.0 395.8 239.4 45.8 402.6 119.3 151.2 76.6 195.6 187.9 204.4 138.8 186.8 111.4 260.0 158.0 39.9 112.4 430.9 100.1 84.1 276.8 255.6 384.0 147.7 381.2 112.8 80.7 141.6 115.0 187.8 256.1 137.3 95.0 99.2 158.6 211.7 254.6 104.8 173.6 189.6 347.1 141.4 240.3 104.2 342.6 251.4 338.0 401.3 355.5 343.0 112.1 177.4 203.8 179.4 443.4 115.7 84.3 250.0 225.3 187.0 306.9 109.9 170.7 241.5 411.7 89.6 243.6 105.7 398.1 224.3 175.2 177.7 38.5 365.8 102.2 212.3 238.3 170.2 192.1 117.0 205.1 133.0 384.8 423.8 192.5 453.7 136.4 125.5 239.9 129.3 163.0 179.0 349.8 0.0 260.0 65.6 151.7
1830.1 340.4 148.6 226.2 194.4 182.0 172.4 108.0 211.6 130.7 148.9 192.1 232.9 201.6 208.6 333.2 242.9 128.7 265.5 163.4 14.9 117.2 281.6 259.1 269.5 180.0 115.1 331.7 214.2 181.3 316.8 314.2 279.4 183.5 147.3 261.1 156.4 254.2 317.0 159.4 324.3 263.4 248.5 262.7 225.4 121.3 109.3 195.7 286.0 200.4 149.1 242.0 197.0 215.8 220.5 67.3 178.5 238.8 218.3 246.2 137.4 338.4 219.1 114.9 85.3 131.3 175.2 116.0 217.8 154.2 127.1 149.6 233.3 167.1 127.2 218.7 197.4 269.6 245.2 254.9 245.6 220.3 60.8 125.3 312.0 52.3 307.4 258.3 69.3 247.8 244.2 16.4 211.4 209.7 35.7 94.7 218.1 248.4 177.4 228.8 167.3 117.0 290.5 257.9 234.4 144.0 280.3 196.4 236.1 222.9 279.2 178.8 245.3 173.6 325.3 335.2 137.0 161.4 284.3 0.0 218.8 239.3
1862.5 121.5 196.4 413.6 147.6 229.8 301.2 255.5 184.0 215.0 336.3 150.8 63.9 174.0 98.2 279.6 65.1 253.0 84.6 69.0 209.3 264.5 175.0 201.7 470.4 330.1 173.7 112.8 401.6 53.6 107.8 95.3 222.0 200.3 138.7 95.4 203.2 35.3 291.2 140.9 105.4 138.8 478.2 126.5 129.8 249.5 189.9 383.1 117.6 387.8 53.7 116.6 151.1 141.4 186.9 223.9 120.2 121.4 82.1 115.2 185.2 281.0 87.7 133.6 123.9 281.4 75.7 174.6 40.2 341.6 185.7 337.0 430.0 354.5 277.3 138.5 189.8 230.2 205.8 470.8 139.0 86.6 184.3 173.1 143.6 239.7 88.5 127.3 175.8 444.5 116.0 177.9 88.6 397.1 158.6 109.5 176.8 29.5 364.8 128.6 228.7 264.7 126.8 218.5 56.8 191.8 159.4 383.8 423.5 253.7 480.1 119.3 149.3 267.2 106.4 119.6 114.9 348.8 65.4 194.3 0.0 108.3
1940.0 159.5 189.5 440.0 201.7 222.9 386.2 248.6 269.4 261.4 362.7 236.2 149.3 259.4 155.5 357.1 64.2 342.5 63.7 75.8 255.7 331.0 252.5 279.2 483.3 323.2 220.1 201.9 428.0 57.9 88.0 157.7 299.5 285.7 185.1 21.7 280.8 111.7 368.7 203.3 194.5 216.3 471.3 204.0 215.2 295.9 236.3 409.5 46.6 414.2 100.1 202.0 236.5 218.9 272.3 270.3 182.6 198.9 167.5 88.0 231.6 358.5 166.0 180.0 170.3 274.5 122.1 216.6 89.3 368.0 205.5 363.4 447.1 380.9 270.4 216.0 275.2 307.7 283.3 463.9 216.5 172.0 230.7 219.5 72.6 286.1 128.5 75.7 222.2 461.6 193.5 224.3 174.0 423.5 205.0 155.9 262.2 107.0 391.2 206.1 291.7 330.8 73.8 296.0 72.7 238.2 236.9 410.2 449.9 296.4 493.0 204.7 226.8 344.7 113.1 106.1 161.3 375.2 142.9 240.7 117.5 0.0
