Name		2228_BED-Amazon_n86_m268_bt29
Number_of_Customers	86
Number_of_Items		268
Number_of_ItemTypes	29
Number_of_Vehicles	1
TimeWindows		0
Dist_type	manual

VEHICLE
Mass_Capacity	1208
CargoSpace_Length	174
CargoSpace_Width	97
CargoSpace_Height	105

CUSTOMERS
i	x	y	Demand	ReadyTime	DueDate	ServiceTime	DemandedMass	DemandedVolume
0	42.233353	-71.141617	0	0	0	0	0	0
1	42.340128	-71.123001	4	0	0	0	15.49	18295
2	42.340921	-71.117226	3	0	0	0	10.5	10258
3	42.339815	-71.117191	1	0	0	0	4.7	1380
4	42.340206	-71.120757	1	0	0	0	4.7	1380
5	42.344054	-71.119239	1	0	0	0	4.7	1380
6	42.3397	-71.123428	1	0	0	0	5.29	8075
7	42.339903	-71.116406	3	0	0	0	7.3	5196
8	42.340046	-71.117675	1	0	0	0	4.26	10440
9	42.341436	-71.117464	4	0	0	0	20.81	33452
10	42.337848	-71.11279	5	0	0	0	32.12	25492
11	42.340766	-71.120372	1	0	0	0	1.4	5280
12	42.338757	-71.121893	3	0	0	0	8.95	9966
13	42.340927	-71.12378	5	0	0	0	35.86	45038
14	42.340014	-71.118358	3	0	0	0	7.3	5196
15	42.33511	-71.115456	5	0	0	0	17.72	26667
16	42.337577	-71.114954	2	0	0	0	6.5	3900
17	42.337929	-71.117053	1	0	0	0	0.7	2640
18	42.336105	-71.114639	2	0	0	0	7.71	6924
19	42.335315	-71.11466	5	0	0	0	19.14	19899
20	42.33708	-71.122394	1	0	0	0	2.5	3978
21	42.336932	-71.124471	1	0	0	0	9.4	2760
22	42.335691	-71.11673	1	0	0	0	3.82	7600
23	42.339956	-71.122085	3	0	0	0	11.38	46500
24	42.339029	-71.123159	3	0	0	0	8.6	10638
25	42.340333	-71.119797	3	0	0	0	18.3	15996
26	42.340369	-71.126474	1	0	0	0	2.6	10400
27	42.33954	-71.117845	2	0	0	0	12.0	5020
28	42.337492	-71.125009	6	0	0	0	38.5	29916
29	42.335238	-71.114084	3	0	0	0	8.6	10638
30	42.339875	-71.121671	3	0	0	0	9.1	6534
31	42.344022	-71.12199	1	0	0	0	4.7	1380
32	42.336472	-71.122932	1	0	0	0	0.7	2640
33	42.338641	-71.112989	4	0	0	0	22.42	15176
34	42.342776	-71.119444	5	0	0	0	21.76	27868
35	42.338312	-71.123128	1	0	0	0	4.7	1380
36	42.340773	-71.116186	5	0	0	0	25.53	38242
37	42.341148	-71.11885	6	0	0	0	25.2	24754
38	42.340592	-71.123903	1	0	0	0	4.7	1380
39	42.339087	-71.121518	2	0	0	0	19.39	12215
40	42.340226	-71.125665	2	0	0	0	3.71	8184
41	42.336163	-71.116381	4	0	0	0	17.22	17900
42	42.34077	-71.123837	1	0	0	0	0.7	2640
43	42.335876	-71.114091	1	0	0	0	4.7	1380
44	42.338443	-71.117435	2	0	0	0	5.99	10715
45	42.338129	-71.113862	2	0	0	0	7.2	5358
46	42.338677	-71.115513	1	0	0	0	3.82	7600
47	42.335578	-71.117263	2	0	0	0	14.69	10835
48	42.338747	-71.118659	3	0	0	0	17.8	13898
49	42.338174	-71.122409	2	0	0	0	17.92	12720
50	42.336337	-71.121873	4	0	0	0	10.26	18992
51	42.341258	-71.119521	1	0	0	0	0.7	2640
52	42.340226	-71.119276	2	0	0	0	5.4	4020
53	42.341135	-71.121856	6	0	0	0	52.32	43072
54	42.33901	-71.116488	1	0	0	0	4.7	1380
55	42.340701	-71.115466	3	0	0	0	8.45	11984
56	42.343912	-71.118724	3	0	0	0	16.59	12011
57	42.338547	-71.117942	1	0	0	0	9.4	2760
58	42.338775	-71.116736	2	0	0	0	7.3	11780
59	42.338659	-71.124581	3	0	0	0	8.99	35988
60	42.334953	-71.112068	2	0	0	0	6.6	2556
61	42.335815	-71.111579	5	0	0	0	21.92	22248
62	42.338656	-71.123303	1	0	0	0	2.08	6630
63	42.338149	-71.121422	1	0	0	0	2.5	3978
64	42.334837	-71.11503	2	0	0	0	19.44	9075
65	42.344531	-71.118923	1	0	0	0	2.91	13520
66	42.337633	-71.117156	1	0	0	0	2.15	1080
67	42.340747	-71.117559	1	0	0	0	7.63	16848
68	42.338571	-71.112687	1	0	0	0	2.15	1080
69	42.343617	-71.120861	5	0	0	0	16.16	24228
70	42.339269	-71.124369	3	0	0	0	22.85	7776
71	42.339824	-71.112455	1	0	0	0	7.3	3640
72	42.338299	-71.119463	3	0	0	0	25.84	18203
73	42.338831	-71.121266	1	0	0	0	0.7	2640
74	42.339488	-71.122395	1	0	0	0	2.15	1080
75	42.337531	-71.115889	1	0	0	0	4.7	1380
76	42.335639	-71.112369	1	0	0	0	4.7	1380
77	42.339052	-71.120337	2	0	0	0	11.15	7368
78	42.338062	-71.114791	4	0	0	0	21.47	34316
79	42.336561	-71.113239	3	0	0	0	7.9	7998
80	42.34105	-71.118209	3	0	0	0	11.85	10008
81	42.342991	-71.118687	1	0	0	0	1.9	1176
82	42.341218	-71.119291	1	0	0	0	9.4	2760
83	42.336435	-71.123641	4	0	0	0	11.8	16772
84	42.340174	-71.123415	6	0	0	0	32.41	26142
85	42.339725	-71.119026	2	0	0	0	17.89	33595
86	42.343077	-71.118393	1	0	0	0	1.8	2520

ITEMS
Type	Length	Width	Height	Mass	Fragility	LoadBearingStrength
Bt1	10	10	10	14.15	1	0
Bt2	18	12	5	2.15	1	0
Bt3	21	14	4	1.9	1	0
Bt4	23	15	4	4.7	1	0
Bt5	20	18	7	1.8	1	0
Bt6	15	11	16	0.7	1	0
Bt7	34	10	10	1.59	1	0
Bt8	20	14	13	7.3	1	0
Bt9	17	13	18	2.5	1	0
Bt10	24	12	16	1.75	1	0
Bt11	28	22	9	3.01	1	0
Bt12	45	15	9	4.69	1	0
Bt13	31	20	10	4.8	1	0
Bt14	29	16	14	1.9	1	0
Bt15	30	17	13	2.08	1	0
Bt16	40	19	10	3.82	1	0
Bt17	25	19	17	5.29	1	0
Bt18	22	15	26	3.816	1	0
Bt19	40	20	13	2.6	1	0
Bt20	29	24	15	4.26	1	0
Bt21	40	19	14	4.19	1	0
Bt22	29	27	15	2.11	1	0
Bt23	26	20	26	2.91	1	0
Bt24	28	23	24	3.57	1	0
Bt25	39	27	16	7.63	1	0
Bt26	41	20	29	3.42	1	0
Bt27	58	40	11	12.6	1	0
Bt28	38	37	20	7.568	1	0
Bt29	59	40	18	5.982	1	0

DEMANDS PER CUSTOMER
i	Type Quantity
1	Bt13 1	Bt6 1	Bt17 1	Bt4 1	
2	Bt9 1	Bt8 1	Bt6 1	
3	Bt4 1	
4	Bt4 1	
5	Bt4 1	
6	Bt17 1	
7	Bt4 1	Bt6 1	Bt3 1	
8	Bt20 1	
9	Bt4 2	Bt10 2	Bt9 2	Bt23 1	
10	Bt4 3	Bt9 2	Bt8 1	Bt18 1	Bt3 1	
11	Bt6 2	
12	Bt4 1	Bt10 1	Bt9 1	
13	Bt9 1	Bt4 5	Bt6 1	Bt28 1	Bt7 1	
14	Bt4 1	Bt3 1	Bt6 1	
15	Bt6 1	Bt4 2	Bt22 1	Bt9 1	Bt11 1	
16	Bt5 1	Bt4 1	
17	Bt6 1	
18	Bt11 1	Bt4 1	
19	Bt12 1	Bt4 2	Bt6 2	Bt10 1	Bt3 1	
20	Bt9 1	
21	Bt4 2	
22	Bt16 1	
23	Bt29 1	Bt6 1	Bt4 1	
24	Bt4 1	Bt6 2	Bt9 1	
25	Bt6 1	Bt4 3	Bt10 2	
26	Bt19 1	
27	Bt4 1	Bt8 1	
28	Bt8 1	Bt5 1	Bt4 5	Bt3 1	Bt19 1	Bt6 2	
29	Bt6 2	Bt9 1	Bt4 1	
30	Bt4 1	Bt9 1	Bt3 1	
31	Bt4 1	
32	Bt6 1	
33	Bt16 1	Bt4 2	Bt3 1	Bt8 1	
34	Bt8 1	Bt16 1	Bt10 1	Bt4 1	Bt21 1	
35	Bt4 1	
36	Bt11 1	Bt5 1	Bt13 3	Bt16 1	Bt9 1	
37	Bt4 2	Bt5 1	Bt10 2	Bt6 1	Bt9 1	Bt8 1	
38	Bt4 1	
39	Bt4 3	Bt17 1	
40	Bt11 1	Bt6 1	
41	Bt16 1	Bt8 1	Bt6 2	Bt4 1	
42	Bt6 1	
43	Bt4 1	
44	Bt6 1	Bt17 1	
45	Bt9 1	Bt4 1	
46	Bt16 1	
47	Bt4 2	Bt17 1	
48	Bt8 2	Bt9 1	Bt6 1	
49	Bt18 1	Bt4 3	
50	Bt11 1	Bt10 1	Bt13 1	Bt6 1	
51	Bt6 1	
52	Bt4 1	Bt6 1	
53	Bt4 7	Bt2 1	Bt6 2	Bt24 1	Bt8 1	Bt9 2	
54	Bt4 1	
55	Bt13 1	Bt3 1	Bt10 1	
56	Bt17 1	Bt4 2	Bt3 1	
57	Bt4 2	
58	Bt19 1	Bt4 1	
59	Bt16 1	Bt10 1	Bt26 1	
60	Bt4 1	Bt3 1	
61	Bt10 1	Bt4 2	Bt13 1	Bt2 1	Bt16 1	
62	Bt15 1	
63	Bt9 1	
64	Bt1 1	Bt17 1	
65	Bt23 1	
66	Bt2 1	
67	Bt25 1	
68	Bt2 1	
69	Bt11 1	Bt4 1	Bt13 1	Bt10 1	Bt14 1	
70	Bt3 1	Bt4 4	Bt2 1	
71	Bt8 1	
72	Bt4 4	Bt17 1	Bt10 1	
73	Bt6 1	
74	Bt2 1	
75	Bt4 1	
76	Bt4 1	
77	Bt4 2	Bt10 1	
78	Bt28 1	Bt4 1	Bt8 1	Bt3 1	
79	Bt4 1	Bt6 1	Bt9 1	
80	Bt4 2	Bt6 1	Bt10 1	
81	Bt3 1	
82	Bt4 2	
83	Bt4 1	Bt3 2	Bt6 1	Bt19 1	
84	Bt9 1	Bt13 1	Bt8 1	Bt4 3	Bt11 1	Bt6 1	
85	Bt27 1	Bt17 1	
86	Bt5 1	

DISTANCE MATRIX
0.0 2089.3 1976.2 1969.2 2054.1 2134.9 2119.5 2009.0 1960.9 1998.7 1943.2 2090.0 1968.2 2061.2 1976.8 1957.1 1950.9 1972.5 1912.9 1959.3 2056.4 1906.4 2002.7 2076.1 1955.8 2001.7 2007.7 1950.1 1899.3 1942.6 2070.1 2196.4 1959.5 1972.0 2096.6 2054.3 1957.9 2002.7 2072.0 2057.7 2021.0 1929.1 2067.9 1906.4 2014.4 1984.1 1985.4 2001.5 2084.7 2039.6 1958.3 2014.3 1993.7 2096.2 2005.9 1949.2 2099.5 1943.7 1992.9 1916.5 1861.6 1868.0 1970.3 2010.0 1947.3 2125.3 1965.7 2004.8 1954.9 2180.8 1927.0 1939.3 2106.9 2026.8 2098.2 1956.0 1884.3 2049.0 1961.4 1921.9 1993.4 2082.6 2010.2 1924.0 2096.0 2105.3 2077.1
1994.4 0.0 270.6 259.2 167.8 346.7 30.1 290.9 250.9 295.5 334.1 203.2 111.5 131.7 270.8 347.9 321.8 288.4 304.2 327.9 217.3 115.3 314.4 189.8 90.0 257.1 84.0 237.2 81.2 356.8 183.6 310.1 168.6 309.0 255.7 116.7 285.2 235.9 142.3 177.0 48.4 302.0 138.2 326.9 259.3 336.6 284.5 337.8 197.8 129.9 166.9 226.8 249.2 166.5 260.3 294.9 333.9 247.4 267.0 59.5 362.2 428.1 105.1 140.7 356.4 361.6 294.2 276.0 320.7 290.8 47.6 363.0 220.6 140.5 211.9 312.2 379.7 167.9 313.8 366.3 254.1 317.0 229.6 132.5 5.8 218.8 311.5
1993.7 155.3 0.0 73.3 110.8 172.1 185.5 105.6 45.1 21.8 127.3 78.8 249.6 287.7 64.9 235.7 162.0 128.1 195.5 216.0 233.9 270.9 198.9 142.1 224.1 85.2 239.4 58.8 237.2 195.8 136.1 189.1 324.0 120.3 120.6 201.4 12.1 24.9 297.7 152.1 203.8 198.3 293.6 189.0 115.0 148.1 124.2 222.3 144.8 186.7 322.8 38.0 77.9 321.9 100.0 23.3 125.2 97.7 106.7 214.9 219.0 257.7 213.9 157.3 226.2 162.5 133.9 28.5 113.9 169.8 203.5 91.8 149.0 138.6 179.3 151.9 236.5 154.6 154.0 161.5 14.0 108.3 33.9 288.5 161.7 95.6 102.8
1986.2 130.7 51.0 0.0 86.2 201.5 160.9 39.7 19.8 51.8 148.6 70.8 215.9 262.3 17.7 207.4 136.8 102.9 188.7 205.7 209.3 275.7 173.7 117.5 199.5 42.6 214.8 30.7 207.3 217.1 111.5 207.3 328.8 119.3 151.7 176.8 65.6 73.8 273.1 126.7 173.2 161.5 269.0 210.3 89.8 151.7 99.0 202.4 101.6 162.1 327.6 97.4 34.6 297.3 74.8 75.3 154.6 72.5 82.5 190.3 243.4 300.7 189.3 132.7 216.2 191.9 108.7 36.4 135.2 191.7 179.8 142.9 105.8 114.0 154.7 126.7 257.0 130.0 128.8 177.6 64.5 137.7 81.3 293.3 137.1 52.7 132.2
1975.9 44.4 100.2 149.9 0.0 178.8 74.6 189.7 121.7 116.2 227.6 35.8 129.6 176.0 137.5 253.8 203.3 169.4 217.1 252.1 123.0 160.0 220.1 31.2 113.2 138.7 128.5 132.5 121.0 262.7 25.2 142.2 213.1 185.8 137.2 90.5 114.8 65.5 186.8 40.4 86.9 207.9 182.7 232.6 136.5 218.2 165.5 248.8 79.4 75.8 211.9 55.9 130.7 211.0 141.3 124.5 211.1 119.2 149.0 104.0 271.8 349.9 103.0 46.4 262.6 193.7 175.2 105.1 214.2 126.6 93.5 192.1 101.6 27.7 68.4 193.2 285.4 43.7 192.8 256.6 77.9 194.2 58.7 177.6 50.8 100.0 188.7
2141.9 300.1 168.4 200.1 255.6 0.0 330.3 239.9 171.9 136.2 257.5 223.1 296.3 324.5 187.7 359.4 288.8 254.9 325.7 346.2 377.1 341.3 325.7 286.9 283.9 212.6 221.1 182.7 302.3 326.0 280.9 64.6 394.4 254.7 138.3 310.0 183.0 171.2 335.3 296.1 234.4 313.5 331.2 319.2 241.8 278.3 251.0 354.4 271.6 331.5 393.2 182.8 204.6 294.4 226.8 192.7 141.2 224.5 234.5 285.3 353.1 397.8 298.4 302.1 356.1 9.7 260.7 155.3 244.1 39.4 274.8 222.0 275.8 283.4 324.1 278.7 366.7 299.4 280.8 286.5 161.9 124.3 178.7 358.9 306.5 222.7 118.8
2028.4 237.0 305.1 293.2 201.8 380.7 0.0 333.0 284.9 329.5 368.1 237.7 137.0 165.5 300.8 382.1 356.3 322.4 345.4 380.4 251.3 149.5 348.4 223.8 124.6 291.7 118.0 274.1 110.5 391.0 217.8 344.1 202.6 338.8 288.6 150.7 319.7 270.4 176.3 205.4 76.4 336.2 172.2 360.9 289.5 371.2 318.5 377.1 232.4 164.5 201.4 260.8 283.7 200.5 294.3 329.4 367.9 272.2 302.0 93.5 400.1 454.2 139.1 174.7 390.9 395.6 328.2 310.0 354.7 328.5 83.0 397.0 254.6 174.5 245.9 346.2 413.7 196.7 345.8 397.1 282.8 351.0 263.6 167.1 40.3 253.0 345.5
2014.0 159.0 78.8 27.7 114.0 229.3 188.7 0.0 47.6 79.6 176.4 98.1 252.8 290.9 45.5 235.2 164.6 130.7 216.5 233.5 237.1 303.5 201.5 145.3 227.3 68.9 242.6 58.5 240.4 244.9 139.3 235.1 356.6 151.3 177.8 204.6 91.0 100.1 300.9 160.1 201.0 200.9 296.8 238.1 117.6 179.5 126.8 224.9 129.4 189.9 355.4 125.2 62.5 325.1 102.6 102.2 182.4 100.3 109.3 218.1 267.3 291.6 217.1 160.5 243.7 219.7 136.5 64.2 163.0 215.8 206.7 170.7 133.6 141.8 182.5 154.5 284.8 161.2 154.1 205.4 89.2 165.5 109.1 321.1 164.9 80.5 160.0
1966.2 128.7 31.1 28.1 84.2 181.6 158.9 67.9 0.0 31.9 128.6 68.8 213.9 260.3 15.7 187.4 116.8 82.9 168.7 185.7 205.1 255.7 153.7 115.5 197.5 40.6 212.8 10.7 205.3 197.1 109.5 205.3 308.8 99.3 131.8 174.8 45.7 53.9 271.1 124.7 171.2 141.5 267.0 190.3 69.8 131.7 79.0 182.4 99.6 160.1 307.6 65.5 32.6 295.3 54.8 55.4 134.7 52.5 62.5 188.3 223.4 280.8 187.3 130.7 196.2 172.0 88.7 16.6 115.2 189.7 177.8 123.0 103.8 112.0 152.7 106.7 237.0 128.0 106.3 157.6 44.6 117.8 61.4 273.3 135.2 50.7 112.3
2025.9 163.8 32.1 63.6 119.3 149.6 193.8 96.1 35.4 0.1 164.3 86.6 257.9 296.2 51.2 222.9 152.3 118.4 197.0 221.4 240.8 291.2 189.2 150.4 232.6 75.7 247.9 46.2 245.7 232.8 144.4 197.4 344.3 134.8 101.7 209.9 46.5 34.2 306.2 160.6 206.1 177.2 301.9 225.8 105.5 167.2 114.7 212.6 135.1 195.2 343.3 46.3 68.1 330.4 90.5 56.2 102.9 97.4 98.0 223.4 258.9 289.7 222.2 165.8 231.6 140.2 124.4 18.8 150.7 178.3 218.1 135.5 139.5 146.9 187.8 142.2 272.7 162.9 141.8 193.3 22.9 85.8 42.4 317.6 170.3 86.1 80.3
1979.1 255.9 132.6 135.1 210.9 272.7 285.6 167.1 128.6 154.5 0.0 195.3 346.6 389.9 144.5 106.1 78.0 127.7 65.9 86.4 300.5 353.3 132.9 242.2 321.1 170.3 339.8 112.8 338.4 66.2 236.2 321.2 404.2 32.9 233.0 298.4 119.2 159.1 398.1 257.9 297.9 130.7 393.7 61.6 134.6 34.5 89.0 163.4 226.3 285.9 403.0 170.4 161.4 422.3 81.9 104.9 237.3 153.9 103.6 325.9 89.4 147.4 310.9 256.3 98.5 263.4 118.7 143.4 11.9 301.9 303.4 39.4 230.5 239.0 279.4 109.0 106.9 260.2 67.2 31.9 146.7 220.7 166.3 368.7 262.1 177.4 215.2
2064.6 85.0 70.8 120.5 40.5 156.4 115.2 153.3 92.3 80.3 198.5 0.0 178.8 217.3 112.1 279.8 209.2 175.3 253.9 278.1 163.6 200.6 246.1 71.3 153.8 136.0 169.1 106.0 166.9 266.7 65.3 161.6 253.7 191.2 99.6 131.1 83.0 36.6 227.4 86.6 133.5 233.9 223.3 259.9 166.0 219.0 171.4 269.5 119.5 116.4 252.0 26.5 125.1 251.6 147.2 94.2 175.7 154.1 153.9 144.6 289.9 326.5 143.6 87.0 288.3 166.2 181.1 75.7 184.8 141.8 132.7 162.7 141.7 68.3 109.0 199.1 307.4 89.5 201.2 230.4 54.3 158.3 29.8 227.0 91.7 142.8 152.8
1958.0 91.0 155.9 147.0 55.6 234.5 121.0 179.3 138.7 170.7 224.1 91.0 0.0 225.5 154.6 235.9 210.1 176.2 192.0 234.2 105.1 171.4 202.2 77.6 95.3 144.0 174.9 125.0 137.7 244.8 71.6 197.9 224.5 196.8 192.9 72.6 168.1 121.2 233.2 64.8 139.3 190.0 229.1 214.7 147.1 225.0 172.3 225.6 86.2 57.9 223.3 111.6 137.5 257.4 148.1 179.3 273.5 135.2 154.8 130.5 250.0 274.3 85.1 28.5 244.4 249.4 182.0 155.3 208.5 178.6 131.5 247.8 108.4 28.3 99.7 200.0 267.5 50.5 202.1 256.1 133.6 256.6 114.4 197.8 97.2 107.1 251.1
1982.7 177.4 239.6 230.7 139.3 320.5 204.7 265.3 224.7 256.5 308.5 174.7 83.6 0.0 240.6 321.9 293.8 259.9 282.9 317.9 188.8 101.5 288.2 161.3 64.4 231.9 88.0 208.7 70.1 330.8 157.6 283.9 156.9 280.5 262.2 90.5 254.2 207.3 7.6 146.0 46.4 274.0 3.5 298.4 229.3 308.7 258.3 309.3 169.9 102.0 153.4 195.3 223.6 172.8 231.8 266.3 340.2 209.7 238.5 45.5 333.7 402.5 76.6 112.2 330.4 333.1 265.7 241.3 292.2 264.6 42.5 331.5 192.1 114.3 183.4 286.0 353.5 134.2 288.1 340.5 226.2 323.3 198.1 127.9 183.3 192.8 317.8
2035.0 110.6 123.9 142.3 66.1 223.8 140.8 172.9 134.0 129.4 217.7 50.7 203.2 245.3 0.0 274.3 203.7 171.5 225.9 272.6 189.2 224.5 242.3 97.4 177.7 22.5 194.7 123.2 190.8 288.0 91.4 187.2 279.3 192.1 152.1 156.7 133.8 86.9 253.0 106.6 153.1 228.4 248.9 241.4 138.6 218.6 167.6 264.0 79.8 142.0 280.4 77.3 14.5 275.5 143.4 145.9 224.3 121.3 151.1 168.5 280.6 371.3 169.2 112.6 284.8 238.7 177.3 126.5 203.8 166.2 159.7 213.5 84.0 93.9 134.6 195.3 294.2 113.3 193.2 249.4 99.3 209.1 80.1 250.9 115.4 32.6 203.6
1961.5 288.5 244.6 221.7 252.7 376.2 318.1 254.0 213.4 245.4 101.3 281.9 301.1 420.3 229.3 0.0 129.1 130.4 91.1 67.2 255.0 323.6 45.5 274.7 275.6 256.9 372.0 199.7 287.6 50.5 268.7 395.0 376.7 136.4 343.6 252.9 217.2 267.7 430.3 256.3 330.4 105.8 426.2 84.6 168.5 138.0 188.0 68.9 283.3 238.2 375.5 279.0 246.2 454.5 163.8 208.5 348.2 180.4 150.8 280.4 98.5 152.6 265.4 208.6 8.7 366.6 123.6 230.0 115.1 375.7 281.4 142.6 305.5 225.4 296.8 134.2 112.1 252.8 137.1 78.7 258.1 331.3 274.9 341.2 294.3 264.3 325.8
1977.9 245.9 148.0 125.1 201.2 298.5 275.9 157.4 116.8 148.6 57.8 185.8 300.5 378.1 136.7 120.5 0.0 79.4 60.2 118.8 254.4 305.0 86.8 232.5 275.0 160.3 329.8 106.0 292.3 105.8 226.5 322.3 358.1 57.9 250.4 252.3 160.2 169.3 388.1 248.2 288.2 74.6 384.0 75.7 121.3 33.1 79.0 110.2 216.6 237.6 356.9 182.4 149.6 412.3 71.9 172.4 251.6 129.4 93.9 279.8 114.9 135.3 264.8 208.0 129.3 288.9 72.6 133.4 69.6 303.0 290.3 102.2 201.0 224.8 269.7 62.9 128.5 250.4 8.0 90.0 161.5 234.7 178.3 322.6 252.4 167.4 229.2
1987.3 211.8 114.1 91.2 167.3 264.6 242.0 131.0 82.9 114.9 107.1 151.9 263.2 343.4 98.8 123.2 95.3 0.0 86.5 121.5 226.2 276.8 89.5 198.6 246.8 123.7 295.9 72.1 269.7 132.1 192.6 288.4 329.9 77.8 214.8 224.1 128.7 136.9 354.2 207.8 254.3 77.3 350.1 102.0 41.8 110.2 57.5 118.2 182.7 209.4 328.7 148.5 115.7 378.4 33.3 138.4 217.7 59.1 20.3 251.6 141.2 195.3 236.6 179.8 132.0 255.0 5.7 99.5 93.7 272.8 260.9 126.3 186.9 195.1 235.8 85.2 154.8 218.8 84.8 136.1 127.6 200.8 144.4 294.4 218.2 133.8 195.3
1917.6 253.7 152.6 132.6 208.7 306.0 283.4 162.0 124.3 153.2 75.4 192.8 280.6 385.6 144.2 85.4 35.0 59.5 0.0 65.7 234.5 282.2 66.9 240.0 252.2 168.1 337.3 110.6 269.5 52.7 234.0 329.8 338.2 93.0 254.5 232.4 164.8 177.8 395.6 254.8 301.7 66.3 391.5 15.5 97.6 68.2 72.4 90.3 224.1 214.8 334.1 189.9 157.2 416.9 92.9 178.9 256.2 109.5 80.9 257.0 50.7 114.7 244.9 188.1 75.9 296.4 52.7 140.9 89.2 307.6 260.9 116.7 225.4 204.9 277.2 43.0 68.2 232.3 48.4 54.1 166.3 242.2 185.8 299.8 256.7 174.9 236.7
1941.1 269.9 215.1 192.2 234.7 365.6 300.1 224.5 183.9 215.9 80.9 252.4 283.1 402.3 199.8 46.5 108.7 100.9 70.7 0.0 237.0 305.6 62.8 256.7 257.6 205.3 354.0 170.2 269.6 30.1 250.7 377.0 358.7 116.0 314.1 234.9 196.8 219.1 412.3 225.9 312.4 44.2 408.2 64.2 139.0 117.6 158.5 86.2 265.3 220.2 357.5 249.5 198.8 436.5 134.3 188.1 318.7 160.1 121.3 262.4 74.2 132.2 247.4 190.6 36.7 356.0 94.1 200.5 94.7 357.7 263.4 122.2 287.5 207.4 278.8 113.8 91.7 229.6 116.7 58.3 225.5 301.8 245.4 323.2 258.4 234.8 296.3
2023.4 255.3 320.4 311.5 220.1 399.0 285.5 351.3 303.2 335.2 386.4 256.0 155.3 264.0 319.1 400.4 374.6 340.7 363.7 398.7 0.0 144.5 366.7 242.1 142.9 310.0 216.5 292.4 105.5 409.3 236.1 362.4 197.6 357.1 357.4 169.0 335.0 285.7 274.8 223.7 174.9 354.5 270.7 379.2 307.8 389.5 336.8 395.4 250.7 182.8 196.4 276.1 302.0 299.0 312.6 344.7 438.0 290.5 320.3 103.6 418.4 472.5 157.4 193.0 409.2 413.9 346.5 319.8 373.0 346.8 114.1 412.3 272.9 192.8 264.2 364.5 432.0 215.0 364.1 415.4 298.1 421.1 278.9 162.1 261.8 271.3 415.6
1964.8 195.6 260.1 251.2 159.8 338.7 225.2 283.5 242.9 274.9 281.5 195.7 208.2 327.4 258.8 242.7 223.6 190.7 198.8 241.0 162.1 0.0 209.0 181.8 182.7 248.3 279.1 232.1 194.7 251.6 175.8 302.1 53.0 272.8 295.4 160.0 272.3 225.4 337.4 169.0 243.5 196.8 333.3 221.5 228.8 256.8 234.5 232.4 190.4 145.3 51.8 215.8 241.7 361.6 224.1 283.5 377.7 230.2 211.1 187.5 256.8 320.8 172.5 115.7 251.5 353.6 183.9 259.5 284.5 282.8 192.8 322.8 212.6 132.5 203.9 205.1 274.3 154.7 234.1 258.9 243.3 360.8 218.6 17.5 201.4 211.0 355.3
1976.7 242.3 199.0 176.1 207.1 349.5 272.5 215.9 167.8 199.8 192.0 236.8 246.4 373.9 183.7 124.2 135.7 84.8 118.1 104.5 209.4 278.0 0.0 229.1 230.0 208.6 326.4 157.0 236.7 134.7 223.1 349.4 331.1 162.7 299.7 207.3 213.6 221.8 384.7 210.7 284.8 78.3 380.6 133.6 126.7 168.9 142.4 28.6 237.7 192.6 329.9 233.4 200.6 408.9 118.2 223.3 302.6 144.0 105.2 234.8 172.8 226.9 219.8 163.0 133.0 339.9 78.0 184.4 178.6 333.8 245.3 211.2 259.9 179.8 251.2 117.2 186.4 202.0 146.2 166.3 212.5 285.7 229.3 295.6 248.8 218.7 280.2
2007.6 13.1 284.3 272.4 181.0 359.9 43.3 304.7 264.1 308.7 347.3 216.9 125.3 145.5 280.0 361.3 335.5 301.6 324.6 359.6 230.5 128.7 327.6 0.0 103.8 269.5 97.2 250.4 95.0 370.2 197.0 323.3 181.8 322.2 266.1 129.9 296.5 249.3 155.5 184.6 61.6 315.4 151.4 340.1 272.5 350.4 297.7 351.0 211.6 143.7 180.6 240.0 262.9 179.7 273.5 307.7 347.1 251.4 280.2 72.7 379.3 441.9 118.3 153.9 369.8 374.8 307.4 289.2 333.9 304.0 66.6 376.2 233.8 153.7 37.1 325.4 392.9 175.9 325.0 376.3 267.5 330.2 242.8 146.3 19.6 232.2 324.7
1978.4 111.4 176.3 167.4 76.0 254.9 141.4 199.7 159.1 191.1 242.3 111.6 20.3 243.6 175.0 256.3 230.5 196.6 212.4 254.6 125.5 191.8 222.6 98.0 0.0 168.6 195.3 145.4 158.1 265.2 92.0 218.3 244.9 217.2 211.6 21.1 188.5 141.3 253.6 79.6 159.7 210.4 249.5 235.1 163.7 245.4 192.7 246.0 106.6 34.9 243.7 132.0 158.0 277.8 168.5 199.7 293.9 146.4 176.2 150.9 270.4 294.7 9.5 48.9 264.8 269.8 202.4 175.7 228.9 199.0 161.4 268.2 128.8 48.7 120.1 220.4 287.9 70.9 220.0 271.3 159.5 277.0 134.8 209.4 117.6 127.2 271.5
2019.5 88.6 96.0 148.7 43.5 201.2 118.2 178.3 120.5 109.1 227.0 27.6 179.6 221.0 140.3 305.3 234.7 203.5 253.5 289.8 166.6 200.9 274.3 71.8 153.8 0.0 172.1 134.2 171.3 291.9 65.8 164.6 256.7 216.7 132.2 134.1 113.6 65.8 230.4 85.4 136.5 259.4 226.3 288.1 194.2 248.6 199.6 294.7 123.6 120.0 252.5 54.7 154.7 256.0 175.4 124.8 204.0 182.3 182.1 147.6 318.1 354.7 146.6 90.0 313.8 216.1 209.3 103.9 213.0 142.6 137.7 190.9 142.5 71.3 112.0 227.3 335.6 92.5 224.2 258.6 79.5 186.5 58.1 227.3 95.9 168.3 181.0
1999.0 175.1 240.2 231.3 139.9 318.8 205.3 271.1 223.0 255.0 306.2 175.8 75.1 201.8 238.9 320.2 294.4 260.5 283.5 318.5 189.4 120.1 286.5 161.9 62.7 229.8 0.0 212.2 81.1 329.1 155.9 282.2 173.2 276.9 277.2 88.8 254.8 205.5 212.6 143.5 13.2 274.3 208.5 299.0 227.6 309.3 256.6 315.2 170.5 102.6 172.0 195.9 221.8 236.8 232.4 264.5 357.8 210.3 240.1 64.1 338.2 392.3 77.2 112.8 329.0 333.7 266.3 239.6 292.8 266.6 53.6 332.1 192.7 112.6 184.0 284.3 351.8 134.8 283.9 335.2 217.9 340.9 198.7 137.7 181.8 191.1 335.4
1955.4 140.1 41.9 19.0 95.1 192.4 169.8 51.3 10.7 42.7 114.9 79.2 233.9 272.0 30.6 173.7 106.0 72.1 150.7 172.0 194.3 242.0 142.9 129.3 208.4 54.5 223.7 0.0 229.3 183.4 120.4 216.2 298.0 89.8 140.9 185.7 59.4 64.2 282.0 141.2 188.1 130.7 277.9 179.5 62.8 120.9 68.2 163.4 113.4 171.0 293.9 76.3 43.6 306.2 44.0 65.3 145.5 50.9 50.7 216.8 208.7 297.6 198.2 147.9 185.1 182.8 77.9 27.3 104.4 196.9 198.2 133.8 114.7 122.9 163.6 95.9 226.2 144.1 98.0 150.0 52.7 128.6 72.2 259.6 146.0 61.3 123.1
1912.5 175.0 239.5 230.6 139.2 318.1 204.6 262.9 222.3 254.1 307.7 174.6 83.5 183.9 239.7 286.1 267.0 234.1 242.2 284.4 188.7 33.6 252.4 161.2 62.0 227.7 135.6 208.6 0.0 295.0 155.2 281.5 86.7 280.4 279.3 88.1 251.7 204.9 193.9 142.8 94.0 240.2 189.8 264.9 226.9 308.6 255.9 275.8 169.8 101.9 85.5 195.2 221.2 218.1 231.7 263.8 357.1 209.6 238.4 22.7 300.2 329.8 76.5 112.1 294.9 333.0 227.3 238.9 292.1 262.2 28.0 331.4 192.0 111.9 183.3 248.5 317.7 134.1 283.2 302.3 223.0 340.2 198.0 51.2 180.9 190.7 334.7
1910.9 290.7 184.9 173.2 254.9 325.6 320.3 205.5 164.9 196.7 50.7 233.9 303.3 422.5 180.8 39.8 78.5 100.1 40.5 20.1 257.2 325.8 83.0 276.9 277.8 204.3 374.2 151.2 289.8 0.0 270.9 370.4 378.9 85.8 288.6 255.1 166.6 209.9 432.5 258.5 338.6 64.4 428.4 34.0 138.2 87.4 113.0 97.1 264.7 240.4 377.7 223.0 197.8 456.7 133.5 157.8 290.2 147.7 120.5 282.6 44.0 68.3 267.6 210.8 30.0 316.0 93.3 181.5 64.5 351.1 288.7 92.0 268.9 227.6 299.0 83.6 61.5 249.8 89.0 28.1 199.0 273.3 218.9 352.2 296.5 215.5 267.8
2013.6 19.3 290.3 278.4 187.0 365.9 49.3 310.7 270.1 314.9 353.3 222.4 131.3 151.5 288.3 367.3 341.5 307.6 330.6 365.6 236.5 134.7 333.6 6.0 109.8 275.5 103.2 256.4 101.0 376.2 0.0 329.3 187.8 328.2 275.1 135.9 302.5 255.7 161.5 191.4 67.6 321.7 157.4 346.1 274.7 356.4 303.7 357.0 217.6 149.7 186.6 246.0 268.9 185.7 279.5 314.7 353.1 257.4 286.2 78.7 385.3 447.5 124.3 159.9 376.1 380.8 313.4 295.2 339.9 310.0 66.8 382.2 239.8 159.7 43.1 331.4 398.9 181.9 331.0 385.5 268.0 336.2 248.8 161.1 25.6 238.2 330.7
2153.6 222.1 243.6 275.3 177.6 75.1 252.3 315.1 247.1 211.4 332.7 204.7 307.3 278.5 262.9 434.6 364.0 330.1 400.9 421.4 300.7 337.7 400.9 208.9 290.9 287.8 249.6 257.9 298.7 401.2 202.9 0.0 390.8 329.9 213.5 268.2 258.2 199.2 289.3 218.1 264.6 388.7 285.2 394.4 317.0 353.5 326.2 429.6 257.1 253.5 389.6 189.6 279.8 274.0 302.0 267.9 216.4 299.7 309.7 281.7 428.3 473.0 280.7 224.1 431.3 84.9 335.9 230.5 319.3 22.9 271.2 297.2 279.3 205.4 246.1 353.9 441.9 221.4 353.5 361.7 237.1 199.5 192.4 355.3 228.5 297.9 194.0
1956.3 186.5 251.6 242.7 151.3 330.2 216.7 282.5 234.4 266.4 273.0 187.2 190.6 318.1 250.3 234.2 215.1 182.2 197.5 232.5 153.6 245.8 200.5 173.3 174.2 241.2 270.6 223.6 180.9 243.1 167.3 293.6 0.0 260.1 288.6 151.5 266.2 216.9 328.9 154.9 229.0 188.3 324.8 213.0 239.0 248.3 226.0 229.2 181.9 136.8 43.3 207.3 233.2 353.1 215.6 275.9 369.2 221.7 202.6 179.0 252.2 306.3 164.0 107.2 243.0 345.1 175.4 251.0 276.0 278.0 189.5 314.3 204.1 124.0 195.4 196.6 265.8 146.2 225.6 253.8 229.3 352.3 210.1 263.4 192.9 202.5 346.8
1982.1 222.9 124.7 101.8 177.9 275.2 252.6 134.1 93.5 125.5 27.2 162.5 316.7 354.8 109.4 133.4 67.9 92.0 96.1 113.7 273.2 323.8 130.4 209.2 291.2 132.8 306.5 79.8 311.1 93.5 203.2 299.0 376.9 0.0 223.7 268.5 139.3 147.5 364.8 224.9 264.9 129.8 360.7 86.7 101.6 45.8 55.7 153.8 193.3 253.8 375.7 159.1 126.4 389.5 48.6 110.1 228.3 113.5 70.6 282.0 120.6 141.0 281.0 226.8 123.9 265.6 97.8 110.1 11.6 279.7 271.5 44.2 197.5 205.7 246.4 83.4 134.2 225.1 57.4 54.0 131.3 211.4 155.0 341.4 224.7 144.4 205.9
2195.7 353.9 225.2 253.9 309.2 53.7 383.9 289.2 225.7 188.8 310.9 276.9 274.9 295.8 245.1 411.8 341.2 308.7 379.5 398.6 381.5 310.8 379.5 339.1 254.8 265.0 192.0 236.5 279.8 378.4 334.5 91.7 365.3 307.3 0.0 280.9 238.1 223.9 306.2 349.7 205.3 381.9 302.1 373.0 295.6 330.7 304.8 401.5 324.0 293.3 362.7 236.6 258.4 263.9 280.6 245.2 193.6 278.3 286.9 259.2 406.9 459.7 269.3 304.9 409.9 63.5 314.5 209.1 297.9 69.5 248.7 275.8 328.2 337.0 377.7 332.5 420.5 356.0 330.7 343.5 214.3 178.1 231.1 328.4 359.7 276.5 172.6
1961.1 130.7 195.8 186.9 95.5 274.4 160.9 226.7 178.6 210.6 261.8 131.4 39.0 262.3 194.5 239.0 219.9 187.0 202.3 237.3 108.2 174.5 205.3 117.5 22.6 185.4 214.8 167.8 135.5 247.9 111.5 237.8 227.6 232.5 232.8 0.0 210.4 161.1 273.1 99.1 173.2 193.1 269.0 217.8 183.2 264.9 212.2 234.0 126.1 13.7 226.4 151.5 177.4 297.3 188.0 220.1 313.4 165.9 195.7 133.6 257.0 311.1 12.4 51.4 247.8 289.3 180.2 195.2 248.4 222.2 144.1 287.7 148.3 68.2 139.6 201.4 270.6 90.4 242.0 258.6 173.5 296.5 154.3 192.1 137.1 146.7 291.0
1978.1 173.2 14.8 88.2 128.1 187.0 200.4 120.5 62.4 39.5 115.1 96.1 264.5 304.9 75.8 220.1 172.7 143.0 186.2 200.4 248.8 288.2 213.8 159.4 239.0 101.7 256.7 70.8 254.5 180.2 153.4 204.0 338.9 108.1 142.3 218.7 0.0 39.8 315.0 166.2 215.1 201.6 308.5 173.4 129.9 132.5 139.1 237.2 159.7 204.0 340.1 52.9 95.2 339.2 114.9 8.6 140.1 121.8 121.6 229.8 203.4 237.4 228.8 172.2 210.6 177.4 148.8 43.4 98.3 184.7 228.8 76.2 163.9 153.5 194.2 166.8 224.3 169.5 162.2 140.7 32.0 125.6 48.8 303.4 179.1 110.8 117.7
2028.4 129.5 33.8 84.3 84.3 164.6 159.0 115.1 56.1 52.7 161.1 52.3 224.6 261.9 75.9 242.7 171.5 139.1 217.7 223.1 207.4 244.1 209.9 116.4 197.7 95.3 212.9 69.8 211.4 229.8 110.5 162.6 297.5 154.5 110.9 174.9 45.3 0.0 271.2 131.3 177.3 208.4 267.1 223.7 129.8 181.3 135.2 231.8 154.3 160.9 296.8 11.5 88.8 296.2 111.0 58.3 155.4 117.9 117.2 188.1 253.7 282.8 187.4 130.8 251.6 214.1 144.9 39.5 148.6 144.2 182.8 126.5 158.5 112.1 152.8 162.9 271.2 133.0 161.8 194.2 18.1 139.3 7.1 270.8 136.0 106.1 133.8
1972.7 166.8 231.9 223.0 131.6 310.5 197.0 262.8 214.7 246.7 297.9 167.5 66.8 127.8 230.6 311.9 286.1 252.2 275.2 310.2 181.1 93.8 278.2 153.6 54.4 221.5 80.3 203.9 54.8 320.8 147.6 273.9 146.9 268.6 250.9 80.5 246.5 197.2 0.0 135.2 38.7 266.0 134.5 290.7 219.3 301.0 248.3 306.9 162.2 94.3 145.7 187.6 213.5 162.8 224.1 256.2 330.2 202.0 231.8 37.8 329.9 384.0 68.9 104.5 320.7 325.4 258.0 231.3 284.5 258.3 27.3 323.8 184.4 104.3 175.7 276.0 343.5 126.5 275.6 326.9 209.6 313.3 190.4 111.4 173.5 182.8 307.8
1967.5 84.1 148.7 139.8 48.4 227.3 113.8 172.9 131.5 164.1 215.3 83.8 130.3 216.0 151.4 245.4 208.7 169.0 201.5 243.7 114.6 185.8 211.7 70.4 104.8 137.7 167.7 117.8 148.0 259.2 64.4 190.7 234.0 194.5 184.0 82.1 161.7 119.8 226.0 0.0 132.1 200.3 221.9 224.2 139.9 217.8 165.1 235.9 79.0 67.4 233.6 104.4 130.4 256.0 140.9 177.9 266.3 128.0 147.6 140.8 259.5 323.5 94.6 38.0 253.9 242.2 174.8 148.1 201.3 172.2 146.1 240.6 101.2 19.3 40.4 192.8 277.0 48.5 192.4 246.9 133.0 249.4 112.1 198.5 90.8 99.9 243.9
1985.7 162.3 226.9 218.0 126.6 305.5 192.0 256.3 209.7 247.0 292.9 162.0 76.9 83.8 229.6 306.9 281.1 247.2 263.0 305.2 176.1 112.8 273.2 154.6 49.4 219.5 41.5 196.0 73.1 321.8 148.6 268.9 159.9 267.8 210.4 75.5 234.8 192.7 99.8 135.8 0.0 261.3 95.7 285.7 218.1 296.0 243.3 296.6 163.2 89.3 164.7 182.6 208.6 124.0 219.1 250.3 291.4 206.2 225.8 56.8 321.0 385.0 63.9 99.5 315.4 320.4 253.0 226.3 279.5 249.6 49.8 318.8 179.4 99.3 170.7 271.0 338.5 126.7 273.1 325.1 210.4 274.5 185.4 130.4 168.2 178.1 269.0
1971.8 225.6 170.8 147.9 219.3 321.3 284.7 180.2 139.6 171.6 147.2 208.1 267.7 386.9 195.9 45.8 107.5 56.6 130.3 44.2 192.7 290.2 12.1 241.3 242.2 179.0 338.6 128.8 225.3 96.4 235.3 361.6 314.4 134.3 269.8 219.5 225.8 192.1 368.0 194.8 297.0 0.0 392.8 145.8 98.5 140.7 154.6 35.5 249.9 204.8 342.1 205.2 172.5 421.1 130.4 194.2 274.4 106.6 77.0 218.1 140.5 164.8 232.0 146.3 72.7 352.1 49.8 156.2 161.0 313.4 224.2 188.5 272.1 192.0 234.5 89.0 136.0 217.6 115.5 128.0 224.7 297.9 241.5 287.7 260.9 230.9 292.4
1976.8 170.9 236.0 227.1 135.7 314.6 201.1 266.9 218.8 250.8 304.2 171.6 70.9 131.9 234.7 316.0 290.2 256.3 279.3 314.3 185.2 97.9 282.3 157.7 58.5 225.6 84.4 208.0 58.9 324.9 151.7 278.0 151.0 272.7 255.0 84.6 250.6 201.3 4.0 139.3 42.8 270.1 0.0 294.8 223.4 305.1 252.4 311.0 166.3 98.4 149.8 191.7 217.6 166.9 228.2 260.3 334.3 206.1 235.9 41.9 334.0 388.1 73.0 108.6 324.8 329.5 262.1 235.4 288.6 262.4 31.4 327.9 188.5 108.4 179.8 280.1 347.6 130.6 282.2 331.0 213.7 317.4 194.5 115.5 177.6 186.9 311.9
1902.1 259.7 162.0 139.1 215.2 312.5 289.9 178.9 130.8 162.8 62.0 199.8 278.0 391.3 146.7 69.9 44.4 66.0 6.4 50.2 241.0 291.6 73.4 246.5 261.6 171.6 343.8 120.0 284.5 30.0 240.5 336.3 344.7 98.2 262.7 238.9 176.6 184.8 402.1 255.7 302.2 61.2 398.0 0.0 107.9 77.6 78.9 102.1 230.6 224.2 343.5 196.4 163.6 426.3 99.4 186.3 265.6 113.6 86.4 266.4 39.1 93.2 251.4 194.6 60.1 302.9 59.2 147.4 73.7 320.7 276.9 101.2 234.8 211.4 283.7 49.5 52.7 233.6 52.4 40.7 175.5 248.7 192.3 309.2 266.4 181.7 243.2
1976.2 189.1 90.9 68.0 144.1 241.4 218.8 104.1 59.7 91.7 128.9 128.2 265.0 321.0 79.6 151.3 114.9 31.8 111.2 149.6 215.1 265.7 121.4 179.2 235.7 103.5 272.7 46.0 256.8 160.2 169.4 265.2 318.8 101.6 189.9 213.0 103.1 113.2 331.0 190.2 237.1 105.4 326.9 133.9 0.0 129.8 80.9 144.8 163.3 198.3 321.4 125.3 92.6 355.2 56.7 114.3 194.5 8.1 44.7 240.5 169.2 233.2 225.5 168.7 163.6 231.8 37.6 76.3 117.1 249.7 241.5 149.7 163.7 185.5 212.6 108.6 186.7 212.9 104.4 162.7 101.7 177.6 121.2 292.1 195.0 110.3 172.1
2007.9 250.6 152.9 130.0 206.1 303.4 280.8 162.3 121.7 153.5 24.6 190.2 344.9 385.3 137.6 133.0 43.1 120.2 92.8 113.3 301.4 352.0 130.0 237.4 319.4 161.9 334.7 108.0 339.3 93.1 231.4 327.2 405.1 62.8 256.3 296.7 165.1 174.9 393.0 252.2 299.1 129.4 388.9 86.3 129.8 0.0 83.9 153.4 221.5 282.0 403.9 187.3 154.5 417.2 76.8 135.8 256.5 148.8 98.8 310.2 120.2 140.6 309.2 255.0 123.5 293.8 115.8 138.3 42.5 307.9 298.8 70.0 225.7 233.9 274.6 106.1 133.8 249.9 32.6 56.8 163.7 239.6 183.2 369.6 257.0 172.3 234.1
2028.3 208.3 110.6 87.7 163.8 261.1 238.5 127.5 79.4 111.4 73.4 148.4 293.5 339.9 95.3 108.3 59.4 77.9 89.6 106.6 259.1 309.7 74.6 195.1 277.1 120.2 292.4 68.6 302.6 139.7 189.1 284.9 362.8 41.9 211.3 254.4 125.2 133.4 350.7 204.3 250.8 62.4 346.6 105.1 91.3 74.3 0.0 103.3 179.2 239.7 361.6 145.0 112.2 374.9 34.5 134.9 214.2 106.5 57.5 267.9 144.3 198.4 266.9 212.7 117.1 251.5 78.4 96.0 57.8 269.3 257.4 90.4 183.4 191.6 232.3 27.7 157.9 207.6 48.9 100.2 124.1 197.3 140.9 327.3 214.8 130.3 191.8
1994.6 248.6 175.6 152.7 213.2 326.1 278.6 185.0 144.4 176.4 168.6 212.9 261.6 383.1 160.3 100.8 112.3 61.4 94.7 81.1 215.5 284.1 67.1 235.2 236.1 185.2 332.5 130.7 248.1 111.3 229.2 349.9 337.2 143.5 274.6 213.4 187.8 196.9 390.8 217.6 296.9 36.8 386.7 110.2 99.5 145.5 119.0 0.0 243.8 198.7 336.0 210.0 177.3 415.0 94.8 199.9 279.2 120.6 81.8 240.9 145.5 169.8 225.9 169.1 109.3 316.5 54.6 161.0 155.2 330.6 247.0 187.8 248.4 185.9 257.3 93.8 163.0 208.1 120.3 139.5 186.0 262.3 205.9 301.7 254.9 195.3 256.8
1953.4 181.8 83.6 60.7 136.8 234.1 211.5 93.0 52.4 84.4 137.8 120.9 238.4 313.7 68.3 194.4 123.8 89.9 137.1 192.7 192.3 242.9 160.7 168.1 212.9 96.2 265.4 38.7 230.2 204.1 162.1 257.9 296.0 110.5 182.6 190.2 98.2 104.9 323.7 178.1 229.8 136.4 319.6 159.8 57.0 138.7 86.0 184.1 0.0 175.5 294.8 118.0 85.3 347.9 61.8 107.0 187.2 39.7 68.5 217.7 195.1 224.7 202.7 145.9 202.9 224.5 95.7 69.0 122.2 238.6 223.0 154.8 156.4 162.7 205.3 113.7 212.6 184.9 113.3 164.6 97.1 170.3 113.9 260.5 187.7 103.0 164.8
1947.3 117.4 182.0 173.1 81.7 260.6 147.1 205.4 164.8 196.8 250.2 117.6 62.8 249.3 180.7 225.2 206.1 173.2 181.3 223.5 94.4 160.7 191.5 103.7 37.3 171.6 201.0 151.1 127.0 234.1 97.7 224.0 213.8 222.9 217.3 14.6 196.6 147.3 259.3 85.3 165.4 179.3 255.2 204.0 169.4 251.1 198.4 214.9 112.3 0.0 212.6 137.7 163.6 283.5 174.2 206.3 298.8 161.3 181.9 119.8 239.3 263.6 27.1 37.6 234.0 275.5 166.4 181.4 234.6 204.7 125.1 273.9 134.5 54.4 125.8 187.6 256.8 76.6 225.7 241.4 165.5 282.7 140.5 187.1 123.3 132.9 277.2
1912.9 143.6 208.2 199.3 107.9 286.8 173.3 231.6 191.0 223.0 229.6 143.8 156.3 275.5 206.9 190.8 171.7 138.8 146.9 189.1 110.2 202.4 157.1 129.9 130.8 200.8 227.2 177.3 142.8 199.7 123.9 250.2 255.5 220.9 243.5 108.1 220.4 173.5 285.5 112.3 191.6 145.2 281.4 169.6 195.6 204.9 182.6 180.5 138.5 93.4 0.0 163.9 189.9 309.7 172.2 232.5 325.8 187.5 159.2 135.6 204.9 271.4 120.6 63.8 199.6 301.7 132.0 207.6 232.6 230.9 136.6 270.9 160.7 80.6 152.0 153.2 222.4 102.8 179.7 207.0 191.7 308.9 166.7 228.8 149.8 159.4 303.4
2038.0 117.2 44.2 93.9 72.7 153.0 147.4 133.7 65.7 76.9 171.6 40.2 202.4 248.8 81.5 253.2 182.6 148.7 239.8 251.5 195.8 232.8 219.5 104.0 186.0 106.4 201.3 76.5 193.8 240.1 98.0 151.0 285.9 165.1 97.9 163.3 58.8 9.5 259.6 113.2 159.7 207.3 255.5 233.3 135.6 192.4 144.8 248.2 165.4 148.6 284.7 0.0 98.4 283.8 120.6 68.5 165.8 118.3 128.3 176.8 267.2 293.9 175.8 119.2 262.0 202.5 154.5 49.1 158.2 135.4 166.3 136.1 169.6 100.5 141.2 172.5 280.8 116.5 172.1 200.6 21.9 148.9 2.7 250.4 123.6 116.5 143.4
2027.5 96.5 107.0 156.7 51.5 209.2 126.2 188.9 128.5 116.7 234.4 35.6 190.2 228.3 148.3 315.9 245.3 211.5 261.5 296.3 174.6 211.6 282.3 82.8 164.7 6.4 180.1 142.2 177.8 302.8 76.8 172.6 264.7 227.4 135.8 142.1 121.6 72.3 238.4 97.6 144.5 281.7 234.3 296.1 202.2 255.1 207.6 305.7 130.9 127.3 263.5 62.7 0.0 262.5 183.4 131.3 211.4 190.3 190.1 155.6 326.1 362.7 154.6 98.0 324.5 224.1 217.3 111.9 221.0 153.3 154.6 198.9 153.1 79.3 120.0 235.3 343.6 100.5 237.3 266.6 90.5 194.5 65.4 229.1 102.4 179.0 189.0
2019.8 88.3 122.3 172.0 43.8 200.9 118.5 204.3 143.8 140.9 249.7 93.1 182.6 220.7 159.6 297.7 247.2 213.3 261.0 296.0 166.9 203.9 264.0 75.1 157.1 181.2 172.4 154.6 170.2 306.6 69.1 164.3 257.0 233.9 173.5 134.4 136.9 87.6 230.7 84.3 130.8 251.8 226.6 276.5 180.4 262.1 209.4 287.4 123.3 119.7 255.8 78.0 174.7 0.0 185.2 146.7 243.9 163.1 192.9 147.9 315.7 336.1 146.9 90.3 306.2 215.8 219.1 127.2 236.3 145.0 136.0 214.2 145.5 71.6 112.3 237.1 329.3 92.8 236.7 281.9 105.5 227.0 80.8 230.3 94.7 143.9 221.5
1985.6 173.7 76.0 53.1 129.2 226.5 203.9 92.9 44.8 76.8 73.7 113.8 258.9 305.3 60.7 132.5 61.9 43.3 113.8 130.8 224.5 275.1 98.8 160.5 242.5 85.6 257.8 34.0 268.0 142.2 154.5 250.3 328.2 44.4 176.7 219.8 90.6 98.8 316.1 169.7 216.2 86.6 312.0 135.4 56.7 76.8 24.1 127.5 144.6 205.1 327.0 110.4 77.6 340.3 0.0 100.3 179.6 71.9 22.9 233.3 168.5 222.6 232.3 178.1 141.3 216.9 49.1 61.4 60.3 234.7 222.8 92.9 148.8 157.0 197.7 51.8 182.1 173.0 51.4 102.7 89.5 162.7 106.3 292.7 180.2 95.7 157.2
1969.4 182.9 26.0 100.3 137.8 199.1 212.5 131.7 72.1 49.2 103.9 105.4 275.7 314.7 90.2 211.4 164.9 155.1 171.1 192.6 260.9 297.9 226.5 168.2 251.2 111.4 266.4 83.0 264.2 171.5 162.2 216.1 351.0 96.0 151.1 228.4 8.6 52.7 324.7 183.9 224.9 225.9 320.6 164.7 142.1 123.7 151.8 249.8 170.9 213.7 349.8 65.0 104.9 348.9 127.0 0.0 151.3 124.8 133.8 241.9 198.5 225.2 240.9 184.3 201.5 189.5 160.9 55.5 89.6 195.9 230.5 67.5 175.1 165.6 206.3 179.5 212.2 185.0 153.4 135.2 44.2 135.3 60.9 324.3 188.8 123.0 129.8
2156.0 314.2 182.5 214.2 269.7 26.4 344.4 246.5 186.0 150.3 271.6 237.2 331.9 351.8 201.8 373.5 302.9 269.0 339.8 360.3 391.2 441.8 339.8 301.0 310.4 226.1 247.6 196.8 334.1 340.1 295.0 91.1 494.9 264.6 150.7 360.3 194.7 184.6 361.8 311.0 260.9 327.6 357.7 333.3 259.7 292.4 265.1 363.2 285.7 345.6 493.7 196.9 218.8 320.9 240.9 205.9 0.0 238.6 247.6 311.8 363.3 417.9 324.9 316.2 370.2 23.8 274.8 169.4 258.2 70.3 306.5 236.1 289.9 297.5 338.2 292.8 380.8 313.5 292.4 300.6 172.9 138.4 192.8 459.4 320.6 236.8 132.9
1958.9 171.8 73.6 50.7 126.8 224.1 201.5 83.0 42.4 74.4 134.8 110.9 243.9 312.9 62.3 163.2 113.8 49.1 128.5 161.5 197.8 248.4 150.7 167.3 218.4 86.2 255.4 28.7 235.7 194.1 152.1 247.9 301.5 100.5 172.6 195.7 97.4 95.9 313.7 172.9 219.8 128.9 309.6 151.2 21.0 128.7 76.0 152.9 142.2 181.0 300.3 108.0 75.3 337.9 51.8 97.0 177.2 0.0 58.5 232.4 186.5 250.5 208.2 151.4 192.9 214.5 54.9 59.0 112.2 228.6 224.2 144.8 146.4 168.2 195.3 103.7 204.0 195.6 112.5 157.8 84.4 160.3 113.1 266.0 187.2 93.0 154.8
2003.3 191.9 93.7 70.8 146.9 244.2 221.6 102.1 62.5 93.5 85.7 131.0 284.7 323.8 82.4 144.5 73.9 20.3 99.7 142.8 242.2 291.8 111.8 177.2 259.2 106.3 275.5 48.8 279.1 154.2 171.2 268.0 345.9 60.6 196.1 237.5 105.9 115.8 333.8 193.0 239.9 98.6 329.7 122.4 29.9 88.8 37.1 134.2 161.3 221.8 344.7 128.1 95.4 358.0 12.9 117.1 196.3 41.8 0.0 250.0 157.7 221.7 250.0 195.8 154.0 234.6 26.1 79.1 73.3 248.7 250.0 105.9 165.5 174.7 215.4 64.8 175.2 195.9 64.4 118.9 104.5 180.4 123.0 318.2 196.8 113.1 174.9
1934.8 151.8 216.7 207.8 116.4 295.3 181.8 240.1 199.5 231.3 282.7 152.3 60.7 161.1 215.4 296.7 270.9 237.0 260.0 295.0 165.9 55.9 263.0 138.4 39.2 209.3 112.8 185.8 22.2 305.6 132.4 258.7 109.0 257.6 255.0 65.3 228.9 181.7 171.1 120.8 77.2 250.8 167.0 275.5 204.1 285.8 233.1 286.4 147.0 79.1 107.8 172.4 198.4 195.3 208.9 240.1 334.3 186.8 216.6 0.0 314.7 335.1 53.7 89.3 305.5 310.2 242.8 216.1 269.3 239.4 0.9 308.6 169.2 89.1 160.5 260.8 328.3 111.3 260.4 311.7 194.4 317.4 175.2 73.5 158.1 167.9 311.9
1905.6 305.0 202.9 183.9 260.0 354.3 334.7 216.2 175.6 203.7 75.5 244.1 328.0 439.2 195.5 105.5 89.2 110.8 54.1 85.8 285.8 336.4 118.2 291.3 306.4 219.4 388.6 161.9 323.7 65.6 281.4 381.1 389.5 110.6 305.8 283.7 195.3 229.1 446.9 306.1 353.0 102.1 442.8 44.7 148.9 122.4 123.7 137.7 271.5 265.1 384.4 241.2 208.5 471.1 144.2 187.5 306.5 160.8 132.2 307.3 0.0 69.1 296.2 239.4 99.9 344.7 104.0 192.2 93.2 357.9 312.2 120.7 275.7 256.2 328.5 94.3 22.6 283.6 97.2 58.1 217.6 293.5 233.2 354.0 311.2 226.2 288.0
1866.2 351.3 261.5 238.6 314.7 409.0 389.4 262.4 230.3 253.6 128.1 298.8 386.6 483.1 250.2 137.1 135.4 165.5 108.8 135.9 340.5 385.1 172.9 337.5 352.6 274.1 443.3 216.6 378.4 97.2 331.9 435.8 444.2 142.2 355.4 338.4 283.7 276.1 501.6 360.8 401.7 160.7 497.5 99.4 203.6 168.6 178.4 196.3 321.6 323.7 434.5 295.9 263.2 517.3 198.9 242.2 356.6 215.5 186.9 357.4 58.5 0.0 350.9 294.1 154.6 399.4 158.7 246.9 147.9 389.5 366.9 175.4 307.3 310.9 383.2 149.0 77.3 338.3 145.9 106.8 263.8 348.2 291.8 408.7 399.4 280.9 342.7
1972.7 126.5 191.6 182.7 91.3 270.2 156.7 222.5 174.4 206.4 257.6 127.2 26.5 258.1 190.3 250.6 245.8 211.9 213.9 248.9 119.8 186.1 216.9 113.3 10.1 181.2 210.6 163.6 147.1 259.5 107.3 233.6 239.2 228.3 228.6 11.6 206.2 156.9 268.9 94.9 169.0 204.7 264.8 229.4 179.0 260.7 208.0 245.6 121.9 25.3 238.0 147.3 173.2 293.1 183.8 215.9 309.2 161.7 191.5 145.2 268.6 322.7 0.0 64.2 259.4 285.1 191.8 191.0 244.2 218.0 155.7 283.5 144.1 64.0 135.4 213.0 282.2 86.2 235.3 270.2 169.3 292.3 150.1 203.7 132.9 142.5 286.8
1928.3 78.0 143.1 134.2 42.8 221.7 108.2 174.0 125.9 157.9 209.1 78.7 82.0 209.6 141.8 206.2 197.3 163.4 169.5 204.5 75.4 141.7 172.5 64.8 65.6 132.7 162.1 115.1 102.7 215.1 58.8 185.1 194.8 179.8 180.1 42.9 157.7 108.4 220.4 46.4 120.5 160.3 216.3 185.0 130.5 212.2 159.5 201.2 73.4 28.2 193.6 98.8 124.7 244.6 135.3 167.4 260.7 113.2 143.0 100.8 224.2 278.3 55.4 0.0 215.0 236.6 169.2 142.5 195.7 169.5 111.3 235.0 95.6 15.5 86.9 187.2 237.8 37.7 186.8 238.1 120.8 243.8 101.6 159.3 84.7 94.0 238.3
1952.7 291.4 254.1 231.5 255.7 367.4 321.1 263.5 223.2 254.9 94.6 291.1 304.1 423.2 243.1 9.8 120.3 140.2 85.2 58.7 258.0 326.9 55.3 277.7 278.6 266.7 375.0 209.5 290.6 41.7 272.0 398.0 379.7 127.9 327.4 255.9 208.4 252.7 433.3 264.9 339.4 133.7 429.2 75.8 178.3 129.2 154.8 78.4 286.3 241.2 378.5 264.8 256.1 457.8 173.6 200.6 332.3 190.2 161.6 283.7 85.8 149.8 268.4 211.6 0.0 357.8 133.4 239.8 106.3 378.7 284.4 133.8 308.5 228.4 299.8 125.4 103.3 255.8 128.3 71.2 241.2 315.1 260.7 353.0 297.6 273.8 309.6
2132.1 290.3 158.6 190.3 245.8 9.5 320.5 230.1 162.1 126.4 249.9 213.3 305.9 334.1 177.9 349.6 279.0 245.1 315.9 336.4 367.3 350.9 315.9 277.1 293.5 202.8 230.7 172.9 311.9 316.2 271.1 74.2 404.0 244.9 128.5 336.4 173.2 161.4 344.9 286.3 244.0 303.7 340.8 309.4 232.0 268.5 241.2 344.6 261.8 321.7 402.8 173.0 194.8 304.0 217.0 182.9 131.4 214.7 224.7 294.9 343.3 388.0 308.0 292.3 346.3 0.0 250.9 145.5 234.3 49.0 284.4 212.2 266.0 273.6 314.3 268.9 356.9 289.6 268.5 276.7 152.1 114.5 168.9 368.5 296.7 212.9 109.0
1980.5 217.6 119.9 97.0 173.1 270.4 247.8 136.8 88.7 120.7 112.9 157.7 256.4 349.2 104.6 116.4 101.1 5.7 79.7 114.7 219.4 270.0 82.7 204.4 240.0 129.5 301.7 77.9 262.9 125.3 198.4 294.2 323.1 83.6 220.6 217.3 134.5 142.7 360.0 213.6 260.1 70.5 355.9 95.2 47.6 116.0 63.3 111.4 188.5 202.6 321.9 154.3 121.5 384.2 39.1 144.2 223.5 64.9 26.1 244.8 134.4 188.5 229.8 173.0 125.2 260.8 0.0 105.3 99.5 278.6 255.3 132.1 192.7 189.8 241.6 91.0 148.0 212.0 90.6 141.9 133.4 206.6 150.2 287.6 224.0 139.6 201.1
2008.3 145.3 14.5 44.7 100.8 165.0 175.5 84.5 16.6 15.3 141.9 85.4 230.5 276.9 32.3 204.0 133.4 99.5 185.3 202.3 221.7 272.3 170.3 132.1 214.1 57.2 229.4 27.3 221.9 210.4 126.1 200.0 325.4 115.9 115.2 191.4 29.1 37.3 287.7 141.3 187.8 158.1 283.6 203.6 86.4 148.3 95.6 199.0 116.2 176.7 324.2 48.9 49.2 311.9 71.4 38.8 118.1 69.1 79.1 204.9 237.5 264.2 203.9 147.3 212.8 155.4 105.3 0.0 128.5 184.4 194.4 106.4 120.4 128.6 169.3 123.3 251.1 144.6 122.9 170.9 28.0 101.2 44.8 289.9 152.0 67.3 95.7
1965.3 243.7 120.3 123.1 199.2 261.0 273.9 162.9 114.8 142.8 13.3 183.8 328.9 375.3 130.7 121.7 77.3 113.3 81.5 102.0 294.5 345.1 148.5 230.5 312.5 155.6 327.8 104.0 338.0 81.8 224.5 309.5 398.2 25.4 222.7 289.8 102.0 146.8 386.1 239.7 286.2 136.3 382.0 75.0 126.7 34.1 77.0 184.3 214.6 275.1 397.0 158.4 147.6 410.3 69.9 93.3 225.6 141.9 92.9 303.3 108.9 163.0 302.3 248.1 111.9 251.4 119.1 131.4 0.0 293.9 292.8 27.4 218.8 227.0 267.7 104.7 122.5 243.0 66.8 42.3 137.5 208.7 154.3 362.7 250.2 165.7 203.2
2197.8 243.4 224.3 256.0 198.4 55.8 273.1 288.3 227.8 192.1 313.4 225.5 314.6 300.1 243.6 415.3 344.7 310.8 384.5 402.1 321.5 350.5 381.6 229.7 293.1 263.3 230.3 238.6 316.8 381.9 223.7 20.7 403.6 306.4 192.3 289.0 236.5 226.2 310.1 238.9 237.6 369.4 306.0 375.1 297.7 334.2 306.9 405.0 277.9 274.3 402.4 238.7 260.5 303.6 282.7 248.6 197.1 280.4 290.4 294.5 405.1 429.4 301.5 244.9 412.0 65.6 316.6 211.2 300.0 0.0 279.4 277.9 300.1 226.2 266.9 334.6 422.6 247.4 334.2 345.6 215.1 180.2 234.6 376.9 249.6 278.6 174.7
1945.3 140.2 204.8 197.3 105.9 284.8 171.3 228.7 189.0 219.9 270.8 140.4 48.8 155.0 208.9 284.8 259.0 226.5 242.3 283.6 155.4 66.4 252.5 132.3 28.7 194.3 102.3 175.3 27.5 293.7 121.9 248.2 119.5 247.1 244.5 54.8 227.9 170.6 160.6 115.1 66.7 240.6 156.5 265.0 197.4 273.9 222.6 280.3 135.1 73.8 108.8 161.9 187.9 183.9 198.4 229.6 328.2 185.5 205.1 0.9 300.3 329.0 43.2 78.8 294.7 299.7 232.3 205.6 258.8 233.3 0.0 298.1 157.3 78.6 150.0 250.3 317.8 106.0 256.8 306.4 189.1 306.9 163.8 88.4 146.9 157.4 301.4
1937.8 250.9 92.8 130.3 206.4 233.5 281.1 170.1 122.0 115.3 35.4 191.0 336.1 382.5 137.9 143.8 96.4 120.5 103.6 124.1 301.7 352.3 158.9 237.7 319.7 162.8 335.0 111.2 345.2 103.9 231.7 282.0 405.4 32.6 195.2 297.0 74.5 119.3 393.3 246.9 293.4 146.7 389.2 97.1 133.9 56.2 84.2 187.6 221.8 282.3 404.2 130.9 154.8 417.5 77.1 65.8 198.1 149.1 100.1 310.5 131.0 193.7 309.5 255.3 134.0 223.9 126.3 138.6 22.0 266.4 300.0 0.0 226.0 234.2 274.9 111.9 144.6 250.2 88.4 64.4 110.0 181.2 126.8 369.9 257.3 172.9 175.7
2001.1 177.6 131.3 108.4 132.5 290.2 207.2 140.7 100.1 131.9 183.3 116.6 271.3 309.4 116.0 242.1 171.5 137.6 192.0 240.4 240.0 290.6 208.4 163.8 245.8 87.5 261.1 86.4 277.9 251.8 157.8 253.6 343.7 158.2 216.8 223.1 143.5 153.3 319.4 173.8 225.5 196.2 315.3 207.5 104.7 186.4 133.7 231.8 47.6 208.4 342.5 143.7 80.9 343.6 109.5 155.7 234.9 96.6 116.2 236.6 242.8 267.1 235.6 193.6 250.6 272.2 143.4 116.7 169.9 234.3 218.2 202.5 0.0 160.3 201.0 161.4 260.3 176.3 161.0 217.5 141.7 218.0 146.5 308.2 183.4 50.2 212.5
1948.1 62.4 127.5 118.6 27.2 206.1 92.6 158.4 110.3 142.3 193.5 63.1 101.8 194.0 126.2 226.0 181.7 147.8 189.3 224.3 95.2 161.5 192.3 49.2 85.4 117.1 146.5 99.5 122.5 234.9 43.2 169.5 214.6 164.2 164.5 62.7 142.1 92.8 204.8 30.8 104.9 180.1 200.7 204.8 114.9 196.6 143.9 221.0 57.8 48.0 213.4 83.2 109.1 229.0 119.7 151.8 245.1 97.6 127.4 120.6 244.0 298.1 75.2 18.6 234.8 221.0 153.6 126.9 180.1 153.9 131.1 219.4 80.0 0.0 71.3 171.6 257.6 22.1 171.2 222.5 105.2 228.2 86.0 179.1 68.8 78.4 222.7
2006.1 45.6 187.3 178.4 87.0 265.9 75.8 218.2 170.1 202.1 253.3 122.9 159.8 177.2 186.0 284.0 241.5 207.6 247.3 282.3 153.2 161.2 250.3 109.0 143.4 176.9 129.7 159.3 122.2 292.9 103.0 229.3 214.3 224.0 224.3 120.7 201.9 152.6 188.0 38.5 88.1 238.1 183.9 262.8 174.7 256.4 203.7 279.0 117.6 106.0 213.1 143.0 168.9 212.2 179.5 211.6 304.9 157.4 187.2 105.2 302.0 356.1 133.2 76.6 292.8 280.8 213.4 186.7 239.9 213.7 94.7 279.2 139.8 57.9 0.0 231.4 315.6 81.9 233.5 282.3 165.0 288.0 145.8 178.8 52.0 138.2 282.5
1979.6 237.7 140.0 117.1 193.2 290.5 267.9 156.9 108.8 140.8 100.6 177.8 276.1 369.3 124.7 80.6 88.8 57.5 61.9 78.9 239.1 283.1 46.9 224.5 259.7 149.6 321.8 98.0 276.0 107.5 218.5 314.3 336.2 71.3 240.7 237.0 154.6 162.8 380.1 233.7 280.2 34.7 376.0 77.4 99.4 103.7 29.4 75.6 208.6 222.3 335.0 174.4 141.6 404.3 63.9 164.3 243.6 105.1 77.9 264.5 116.6 170.7 249.5 192.7 89.4 280.9 50.7 125.4 87.2 298.7 275.0 119.8 212.8 209.5 261.7 0.0 130.2 231.7 80.8 129.6 153.5 226.7 170.3 300.7 244.4 159.7 221.2
1882.9 399.7 302.0 279.1 355.2 449.5 429.9 318.9 270.8 302.8 174.6 339.8 418.0 531.3 286.7 204.6 184.4 206.0 146.4 184.9 381.0 431.6 213.4 386.5 401.6 311.6 483.8 260.0 424.5 164.7 380.5 476.3 484.7 213.9 402.7 378.9 290.5 324.8 542.1 395.7 442.2 201.2 538.0 139.9 247.9 217.6 218.9 242.1 370.6 364.2 483.5 336.4 303.6 566.3 239.4 281.8 405.6 253.6 226.4 406.4 95.1 40.4 391.4 334.6 194.8 439.9 199.2 287.4 188.4 460.7 416.9 215.9 374.8 351.4 423.7 189.5 0.0 373.6 192.4 155.4 315.5 388.7 332.3 449.2 406.4 321.7 383.2
1985.7 179.6 114.1 93.0 135.1 266.4 209.8 128.7 84.7 114.9 166.1 119.7 268.9 310.2 102.9 224.9 154.3 122.2 176.6 225.0 224.6 273.4 193.0 164.6 243.4 91.5 263.7 73.9 260.7 234.6 160.4 256.2 328.3 142.8 218.3 222.5 128.1 137.2 322.0 175.6 222.1 166.9 317.9 192.1 89.3 169.2 118.3 214.6 32.2 206.0 327.1 146.3 83.5 344.4 94.1 140.2 217.7 72.0 101.8 250.0 231.3 285.4 235.0 178.2 235.5 256.8 128.0 101.3 154.5 236.9 232.1 187.1 52.6 162.9 203.6 146.0 244.9 0.0 143.8 200.3 129.4 202.6 152.5 291.0 186.1 52.8 197.1
1985.9 235.7 137.5 114.6 193.2 288.0 265.4 149.4 106.3 138.3 49.5 177.8 308.5 367.6 128.7 128.5 8.0 89.9 68.2 136.0 264.9 313.0 97.3 224.5 283.0 145.6 321.8 98.0 300.3 115.8 216.0 314.3 368.6 47.4 236.5 260.3 152.2 160.3 377.6 231.2 280.2 96.7 376.0 83.7 129.3 25.1 68.5 120.7 206.1 245.6 364.9 171.9 139.1 401.8 61.4 160.9 241.1 137.4 83.4 290.3 121.5 185.5 272.8 216.0 145.9 280.9 80.6 122.9 59.1 292.5 288.7 91.7 210.3 218.5 259.2 73.4 136.5 234.5 0.0 76.3 151.0 224.2 170.3 330.6 241.6 159.4 218.7
1926.3 287.2 153.3 166.6 242.7 296.1 317.4 198.9 158.3 192.3 21.2 227.3 314.6 409.1 176.2 74.1 73.9 95.5 33.9 54.4 270.5 321.1 102.9 263.5 289.1 199.1 371.3 147.5 308.4 34.2 257.5 344.6 374.2 54.2 257.4 268.4 138.4 183.2 429.6 283.2 329.7 98.7 425.5 29.4 135.4 57.9 108.4 131.4 258.1 256.9 371.0 193.5 191.1 453.8 105.0 128.4 258.6 141.1 113.9 293.9 61.3 115.4 280.9 224.1 64.3 286.5 88.7 174.9 35.0 323.2 304.4 62.5 262.3 240.9 311.2 79.0 76.9 266.3 79.9 0.0 173.9 243.8 187.3 336.7 293.6 209.2 238.3
2016.0 140.8 16.4 71.9 93.6 173.9 168.3 97.6 43.7 35.2 144.1 61.6 232.4 273.6 63.5 225.4 160.6 126.7 205.3 224.0 216.7 293.7 197.5 128.0 206.9 77.2 222.2 57.4 222.7 211.5 122.0 171.9 306.8 137.1 121.5 184.2 28.9 11.0 280.5 139.7 186.6 191.1 276.4 211.3 117.4 170.4 122.8 214.3 136.8 169.5 345.6 20.8 76.5 307.7 98.6 45.6 137.2 105.5 105.3 197.7 241.3 277.9 196.7 140.1 234.2 223.4 132.5 27.1 136.2 155.3 196.7 114.1 141.0 121.4 162.1 150.5 258.8 142.6 143.5 181.8 0.0 126.9 16.7 320.4 147.3 88.7 121.4
2211.0 369.0 237.5 269.2 324.5 69.0 399.2 309.0 241.0 205.3 328.8 292.2 282.5 310.7 256.8 428.5 357.9 324.0 394.8 415.3 396.8 327.5 394.8 355.8 270.1 281.7 207.3 251.8 288.5 395.1 349.8 107.0 380.6 323.8 13.9 296.2 252.1 240.3 321.5 365.0 220.6 382.6 317.4 388.3 310.9 347.4 320.1 423.5 340.7 310.0 379.4 251.9 273.7 280.6 295.9 261.8 210.3 293.6 303.6 271.5 422.2 466.9 284.6 320.2 425.2 78.8 329.8 224.4 313.2 81.8 261.0 291.1 344.9 352.3 393.0 347.8 435.8 368.3 347.4 355.6 231.0 0.0 247.8 345.1 375.4 291.8 187.9
2035.2 121.9 41.4 91.1 76.8 157.1 151.5 123.4 62.9 60.0 168.8 44.3 215.6 256.0 81.0 250.4 179.8 145.9 224.5 248.7 199.9 236.9 216.7 108.1 190.1 102.2 205.4 73.7 203.2 237.3 102.1 155.1 290.0 161.8 100.3 167.4 53.6 6.4 263.7 122.9 169.8 216.1 259.6 230.5 136.6 189.6 142.0 240.1 162.6 152.7 288.8 4.0 95.7 287.9 117.8 65.8 163.0 115.5 124.5 180.9 264.4 290.1 179.9 123.3 258.9 206.6 151.7 46.3 155.4 135.8 169.5 133.3 166.8 104.6 145.3 169.7 278.0 120.6 169.3 201.0 24.6 146.1 0.0 263.3 128.0 113.7 140.6
1938.4 168.6 233.7 224.8 133.4 312.3 198.8 257.1 216.5 257.3 255.1 168.8 181.8 301.0 232.4 225.1 197.2 164.3 172.4 214.6 144.5 227.9 182.6 164.2 165.1 223.3 252.7 202.8 168.3 225.2 149.4 275.7 26.6 255.2 269.0 133.6 245.9 199.7 311.0 137.8 225.9 170.4 306.9 203.9 229.9 230.4 216.9 206.0 164.0 118.9 34.2 189.4 224.1 344.0 197.7 258.0 351.3 203.8 193.5 161.1 230.4 297.2 154.9 89.3 224.8 336.0 157.5 241.9 258.1 256.4 162.1 296.4 195.0 114.9 177.5 178.7 256.7 128.3 205.2 232.5 225.7 334.4 201.0 0.0 175.8 193.4 337.7
1987.9 196.5 264.4 252.5 161.1 340.3 226.5 285.1 244.5 289.1 327.7 196.5 105.7 125.8 260.4 341.7 315.9 281.9 297.7 322.0 210.8 109.0 307.7 183.4 84.1 254.0 77.5 230.8 75.3 350.6 177.3 303.4 161.9 302.3 247.9 110.2 279.3 230.7 135.8 165.0 35.9 295.8 131.8 320.5 249.0 330.8 277.8 331.3 192.0 124.1 160.7 220.3 243.3 160.0 253.6 289.0 326.7 231.7 260.5 52.8 355.7 385.4 98.7 134.0 350.2 354.9 287.7 269.5 314.2 284.3 40.9 356.5 213.9 134.0 205.4 305.8 373.2 159.7 305.4 356.6 247.9 310.5 223.2 126.4 0.0 212.6 304.8
2002.3 126.9 132.5 109.6 82.2 239.9 156.9 142.2 101.3 133.3 184.8 66.3 220.7 259.1 121.2 243.3 172.7 138.8 186.0 241.6 205.3 242.3 209.6 113.5 195.5 41.3 210.8 87.6 208.6 253.3 107.5 203.3 295.4 159.4 166.5 172.8 144.7 102.7 269.1 128.3 175.2 185.6 265.0 208.7 109.7 187.6 134.9 233.0 48.8 157.8 293.9 93.4 30.7 293.3 110.7 155.9 236.4 97.8 117.4 186.0 244.0 308.0 185.3 128.7 252.1 254.8 144.6 117.9 171.1 183.7 185.3 203.7 53.0 110.0 150.7 162.6 261.5 131.2 162.5 216.7 120.9 219.2 96.2 259.6 133.1 0.0 213.7
2216.5 374.5 243.0 274.7 330.0 74.5 404.7 314.5 246.5 210.8 332.1 297.7 288.0 316.2 262.3 434.0 363.4 329.5 400.3 420.8 402.3 333.0 400.3 361.3 275.6 287.2 212.8 257.3 294.0 400.6 355.3 112.5 386.1 329.3 19.4 301.7 257.6 245.8 327.0 370.5 226.1 388.1 322.9 393.8 316.4 352.9 325.6 429.0 346.2 315.5 384.9 257.4 279.2 286.1 301.4 267.3 215.8 299.1 309.1 277.0 427.7 472.4 290.1 325.7 430.7 84.3 335.3 229.9 318.7 87.3 266.5 296.6 350.4 357.8 398.5 353.3 441.3 373.8 352.9 361.1 236.5 5.4 253.3 350.6 381.0 297.3 0.0
