Name		2239_BED-Amazon_n114_m220_bt31
Number_of_Customers	114
Number_of_Items		220
Number_of_ItemTypes	31
Number_of_Vehicles	1
TimeWindows		0
Dist_type	manual

VEHICLE
Mass_Capacity	1693
CargoSpace_Length	160
CargoSpace_Width	70
CargoSpace_Height	72

CUSTOMERS
i	x	y	Demand	ReadyTime	DueDate	ServiceTime	DemandedMass	DemandedVolume
0	33.688122	-117.847178	0	0	0	0	0	0
1	33.673318	-118.001491	1	0	0	0	4.7	1380
2	33.675731	-117.996597	2	0	0	0	5.4	4020
3	33.675244	-117.993563	1	0	0	0	0.7	2640
4	33.681967	-117.999485	2	0	0	0	10.1	5400
5	33.679844	-118.00553	4	0	0	0	11.1	19452
6	33.677505	-117.99798	2	0	0	0	6.81	13125
7	33.675051	-117.997965	1	0	0	0	1.75	4608
8	33.679538	-117.996194	5	0	0	0	22.71	33457
9	33.675594	-117.993001	1	0	0	0	3.01	5544
10	33.676309	-117.993006	1	0	0	0	4.7	1380
11	33.67665	-117.995935	1	0	0	0	2.91	13520
12	33.675944	-117.996933	3	0	0	0	15.03	20436
13	33.680167	-118.001007	2	0	0	0	9.2	4816
14	33.681444	-117.99705	1	0	0	0	2.15	1080
15	33.67528	-117.99518	1	0	0	0	5.29	8075
16	33.682054	-118.001838	1	0	0	0	4.7	1380
17	33.67715	-117.996804	1	0	0	0	5.29	8075
18	33.678692	-117.995218	1	0	0	0	7.3	3640
19	33.688808	-117.995935	4	0	0	0	10.05	9078
20	33.682463	-117.996227	1	0	0	0	1.9	1176
21	33.682771	-117.996409	1	0	0	0	0.7	2640
22	33.676676	-117.997983	2	0	0	0	16.7	6400
23	33.680404	-118.001578	3	0	0	0	7.3	5196
24	33.680967	-117.996218	2	0	0	0	11.3	3936
25	33.680488	-117.993049	1	0	0	0	1.9	1176
26	33.680343	-117.995231	1	0	0	0	1.75	4608
27	33.69202	-117.997013	2	0	0	0	2.45	7248
28	33.67238	-117.997928	2	0	0	0	2.6	3816
29	33.679104	-117.99413	1	0	0	0	4.7	1380
30	33.684383	-118.004781	2	0	0	0	6.45	5988
31	33.6766	-118.000231	1	0	0	0	4.7	1380
32	33.680994	-117.996242	1	0	0	0	0.7	2640
33	33.67937	-117.993745	1	0	0	0	3.82	7600
34	33.6856	-118.000652	3	0	0	0	9.61	8100
35	33.683799	-117.998092	2	0	0	0	2.85	3720
36	33.673166	-118.00441	2	0	0	0	4.65	10248
37	33.672941	-117.999044	1	0	0	0	4.7	1380
38	33.689715	-118.001163	2	0	0	0	11.3	3936
39	33.683008	-117.9979	3	0	0	0	7.19	23490
40	33.67207	-117.999547	1	0	0	0	0.7	2640
41	33.684578	-118.00136	1	0	0	0	7.3	3640
42	33.687821	-117.99804	1	0	0	0	0.7	2640
43	33.676649	-117.995539	1	0	0	0	4.7	1380
44	33.672413	-118.000185	2	0	0	0	5.4	4020
45	33.684671	-118.000298	3	0	0	0	37.13	68388
46	33.682219	-117.995574	1	0	0	0	4.7	1380
47	33.6827	-117.995258	2	0	0	0	3.95	3600
48	33.672701	-118.000185	2	0	0	0	8.52	9960
49	33.681181	-117.99306	2	0	0	0	5.4	4020
50	33.684169	-117.99965	1	0	0	0	0.7	2640
51	33.675821	-117.993607	1	0	0	0	4.7	1380
52	33.67756	-117.995854	3	0	0	0	28.7	19560
53	33.680555	-117.998649	1	0	0	0	2.5	3978
54	33.681786	-117.998247	3	0	0	0	12.63	16216
55	33.689221	-117.998095	2	0	0	0	4.91	6720
56	33.681374	-117.993063	1	0	0	0	4.7	1380
57	33.69069	-117.996604	1	0	0	0	4.7	1380
58	33.68492	-118.000329	3	0	0	0	9.2	12956
59	33.672089	-117.998539	1	0	0	0	0.7	2640
60	33.690751	-117.995771	2	0	0	0	5.4	4020
61	33.689548	-118.000389	1	0	0	0	4.7	1380
62	33.67335	-117.999033	1	0	0	0	0.7	2640
63	33.684034	-118.00537	5	0	0	0	13.51	23942
64	33.679399	-117.992168	1	0	0	0	5.29	8075
65	33.682749	-118.002951	1	0	0	0	4.7	1380
66	33.690326	-118.000023	1	0	0	0	1.75	4608
67	33.691174	-117.997238	1	0	0	0	1.75	4608
68	33.681613	-117.992722	1	0	0	0	3.01	5544
69	33.68588	-118.008161	1	0	0	0	3.82	7600
70	33.682547	-118.002259	3	0	0	0	27.5	22580
71	33.682125	-117.996829	2	0	0	0	2.6	3816
72	33.676765	-117.999064	1	0	0	0	14.15	1000
73	33.680465	-117.994131	1	0	0	0	4.7	1380
74	33.690621	-118.000586	2	0	0	0	7.45	10452
75	33.677905	-117.993018	1	0	0	0	1.9	1176
76	33.673351	-118.00291	1	0	0	0	10.65	17290
77	33.676844	-117.993015	2	0	0	0	6.6	2556
78	33.684389	-118.001021	1	0	0	0	9.4	2760
79	33.687288	-117.99852	5	0	0	0	28.44	27001
80	33.681028	-117.992289	3	0	0	0	17.11	22480
81	33.681975	-117.998992	1	0	0	0	1.4	5280
82	33.675698	-118.000325	2	0	0	0	6.37	13840
83	33.678629	-117.997767	1	0	0	0	1.59	3400
84	33.674709	-117.997966	3	0	0	0	9.58	13476
85	33.674763	-117.993332	2	0	0	0	8.52	8980
86	33.682408	-117.996834	1	0	0	0	1.9	1176
87	33.676279	-117.993008	3	0	0	0	12.09	17375
88	33.677772	-117.991454	1	0	0	0	4.7	1380
89	33.674165	-117.99905	1	0	0	0	0.7	2640
90	33.679393	-117.992564	1	0	0	0	1.9	1176
91	33.678361	-117.991991	4	0	0	0	13.98	56900
92	33.678674	-117.994132	1	0	0	0	0.7	2640
93	33.684009	-118.000896	1	0	0	0	1.9	1176
94	33.684278	-117.998102	2	0	0	0	2.6	3816
95	33.675102	-117.993	3	0	0	0	10.04	19656
96	33.685058	-118.004959	1	0	0	0	7.3	3640
97	33.690151	-117.996743	2	0	0	0	6.6	2556
98	33.681809	-117.994303	1	0	0	0	4.7	1380
99	33.680437	-117.998853	1	0	0	0	4.7	1380
100	33.68139	-117.997049	2	0	0	0	11.3	3936
101	33.681595	-117.997634	2	0	0	0	8.52	9960
102	33.672934	-118.000189	1	0	0	0	4.7	1380
103	33.683045	-117.99428	3	0	0	0	10.05	20852
104	33.679951	-117.997551	1	0	0	0	4.7	1380
105	33.67503	-118.001522	2	0	0	0	3.64	17544
106	33.685042	-117.999135	1	0	0	0	4.7	1380
107	33.684055	-117.999242	1	0	0	0	1.75	4608
108	33.685604	-118.001812	2	0	0	0	9.99	9455
109	33.68172	-117.99682	1	0	0	0	7.3	3640
110	33.679547	-117.99523	1	0	0	0	1.8	2520
111	33.685229	-117.998691	3	0	0	0	10.51	21935
112	33.68294	-118.002503	1	0	0	0	1.55	8704
113	33.674088	-118.000204	1	0	0	0	4.7	1380
114	33.679359	-117.994233	1	0	0	0	7.3	3640

ITEMS
Type	Length	Width	Height	Mass	Fragility	LoadBearingStrength
Bt1	10	10	10	14.15	1	0
Bt2	18	12	5	2.15	1	0
Bt3	21	14	4	1.9	1	0
Bt4	23	15	4	4.7	1	0
Bt5	20	18	7	1.8	1	0
Bt6	15	11	16	0.7	1	0
Bt7	34	10	10	1.59	1	0
Bt8	20	14	13	7.3	1	0
Bt9	17	13	18	2.5	1	0
Bt10	24	12	16	1.75	1	0
Bt11	28	22	9	3.01	1	0
Bt12	31	20	10	4.8	1	0
Bt13	29	16	14	1.9	1	0
Bt14	40	19	10	3.82	1	0
Bt15	25	19	17	5.29	1	0
Bt16	22	15	26	3.816	1	0
Bt17	34	16	16	1.55	1	0
Bt18	28	18	18	2.75	1	0
Bt19	40	20	13	2.6	1	0
Bt20	26	16	26	2.53	1	0
Bt21	40	13	21	2.98	1	0
Bt22	40	28	10	5.67	1	0
Bt23	29	27	15	2.11	1	0
Bt24	27	22	22	3.88	1	0
Bt25	26	20	26	2.91	1	0
Bt26	27	23	24	2.94	1	0
Bt27	39	27	16	7.63	1	0
Bt28	57	15	20	3.44	1	0
Bt29	35	26	19	10.65	1	0
Bt30	38	30	22	12.4	1	0
Bt31	59	40	18	5.982	1	0

DEMANDS PER CUSTOMER
i	Type Quantity
1	Bt4 1	
2	Bt6 1	Bt4 1	
3	Bt6 1	
4	Bt4 2	Bt6 1	
5	Bt4 1	Bt19 1	Bt3 1	Bt13 1	
6	Bt23 1	Bt4 1	
7	Bt10 1	
8	Bt19 1	Bt23 1	Bt12 1	Bt3 2	Bt4 2	
9	Bt11 1	
10	Bt4 1	
11	Bt25 1	
12	Bt4 2	Bt10 1	Bt24 1	
13	Bt3 1	Bt8 1	
14	Bt2 1	
15	Bt15 1	
16	Bt4 1	
17	Bt15 1	
18	Bt8 1	
19	Bt2 1	Bt9 1	Bt6 1	Bt4 1	
20	Bt3 1	
21	Bt6 1	
22	Bt8 1	Bt4 2	
23	Bt3 1	Bt6 1	Bt4 1	
24	Bt4 2	Bt3 1	
25	Bt3 1	
26	Bt10 1	
27	Bt6 1	Bt10 1	
28	Bt3 1	Bt6 1	
29	Bt4 1	
30	Bt10 1	Bt4 1	
31	Bt4 1	
32	Bt6 1	
33	Bt14 1	
34	Bt11 1	Bt3 1	Bt4 1	
35	Bt2 1	Bt6 1	
36	Bt18 1	Bt3 1	
37	Bt4 1	
38	Bt4 2	Bt3 1	
39	Bt9 1	Bt26 1	Bt10 1	
40	Bt6 1	
41	Bt8 1	
42	Bt6 1	
43	Bt4 1	
44	Bt4 1	Bt6 1	
45	Bt4 1	Bt27 1	Bt30 2	
46	Bt4 1	
47	Bt2 1	Bt5 1	
48	Bt4 1	Bt16 1	
49	Bt4 1	Bt6 1	
50	Bt6 1	
51	Bt4 1	
52	Bt4 4	Bt8 1	Bt19 1	
53	Bt9 1	
54	Bt4 2	Bt6 1	Bt20 1	
55	Bt11 1	Bt3 1	
56	Bt4 1	
57	Bt4 1	
58	Bt19 1	Bt4 1	Bt3 1	
59	Bt6 1	
60	Bt4 1	Bt6 1	
61	Bt4 1	
62	Bt6 1	
63	Bt6 1	Bt4 1	Bt19 1	Bt11 1	Bt9 1	
64	Bt15 1	
65	Bt4 1	
66	Bt10 1	
67	Bt10 1	
68	Bt11 1	
69	Bt14 1	
70	Bt6 2	Bt19 1	Bt4 5	
71	Bt3 1	Bt6 1	
72	Bt1 1	
73	Bt4 1	
74	Bt18 1	Bt4 1	
75	Bt3 1	
76	Bt29 1	
77	Bt4 1	Bt3 1	
78	Bt4 2	
79	Bt15 1	Bt4 3	Bt9 1	Bt12 1	Bt10 1	
80	Bt25 1	Bt4 2	Bt12 1	
81	Bt6 2	
82	Bt6 1	Bt22 1	
83	Bt7 1	
84	Bt4 1	Bt3 1	Bt21 1	
85	Bt14 1	Bt4 1	
86	Bt3 1	
87	Bt6 3	Bt15 1	Bt4 1	
88	Bt4 1	
89	Bt6 1	
90	Bt3 1	
91	Bt6 1	Bt4 1	Bt31 1	Bt19 1	
92	Bt6 1	
93	Bt3 1	
94	Bt6 1	Bt3 1	
95	Bt3 1	Bt28 1	Bt4 1	
96	Bt8 1	
97	Bt3 1	Bt4 1	
98	Bt4 1	
99	Bt4 1	
100	Bt4 2	Bt3 1	
101	Bt16 1	Bt4 1	
102	Bt4 1	
103	Bt18 1	Bt4 1	Bt19 1	
104	Bt4 1	
105	Bt26 1	Bt6 1	
106	Bt4 1	
107	Bt10 1	
108	Bt4 1	Bt15 1	
109	Bt8 1	
110	Bt5 1	
111	Bt6 2	Bt15 1	Bt16 1	
112	Bt17 1	
113	Bt4 1	
114	Bt8 1	

DISTANCE MATRIX
0.0 1828.7 1754.7 1754.9 1799.2 1783.1 1722.0 1747.8 1776.6 1706.7 1695.7 1729.2 1762.4 1706.6 1798.9 1734.5 1717.6 1737.0 1674.2 1633.9 1796.1 1800.1 1728.9 1767.9 1790.0 1655.2 1684.1 1668.7 1763.4 1668.8 1934.1 1788.1 1788.1 1642.2 1662.2 1687.2 1807.2 1791.3 1685.4 1683.9 1776.8 1696.5 1685.0 1720.8 1795.4 1614.1 1751.1 1707.0 1801.1 1667.6 1704.7 1720.2 1710.8 1767.3 1752.6 1734.5 1671.2 1633.4 1635.0 1764.9 1668.2 1687.3 1798.3 1937.8 1618.6 1725.3 1716.0 1645.1 1697.4 1765.5 1704.2 1828.2 1774.1 1733.3 1711.5 1671.9 1829.0 1688.1 1727.7 1691.8 1685.3 1784.3 1780.1 1702.8 1750.6 1726.6 1834.9 1744.9 1670.7 1795.1 1624.1 1655.1 1679.6 1657.2 1671.3 1713.2 1699.8 1664.7 1738.9 1761.7 1792.9 1738.8 1805.7 1668.4 1743.1 1854.1 1668.2 1743.6 1657.6 1816.6 1671.1 1649.0 1749.9 1813.7 1650.6
1633.3 0.0 151.8 221.1 201.9 186.1 128.8 98.2 229.2 208.4 219.8 180.2 149.2 124.9 248.7 166.2 257.9 173.8 164.8 344.9 317.1 312.7 119.4 100.3 248.2 220.0 192.9 379.7 95.8 179.4 337.1 91.5 246.3 176.9 275.8 232.3 109.9 79.3 396.4 180.4 110.2 218.8 396.0 187.6 64.6 227.7 259.9 227.7 58.9 232.4 201.2 202.9 199.3 180.8 222.0 445.5 236.0 344.4 248.6 118.2 379.2 398.3 69.1 340.8 200.9 265.6 427.0 356.1 262.2 320.2 244.5 278.0 114.6 242.1 422.5 216.7 151.6 227.4 250.0 402.8 264.0 216.8 61.5 155.4 95.4 197.3 286.0 218.0 261.2 71.0 195.3 231.9 190.2 217.0 239.2 200.9 247.4 375.7 247.7 175.2 242.7 235.3 54.3 236.5 195.7 25.3 236.1 240.1 196.8 266.4 179.9 216.9 336.4 49.2 168.9
1623.9 192.9 0.0 78.2 322.4 307.0 126.1 95.5 229.9 71.2 86.1 42.6 11.6 245.9 266.5 35.4 398.8 36.2 85.8 442.6 260.1 264.1 116.7 245.5 266.0 158.8 148.1 477.4 109.0 123.6 458.0 181.0 264.1 121.1 463.8 280.7 264.6 140.2 494.1 251.0 141.0 359.7 493.7 50.0 159.6 368.6 215.1 188.4 160.2 171.2 302.0 51.0 61.7 238.6 281.6 543.2 174.8 442.1 389.5 129.1 476.9 496.0 130.0 461.7 157.7 406.5 524.7 453.8 201.0 441.1 385.4 295.8 163.7 197.3 520.2 109.9 223.7 93.7 390.9 515.2 202.8 307.5 153.8 156.1 91.3 90.9 303.8 85.7 186.6 111.9 152.1 188.7 134.4 357.9 303.7 77.7 368.3 473.4 202.9 233.0 265.0 240.1 155.6 208.7 196.4 170.5 381.3 340.9 337.7 284.2 135.1 362.1 457.3 130.5 113.1
1597.5 238.0 88.2 0.0 373.5 330.3 177.2 146.6 281.0 44.8 59.7 111.3 99.9 287.1 293.5 63.6 418.4 124.5 116.4 451.1 290.7 294.7 167.8 262.5 284.6 132.4 178.7 485.9 172.7 154.2 481.3 232.1 282.7 151.7 425.2 306.5 302.1 191.3 502.6 270.6 186.1 379.3 502.2 102.9 204.7 377.1 245.7 219.2 210.4 144.8 321.6 37.1 122.3 261.9 326.9 551.7 148.4 450.6 398.0 174.2 485.4 504.5 181.1 485.0 131.3 426.1 533.2 462.3 174.6 464.4 405.0 322.8 214.8 226.3 528.7 83.5 268.8 67.3 410.5 509.0 176.4 358.6 204.9 207.2 143.8 35.8 329.5 61.8 160.2 163.0 125.7 162.3 165.0 377.5 323.3 51.3 391.6 481.9 233.5 256.3 287.5 291.2 206.7 210.1 247.5 221.6 403.0 360.5 357.3 311.2 165.7 384.4 480.6 181.6 143.7
1608.0 329.3 301.1 355.5 0.0 318.5 186.8 212.6 193.0 307.3 296.3 275.6 264.1 251.1 103.8 280.9 232.6 283.4 220.6 319.6 151.6 147.2 193.7 250.7 160.6 262.1 214.0 354.4 243.1 235.2 469.5 252.9 158.7 232.7 250.5 164.9 360.6 288.2 371.1 147.0 277.4 193.5 370.7 267.2 296.0 202.4 187.6 178.5 301.7 249.8 175.9 320.8 257.2 138.8 56.5 420.2 247.1 319.1 223.3 265.5 353.9 373.0 278.0 473.2 256.7 240.3 401.7 330.8 276.0 399.9 219.2 136.8 238.9 276.6 404.3 272.5 360.1 288.7 224.7 392.2 298.3 14.9 244.9 165.1 216.8 327.0 144.8 296.7 317.0 259.9 251.1 287.7 246.0 191.7 181.7 313.8 379.8 354.9 216.7 145.7 105.3 83.5 303.6 177.9 124.8 320.1 210.8 214.8 171.5 125.2 227.6 192.2 369.3 278.5 224.7
1638.1 306.2 260.0 314.4 234.6 0.0 163.7 189.5 243.9 266.2 255.2 234.5 264.1 177.9 263.4 239.8 276.3 242.3 179.5 388.5 319.6 321.7 170.6 133.0 262.9 234.7 207.6 389.1 220.0 194.1 188.8 229.8 261.0 191.6 261.0 315.9 223.0 265.1 385.8 264.0 254.3 233.7 385.4 226.1 272.9 238.2 274.6 248.1 232.3 250.4 284.8 279.7 216.1 195.5 248.9 434.9 250.7 353.8 259.1 242.4 396.8 387.7 254.9 192.5 215.6 204.3 416.4 365.5 276.9 171.9 228.3 292.7 215.8 256.8 411.9 231.4 237.2 247.1 264.9 392.2 278.7 249.5 237.7 170.1 192.3 285.9 300.7 255.6 275.9 236.8 210.0 246.6 204.9 281.3 271.9 272.7 99.1 385.1 262.4 189.9 261.9 253.8 227.7 272.3 210.4 297.0 268.8 323.7 180.6 281.1 194.6 249.6 188.1 255.4 183.6
1559.6 142.4 137.8 192.2 196.2 180.8 0.0 25.7 103.7 144.0 133.0 112.3 99.9 137.6 140.3 117.6 270.6 120.1 57.3 357.6 202.2 197.8 6.8 113.0 139.8 112.5 85.4 392.4 56.2 71.9 331.8 79.5 137.9 69.4 288.5 224.2 214.1 101.3 409.1 188.3 90.5 231.5 408.7 103.9 109.1 240.4 152.4 125.7 114.8 128.2 213.9 157.5 93.9 112.4 151.2 458.2 128.5 357.1 261.3 78.6 400.1 411.0 91.1 335.5 93.4 347.3 439.7 368.8 154.7 314.9 257.2 169.6 63.7 134.6 442.3 109.2 173.2 124.9 262.7 430.2 156.5 181.3 73.9 29.9 26.6 163.9 177.6 133.4 153.7 73.0 87.8 124.4 82.7 229.7 241.0 150.5 242.1 392.9 140.2 106.8 138.8 113.9 116.7 146.0 70.2 131.6 248.8 252.8 209.5 158.0 72.4 229.6 331.1 91.6 61.4
1590.2 116.6 104.4 173.7 226.8 211.4 30.5 0.0 134.3 174.6 163.6 142.9 101.8 168.2 170.9 148.2 301.2 126.4 87.9 388.2 232.8 228.4 21.1 143.6 170.4 143.1 116.0 423.0 30.4 102.5 362.4 79.7 168.5 100.0 319.1 254.8 180.7 75.5 439.7 218.9 64.7 262.1 439.3 134.5 83.3 271.0 183.0 156.5 89.0 155.5 244.5 155.5 124.5 143.0 180.2 488.8 159.1 387.7 291.9 52.8 422.5 441.6 65.3 366.1 124.0 377.9 470.3 399.4 185.3 345.5 287.8 200.2 63.9 165.2 465.8 139.8 147.4 156.0 293.3 446.1 187.1 211.9 58.2 60.5 2.8 149.9 208.2 170.6 184.3 47.2 118.4 155.0 113.3 260.3 271.6 153.5 272.7 419.0 170.8 137.4 164.9 144.5 90.9 185.8 100.8 105.8 279.4 283.4 240.1 188.6 103.0 260.2 361.7 65.8 92.0
1652.0 258.4 230.2 284.6 194.6 247.6 115.9 141.7 0.0 236.4 225.4 204.7 237.9 204.4 109.0 210.0 325.8 212.5 149.7 393.9 167.6 167.3 122.8 179.8 47.9 225.3 133.5 423.1 168.1 164.3 398.6 182.0 48.7 161.8 390.8 195.9 289.7 217.3 496.0 178.0 206.5 286.7 495.6 196.3 225.1 368.0 122.6 139.9 230.8 210.6 229.0 249.9 186.3 135.8 148.0 545.1 210.3 393.4 388.9 194.6 428.2 497.9 207.1 402.3 185.8 333.5 526.6 405.1 239.2 381.7 312.4 138.3 168.0 196.1 522.1 201.6 289.2 217.3 317.9 517.1 261.5 179.7 174.0 94.2 142.6 256.3 146.3 225.8 246.1 189.0 180.2 216.8 175.1 284.9 212.7 242.9 308.9 424.7 136.2 142.7 107.5 112.3 232.7 160.0 68.6 247.6 292.4 267.9 264.7 126.7 147.1 273.2 397.9 207.6 153.8
1549.1 200.1 81.0 43.8 315.9 282.5 162.4 131.8 223.4 0.0 11.3 104.1 92.7 239.3 245.7 67.8 370.0 117.3 109.2 402.7 242.9 246.9 153.0 214.7 236.8 84.0 130.9 437.5 134.8 115.6 433.5 217.3 234.9 89.0 376.8 258.1 264.2 162.7 454.2 222.2 148.2 330.9 453.8 95.7 166.8 328.7 197.9 171.4 172.5 96.4 273.2 29.9 115.1 214.1 269.3 503.3 100.0 402.2 349.6 136.3 437.0 456.1 166.3 437.2 82.9 377.7 484.8 413.9 126.2 416.6 356.6 275.0 200.0 177.9 480.3 35.1 230.9 18.9 362.1 460.6 128.0 301.0 190.1 149.6 129.0 19.8 281.7 54.6 143.2 148.2 77.3 113.9 126.4 329.1 274.9 6.5 343.8 433.5 185.7 208.5 239.7 233.6 177.1 161.7 189.9 206.8 354.6 312.1 308.9 263.4 117.9 336.0 432.8 166.8 97.4
1537.7 211.1 75.5 59.1 304.5 271.1 173.4 142.8 212.0 10.9 0.0 98.6 87.2 227.9 234.3 78.8 358.6 111.8 103.7 391.3 231.5 235.5 164.0 203.3 225.4 72.6 119.5 426.1 145.8 104.2 422.1 228.3 223.5 77.6 365.4 246.7 275.2 173.7 442.8 210.8 159.2 319.5 442.4 90.2 177.8 317.3 186.5 160.0 183.5 85.0 261.8 24.4 109.6 202.7 257.9 491.9 88.6 390.8 338.2 147.3 425.6 444.7 177.3 425.8 71.5 366.3 473.4 402.5 114.8 405.2 345.2 263.6 211.0 166.5 468.9 23.7 241.9 7.6 350.7 449.2 116.6 289.6 201.1 138.2 140.0 30.8 270.3 49.1 131.8 159.2 65.9 102.5 115.0 317.7 263.5 17.4 332.4 422.1 174.3 197.1 228.3 222.2 188.1 150.3 178.5 217.8 343.2 300.7 297.5 252.0 106.5 324.0 421.4 177.8 86.0
1588.5 218.0 63.4 104.0 310.3 276.9 157.7 127.1 217.8 97.0 111.9 0.0 43.6 233.7 240.1 43.2 376.0 29.3 63.0 419.8 237.3 241.3 148.3 209.1 231.2 141.4 125.3 454.6 152.7 100.8 427.9 212.6 229.3 98.3 441.0 264.1 282.1 171.8 471.3 228.2 166.1 336.9 470.9 7.3 184.7 345.8 192.3 165.8 190.4 153.8 279.2 76.8 54.8 208.5 263.7 520.4 157.4 419.3 366.7 154.2 454.1 473.2 161.6 431.6 122.3 383.7 501.9 431.0 183.6 411.0 362.6 269.4 195.3 174.5 497.4 135.7 248.8 119.5 368.1 477.7 185.4 295.4 185.4 144.0 124.3 99.8 276.1 96.0 182.6 143.5 116.7 153.3 111.6 335.1 280.9 103.5 338.2 450.6 180.1 202.9 234.1 228.0 187.2 195.1 184.3 202.1 344.9 318.1 314.9 257.8 112.3 325.7 427.2 162.1 90.3
1619.5 180.8 25.7 100.4 302.6 298.5 114.0 83.4 210.1 93.4 108.3 30.9 0.0 233.8 254.4 57.6 391.0 24.5 94.0 481.6 268.3 272.3 104.6 233.4 224.4 181.0 156.3 507.2 96.9 131.8 449.5 168.9 252.0 129.3 433.3 288.9 252.5 128.1 464.5 259.2 128.9 351.9 529.1 38.3 192.2 360.8 223.3 196.6 192.8 196.7 334.3 73.2 5.9 226.5 269.5 512.7 197.0 477.5 385.3 117.0 520.5 531.4 117.9 449.6 153.3 461.4 560.1 489.2 223.2 429.0 377.6 283.7 151.6 205.5 562.7 132.1 211.6 116.4 360.4 535.9 225.0 273.8 145.6 144.0 79.2 104.3 291.7 134.1 213.6 99.8 147.7 184.3 142.6 350.1 273.2 99.9 356.2 513.3 211.1 220.9 256.5 227.7 143.5 216.9 184.3 160.0 369.2 373.2 329.9 272.1 143.3 318.0 445.2 118.4 121.3
1566.8 289.7 243.5 297.9 101.1 212.1 147.2 173.0 227.7 249.7 238.7 218.0 205.6 0.0 177.8 223.3 191.4 225.8 163.0 244.1 240.5 236.1 154.1 298.7 177.3 245.0 198.5 307.6 199.4 177.6 373.6 213.3 175.4 175.1 209.3 159.6 205.5 248.6 329.9 113.9 237.8 152.3 329.5 209.6 256.4 161.2 211.4 161.4 262.1 230.3 134.7 263.2 199.6 109.9 149.7 344.7 230.0 277.9 147.8 225.9 320.9 331.8 238.4 305.5 199.1 199.1 360.5 289.6 258.9 326.1 178.0 201.5 199.3 261.1 363.1 214.9 219.7 230.6 149.2 302.0 281.2 145.4 221.2 153.6 177.2 269.4 215.1 282.8 259.4 220.3 193.5 291.8 188.4 150.5 138.4 256.2 253.3 313.7 219.2 104.3 176.3 169.1 264.0 160.8 159.5 280.5 169.6 173.6 96.0 195.5 178.1 116.7 342.3 238.9 167.1
1651.2 274.3 246.1 300.5 103.8 255.8 131.8 157.6 116.0 252.3 241.3 220.6 253.8 171.1 0.0 225.9 253.0 228.4 165.6 358.0 62.6 58.2 138.7 188.0 58.5 203.7 111.9 426.5 188.1 180.2 406.8 197.9 56.6 177.7 318.0 123.1 297.9 233.2 423.2 105.2 222.4 213.9 422.8 212.2 241.0 295.2 98.6 118.3 246.7 191.4 156.2 265.8 202.2 65.8 57.2 472.3 188.7 391.2 316.1 210.5 426.0 425.1 223.0 410.5 201.7 260.7 453.8 402.9 217.6 389.9 239.6 29.2 183.9 174.5 449.3 217.5 305.1 233.7 245.1 429.6 239.9 88.9 189.9 110.1 160.4 272.2 37.2 290.5 262.0 204.9 196.1 232.7 191.0 212.1 139.9 258.8 317.1 422.5 114.6 72.7 5.9 59.7 248.6 145.3 69.8 263.5 219.6 195.1 191.9 17.6 125.5 200.4 406.1 223.5 169.7
1582.0 174.7 46.3 66.9 303.8 270.4 124.1 93.5 211.3 59.9 74.8 51.4 70.3 227.2 233.6 0.0 369.5 94.9 56.5 413.3 230.8 234.8 114.7 202.6 224.7 147.5 118.8 448.1 109.4 94.3 421.4 179.0 222.8 91.8 434.5 257.6 238.8 137.3 464.8 221.7 122.8 330.4 464.4 43.0 141.4 339.3 185.8 159.3 147.1 159.9 272.7 39.7 62.4 202.0 257.2 513.9 163.5 412.8 360.2 110.9 447.6 466.7 128.0 425.1 115.8 377.2 495.4 424.5 189.7 404.5 356.1 262.9 161.7 168.0 490.9 98.6 205.5 82.4 361.6 471.2 191.5 288.9 151.8 137.5 90.7 56.5 269.6 58.9 176.1 109.9 110.2 146.8 105.1 328.6 274.4 66.4 331.7 444.1 173.6 196.4 227.6 221.5 151.7 188.6 177.8 168.5 338.4 311.6 308.4 251.3 105.8 319.8 420.7 128.5 83.8
1705.9 267.9 311.3 365.7 285.9 224.6 215.0 240.8 295.2 317.5 306.5 285.8 319.0 148.1 314.7 291.1 0.0 293.6 230.8 442.8 370.9 373.0 221.9 184.3 314.2 286.0 258.9 443.4 271.3 245.4 375.6 253.0 312.3 242.9 297.6 352.5 248.7 286.0 440.1 300.6 262.6 270.3 439.7 277.4 271.3 274.8 325.9 347.9 265.6 298.4 321.4 331.0 267.4 246.8 369.3 489.2 302.0 408.1 295.7 275.6 442.9 442.0 275.8 379.3 266.9 59.6 470.7 419.8 328.2 358.7 38.5 344.0 267.1 308.1 466.2 282.7 270.5 298.9 301.5 446.5 330.0 300.8 217.7 221.4 243.6 337.4 352.0 355.7 327.2 271.7 261.3 297.9 256.2 317.9 369.3 324.0 168.7 439.4 313.7 241.2 308.7 355.5 261.0 356.7 261.7 250.0 328.9 360.3 217.2 332.4 245.9 309.7 81.9 254.6 234.9
1600.3 206.2 47.5 125.8 335.7 288.7 139.4 108.8 243.2 118.8 133.7 37.4 25.3 245.5 279.8 80.7 387.8 0.0 74.8 431.6 249.1 253.1 130.0 220.9 243.0 153.2 137.1 466.4 140.9 112.6 439.7 194.3 241.1 110.1 452.8 275.9 270.3 153.5 483.1 240.0 154.3 348.7 482.7 44.8 172.9 357.6 204.1 177.6 173.5 165.6 291.0 98.6 25.4 220.3 289.1 532.2 169.2 431.1 378.5 142.4 465.9 485.0 143.3 443.4 134.1 395.5 513.7 442.8 195.4 422.8 374.4 309.1 177.0 186.3 509.2 157.5 237.0 141.3 379.9 489.5 197.2 320.8 167.1 169.4 106.0 129.4 317.1 117.8 194.4 125.2 128.5 165.1 123.4 346.9 292.7 125.3 350.0 462.4 191.9 214.7 273.8 253.4 168.9 206.9 209.7 183.8 356.7 329.9 326.7 297.5 124.1 337.5 439.0 143.8 102.1
1525.4 235.0 80.4 121.0 247.2 213.8 100.1 153.8 154.7 109.8 98.8 54.9 88.1 170.6 177.0 60.2 312.9 62.7 0.0 356.7 174.2 178.2 107.0 146.0 168.1 78.3 62.2 391.5 169.7 37.7 364.8 166.2 166.2 35.2 377.9 201.0 299.1 197.6 408.2 165.1 183.1 273.8 407.8 46.5 201.7 282.7 129.2 102.7 207.4 90.7 216.1 93.8 36.5 145.4 200.6 457.3 94.3 356.2 303.6 171.2 391.0 410.1 188.3 368.5 59.2 320.6 438.8 367.9 120.5 347.9 299.5 206.3 152.2 111.4 434.3 75.0 265.8 91.2 305.0 414.6 122.3 232.3 158.2 80.9 151.0 129.7 213.0 113.0 119.5 170.2 53.6 90.2 48.5 272.0 217.8 116.3 275.1 387.5 117.0 139.8 171.0 164.9 212.0 132.0 121.2 228.8 281.8 255.0 251.8 194.7 49.2 262.6 364.1 188.8 27.2
1535.1 389.4 432.8 449.4 362.2 346.1 336.5 362.3 399.1 401.2 390.2 407.3 395.8 269.6 340.4 412.6 280.6 415.1 352.3 0.0 347.7 351.7 343.4 305.8 341.6 318.5 289.8 167.0 388.7 366.9 497.1 374.5 339.7 354.7 225.2 256.4 370.2 407.5 189.3 246.9 384.1 259.5 188.9 398.9 392.8 177.1 302.7 252.7 387.1 303.8 267.7 414.7 388.9 357.4 321.4 238.4 303.5 137.3 198.0 397.1 172.1 191.2 397.3 500.8 368.6 288.3 219.9 149.0 332.4 343.5 267.2 373.4 388.6 353.4 215.4 366.4 392.0 382.1 290.7 195.7 354.7 325.7 339.2 342.9 363.2 420.9 381.4 390.6 428.9 393.2 363.0 399.6 377.7 220.2 234.3 407.7 262.8 168.6 310.5 364.3 341.9 301.8 382.5 270.1 343.4 371.5 231.2 306.6 211.1 361.8 303.4 212.0 312.9 376.1 356.4
1639.4 344.3 316.1 322.8 140.6 302.4 201.8 227.6 165.6 274.6 263.6 290.6 323.8 242.8 71.6 295.9 289.8 298.4 235.6 360.5 0.0 4.0 208.7 234.6 108.1 191.9 100.1 395.3 258.1 250.2 453.4 267.9 106.2 228.1 354.8 159.9 344.5 303.2 460.0 142.0 292.4 250.7 459.6 282.2 311.0 332.0 35.9 106.5 316.7 179.6 193.0 288.1 272.2 137.5 94.0 509.1 176.9 360.0 352.9 280.5 394.8 461.9 293.0 457.1 242.0 297.5 490.6 371.7 205.8 436.5 276.4 46.7 253.9 162.7 486.1 239.8 375.1 256.0 281.9 466.4 228.1 125.7 259.9 169.5 230.4 294.5 38.7 312.8 302.3 274.9 236.4 273.0 261.0 248.9 176.7 281.1 363.7 391.3 102.8 144.4 77.6 98.2 318.6 135.8 139.8 333.5 256.4 231.9 228.7 58.3 113.7 237.8 452.7 293.5 236.5
1643.8 340.3 312.1 327.2 136.6 306.8 197.8 223.6 170.0 279.0 268.0 286.6 319.8 238.8 67.6 291.9 285.8 294.4 231.6 364.9 4.3 0.0 204.7 239.0 112.5 196.3 104.5 459.3 254.1 246.2 457.8 263.9 110.6 232.5 350.8 155.9 348.9 299.2 456.0 138.0 288.4 246.7 455.6 278.2 307.0 328.0 40.3 110.9 312.7 184.0 189.0 292.5 268.2 133.5 90.0 505.1 181.3 424.0 348.9 276.5 458.8 457.9 289.0 461.5 246.4 293.5 486.6 435.7 210.2 440.9 272.4 42.7 249.9 167.1 482.1 244.2 371.1 260.4 277.9 462.4 232.5 121.7 255.9 173.9 226.4 298.9 34.7 317.2 306.7 270.9 240.8 277.4 257.0 244.9 172.7 285.5 368.1 455.3 107.2 140.4 73.6 94.2 314.6 140.2 135.8 329.5 252.4 227.9 224.7 54.3 118.1 233.2 457.1 289.5 240.9
1569.0 135.5 123.3 201.6 205.6 190.2 9.4 18.8 113.1 153.4 142.4 121.7 109.3 122.8 149.7 127.0 280.0 129.5 66.7 367.0 211.6 207.2 0.0 122.4 149.2 121.9 94.8 401.8 49.3 81.3 341.2 72.6 147.3 78.8 297.9 233.6 207.2 94.4 418.5 197.7 83.6 240.9 418.1 113.3 102.2 249.8 161.8 135.1 107.9 137.6 223.3 166.9 103.3 121.8 160.6 467.6 137.9 366.5 270.7 71.7 401.3 420.4 84.2 344.9 102.8 356.7 449.1 378.2 164.1 324.3 266.6 179.0 56.8 144.0 451.7 118.6 166.3 134.3 272.1 424.9 165.9 169.1 67.0 39.3 19.7 173.3 187.0 142.8 163.1 66.1 97.2 133.8 92.1 239.1 250.4 159.9 251.5 402.3 149.6 116.2 148.2 123.0 109.8 164.6 79.6 124.7 258.2 262.2 218.9 167.4 81.8 239.6 340.5 84.7 70.8
1532.9 395.7 358.4 342.0 101.5 212.5 253.2 279.0 244.7 293.8 282.8 334.3 321.9 24.5 168.9 339.6 157.5 342.1 279.3 244.5 216.7 212.3 260.1 0.0 212.3 211.1 164.6 273.7 305.4 273.9 374.0 319.3 210.4 247.3 175.4 131.9 254.7 354.6 296.0 80.0 343.8 118.4 295.6 325.9 362.4 127.3 177.5 127.5 368.1 196.4 100.8 307.3 315.9 190.5 147.0 345.1 196.1 244.0 148.2 331.9 278.8 297.9 344.4 377.7 261.2 165.2 326.6 255.7 225.0 324.8 144.1 201.9 305.3 227.2 329.2 259.0 268.9 274.7 149.6 302.4 247.3 116.4 327.2 234.0 281.8 313.7 209.9 283.2 321.5 326.3 255.6 292.2 284.7 116.6 138.8 300.3 244.1 275.3 185.3 197.4 170.4 134.9 370.0 131.0 176.5 384.9 135.7 139.7 96.4 190.3 178.2 116.5 294.2 344.9 255.7
1624.8 280.9 252.7 308.2 164.0 270.1 138.4 164.2 57.4 260.0 249.0 227.2 256.8 193.1 61.0 232.5 295.2 235.0 172.2 345.9 119.6 119.3 145.3 202.3 0.0 177.3 85.5 380.7 194.7 186.8 421.1 204.5 0.7 184.3 360.2 165.3 312.2 239.8 397.4 147.4 229.0 256.1 397.0 218.8 247.6 271.9 74.6 91.7 253.3 162.6 198.4 273.5 208.8 87.8 117.4 446.5 162.3 345.4 292.8 217.1 388.4 399.3 229.6 424.8 208.3 302.9 428.0 357.1 191.2 404.2 281.8 90.3 190.5 148.1 430.6 225.2 311.7 240.9 287.3 418.5 213.5 149.1 212.4 116.7 165.1 279.7 98.3 249.4 268.6 211.5 202.7 239.3 197.6 254.3 182.1 266.5 331.4 376.7 88.2 94.7 59.5 81.4 255.2 112.0 91.1 270.1 261.8 237.3 234.1 78.7 99.1 242.6 420.4 230.1 176.3
1516.2 258.4 147.2 130.8 257.4 229.6 115.9 141.7 170.5 82.6 71.6 123.1 156.3 186.4 192.8 128.4 285.9 130.9 68.1 318.6 190.0 194.0 122.8 161.8 183.9 0.0 78.0 353.4 172.2 62.7 380.6 182.0 182.0 36.1 292.7 174.0 271.7 217.3 370.1 138.1 206.5 246.8 369.7 114.7 225.1 244.6 145.0 116.2 230.8 12.3 189.1 96.1 104.7 161.2 210.8 419.2 15.9 318.1 265.5 194.6 352.9 372.0 207.1 384.3 50.0 293.6 400.7 329.8 42.1 363.7 272.5 222.1 168.0 93.8 396.2 47.8 289.2 64.0 278.0 376.5 43.9 242.5 174.0 96.7 144.5 102.5 228.8 120.8 110.3 189.0 44.4 81.0 73.5 245.0 190.8 89.1 290.9 349.4 132.8 155.6 186.8 180.7 232.7 77.6 137.0 247.6 270.5 228.0 224.8 210.5 65.0 251.3 379.9 207.6 44.5
1573.3 231.0 202.8 222.6 217.7 202.2 88.5 114.3 143.1 174.4 163.4 177.3 210.5 159.0 114.7 182.6 250.6 185.1 122.3 294.4 111.9 115.9 95.4 134.4 105.8 91.7 0.0 329.2 144.8 136.9 353.2 154.6 103.9 127.9 315.6 138.7 244.3 189.9 345.9 102.8 179.1 211.5 345.5 168.9 197.7 220.4 66.9 40.4 203.4 79.4 153.8 187.9 158.9 133.8 171.1 395.0 76.7 293.9 241.3 167.2 328.7 347.8 179.7 356.9 141.8 258.3 376.5 305.6 105.6 336.3 237.2 144.0 140.6 62.5 372.0 139.6 261.8 155.8 242.7 352.3 127.9 202.8 146.6 69.3 117.1 194.3 150.7 212.6 202.1 161.6 136.2 172.8 147.7 209.7 155.5 180.9 263.5 325.2 54.7 128.2 108.7 135.4 205.3 69.7 109.6 220.2 235.2 192.7 189.5 132.4 13.5 216.0 352.5 180.2 136.3
1566.2 454.7 498.1 514.7 440.9 411.4 401.8 427.6 490.3 466.5 455.5 472.6 460.2 371.5 419.1 477.9 345.9 480.4 417.6 207.5 413.0 417.0 408.7 355.5 406.9 383.8 355.1 0.0 454.0 432.2 562.4 439.8 405.0 420.0 290.5 321.7 443.1 472.8 186.8 325.6 449.4 295.3 202.0 464.2 442.5 242.4 368.0 318.0 436.8 369.1 346.4 480.0 454.2 436.1 400.1 251.5 368.8 70.7 247.7 462.4 49.3 204.3 462.6 550.5 433.9 353.6 233.0 34.9 397.7 376.3 332.5 436.5 453.9 418.7 235.6 431.7 457.3 447.4 310.9 193.2 420.0 404.4 414.2 408.2 431.8 486.2 460.1 455.9 494.2 458.5 428.3 464.9 443.0 285.5 299.6 473.0 338.9 106.5 375.8 443.0 420.6 380.8 447.8 335.4 422.1 438.4 296.5 385.3 242.2 440.5 368.7 277.9 389.0 441.4 421.7
1618.6 86.1 97.7 169.2 253.0 237.6 56.7 28.3 160.5 156.5 167.9 128.3 141.4 186.9 199.3 114.3 344.1 121.9 116.3 431.1 261.2 256.8 49.5 169.8 196.6 171.5 144.4 460.3 0.0 130.9 388.6 108.1 196.9 128.4 345.3 277.0 157.8 48.7 465.9 245.1 34.2 305.0 482.2 135.7 52.8 313.9 211.4 184.7 58.5 187.2 287.4 151.0 145.2 171.4 214.4 515.0 187.5 430.6 318.1 22.3 473.6 484.5 55.7 392.3 152.4 406.3 513.2 442.3 213.7 373.9 330.7 226.4 92.3 193.6 515.8 168.2 116.9 176.0 336.2 487.0 213.3 218.7 114.1 88.9 24.1 145.7 236.6 167.5 212.7 71.6 146.8 181.2 141.7 303.2 297.8 146.8 301.1 466.4 199.2 165.8 195.6 172.6 63.1 205.0 129.2 113.1 322.3 326.3 266.3 217.0 131.4 287.0 390.1 86.9 120.4
1513.1 241.1 131.3 145.7 245.7 212.3 98.6 124.4 153.2 97.5 86.5 105.8 139.0 169.1 175.5 111.1 311.4 113.6 50.8 355.2 172.7 176.7 105.5 144.5 166.6 66.0 60.7 390.0 154.9 0.0 363.3 164.7 164.7 22.9 376.4 199.5 254.4 200.0 406.7 163.6 189.2 272.3 406.3 97.4 207.8 281.2 127.7 101.2 213.5 78.4 214.6 111.0 87.4 143.9 199.1 455.8 82.0 354.7 302.1 177.3 389.5 408.6 189.8 367.0 46.9 319.1 437.3 366.4 108.2 346.4 298.0 204.8 150.7 109.9 432.8 62.7 271.9 78.9 303.5 413.1 110.0 230.8 156.7 79.4 127.2 117.4 211.5 135.7 107.2 171.7 41.3 77.9 10.7 270.5 216.3 104.0 273.6 386.0 115.5 138.3 169.5 163.4 215.4 130.5 119.7 230.3 280.3 253.5 250.3 193.2 47.7 261.7 362.6 190.3 27.2
1682.6 435.9 389.7 444.1 423.8 207.1 293.4 319.2 473.2 395.9 384.9 364.2 352.7 302.9 402.0 369.5 320.8 372.0 309.2 433.0 449.8 445.4 300.3 262.7 440.8 430.9 393.1 433.6 345.6 323.8 0.0 359.5 438.9 321.3 305.5 360.4 352.7 394.8 430.3 308.5 384.0 278.2 429.9 355.8 402.6 282.7 406.0 355.8 362.0 416.2 329.3 409.4 345.8 419.0 377.2 479.4 415.9 398.3 303.6 372.1 433.1 432.2 384.6 59.7 345.3 248.8 460.9 410.0 444.8 216.4 272.8 435.0 345.5 455.7 456.4 361.1 366.9 376.8 309.4 451.4 467.1 408.9 367.4 299.8 320.1 415.6 443.0 385.3 405.6 366.5 339.7 376.3 334.6 325.8 377.2 402.4 143.6 434.1 413.8 319.6 403.5 363.7 357.4 355.4 405.0 425.1 336.8 368.2 225.1 423.4 406.7 317.6 232.6 385.1 313.3
1625.1 141.8 190.8 260.1 213.5 197.7 59.4 85.2 169.2 209.5 198.5 177.8 188.2 136.5 205.8 183.1 269.5 185.6 122.8 356.5 267.7 263.3 66.3 111.9 205.3 178.0 150.9 391.3 115.7 137.4 348.7 0.0 203.4 134.9 287.4 243.9 145.6 116.8 408.0 192.0 147.7 230.4 407.6 169.4 85.6 239.3 217.9 191.4 79.9 190.4 212.8 223.0 159.4 192.4 215.1 457.1 194.0 356.0 260.2 138.1 390.8 409.9 106.6 352.4 158.9 277.2 438.6 367.7 220.2 331.8 256.1 235.1 55.4 200.1 434.1 174.7 172.6 190.9 261.6 414.4 222.0 228.4 26.4 95.4 88.0 236.3 243.1 257.0 219.2 86.6 153.3 189.9 148.2 228.6 250.8 216.0 259.0 387.3 205.7 186.8 199.8 179.4 75.3 248.1 135.7 108.2 247.7 251.7 208.4 223.5 137.9 228.5 348.0 51.5 126.9
1622.9 281.7 253.5 306.3 162.1 270.9 139.2 165.0 58.2 258.1 247.1 228.0 261.2 191.2 59.1 233.3 293.3 235.8 173.0 344.0 117.7 117.4 146.1 203.1 0.7 175.4 83.6 378.8 195.5 187.6 421.9 205.3 0.0 185.1 358.3 163.4 313.0 240.6 395.5 145.5 229.8 254.2 395.1 219.6 248.4 270.0 72.7 90.0 254.1 163.1 196.5 271.6 209.6 85.9 115.5 444.6 160.4 343.5 290.9 217.9 378.3 397.4 230.4 425.6 209.1 301.0 426.1 355.2 189.3 405.0 279.9 88.4 191.3 146.2 421.6 223.3 312.5 239.5 285.4 401.9 211.6 147.2 197.3 117.5 167.8 278.0 96.4 296.3 269.4 212.3 203.5 240.1 198.4 252.4 180.2 264.6 332.2 374.8 86.3 92.8 53.1 79.8 256.0 119.3 89.9 270.9 259.9 235.4 232.2 76.8 97.2 240.7 421.2 230.9 177.1
1490.1 222.2 112.4 122.7 226.8 193.4 79.7 105.5 134.3 74.5 63.5 86.9 120.1 150.2 156.6 92.2 292.5 94.7 31.9 336.3 153.8 157.8 86.6 125.6 147.7 43.0 41.8 371.1 136.0 26.5 344.4 145.8 145.8 0.0 357.5 180.6 235.5 181.1 387.8 144.7 170.3 253.4 387.4 78.5 188.9 262.3 108.8 82.3 194.6 55.4 195.7 88.0 68.5 125.0 180.2 436.9 59.0 335.8 283.2 158.4 370.6 389.7 170.9 348.1 23.9 300.2 418.4 347.5 85.2 327.5 279.1 185.9 131.8 91.0 413.9 39.7 253.0 55.9 284.6 394.2 87.0 211.9 137.8 60.5 108.3 94.4 192.6 112.7 84.2 152.8 18.3 54.9 37.3 251.6 197.4 81.0 254.7 367.1 96.6 119.4 150.6 144.5 196.5 111.6 100.8 211.4 261.4 234.6 231.4 174.3 28.8 242.2 343.7 171.4 8.3
1601.2 299.4 342.8 424.2 272.2 256.1 246.5 272.3 321.6 376.0 365.0 317.3 304.9 216.2 250.4 322.6 190.6 325.1 262.3 381.5 322.5 326.5 253.4 215.8 316.4 293.3 264.6 376.5 298.7 276.9 407.1 284.5 314.5 274.4 0.0 208.8 280.2 317.5 378.8 156.9 294.1 169.5 378.4 308.9 302.8 87.1 277.5 227.3 297.1 281.0 177.7 389.5 298.9 267.4 225.6 427.9 278.3 346.8 108.0 307.1 381.6 380.7 307.3 410.8 298.4 198.3 409.4 358.5 307.2 288.2 177.2 283.4 298.6 328.2 412.0 341.2 302.0 356.9 200.7 385.2 329.5 257.3 249.2 252.9 273.2 395.9 291.4 365.4 358.7 303.2 292.8 329.4 287.7 130.2 202.3 382.5 207.5 378.1 285.3 274.3 251.9 211.8 292.5 244.9 253.4 281.5 199.2 216.6 147.5 271.8 278.2 180.6 257.6 286.1 266.4
1543.4 360.3 323.0 306.6 141.9 253.9 217.8 243.6 185.1 258.4 247.4 298.9 286.5 264.1 120.1 304.2 188.4 306.7 243.9 261.2 167.9 163.5 224.7 257.5 152.7 175.7 129.2 284.2 270.0 238.5 404.9 283.9 157.0 211.9 247.2 0.0 285.6 319.2 352.4 40.6 308.4 149.3 306.1 290.5 320.8 224.4 142.1 92.1 332.7 161.0 91.6 271.9 274.3 137.1 101.1 401.5 160.7 254.5 251.5 296.5 297.5 308.4 309.0 408.6 225.8 196.1 337.1 266.2 189.6 329.1 168.8 153.1 269.9 191.8 339.7 223.6 299.8 239.3 180.5 358.8 205.7 105.4 291.8 198.6 247.8 278.1 161.1 241.6 286.1 290.9 220.2 256.8 249.3 147.5 16.7 264.9 248.4 290.3 149.9 144.0 121.6 81.8 334.6 91.5 123.1 351.1 96.4 130.5 121.1 141.5 142.8 83.4 298.5 309.5 220.3
1755.8 119.8 290.0 309.4 272.9 255.4 218.4 171.5 299.9 278.5 289.9 318.4 296.1 171.7 336.5 254.4 328.9 312.0 253.5 424.2 398.4 394.0 186.7 179.6 336.0 308.7 281.6 445.1 197.9 268.1 406.4 150.6 334.1 265.6 478.6 297.1 0.0 150.3 467.4 259.7 114.5 289.8 467.0 300.1 128.7 455.8 348.6 298.9 142.7 324.4 272.2 294.2 290.1 251.8 287.2 516.5 324.7 415.4 476.7 127.5 458.4 469.3 189.3 401.8 289.6 413.6 498.0 427.1 350.9 381.2 437.6 365.8 168.4 330.8 500.6 305.4 77.5 321.1 329.3 482.1 352.7 282.9 125.0 226.1 175.7 285.9 373.8 289.5 349.9 169.3 284.0 320.6 278.9 288.0 318.5 279.3 308.4 451.2 336.4 246.2 343.3 309.8 176.0 298.3 266.4 146.8 307.1 311.1 267.8 354.2 268.6 288.5 397.4 152.2 257.6
1658.3 82.7 121.6 190.9 276.0 260.2 98.6 68.0 202.4 178.2 189.6 150.0 119.0 199.0 239.0 136.0 332.0 143.6 156.0 419.0 300.9 296.5 89.2 174.4 238.5 211.2 184.1 453.8 65.6 170.6 411.2 108.4 236.6 168.1 349.9 306.4 146.8 0.0 470.5 254.5 30.8 292.9 470.1 157.4 49.4 301.8 251.1 224.6 55.1 223.6 275.3 172.7 169.1 211.1 248.3 519.6 227.2 418.5 322.7 42.5 453.3 472.4 7.0 414.9 192.1 339.7 501.1 430.2 253.4 394.3 318.6 268.3 74.6 233.3 496.6 213.4 113.5 197.2 324.1 476.9 255.2 290.9 86.9 128.6 65.2 167.1 276.3 187.8 252.4 22.8 186.5 223.1 181.4 291.1 313.3 170.7 321.5 449.8 238.9 205.5 233.0 212.6 59.7 253.9 168.9 99.4 310.2 314.2 270.9 256.7 171.1 291.6 410.5 59.4 160.1
1589.5 458.0 501.4 518.0 430.8 414.7 405.1 430.9 467.7 469.8 458.8 475.9 464.4 338.2 409.0 481.2 349.2 483.7 420.9 226.4 416.3 420.3 412.0 374.4 410.2 387.1 358.4 209.0 457.3 435.5 565.7 443.1 408.3 423.3 293.8 325.0 446.4 476.1 0.0 315.5 452.7 318.6 157.0 467.5 461.4 245.7 371.3 321.3 455.7 372.4 336.3 483.3 457.5 426.0 384.2 206.5 372.1 173.7 266.6 465.7 208.5 47.3 465.9 569.4 437.2 356.9 44.3 185.4 401.0 412.1 335.8 442.0 457.2 422.0 33.1 435.0 460.6 450.7 349.8 163.8 423.3 394.3 417.5 411.5 433.7 489.7 450.0 459.2 497.5 461.8 431.6 468.2 446.3 288.8 302.9 476.3 331.4 209.5 379.1 432.9 410.5 370.4 451.1 338.7 412.0 440.1 299.8 375.2 265.5 430.4 372.0 280.6 381.5 444.7 425.0
1583.7 315.6 278.3 261.9 115.2 213.2 173.1 198.9 164.6 213.7 202.7 254.2 241.8 136.7 93.4 259.5 147.7 262.0 199.2 252.7 141.2 136.8 180.0 219.0 132.2 131.0 84.5 321.2 225.3 193.8 364.2 239.2 130.3 167.2 212.7 51.8 244.9 274.5 317.9 0.0 263.7 108.6 317.5 245.8 282.3 189.9 97.4 47.4 288.0 116.3 50.9 227.2 235.8 110.4 70.2 367.0 116.0 285.9 210.8 251.8 320.7 319.8 264.3 367.9 181.1 155.4 348.5 297.6 144.9 288.4 134.3 126.4 225.2 147.1 344.0 178.9 259.1 194.6 139.8 324.3 167.2 100.3 247.1 153.9 201.7 233.6 134.4 203.1 241.4 246.2 175.5 212.1 204.6 106.8 68.6 220.2 207.7 321.7 105.2 117.3 94.9 54.8 289.9 56.0 96.4 304.8 143.9 89.8 86.6 114.8 98.1 124.7 257.8 264.8 175.6
1629.0 51.8 173.2 194.8 253.8 238.0 105.9 75.3 209.7 163.9 175.3 201.6 170.6 176.8 246.3 139.8 309.8 195.2 163.3 396.8 308.2 303.8 96.5 152.2 245.8 218.5 191.4 431.6 46.9 177.9 389.0 103.1 243.9 175.4 327.7 284.2 115.9 35.7 448.3 232.3 0.0 270.7 447.9 209.0 18.5 279.6 258.4 279.6 24.2 230.9 253.1 224.3 220.7 232.7 273.9 497.4 234.5 396.3 300.5 12.9 431.1 450.2 42.7 392.7 199.4 317.5 478.9 408.0 260.7 372.1 296.4 275.6 138.9 240.6 474.4 199.1 82.6 182.9 301.9 454.7 262.5 268.7 99.6 135.9 72.5 171.0 283.6 194.2 259.7 92.4 193.8 230.4 188.7 268.9 291.1 156.4 299.3 427.6 246.2 227.1 240.3 219.9 28.8 288.4 176.2 77.2 288.0 292.0 248.7 264.0 178.4 268.8 388.3 52.6 167.4
1550.1 285.8 329.2 387.3 240.6 242.5 232.9 258.7 290.0 339.1 328.1 303.7 336.9 166.0 218.8 309.0 177.0 311.5 248.7 287.0 266.6 262.2 239.8 202.2 257.6 256.4 209.9 287.6 289.2 263.3 393.5 270.9 255.7 292.6 179.1 177.2 266.6 303.9 284.3 125.3 280.5 0.0 283.9 295.3 289.2 156.3 222.8 172.6 283.5 244.1 146.1 352.6 285.3 235.8 194.0 333.4 241.4 252.3 177.2 293.5 287.1 286.2 293.7 397.2 306.5 184.7 314.9 264.0 270.3 254.8 163.6 251.8 285.0 272.5 310.4 304.3 288.4 320.5 31.1 290.7 292.6 225.7 235.6 279.3 261.5 359.0 259.8 377.3 366.8 289.6 300.9 337.5 274.1 199.4 194.0 345.6 174.1 283.6 230.6 242.7 224.8 180.2 278.9 181.4 221.8 267.9 199.0 185.0 53.0 240.2 223.5 179.8 224.2 272.5 252.8
1569.7 438.2 481.6 498.2 411.0 394.9 385.3 411.1 447.9 450.0 439.0 456.1 489.3 318.4 389.2 461.4 329.4 463.9 401.1 206.6 396.5 400.5 392.2 354.6 390.4 367.3 338.6 189.2 441.6 415.7 545.9 423.3 388.5 403.5 274.0 299.0 419.0 456.3 157.6 295.7 432.9 298.8 0.0 447.7 441.6 225.9 351.5 301.3 435.9 355.0 316.5 463.5 437.7 406.2 364.4 61.6 352.3 153.9 246.8 445.9 188.7 159.5 446.1 549.6 417.4 337.1 188.2 165.6 381.2 392.3 316.0 422.2 437.4 402.2 183.7 415.2 440.8 431.4 330.0 30.5 403.5 396.1 388.0 391.7 413.9 469.9 430.2 488.2 477.7 442.0 411.8 448.4 426.5 269.0 283.1 456.5 311.6 185.2 359.3 413.1 393.3 350.6 431.3 328.1 392.2 420.3 280.0 355.4 245.7 410.6 352.2 260.8 361.7 424.9 405.2
1581.1 210.6 56.0 96.6 302.9 269.5 160.0 129.4 210.4 89.6 104.5 8.3 52.0 226.3 232.7 35.8 368.6 37.7 55.6 412.4 229.9 233.9 150.6 201.7 223.8 134.0 117.9 447.2 145.3 93.4 420.5 214.9 221.9 90.9 433.6 256.7 274.7 173.2 463.9 220.8 158.7 329.5 463.5 0.0 177.3 338.4 184.9 158.4 183.0 146.4 271.8 69.4 63.2 201.1 256.3 513.0 150.0 411.9 359.3 146.8 446.7 465.8 163.9 424.2 114.9 376.3 494.5 423.6 176.2 403.6 355.2 262.0 197.6 167.1 490.0 128.3 241.4 112.1 360.7 470.3 178.0 288.0 187.7 136.6 126.6 92.4 268.7 88.6 175.2 145.8 109.3 145.9 104.2 327.7 273.5 96.1 330.8 443.2 172.7 195.5 226.7 220.6 187.6 187.7 176.9 204.4 337.5 310.7 307.5 250.4 104.9 318.9 419.8 164.4 82.9
1691.3 56.1 154.6 223.9 258.1 242.3 144.0 101.0 235.4 211.2 222.6 183.0 152.0 156.9 272.0 169.0 314.1 176.6 189.0 401.1 333.9 329.5 122.2 156.5 271.5 244.2 217.1 435.9 98.6 203.6 393.3 84.5 269.6 201.1 332.0 288.5 120.2 82.1 452.6 236.6 28.6 275.0 452.2 190.4 0.0 283.9 284.1 283.9 5.7 256.6 257.4 205.7 202.1 237.0 272.4 501.7 260.2 400.6 304.8 41.6 435.4 454.5 71.9 397.0 225.1 321.8 483.2 412.3 286.4 376.4 300.7 301.3 120.3 266.3 485.8 246.4 86.9 230.2 306.2 459.0 288.2 273.0 81.0 161.6 96.8 200.1 309.3 222.2 285.4 73.8 219.5 256.1 214.4 273.2 295.4 203.7 303.6 436.4 271.9 231.4 270.5 245.3 10.3 283.5 201.9 81.5 292.3 296.3 253.0 289.7 204.1 273.1 392.6 34.0 193.1
1577.5 232.3 275.7 330.1 205.1 189.0 179.4 205.2 254.5 281.9 270.9 250.2 283.4 112.5 183.3 255.5 123.5 258.0 195.2 314.4 231.1 226.7 186.3 148.7 222.1 220.9 174.4 315.0 235.7 209.8 340.0 217.4 220.2 207.3 206.5 141.7 220.7 250.4 311.7 89.8 227.0 102.4 311.3 241.8 235.7 0.0 187.3 137.1 230.0 208.6 110.6 295.4 231.8 200.3 168.4 360.8 205.9 279.7 20.8 240.0 314.5 313.6 240.2 343.7 231.3 131.2 342.3 291.4 234.8 323.1 110.1 216.3 231.5 237.0 344.9 247.1 234.9 262.8 133.6 332.8 257.1 168.6 182.1 185.8 208.0 301.6 224.3 271.3 291.6 236.1 225.7 262.3 220.6 63.1 158.5 288.4 250.3 315.5 195.1 207.2 184.8 144.7 225.4 136.7 186.3 216.0 163.5 149.5 80.4 204.7 188.0 144.3 339.3 219.0 199.3
1603.4 295.2 267.0 286.8 184.0 266.4 152.7 178.5 129.6 238.6 227.6 241.5 274.7 213.1 81.0 246.8 280.7 249.3 186.5 324.5 44.9 48.9 159.6 198.6 72.1 155.9 64.1 359.3 209.0 201.1 417.4 218.8 70.2 192.1 345.7 168.8 308.5 254.1 376.0 132.9 243.3 241.6 375.6 233.1 261.9 250.5 0.0 70.5 267.6 143.6 183.9 252.1 223.1 107.8 137.4 425.1 140.9 324.0 271.4 231.4 358.8 377.9 243.9 421.1 206.0 288.4 406.6 335.7 169.8 400.5 267.3 91.7 204.8 126.7 402.1 203.8 326.0 220.0 272.8 382.4 192.1 169.1 210.8 133.5 181.3 258.5 83.7 276.8 266.3 225.8 200.4 237.0 211.9 239.8 185.6 245.1 327.7 355.3 66.8 114.7 75.0 101.7 269.5 99.8 111.8 284.4 265.3 222.8 219.6 98.7 77.7 246.1 416.7 244.4 200.5
1532.8 268.3 251.5 235.1 181.6 239.3 125.6 151.6 146.5 186.9 175.9 227.4 215.0 172.1 97.9 232.7 210.1 235.2 172.4 253.9 95.1 99.1 132.5 171.7 88.8 104.2 37.2 283.1 178.0 167.0 390.3 191.9 87.1 140.4 275.3 92.0 289.2 227.2 305.4 62.5 216.4 171.0 305.0 219.0 234.8 179.9 50.1 0.0 240.7 89.5 113.3 200.4 209.0 124.7 140.8 354.5 89.2 253.4 200.8 204.5 296.4 307.3 217.0 394.2 154.3 217.8 336.0 265.1 118.1 328.3 196.9 127.0 177.9 99.8 338.6 152.1 299.1 167.8 202.4 326.5 140.4 145.1 199.8 106.6 155.8 206.8 133.9 176.3 214.6 198.9 148.7 185.3 177.8 169.2 115.2 193.4 300.8 289.2 57.9 131.6 96.4 118.3 242.6 20.0 128.7 259.1 194.7 152.2 149.0 115.6 50.8 176.1 297.7 217.5 148.8
1685.6 61.8 148.9 218.2 262.9 247.1 138.3 95.3 229.7 205.5 216.9 177.3 146.3 185.9 266.3 163.3 318.9 170.9 183.3 405.9 328.2 323.8 116.5 161.3 265.8 238.5 211.4 440.7 88.8 197.9 398.1 78.8 263.9 195.4 336.8 293.3 125.9 76.4 457.4 241.4 34.3 279.8 457.0 184.7 5.7 288.7 278.4 251.9 0.0 250.9 262.2 200.0 196.4 241.8 281.4 506.5 254.5 405.4 309.6 47.3 440.2 459.3 66.2 401.8 219.4 326.6 488.0 417.1 280.7 381.2 305.5 295.6 114.6 260.6 490.6 240.7 92.6 224.5 311.0 463.8 282.5 272.9 75.3 155.9 91.1 194.7 303.6 216.5 279.7 68.1 213.8 250.4 208.7 278.0 300.2 198.0 308.4 441.2 266.2 236.2 264.8 239.6 4.6 288.3 196.2 86.3 297.1 301.1 257.8 284.0 198.4 277.9 397.4 28.3 187.4
1526.7 269.7 161.9 142.1 241.7 240.9 130.6 153.0 185.2 93.9 82.9 134.4 122.0 173.5 200.8 139.7 272.5 142.2 79.4 302.9 198.0 202.0 137.5 176.5 189.6 11.2 89.3 334.4 179.4 74.0 395.3 193.3 190.0 47.4 277.0 154.4 290.6 228.6 354.4 122.4 217.8 233.4 356.3 126.0 236.4 228.9 153.0 103.0 242.1 0.0 175.7 107.4 116.0 172.5 203.2 403.5 2.5 304.7 249.8 205.9 347.7 358.6 218.4 395.6 61.3 280.2 387.3 316.4 28.7 375.0 256.8 227.8 179.3 66.4 389.9 59.1 300.5 74.8 264.6 363.1 47.4 207.5 201.2 108.0 157.2 113.6 236.8 83.3 121.6 200.3 55.7 92.3 84.8 231.6 177.4 100.4 302.2 340.5 144.1 166.9 197.0 183.9 244.0 73.1 148.3 260.5 257.1 214.6 209.1 218.5 76.3 235.6 391.2 218.9 55.8
1596.2 378.3 341.0 324.6 177.9 225.7 235.8 261.6 227.3 276.4 265.4 316.9 350.1 149.2 156.1 322.2 160.2 324.7 261.9 265.2 203.9 199.5 242.7 281.7 194.9 193.7 147.2 333.7 292.1 256.5 376.7 301.9 193.0 229.9 225.2 114.5 249.8 337.2 330.4 62.6 326.4 121.1 330.0 308.5 345.0 202.4 160.1 109.9 266.7 181.4 0.0 289.9 298.5 173.1 131.3 379.5 178.7 298.4 223.3 314.5 333.2 332.3 327.0 380.4 243.8 167.9 361.0 310.1 207.6 300.9 146.8 189.1 287.9 209.8 356.5 241.6 271.6 257.8 152.3 336.8 229.9 163.0 218.8 216.6 264.4 296.3 197.1 314.6 304.1 308.9 238.2 274.8 267.3 119.3 131.3 282.9 220.2 329.7 167.9 180.0 162.1 117.5 262.1 118.7 159.1 367.5 156.4 38.8 99.1 177.5 160.8 137.2 270.3 327.5 238.3
1572.8 220.3 51.0 27.1 326.5 293.1 177.2 146.6 234.0 20.1 35.0 74.1 62.7 249.9 256.3 48.8 393.7 87.3 79.2 426.4 253.5 257.5 167.8 225.3 247.4 107.7 141.5 461.2 155.0 117.0 444.1 232.1 245.5 114.5 400.5 281.8 284.4 182.9 477.9 245.9 168.4 354.6 477.5 65.7 187.0 352.4 208.5 182.0 192.7 120.1 296.9 0.0 85.1 224.7 279.9 527.0 123.7 425.9 373.3 156.5 460.7 479.8 181.1 447.8 106.6 401.4 508.5 437.6 149.9 427.2 380.3 285.6 214.8 201.6 504.0 58.8 251.1 42.6 385.8 484.3 151.7 311.6 204.9 160.2 143.8 40.0 292.3 24.6 135.5 163.0 101.0 137.6 127.8 352.8 298.6 26.6 354.4 457.2 196.3 219.1 250.3 244.2 197.3 185.4 200.5 221.6 361.1 335.8 332.6 274.0 128.5 341.9 443.4 181.6 106.5
1574.8 232.4 73.7 119.7 296.6 263.2 165.6 135.0 204.1 112.7 127.6 53.6 5.9 195.8 226.4 58.9 362.3 26.1 49.3 406.1 223.6 227.6 156.2 195.4 217.5 127.7 111.6 435.3 167.1 87.1 414.2 220.5 215.6 84.6 427.3 244.2 296.5 179.7 457.6 214.5 180.5 323.2 457.2 45.2 199.1 332.1 178.6 151.9 199.7 140.1 265.5 92.5 0.0 194.8 259.9 506.7 143.7 405.6 353.0 168.6 448.6 459.5 169.5 417.9 108.6 370.0 488.2 417.3 169.9 397.3 348.9 255.7 203.2 160.8 483.7 124.4 263.2 135.7 354.4 464.0 171.7 260.1 193.3 130.3 130.8 115.8 262.4 127.2 168.9 151.4 103.0 139.6 97.9 321.4 267.2 119.2 324.5 436.9 166.4 189.2 224.9 214.0 195.1 172.2 170.6 210.0 331.2 304.4 301.2 244.1 98.6 312.6 413.5 170.0 76.6
1637.5 254.0 215.7 270.1 141.7 189.9 111.5 137.3 117.7 221.9 210.9 190.2 223.4 105.2 67.8 195.5 272.9 198.0 135.2 366.7 130.5 126.1 118.4 122.1 67.3 212.5 120.7 446.4 167.8 149.8 340.9 177.6 65.4 147.3 337.9 143.0 232.0 212.9 443.1 125.1 202.1 233.8 442.7 181.8 220.7 315.1 109.8 127.1 226.4 200.2 176.1 235.4 171.8 0.0 95.1 492.2 197.5 411.1 336.0 190.2 445.9 445.0 202.7 344.6 171.3 280.6 473.7 422.8 226.4 324.0 259.5 97.1 163.6 183.3 469.2 187.1 284.8 203.3 265.0 449.5 248.7 126.8 169.6 89.8 140.1 241.8 105.1 260.1 231.6 184.6 165.7 202.3 160.6 232.0 159.8 228.4 251.2 442.4 123.4 6.9 61.8 59.4 228.3 156.4 49.5 243.2 239.5 215.0 211.8 85.5 134.3 220.9 340.2 203.2 139.3
1649.0 272.7 264.9 298.9 46.5 282.3 136.0 156.0 136.4 250.7 239.7 219.0 206.6 194.5 47.2 224.3 238.2 226.8 164.0 363.6 95.0 90.6 137.1 194.1 104.0 205.5 157.4 406.1 182.4 178.6 433.3 196.3 102.1 176.1 323.6 102.1 311.6 231.6 408.4 96.2 220.8 199.1 408.0 210.6 241.0 280.4 131.0 121.9 265.5 190.8 141.4 264.2 200.6 82.2 0.0 457.5 190.5 376.4 321.7 208.9 419.4 410.3 221.4 416.6 200.1 245.9 439.0 388.1 219.4 396.0 224.8 80.2 182.3 220.0 441.6 215.9 303.5 231.6 250.7 414.8 262.1 10.0 204.2 108.5 160.2 270.4 88.2 260.5 260.4 203.3 194.5 232.7 189.4 197.3 145.5 257.2 323.2 412.2 160.1 89.1 69.1 26.9 247.0 121.3 68.2 263.5 204.8 180.3 177.1 68.6 171.0 192.0 412.2 221.9 168.1
1592.5 461.0 504.4 521.0 433.8 417.7 408.1 433.9 470.7 472.8 461.8 478.9 512.1 377.8 412.0 484.2 352.2 486.7 423.9 229.4 419.3 423.3 415.0 377.4 413.2 390.1 361.4 212.0 464.4 438.5 568.7 446.1 411.3 426.3 296.8 328.0 441.8 479.1 180.4 318.5 455.7 321.6 54.9 470.5 464.4 248.7 374.3 324.1 458.7 377.8 339.3 486.3 460.5 429.0 393.0 0.0 375.1 176.7 269.6 468.7 211.5 182.3 468.9 572.4 440.2 359.9 211.0 188.4 404.0 415.1 338.8 445.0 460.2 425.0 213.6 438.0 463.6 453.7 352.8 83.9 426.3 418.9 410.8 414.5 434.8 492.7 453.0 462.2 500.5 464.8 434.6 471.2 449.3 291.8 305.9 479.3 334.4 208.0 382.1 435.9 413.5 373.7 454.1 345.8 415.0 443.1 302.8 378.2 268.5 433.4 375.0 283.6 384.5 447.7 428.0
1524.1 273.4 162.2 145.8 241.4 244.6 130.9 156.7 185.5 97.6 86.6 138.1 171.3 201.4 198.2 143.4 269.9 145.9 83.1 302.6 195.4 199.4 137.8 176.8 189.3 14.9 91.2 337.4 187.2 77.7 395.6 197.0 187.4 51.1 276.7 158.0 286.7 232.3 354.1 122.1 221.5 230.8 353.7 129.7 240.1 228.6 150.4 100.2 245.8 2.6 173.1 111.1 119.7 176.2 194.8 403.2 0.0 302.1 249.5 209.6 336.9 356.0 222.1 399.3 65.0 277.6 384.7 313.8 26.1 378.7 256.5 227.5 183.0 74.0 380.2 62.8 304.2 79.0 262.0 360.5 51.1 226.5 189.0 111.7 159.5 117.5 234.2 135.8 125.3 204.0 59.4 96.0 88.5 229.0 174.8 104.1 305.9 333.4 146.0 170.6 192.2 181.0 247.7 61.6 152.0 262.6 254.5 212.0 208.8 215.9 80.0 235.3 394.9 222.6 59.5
1539.5 428.0 471.4 488.0 414.2 384.7 375.1 400.9 463.6 439.8 428.8 445.9 479.1 308.2 392.4 451.2 319.2 453.7 390.9 196.4 386.3 390.3 382.0 344.4 380.2 357.1 328.4 49.3 431.4 405.5 535.7 413.1 378.3 393.3 263.8 288.8 408.8 446.1 175.7 298.9 422.7 268.6 175.3 437.5 431.4 215.7 341.3 291.1 425.7 344.8 319.7 453.3 427.5 409.4 367.6 224.8 342.1 0.0 236.6 435.7 34.7 177.6 435.9 539.4 407.2 326.9 206.3 25.7 371.0 349.6 305.8 425.4 427.2 392.0 201.8 405.0 430.6 421.2 299.8 182.1 393.3 399.3 377.8 381.5 403.7 459.7 433.4 478.0 467.5 431.8 401.6 438.2 416.3 258.8 272.9 446.3 312.2 31.2 349.1 416.3 398.4 353.8 421.1 317.9 395.4 410.1 269.8 358.6 215.5 413.8 342.0 250.6 362.3 414.7 395.0
1604.6 259.4 302.8 357.2 232.2 216.1 206.5 232.3 281.6 309.0 298.0 277.3 264.9 176.2 210.4 282.6 150.6 285.1 222.3 341.5 258.2 253.8 213.4 175.8 249.2 248.0 201.5 336.5 258.7 236.9 367.1 244.5 247.3 234.4 233.6 168.8 240.2 277.5 338.8 116.9 254.1 129.5 338.4 268.9 262.8 31.0 214.4 164.4 257.1 233.3 137.7 322.5 258.9 227.4 195.5 387.9 233.0 306.8 0.0 267.1 349.8 340.7 267.3 370.8 258.4 158.3 369.4 318.5 261.9 350.2 137.2 243.4 258.6 264.1 372.0 274.2 262.0 289.9 160.7 359.9 284.2 217.3 209.2 212.9 235.1 328.9 251.4 298.4 318.7 263.2 252.8 289.4 247.7 90.2 185.6 315.5 277.4 338.1 222.2 234.3 211.9 171.8 252.5 163.8 213.4 241.5 190.6 176.6 107.5 231.8 215.1 171.4 366.4 246.1 226.4
1616.0 63.7 148.0 217.3 265.7 249.9 92.9 62.3 196.7 150.9 162.3 176.4 145.4 188.7 233.3 126.8 321.7 170.0 150.3 408.7 295.2 290.8 83.5 164.1 232.8 205.5 178.4 443.5 33.9 164.9 400.9 115.0 230.9 162.4 339.6 296.1 127.8 26.3 460.2 244.2 11.8 282.6 459.8 183.8 30.4 291.5 245.4 218.9 36.1 217.9 265.0 199.1 195.5 244.6 285.8 509.3 221.5 408.2 312.4 0.0 443.0 462.1 33.3 404.6 186.4 329.4 490.8 419.9 247.7 384.0 308.3 262.6 101.0 227.6 486.3 186.1 94.5 169.9 313.8 466.6 249.5 280.6 111.5 122.9 59.5 193.5 270.6 214.2 246.7 49.2 180.8 217.4 175.7 280.8 303.0 143.4 311.2 439.5 233.2 239.0 227.3 206.9 40.7 300.3 163.2 89.1 299.9 303.9 260.6 251.0 165.4 280.7 400.2 64.5 154.4
1563.5 452.0 503.6 512.0 446.4 408.7 407.3 424.9 487.6 463.8 452.8 469.9 457.5 368.8 416.4 475.2 343.2 477.7 414.9 228.6 410.3 414.3 414.2 368.4 412.4 381.1 352.4 65.4 451.3 429.5 567.9 437.1 402.3 417.3 296.0 319.0 440.4 470.1 207.9 322.9 446.7 292.6 199.3 461.5 463.6 247.9 365.3 315.3 449.7 366.4 343.7 477.3 451.5 433.4 397.4 248.8 366.1 23.9 260.6 459.7 0.0 201.6 459.9 571.6 431.2 350.9 230.3 49.7 395.0 373.6 329.8 449.4 451.2 416.0 232.9 429.0 454.6 444.7 323.8 229.0 417.3 401.7 411.5 405.5 429.1 483.5 457.4 453.2 491.5 455.8 425.6 470.4 440.3 282.8 296.9 478.5 336.2 63.6 373.1 440.3 417.9 378.1 445.1 332.7 419.4 435.7 293.8 382.6 247.7 437.8 366.0 282.8 386.3 438.7 419.0
1601.4 469.9 513.3 529.9 442.7 426.6 417.0 442.8 479.6 481.7 470.7 487.8 521.0 350.1 420.9 493.1 361.1 495.6 432.8 238.3 428.2 432.2 423.9 386.3 422.1 399.0 370.3 220.9 473.3 447.4 577.6 455.0 420.2 435.2 305.7 330.7 450.7 488.0 37.3 327.4 464.6 330.5 168.9 479.4 473.3 257.6 383.2 333.0 467.6 386.7 348.2 495.2 469.4 437.9 396.1 218.4 384.0 185.6 278.5 477.6 220.4 0.0 477.8 581.3 449.1 368.8 28.6 197.3 412.9 424.0 347.7 453.9 469.1 433.9 46.7 446.9 472.5 463.1 361.7 175.7 435.2 427.8 419.7 423.4 445.6 501.6 461.9 519.9 509.4 473.7 443.5 480.1 458.2 300.7 314.8 488.2 343.3 216.9 391.0 444.8 425.0 382.3 463.0 359.8 423.9 452.0 311.7 387.1 277.4 442.3 383.9 292.5 393.4 456.6 436.9
1651.3 92.9 114.6 183.9 269.0 253.2 91.6 61.0 195.4 171.2 182.6 143.0 112.0 192.0 232.0 129.0 325.0 136.6 149.0 412.0 293.9 289.5 82.2 167.4 231.5 204.2 177.1 446.8 58.6 163.6 404.2 101.4 229.6 161.1 342.9 299.4 157.0 10.1 463.5 247.5 41.0 285.9 463.1 150.4 59.6 294.8 244.1 217.6 65.3 216.6 268.3 165.7 162.1 204.1 241.3 512.6 220.2 411.5 315.7 81.0 446.3 465.4 0.0 407.9 185.1 332.7 494.1 423.2 246.4 387.3 311.6 261.3 67.6 226.3 489.6 206.4 123.7 190.2 317.1 469.9 248.2 283.9 79.9 121.6 58.2 160.1 269.3 180.8 245.4 15.8 179.5 216.1 174.4 284.1 306.3 163.7 314.5 442.8 231.9 198.5 226.0 205.6 69.9 246.9 161.9 92.4 303.2 307.2 263.9 249.7 164.1 284.0 403.5 52.4 153.1
1695.2 448.5 402.3 456.7 436.4 219.7 306.0 331.8 485.8 408.5 397.5 376.8 364.4 275.7 414.6 382.1 333.4 384.6 321.8 445.6 462.4 458.0 312.9 275.3 453.4 443.5 405.7 440.6 362.3 336.4 88.6 372.1 451.5 333.9 318.1 373.0 365.3 407.4 442.9 321.1 396.6 290.8 442.5 368.4 415.2 295.3 418.6 368.4 374.6 428.8 341.9 422.0 358.4 431.6 389.8 492.0 428.5 410.9 316.2 384.7 453.9 444.8 397.2 0.0 357.9 261.4 473.5 422.6 457.4 229.0 285.4 447.6 358.1 468.3 476.1 373.7 379.5 389.9 322.0 449.3 479.7 421.5 380.0 312.4 332.7 428.2 455.6 397.9 418.2 379.1 352.3 388.9 347.2 338.4 389.8 415.0 156.2 442.2 426.4 332.2 416.1 376.0 370.0 368.0 417.6 437.7 349.4 380.8 237.7 436.0 419.3 330.2 245.2 397.7 325.9
1466.1 245.8 136.0 136.2 250.4 217.0 103.3 129.1 157.9 88.0 77.0 110.5 143.7 173.8 180.2 115.8 316.1 118.3 55.5 355.2 177.4 181.4 110.2 149.2 171.3 36.5 65.4 390.0 159.6 50.1 368.0 169.4 169.4 23.5 329.3 204.2 259.1 204.7 406.7 168.3 193.9 277.0 406.3 102.1 212.5 281.2 132.4 105.9 218.2 48.9 219.3 101.5 92.1 148.6 203.8 455.8 52.5 354.7 302.1 182.0 389.5 408.6 194.5 371.7 0.0 323.8 437.3 366.4 78.7 351.1 302.7 209.5 155.4 114.6 432.8 53.2 276.6 69.4 308.2 413.1 80.5 235.5 161.4 84.1 131.9 107.9 216.2 126.2 60.2 176.4 5.4 30.9 60.9 275.2 221.0 94.5 278.3 386.0 120.2 143.0 174.2 168.1 220.1 114.2 124.4 235.0 285.0 258.2 255.0 197.9 52.4 265.8 367.3 195.0 31.9
1663.0 264.7 308.1 362.5 282.7 221.4 211.8 237.6 292.0 314.3 303.3 282.6 315.8 144.9 351.2 287.9 68.7 290.4 227.6 399.9 399.0 394.6 218.7 181.1 311.0 282.8 255.7 400.5 268.1 242.2 372.4 249.8 309.1 239.7 254.7 309.6 245.5 282.8 397.2 257.7 259.4 227.4 396.8 274.2 268.1 231.9 355.2 305.0 262.4 295.2 278.5 327.8 264.2 243.6 326.4 446.3 298.8 365.2 252.8 272.4 400.0 399.1 272.6 376.1 263.7 0.0 427.8 376.9 394.0 276.1 20.7 384.2 263.9 304.9 423.3 279.5 267.3 295.7 258.6 403.6 326.8 358.1 214.5 218.2 240.4 334.2 392.2 352.5 324.0 268.5 258.1 294.7 253.0 275.0 326.4 320.8 125.8 396.5 363.0 238.0 357.2 312.6 257.8 313.8 258.5 246.8 286.0 317.4 174.3 372.6 242.7 266.8 39.0 251.4 231.7
1630.1 498.6 542.0 558.6 471.4 455.3 445.7 471.5 508.3 510.4 499.4 516.5 549.7 378.8 449.6 521.8 389.8 524.3 461.5 267.0 456.9 460.9 452.6 415.0 450.8 427.7 399.0 249.6 502.0 476.1 606.3 483.7 448.9 463.9 334.4 359.4 479.4 516.7 43.3 356.1 493.3 359.2 197.6 508.1 502.0 286.3 411.9 361.7 496.3 415.4 376.9 523.9 498.1 466.6 424.8 247.1 412.7 214.3 307.2 506.3 249.1 28.6 506.5 610.0 477.8 397.5 0.0 226.0 441.6 452.7 376.4 482.6 497.8 462.6 18.0 475.6 501.2 491.8 390.4 204.4 463.9 456.5 448.4 452.1 474.3 530.3 490.6 548.6 538.1 502.4 472.2 508.8 486.9 329.4 343.5 516.9 372.0 245.6 419.7 473.5 453.7 411.0 491.7 388.5 452.6 480.7 340.4 415.8 306.1 471.0 412.6 321.8 422.1 485.3 465.6
1531.2 419.7 463.1 479.7 405.9 376.4 366.8 392.6 455.3 431.5 420.5 437.6 470.8 299.9 384.1 442.9 310.9 445.4 382.6 188.1 378.0 382.0 373.7 336.1 371.9 348.8 320.1 23.5 423.1 397.2 527.4 404.8 370.0 385.0 255.5 280.5 400.5 437.8 167.4 290.6 414.4 260.3 167.0 429.2 423.1 207.4 333.0 282.8 417.4 336.5 311.4 445.0 419.2 401.1 359.3 216.5 333.8 35.7 228.3 427.4 70.5 169.3 427.6 531.1 398.9 318.6 198.0 0.0 362.7 341.3 297.5 417.1 418.9 383.7 193.5 396.7 422.3 412.9 291.5 173.8 385.0 391.0 369.5 373.2 395.4 451.4 425.1 469.7 459.2 423.5 393.3 429.9 408.0 250.5 264.6 438.0 303.9 67.0 340.8 408.0 390.1 345.5 412.8 309.6 387.1 401.8 261.5 350.3 207.2 405.5 333.7 242.3 354.0 406.4 386.7
1543.2 309.8 198.6 182.2 260.5 281.0 167.3 193.1 221.9 134.0 123.0 174.5 207.7 237.8 217.3 179.8 289.0 182.3 119.5 321.7 214.5 218.5 174.2 213.2 208.4 51.3 110.3 356.5 223.6 114.1 432.0 233.4 206.5 87.5 295.8 177.1 323.1 268.7 373.2 141.2 257.9 249.9 372.8 166.1 276.5 247.7 169.5 119.3 282.2 39.0 192.2 147.5 156.1 212.6 213.9 422.3 36.3 321.2 268.6 246.0 356.0 375.1 258.5 435.7 101.4 296.7 403.8 332.9 0.0 396.1 275.6 246.6 219.4 117.3 399.3 99.2 340.6 115.4 281.1 379.6 87.5 245.6 225.4 148.1 195.9 153.9 253.3 172.2 161.7 240.4 95.8 132.4 124.9 248.1 193.9 140.5 342.3 352.5 165.1 207.0 211.3 200.1 284.1 80.7 188.4 299.0 273.6 231.1 227.9 235.0 116.4 254.4 365.5 259.0 95.9
1597.4 403.1 356.9 411.3 326.7 180.6 260.6 286.4 376.1 363.1 352.1 331.4 364.6 252.1 304.9 336.7 263.1 339.2 276.4 334.3 352.7 348.3 267.5 229.9 343.7 333.8 296.0 334.9 316.9 291.0 230.8 326.7 341.8 288.5 208.4 263.3 352.7 362.0 331.6 211.4 351.2 181.1 331.2 323.0 369.8 185.6 308.9 258.7 369.6 321.5 232.2 376.6 313.0 321.9 280.1 380.7 318.8 299.6 206.5 339.3 334.4 333.5 351.8 234.5 312.5 195.4 362.2 311.3 347.7 0.0 219.4 337.9 312.7 358.6 357.7 328.3 374.5 344.5 212.3 338.0 370.0 311.8 318.7 267.0 289.2 383.0 345.9 401.3 372.8 333.7 306.9 343.5 301.8 228.7 280.1 369.6 129.1 330.9 316.7 328.8 310.9 266.3 365.0 267.5 307.9 392.3 239.7 271.1 128.0 326.3 309.6 220.5 179.2 352.3 280.5
1667.3 243.9 287.3 341.7 261.9 200.6 191.0 216.8 271.2 293.5 282.5 261.8 249.4 160.7 290.7 267.1 47.9 269.6 206.8 404.2 403.3 398.9 197.9 160.3 290.2 262.0 234.9 404.8 243.2 221.4 351.6 229.0 288.3 218.9 259.0 313.9 224.7 262.0 401.5 262.0 238.6 231.7 401.1 253.4 247.3 236.2 359.5 309.5 241.6 274.4 282.8 307.0 243.4 222.8 336.5 450.6 278.0 369.5 257.1 251.6 412.5 403.4 251.8 355.3 242.9 21.0 432.1 381.2 304.2 280.4 0.0 320.0 243.1 284.1 434.7 258.7 246.5 274.9 262.9 422.6 306.0 362.4 193.7 197.4 217.7 313.4 328.0 282.9 303.2 247.7 237.3 273.9 232.2 279.3 330.7 300.0 130.1 400.8 289.7 217.2 289.2 316.9 237.0 313.0 237.7 226.0 290.3 321.7 178.6 308.4 221.9 271.7 43.3 230.6 210.9
1677.2 313.6 285.4 339.8 126.8 295.1 171.1 196.9 155.3 291.6 280.6 259.9 248.4 210.4 39.2 265.2 276.0 267.7 204.9 381.0 37.7 33.3 178.0 227.3 97.8 229.7 137.9 449.5 227.4 219.5 446.1 237.2 95.9 217.0 341.0 146.1 344.8 272.5 446.2 128.2 261.7 236.9 445.8 251.5 280.3 318.2 73.7 144.3 286.0 217.4 179.2 305.1 241.5 105.1 80.2 495.3 214.7 414.2 339.1 249.8 449.0 448.1 262.3 449.8 241.0 283.7 476.8 425.9 243.6 429.2 262.6 0.0 223.2 200.5 472.3 256.8 344.4 272.5 268.1 452.6 265.9 90.3 245.1 149.4 201.1 311.3 8.0 281.0 301.3 244.2 235.4 272.0 230.3 235.1 162.9 298.1 356.4 450.0 140.6 112.0 40.7 84.4 287.9 168.3 109.1 304.4 242.6 218.1 214.9 11.5 151.5 224.0 445.4 262.8 209.0
1613.2 166.8 174.5 243.8 245.9 234.4 47.5 73.3 157.3 197.6 186.6 165.9 171.9 168.9 193.9 171.2 301.9 173.7 110.9 388.9 255.8 251.4 54.4 144.3 193.4 166.1 139.0 423.7 103.8 125.5 385.4 66.7 191.5 123.0 319.8 276.3 164.4 84.0 440.4 224.4 114.9 262.8 440.0 157.5 122.4 271.7 206.0 179.5 116.7 178.5 245.2 225.6 147.5 166.0 203.2 489.5 182.1 388.4 292.6 126.2 423.2 442.3 73.8 389.1 147.0 309.6 471.0 400.1 208.3 368.5 288.5 223.2 0.0 188.2 466.5 162.8 197.6 179.0 294.0 446.8 210.1 234.9 45.2 83.5 76.1 220.0 231.2 240.7 207.3 53.8 141.4 178.0 136.3 261.0 283.2 204.1 295.7 419.7 193.8 160.4 187.9 167.5 112.1 208.8 123.8 132.3 280.1 284.1 240.8 211.6 126.0 260.9 384.7 88.3 115.0
1576.0 304.3 228.9 212.5 283.2 275.5 161.8 187.6 216.4 164.3 153.3 204.8 238.0 232.3 180.2 210.1 316.1 212.6 149.8 354.5 177.4 181.4 168.7 207.7 171.3 81.6 65.4 389.3 218.1 144.4 426.5 227.9 169.4 117.8 328.6 204.2 317.6 263.2 406.0 168.3 252.4 277.0 405.6 196.4 271.0 280.5 132.4 105.9 276.7 66.4 219.3 177.8 186.4 207.0 236.6 455.1 66.6 354.0 301.4 240.5 388.8 407.9 253.0 430.2 131.7 323.8 436.6 365.7 95.5 409.6 302.7 209.5 213.9 0.0 432.1 129.5 335.1 145.7 308.2 412.4 117.8 268.3 219.9 142.6 190.4 184.2 216.2 202.5 192.0 234.9 126.1 162.7 155.2 275.2 221.0 170.8 336.8 385.3 120.2 201.5 174.2 200.9 278.6 113.5 182.9 293.5 300.7 258.2 255.0 197.9 86.8 281.5 425.8 253.5 126.2
1614.8 483.3 533.6 543.3 456.1 440.0 437.3 456.2 493.0 495.1 484.1 501.2 488.8 400.1 434.3 506.5 374.5 509.0 446.2 258.6 441.6 445.6 444.2 406.6 442.4 412.4 383.7 228.7 482.6 460.8 597.9 468.4 433.6 448.6 326.0 350.3 471.7 501.4 32.1 347.7 478.0 343.9 182.3 492.8 493.6 277.9 396.6 346.6 481.0 397.7 361.6 508.6 482.8 451.3 415.3 238.7 397.4 199.0 291.9 491.0 242.0 46.9 491.2 601.6 462.5 382.2 18.2 210.7 426.3 437.4 368.0 474.2 482.5 447.3 0.0 460.3 485.9 476.0 382.0 196.0 448.6 419.6 442.8 436.8 460.4 514.8 475.3 484.5 522.8 487.1 456.9 500.4 471.6 314.1 328.2 508.5 356.7 234.8 404.4 458.2 442.7 396.0 476.4 364.0 437.3 467.0 325.1 400.5 297.7 455.7 397.3 312.8 406.8 470.0 450.3
1513.9 234.9 99.3 82.9 280.7 247.3 133.6 166.6 188.2 34.7 23.7 122.4 111.0 204.1 210.5 102.6 334.8 135.6 85.8 367.5 207.7 211.7 140.5 179.5 201.6 48.8 95.7 402.3 169.6 80.4 398.3 199.7 199.7 53.8 341.6 222.9 299.0 197.5 419.0 187.0 183.0 295.7 418.6 114.0 201.6 293.5 162.7 136.2 207.3 61.2 238.0 48.2 122.4 178.9 234.1 468.1 64.8 367.0 314.4 171.1 401.8 420.9 201.1 402.0 47.7 342.5 449.6 378.7 91.0 381.4 321.4 239.8 185.7 142.7 445.1 0.0 265.7 16.1 326.9 425.4 92.8 265.8 191.7 114.4 163.8 54.6 246.5 72.9 108.0 183.0 42.1 78.7 91.2 293.9 239.7 41.2 308.6 398.3 150.5 173.3 204.5 198.4 211.9 126.5 154.7 241.6 319.4 276.9 273.7 228.2 82.7 300.2 397.6 201.6 62.2
1720.7 96.9 234.9 286.5 270.3 282.8 207.5 168.9 297.3 255.6 267.0 263.3 232.3 193.3 333.9 231.5 326.3 256.9 250.9 413.3 395.8 391.4 184.1 168.7 333.4 306.1 279.0 448.1 138.6 265.5 433.8 148.0 331.5 263.0 344.2 300.7 67.9 127.4 464.8 248.8 91.6 287.2 464.4 297.5 105.8 296.1 346.0 296.1 111.5 318.5 269.6 271.3 287.5 249.2 290.4 513.9 322.1 412.8 317.0 104.6 447.6 466.7 134.4 437.5 287.0 449.3 495.4 424.5 348.3 416.9 312.9 363.2 165.8 328.2 490.9 302.8 0.0 274.6 318.4 471.2 350.1 285.2 112.7 223.5 171.7 262.7 371.2 285.9 347.3 166.7 281.4 318.0 276.3 285.4 307.6 248.1 344.1 444.1 333.8 243.6 327.9 307.5 116.1 304.9 263.8 122.3 304.5 308.5 265.2 351.6 266.0 285.9 433.1 149.6 255.0
1530.1 218.7 83.6 66.7 296.9 263.0 149.8 150.4 203.9 18.5 7.6 106.2 123.2 196.1 226.7 86.4 351.0 119.4 111.3 383.2 223.9 227.9 171.6 195.7 217.8 65.0 111.9 412.9 154.6 96.6 414.0 235.9 215.9 70.0 357.8 232.9 290.4 181.3 434.7 202.7 166.8 311.9 434.8 97.8 185.4 309.2 178.9 152.2 191.6 80.7 254.2 32.0 117.7 195.1 256.1 483.8 81.0 383.2 330.6 154.9 426.2 437.1 184.9 417.7 63.9 358.7 465.8 394.9 107.2 397.6 337.1 256.0 218.6 158.9 468.4 16.1 249.5 0.0 342.6 455.8 108.5 260.4 212.6 130.6 146.2 38.2 262.7 8.0 124.2 166.8 58.3 94.4 107.4 310.1 255.4 25.0 324.8 419.0 166.7 189.5 224.7 214.3 195.7 151.6 170.9 227.0 335.6 293.1 289.9 244.4 98.9 315.9 413.8 185.4 78.4
1583.5 319.2 362.6 420.7 274.0 275.9 266.3 292.1 323.4 372.5 361.5 337.1 370.3 236.0 252.2 342.4 210.4 344.9 282.1 320.4 300.0 295.6 273.2 235.6 291.0 289.8 243.3 321.0 322.6 296.7 426.9 304.3 289.1 326.0 212.5 210.6 307.6 337.3 317.7 158.7 313.9 33.3 317.3 328.7 322.6 189.7 256.2 206.2 316.9 275.1 179.5 386.0 318.7 269.2 229.0 366.8 274.8 285.7 210.6 326.9 320.5 319.6 327.1 430.6 339.9 218.1 348.3 297.4 303.7 288.2 197.0 285.2 318.4 305.9 350.9 337.7 321.8 353.9 0.0 324.1 326.0 259.1 269.0 312.7 296.3 392.4 293.2 361.9 400.2 323.0 334.3 370.9 307.5 232.8 227.4 379.0 207.5 321.5 264.0 276.1 253.7 213.9 312.3 209.7 255.2 301.3 232.4 218.4 86.4 273.6 256.9 213.8 257.6 305.9 286.2
1577.4 457.0 489.3 517.0 418.7 402.6 393.0 418.8 455.6 457.7 457.8 463.8 451.4 326.1 396.9 480.2 337.1 482.7 419.9 225.4 404.2 419.3 399.9 362.3 409.2 386.1 357.4 196.9 449.3 423.4 553.6 431.0 396.2 422.3 292.8 324.0 426.7 464.0 165.3 303.4 451.7 306.5 41.1 455.4 449.3 233.6 359.2 320.1 454.7 360.3 324.2 482.3 456.5 425.0 384.8 102.8 360.0 161.6 265.6 453.6 196.4 167.2 453.8 557.3 425.1 355.9 195.9 173.3 388.9 400.0 323.7 429.9 456.2 421.0 198.5 422.9 448.5 439.1 337.7 0.0 422.3 414.9 416.5 399.4 419.7 477.6 449.0 447.1 485.4 449.7 419.5 456.1 434.2 276.7 290.8 464.2 319.3 192.9 367.0 420.8 398.4 358.6 439.0 326.6 399.9 428.0 298.8 363.1 264.5 418.3 359.9 268.5 369.4 432.6 424.0
1537.0 310.9 199.7 183.3 282.1 282.1 168.4 194.2 223.0 135.1 124.1 175.6 164.1 238.9 238.9 180.9 310.6 183.4 120.6 343.3 236.1 240.1 175.3 214.3 230.0 52.4 130.5 378.1 224.7 115.2 433.1 234.5 228.1 88.6 317.4 192.5 324.2 269.8 394.8 162.8 259.0 271.5 394.4 167.2 277.6 269.3 191.1 140.9 283.3 37.0 213.8 148.6 157.2 213.7 235.5 443.9 40.6 342.8 290.2 247.1 385.8 396.7 259.6 436.8 65.3 318.3 425.4 354.5 66.8 416.2 297.2 268.2 220.5 118.5 420.9 100.3 341.7 116.5 302.7 401.2 0.0 267.2 226.5 149.2 195.1 155.0 274.9 124.5 131.1 241.5 70.8 83.8 126.0 269.7 215.5 141.6 343.4 374.1 185.3 208.1 237.4 222.0 285.2 107.2 189.5 300.1 295.2 252.7 249.5 256.6 117.5 276.6 432.4 260.1 97.0
1622.9 314.4 286.2 340.6 42.8 272.0 171.9 197.7 178.1 292.4 281.4 260.7 248.3 236.2 88.9 266.0 279.9 268.5 205.7 334.5 136.7 132.3 178.8 204.2 145.7 247.2 199.1 363.7 224.1 220.3 454.6 238.0 143.8 217.8 344.9 143.8 353.3 273.3 418.5 100.5 262.5 240.8 385.6 252.3 281.1 217.3 172.7 163.6 286.8 232.5 183.1 305.9 210.7 123.9 35.8 435.1 232.2 334.0 238.2 250.6 377.0 387.9 263.1 426.7 241.8 287.6 416.6 345.7 261.1 437.7 266.5 121.9 224.0 261.7 419.2 257.6 345.2 273.3 272.0 439.6 251.8 0.0 245.9 150.2 201.9 312.1 129.9 281.8 302.1 245.0 236.2 272.8 231.1 239.0 166.8 298.9 364.9 369.8 201.8 130.8 90.4 68.6 288.7 163.0 109.9 305.2 225.7 222.0 218.8 110.3 212.7 195.7 453.9 263.6 209.8
1640.4 127.1 166.4 243.9 200.6 184.8 82.7 56.1 184.5 231.2 213.8 203.0 180.7 99.4 221.1 189.0 256.6 196.6 138.1 363.4 283.0 278.6 89.6 99.0 226.6 193.3 166.2 372.8 82.5 152.7 355.6 35.2 218.7 150.2 274.5 224.8 126.7 84.1 395.1 179.1 115.0 217.5 394.7 184.7 61.2 226.4 233.2 226.6 65.2 209.0 199.9 225.7 174.7 179.5 214.9 464.0 209.3 343.1 267.1 109.0 386.1 397.0 73.9 339.5 174.2 264.3 425.7 354.8 235.5 318.9 243.2 256.4 53.0 215.4 428.3 190.0 157.9 205.7 248.7 416.2 237.3 210.6 0.0 110.7 60.3 220.4 258.4 234.0 234.5 53.9 168.6 211.2 163.5 215.7 257.7 215.5 246.1 378.9 221.0 173.9 225.6 194.4 60.6 226.0 151.0 95.1 234.8 238.8 195.5 238.8 153.2 216.2 335.1 36.8 142.2
1557.7 164.1 135.9 190.3 166.2 153.3 21.6 47.4 73.7 142.1 131.1 110.4 143.6 110.1 110.3 115.7 243.1 118.2 55.4 330.1 172.2 167.8 28.5 85.5 109.8 110.6 83.5 364.9 77.9 70.0 304.3 87.7 107.9 67.5 261.0 217.5 195.4 123.0 381.6 165.6 112.2 204.0 381.2 102.0 130.8 212.9 152.3 124.0 136.5 123.0 186.4 155.6 92.0 84.9 119.6 430.7 126.6 329.6 233.8 100.3 364.4 383.5 112.8 308.0 91.5 319.8 412.2 341.3 152.8 287.4 229.7 139.6 73.7 132.7 407.7 107.3 194.9 123.5 235.2 388.0 154.6 151.3 79.7 0.0 50.2 162.0 147.6 180.3 151.8 94.7 85.9 122.5 80.8 202.2 224.4 148.6 214.6 360.9 138.3 79.3 104.3 83.9 138.4 153.3 40.2 153.3 221.3 225.3 182.0 128.0 70.5 202.7 303.6 113.3 59.5
1593.0 113.8 100.2 170.9 227.7 212.3 33.3 2.8 135.2 158.2 166.4 130.0 100.9 169.1 173.7 116.0 304.0 123.6 90.7 389.1 235.6 231.2 22.0 144.5 171.3 145.9 118.8 423.9 29.5 105.3 363.3 82.5 171.3 102.8 320.0 255.7 179.8 72.7 440.6 219.8 61.9 264.9 442.1 137.3 80.5 273.8 185.8 157.4 88.1 159.7 247.3 152.7 128.7 145.8 181.1 489.7 161.9 390.5 292.8 50.0 423.4 444.4 62.5 367.0 126.8 380.7 473.1 402.2 188.1 348.3 288.7 201.1 66.7 168.0 466.7 142.6 144.6 156.9 296.1 448.9 191.3 212.8 59.1 63.3 0.0 149.0 211.0 166.8 187.1 44.4 121.2 155.9 116.1 263.1 272.5 152.6 275.5 419.9 173.6 140.2 170.3 145.4 88.1 183.5 103.6 104.9 282.2 286.2 241.0 191.4 105.8 261.7 364.5 63.0 94.8
1583.1 202.1 97.5 23.9 360.7 316.5 164.1 133.8 267.9 33.9 45.3 99.4 116.4 249.1 279.7 47.9 404.0 119.5 104.5 436.7 276.9 280.9 154.7 248.7 270.8 118.0 164.9 465.9 138.0 142.3 467.5 219.3 268.9 123.0 410.8 285.9 273.8 164.7 488.2 256.2 150.2 364.9 487.8 91.0 168.8 362.7 231.9 205.2 174.2 133.7 307.2 53.3 110.6 248.1 319.9 537.3 134.0 436.2 383.3 138.3 479.2 490.1 168.3 470.9 116.9 411.7 518.8 447.9 160.2 450.6 390.3 308.7 202.0 211.9 521.4 69.1 232.9 53.4 395.8 509.0 161.7 324.2 196.0 194.4 129.6 0.0 315.7 44.9 177.2 150.2 111.3 147.9 153.1 363.1 308.9 26.4 377.8 472.0 219.7 242.5 277.9 278.1 179.1 204.6 234.7 210.4 388.6 346.1 342.6 297.4 151.9 369.4 466.8 168.8 131.8
1669.2 321.6 293.4 352.6 134.8 303.1 179.1 204.9 163.3 304.4 293.4 267.9 301.1 218.4 47.2 273.2 284.0 275.7 212.9 389.0 29.7 25.3 186.0 235.3 105.8 221.7 129.9 457.5 235.4 227.5 454.1 245.2 103.9 225.0 349.0 154.1 345.2 280.5 454.2 136.2 269.7 244.9 453.8 259.5 288.3 326.2 65.7 136.3 294.0 209.4 187.2 317.9 249.5 113.1 88.2 503.3 206.7 422.2 347.1 257.8 457.0 456.1 270.3 457.8 249.0 291.7 484.8 433.9 235.6 437.2 270.6 8.0 231.2 192.5 480.3 269.6 352.4 285.8 276.1 460.6 257.9 119.9 237.2 157.4 207.7 324.3 0.0 342.6 309.3 252.2 243.4 280.0 238.3 243.1 170.9 310.9 364.4 453.5 132.6 120.0 53.2 92.4 295.9 165.6 117.1 310.8 250.6 226.1 222.9 19.6 143.5 232.0 453.4 270.8 217.0
1538.1 210.7 75.1 58.7 304.9 271.5 173.0 142.4 212.4 10.5 0.4 98.2 130.0 228.3 234.7 78.4 359.0 111.4 103.3 391.7 231.9 235.9 163.6 203.7 225.8 73.0 119.9 420.9 145.4 104.6 422.5 227.9 223.9 78.0 365.8 240.9 282.4 173.3 443.2 211.2 158.8 319.9 442.8 89.8 177.4 317.7 186.9 160.4 183.1 88.7 262.2 24.0 109.2 203.1 258.3 492.3 89.0 391.2 338.6 146.9 426.0 445.1 176.9 426.2 71.9 366.7 473.8 402.9 115.2 405.6 345.6 264.0 210.6 166.9 469.3 24.1 241.5 8.0 351.1 449.6 117.0 290.0 200.7 138.6 139.6 30.4 270.7 0.0 132.2 158.8 66.3 102.9 115.4 318.1 263.9 17.0 332.8 422.5 174.7 197.5 233.2 222.6 187.7 159.6 178.9 217.4 343.6 301.1 297.9 252.4 106.9 324.4 421.8 177.4 86.4
1527.0 305.9 163.0 146.6 339.5 306.1 192.4 218.2 247.0 116.4 111.3 186.1 174.7 262.9 269.3 160.8 405.2 199.3 144.6 444.3 266.5 270.5 199.3 238.3 260.4 125.6 154.5 479.1 240.6 139.2 457.1 258.5 258.5 112.6 418.4 293.3 370.0 268.5 495.8 257.4 254.0 366.1 495.4 177.7 272.6 370.3 221.5 195.0 278.3 138.0 308.4 111.9 181.2 237.7 292.9 544.9 141.6 443.8 391.2 242.1 478.6 497.7 275.5 460.8 89.0 412.9 526.4 455.5 167.8 440.2 391.8 298.6 244.5 203.7 521.9 135.1 336.7 118.9 397.3 502.2 155.7 324.6 250.5 173.2 245.5 136.3 305.3 136.6 0.0 264.7 94.5 125.5 150.0 364.3 310.1 122.9 367.4 475.1 209.3 232.1 263.3 257.2 282.9 203.3 213.5 323.3 374.1 347.3 344.1 287.0 141.5 354.9 456.4 283.3 121.0
1657.1 112.9 120.6 189.9 255.0 239.2 99.3 72.8 201.2 177.2 188.6 149.0 118.0 178.0 237.8 135.0 311.0 142.6 154.8 398.0 299.7 295.3 88.0 153.4 237.3 210.0 182.9 432.8 64.6 169.4 390.2 85.5 235.4 166.9 328.9 285.4 177.0 30.1 449.5 233.5 61.0 271.9 449.1 156.4 73.8 280.8 249.9 223.4 68.1 222.4 254.3 171.7 168.1 209.9 247.1 498.6 226.0 397.5 301.7 87.0 432.3 451.4 19.9 393.9 190.9 318.7 480.1 409.2 252.2 373.3 297.6 267.1 51.7 232.1 475.6 212.4 143.7 196.2 303.1 455.9 254.0 269.9 64.0 127.4 75.6 166.1 275.1 186.8 251.2 0.0 185.3 221.9 180.2 270.1 292.3 169.7 300.5 428.8 237.7 204.3 231.8 211.4 63.5 252.7 167.7 78.4 289.2 293.2 249.9 255.5 169.9 270.0 389.5 38.4 158.9
1471.7 240.3 130.5 130.7 244.9 211.5 97.8 123.6 152.4 82.5 71.5 105.0 138.2 168.3 174.7 110.3 310.6 112.8 50.0 349.7 171.9 175.9 104.7 143.7 165.8 31.0 59.9 384.5 154.1 44.6 362.5 163.9 163.9 18.0 323.8 198.7 253.6 199.2 401.2 162.8 188.4 271.5 400.8 96.6 207.0 275.7 126.9 100.4 212.7 43.4 213.8 96.0 86.6 143.1 198.3 450.3 47.0 349.2 296.6 176.5 384.0 403.1 189.0 366.2 5.5 318.3 431.8 360.9 73.2 345.6 297.2 204.0 149.9 109.1 427.3 47.7 271.1 63.9 302.7 407.6 75.0 230.0 155.9 78.6 126.4 102.4 210.7 120.7 65.8 170.9 0.0 36.5 55.4 269.7 215.5 89.0 272.8 380.5 114.7 137.5 168.7 162.6 214.6 108.7 118.9 229.5 279.5 252.7 249.5 192.4 46.9 260.3 361.8 189.5 26.4
1496.2 299.6 164.0 147.6 295.0 261.6 147.9 173.7 202.5 99.4 88.4 155.1 143.6 194.2 224.8 167.3 360.7 162.9 100.1 410.1 222.0 226.0 154.8 193.8 215.9 91.4 110.0 444.9 200.1 94.7 412.6 214.0 214.0 68.1 384.2 248.8 311.3 262.2 461.6 212.9 247.7 321.6 461.2 146.7 266.3 336.1 177.0 150.3 272.0 107.1 263.9 112.9 136.7 193.2 248.4 510.7 107.4 409.6 357.0 235.8 452.6 463.5 265.8 416.3 44.5 368.4 492.2 421.3 133.6 395.7 347.3 254.1 200.0 159.2 494.8 64.6 330.4 80.8 352.8 482.7 93.2 280.1 221.9 128.7 176.5 119.1 260.8 88.8 90.3 247.7 50.0 0.0 105.5 319.8 265.6 105.9 322.9 440.9 164.8 187.6 223.3 212.4 276.6 169.1 169.0 306.3 329.6 302.8 299.6 242.5 97.0 310.4 411.9 266.3 76.5
1526.4 254.4 144.6 159.0 259.0 225.6 111.9 137.7 166.5 110.8 99.8 119.1 152.3 182.4 188.8 124.4 324.7 126.9 64.1 368.5 186.0 190.0 118.8 157.8 179.9 79.3 74.0 403.3 168.2 13.2 376.6 178.0 178.0 36.2 389.7 212.8 267.7 213.3 420.0 176.9 202.5 285.6 419.6 110.7 221.1 294.5 141.0 114.5 226.8 91.7 227.9 124.3 100.7 157.2 212.4 469.1 95.3 368.0 315.4 190.6 402.8 421.9 203.1 380.3 60.2 332.4 450.6 379.7 121.5 359.7 311.3 218.1 164.0 123.2 446.1 76.0 285.2 92.2 316.8 426.4 123.3 244.1 170.0 92.7 140.5 130.7 224.8 149.0 120.5 185.0 54.6 91.2 0.0 283.8 229.6 117.3 286.9 399.3 128.8 151.6 182.8 176.7 228.7 143.8 133.0 243.6 293.6 266.8 263.6 206.5 61.0 274.4 375.9 203.6 40.5
1596.2 251.0 294.4 348.8 223.8 207.7 198.1 223.9 273.2 300.6 289.6 268.9 302.1 131.2 202.0 274.2 142.2 276.7 213.9 333.1 249.8 245.4 205.0 167.4 240.8 239.6 193.1 333.7 254.4 228.5 358.7 236.1 238.9 226.0 225.2 160.4 231.8 269.1 330.4 108.5 245.7 121.1 330.0 260.5 254.4 202.4 206.0 155.8 248.7 227.3 129.3 314.1 250.5 219.0 177.2 379.5 224.6 298.4 223.3 258.7 333.2 332.3 258.9 362.4 250.0 149.9 361.0 310.1 253.5 341.8 128.8 235.0 250.2 255.7 356.5 265.8 253.6 282.0 152.3 336.8 275.8 208.9 200.8 204.5 226.7 320.5 243.0 338.8 310.3 254.8 244.4 281.0 239.3 0.0 177.2 307.1 269.0 329.7 213.8 225.9 208.0 163.4 244.1 164.6 205.0 233.1 182.2 168.2 99.1 223.4 206.7 163.0 358.0 237.7 218.0
1526.6 376.2 338.9 322.5 157.8 269.8 233.7 259.5 207.2 274.3 263.3 314.8 344.4 280.0 136.0 320.1 204.3 322.6 259.8 238.2 183.8 179.4 240.6 279.6 174.8 191.6 145.1 273.0 290.0 254.4 420.8 299.8 172.9 227.8 269.3 22.0 301.5 335.1 289.7 56.5 324.3 165.2 289.3 306.4 342.9 246.5 158.0 107.8 348.6 176.9 107.5 287.8 296.4 153.0 112.8 338.8 176.6 237.7 267.4 312.4 272.5 291.6 324.9 424.5 241.7 212.0 320.3 249.4 205.5 318.5 190.9 169.0 285.8 207.7 322.9 239.5 315.7 255.2 196.4 296.1 227.8 121.3 307.7 214.5 260.4 294.0 177.0 263.7 302.0 306.8 236.1 272.7 265.2 163.4 0.0 280.8 237.8 273.5 165.8 159.9 137.5 97.4 350.5 107.4 139.0 365.4 79.6 146.4 143.2 157.4 158.7 60.4 287.9 325.4 236.2
1556.6 193.6 88.5 37.3 323.4 290.0 155.9 125.3 230.9 7.5 18.8 111.6 143.4 222.6 253.2 61.3 377.5 124.8 116.7 410.2 250.4 254.4 146.5 222.2 244.3 91.5 138.4 445.0 128.3 123.1 441.0 210.8 242.4 96.5 384.3 265.6 257.7 156.2 461.7 229.7 141.7 338.4 461.3 103.2 160.3 336.2 205.4 178.7 166.0 107.2 280.7 37.4 122.6 221.6 282.6 510.8 107.5 409.7 357.1 129.8 452.7 463.6 159.8 444.7 90.4 385.2 492.3 421.4 133.7 424.1 364.1 282.5 193.5 185.4 494.9 42.6 224.4 26.4 369.6 482.8 135.5 308.5 187.5 157.1 121.1 13.1 289.2 18.4 150.7 141.7 84.8 121.4 133.9 336.6 282.4 0.0 351.3 441.0 193.2 216.0 251.7 240.8 170.6 169.2 197.4 200.3 362.1 319.6 316.4 270.9 125.4 342.9 440.3 160.3 104.9
1587.1 351.2 394.6 444.0 306.0 307.9 298.3 324.1 355.4 395.8 384.8 369.1 402.3 231.4 284.2 374.4 177.1 376.9 314.1 332.9 332.0 327.6 305.2 267.6 323.0 313.1 275.3 333.5 354.6 328.7 268.5 336.3 321.1 349.3 187.7 242.6 332.0 369.3 330.2 190.7 345.9 160.4 329.8 360.7 354.6 164.9 288.2 238.0 348.9 300.8 211.5 409.3 350.7 301.2 259.4 379.3 298.1 298.2 185.8 358.9 333.0 332.1 359.1 272.2 363.2 105.1 360.8 309.9 327.0 176.0 129.1 317.2 350.4 337.9 356.3 361.0 353.8 377.2 191.6 336.6 349.3 291.1 301.0 344.7 326.9 415.7 325.2 434.0 423.5 355.0 357.6 394.2 339.5 208.0 259.4 402.3 0.0 329.5 296.0 308.1 290.2 245.6 344.3 246.8 287.2 333.3 219.0 250.4 107.3 305.6 288.9 200.4 88.9 337.9 357.7
1592.3 480.8 528.4 540.8 467.0 441.7 432.1 453.7 516.4 492.6 481.6 498.7 486.3 397.6 445.2 504.0 372.0 506.5 443.7 249.2 439.1 443.1 434.8 401.4 433.0 409.9 381.2 96.5 480.1 458.3 592.7 465.9 431.1 446.1 320.8 347.8 469.2 498.9 232.7 355.9 475.5 321.4 228.1 490.3 488.4 272.7 394.1 344.1 482.7 395.2 372.5 506.1 480.3 462.2 426.2 281.8 394.9 52.7 289.4 488.5 79.6 230.4 488.7 592.2 460.0 379.7 259.1 78.5 423.8 402.4 362.8 482.4 480.0 444.8 261.7 457.8 483.4 473.5 352.6 234.9 450.3 430.5 440.3 434.3 457.9 512.3 486.2 482.0 520.3 484.6 454.4 491.0 469.1 311.6 329.9 499.1 365.0 0.0 401.9 469.1 450.9 406.9 473.9 361.5 448.2 464.5 322.6 411.4 272.5 466.6 394.8 304.0 415.1 467.5 447.8
1586.2 298.0 269.8 288.5 212.6 269.2 155.5 181.3 158.2 240.3 229.3 244.3 277.5 226.0 109.6 249.6 263.5 252.1 189.3 307.3 106.8 110.8 162.4 201.4 100.7 157.6 66.9 342.1 211.8 203.9 420.2 221.6 98.8 193.8 328.5 151.6 311.3 256.9 358.8 115.7 246.1 224.4 358.4 235.9 264.7 233.3 61.8 53.3 270.4 145.3 166.7 253.8 225.9 136.4 166.0 407.9 142.6 306.8 254.2 234.2 341.6 360.7 246.7 423.9 207.7 271.2 389.4 318.5 171.5 381.7 250.1 138.9 207.6 129.5 384.9 205.5 328.8 221.7 255.6 365.2 193.8 197.7 213.6 136.3 184.1 260.2 145.6 278.5 268.0 228.6 202.1 238.7 214.7 222.6 168.4 246.8 330.5 338.1 0.0 143.3 103.6 130.3 272.3 82.6 140.4 287.2 248.1 205.6 202.4 127.3 80.5 228.9 351.1 247.2 202.2
1630.6 259.6 208.8 263.2 147.3 183.0 117.1 142.9 123.3 215.0 204.0 183.3 216.5 98.3 73.4 188.6 278.5 191.1 128.3 359.8 136.1 131.7 124.0 115.2 72.9 183.5 126.3 394.6 173.4 142.9 334.0 183.2 71.0 140.4 343.5 148.6 225.1 218.5 448.7 130.7 207.7 239.4 448.3 174.9 226.3 320.7 115.4 132.7 232.0 205.8 181.7 228.5 164.9 5.5 100.7 497.8 203.1 359.3 341.6 195.8 394.1 450.6 208.3 337.7 164.4 286.2 479.3 371.0 232.0 317.1 265.1 102.7 169.2 188.9 474.8 180.2 290.4 196.4 270.6 455.1 254.3 132.4 175.2 95.4 145.7 234.9 110.7 253.2 224.7 190.2 158.8 195.4 153.7 237.6 165.4 221.5 244.3 390.6 129.0 0.0 67.4 65.0 233.9 162.0 55.1 248.8 245.1 220.6 217.4 91.1 139.9 225.9 333.3 208.8 132.4
1649.7 272.8 244.6 299.0 105.3 254.3 130.3 156.1 114.5 250.8 239.8 219.1 206.7 169.6 1.5 224.4 254.5 226.9 164.1 359.5 64.1 59.7 137.2 186.5 57.0 202.2 110.4 428.0 186.6 178.7 405.3 196.4 55.1 176.2 319.5 124.6 296.4 231.7 424.7 106.7 220.9 215.4 424.3 210.7 239.5 296.7 99.5 116.8 245.2 187.5 157.7 264.3 200.7 64.3 64.5 473.8 187.2 392.7 317.6 209.0 427.5 426.6 221.5 409.0 200.2 262.2 455.3 404.4 216.1 388.4 241.1 30.7 182.4 173.0 457.9 216.0 303.6 232.2 246.6 431.1 238.4 90.4 204.3 108.6 160.3 270.7 38.7 240.2 260.5 203.4 194.6 231.2 189.5 213.6 141.4 257.3 315.6 428.5 113.1 71.2 0.0 57.9 247.1 136.9 68.3 262.0 221.1 196.6 193.4 19.1 124.0 201.9 404.6 222.0 168.2
1624.2 246.0 217.8 272.2 82.2 234.9 103.2 129.3 109.4 224.0 213.0 192.3 179.9 167.8 40.4 197.6 213.4 200.1 137.3 318.7 88.2 83.8 110.1 167.1 77.0 180.7 130.7 381.3 155.7 151.9 385.9 169.6 75.4 149.4 278.4 77.3 284.9 204.9 383.9 65.9 194.1 174.3 383.2 183.9 212.4 255.9 119.8 97.1 218.1 166.0 116.6 237.5 173.9 55.5 41.4 432.7 165.7 351.6 276.5 182.2 394.6 385.5 194.7 389.9 173.4 221.1 414.2 363.3 194.6 369.3 200.0 73.7 155.6 193.3 416.8 189.2 276.8 204.9 205.8 390.0 217.2 45.7 177.5 81.8 133.5 243.7 81.4 213.4 233.7 176.6 167.8 204.1 162.7 172.5 100.6 230.5 296.5 387.4 133.4 62.4 41.9 0.0 220.3 96.5 41.5 236.8 180.0 155.5 152.3 61.8 144.3 160.8 385.5 195.2 141.4
1681.0 66.4 144.3 213.6 258.3 242.5 133.7 90.7 225.1 200.9 212.3 172.7 141.7 181.3 261.7 158.7 314.3 166.3 178.7 401.3 323.6 319.2 111.9 156.7 261.2 233.9 206.8 436.1 88.3 193.3 393.5 74.2 259.3 190.8 332.2 288.7 130.5 71.8 452.8 236.8 38.9 275.2 452.4 180.1 10.3 284.1 273.8 247.3 4.6 246.3 257.6 195.4 191.8 237.2 278.4 501.9 249.9 400.8 305.0 51.9 435.6 454.7 61.6 397.2 214.8 322.0 483.4 412.5 276.1 376.6 300.9 291.0 110.0 256.0 478.9 236.1 97.2 219.9 306.4 459.2 277.9 273.2 70.7 151.3 87.9 189.8 299.0 210.5 275.1 63.5 209.2 245.8 204.1 273.4 295.6 193.4 303.8 432.1 261.6 231.6 255.7 235.3 0.0 292.9 191.6 81.7 292.5 296.5 253.2 279.4 193.8 273.3 392.8 23.7 182.8
1523.5 302.0 227.3 210.9 170.8 273.2 155.5 185.3 176.2 162.7 151.7 203.2 236.4 192.3 131.6 208.5 203.3 211.0 148.2 261.1 128.8 132.8 162.4 201.4 118.7 80.0 70.9 299.9 215.8 142.8 424.2 225.6 120.8 116.2 264.3 91.4 292.9 260.9 369.5 51.5 250.1 164.2 373.1 194.8 264.7 241.5 83.8 33.6 274.4 67.7 106.5 176.2 179.7 158.4 128.2 418.6 65.0 264.6 262.4 238.2 299.4 375.4 250.7 423.9 130.1 211.0 404.1 276.3 93.9 339.5 185.9 160.9 211.6 114.9 399.6 127.9 332.8 144.1 200.3 384.8 111.1 159.9 217.6 140.3 188.1 182.6 167.6 147.0 190.4 232.6 124.5 161.1 153.6 162.4 104.2 169.2 258.8 295.9 91.6 165.3 130.1 114.4 276.3 0.0 156.0 291.2 187.9 145.4 138.2 149.3 84.5 164.7 308.9 251.2 124.6
1598.0 204.4 176.2 230.6 125.9 193.6 61.9 87.7 68.1 182.4 171.4 150.7 183.9 150.4 70.0 156.0 257.1 158.5 95.7 362.1 131.9 127.5 68.8 125.8 69.5 150.9 122.9 430.6 118.2 110.3 344.6 128.0 67.6 107.8 322.1 127.2 235.7 163.3 427.3 109.3 152.5 218.0 426.9 142.3 171.1 299.3 112.0 129.3 176.8 163.3 160.3 195.9 132.3 67.7 79.3 476.4 166.9 395.3 320.2 140.6 430.1 429.2 153.1 348.3 131.8 264.8 457.9 407.0 228.6 327.7 243.7 99.3 114.0 185.5 453.4 147.6 235.2 163.8 249.2 433.7 194.9 111.0 120.0 40.2 90.5 202.3 107.3 220.6 192.1 135.0 126.2 162.8 121.1 216.2 144.0 188.9 254.9 426.6 125.6 74.6 64.0 43.6 178.7 149.4 0.0 193.6 223.7 199.2 196.0 87.7 136.5 204.5 343.9 153.6 99.8
1607.9 163.3 209.2 274.3 176.5 160.7 121.5 92.3 202.2 226.1 215.1 194.4 182.0 75.3 223.3 199.7 232.5 202.2 139.4 317.9 291.7 287.3 107.5 73.3 221.2 194.6 167.5 348.7 118.7 154.0 310.1 66.1 220.9 151.5 248.8 200.7 92.1 120.3 369.4 153.4 151.2 193.4 370.6 186.0 105.5 200.7 234.5 202.5 99.8 210.3 175.8 239.6 174.4 155.4 195.0 418.5 210.6 319.0 221.6 145.2 362.0 372.9 110.1 313.8 175.5 240.2 401.6 330.7 236.8 294.8 217.5 251.0 89.2 216.7 404.2 191.3 111.5 207.0 224.6 390.5 238.6 186.5 45.8 130.0 96.5 245.8 260.6 213.9 235.8 90.1 169.9 204.9 164.8 191.6 212.2 232.6 222.0 354.8 222.3 149.8 220.2 210.2 96.8 201.9 170.3 0.0 210.7 214.7 169.8 241.0 154.5 192.1 311.0 73.0 143.5
1533.0 445.4 408.1 391.7 227.0 339.0 302.9 328.7 276.4 343.5 332.5 384.0 417.2 262.5 205.2 389.3 273.5 391.8 329.0 244.6 253.0 248.6 309.8 348.8 244.0 260.8 214.3 279.4 359.2 323.6 490.0 369.0 242.1 297.0 224.6 85.0 363.1 404.3 296.1 125.7 393.5 234.4 295.7 375.6 412.1 176.5 227.2 177.0 417.8 248.5 176.7 357.0 365.6 222.2 180.4 345.2 245.8 244.1 197.4 381.6 278.9 298.0 394.1 493.7 310.9 281.2 326.7 255.8 274.7 324.9 260.1 238.2 355.0 276.9 322.2 308.7 384.9 324.9 265.6 302.5 297.0 212.1 361.0 283.7 331.5 363.4 246.2 381.7 371.2 376.0 305.3 341.9 334.4 232.6 69.1 350.0 244.2 275.4 235.0 229.1 211.2 166.6 419.7 185.8 208.2 434.6 0.0 215.6 212.4 226.6 227.9 18.5 294.3 394.6 305.4
1654.3 436.4 399.1 382.7 236.0 283.8 293.9 319.7 285.4 334.5 323.5 375.0 408.2 207.3 214.2 380.3 218.3 382.8 320.0 323.3 262.0 257.6 300.8 339.8 253.0 251.8 205.3 391.8 350.2 314.6 434.8 360.0 251.1 288.0 283.3 172.6 307.9 395.3 388.5 120.7 384.5 179.2 388.1 366.6 403.1 260.5 218.2 168.0 324.8 239.5 58.0 348.0 356.6 231.2 189.4 437.6 236.8 356.5 281.4 372.6 391.3 390.4 385.1 438.5 301.9 226.0 419.1 368.2 265.7 359.0 204.9 247.2 346.0 267.9 414.6 299.7 329.7 315.9 210.4 394.9 288.0 221.1 276.9 274.7 322.5 354.4 255.2 372.7 362.2 367.0 296.3 332.9 325.4 177.4 189.4 341.0 278.3 387.8 226.0 238.1 220.2 175.6 320.2 176.8 217.2 425.6 214.5 0.0 157.2 235.6 218.9 195.3 328.4 385.6 296.4
1497.0 243.8 287.2 345.3 198.6 200.5 190.9 216.7 248.0 297.1 286.1 261.7 249.3 160.6 176.8 267.0 135.0 269.5 206.7 233.9 224.6 220.2 197.8 160.2 215.6 214.4 167.9 234.5 243.1 221.3 351.5 228.9 213.7 250.6 126.0 129.0 224.6 261.9 231.2 83.3 238.5 53.0 230.8 253.3 247.2 103.2 180.8 130.6 241.5 202.1 104.1 310.6 243.3 193.8 152.0 280.3 199.4 199.2 124.1 251.5 234.0 233.1 251.7 355.2 264.5 142.7 261.8 210.9 228.3 201.7 121.6 209.8 243.0 230.5 264.4 262.3 246.4 278.5 84.2 237.6 250.6 162.1 193.6 237.3 217.6 316.8 217.8 286.5 324.8 247.6 258.9 295.5 232.1 146.3 152.0 303.6 121.0 235.0 188.6 200.7 178.3 138.2 236.9 130.2 179.8 225.9 157.0 143.0 0.0 198.2 181.5 137.8 171.1 230.5 210.8
1675.2 302.0 273.8 328.2 115.2 283.5 159.5 185.3 143.7 280.0 269.0 248.3 281.5 198.8 27.6 253.6 264.4 256.1 193.3 369.4 49.3 44.9 166.4 215.7 86.2 231.4 139.6 437.9 215.8 207.9 434.5 225.6 84.3 205.4 329.4 134.5 325.6 260.9 434.6 116.6 250.1 225.3 434.2 239.9 268.7 306.6 85.3 146.0 274.4 219.1 167.6 293.5 229.9 93.5 68.6 483.7 216.4 402.6 327.5 238.2 437.4 436.5 250.7 438.2 229.4 272.1 465.2 414.3 245.3 417.6 251.0 11.5 211.6 202.2 460.7 245.2 332.8 261.4 256.5 441.0 267.6 100.3 217.6 137.8 188.1 299.9 19.6 318.2 289.7 232.6 223.8 260.4 218.7 223.5 151.3 286.5 344.8 433.9 142.3 100.4 33.6 72.8 276.3 156.7 97.5 291.2 231.0 206.5 203.3 0.0 153.2 211.8 433.8 251.2 197.4
1585.7 217.4 189.2 222.2 222.0 188.6 74.9 100.7 129.5 174.0 163.0 163.7 196.9 145.4 127.7 169.0 263.6 171.5 108.7 307.4 124.9 128.9 81.8 120.8 118.8 91.3 12.9 342.2 131.2 123.3 339.6 141.0 116.9 127.5 328.6 151.7 230.7 176.3 358.9 115.8 165.5 224.5 358.5 155.3 184.1 233.4 79.9 53.4 189.8 79.0 166.8 187.5 145.3 120.2 175.4 408.0 76.3 306.9 254.3 153.6 341.7 360.8 166.1 343.3 141.4 271.3 389.5 318.6 105.2 322.7 250.2 157.0 127.0 62.1 385.0 139.2 248.2 155.4 255.7 365.3 127.5 207.1 133.0 55.7 103.5 193.9 163.7 212.2 201.7 148.0 135.8 172.4 134.1 222.7 168.5 180.5 249.9 338.2 67.7 114.6 121.7 139.7 191.7 82.7 96.0 206.6 248.2 205.7 202.5 145.4 0.0 229.6 338.9 166.6 135.9
1513.8 426.8 388.9 372.5 208.4 320.4 283.7 309.5 257.2 324.3 313.3 364.8 352.4 330.0 186.6 370.1 254.3 372.6 309.8 225.4 233.8 229.4 290.6 329.6 224.8 241.6 195.1 260.2 336.5 304.4 470.8 349.8 222.9 277.8 205.4 72.0 344.5 385.1 276.9 106.5 374.9 215.8 276.5 356.4 392.9 157.3 208.0 158.6 398.6 229.9 157.5 337.8 346.4 203.0 161.2 326.6 226.6 224.9 178.8 362.4 267.9 278.8 374.9 474.5 291.7 262.0 307.5 236.6 256.1 305.7 240.9 219.0 336.4 257.7 310.7 289.5 365.7 305.7 246.4 298.0 278.4 192.9 357.7 264.5 312.9 344.2 227.0 313.7 352.0 356.8 286.1 322.7 315.8 213.4 49.9 330.8 225.0 256.2 216.4 209.9 187.5 148.0 400.5 161.5 189.0 416.0 18.5 196.4 193.2 208.0 208.7 0.0 275.7 376.0 286.2
1624.8 380.0 423.4 472.8 334.8 336.7 327.1 352.9 384.2 424.6 413.6 397.9 431.1 260.2 313.0 403.2 109.0 405.7 342.9 361.7 360.8 356.4 334.0 296.4 351.8 341.9 304.1 362.3 383.4 357.5 330.4 365.1 349.9 378.1 216.5 271.4 360.8 398.1 359.0 219.5 374.7 189.2 358.6 389.5 383.4 193.7 317.0 266.8 377.7 329.6 240.3 438.1 379.5 330.0 288.2 408.1 326.9 327.0 214.6 387.7 361.8 360.9 387.9 334.1 392.0 37.0 389.6 338.7 355.8 237.9 61.0 346.0 379.2 366.7 385.1 389.8 382.6 406.0 220.4 365.4 378.1 319.9 329.8 373.5 355.7 444.5 354.0 462.8 452.3 383.8 386.4 423.0 368.3 236.8 288.2 431.1 87.6 358.3 324.8 336.9 319.0 274.4 373.1 275.6 316.0 362.1 247.8 279.2 136.1 334.4 317.7 228.6 0.0 366.7 386.5
1673.6 90.2 139.2 208.5 233.2 217.4 109.9 89.3 217.7 195.8 207.2 167.6 136.6 156.2 254.3 153.6 289.2 161.2 171.3 376.2 316.2 311.8 116.8 131.6 253.8 226.5 199.4 411.0 83.2 185.9 368.4 50.4 251.9 183.4 307.1 263.6 154.3 66.7 427.7 211.7 97.6 250.1 427.3 175.0 34.0 259.0 266.4 259.0 28.3 238.9 232.5 190.3 186.7 212.1 253.3 476.8 242.5 375.7 279.9 105.6 410.5 429.6 56.5 372.1 207.4 296.9 458.3 387.4 268.7 351.5 275.8 283.6 86.2 248.6 453.8 231.0 121.0 214.8 281.3 434.1 270.5 248.1 46.9 143.9 92.1 184.7 291.6 205.4 267.7 58.4 201.8 238.4 196.7 248.3 270.5 188.3 278.7 407.0 254.2 206.5 248.3 227.9 23.7 267.8 184.2 56.6 267.4 271.4 228.1 272.0 186.4 248.2 367.7 0.0 175.4
1498.1 213.8 104.0 130.7 218.4 185.0 71.3 97.1 125.9 82.5 71.5 78.5 111.7 141.8 148.2 83.8 284.1 86.3 23.5 327.9 145.4 149.4 78.2 117.2 139.3 51.0 33.4 362.7 127.6 10.4 336.0 137.4 137.4 7.9 349.1 172.2 227.1 172.7 379.4 136.3 161.9 245.0 379.0 70.1 180.5 253.9 100.4 73.9 186.2 63.4 187.3 96.0 60.1 116.6 171.8 428.5 67.0 327.4 274.8 150.0 362.2 381.3 162.5 339.7 31.9 291.8 410.0 339.1 93.2 319.1 270.7 177.5 123.4 82.6 405.5 47.7 244.6 63.9 276.2 385.8 95.0 203.5 129.4 52.1 99.9 102.4 184.2 120.7 92.2 144.4 26.3 62.9 21.2 243.2 189.0 89.0 246.3 358.7 88.2 111.0 142.2 136.1 188.1 103.2 92.4 203.0 253.0 226.2 223.0 165.9 20.4 233.8 335.3 163.0 0.0
