Name		2258_BED-Amazon_n90_m221_bt30
Number_of_Customers	90
Number_of_Items		221
Number_of_ItemTypes	30
Number_of_Vehicles	1
TimeWindows		0
Dist_type	manual

VEHICLE
Mass_Capacity	2071
CargoSpace_Length	174
CargoSpace_Width	61
CargoSpace_Height	84

CUSTOMERS
i	x	y	Demand	ReadyTime	DueDate	ServiceTime	DemandedMass	DemandedVolume
0	41.840375	-87.683736	0	0	0	0	0	0
1	41.942199	-87.717265	2	0	0	0	9.43	11380
2	41.93924	-87.716403	2	0	0	0	4.4	5154
3	41.944984	-87.720001	1	0	0	0	2.6	10400
4	41.92537	-87.710782	2	0	0	0	7.2	5358
5	41.935835	-87.714722	3	0	0	0	10.45	13528
6	41.946471	-87.721619	4	0	0	0	13.35	20440
7	41.932186	-87.712847	1	0	0	0	4.7	1380
8	41.939226	-87.717889	2	0	0	0	4.91	6720
9	41.92859	-87.710865	1	0	0	0	0.7	2640
10	41.93521	-87.715397	2	0	0	0	11.3	3936
11	41.938505	-87.714877	1	0	0	0	4.7	1380
12	41.945558	-87.721608	2	0	0	0	3.71	8184
13	41.938313	-87.710014	2	0	0	0	6.6	2556
14	41.94046	-87.716228	2	0	0	0	8.0	6280
15	41.937506	-87.709637	1	0	0	0	4.7	1380
16	41.934361	-87.716081	1	0	0	0	4.7	1380
17	41.930153	-87.711744	1	0	0	0	4.7	1380
18	41.947362	-87.723655	1	0	0	0	0.7	2640
19	41.94555	-87.723015	2	0	0	0	9.0	3540
20	41.943545	-87.722416	3	0	0	0	10.2	10220
21	41.936962	-87.716117	1	0	0	0	4.7	1380
22	41.938555	-87.711226	3	0	0	0	13.3	8448
23	41.93373	-87.714998	1	0	0	0	3.82	7600
24	41.9402	-87.714214	3	0	0	0	14.5	8998
25	41.94258	-87.721171	1	0	0	0	2.5	3978
26	41.93841	-87.716162	2	0	0	0	9.99	9455
27	41.926479	-87.711615	1	0	0	0	0.7	2640
28	41.937476	-87.712732	2	0	0	0	10.1	5400
29	41.925895	-87.709319	1	0	0	0	1.9	1176
30	41.93569	-87.716438	3	0	0	0	16.62	13704
31	41.947744	-87.722549	1	0	0	0	4.7	1380
32	41.942384	-87.718722	1	0	0	0	7.3	3640
33	41.938331	-87.719656	4	0	0	0	20.24	25662
34	41.938302	-87.712448	2	0	0	0	14.2	8960
35	41.927033	-87.710806	5	0	0	0	30.49	31603
36	41.941932	-87.71626	1	0	0	0	2.5	3978
37	41.939532	-87.716199	2	0	0	0	2.5	5160
38	41.939257	-87.714549	4	0	0	0	9.05	9804
39	41.926723	-87.709334	2	0	0	0	11.15	7368
40	41.927207	-87.709347	1	0	0	0	1.55	8704
41	41.945571	-87.719593	2	0	0	0	5.4	4020
42	41.94105	-87.71785	1	0	0	0	0.7	2640
43	41.939848	-87.718644	5	0	0	0	14.63	31280
44	41.943891	-87.721209	2	0	0	0	7.26	24700
45	41.938836	-87.710035	1	0	0	0	1.9	1176
46	41.941679	-87.71748	1	0	0	0	0.7	2640
47	41.927672	-87.710833	4	0	0	0	9.49	12580
48	41.942827	-87.720824	1	0	0	0	0.7	2640
49	41.936627	-87.717305	2	0	0	0	7.71	6924
50	41.943506	-87.718758	1	0	0	0	0.7	2640
51	41.927759	-87.709362	2	0	0	0	15.5	9420
52	41.932955	-87.713452	4	0	0	0	15.85	19261
53	41.93423	-87.713528	2	0	0	0	5.75	6120
54	41.927002	-87.712144	2	0	0	0	7.19	9251
55	41.944646	-87.720839	4	0	0	0	15.69	16340
56	41.934553	-87.716401	2	0	0	0	6.6	2556
57	41.936337	-87.71116	5	0	0	0	18.75	29772
58	41.928884	-87.709397	5	0	0	0	16.59	26146
59	41.944204	-87.72244	1	0	0	0	3.5	9216
60	41.93884	-87.71372	2	0	0	0	5.4	4020
61	41.937432	-87.720672	1	0	0	0	4.7	1380
62	41.940172	-87.715405	2	0	0	0	8.0	6280
63	41.937147	-87.713305	1	0	0	0	7.3	3640
64	41.942413	-87.717503	1	0	0	0	1.9	1176
65	41.937116	-87.71852	2	0	0	0	6.5	3900
66	41.94267	-87.719946	2	0	0	0	5.09	15984
67	41.93812	-87.718551	1	0	0	0	4.7	1380
68	41.939774	-87.717412	1	0	0	0	4.7	1380
69	41.937845	-87.712425	1	0	0	0	4.7	1380
70	41.93655	-87.718498	1	0	0	0	0.7	2640
71	41.940768	-87.717449	2	0	0	0	5.4	4020
72	41.940752	-87.719899	2	0	0	0	6.85	2460
73	41.947312	-87.721211	3	0	0	0	19.47	34858
74	41.937947	-87.71734	1	0	0	0	3.01	5544
75	41.944487	-87.718777	3	0	0	0	12.6	9378
76	41.928348	-87.70969	2	0	0	0	4.52	11220
77	41.936583	-87.713915	3	0	0	0	13.65	11346
78	41.947811	-87.723863	1	0	0	0	4.7	1380
79	41.931698	-87.711723	5	0	0	0	18.76	30708
80	41.927505	-87.712163	1	0	0	0	1.9	1176
81	41.925655	-87.710782	7	0	0	0	26.04	35184
82	41.943217	-87.721189	3	0	0	0	8.66	13268
83	41.933848	-87.715904	1	0	0	0	4.7	1380
84	41.937173	-87.717315	2	0	0	0	7.28	22848
85	41.933454	-87.71292	4	0	0	0	9.45	6276
86	41.94369	-87.721203	1	0	0	0	1.9	1176
87	41.939219	-87.718268	2	0	0	0	3.2	6618
88	41.9334	-87.714466	2	0	0	0	8.52	8980
89	41.947432	-87.72254	3	0	0	0	14.53	42908
90	41.934907	-87.712816	2	0	0	0	7.71	6924

ITEMS
Type	Length	Width	Height	Mass	Fragility	LoadBearingStrength
Bt1	18	12	5	2.15	1	0
Bt2	21	14	4	1.9	1	0
Bt3	23	15	4	4.7	1	0
Bt4	20	18	7	1.8	1	0
Bt5	15	11	16	0.7	1	0
Bt6	34	10	10	1.59	1	0
Bt7	20	14	13	7.3	1	0
Bt8	17	13	18	2.5	1	0
Bt9	24	12	16	1.75	1	0
Bt10	40	15	9	4.21	1	0
Bt11	28	22	9	3.01	1	0
Bt12	31	20	10	4.8	1	0
Bt13	29	16	14	1.9	1	0
Bt14	26	20	14	2.21	1	0
Bt15	40	19	10	3.82	1	0
Bt16	25	19	17	5.29	1	0
Bt17	29	20	14	3.25	1	0
Bt18	22	15	26	3.816	1	0
Bt19	34	16	16	1.55	1	0
Bt20	28	18	18	2.75	1	0
Bt21	39	19	13	2.1	1	0
Bt22	50	20	10	4.73	1	0
Bt23	40	20	13	2.6	1	0
Bt24	53	20	10	4.67	1	0
Bt25	26	20	24	5.36	1	0
Bt26	26	20	26	2.91	1	0
Bt27	27	23	24	2.94	1	0
Bt28	57	15	20	3.44	1	0
Bt29	60	19	16	5.53	1	0
Bt30	38	37	20	7.568	1	0

DEMANDS PER CUSTOMER
i	Type Quantity
1	Bt22 1	Bt3 1	
2	Bt2 1	Bt8 1	
3	Bt23 1	
4	Bt8 1	Bt3 1	
5	Bt9 1	Bt5 2	Bt7 1	
6	Bt8 2	Bt3 1	Bt13 1	Bt9 1	
7	Bt3 1	
8	Bt2 1	Bt11 1	
9	Bt5 1	
10	Bt2 1	Bt3 2	
11	Bt3 1	
12	Bt5 1	Bt11 1	
13	Bt2 1	Bt3 1	
14	Bt5 1	Bt7 1	
15	Bt3 1	
16	Bt3 1	
17	Bt3 1	
18	Bt5 1	
19	Bt1 2	Bt3 1	
20	Bt3 1	Bt5 1	Bt12 1	
21	Bt3 1	
22	Bt3 2	Bt1 1	Bt9 1	
23	Bt15 1	
24	Bt3 1	Bt8 1	Bt7 1	
25	Bt8 1	
26	Bt3 1	Bt16 1	
27	Bt5 1	
28	Bt5 1	Bt3 2	
29	Bt2 1	
30	Bt3 2	Bt11 1	Bt10 1	
31	Bt3 1	
32	Bt7 1	
33	Bt3 3	Bt8 1	Bt27 1	Bt5 1	
34	Bt3 2	Bt12 1	
35	Bt3 4	Bt5 2	Bt16 1	Bt9 1	Bt17 1	
36	Bt8 1	
37	Bt5 1	Bt4 1	
38	Bt9 1	Bt2 1	Bt5 1	Bt3 1	
39	Bt3 2	Bt9 1	
40	Bt19 1	
41	Bt3 1	Bt5 1	
42	Bt5 1	
43	Bt3 1	Bt5 2	Bt4 1	Bt18 1	Bt26 1	
44	Bt15 1	Bt28 1	
45	Bt2 1	
46	Bt5 1	
47	Bt5 2	Bt3 1	Bt6 1	Bt4 1	
48	Bt5 1	
49	Bt3 1	Bt11 1	
50	Bt5 1	
51	Bt3 3	Bt5 2	
52	Bt9 1	Bt21 1	Bt7 1	Bt3 1	
53	Bt4 2	Bt1 1	
54	Bt2 1	Bt16 1	
55	Bt5 3	Bt6 1	Bt7 1	Bt3 1	
56	Bt2 1	Bt3 1	
57	Bt5 2	Bt3 1	Bt7 1	Bt23 1	Bt20 1	
58	Bt18 1	Bt9 1	Bt8 1	Bt15 1	Bt3 1	
59	Bt9 2	
60	Bt3 1	Bt5 1	
61	Bt3 1	
62	Bt5 1	Bt7 1	
63	Bt7 1	
64	Bt2 1	
65	Bt3 1	Bt4 1	
66	Bt27 1	Bt1 1	
67	Bt3 1	
68	Bt3 1	
69	Bt3 1	
70	Bt5 1	
71	Bt3 1	Bt5 1	
72	Bt3 1	Bt1 1	
73	Bt3 2	Bt8 1	Bt30 1	
74	Bt11 1	
75	Bt3 2	Bt8 1	Bt5 1	
76	Bt5 1	Bt18 1	
77	Bt8 1	Bt9 1	Bt3 2	
78	Bt3 1	
79	Bt5 2	Bt3 1	Bt25 1	Bt9 2	Bt2 2	
80	Bt2 1	
81	Bt2 1	Bt28 1	Bt1 1	Bt3 1	Bt12 1	Bt9 1	Bt7 1	
82	Bt3 1	Bt9 1	Bt14 1	
83	Bt3 1	
84	Bt29 1	Bt9 1	
85	Bt2 1	Bt5 1	Bt3 1	Bt1 1	
86	Bt2 1	
87	Bt8 1	Bt5 1	
88	Bt3 1	Bt15 1	
89	Bt24 2	Bt9 1	Bt28 1	
90	Bt11 1	Bt3 1	

DISTANCE MATRIX
0.0 1853.7 1747.0 1760.3 1882.7 1834.8 1725.6 1801.8 1771.7 1846.5 1871.4 1802.8 1858.1 1809.9 1779.2 1785.6 1855.1 1922.9 1768.7 1847.1 1855.8 1813.9 1694.7 1838.4 1815.2 1897.2 1817.6 1839.4 1733.3 1905.0 1835.4 1775.4 1861.8 1826.5 1704.8 1920.8 1814.5 1754.9 1721.3 1896.6 1906.8 1767.9 1859.8 1801.2 1927.3 1819.8 1836.0 1903.9 1912.6 1836.8 1886.9 1915.8 1824.4 1875.0 1835.5 1786.4 1862.0 1756.9 1822.6 1839.3 1789.3 1918.3 1791.5 1767.5 1821.3 1940.8 1816.5 1853.9 1872.6 1716.3 1927.5 1853.7 1891.5 1733.8 1823.6 1909.6 1817.6 1796.4 1828.9 1851.3 1842.9 1865.7 1909.4 1869.6 1828.7 1841.5 1922.8 1776.4 1831.8 1783.2 1909.4
1708.1 0.0 121.5 325.3 478.5 294.9 305.8 256.5 97.7 429.2 326.9 157.3 280.1 292.2 164.6 267.9 196.1 505.6 338.7 404.7 277.8 167.6 220.4 213.0 200.6 158.6 144.8 439.7 212.7 505.3 201.9 403.5 104.1 152.5 201.3 442.0 199.9 140.3 138.7 496.9 507.1 314.9 52.6 131.8 188.7 302.1 28.8 425.1 174.0 130.3 129.2 518.7 252.7 274.5 380.9 208.4 182.3 277.1 431.1 268.1 245.6 229.8 176.9 227.6 155.2 224.7 198.3 165.4 65.4 209.6 211.4 44.8 115.8 358.5 109.1 151.9 424.6 256.5 398.9 284.0 372.5 472.5 173.7 215.1 122.2 269.8 184.2 102.4 219.6 411.3 308.9
1592.8 113.9 0.0 321.6 390.2 197.0 302.1 224.2 24.6 347.5 235.3 42.0 286.7 201.6 49.3 176.1 170.0 423.9 335.0 340.7 281.4 63.3 98.8 186.9 75.4 150.1 17.5 346.9 104.3 412.5 144.2 399.8 114.7 79.4 89.9 354.0 84.6 25.0 23.6 404.1 414.3 318.5 204.3 66.0 187.5 210.3 180.5 346.1 165.5 107.7 139.8 425.9 240.5 297.4 315.8 226.3 156.2 161.0 387.7 264.4 146.8 185.7 51.7 136.0 165.8 176.9 197.1 121.3 217.1 94.3 185.3 196.5 144.4 362.1 91.0 162.5 337.1 164.9 395.2 236.9 307.4 384.2 172.5 189.0 96.1 257.6 175.7 36.6 193.5 414.9 339.0
1689.7 151.2 218.6 0.0 591.6 408.0 123.5 369.6 210.8 542.3 444.6 260.7 97.7 404.7 268.0 380.4 309.2 618.7 156.3 248.5 95.4 280.7 323.8 326.1 304.0 163.7 248.2 552.8 328.1 618.4 315.0 221.1 217.2 192.6 299.6 555.1 303.3 243.7 242.1 610.0 620.2 132.5 165.7 240.3 189.1 414.6 141.9 538.2 156.4 243.4 119.2 629.2 365.8 387.6 532.6 26.0 303.8 389.6 537.2 78.9 358.7 264.2 280.3 340.7 127.2 337.8 56.1 278.5 178.5 311.1 324.5 159.6 102.9 176.1 222.2 141.9 537.7 369.6 216.5 397.1 524.2 574.6 171.2 328.2 235.3 382.9 184.6 215.5 332.7 228.9 422.0
1747.4 554.5 424.2 617.7 0.0 431.9 583.2 236.3 426.7 168.5 463.9 399.9 688.8 387.0 480.0 362.7 289.6 244.9 626.1 674.7 676.2 408.9 399.9 272.9 516.0 552.2 441.8 99.9 329.7 165.5 376.9 632.8 540.4 477.2 323.4 181.3 515.3 455.7 400.6 157.1 167.3 713.3 607.2 484.4 582.3 396.9 583.4 164.4 567.6 353.8 565.5 178.9 258.9 309.5 96.0 644.7 296.5 371.9 208.6 666.5 386.4 385.2 492.3 364.6 591.5 375.3 591.9 426.7 620.0 318.5 362.0 601.1 570.1 591.2 378.4 588.2 163.9 393.5 686.3 229.0 103.4 137.2 567.3 373.0 365.9 276.0 577.8 431.4 266.3 640.6 351.1
1790.9 346.2 198.0 517.8 347.0 0.0 473.9 148.2 236.4 304.3 32.0 232.6 482.9 307.3 271.7 283.0 87.8 380.7 482.8 457.8 470.3 182.7 303.2 104.7 307.7 323.4 206.4 303.7 227.8 369.3 150.7 572.6 296.6 260.3 261.7 317.1 307.0 247.4 221.7 360.9 371.1 507.4 386.2 236.0 353.5 317.2 362.4 300.2 338.8 131.3 321.7 382.7 144.4 166.2 272.6 400.9 79.6 292.2 322.8 453.8 260.7 168.3 284.0 242.7 347.7 158.4 363.1 182.9 399.0 256.8 145.1 378.4 326.3 526.6 152.2 344.4 293.9 271.6 566.1 175.7 264.2 330.0 338.5 106.8 139.7 161.5 349.0 229.7 111.3 580.4 200.6
1581.8 158.4 231.1 59.1 499.1 321.7 0.0 333.1 218.0 456.4 353.7 289.7 156.9 296.8 270.6 272.5 316.4 532.8 42.8 121.2 154.6 300.8 232.0 369.7 306.6 222.9 304.5 455.8 219.5 521.4 322.3 107.6 224.4 251.8 194.9 469.2 305.9 246.3 210.9 513.0 523.2 66.7 172.9 252.1 248.3 306.7 149.1 452.3 215.6 250.6 178.4 534.8 355.7 406.3 424.7 85.2 302.6 281.7 481.9 144.9 276.2 350.1 282.9 254.4 134.4 345.0 115.3 285.7 185.7 203.2 331.7 166.8 162.1 52.6 229.4 201.1 446.0 283.3 103.0 345.8 416.3 482.1 233.3 335.4 242.5 372.8 243.8 222.7 363.1 115.4 447.9
1629.7 324.4 176.2 496.0 195.2 252.2 452.2 0.0 214.6 152.5 288.8 210.8 450.8 207.3 249.9 183.0 50.9 228.9 461.0 436.0 448.5 160.9 220.2 34.2 285.9 301.6 184.6 151.9 117.1 217.5 128.9 550.8 274.8 238.5 151.5 165.3 285.2 225.6 199.7 209.1 219.3 485.6 364.4 218.8 331.7 217.2 340.6 148.4 317.0 109.5 299.9 228.3 20.2 70.8 120.8 379.1 57.8 192.2 164.0 432.0 206.7 146.5 262.2 184.9 325.9 136.6 341.3 161.1 377.2 138.8 123.3 358.3 304.5 411.5 130.4 322.6 159.0 213.8 544.3 23.9 112.4 178.2 313.8 65.4 117.9 37.3 327.2 207.9 27.6 558.6 105.2
1616.1 165.1 29.5 296.9 404.5 226.6 277.4 182.5 0.0 355.2 258.6 65.3 251.7 224.9 72.6 199.4 122.1 431.6 310.3 316.0 249.4 86.6 128.4 139.0 108.6 125.4 40.8 365.7 133.9 431.3 127.9 375.1 90.0 54.7 113.2 368.0 107.9 48.3 48.5 422.9 433.1 286.5 179.6 34.0 155.5 233.6 155.8 353.8 140.8 56.3 115.1 444.7 178.7 200.5 339.1 194.3 108.3 190.6 357.1 232.9 177.3 155.8 84.9 159.3 141.1 150.7 165.1 91.4 192.4 117.6 137.4 171.8 119.7 330.1 35.1 137.8 344.8 188.2 370.5 210.0 330.7 387.5 140.5 141.1 48.2 195.8 151.0 4.6 145.6 382.9 234.9
1757.2 490.9 351.3 554.1 241.4 368.3 519.4 172.7 387.4 0.0 404.9 336.3 625.9 323.4 416.4 299.1 226.0 76.3 562.5 611.1 623.6 347.4 336.3 209.3 452.4 512.9 351.1 198.1 233.2 263.7 304.0 569.2 449.9 413.6 267.6 211.5 451.7 392.1 337.0 255.3 265.5 561.7 543.6 393.9 543.0 333.3 519.8 194.6 528.3 284.6 475.0 274.5 195.3 245.9 167.0 554.2 232.9 308.3 217.2 607.1 322.8 321.6 428.7 301.0 501.0 311.7 552.6 336.2 556.4 254.9 298.4 537.5 479.6 527.6 305.5 497.7 194.1 329.9 622.7 165.4 158.6 224.4 525.1 240.5 293.0 212.4 538.5 383.0 202.7 577.0 280.3
1758.9 314.2 172.3 485.8 315.0 278.0 441.9 116.2 204.4 272.3 0.0 200.6 440.6 275.3 239.7 251.0 55.8 348.7 450.8 425.8 438.3 150.7 271.2 72.7 275.7 291.4 174.4 271.7 195.8 337.3 118.7 540.6 264.6 228.3 229.7 285.1 275.0 215.4 189.7 328.9 339.1 475.4 354.2 204.0 321.5 285.2 330.4 268.2 306.8 99.3 289.7 350.7 112.4 134.2 240.6 368.9 61.8 260.2 290.8 428.6 228.7 136.3 252.0 210.7 315.7 126.4 331.1 150.9 367.0 224.8 113.1 346.4 294.3 494.6 120.2 312.4 261.9 239.6 534.1 143.7 232.2 298.0 306.5 74.8 107.7 129.5 317.0 197.7 79.3 548.4 168.6
1606.7 168.6 61.9 383.6 378.8 161.2 364.2 212.8 86.6 336.1 197.8 0.0 338.4 158.5 94.1 134.2 163.6 412.5 397.0 402.7 336.1 74.9 119.0 180.5 130.1 212.1 78.6 335.5 99.9 401.1 108.4 369.9 176.7 141.4 96.7 348.9 129.4 69.8 37.3 392.7 402.9 373.2 221.3 120.7 242.2 168.4 197.5 332.0 227.5 97.8 201.8 411.9 235.4 286.0 304.4 281.0 158.2 143.4 354.6 319.6 111.9 179.3 106.4 93.9 227.8 192.2 251.8 114.9 234.1 108.2 178.9 215.2 206.4 328.3 84.6 224.5 331.5 122.8 457.2 225.5 296.0 361.8 224.3 182.6 89.7 252.5 237.7 91.3 242.8 377.7 320.4
1591.9 168.5 241.2 45.1 498.9 321.5 158.3 343.2 217.8 466.5 353.5 299.8 0.0 308.1 280.7 282.6 326.5 542.9 201.5 283.4 130.3 310.9 231.8 379.8 306.4 208.9 268.9 465.9 219.3 531.5 322.1 266.3 234.5 227.5 208.9 469.0 316.0 256.4 222.6 512.8 533.3 24.4 183.0 257.6 224.0 316.8 159.2 471.4 201.6 264.2 164.4 544.9 355.5 416.4 424.5 71.2 312.7 291.8 481.7 130.9 279.1 309.4 282.7 264.5 144.5 344.8 91.0 295.8 195.8 213.3 341.8 175.2 137.8 221.3 239.5 176.8 456.1 283.1 261.7 345.6 426.4 481.9 209.0 345.5 242.3 372.6 229.8 232.8 362.9 274.1 458.0
1532.1 251.7 138.9 467.9 412.0 246.3 321.1 302.5 169.7 343.9 278.3 160.2 433.0 0.0 177.2 217.4 355.8 420.3 364.0 485.8 419.2 212.4 92.7 339.1 213.2 296.4 166.6 423.7 145.3 453.5 248.1 370.7 261.0 224.5 124.6 375.5 213.7 152.9 120.3 443.9 455.3 456.3 305.6 199.2 325.3 9.9 281.8 368.8 311.8 225.0 286.1 465.7 323.9 374.5 392.6 365.3 376.9 154.9 325.8 410.7 194.8 297.3 189.5 180.2 312.1 314.7 336.1 256.6 318.4 129.0 302.6 297.8 289.5 329.1 200.3 307.6 319.9 209.1 424.2 346.4 384.2 395.0 310.3 370.3 212.2 341.0 322.0 174.4 331.3 377.3 417.3
1624.3 74.4 211.5 399.8 472.2 294.8 380.3 306.2 172.2 429.5 326.8 262.8 354.6 269.9 0.0 245.6 270.6 505.9 413.2 479.2 352.3 242.1 205.1 342.8 279.7 233.1 277.6 428.9 192.6 494.5 295.4 386.4 178.6 227.0 168.0 442.3 35.2 219.4 184.0 486.1 496.3 389.4 127.1 201.7 263.2 279.8 103.3 425.4 248.5 208.3 203.7 507.9 328.8 379.4 397.8 282.9 256.8 254.8 455.0 342.6 249.3 304.3 256.0 227.5 229.7 299.2 272.8 239.9 139.9 176.3 285.9 121.0 190.3 344.8 183.6 226.4 424.9 256.4 473.4 318.9 389.4 456.8 248.2 289.6 196.7 345.9 258.7 176.9 336.2 394.2 413.8
1533.2 420.9 243.5 484.1 356.1 298.3 449.4 243.6 268.2 286.8 334.9 266.3 520.0 153.7 346.4 0.0 296.9 363.2 492.5 584.3 517.7 277.4 266.3 280.2 382.4 393.7 281.1 366.6 163.2 396.4 298.9 499.2 431.1 323.0 197.6 319.6 381.7 322.1 217.8 388.0 398.2 491.7 473.6 370.5 423.8 163.6 449.8 302.7 409.1 300.3 456.2 407.2 266.2 316.8 335.5 535.4 303.8 238.3 262.9 501.2 252.8 392.5 358.7 231.0 482.2 382.6 433.4 317.4 486.4 184.9 369.3 467.5 460.8 457.6 287.1 478.9 257.9 259.9 552.7 290.5 327.1 339.1 405.9 311.4 292.2 283.3 419.3 272.9 273.6 507.0 351.2
1718.1 273.4 125.2 445.0 259.1 237.2 401.2 60.3 163.6 216.4 273.8 159.8 399.8 234.5 198.9 210.2 0.0 292.8 410.0 385.0 397.5 109.9 230.4 16.8 234.9 250.6 133.6 215.8 175.9 281.4 77.9 499.8 223.8 187.5 208.1 229.2 234.2 174.6 148.7 273.0 283.2 434.6 313.4 163.2 280.7 244.4 289.6 212.3 266.0 58.5 248.9 292.2 56.5 78.3 184.7 328.1 6.8 219.4 227.9 381.0 187.9 95.5 211.2 169.9 274.9 85.6 290.3 110.1 326.2 184.0 72.3 307.3 253.5 453.8 79.4 271.6 222.9 198.8 493.3 87.8 176.3 242.1 262.8 18.9 66.9 73.6 276.2 156.9 23.4 507.6 112.7
1680.8 414.5 274.9 477.7 165.0 291.9 443.0 96.3 311.0 122.3 328.5 259.9 549.5 247.0 340.0 222.7 149.6 0.0 486.1 534.7 547.2 271.0 259.9 132.9 376.0 436.5 274.7 121.7 156.8 187.3 227.6 492.8 373.5 337.2 191.2 135.1 375.3 315.7 260.6 178.9 189.1 485.3 467.2 312.9 466.6 256.9 443.4 118.2 451.9 208.2 398.6 198.1 118.9 169.5 90.6 477.8 156.5 231.9 140.8 530.7 246.4 245.2 352.3 224.6 424.6 235.3 476.2 259.8 480.0 178.5 222.0 461.1 403.2 451.2 229.1 421.3 117.7 253.5 546.3 89.0 82.2 148.0 448.7 164.1 216.6 136.0 462.1 306.6 126.3 500.6 203.9
1704.4 290.9 361.0 139.6 621.7 444.3 122.9 455.7 350.5 579.0 480.9 412.3 209.4 419.4 393.2 395.1 448.9 655.4 0.0 183.7 235.1 423.4 354.6 492.3 429.2 303.4 427.1 578.4 342.8 644.0 444.9 64.7 356.9 332.3 314.3 591.8 428.5 368.9 335.3 635.6 645.8 147.2 305.4 384.6 320.6 429.3 281.6 574.9 287.9 383.1 258.9 654.8 478.3 528.9 547.3 165.7 443.5 404.3 597.5 218.6 398.8 403.9 405.5 377.0 266.9 477.5 195.8 418.2 318.2 325.8 464.2 299.3 242.6 71.0 361.9 281.6 574.4 405.9 60.1 468.4 538.9 604.7 302.7 467.9 375.0 495.4 316.1 355.2 485.7 72.5 563.3
1617.6 194.2 274.2 70.8 534.9 357.5 69.3 368.9 253.8 492.2 389.5 325.5 25.6 332.6 306.4 308.3 352.2 568.6 102.2 0.0 166.3 336.6 267.8 405.5 342.4 234.6 340.3 491.6 255.3 557.2 358.1 167.0 260.2 263.5 234.6 505.0 341.7 282.1 248.5 548.8 559.0 60.4 208.7 283.3 260.0 342.5 184.9 488.1 227.3 289.9 190.1 570.6 391.5 442.1 460.5 96.9 346.8 317.5 517.7 156.6 312.0 335.1 318.7 290.2 170.2 380.8 127.0 321.5 221.5 239.0 367.5 200.9 173.8 122.0 265.2 212.8 481.8 319.1 162.4 381.6 452.1 528.9 245.0 371.2 278.3 408.6 255.5 258.5 398.9 174.8 483.7
1781.8 162.3 217.1 235.0 602.7 419.1 215.5 375.6 221.9 553.4 451.1 259.2 200.1 416.4 266.5 392.1 315.2 629.8 248.4 332.2 0.0 291.8 322.3 332.1 302.5 192.8 234.7 563.9 336.9 629.5 326.1 313.2 228.3 191.1 300.0 566.2 301.8 242.2 240.6 621.1 631.3 224.6 176.8 256.0 93.6 426.3 153.0 549.3 60.9 258.0 130.3 642.9 371.8 393.6 500.0 209.5 301.4 401.3 550.2 177.8 369.8 262.7 278.8 351.8 138.3 348.9 85.2 289.6 189.6 311.5 335.6 169.0 132.0 268.2 233.3 153.0 548.8 380.7 308.6 403.1 491.6 585.7 78.6 334.2 246.4 388.9 89.1 226.6 338.7 321.0 435.2
1660.5 173.5 103.5 422.9 372.9 155.3 403.5 206.9 141.5 330.2 191.9 77.9 377.7 152.6 99.0 128.3 136.7 406.6 436.3 441.9 375.4 0.0 172.8 153.6 135.0 274.2 33.7 329.6 94.0 395.2 59.1 416.4 201.7 244.4 114.8 343.0 134.3 74.7 91.1 386.8 397.0 412.5 226.2 145.7 304.3 162.5 202.4 326.1 289.6 70.9 226.8 406.0 229.5 280.1 298.5 306.0 131.3 137.5 348.7 358.9 106.0 152.4 111.3 88.0 252.8 165.3 313.9 88.0 239.0 102.1 152.0 220.1 231.4 374.8 57.7 249.5 325.6 116.9 496.5 219.6 290.1 355.9 286.4 155.7 62.8 246.6 299.8 134.8 160.2 424.2 314.5
1627.4 348.2 234.2 457.2 385.3 271.4 422.7 219.3 266.2 357.8 303.4 239.4 518.0 96.4 273.7 70.9 272.6 434.2 465.6 582.3 515.7 250.5 0.0 255.9 309.7 391.7 268.3 342.0 169.2 407.6 272.0 472.3 356.3 321.0 162.9 355.4 309.0 249.4 215.8 399.2 409.4 552.8 400.9 295.7 421.8 105.1 377.1 326.8 407.1 273.4 381.4 421.0 241.9 292.5 310.9 460.6 293.7 62.1 340.9 499.2 225.9 354.9 286.0 204.1 407.4 358.3 431.4 290.5 413.7 158.0 345.0 393.1 386.0 430.7 260.2 404.1 328.9 233.0 525.8 232.0 302.5 368.3 406.8 287.1 265.3 259.0 417.3 270.9 249.3 480.1 326.9
1676.7 290.1 141.9 461.7 242.2 253.9 417.9 43.4 180.3 199.5 290.5 176.5 416.5 251.2 215.6 226.9 16.6 275.9 426.7 401.7 414.2 126.6 247.1 0.0 251.6 267.3 150.3 198.9 160.7 264.5 94.6 516.5 240.5 204.2 195.1 212.3 250.9 191.3 165.4 256.1 266.3 451.3 330.1 184.5 297.4 261.1 306.3 195.4 282.7 75.2 265.6 275.3 39.6 61.4 167.8 344.8 23.5 236.1 211.0 397.7 204.6 112.2 227.9 186.6 291.6 102.3 307.0 126.8 342.9 182.4 89.0 324.0 270.2 470.5 96.1 288.3 206.0 215.5 510.0 70.9 159.4 225.2 279.5 31.1 83.6 56.7 292.9 173.6 6.6 524.3 95.8
1542.7 236.6 129.9 289.7 390.6 213.2 255.2 224.6 154.6 347.9 245.2 181.2 416.7 188.3 162.1 164.0 277.9 424.3 298.1 470.7 404.1 192.3 123.5 261.2 0.0 280.1 196.0 347.3 111.0 412.9 213.8 304.8 244.7 209.4 83.2 360.7 197.4 137.8 102.4 404.5 414.7 441.2 289.3 184.1 310.2 198.2 265.5 352.8 295.5 218.7 269.8 426.3 247.2 297.8 316.2 349.0 299.0 173.2 373.4 394.4 160.5 296.7 174.4 145.9 295.8 309.6 319.8 232.3 302.1 94.7 296.3 281.5 274.4 263.2 202.0 292.5 337.5 174.8 358.3 237.3 307.8 384.6 295.2 292.4 207.1 264.3 305.7 159.3 254.6 312.6 339.4
1718.2 116.7 193.8 171.4 557.1 373.5 152.0 335.1 176.3 507.8 410.1 235.9 126.2 370.8 243.2 346.5 274.7 584.2 184.8 277.0 123.9 246.2 299.0 291.6 279.2 0.0 223.4 518.3 312.2 583.9 280.5 249.6 182.7 176.1 276.7 520.6 278.5 218.9 217.3 575.5 585.7 161.0 131.2 210.4 30.0 380.7 107.4 503.7 15.3 208.9 84.7 594.7 331.3 353.1 459.5 163.9 269.3 355.7 502.7 107.4 324.2 247.7 255.5 306.2 92.7 303.3 39.6 244.0 144.0 288.2 290.0 125.1 86.4 204.6 187.7 107.4 503.2 335.1 245.0 362.6 451.1 540.1 12.1 293.7 200.8 348.4 25.5 181.0 298.2 257.4 387.5
1626.7 139.7 40.1 372.7 408.6 179.0 339.1 230.6 75.7 353.9 223.0 75.9 337.8 177.5 65.2 152.0 140.4 430.3 386.1 377.7 311.1 33.7 139.0 157.3 101.2 201.2 0.0 353.3 96.8 418.9 104.9 406.1 205.4 130.5 123.8 366.7 100.5 40.9 57.5 410.5 420.7 362.3 192.4 144.8 217.2 186.2 168.6 358.8 216.6 78.1 230.5 432.3 265.2 315.8 322.2 256.0 126.6 161.2 407.5 315.5 122.5 156.1 77.5 111.7 256.5 169.0 240.9 91.7 205.2 128.2 155.7 184.6 235.1 364.5 61.4 199.5 343.5 152.6 446.3 240.3 313.8 390.6 216.3 159.4 66.5 282.3 226.8 80.4 163.9 413.9 345.4
1766.8 597.8 467.5 745.7 43.2 475.2 626.3 247.3 464.3 143.5 511.8 443.2 700.5 430.3 523.3 406.0 300.6 219.9 669.4 685.7 698.2 452.2 443.2 283.9 559.3 595.5 458.0 0.0 340.1 65.5 420.2 676.1 524.5 488.2 374.5 176.3 558.6 499.0 443.9 57.1 67.3 735.3 614.1 468.5 625.6 440.2 590.3 159.4 610.9 400.8 549.6 76.3 269.9 320.5 139.3 628.8 307.5 415.2 101.6 681.7 429.7 396.2 535.6 407.9 575.6 386.3 635.2 410.8 626.9 361.8 373.0 608.0 554.2 634.5 421.7 572.3 114.6 436.8 729.6 219.0 146.7 26.2 607.7 315.1 409.2 287.0 621.1 457.6 277.3 683.9 354.9
1581.1 224.7 136.7 456.1 299.7 102.1 293.6 133.7 174.7 257.0 134.1 70.1 410.9 80.6 150.2 55.1 187.0 333.4 336.5 475.1 408.6 81.2 110.3 170.3 186.2 307.4 99.0 256.4 0.0 322.0 102.7 343.2 234.9 277.6 33.8 269.8 185.5 125.9 107.5 313.6 323.8 445.7 277.4 174.3 337.5 89.3 253.6 257.2 322.8 104.1 260.0 335.4 156.3 206.9 225.3 339.2 196.0 64.3 282.5 392.1 56.6 185.6 162.5 34.8 286.0 198.5 347.1 121.2 290.2 28.9 185.2 269.6 264.6 301.6 90.9 282.7 252.4 63.7 396.7 146.4 216.9 293.7 322.5 201.5 96.0 173.4 333.0 168.0 163.7 351.0 248.5
1749.8 594.3 464.0 657.5 183.0 471.7 622.8 276.1 466.5 208.3 508.3 439.7 718.3 426.8 519.8 402.5 329.4 284.7 665.9 714.5 716.0 448.7 439.7 312.7 555.8 592.0 454.5 139.7 336.6 0.0 416.7 672.6 580.2 517.0 371.0 221.1 555.1 495.5 440.4 196.9 207.1 753.1 647.0 524.2 622.1 436.7 623.2 204.2 607.4 397.3 605.3 216.1 298.7 349.3 135.8 684.5 336.3 411.7 241.4 699.5 426.2 425.0 532.1 404.4 631.3 415.1 631.7 466.5 659.8 358.3 401.8 640.9 609.9 631.0 418.2 628.0 203.7 433.3 726.1 268.8 143.2 166.0 604.2 412.8 405.7 315.8 617.6 471.2 306.1 680.4 383.7
1674.6 232.7 121.1 420.6 370.4 175.6 401.1 148.4 123.6 321.1 207.6 110.2 385.7 172.9 158.2 148.6 88.0 397.5 441.0 416.0 373.1 59.1 203.8 104.9 194.2 249.1 107.0 331.6 93.4 397.2 0.0 530.8 237.3 218.5 131.5 333.9 193.5 133.9 144.6 388.8 399.0 410.2 285.4 176.7 279.2 182.8 261.6 321.3 264.5 50.7 262.4 410.6 144.6 166.4 318.8 341.6 82.6 157.8 323.0 363.4 126.3 126.5 170.5 108.3 288.4 116.6 288.8 123.6 298.2 122.4 103.3 277.6 267.0 395.1 75.3 285.1 316.5 137.2 524.3 175.9 310.4 353.4 264.2 107.0 62.8 161.7 274.7 128.3 111.5 538.6 200.8
1647.5 224.1 304.1 124.8 564.8 387.4 65.7 398.8 283.7 522.1 424.0 355.4 182.6 362.5 336.3 338.2 382.1 598.5 78.5 156.9 220.3 366.5 297.7 435.4 372.3 288.6 370.2 521.5 285.9 587.1 388.0 0.0 290.1 317.5 257.4 534.9 371.6 312.0 278.4 578.7 588.9 132.4 238.6 313.2 293.8 372.4 214.8 518.0 261.1 316.3 244.1 597.9 421.4 472.0 490.4 150.9 376.7 347.4 540.6 203.8 341.9 415.8 348.6 320.1 200.1 410.7 181.0 351.4 251.4 268.9 397.4 232.5 227.8 149.6 295.1 266.8 517.5 349.0 138.7 411.5 482.0 547.8 275.9 401.1 308.2 438.5 289.3 288.4 428.8 7.8 506.4
1767.9 75.0 152.1 221.1 515.4 331.8 201.7 293.4 134.6 466.1 368.4 194.2 175.9 329.1 201.5 304.8 233.0 542.5 234.5 326.7 173.6 204.5 257.3 249.9 237.5 195.5 181.7 476.6 270.5 542.2 238.8 299.3 0.0 189.4 235.0 478.9 236.8 177.2 175.6 533.8 544.0 210.7 89.5 168.7 225.6 339.0 65.7 462.0 210.9 167.2 25.0 553.0 289.6 311.4 417.8 104.2 227.6 314.0 461.0 157.1 282.5 266.7 213.8 264.5 51.0 261.6 152.3 202.3 102.3 246.5 248.3 83.4 152.7 254.3 146.0 47.7 461.5 293.4 294.7 320.9 409.4 498.4 207.7 252.0 159.1 306.7 221.1 139.3 256.5 307.1 345.8
1736.5 273.8 143.6 422.0 387.5 237.6 377.1 188.7 140.6 344.8 269.6 160.2 387.1 234.9 199.3 210.6 128.3 421.2 386.0 361.0 374.5 110.3 248.8 145.2 235.3 226.6 134.0 344.2 155.4 409.8 169.5 475.8 200.8 0.0 193.5 357.6 234.6 175.0 167.1 401.4 411.6 411.6 290.4 140.2 256.7 244.8 266.6 343.4 242.0 91.0 225.9 423.2 184.9 206.7 313.1 305.1 114.5 219.8 363.3 358.0 181.1 71.5 211.6 170.3 251.9 185.4 266.3 87.1 303.2 184.4 172.1 282.6 230.5 429.8 97.8 248.6 334.4 199.2 469.3 216.2 304.7 370.5 241.7 147.3 82.9 202.0 252.2 133.9 151.8 483.6 241.1
1543.0 201.7 98.6 290.0 304.1 129.9 255.5 138.1 123.3 261.4 161.9 94.7 375.1 101.8 170.9 77.5 191.4 337.8 298.4 435.8 369.2 105.8 68.6 174.7 163.2 248.8 109.5 260.8 20.6 326.4 130.5 305.1 213.4 174.5 0.0 270.3 206.2 146.6 72.9 321.2 328.2 297.6 298.1 195.0 283.1 111.7 274.3 260.5 264.2 128.7 238.5 335.9 160.7 207.4 232.9 359.9 198.3 82.8 290.1 356.3 81.2 210.2 139.5 59.4 264.5 226.3 288.5 145.8 310.9 8.3 209.8 295.9 243.1 259.9 115.5 257.6 256.8 84.4 358.6 154.0 221.3 288.7 260.3 205.9 120.6 173.9 274.4 128.0 168.1 309.3 245.7
1778.0 591.0 460.7 654.2 36.4 468.4 619.7 258.5 463.2 154.7 500.4 436.4 711.7 424.7 516.5 399.2 311.8 231.1 662.6 696.9 709.4 445.4 436.4 295.1 552.5 588.7 451.2 136.4 366.2 76.7 413.4 669.3 535.7 499.4 359.9 0.0 551.8 492.2 435.3 68.3 78.5 746.5 625.3 475.1 618.8 433.4 601.5 170.6 604.1 390.3 560.8 90.1 281.1 331.7 132.5 640.0 376.7 408.4 119.8 692.9 422.9 407.4 528.8 401.1 586.8 397.5 628.4 422.0 638.1 355.0 384.2 617.5 565.4 627.7 414.9 583.5 130.7 430.0 722.8 265.5 139.9 19.4 603.8 409.5 402.4 298.2 614.3 467.9 288.5 677.1 366.1
1747.3 39.1 154.4 364.5 517.7 334.1 345.1 295.7 136.9 468.4 370.7 196.5 319.3 331.4 203.8 307.1 235.3 544.8 377.9 443.9 317.0 206.8 259.6 252.2 239.8 197.8 184.0 478.9 272.8 544.5 241.1 442.7 143.3 191.7 237.3 481.2 0.0 179.5 177.9 536.1 546.3 354.1 91.8 171.0 227.9 341.3 68.0 464.3 213.2 169.5 168.4 555.3 291.9 313.7 420.1 247.6 229.9 316.3 463.3 300.5 284.8 269.0 216.1 266.8 194.4 263.9 237.5 204.6 104.6 248.8 250.6 85.7 155.0 397.7 148.3 191.1 463.8 295.7 438.1 323.2 411.7 500.7 210.0 254.3 161.4 309.0 223.4 141.6 258.8 450.5 348.1
1603.0 98.7 182.9 424.1 450.9 273.5 404.6 284.9 196.5 408.2 305.5 241.5 378.9 248.6 24.2 224.3 338.2 484.6 358.4 503.5 376.6 252.6 183.8 321.5 60.2 257.4 256.3 407.6 171.3 473.2 274.1 365.1 202.9 251.3 146.7 421.0 59.5 0.0 162.7 464.8 475.0 413.7 151.4 226.0 287.5 258.5 127.6 404.8 272.8 232.6 228.0 486.6 307.5 358.1 376.5 307.2 345.1 233.5 433.7 360.1 220.8 328.6 36.5 206.2 254.0 323.5 297.1 264.2 164.2 155.0 310.2 145.3 214.6 323.5 207.9 250.7 403.6 235.1 418.6 297.6 368.1 433.9 272.5 313.9 221.0 324.6 283.0 201.2 314.9 372.9 392.5
1569.3 132.8 18.3 347.3 366.2 189.1 327.8 200.7 50.3 324.0 221.1 39.6 312.4 178.1 57.8 152.6 254.0 400.4 360.7 368.2 299.8 91.8 79.8 237.3 94.0 175.8 46.0 323.4 85.3 389.0 189.7 425.5 140.4 105.1 66.4 335.0 93.1 33.5 0.0 380.1 390.8 336.9 185.0 79.8 206.1 186.8 161.2 322.4 191.2 104.4 165.5 400.6 223.1 272.1 290.5 245.2 152.9 142.0 362.4 290.1 136.6 176.7 70.6 122.0 191.5 195.3 216.0 136.0 197.8 70.8 182.0 177.2 170.6 289.1 79.7 188.7 313.6 149.1 420.9 213.2 283.9 349.5 192.7 185.7 93.0 238.6 201.4 56.8 228.9 433.8 315.5
1720.7 516.9 368.7 688.5 155.6 410.1 561.4 190.1 407.1 86.3 442.1 378.1 643.3 365.2 442.4 340.9 243.4 162.7 604.3 628.5 641.0 353.4 378.1 226.7 478.4 494.1 377.1 166.1 307.9 195.9 321.4 611.0 467.3 431.0 305.8 119.1 477.7 418.1 392.2 0.0 10.1 678.1 556.9 411.3 524.2 375.1 533.1 102.9 509.5 298.3 492.4 21.7 212.7 263.3 135.0 571.6 264.5 350.1 51.4 624.5 364.6 339.0 454.7 342.8 518.4 329.1 533.8 353.6 569.7 296.7 315.8 549.1 497.0 569.4 322.9 515.1 57.4 371.7 664.5 161.8 126.6 138.6 509.2 257.9 310.4 229.8 519.7 400.4 220.1 618.8 304.9
1710.5 506.7 358.5 678.3 145.4 399.9 551.0 179.9 396.9 76.1 436.5 367.9 633.1 355.0 432.2 330.7 233.2 152.5 594.1 618.3 630.8 343.2 367.9 216.5 468.2 483.9 366.9 155.9 264.8 185.7 311.2 600.8 457.1 420.8 299.2 108.9 467.5 407.9 382.0 177.3 0.0 667.9 546.7 401.1 514.0 364.9 522.9 92.0 499.3 291.8 482.2 9.0 202.5 253.1 124.8 561.4 240.1 339.9 34.2 614.3 354.4 328.8 444.5 332.6 508.2 318.9 523.6 343.4 559.5 286.5 305.6 540.6 486.8 559.2 312.7 504.9 47.2 361.5 654.3 151.6 116.4 128.4 496.1 247.7 300.2 219.6 509.5 390.2 209.9 608.6 287.5
1557.1 133.7 213.7 215.4 474.4 297.0 195.9 308.4 193.3 431.7 329.0 265.0 170.2 272.1 245.9 247.8 291.7 508.1 228.8 321.0 167.9 276.1 207.3 345.0 281.9 254.2 234.1 431.1 194.8 496.7 297.6 293.6 199.7 248.1 170.2 444.5 281.2 221.6 186.2 488.3 498.5 0.0 148.2 227.4 261.6 282.0 124.4 427.6 228.9 225.9 209.7 510.1 331.0 381.6 400.0 98.5 277.9 257.0 457.2 158.2 251.5 325.4 258.2 229.7 109.7 320.3 146.6 261.0 161.0 178.5 307.0 140.4 193.4 248.6 204.7 232.4 427.1 258.6 289.0 321.1 391.6 457.4 246.6 310.7 217.8 348.1 257.1 198.0 338.4 301.4 416.0
1771.7 126.5 178.8 272.6 566.9 383.3 253.2 344.9 186.1 517.6 419.9 220.9 227.4 380.6 228.2 356.3 284.5 594.0 286.0 352.0 225.1 256.0 284.0 301.4 264.2 105.9 208.4 528.1 290.2 593.7 290.3 350.8 51.4 152.8 261.7 530.4 263.5 203.9 202.3 585.3 595.5 262.2 0.0 220.2 136.0 390.5 117.2 513.5 121.3 218.7 76.5 604.5 341.1 362.9 469.3 155.7 279.1 365.5 512.5 208.6 334.0 224.4 240.5 316.0 102.5 313.1 145.6 253.8 153.8 273.2 299.8 134.9 63.1 305.8 197.5 99.2 513.0 344.9 346.2 372.4 460.9 549.9 118.1 303.5 210.6 358.2 131.5 190.8 308.0 358.6 397.3
1828.5 131.0 201.3 281.7 576.0 387.8 257.6 354.0 195.2 522.1 424.4 248.0 231.9 385.1 250.7 360.8 289.0 603.1 290.5 379.1 229.6 265.1 306.5 305.9 291.3 128.4 230.9 537.2 305.6 602.8 299.4 355.3 60.5 175.3 288.8 534.9 290.6 226.4 224.8 594.4 600.0 266.7 145.5 0.0 163.1 395.0 121.7 518.0 148.4 226.7 81.0 611.6 345.6 367.4 473.8 160.2 288.2 370.0 524.0 224.5 331.3 251.5 267.6 320.5 107.0 322.2 168.1 258.3 162.9 300.3 304.3 137.7 90.2 310.3 202.0 103.7 516.3 354.0 355.3 376.9 465.4 565.4 143.5 312.6 219.7 362.7 154.0 195.3 312.5 363.1 401.8
1688.1 256.2 344.7 141.3 605.4 428.0 121.8 439.4 315.8 562.7 460.0 396.0 96.1 403.1 376.9 378.8 409.1 639.1 154.7 246.9 93.8 385.7 338.3 426.0 412.9 286.7 328.6 562.1 325.8 627.7 428.6 219.5 322.2 285.0 305.1 575.5 412.2 352.6 318.8 619.3 629.5 130.9 270.7 345.3 0.0 413.0 246.9 558.6 154.8 348.4 224.2 641.1 462.0 512.6 531.0 167.4 403.7 388.0 588.2 84.1 382.5 356.6 389.2 360.7 232.2 442.8 179.1 383.5 283.5 309.5 429.5 264.6 225.9 174.5 327.2 246.9 552.3 389.6 214.9 452.1 522.6 588.4 172.5 428.1 340.3 479.1 183.0 320.5 469.4 227.3 554.2
1522.2 243.0 136.3 458.0 403.3 237.6 311.0 292.6 161.0 334.0 274.2 150.3 412.8 213.8 168.5 207.5 345.9 410.4 354.1 477.1 410.5 202.5 84.0 329.2 204.5 286.5 168.7 413.8 223.3 443.6 238.2 360.8 251.1 215.8 107.6 366.8 203.8 144.2 110.6 435.2 445.4 447.6 295.7 195.1 316.6 0.0 271.9 349.9 301.9 211.6 276.2 454.4 315.2 365.8 382.7 355.4 352.8 146.2 310.1 394.0 192.1 287.4 180.8 170.3 302.2 306.0 326.2 246.7 308.5 119.1 292.7 289.6 280.8 319.2 190.4 298.9 305.1 199.2 414.3 337.7 374.3 386.3 298.7 360.4 203.5 332.3 312.1 165.7 322.6 368.6 400.2
1679.2 150.3 86.3 296.4 449.6 266.0 277.0 227.6 68.8 400.3 302.6 128.4 251.2 263.3 135.7 239.0 167.2 476.7 309.8 375.8 248.9 138.7 191.5 184.1 171.7 129.7 115.9 410.8 204.7 476.4 173.0 374.6 75.2 123.6 169.2 413.1 171.0 111.4 109.8 468.0 478.2 286.0 23.7 98.3 159.8 273.2 0.0 396.2 145.1 101.4 100.3 487.2 223.8 245.6 352.0 179.5 161.8 248.2 395.2 232.4 216.7 200.9 148.0 198.7 126.3 195.8 169.4 136.5 36.5 180.7 182.5 17.6 86.9 329.6 80.2 123.0 395.7 227.6 370.0 255.1 343.6 432.6 141.9 186.2 93.3 240.9 155.3 73.5 190.7 382.4 280.0
1792.2 607.9 474.9 668.4 44.3 481.0 632.3 272.7 480.1 168.9 513.0 450.6 725.9 437.7 524.4 413.4 326.0 245.3 676.8 704.8 726.3 459.6 449.0 309.3 560.4 602.9 465.4 150.6 374.1 90.9 421.3 683.5 549.9 513.6 380.3 7.8 566.0 500.1 449.5 76.2 92.7 754.4 639.5 483.0 635.7 447.6 615.7 0.0 618.3 408.2 575.0 98.0 289.0 339.6 140.4 647.9 332.9 416.3 136.0 707.1 437.1 421.6 545.7 415.3 601.0 405.4 641.0 436.2 652.3 369.2 398.4 633.4 578.0 641.9 429.1 591.4 140.0 446.9 737.0 273.4 154.1 33.6 611.7 423.7 416.6 306.1 628.5 480.5 296.4 685.0 380.3
1812.2 101.3 178.4 265.4 541.7 358.1 246.0 319.7 160.9 492.4 394.7 220.5 220.2 355.4 227.8 331.1 259.3 568.8 278.8 371.0 217.9 230.8 283.6 276.2 263.8 131.8 208.0 502.9 296.8 568.5 265.1 343.6 167.3 160.7 261.3 505.2 263.1 203.5 201.9 560.1 570.3 255.0 115.8 195.0 161.9 365.3 92.0 488.3 0.0 193.5 69.3 579.3 315.9 337.7 444.1 148.5 253.9 340.3 487.3 201.4 308.8 232.3 240.1 290.8 77.3 287.9 24.2 228.6 128.6 272.8 274.6 109.7 71.0 298.6 172.3 92.0 487.8 319.7 339.0 347.2 435.7 524.7 144.0 278.3 185.4 333.0 157.4 165.6 282.8 351.4 372.1
1659.5 218.5 72.9 366.1 344.6 178.6 350.3 126.1 72.8 298.8 210.6 101.2 331.2 177.1 144.0 151.6 65.7 375.2 418.7 393.7 322.3 51.3 171.8 82.6 176.3 194.6 84.2 309.3 96.4 374.9 68.0 508.5 182.8 192.7 130.3 308.1 175.6 116.0 90.3 363.0 376.7 355.7 267.5 130.5 224.7 185.8 243.7 303.7 210.0 0.0 207.9 384.8 122.3 144.1 250.5 290.8 51.9 160.8 297.2 308.9 122.1 104.2 152.6 111.3 233.9 90.8 234.3 69.1 280.3 125.4 81.0 259.7 216.2 399.3 20.8 230.6 288.4 143.9 502.0 153.6 242.1 327.6 209.7 84.7 8.3 139.4 220.2 73.8 89.2 512.8 185.7
1742.8 222.3 289.7 196.0 660.1 482.7 176.6 440.7 281.9 613.4 519.3 331.8 150.8 457.8 339.1 433.5 380.3 689.8 209.4 301.6 148.5 351.8 393.0 397.2 375.1 234.8 319.3 616.8 381.2 682.4 386.1 274.2 288.3 263.7 352.7 626.2 374.4 314.8 313.2 674.0 684.2 185.6 236.8 316.0 242.2 467.7 213.0 609.3 209.5 314.5 0.0 693.2 516.7 458.7 585.7 79.1 374.9 442.7 608.3 132.0 437.2 335.3 351.4 415.4 198.3 408.9 127.2 349.6 249.6 364.2 395.6 230.7 174.0 229.2 293.3 22.6 608.8 444.3 269.6 468.2 577.3 643.1 224.3 399.3 306.4 533.8 237.7 286.6 403.8 282.0 493.1
1698.9 495.1 353.2 666.7 136.7 388.3 539.6 168.3 385.3 64.5 420.3 356.3 621.5 344.6 420.6 319.1 221.6 140.9 582.5 606.7 619.2 331.6 356.3 204.9 456.6 472.3 355.3 144.3 286.1 133.6 299.6 589.2 445.5 409.2 279.8 100.2 455.9 396.3 355.2 125.2 135.4 656.3 535.1 384.9 502.4 353.3 511.3 92.3 487.7 280.2 470.6 0.0 190.9 241.5 113.2 549.8 242.7 328.3 29.6 609.5 342.8 317.2 432.9 321.0 496.6 307.3 512.0 331.8 547.9 274.9 294.0 529.0 475.2 547.6 301.1 493.3 40.5 349.9 642.7 140.0 104.8 121.3 487.4 236.1 288.6 208.0 497.9 378.6 198.3 597.0 283.1
1670.7 354.5 226.3 417.7 275.1 231.9 383.2 109.1 251.0 232.4 263.9 199.9 562.3 187.0 280.0 162.7 162.4 308.8 426.1 547.5 560.0 211.0 199.9 145.7 316.0 376.5 228.8 231.8 129.7 297.4 240.4 432.8 386.3 350.0 123.4 245.2 315.3 255.7 200.6 289.0 299.2 425.3 407.2 330.3 406.6 196.9 383.4 228.3 391.9 217.3 411.4 310.8 0.0 182.3 200.7 490.6 169.3 171.9 257.9 550.3 186.4 258.0 292.3 164.6 437.4 248.1 416.2 272.6 420.0 118.5 234.8 401.1 416.0 391.2 241.9 434.1 227.8 193.5 486.3 121.8 192.3 258.1 391.6 176.9 229.4 17.0 402.1 255.7 139.1 440.6 216.7
1669.4 353.2 225.0 416.4 314.5 230.6 381.9 148.5 249.7 271.8 262.6 198.6 501.5 185.7 278.7 161.4 201.8 348.2 424.8 586.9 499.2 209.7 198.6 185.1 314.7 375.2 227.5 271.2 128.4 336.8 231.2 431.5 363.4 389.4 129.9 284.6 314.0 254.4 197.5 328.4 338.6 424.0 405.9 302.8 405.3 195.6 382.1 267.7 390.6 256.7 388.5 350.2 171.1 0.0 240.1 467.7 208.7 170.6 297.3 489.5 185.1 297.4 291.0 163.3 414.5 287.5 414.9 249.7 418.7 117.2 274.2 398.1 393.1 389.9 219.4 411.2 267.2 192.2 485.0 161.2 231.7 297.5 390.3 216.3 268.8 188.2 400.8 254.4 178.5 439.3 41.5
1724.7 458.4 322.9 521.6 74.3 335.8 487.1 140.2 354.9 72.4 367.8 303.8 593.4 290.9 383.9 266.6 193.5 148.8 530.0 578.6 591.1 314.9 303.8 176.8 419.9 480.4 332.7 31.0 233.6 96.6 271.5 536.7 417.4 381.1 235.1 85.2 419.2 359.6 304.5 88.2 98.4 529.2 511.1 361.4 510.5 300.8 487.3 68.3 495.8 248.4 442.5 110.0 162.8 213.4 0.0 521.7 200.4 275.8 97.9 581.4 290.3 289.1 396.2 268.5 468.5 279.2 520.1 303.7 523.9 222.4 265.9 505.0 447.1 495.1 273.0 465.2 67.8 297.4 590.2 132.9 7.4 57.3 495.5 208.0 260.5 179.9 506.0 350.5 170.2 544.5 255.0
1663.6 231.7 320.2 116.8 580.9 403.5 97.3 414.9 291.3 538.2 435.5 371.5 71.6 378.6 352.4 354.3 384.6 614.6 130.2 222.4 69.3 361.2 313.8 401.5 388.4 262.2 304.1 537.6 301.3 603.2 404.1 195.0 297.7 260.5 276.7 551.0 387.7 328.1 294.0 594.8 605.0 106.4 246.2 320.8 163.0 388.5 222.4 534.1 130.3 323.9 199.7 616.6 437.5 488.1 506.5 0.0 370.8 363.5 563.7 52.8 350.8 332.1 364.7 336.2 207.7 418.3 154.6 359.0 259.0 285.0 405.0 238.4 201.4 150.0 302.7 222.4 527.8 365.1 190.4 427.6 498.1 563.9 148.0 403.6 315.8 454.6 158.5 296.0 444.9 202.8 522.5
1711.2 266.5 124.6 438.1 264.5 230.3 380.0 65.7 156.7 221.8 248.1 152.9 403.2 228.8 192.0 203.3 5.3 298.2 403.1 378.1 376.4 103.0 209.3 22.2 228.0 243.7 135.9 221.2 148.1 286.8 56.8 492.9 216.9 180.6 182.0 234.6 227.3 153.5 142.0 278.4 288.6 427.7 306.5 160.9 273.8 237.5 282.7 226.7 259.1 47.9 242.0 300.2 61.9 83.7 198.5 321.2 0.0 198.3 248.7 380.9 173.8 88.6 204.3 163.0 268.0 64.5 283.4 103.2 319.3 177.1 65.4 298.7 232.4 432.7 72.5 264.7 211.4 177.7 486.4 101.6 181.7 257.5 258.8 24.3 60.0 87.4 269.3 150.0 28.8 500.7 125.3
1648.0 331.8 196.3 395.0 323.1 209.2 360.5 157.1 228.3 280.4 241.2 177.2 480.1 164.3 257.3 140.0 210.4 356.8 403.4 544.4 477.8 188.3 177.2 193.7 293.3 353.8 192.0 279.8 107.0 345.4 209.8 410.1 342.0 283.1 100.7 293.2 292.6 233.0 176.1 337.0 347.2 402.6 384.5 281.4 383.9 174.2 360.7 280.6 369.2 211.2 367.1 358.8 179.7 230.3 248.7 446.3 231.5 0.0 305.9 461.3 163.7 292.7 269.6 141.9 393.1 296.1 393.5 228.3 397.3 95.8 282.8 376.7 371.7 368.5 198.0 389.8 270.0 170.8 463.6 169.8 240.3 306.1 368.9 224.9 203.1 196.8 379.4 233.0 187.1 417.9 264.7
1681.3 465.4 323.5 637.0 234.8 352.2 593.1 138.6 355.6 165.5 384.2 320.2 591.8 307.3 390.9 283.0 191.9 241.9 546.4 577.0 589.5 301.9 320.2 175.2 426.9 442.6 325.6 245.3 250.0 275.1 269.9 553.1 415.8 379.5 243.7 198.3 426.2 366.6 340.7 266.7 276.9 626.6 505.4 355.2 472.7 317.2 481.6 182.1 458.0 246.8 440.9 288.5 161.2 211.8 214.2 520.1 198.8 292.2 0.0 579.8 299.5 287.5 403.2 284.9 466.9 277.6 482.3 302.1 518.2 238.8 264.3 497.6 445.5 511.5 271.4 463.6 136.6 313.8 685.3 110.3 205.8 228.8 457.7 206.4 258.9 178.3 468.2 348.9 168.6 560.9 246.2
1798.3 178.8 239.9 251.5 619.2 428.8 232.0 392.1 238.4 569.9 467.6 275.7 216.6 434.1 283.0 408.6 331.7 646.3 264.9 348.7 16.4 308.3 332.0 348.6 312.2 209.3 251.2 580.4 353.4 646.0 342.6 329.7 244.8 200.8 323.6 582.7 318.3 258.7 257.3 637.6 647.8 241.1 193.3 261.1 110.1 442.8 169.5 574.8 77.4 274.5 146.8 659.4 388.3 410.1 516.5 226.0 317.9 417.8 559.9 0.0 379.1 279.2 288.5 368.3 154.8 365.4 101.7 306.1 206.1 328.0 352.1 185.5 148.5 277.9 249.8 162.7 559.5 397.2 325.1 419.6 508.1 613.2 88.3 350.7 256.1 405.4 105.6 243.1 355.2 337.5 451.7
1580.3 184.9 63.7 392.7 384.9 200.3 380.4 211.7 102.9 335.0 232.3 168.3 357.8 189.1 110.4 163.6 265.0 411.4 336.8 411.8 352.4 179.4 99.8 248.3 146.4 221.2 91.4 334.4 105.3 400.0 200.9 343.5 185.8 150.5 77.4 355.0 138.5 86.1 45.1 398.8 401.8 389.5 230.4 129.8 258.5 197.8 206.6 339.9 236.6 205.8 210.9 420.6 241.5 284.9 310.5 290.1 286.1 162.0 375.2 335.5 0.0 283.8 122.7 133.0 236.9 296.7 260.9 219.4 243.2 81.8 283.4 222.6 222.7 309.1 189.1 233.6 324.6 161.9 397.0 224.4 294.9 360.7 243.5 279.5 201.4 258.6 246.8 107.6 248.9 358.5 326.5
1710.8 241.8 117.9 326.5 499.2 321.3 307.1 277.2 94.6 449.9 357.9 160.0 281.3 318.4 167.3 294.1 216.8 526.3 339.9 345.6 279.0 181.3 223.1 233.7 203.3 155.0 147.5 460.4 229.3 526.0 222.6 404.7 172.8 91.9 200.8 462.7 202.6 143.0 141.4 517.6 527.8 316.1 262.4 112.2 185.1 328.3 238.6 445.8 170.4 151.0 197.9 536.8 273.4 295.2 433.8 277.1 211.4 285.3 444.8 262.5 272.0 0.0 179.6 254.0 223.9 245.4 194.7 179.1 275.2 212.3 232.1 256.3 202.5 359.7 129.8 220.6 445.3 282.9 400.1 304.7 425.4 482.2 167.2 235.8 142.9 290.5 180.6 87.9 240.3 412.5 329.6
1566.4 260.3 153.6 313.4 414.3 236.9 278.9 248.3 178.3 371.6 268.9 204.9 440.4 212.0 185.8 187.7 301.6 448.0 321.8 494.4 427.8 216.0 147.2 284.9 23.6 303.8 219.7 371.0 134.7 436.6 237.5 328.5 268.4 233.1 106.9 384.4 221.1 161.5 127.7 428.2 438.4 464.9 313.0 212.4 333.9 221.9 289.2 367.5 319.2 242.4 293.5 450.0 270.9 321.5 339.9 372.7 322.7 196.9 397.1 418.1 184.2 320.4 0.0 169.6 319.5 333.3 343.5 256.0 325.8 118.4 320.0 305.2 298.1 286.9 225.7 316.2 361.2 198.5 382.0 261.0 331.5 408.3 318.9 316.1 230.8 288.0 329.4 183.0 278.3 336.3 363.1
1858.2 413.5 265.3 585.1 414.3 67.2 541.3 215.5 303.7 371.6 103.9 299.9 539.9 374.6 339.0 350.3 155.1 448.0 550.1 525.1 537.6 250.0 370.5 172.0 375.0 390.7 273.7 371.0 316.0 436.6 218.0 639.9 363.9 327.6 348.2 384.4 374.3 314.7 288.8 428.2 438.4 574.7 453.5 307.9 420.8 384.5 429.7 367.5 406.1 198.6 389.0 447.4 211.7 233.5 339.9 468.2 146.9 359.5 383.1 521.1 328.0 235.6 351.3 0.0 415.0 225.7 430.4 250.2 466.3 324.1 212.4 447.4 393.6 593.9 219.5 411.7 378.1 28.9 633.4 243.0 331.5 397.3 402.9 174.1 207.0 228.8 416.3 297.0 178.6 647.7 267.9
1693.9 23.9 101.0 311.1 464.3 280.7 291.7 242.3 83.5 415.0 317.3 143.1 265.9 278.0 150.4 253.7 181.9 491.4 324.5 390.5 263.6 153.4 206.2 198.8 186.4 144.4 130.6 425.5 219.4 491.1 187.7 389.3 89.9 138.3 183.9 427.8 185.7 126.1 124.5 482.7 492.9 300.7 38.4 113.0 174.5 287.9 14.6 410.9 159.8 116.1 115.0 501.9 238.5 260.3 366.7 194.2 176.5 262.9 409.9 247.1 231.4 215.6 162.7 213.4 0.0 210.5 184.1 151.2 51.2 195.4 197.2 32.3 101.6 344.3 94.9 137.7 410.4 242.3 384.7 269.8 358.3 447.3 156.6 200.9 108.0 255.6 170.0 88.2 205.4 397.1 294.7
1694.1 213.2 107.5 359.3 394.5 192.9 339.8 172.5 77.9 345.2 224.9 115.5 314.1 190.2 154.6 165.9 112.1 421.6 372.7 396.3 311.8 65.6 206.4 129.0 190.6 210.6 89.3 355.7 110.7 421.3 124.8 437.5 138.1 198.8 152.4 358.0 189.9 130.3 124.9 412.9 423.1 348.9 227.7 82.1 240.7 200.1 203.9 341.8 226.0 49.8 163.2 434.7 168.7 190.5 336.1 242.4 106.7 175.1 347.1 302.1 136.4 106.8 166.9 125.6 189.2 0.0 250.3 24.4 240.5 139.7 127.4 219.9 167.8 392.5 53.1 185.9 340.6 154.5 432.9 200.0 327.7 377.5 225.7 131.1 38.2 185.8 236.2 71.2 135.6 445.3 224.9
1755.3 224.3 168.7 279.0 543.7 365.8 259.5 321.7 139.1 494.4 397.8 204.5 233.8 362.9 211.8 338.6 261.3 570.8 292.4 353.6 231.5 225.8 267.6 278.2 247.8 107.5 192.0 504.9 273.1 570.5 267.1 357.2 290.3 136.4 248.5 507.2 247.1 187.5 186.1 562.1 572.3 268.6 238.8 161.3 137.6 372.8 215.0 490.3 122.9 195.5 192.3 583.9 317.9 339.7 478.3 271.5 247.5 329.8 496.3 221.8 316.5 208.0 224.1 298.5 200.3 289.9 0.0 223.6 251.6 256.8 276.6 232.7 46.7 312.2 174.3 215.0 489.8 327.4 352.6 349.2 469.9 528.3 122.6 280.3 187.4 335.0 133.1 132.4 284.8 365.0 381.3
1669.6 188.7 76.7 334.8 458.0 280.1 315.4 236.0 53.4 408.7 316.7 118.8 289.6 277.2 126.1 252.9 175.6 485.1 348.2 357.6 287.3 140.1 181.9 192.5 162.1 186.1 106.3 419.2 188.1 484.8 181.4 413.0 113.6 96.3 159.6 421.5 161.4 101.8 100.2 476.4 486.6 324.4 203.2 57.6 216.2 287.1 179.4 404.6 201.5 109.8 138.7 495.6 232.2 254.0 392.6 217.9 170.2 244.1 403.6 270.8 230.8 209.3 138.4 212.8 164.7 204.2 225.8 0.0 216.0 171.1 190.9 197.1 143.3 368.0 88.6 161.4 404.1 241.7 408.4 263.5 384.2 441.0 198.3 194.6 101.7 249.3 211.7 46.7 199.1 420.8 288.4
1642.6 197.4 49.7 329.2 413.0 229.4 309.8 191.0 32.2 363.7 266.0 91.8 284.0 226.7 99.1 202.4 130.6 440.1 342.6 348.3 281.7 102.1 154.9 147.5 135.1 157.7 79.3 374.2 168.1 439.8 136.4 407.4 122.3 87.0 132.6 376.5 134.4 74.8 73.2 431.4 441.6 318.8 211.9 66.3 187.8 236.6 188.1 359.6 173.1 64.8 147.4 450.6 187.2 209.0 315.4 226.6 125.2 211.6 358.6 265.2 180.1 164.3 111.4 162.1 173.4 159.2 197.4 99.9 0.0 144.1 145.9 205.8 152.0 362.4 43.6 170.1 359.1 191.0 402.8 218.5 307.0 396.0 169.9 149.6 56.7 204.3 183.3 36.9 154.1 415.2 243.4
1552.1 241.0 107.7 299.1 295.8 118.4 264.4 129.8 132.4 253.1 155.0 86.4 427.2 93.5 166.5 69.2 183.1 329.5 307.5 491.4 424.9 97.5 81.3 166.4 202.5 257.9 101.2 252.5 16.9 318.1 119.0 314.2 251.2 187.2 12.7 265.9 201.8 142.2 123.8 309.7 319.9 306.7 293.7 195.2 288.0 103.4 269.9 249.0 273.3 120.4 276.3 328.9 152.4 203.0 221.4 355.5 190.0 78.4 271.6 408.4 72.9 201.9 178.8 51.1 302.3 214.8 297.6 137.5 306.5 0.0 201.5 287.6 280.9 272.6 107.2 299.0 248.5 80.0 367.7 142.5 213.0 278.8 270.1 197.6 112.3 169.5 283.5 137.1 159.8 322.0 237.4
1707.4 226.5 114.5 372.6 407.8 206.2 353.2 185.8 91.2 358.5 242.8 128.8 327.4 203.5 167.9 179.2 125.4 434.9 386.0 409.6 325.1 78.9 219.7 142.3 203.9 223.9 102.6 369.0 144.9 434.6 138.1 450.8 151.4 212.1 165.7 371.3 203.2 143.6 138.0 426.2 436.4 362.2 241.0 90.8 254.0 213.4 217.2 354.4 239.3 59.6 176.5 445.4 182.0 203.8 349.4 255.7 120.0 188.4 353.4 308.6 156.9 120.1 180.2 138.9 202.5 13.2 263.6 37.7 253.8 153.0 0.0 234.9 181.1 405.8 66.4 199.2 353.9 167.8 446.2 213.3 341.0 390.8 236.1 144.4 51.5 199.1 249.5 84.5 148.9 458.6 238.2
1661.5 216.3 74.9 348.1 433.6 248.3 328.6 209.9 51.1 382.6 280.3 110.7 313.2 246.8 118.0 221.3 149.5 459.0 361.5 368.9 300.6 121.0 173.8 166.4 154.0 176.6 86.2 393.1 166.1 458.7 155.3 426.3 141.2 105.9 158.6 395.4 153.3 93.7 92.3 450.3 460.5 337.7 230.8 80.6 208.4 255.5 207.0 387.5 192.0 87.2 166.3 472.1 206.1 229.6 336.0 245.5 135.7 230.5 384.5 290.9 191.8 183.2 130.3 181.0 192.3 178.1 216.3 118.8 18.8 163.0 164.8 0.0 170.9 381.3 62.5 189.0 372.2 209.9 421.7 237.4 325.9 416.5 193.4 168.5 75.6 224.9 202.2 57.5 173.0 434.1 269.5
1708.5 271.5 121.9 326.2 496.9 319.0 306.7 274.9 92.3 447.6 351.0 157.7 281.0 316.1 165.0 291.8 214.5 524.0 339.6 345.3 278.7 179.0 220.8 231.4 201.0 154.7 145.2 458.1 226.3 523.7 220.3 404.4 170.5 89.6 201.7 460.4 200.3 140.7 139.1 515.3 525.5 315.8 286.0 114.5 184.8 326.0 262.2 452.5 170.1 152.2 239.5 537.1 271.1 292.9 431.5 318.7 200.7 283.0 449.5 269.0 269.7 161.2 177.3 251.7 247.5 243.1 194.4 176.8 298.8 210.0 229.8 278.2 0.0 359.4 127.5 262.2 443.0 280.6 399.8 302.4 423.1 481.5 169.8 233.5 140.6 288.2 180.3 85.6 238.0 412.2 334.5
1633.3 219.8 282.6 68.5 550.6 373.2 52.0 384.6 279.4 507.9 405.2 341.2 166.3 349.5 322.1 324.0 377.8 584.3 94.9 173.3 164.0 352.3 283.5 421.2 358.1 232.3 356.0 507.3 271.0 572.9 373.8 41.5 285.8 261.2 250.3 520.7 357.4 297.8 264.2 564.5 574.7 76.1 234.3 313.5 257.7 358.2 210.5 512.8 225.0 315.5 187.8 586.3 407.2 457.8 476.2 94.6 372.4 333.2 533.4 147.5 320.5 332.8 334.4 305.9 195.8 406.4 124.7 347.1 247.1 254.7 393.1 226.5 171.5 0.0 290.8 210.5 503.3 334.8 80.9 397.3 467.8 544.6 242.7 396.8 303.9 424.3 253.2 284.1 414.6 49.3 492.2
1638.6 169.6 45.7 345.2 369.3 185.7 325.8 147.3 48.2 320.0 222.3 87.8 300.0 183.0 95.1 158.7 86.9 396.4 358.6 364.3 297.7 58.4 150.9 103.8 131.1 173.7 75.3 330.5 124.4 396.1 92.7 423.4 169.9 103.0 128.6 332.8 130.4 70.8 69.2 387.7 397.9 334.8 259.5 113.9 203.8 192.9 235.7 315.9 189.1 21.1 195.0 406.9 143.5 165.3 271.7 274.2 81.5 167.9 314.9 281.2 136.4 120.6 107.4 118.4 221.0 115.5 213.4 56.2 272.3 140.1 102.2 253.4 199.6 378.4 0.0 217.7 315.4 147.3 418.8 174.8 263.3 352.3 185.9 105.9 13.0 160.6 199.3 52.9 110.4 431.2 199.7
1720.1 199.6 267.0 173.3 637.4 460.0 153.8 418.0 259.2 590.7 492.0 309.1 128.1 435.1 316.4 410.8 357.6 667.1 186.7 278.9 125.8 329.1 370.3 374.5 352.4 212.1 296.6 594.1 357.8 659.7 363.4 251.5 265.6 241.0 330.0 603.5 351.7 292.1 290.5 651.3 661.5 162.9 214.1 288.7 219.5 445.0 190.3 586.6 186.8 291.8 167.6 673.1 494.0 436.0 563.0 56.4 352.2 420.0 592.6 109.3 407.3 312.6 328.7 392.7 175.6 386.2 104.5 326.9 226.9 341.5 372.9 206.3 151.3 206.5 270.6 0.0 580.3 421.6 246.9 445.5 554.6 620.4 204.5 376.6 283.7 511.1 215.0 263.9 381.1 259.3 470.4
1681.3 475.2 363.3 538.4 98.1 352.6 503.9 157.0 354.6 28.8 384.6 320.6 620.5 308.9 400.7 283.4 210.3 105.2 546.8 595.4 603.0 341.7 320.6 193.6 431.8 485.0 349.5 108.6 250.4 138.4 304.8 553.5 434.2 393.0 244.1 56.7 436.0 376.4 321.1 130.0 140.2 546.0 527.9 368.7 515.1 317.6 504.1 53.7 500.4 286.6 459.3 146.9 179.6 225.3 72.6 533.6 273.0 292.6 35.8 598.2 299.9 305.9 408.1 285.3 485.3 296.0 524.7 320.5 540.7 239.2 282.7 520.1 459.0 507.0 311.2 482.0 0.0 314.2 607.0 144.8 69.1 76.2 500.1 305.8 298.7 196.7 510.6 364.2 187.0 561.3 271.8
1829.3 384.6 242.7 556.2 385.4 38.3 512.3 186.6 274.8 342.7 70.4 271.0 521.3 345.7 310.1 321.4 126.2 419.1 521.2 496.2 508.7 221.1 341.6 143.1 346.1 361.8 244.8 342.1 266.2 407.7 189.1 611.0 335.0 298.7 300.1 355.5 345.4 285.8 259.9 399.3 409.5 545.8 424.6 274.4 391.9 355.6 400.8 338.6 377.2 169.7 360.1 421.1 182.8 204.6 311.0 439.3 132.2 330.6 361.2 499.0 291.9 206.7 322.4 281.1 386.1 196.8 401.5 221.3 437.4 295.2 183.5 416.8 364.7 565.0 190.6 382.8 332.3 0.0 604.5 214.1 302.6 368.4 376.9 145.2 178.1 199.9 387.4 268.1 149.7 618.8 246.2
1653.1 229.7 309.7 130.4 570.4 393.0 71.3 404.4 289.3 527.7 429.6 361.0 158.5 368.1 341.9 343.8 387.7 604.1 80.1 132.8 225.9 372.1 303.3 441.0 377.9 294.2 375.8 527.1 291.5 592.7 393.6 211.3 295.7 323.1 263.0 540.5 377.2 317.6 284.0 584.3 594.5 138.0 244.2 323.4 269.7 378.0 220.4 523.6 237.0 321.9 249.7 603.5 427.0 477.6 496.0 156.5 382.3 353.0 546.2 209.4 347.5 421.4 354.2 325.7 205.7 416.3 186.6 357.0 257.0 274.5 403.0 238.1 233.4 123.9 300.7 272.4 523.1 354.6 0.0 417.1 487.6 553.4 251.8 406.7 313.8 444.1 265.2 294.0 434.4 219.1 512.0
1625.2 353.5 211.6 525.1 232.0 240.3 481.2 26.7 243.7 162.7 272.3 208.3 490.2 195.4 279.0 171.1 80.0 239.1 434.5 465.1 477.6 190.0 208.3 63.3 315.0 330.7 213.7 167.4 138.1 272.3 158.0 441.2 303.9 267.6 136.0 195.5 314.3 254.7 229.0 263.9 274.1 514.7 393.5 243.3 360.8 205.3 369.7 178.6 346.1 138.6 329.0 285.7 49.3 99.9 136.3 408.2 101.1 180.3 145.8 467.9 194.8 175.6 291.3 173.0 355.0 165.7 370.4 190.2 406.3 126.9 152.4 385.7 333.6 399.6 159.5 351.7 138.7 201.9 573.4 0.0 127.9 216.6 345.8 94.5 147.0 66.4 356.3 237.0 56.7 449.0 141.5
1717.3 451.0 311.4 514.2 82.7 328.4 479.5 132.8 347.5 65.0 365.0 296.4 586.0 283.5 376.5 259.2 186.1 141.4 522.6 571.2 583.7 307.5 296.4 169.4 412.5 473.0 311.2 39.4 193.3 105.0 264.1 529.3 410.0 373.7 227.7 77.8 411.8 352.2 297.1 96.6 106.8 521.8 503.7 354.0 503.1 293.4 479.9 60.9 488.4 244.7 435.1 115.8 155.4 206.0 8.3 514.3 193.0 268.4 83.5 567.2 282.9 281.7 388.8 261.1 461.1 271.8 512.7 296.3 516.5 215.0 258.5 497.6 439.7 487.7 265.6 457.8 60.4 290.0 582.8 125.5 0.0 65.7 485.2 200.6 253.1 172.5 498.6 343.1 162.8 537.1 240.4
1753.4 560.5 430.2 633.1 17.0 448.9 600.2 242.3 432.7 185.5 480.9 416.9 704.2 393.0 497.0 368.7 305.0 250.9 632.1 680.7 682.2 424.3 416.9 288.3 522.0 569.2 420.7 105.9 345.1 171.5 392.3 648.2 546.4 483.2 329.4 196.7 521.3 472.7 415.8 163.1 184.3 728.7 624.2 490.4 588.3 402.9 600.4 184.1 584.6 359.8 571.5 194.3 264.9 324.9 113.0 650.7 355.6 388.9 224.0 672.5 385.2 400.6 498.3 370.6 608.5 392.3 608.9 432.7 626.0 324.5 368.0 614.8 576.1 608.2 384.4 594.2 164.1 399.5 692.3 235.0 120.4 0.0 582.7 379.0 371.9 291.4 593.2 448.4 272.3 646.6 357.1
1703.1 271.2 352.4 156.3 620.4 443.0 136.8 454.4 330.8 577.7 475.0 411.0 121.4 418.1 391.9 393.8 424.1 654.1 169.7 261.9 108.8 400.7 353.3 441.0 427.9 301.7 355.6 577.1 340.8 642.7 443.6 234.5 337.2 300.0 320.1 590.5 427.2 367.6 332.2 634.3 644.5 145.9 285.7 360.3 14.9 428.0 261.9 576.3 169.8 366.9 239.2 656.1 477.0 527.6 546.0 182.4 418.7 403.0 603.2 99.1 397.5 371.6 404.2 375.7 247.2 457.8 194.1 398.5 298.5 324.5 444.5 277.9 240.9 189.5 342.2 261.9 573.1 404.6 229.9 467.1 537.6 614.4 0.0 443.1 355.3 494.1 10.4 335.5 484.4 242.3 569.2
1742.4 365.4 217.2 516.7 312.5 329.2 497.3 142.5 219.7 263.2 365.8 251.8 471.5 326.5 290.9 302.2 147.0 339.6 520.0 495.0 469.2 201.9 322.4 163.9 326.9 345.2 225.6 285.5 267.9 351.1 169.9 609.8 333.4 297.5 300.1 276.0 326.2 266.6 240.7 342.7 352.9 506.3 418.1 272.8 375.3 336.4 394.3 259.1 360.6 150.5 358.5 361.9 138.7 169.9 249.5 437.7 141.6 311.4 310.1 452.7 279.9 205.5 303.2 261.9 384.5 195.6 384.9 219.7 430.9 276.0 182.3 412.0 363.1 549.9 171.4 381.2 258.6 290.8 603.3 170.0 241.1 295.5 357.4 0.0 158.9 155.8 370.8 224.4 170.5 617.6 204.3
1651.1 206.4 64.5 357.7 356.2 170.2 338.2 134.2 60.7 306.9 202.2 92.8 312.5 168.7 131.9 143.2 73.8 383.3 371.1 401.8 310.2 42.9 163.4 90.7 167.9 186.2 66.6 317.4 88.0 383.0 79.6 516.6 174.4 204.3 121.9 319.7 167.2 107.6 81.9 374.6 384.8 347.3 259.1 113.8 216.3 177.4 235.3 302.8 201.6 8.0 199.5 396.4 130.4 152.2 258.6 278.7 68.4 152.4 308.8 300.5 120.9 112.3 144.2 102.9 225.5 102.4 225.9 60.7 271.9 117.0 89.1 251.3 204.1 390.9 12.4 222.2 296.5 131.8 510.1 161.7 250.2 339.2 201.3 92.8 0.0 147.5 211.8 65.4 97.3 524.4 193.8
1653.6 337.4 209.2 400.6 258.0 214.8 366.1 92.0 233.9 215.3 246.8 182.8 545.2 169.9 262.9 145.6 145.3 291.7 409.0 530.4 542.9 193.9 182.8 128.6 298.9 359.4 211.7 214.7 112.6 280.3 223.3 415.7 369.2 332.9 106.3 228.1 298.2 238.6 181.7 271.9 282.1 408.2 390.1 308.6 389.5 179.8 366.3 211.2 374.8 200.2 394.3 293.7 114.6 165.2 183.6 473.5 152.2 154.8 240.8 533.2 169.3 240.9 275.2 147.5 420.3 231.0 399.1 255.5 402.9 101.4 217.7 384.0 398.9 374.1 224.8 417.0 210.7 176.4 469.2 104.7 175.2 241.0 374.5 159.8 212.3 0.0 385.0 238.6 122.0 423.5 206.8
1692.6 260.7 349.2 145.8 609.9 432.5 126.4 443.9 320.3 567.2 469.1 400.5 100.6 407.6 381.4 383.3 413.6 643.6 159.2 251.4 98.3 390.2 342.8 430.5 417.4 291.2 345.1 566.6 331.0 632.2 433.1 224.0 326.7 289.5 302.5 580.0 416.7 357.1 323.5 623.8 634.0 135.4 275.2 354.4 4.4 417.5 251.4 563.1 159.3 352.9 228.7 643.0 466.5 517.1 535.5 171.9 408.2 392.5 585.7 81.8 387.0 361.1 393.7 365.2 236.7 447.3 183.6 388.0 288.0 314.0 434.0 269.1 230.4 179.0 331.7 251.4 562.6 394.1 219.4 456.6 527.1 592.9 174.1 432.6 344.8 483.6 0.0 325.0 473.9 231.8 551.5
1622.8 160.4 36.2 292.2 411.2 233.3 272.7 189.2 6.6 361.9 265.3 72.0 257.3 230.4 79.3 206.1 128.8 438.3 305.6 311.3 244.7 93.3 135.1 145.7 115.3 120.7 59.5 372.4 140.6 438.0 134.6 370.4 85.3 50.0 112.8 374.7 114.6 55.0 53.6 429.6 439.8 281.8 174.9 24.7 150.8 240.3 151.1 357.8 136.1 66.5 110.4 451.4 185.4 207.2 345.8 189.6 115.0 197.3 363.8 235.0 184.0 162.5 91.6 166.0 136.4 157.4 160.4 98.1 187.7 124.3 144.1 168.8 115.0 325.4 41.8 133.1 357.3 194.9 365.8 216.7 337.4 394.2 135.8 147.8 54.9 202.5 146.3 0.0 152.3 378.2 248.8
1670.1 296.7 154.8 468.3 235.6 260.5 424.4 36.8 186.9 192.9 292.5 183.1 433.4 224.8 222.2 200.5 23.2 269.3 433.3 408.3 420.8 133.2 237.7 6.6 258.2 273.9 156.9 192.3 178.3 257.9 101.2 523.1 247.1 210.8 169.0 205.7 257.5 197.9 172.5 249.5 259.7 457.9 336.7 186.5 304.0 234.7 312.9 193.1 289.3 81.8 272.2 271.3 33.0 39.0 161.2 351.4 44.3 209.7 211.4 411.1 211.2 118.8 234.5 193.2 298.2 108.9 313.6 133.4 349.5 156.3 95.6 328.9 276.8 477.1 102.7 294.9 182.5 222.1 516.6 64.3 152.8 218.6 289.0 37.7 90.2 50.1 299.5 180.2 0.0 530.9 80.6
1639.7 216.3 296.3 117.0 557.0 379.6 57.8 391.0 275.9 514.3 411.6 347.6 185.1 354.7 328.5 330.4 374.3 590.7 70.7 149.1 212.5 358.7 289.9 427.6 364.5 280.8 362.4 513.7 277.4 579.3 380.2 135.5 282.3 309.7 256.7 527.1 363.8 304.2 268.8 570.9 581.1 124.6 230.8 305.4 286.0 364.6 207.0 512.9 253.3 312.0 236.3 592.7 413.6 464.2 482.6 143.1 368.9 339.6 539.8 202.8 326.9 408.0 340.8 312.3 192.3 402.9 173.2 343.6 243.6 261.1 389.6 224.7 220.0 141.8 287.3 259.0 509.7 341.2 130.9 403.7 474.2 551.0 271.0 393.3 300.4 430.7 281.5 280.6 421.0 0.0 505.8
1635.0 318.8 183.3 382.0 280.1 196.2 347.5 114.1 208.1 237.4 228.2 164.2 477.4 152.5 244.3 127.0 167.4 313.8 390.4 552.5 464.8 175.3 164.2 150.7 280.3 340.8 193.1 236.8 86.8 302.4 196.8 397.1 329.0 355.0 87.7 243.0 279.6 212.8 164.7 294.0 304.2 389.6 371.5 261.2 370.9 161.2 347.7 242.3 356.2 222.3 354.1 315.8 136.7 187.3 205.7 426.1 188.5 129.0 255.7 455.1 143.5 263.0 256.6 128.9 380.1 245.9 380.5 215.3 384.3 82.8 239.8 363.7 358.7 355.5 185.0 369.6 227.0 157.8 450.6 126.8 197.3 257.5 355.9 181.9 234.4 153.8 366.4 212.8 144.1 404.9 0.0
