Name		2399_BED-Amazon_n76_m181_bt30
Number_of_Customers	76
Number_of_Items		181
Number_of_ItemTypes	30
Number_of_Vehicles	1
TimeWindows		0
Dist_type	manual

VEHICLE
Mass_Capacity	1208
CargoSpace_Length	174
CargoSpace_Width	97
CargoSpace_Height	105

CUSTOMERS
i	x	y	Demand	ReadyTime	DueDate	ServiceTime	DemandedMass	DemandedVolume
0	47.937344	-122.244952	0	0	0	0	0	0
1	47.6575	-122.318069	1	0	0	0	4.7	1380
2	47.659688	-122.32621	1	0	0	0	4.7	1380
3	47.65611	-122.325675	1	0	0	0	2.5	3978
4	47.662844	-122.327248	1	0	0	0	4.7	1380
5	47.658674	-122.320822	1	0	0	0	4.7	1380
6	47.664562	-122.324002	3	0	0	0	8.96	10848
7	47.656451	-122.326817	2	0	0	0	7.2	5358
8	47.664982	-122.32625	6	0	0	0	32.11	29060
9	47.66087	-122.323136	1	0	0	0	7.3	3640
10	47.656767	-122.317971	4	0	0	0	46.52	43660
11	47.656904	-122.326803	2	0	0	0	8.62	13800
12	47.662251	-122.325096	2	0	0	0	7.71	6924
13	47.661924	-122.32725	3	0	0	0	8.35	7164
14	47.658262	-122.326239	2	0	0	0	2.29	6040
15	47.657698	-122.327446	1	0	0	0	4.7	1380
16	47.657291	-122.314135	3	0	0	0	11.84	18883
17	47.662906	-122.325077	2	0	0	0	6.45	5988
18	47.659974	-122.320828	5	0	0	0	29.46	24513
19	47.66089	-122.320062	2	0	0	0	12.0	5020
20	47.662648	-122.326178	1	0	0	0	4.8	6200
21	47.661052	-122.325338	1	0	0	0	14.1	4140
22	47.656905	-122.324534	1	0	0	0	0.7	2640
23	47.657612	-122.316696	3	0	0	0	8.51	14384
24	47.661534	-122.32403	7	0	0	0	32.53	64960
25	47.65433	-122.32788	4	0	0	0	16.99	27912
26	47.655531	-122.324338	1	0	0	0	2.91	13520
27	47.66372	-122.327205	2	0	0	0	6.6	2556
28	47.660449	-122.326201	2	0	0	0	3.45	11712
29	47.655539	-122.326481	1	0	0	0	4.7	1380
30	47.660156	-122.325122	2	0	0	0	8.0	6280
31	47.66386	-122.322872	1	0	0	0	1.59	3400
32	47.65979	-122.313989	3	0	0	0	7.3	5196
33	47.66208	-122.32619	2	0	0	0	8.52	8980
34	47.656559	-122.327845	1	0	0	0	4.7	1380
35	47.661791	-122.319551	4	0	0	0	9.39	33798
36	47.663165	-122.326772	1	0	0	0	0.7	2640
37	47.659441	-122.326212	1	0	0	0	7.3	3640
38	47.654512	-122.32035	1	0	0	0	7.3	3640
39	47.658715	-122.314363	1	0	0	0	4.7	1380
40	47.660622	-122.325121	2	0	0	0	6.85	2460
41	47.657445	-122.325655	1	0	0	0	7.57	28120
42	47.664267	-122.326151	1	0	0	0	1.9	1176
43	47.657228	-122.326797	1	0	0	0	4.7	1380
44	47.658641	-122.32728	1	0	0	0	4.7	1380
45	47.659808	-122.315059	2	0	0	0	8.52	8980
46	47.656712	-122.325664	3	0	0	0	14.5	15536
47	47.663693	-122.32616	4	0	0	0	13.18	27108
48	47.663211	-122.32402	3	0	0	0	11.85	10008
49	47.66198	-122.328261	3	0	0	0	11.33	12556
50	47.657173	-122.323662	1	0	0	0	4.8	6200
51	47.657112	-122.327837	1	0	0	0	3.01	5544
52	47.657841	-122.314374	2	0	0	0	14.4	10716
53	47.657968	-122.314371	2	0	0	0	10.8	8040
54	47.653387	-122.326072	3	0	0	0	20.59	18560
55	47.66021	-122.325033	1	0	0	0	4.7	1380
56	47.658134	-122.315523	1	0	0	0	4.7	1380
57	47.658014	-122.327283	1	0	0	0	9.4	2760
58	47.662621	-122.32817	1	0	0	0	2.19	6006
59	47.657988	-122.321871	1	0	0	0	3.01	5544
60	47.659736	-122.322954	1	0	0	0	4.7	1380
61	47.660002	-122.326202	1	0	0	0	4.8	6200
62	47.662458	-122.327265	2	0	0	0	8.2	10596
63	47.656237	-122.319789	1	0	0	0	2.5	3978
64	47.656118	-122.32785	1	0	0	0	7.3	3640
65	47.655971	-122.323479	1	0	0	0	4.7	1380
66	47.658967	-122.319782	1	0	0	0	4.7	1380
67	47.658319	-122.324074	1	0	0	0	1.75	4608
68	47.658722	-122.315513	1	0	0	0	2.1	6032
69	47.657487	-122.31673	1	0	0	0	1.4	5280
70	47.664639	-122.328258	4	0	0	0	28.85	15780
71	47.657612	-122.316697	1	0	0	0	4.7	1380
72	47.663012	-122.328253	2	0	0	0	14.93	20488
73	47.664415	-122.327195	3	0	0	0	7.19	12714
74	47.663092	-122.322878	3	0	0	0	15.8	7372
75	47.659834	-122.32406	2	0	0	0	4.52	11220
76	47.660478	-122.319781	1	0	0	0	1.75	4608

ITEMS
Type	Length	Width	Height	Mass	Fragility	LoadBearingStrength
Bt1	10	10	10	14.15	1	0
Bt2	18	12	5	2.15	1	0
Bt3	21	14	4	1.9	1	0
Bt4	23	15	4	4.7	1	0
Bt5	20	18	7	1.8	1	0
Bt6	15	11	16	0.7	1	0
Bt7	34	10	10	1.59	1	0
Bt8	20	14	13	7.3	1	0
Bt9	17	13	18	2.5	1	0
Bt10	29	15	10	4.66	1	0
Bt11	24	12	16	1.75	1	0
Bt12	28	22	9	3.01	1	0
Bt13	42	13	11	2.19	1	0
Bt14	29	16	13	2.1	1	0
Bt15	31	20	10	4.8	1	0
Bt16	28	19	14	2.1	1	0
Bt17	40	19	10	3.82	1	0
Bt18	29	22	12	2.54	1	0
Bt19	25	19	17	5.29	1	0
Bt20	22	15	26	3.816	1	0
Bt21	28	18	18	2.75	1	0
Bt22	25	21	18	3.5	1	0
Bt23	50	20	10	4.73	1	0
Bt24	29	27	15	2.11	1	0
Bt25	26	20	26	2.91	1	0
Bt26	27	23	24	2.94	1	0
Bt27	39	27	16	7.63	1	0
Bt28	57	15	20	3.44	1	0
Bt29	41	20	29	3.42	1	0
Bt30	38	37	20	7.568	1	0

DEMANDS PER CUSTOMER
i	Type Quantity
1	Bt4 1	
2	Bt4 1	
3	Bt9 1	
4	Bt4 1	
5	Bt4 1	
6	Bt10 1	Bt5 1	Bt9 1	
7	Bt4 1	Bt9 1	
8	Bt4 1	Bt15 1	Bt3 2	Bt25 1	Bt11 1	Bt1 1	
9	Bt8 1	
10	Bt4 8	Bt6 1	Bt15 1	Bt29 1	
11	Bt15 1	Bt17 1	
12	Bt12 1	Bt4 1	
13	Bt3 1	Bt4 1	Bt11 1	
14	Bt6 1	Bt7 1	
15	Bt4 1	
16	Bt11 1	Bt19 1	Bt15 1	
17	Bt4 1	Bt11 1	
18	Bt3 3	Bt24 1	Bt6 1	Bt4 4	Bt2 1	
19	Bt8 1	Bt4 1	
20	Bt15 1	
21	Bt4 3	
22	Bt6 1	
23	Bt15 1	Bt6 1	Bt12 1	
24	Bt4 3	Bt26 1	Bt29 1	Bt12 2	Bt5 1	Bt2 1	Bt16 1	
25	Bt21 1	Bt26 1	Bt4 2	Bt3 1	
26	Bt25 1	
27	Bt3 1	Bt4 1	
28	Bt21 1	Bt6 1	
29	Bt4 1	
30	Bt6 1	Bt8 1	
31	Bt7 1	
32	Bt3 1	Bt4 1	Bt6 1	
33	Bt4 1	Bt17 1	
34	Bt4 1	
35	Bt11 1	Bt22 1	Bt28 1	Bt6 1	
36	Bt6 1	
37	Bt8 1	
38	Bt8 1	
39	Bt4 1	
40	Bt2 1	Bt4 1	
41	Bt30 1	
42	Bt3 1	
43	Bt4 1	
44	Bt4 1	
45	Bt17 1	Bt4 1	
46	Bt15 1	Bt9 2	Bt4 1	
47	Bt4 1	Bt25 1	Bt17 1	Bt11 1	
48	Bt4 2	Bt11 1	Bt6 1	
49	Bt23 1	Bt4 1	Bt3 1	
50	Bt15 1	
51	Bt12 1	
52	Bt4 2	Bt9 2	
53	Bt4 2	Bt6 2	
54	Bt4 2	Bt15 2	Bt7 1	
55	Bt4 1	
56	Bt4 1	
57	Bt4 2	
58	Bt13 1	
59	Bt12 1	
60	Bt4 1	
61	Bt15 1	
62	Bt11 2	Bt4 1	
63	Bt9 1	
64	Bt8 1	
65	Bt4 1	
66	Bt4 1	
67	Bt11 1	
68	Bt14 1	
69	Bt6 2	
70	Bt4 5	Bt2 1	Bt6 2	Bt5 1	
71	Bt4 1	
72	Bt8 1	Bt27 1	
73	Bt2 1	Bt18 1	Bt9 1	
74	Bt3 2	Bt8 1	Bt4 1	
75	Bt6 1	Bt20 1	
76	Bt11 1	

DISTANCE MATRIX
0.0 2294.0 2221.0 2317.9 2205.2 2332.2 2097.7 2299.8 2122.7 2134.9 2296.9 2293.5 2173.4 2199.2 2244.4 2278.3 2394.8 2184.7 2267.4 2230.5 2188.1 2193.3 2263.1 2404.3 2145.6 2393.0 2369.6 2202.4 2202.7 2313.4 2242.0 2090.9 2314.4 2197.2 2333.5 2213.2 2176.0 2224.5 2425.1 2371.8 2187.7 2347.6 2147.3 2289.1 2275.1 2304.7 2331.3 2156.9 2131.9 2213.0 2236.8 2316.5 2363.6 2360.6 2429.9 2173.5 2319.3 2288.6 2231.0 2360.8 2142.9 2216.5 2218.7 2360.9 2347.1 2269.2 2239.5 2208.9 2304.3 2346.0 2171.8 2404.3 2239.7 2164.0 2102.4 2179.9 2202.8
2223.9 0.0 332.6 182.1 280.5 74.0 266.3 289.8 291.3 214.6 22.9 283.5 235.1 260.9 344.4 268.3 178.9 246.4 96.4 208.1 323.1 255.0 184.0 74.9 207.3 222.9 144.1 302.2 264.4 177.6 271.8 277.5 258.3 332.2 227.2 187.9 299.7 336.1 217.0 205.1 281.3 211.8 315.9 279.1 295.3 206.5 195.5 325.5 256.6 274.7 181.5 243.0 196.9 193.9 199.3 322.1 149.9 278.6 297.2 102.6 222.6 328.1 293.9 153.4 214.6 149.3 131.5 244.5 164.5 72.0 348.1 74.9 301.4 320.0 287.8 282.0 130.2
2301.8 275.4 0.0 165.0 134.7 251.8 226.2 77.5 204.6 195.1 298.4 71.2 127.3 115.1 23.3 56.0 437.0 138.6 274.2 272.7 177.3 121.1 102.0 446.5 154.7 174.7 149.4 156.4 145.1 117.4 78.2 270.3 356.6 186.4 111.2 255.4 153.9 3.5 237.9 414.0 87.7 194.7 222.9 66.8 54.9 346.9 178.4 232.5 182.2 148.4 119.2 94.2 405.8 402.8 207.6 140.3 361.5 66.3 160.4 261.6 203.1 102.8 148.1 227.8 124.8 151.6 281.7 117.4 346.5 347.5 221.8 446.5 175.1 174.2 195.4 100.2 245.0
2299.5 262.5 184.6 0.0 212.0 238.9 228.4 99.9 281.9 192.8 285.5 93.6 148.0 192.4 154.5 78.4 434.7 159.3 261.3 270.4 220.5 141.8 83.6 337.5 191.0 197.1 171.8 233.7 222.4 142.1 98.9 272.5 354.3 229.6 133.6 253.1 208.4 188.1 260.3 411.7 108.4 29.6 300.2 89.2 105.4 344.6 13.3 309.8 202.9 216.1 100.8 116.6 403.5 400.5 230.0 176.6 359.2 88.7 237.7 244.8 200.8 180.1 225.4 211.0 147.2 133.2 279.4 99.0 344.2 334.6 289.5 337.5 242.8 251.5 216.1 136.5 242.7
2222.3 285.2 106.1 284.8 0.0 323.4 91.4 181.8 69.8 161.6 288.1 175.5 173.6 20.2 129.5 142.1 386.0 184.9 258.6 221.7 42.5 123.5 221.8 395.5 122.0 278.2 253.7 21.6 91.8 221.7 190.6 135.5 305.6 51.6 197.3 204.4 19.1 109.6 342.2 363.0 155.3 314.5 88.1 171.1 111.4 295.9 298.2 97.7 85.2 75.9 239.0 180.3 354.8 351.8 311.9 182.0 310.5 127.0 25.7 365.9 169.6 101.6 13.4 332.1 210.9 271.4 230.7 235.6 295.5 337.2 88.9 395.5 42.2 39.4 98.4 170.4 194.0
2149.8 138.3 204.6 258.2 206.4 0.0 192.2 365.9 217.2 140.5 141.2 359.6 161.0 186.8 228.0 344.4 242.0 172.3 22.3 131.1 249.0 180.9 260.1 193.2 133.2 299.0 220.2 228.1 190.3 253.7 242.7 203.4 215.0 258.1 303.3 113.8 225.6 208.1 335.3 219.0 193.3 287.9 241.8 355.2 254.1 205.3 271.6 251.4 182.5 200.6 257.6 319.1 210.8 207.8 275.4 179.1 219.9 354.7 223.1 178.7 148.5 200.1 219.8 229.5 290.7 225.4 57.4 214.5 204.9 190.3 274.0 193.2 227.3 245.9 213.7 175.8 80.0
2142.4 276.8 155.1 313.3 118.6 350.9 0.0 232.7 71.6 130.3 292.0 226.4 125.7 138.9 178.5 211.2 404.4 137.0 258.0 221.1 91.5 175.9 258.5 424.2 104.4 329.9 304.6 105.8 140.8 308.8 219.7 55.6 358.5 100.6 266.4 228.2 89.4 158.6 462.2 400.1 148.3 343.0 83.9 222.0 220.1 312.3 328.1 181.9 33.7 195.6 232.2 249.4 359.6 380.5 391.0 144.1 326.9 235.7 144.4 379.5 138.3 150.6 148.0 356.3 280.0 264.6 230.1 204.3 311.9 341.1 71.0 411.9 150.9 123.1 67.1 152.8 193.4
2324.1 197.8 231.5 77.2 261.9 174.2 336.5 0.0 325.9 307.4 220.8 141.7 252.4 248.3 204.4 113.0 376.8 263.7 196.6 305.4 304.5 246.2 107.7 272.8 264.2 97.1 71.8 283.6 257.4 39.8 203.3 391.6 389.3 313.6 70.3 288.1 281.1 235.0 160.3 403.0 216.4 106.9 344.2 137.3 155.3 379.6 96.8 353.8 307.3 243.3 126.6 86.1 394.8 391.5 148.2 249.8 347.8 138.6 243.3 184.0 315.4 227.0 253.0 150.2 57.7 94.4 231.7 172.2 362.4 272.8 315.4 272.8 265.5 298.6 320.5 209.7 254.3
2152.4 286.8 109.4 274.5 80.9 360.9 41.8 187.0 0.0 140.3 289.7 180.5 177.6 101.2 132.8 165.5 417.4 188.9 272.8 235.9 45.8 142.5 211.5 421.9 126.0 284.2 258.9 78.1 95.1 226.9 187.7 65.6 356.2 54.9 220.7 249.8 51.7 112.9 347.4 410.1 162.9 304.2 18.2 176.3 164.4 322.3 294.1 22.0 75.6 123.4 242.2 203.7 381.2 377.9 335.3 178.9 336.9 175.8 106.7 389.5 148.3 104.9 90.0 337.3 234.3 274.6 244.9 214.3 321.9 421.9 46.0 421.9 80.5 41.2 77.1 174.4 208.2
2246.3 280.7 111.1 208.0 184.6 278.9 197.8 189.9 254.5 0.0 283.6 183.6 117.4 165.0 134.5 168.4 381.5 128.7 254.1 217.2 189.9 111.2 153.2 391.0 96.0 283.1 259.7 206.3 195.0 203.5 132.1 241.9 301.1 199.0 223.6 199.9 177.8 114.6 315.2 358.5 77.8 237.7 272.8 179.2 165.2 291.4 221.4 282.4 145.3 195.8 126.9 206.6 350.3 347.3 320.0 63.6 306.0 178.7 210.3 284.8 33.0 106.6 198.0 251.0 237.2 159.3 226.2 99.0 291.0 332.7 269.2 391.0 222.5 224.1 176.5 70.0 189.5
2386.0 197.0 396.7 246.2 435.3 236.1 481.4 353.9 475.5 429.8 0.0 347.6 385.0 421.7 408.5 332.4 160.9 396.3 258.5 299.4 457.5 378.8 248.1 153.2 362.1 321.3 236.9 471.8 476.4 241.7 335.9 461.7 247.8 466.6 291.3 312.8 445.4 400.2 194.0 182.1 345.4 275.9 500.1 343.2 359.4 183.5 259.6 503.9 439.9 429.5 245.6 307.1 173.9 168.7 329.3 386.2 126.9 342.7 464.3 273.3 437.8 392.2 426.4 177.8 278.7 213.4 293.6 308.6 141.5 300.5 506.1 153.2 456.2 486.8 453.1 346.1 293.7
2330.4 204.1 237.8 83.5 268.2 180.5 355.1 6.2 332.2 313.7 227.1 0.0 260.9 254.6 213.3 119.3 385.1 270.0 202.9 266.3 310.8 252.5 114.0 279.3 270.5 103.6 78.1 289.9 264.5 46.1 209.6 397.9 395.6 320.5 76.6 294.6 287.4 241.3 166.6 409.3 222.7 113.2 350.5 143.6 161.6 385.9 104.0 361.8 313.6 249.6 132.9 92.4 401.1 397.8 154.7 256.1 354.1 144.9 249.6 190.3 321.7 233.3 259.5 156.5 64.0 100.7 238.0 178.5 368.7 279.1 321.7 279.1 284.6 304.9 326.8 216.0 260.6
2211.2 290.3 136.0 314.2 89.5 328.5 96.3 211.4 96.5 131.2 291.0 207.1 0.0 103.5 162.0 192.1 393.1 9.1 261.5 194.0 72.4 160.9 259.4 400.6 89.4 308.6 285.5 84.5 122.5 309.7 204.7 124.4 308.5 82.1 247.3 209.5 60.3 139.5 374.0 368.1 169.4 343.9 153.2 202.9 201.0 298.8 334.7 164.5 52.6 147.8 233.1 230.3 357.7 354.7 359.7 151.6 315.6 216.6 115.3 357.1 139.2 131.5 96.4 357.2 260.9 265.5 235.8 205.2 300.6 400.6 179.5 400.6 144.6 101.7 65.8 137.8 199.1
2241.9 264.9 103.1 264.5 19.5 303.1 128.0 161.5 83.4 123.8 264.6 152.0 93.8 0.0 123.3 121.8 367.7 105.1 235.1 198.2 62.1 100.0 201.5 372.0 135.6 257.9 233.4 41.2 114.4 201.4 176.6 155.1 282.1 74.2 177.0 180.9 38.7 106.6 321.9 342.7 131.8 294.2 107.7 150.8 91.1 272.4 274.7 120.3 98.8 52.4 218.7 160.0 331.3 328.3 291.6 132.4 290.2 113.0 45.2 345.6 131.8 98.6 4.6 311.8 190.6 251.1 210.4 216.9 275.2 313.7 105.6 375.2 64.7 58.5 112.0 120.8 173.7
2294.5 252.0 138.8 141.6 166.2 228.4 239.4 51.5 233.5 187.8 272.4 47.6 145.2 152.6 0.0 32.6 431.7 154.3 248.2 232.6 208.8 136.8 78.6 324.4 183.4 148.7 126.0 185.3 177.4 94.0 91.3 267.5 346.7 218.5 87.8 248.1 185.4 142.3 214.5 406.7 107.0 171.3 254.4 43.4 59.6 337.0 162.1 265.7 195.3 170.3 95.8 70.8 395.9 395.2 199.8 171.6 354.2 40.3 191.9 238.2 195.8 134.3 154.7 204.4 101.4 128.2 274.4 94.0 339.2 327.0 244.3 327.0 209.8 202.9 208.5 128.9 237.7
2290.8 232.8 121.4 137.9 148.8 209.2 219.7 34.9 218.7 184.1 255.8 28.6 139.3 129.2 91.3 0.0 426.0 150.6 231.6 261.7 191.4 133.1 74.9 307.8 182.3 132.1 106.8 170.5 159.2 74.8 90.2 263.8 345.6 200.5 55.1 244.4 168.0 124.9 195.3 403.0 99.7 167.6 237.0 24.2 42.2 335.9 151.3 246.6 194.2 137.6 92.1 38.1 394.8 391.8 165.0 167.9 350.5 25.5 160.1 219.0 192.1 116.9 162.2 185.2 68.7 124.5 266.7 90.3 335.5 304.9 211.0 307.8 164.3 188.3 207.4 127.8 234.0
2377.9 188.9 388.6 238.1 370.6 228.0 390.8 344.0 418.4 304.7 162.6 342.1 327.8 351.0 403.0 324.3 0.0 336.5 248.6 366.1 413.2 368.9 240.0 103.3 295.6 311.4 228.8 392.3 357.1 233.6 330.4 402.0 128.4 424.9 283.2 246.3 389.8 392.1 175.6 43.9 339.9 267.8 440.4 335.1 351.3 122.0 254.1 452.6 344.9 363.0 237.5 299.0 20.1 27.3 309.1 378.1 96.8 337.2 387.3 265.2 312.7 384.1 359.9 169.7 270.6 205.3 285.5 300.5 81.8 216.1 441.4 105.1 394.1 409.6 376.1 336.2 285.6
2199.9 279.0 124.7 302.9 78.2 317.2 72.7 202.3 87.4 119.9 281.9 195.8 131.9 98.5 148.1 180.8 384.8 0.0 252.4 182.7 61.1 151.8 248.1 389.3 80.3 299.5 274.2 75.4 110.4 298.4 195.6 113.1 299.4 70.8 236.0 198.2 49.0 128.2 362.7 356.8 154.5 332.6 141.9 191.6 189.7 289.7 322.5 151.8 43.5 138.7 221.8 219.0 348.6 344.5 350.6 140.3 304.3 205.3 104.0 345.8 127.9 120.2 87.3 345.9 249.6 254.2 224.5 193.9 289.3 331.0 170.4 389.3 120.5 90.4 56.7 128.7 187.8
2127.4 172.2 182.2 318.5 184.0 210.4 169.8 259.8 194.8 118.1 175.1 253.5 138.6 161.4 205.6 238.3 263.6 149.9 0.0 75.9 226.6 158.5 320.4 282.5 110.8 359.3 280.5 205.7 168.7 314.0 220.3 181.0 192.6 235.7 363.6 91.4 203.2 185.7 369.2 250.0 170.9 348.2 219.4 249.1 231.7 182.9 323.7 229.3 160.1 178.2 220.0 276.5 241.8 238.8 388.6 156.7 197.5 247.3 200.7 239.0 126.1 177.7 175.1 289.8 351.0 285.7 117.7 192.1 182.5 224.2 254.8 282.5 204.9 220.7 191.3 153.4 81.0
2219.8 143.0 274.6 265.2 276.4 157.1 294.0 372.9 264.5 210.5 166.2 366.4 233.2 262.8 300.6 351.4 275.1 242.3 69.6 0.0 319.0 250.9 267.1 282.6 203.2 306.0 227.2 298.1 261.1 260.7 354.9 273.4 192.7 328.7 310.3 91.5 295.6 278.1 360.3 250.1 266.9 294.9 311.8 362.2 378.4 158.0 285.7 323.1 252.5 270.6 264.6 326.1 241.9 238.6 312.6 249.1 197.6 361.7 293.1 185.7 218.5 270.1 267.5 236.5 297.7 232.4 64.4 327.6 182.6 282.6 324.5 282.6 310.1 313.1 261.0 245.8 27.7
2223.9 258.3 63.5 228.6 83.3 296.5 174.8 141.1 153.2 117.2 261.2 134.8 90.4 63.7 86.9 119.6 359.1 101.7 231.7 194.8 0.0 96.6 165.6 368.6 91.6 238.3 213.0 105.0 49.2 181.0 141.8 218.9 278.7 9.0 174.8 177.5 102.5 67.0 301.5 336.1 113.4 258.3 171.5 130.4 118.5 269.0 242.0 181.1 168.6 77.5 182.8 157.8 327.9 324.9 271.2 125.8 283.6 129.9 100.0 325.1 125.2 59.0 96.7 291.4 188.4 215.2 203.8 181.0 268.6 310.3 150.9 368.6 104.2 122.8 181.8 114.2 167.1
2203.1 237.5 152.5 279.4 142.1 275.7 132.9 230.1 151.3 96.4 240.4 223.6 52.5 96.3 178.5 208.6 338.3 63.8 210.9 141.2 125.0 0.0 224.6 347.8 70.8 327.3 331.1 139.3 99.8 274.9 160.3 177.0 257.9 134.7 263.8 156.7 112.9 156.0 434.5 315.3 122.8 309.1 205.8 219.4 198.6 248.2 292.8 209.6 107.4 110.1 198.3 246.8 307.1 301.9 378.4 105.0 262.8 214.2 132.6 304.3 104.4 148.0 107.0 322.4 277.4 230.7 183.0 170.4 247.8 289.5 186.7 347.8 136.8 154.3 120.6 93.4 146.3
2288.3 178.8 148.5 62.9 217.8 155.2 217.2 105.7 235.6 181.6 201.8 99.4 136.8 198.2 160.3 84.2 357.8 148.1 177.6 259.2 209.3 130.6 0.0 253.8 156.4 138.0 136.0 223.6 228.2 58.4 87.7 261.3 343.1 218.4 108.0 241.9 197.2 152.0 191.5 400.5 97.2 92.6 290.1 95.0 111.2 333.4 76.3 299.7 191.7 221.9 66.2 122.4 392.3 389.3 193.0 142.0 348.0 94.5 243.5 161.1 189.6 144.0 231.2 127.3 95.4 98.6 212.7 64.4 333.0 250.9 295.3 253.8 248.6 241.4 204.9 101.9 231.5
2254.0 98.8 288.1 266.1 289.9 256.0 295.2 373.8 320.8 224.0 101.7 367.3 244.5 267.3 314.1 352.3 112.4 255.8 278.4 178.5 332.5 264.4 268.0 0.0 216.7 341.2 256.8 311.6 273.8 261.6 355.8 307.0 155.9 341.6 311.2 167.4 309.1 291.6 250.9 89.4 368.9 295.8 378.1 363.1 379.3 95.6 272.0 387.7 266.0 284.1 265.5 327.0 81.2 76.0 364.9 262.6 54.9 362.6 306.6 201.5 232.0 283.6 281.0 197.7 298.6 233.3 220.3 328.5 66.8 0.0 360.7 0.0 323.6 326.6 297.2 259.3 183.6
2176.0 210.4 107.4 252.3 96.9 248.6 131.9 185.0 166.8 69.3 213.3 178.7 51.5 74.3 130.8 163.5 311.2 62.8 183.8 146.9 123.4 71.4 209.5 320.7 0.0 282.2 256.9 118.6 80.8 224.9 115.2 146.4 230.8 132.5 218.7 129.6 111.3 110.9 345.4 288.2 74.1 282.0 185.1 174.3 153.5 221.1 258.2 194.7 49.2 91.1 171.2 201.7 280.0 274.8 333.3 59.9 235.7 169.1 113.6 277.2 77.3 102.9 88.0 295.3 232.3 203.6 155.9 143.3 220.7 320.7 167.7 320.7 130.6 133.6 80.4 48.3 119.2
2343.4 217.1 234.7 96.5 262.1 193.5 333.0 148.2 332.0 297.4 240.1 141.9 252.6 239.5 204.6 113.2 396.1 263.9 215.9 324.7 304.7 246.4 127.0 292.1 295.6 0.0 91.1 283.8 272.5 59.1 203.5 377.1 408.6 313.8 70.5 307.4 281.3 238.2 186.7 422.3 213.0 126.2 350.3 137.5 155.5 398.9 102.4 354.1 307.5 249.6 145.9 86.3 414.1 410.8 137.8 281.2 367.1 138.8 272.1 203.3 305.4 230.2 253.2 169.5 57.9 113.7 251.0 203.6 381.7 289.2 326.2 292.1 289.1 298.8 320.7 241.1 273.6
2252.2 125.9 219.5 34.8 246.9 102.3 263.3 134.8 316.8 227.7 148.9 128.5 182.9 227.3 189.4 113.3 304.9 194.2 124.7 233.5 255.4 176.7 83.3 200.9 225.9 92.1 0.0 268.6 257.3 48.3 133.8 307.4 317.4 264.5 97.9 216.2 243.3 223.0 88.4 331.1 143.3 64.5 335.1 124.1 140.3 307.7 48.2 344.7 237.8 251.0 102.2 113.7 322.9 319.9 88.1 211.5 275.9 123.6 270.9 148.9 235.7 215.0 260.3 92.4 85.3 70.0 159.8 133.9 290.5 198.0 324.4 200.9 277.7 286.4 251.0 171.4 182.4
2200.6 335.0 124.2 289.3 22.5 346.0 90.0 204.4 48.1 179.7 337.9 197.9 193.9 42.8 147.6 164.7 408.6 203.0 281.2 211.5 60.6 146.1 226.3 418.1 140.1 300.8 276.3 0.0 109.9 244.3 213.2 113.8 328.2 69.7 219.9 298.0 37.2 127.7 364.8 458.3 177.9 319.0 66.4 193.7 134.0 318.5 308.9 76.0 103.3 98.5 243.5 202.9 377.4 374.1 352.7 200.1 333.1 149.6 48.3 388.5 187.7 119.7 31.6 354.7 233.5 275.9 253.3 253.7 318.1 418.1 114.7 418.1 64.8 17.8 116.5 188.5 216.6
2272.8 307.2 14.2 179.3 105.7 266.1 217.5 91.0 174.8 166.1 309.3 85.3 105.9 92.1 40.2 70.3 410.0 114.2 279.8 210.9 148.3 96.7 116.3 417.5 168.2 188.2 163.7 126.6 0.0 131.7 91.7 241.3 326.8 158.0 125.5 226.4 124.9 17.7 252.2 385.0 67.7 209.0 193.9 81.1 69.2 317.1 199.8 205.2 157.8 116.1 133.5 108.5 376.0 372.7 239.3 154.6 332.5 80.6 131.4 275.9 174.1 9.7 96.8 242.1 139.1 165.9 252.7 131.7 317.5 417.5 192.7 417.5 156.4 142.4 171.8 113.7 216.0
2283.1 156.8 209.6 36.2 240.0 133.2 264.7 126.1 304.0 229.1 179.8 119.8 184.3 220.4 182.5 91.1 335.8 195.6 155.6 264.4 282.6 178.1 66.7 231.8 223.2 91.7 30.8 261.7 235.5 0.0 135.2 308.8 348.3 291.7 48.4 247.1 259.2 213.1 119.3 362.0 144.7 65.9 322.3 115.4 133.4 338.6 49.6 331.9 239.2 221.4 85.6 64.2 353.8 350.8 89.0 208.8 306.8 116.7 221.4 143.0 237.1 205.1 233.7 109.2 35.8 53.4 190.7 131.2 321.4 228.9 290.3 231.8 243.6 279.5 252.4 168.7 213.3
2200.5 234.9 60.7 225.8 134.2 273.1 129.4 138.3 147.8 93.8 237.8 131.8 49.0 120.6 84.1 116.8 337.7 60.3 208.3 138.6 121.5 42.8 162.8 345.2 68.2 235.5 210.2 135.8 144.6 178.2 0.0 173.5 255.3 130.6 172.0 154.1 109.4 64.2 298.7 312.7 9.4 255.5 202.3 127.6 114.8 245.6 239.2 211.9 103.9 106.6 195.7 155.0 304.5 301.2 286.6 102.4 260.2 130.4 129.1 301.7 101.8 56.2 125.3 319.8 185.6 228.1 180.4 167.8 245.2 345.2 183.2 345.2 146.1 153.6 117.1 90.8 143.7
2224.9 233.7 160.7 257.6 114.2 271.9 123.0 239.5 159.6 74.6 236.6 233.2 113.1 134.5 184.1 218.0 334.5 124.4 207.1 170.2 97.1 133.0 202.8 344.0 85.3 332.7 309.3 111.4 146.4 253.1 181.7 0.0 254.1 106.2 273.2 152.9 85.0 164.2 364.8 311.5 127.4 287.3 177.9 228.8 214.8 244.4 271.0 187.5 40.9 152.7 176.5 256.2 303.3 300.3 369.6 113.2 259.0 228.3 140.0 300.5 82.6 156.2 127.7 300.6 286.8 208.9 179.2 148.6 244.0 285.7 203.2 344.0 156.5 129.2 11.4 119.6 142.5
2267.3 191.1 301.4 322.2 303.2 265.2 344.4 429.4 369.4 237.3 193.5 423.6 257.8 280.6 324.8 408.4 130.8 269.1 287.1 224.6 345.8 277.7 324.1 191.0 230.0 396.8 312.9 324.9 287.9 317.7 412.2 355.6 0.0 354.9 367.3 180.7 322.4 304.9 267.3 74.9 290.1 351.9 391.4 419.2 435.4 152.9 335.6 401.0 279.3 297.4 321.6 383.1 97.1 93.8 402.1 275.9 119.5 418.7 319.9 293.8 245.3 296.9 294.3 253.8 354.7 289.4 233.6 384.6 111.4 243.1 374.0 191.0 336.9 342.2 310.5 272.6 196.9
2214.8 249.2 54.4 219.5 74.2 287.4 186.0 131.4 143.5 108.1 251.5 125.5 83.5 60.6 80.4 110.5 352.0 92.6 222.6 152.9 116.8 86.9 156.5 358.9 81.9 228.6 203.9 95.3 40.9 171.9 132.1 209.8 269.0 0.0 165.7 168.4 93.4 57.9 292.4 327.0 107.9 249.2 162.4 121.3 109.4 259.3 240.0 173.7 158.9 67.8 173.7 148.7 318.2 315.5 279.7 116.7 274.5 120.8 90.9 316.0 116.1 49.9 64.7 282.3 179.3 206.1 194.7 171.9 259.5 359.5 144.4 359.5 107.9 110.9 172.1 104.5 158.0
2343.7 217.4 164.1 96.8 191.5 193.8 262.4 77.6 261.4 226.8 240.4 71.3 182.0 171.9 134.0 42.6 396.4 193.3 216.2 304.4 234.1 175.8 117.6 292.4 225.0 80.8 91.4 213.2 201.9 59.4 132.9 306.5 388.3 243.2 0.0 287.1 210.7 167.6 179.9 422.6 142.4 126.5 279.7 66.9 84.9 378.6 110.2 289.3 236.9 179.0 134.8 15.7 414.4 411.4 149.6 210.6 367.4 68.2 201.5 203.6 234.8 159.6 204.9 169.8 13.5 114.0 251.3 133.0 378.2 289.5 252.4 292.4 205.7 231.0 250.1 170.5 273.9
2138.7 224.3 172.8 291.7 174.6 197.7 192.2 250.4 244.5 108.7 227.2 243.9 129.2 161.0 196.2 228.9 353.2 140.5 132.9 96.0 217.2 149.1 236.9 360.7 101.4 347.6 267.8 196.3 158.5 287.2 210.9 247.9 297.7 226.3 284.1 0.0 193.8 176.3 421.3 328.2 161.5 321.4 262.8 239.7 222.3 261.1 297.6 266.6 150.7 168.8 210.6 267.1 320.0 314.8 375.9 147.3 275.7 237.9 191.3 226.3 116.7 168.3 165.7 277.1 297.7 243.0 105.0 182.7 260.7 360.7 245.4 360.7 208.3 211.3 181.9 144.0 68.3
2227.0 281.7 86.9 252.0 29.1 319.9 96.1 164.5 74.5 142.4 284.6 158.2 154.4 49.4 110.3 143.0 382.5 165.7 255.1 218.2 23.3 174.3 189.0 392.0 102.8 261.7 236.4 26.3 72.6 204.4 165.2 140.2 302.1 32.4 198.2 200.9 0.0 90.4 324.9 359.5 136.8 281.7 92.8 153.8 140.6 292.4 265.4 102.4 66.0 100.9 206.2 181.2 351.3 348.3 294.6 162.8 307.0 153.3 54.9 348.5 150.4 82.4 42.6 314.8 211.8 238.6 227.2 216.4 292.0 333.7 118.1 392.0 71.4 44.1 79.2 151.2 190.5
2298.3 271.9 103.8 161.5 131.2 248.3 222.7 74.0 201.1 191.6 294.9 67.7 123.8 111.6 19.8 52.5 433.5 135.1 270.7 269.2 173.8 117.6 98.5 443.0 151.2 171.2 145.9 152.9 141.6 113.9 74.7 266.8 353.1 182.9 107.7 251.9 150.4 0.0 234.4 410.5 84.2 191.2 219.4 63.3 51.4 343.4 174.9 229.0 178.7 144.9 115.7 90.7 402.3 399.3 204.1 136.8 358.0 62.8 156.9 258.1 199.6 99.3 144.6 224.3 121.3 148.1 278.2 113.9 343.0 344.0 218.3 443.0 171.6 170.7 191.9 96.7 241.5
2287.3 161.0 316.0 122.9 343.9 137.4 329.7 222.9 354.7 349.1 184.0 216.6 304.3 324.3 277.5 201.4 190.3 315.6 159.8 268.6 376.8 298.1 167.4 252.7 270.7 166.8 88.0 365.6 345.4 161.0 255.2 340.9 300.8 385.9 210.6 251.3 364.7 319.5 0.0 217.1 264.7 152.6 379.3 212.2 228.4 297.0 136.3 388.9 320.0 338.1 164.9 226.4 195.1 197.9 82.3 305.5 244.4 211.7 383.6 184.0 357.1 311.5 357.3 127.5 198.0 132.7 194.9 227.9 255.0 233.1 411.5 252.7 364.8 383.4 372.4 265.4 217.5
2301.6 128.4 335.7 254.8 337.5 244.7 357.7 362.5 382.7 271.6 131.3 356.2 292.1 317.9 417.1 341.0 53.8 303.4 267.1 258.9 380.1 312.0 256.7 121.8 264.3 329.9 245.5 359.2 321.4 250.3 344.5 368.9 76.7 389.2 299.9 215.0 356.7 339.2 192.3 0.0 354.0 284.5 407.3 351.8 368.0 90.7 268.2 416.9 313.6 331.7 254.2 315.7 22.6 19.6 274.7 394.8 56.8 351.3 354.2 231.1 279.6 331.2 350.9 186.4 287.3 222.0 302.2 317.2 48.7 180.4 405.1 121.8 358.4 377.0 344.8 354.7 302.3
2191.0 225.4 140.4 267.3 129.1 263.6 135.9 218.0 134.7 84.3 224.7 211.5 41.7 89.3 166.4 196.5 328.2 50.8 195.2 129.1 112.0 33.3 212.5 332.1 55.1 311.6 319.0 122.7 87.6 262.8 144.6 164.0 242.2 121.7 251.7 144.6 99.9 143.9 422.4 303.2 0.0 297.0 192.8 207.3 186.5 232.5 287.8 204.1 90.8 97.1 186.2 234.7 291.4 291.7 362.7 92.9 250.7 202.1 119.6 292.2 92.3 135.9 94.0 310.3 265.3 218.6 170.9 158.3 235.7 335.7 170.1 335.7 136.6 141.3 104.0 81.3 134.2
2269.8 232.8 154.9 116.9 182.3 209.2 198.7 70.2 252.2 163.1 255.8 63.9 118.3 162.7 124.8 48.7 405.0 129.6 231.6 240.7 190.8 112.1 53.9 307.8 161.3 167.4 142.1 204.0 192.7 112.4 69.2 242.8 324.6 199.9 103.9 223.4 178.7 158.4 230.6 382.0 78.7 0.0 270.5 59.5 75.7 314.9 130.3 280.1 173.2 186.4 71.1 86.9 373.8 370.8 200.3 146.9 329.5 59.0 208.0 215.1 171.1 150.4 195.7 181.3 117.5 103.5 249.7 69.3 314.5 304.9 259.8 307.8 213.1 221.8 186.4 106.8 213.0
2260.5 285.9 91.1 256.2 62.6 324.1 129.6 168.7 108.0 164.6 288.8 162.4 176.6 82.9 114.5 147.2 386.7 187.9 259.3 222.4 27.5 124.2 193.2 396.2 125.0 265.9 240.6 59.8 76.8 208.6 169.4 173.7 306.3 36.6 202.4 205.1 33.4 94.6 329.1 363.7 141.0 285.9 0.0 158.0 146.1 296.6 269.6 9.5 88.2 105.1 210.4 185.4 355.5 352.5 298.8 153.4 311.2 157.5 88.4 352.7 172.6 86.6 76.1 319.0 216.0 242.8 231.4 208.6 296.2 337.9 151.6 396.2 104.9 77.6 101.4 141.8 194.7
2334.8 208.5 242.2 87.9 272.6 184.9 358.2 10.7 336.6 318.1 231.5 4.4 263.1 253.0 215.1 123.7 387.5 274.4 207.3 316.1 315.2 256.9 118.4 283.5 274.9 107.8 82.5 294.3 268.1 50.5 214.0 402.3 400.0 324.3 81.0 298.8 291.8 245.7 171.0 413.7 223.5 117.6 354.9 0.0 166.0 390.3 101.3 364.5 318.0 254.0 137.3 96.8 405.5 402.5 140.7 260.5 358.5 149.3 254.0 194.7 326.1 237.7 266.3 160.9 68.4 105.1 242.4 182.9 373.1 280.6 322.9 283.5 276.2 312.1 331.2 220.4 265.0
2273.6 268.2 79.1 173.3 106.5 244.6 198.0 70.3 176.4 166.9 291.2 64.0 135.0 86.9 49.0 30.6 408.8 146.3 281.4 244.5 149.1 128.8 110.3 418.3 162.4 166.7 142.2 128.2 116.9 110.2 85.9 242.1 328.4 158.2 85.8 227.2 125.7 82.6 230.7 385.8 95.4 203.0 194.7 59.6 0.0 318.7 186.7 204.3 191.8 135.7 127.5 68.8 377.6 374.6 200.4 148.0 333.3 15.6 132.2 254.4 174.9 74.6 119.9 220.6 99.4 159.9 253.5 125.7 318.3 340.3 195.4 418.3 148.7 146.0 205.0 107.9 216.8
2248.1 139.3 282.2 278.0 284.0 213.4 289.3 385.7 324.2 218.1 142.2 379.2 240.8 264.4 305.6 364.2 144.3 249.9 173.5 171.9 326.6 258.5 279.9 151.8 210.8 353.1 268.7 305.7 267.9 273.5 367.7 310.4 142.2 336.3 323.1 161.5 303.2 285.7 287.4 119.3 274.5 307.7 348.8 375.0 391.2 0.0 291.4 352.6 260.1 278.2 277.4 338.9 111.1 107.8 376.8 256.7 66.8 374.5 300.7 242.0 226.1 277.7 275.1 209.6 310.5 245.2 214.4 340.4 51.8 151.8 354.8 151.8 304.9 320.7 291.3 253.4 166.2
2286.1 249.1 171.2 133.2 198.6 225.5 231.0 80.3 261.4 179.4 265.9 80.0 136.8 185.0 143.7 65.0 423.3 153.4 256.1 224.2 207.1 128.4 70.2 324.1 170.5 176.6 158.4 227.8 209.8 128.7 85.5 259.1 348.4 216.8 120.2 232.6 195.0 174.7 246.9 398.3 98.6 16.2 286.8 75.8 92.0 338.7 0.0 298.1 197.0 202.7 87.4 103.2 390.1 386.8 227.7 163.2 345.8 82.8 224.3 231.4 187.4 166.7 197.2 197.6 133.8 119.8 266.0 85.6 330.8 324.1 272.2 324.1 242.2 235.3 195.6 116.0 229.3
2250.9 276.3 81.5 246.6 53.0 314.5 120.1 164.9 96.7 155.0 278.9 152.6 169.2 67.0 107.5 137.6 379.1 184.1 249.4 180.0 17.9 112.9 183.6 384.9 113.7 256.3 231.0 56.0 68.0 199.0 159.5 164.1 296.7 27.6 192.8 193.8 23.8 85.0 319.5 354.1 135.0 276.3 116.7 148.4 136.5 292.8 258.3 0.0 76.9 93.8 200.8 175.8 351.7 342.6 305.7 143.8 301.6 153.7 78.8 343.1 163.0 77.0 67.9 309.4 206.4 233.2 221.8 199.0 286.6 386.6 143.5 386.6 108.1 65.2 97.6 138.0 185.1
2183.9 260.8 131.3 290.9 84.8 299.0 41.5 208.9 130.2 107.9 263.7 202.4 104.1 98.8 154.7 187.4 361.6 113.2 234.2 164.5 67.7 121.8 236.1 371.1 50.3 306.1 280.8 82.0 117.8 286.4 165.6 97.1 281.2 76.8 242.6 180.0 55.6 134.8 369.3 338.6 128.1 320.6 148.5 198.2 196.3 271.5 296.8 152.3 0.0 141.5 209.8 225.6 330.4 325.2 357.2 110.3 286.1 211.9 110.6 327.6 115.9 126.8 93.9 333.9 256.2 242.2 206.3 181.9 271.1 312.8 177.0 371.1 139.9 97.0 44.7 98.7 169.6
2265.9 323.4 161.6 323.0 58.2 361.6 155.3 220.0 113.4 219.9 326.3 213.5 234.1 58.4 185.0 180.3 424.2 243.2 296.8 259.9 100.8 161.7 260.0 433.7 180.3 316.4 291.9 79.9 150.9 259.9 228.8 179.1 343.8 109.9 235.5 242.6 77.4 165.1 380.4 401.2 193.5 352.7 131.7 209.3 149.6 334.1 328.9 143.0 143.5 0.0 277.2 218.5 393.0 387.8 368.3 190.9 348.7 165.2 22.4 404.1 227.9 157.1 47.2 370.3 249.1 309.6 268.9 275.4 333.7 433.7 76.5 433.7 26.6 97.7 156.7 179.3 232.2
2301.8 175.5 165.0 81.0 234.3 151.9 233.7 122.2 252.1 198.1 198.5 115.9 153.3 214.7 160.9 100.7 354.5 164.6 174.3 275.7 225.8 147.1 82.9 250.5 154.9 156.1 132.7 240.1 244.7 76.5 104.2 277.8 359.6 234.9 126.1 258.4 213.7 168.5 188.2 380.7 113.7 110.7 306.6 111.5 127.7 349.9 94.4 316.2 204.2 238.4 0.0 138.9 372.5 369.5 187.9 140.5 364.5 111.0 260.0 157.8 206.1 160.5 247.7 124.0 113.5 32.3 209.4 62.9 349.5 247.6 311.8 250.5 265.1 257.9 221.4 100.4 248.0
2360.7 234.4 148.3 113.8 175.7 210.8 246.6 61.8 245.6 211.0 257.4 55.5 166.2 156.1 118.2 26.8 413.4 177.5 233.2 288.6 218.3 160.0 101.8 309.4 209.2 97.8 108.4 197.4 186.1 76.4 117.1 290.7 372.5 227.4 16.9 271.3 194.9 151.8 196.9 429.9 126.6 143.5 263.9 51.1 69.1 362.8 127.2 273.5 221.1 163.2 119.0 0.0 421.7 418.7 166.6 194.8 377.4 52.4 185.7 220.6 219.0 143.8 189.1 186.8 30.5 151.4 268.3 117.2 362.4 306.5 236.6 309.4 189.9 215.2 234.3 154.7 260.9
2371.9 182.9 382.6 232.1 348.6 222.0 353.9 339.8 393.8 282.7 142.4 333.3 303.2 326.0 394.4 318.3 33.1 314.5 244.4 357.5 391.2 364.7 234.0 99.1 275.4 307.2 222.8 370.3 332.5 227.6 321.8 380.0 105.6 400.3 277.2 226.1 367.8 386.1 169.6 21.9 331.3 261.8 418.4 329.1 345.3 101.8 238.0 422.2 324.7 342.8 231.5 293.0 0.0 2.8 304.9 372.1 90.8 328.6 365.3 259.2 290.7 378.1 339.7 163.7 264.6 199.3 279.5 294.5 59.8 191.5 419.4 99.1 369.5 385.3 355.9 332.0 279.6
2309.9 185.9 385.6 235.1 345.8 225.0 363.4 345.0 390.0 279.9 137.6 336.3 302.6 332.2 400.0 321.3 36.1 311.4 247.7 288.3 388.4 367.7 237.0 102.1 270.6 310.2 225.8 367.2 330.5 230.6 325.1 377.2 104.0 398.1 280.2 223.0 365.0 389.1 172.6 19.1 337.9 264.8 415.6 332.1 348.3 97.0 255.6 425.2 320.9 339.7 234.5 296.0 3.3 0.0 307.9 375.1 93.8 331.9 362.5 262.2 287.9 381.1 334.9 166.7 267.6 202.3 282.5 297.5 57.0 102.1 416.6 102.1 379.5 382.5 352.1 336.1 282.6
2353.9 227.6 360.6 175.9 388.0 204.0 420.4 295.7 421.3 368.8 250.6 289.4 324.0 365.4 330.5 260.7 277.9 335.3 226.4 289.8 396.5 317.8 234.0 302.6 367.0 147.4 134.4 409.7 393.9 155.5 274.9 448.5 419.1 405.6 218.0 317.9 384.4 364.1 120.9 338.1 288.0 205.6 476.2 285.0 281.4 409.4 195.5 480.0 378.9 379.0 231.5 233.8 316.1 320.9 0.0 352.6 377.6 264.7 379.0 250.6 376.8 356.1 379.1 194.1 205.4 199.3 261.5 275.0 392.2 299.7 451.1 302.6 401.2 424.7 392.1 312.5 284.1
2205.2 239.6 47.4 212.5 120.9 277.8 134.1 125.0 190.8 98.5 242.5 118.7 53.7 101.3 70.8 103.5 340.4 65.0 213.0 176.1 126.2 47.5 149.5 349.9 72.9 222.2 196.9 142.6 131.3 164.9 162.4 178.2 260.0 135.3 158.7 158.8 114.1 50.9 285.4 317.4 14.1 242.2 209.1 114.3 101.5 250.3 225.9 218.7 108.6 132.1 166.7 141.7 309.2 306.2 255.1 0.0 264.9 117.1 146.6 306.4 106.5 42.9 134.3 275.3 172.3 199.1 185.1 172.5 249.9 291.6 205.5 349.9 158.8 160.4 121.8 95.5 148.4
2272.4 161.9 361.6 211.1 308.3 201.0 323.5 318.8 348.5 242.4 115.1 312.5 262.9 288.7 373.4 297.3 78.1 274.2 223.4 229.7 350.9 282.8 213.0 84.9 235.1 286.2 201.8 330.0 292.2 206.6 300.8 334.7 120.8 360.0 256.2 185.8 327.5 365.1 216.6 55.1 310.3 240.8 373.1 308.1 324.3 56.5 224.5 382.7 284.4 302.5 210.5 272.0 46.9 43.9 257.0 351.1 0.0 307.6 325.0 238.2 250.4 357.1 321.7 142.7 243.6 178.3 258.5 273.5 14.5 164.2 375.9 84.9 329.2 347.8 315.6 311.0 258.6
2290.3 252.6 95.8 157.7 123.2 229.0 235.0 54.7 193.1 183.6 275.6 48.4 153.9 100.6 65.7 15.0 425.5 163.0 251.4 228.4 165.8 145.5 94.7 327.6 179.1 151.1 126.6 144.9 133.6 94.6 102.6 258.8 345.1 174.9 70.2 243.9 142.4 99.3 215.1 402.5 112.1 187.4 211.4 44.0 16.7 335.4 177.3 221.3 208.5 152.4 111.9 53.2 394.3 391.0 203.0 164.7 350.0 0.0 148.9 238.8 191.6 91.3 114.3 205.0 83.8 144.3 270.2 110.1 335.0 324.7 215.3 327.6 178.2 162.2 221.7 124.6 233.5
2255.7 300.9 139.1 300.5 35.7 339.1 124.8 197.5 103.2 197.4 303.8 191.2 209.4 35.9 162.5 157.8 401.7 220.7 274.3 237.4 78.3 139.2 237.5 411.2 157.8 293.9 269.4 57.4 127.6 237.4 206.3 168.9 321.3 87.4 213.0 220.1 54.9 142.6 357.9 378.7 171.0 330.2 121.5 186.8 127.1 311.6 313.9 131.1 121.0 91.6 254.7 196.0 370.5 367.5 327.6 168.4 326.2 142.7 0.0 381.6 205.4 134.6 12.2 347.8 226.6 287.1 246.4 252.9 311.2 352.9 63.1 411.2 16.4 75.2 134.2 156.8 209.7
2312.6 186.3 272.0 121.5 341.3 162.7 340.7 229.2 359.1 305.1 209.3 222.9 260.3 321.7 283.8 207.7 365.3 271.6 185.1 293.9 332.8 254.1 123.4 261.3 275.9 196.6 143.5 347.1 351.7 117.0 211.2 384.8 377.8 341.9 166.6 276.6 320.7 275.5 199.0 391.5 220.7 151.2 413.6 218.5 234.7 368.1 134.9 423.2 315.2 339.6 120.9 182.4 383.3 380.3 198.7 261.5 336.3 218.0 339.6 0.0 313.1 267.5 351.9 134.8 154.0 88.7 220.2 183.9 350.9 258.4 408.5 261.3 361.8 364.9 328.4 221.4 242.8
2268.0 269.4 150.8 174.9 217.1 245.8 228.5 156.8 287.0 161.3 305.3 150.5 148.1 197.5 123.7 135.3 403.2 159.4 275.8 238.9 220.6 141.9 120.1 412.7 117.7 250.0 226.6 238.8 227.5 170.4 99.0 264.2 322.8 229.7 190.5 221.6 208.5 154.3 282.1 380.2 108.5 204.6 305.3 146.1 137.3 313.1 188.3 314.9 167.0 230.8 93.8 173.5 372.0 369.0 286.9 103.3 327.7 145.6 242.8 251.7 0.0 146.3 230.5 217.9 204.1 126.2 247.9 65.9 312.7 354.4 304.2 412.7 257.5 256.6 198.2 63.2 211.2
2306.3 279.9 4.4 169.5 139.2 256.3 230.7 82.0 209.1 199.6 302.9 75.7 131.8 119.6 27.8 60.5 441.5 143.1 278.7 277.2 181.8 125.6 106.5 451.0 159.2 179.2 153.9 160.9 149.6 121.9 82.7 274.8 361.1 190.9 115.7 259.9 158.4 7.9 242.4 418.5 92.2 199.2 227.4 71.3 59.4 351.4 182.9 237.0 186.7 152.9 123.7 98.7 410.3 407.3 212.1 144.8 366.0 70.8 164.9 266.1 207.6 0.0 152.6 232.3 129.3 156.1 286.2 121.9 351.0 352.0 226.3 451.0 179.6 178.7 199.9 104.7 249.5
2231.2 276.1 114.3 275.7 8.8 314.3 100.3 172.7 78.7 170.5 279.0 166.2 184.7 4.9 137.7 133.0 376.9 193.8 249.5 179.8 51.4 114.4 212.7 386.4 130.9 269.1 244.6 30.5 100.7 212.6 181.5 144.4 296.5 60.5 188.2 195.3 28.0 117.8 333.1 353.9 149.8 305.4 97.0 162.0 102.3 286.8 289.1 100.8 94.1 66.8 229.9 171.2 345.7 340.5 321.0 143.6 301.4 117.9 34.5 356.8 178.5 109.8 0.0 323.0 201.8 262.3 221.6 228.1 286.4 328.1 100.9 386.4 51.0 45.5 107.3 132.0 184.9
2256.3 72.3 365.0 214.5 312.9 106.4 298.7 322.2 323.7 247.0 95.3 315.9 267.5 293.3 376.8 300.7 251.3 278.8 128.8 237.6 355.5 287.4 216.4 147.3 239.7 255.3 176.5 334.6 296.8 210.0 304.2 309.9 315.1 364.6 259.6 220.3 332.1 368.5 289.4 277.5 313.7 244.2 348.3 311.5 327.7 278.9 227.9 357.9 289.0 307.1 213.9 275.4 269.3 266.3 231.7 354.5 222.3 311.0 329.6 135.0 255.0 360.5 326.3 0.0 247.0 181.7 163.9 276.9 236.9 144.4 380.5 147.3 333.8 352.4 320.2 314.4 186.5
2330.1 203.8 176.7 83.2 204.1 180.2 275.0 90.2 274.0 239.4 226.8 83.9 194.6 184.5 146.6 55.2 382.8 205.9 202.6 311.4 246.7 188.4 130.2 278.8 237.6 67.2 77.8 225.8 214.5 45.8 145.5 319.1 395.3 255.8 12.6 294.1 223.3 180.2 166.3 409.0 155.0 112.9 292.3 79.5 97.5 385.6 96.6 301.9 249.5 191.6 147.4 28.3 400.8 397.8 136.0 223.2 353.8 80.8 214.1 190.0 247.4 172.2 217.5 156.2 0.0 100.4 237.7 145.6 368.4 275.9 265.0 278.8 218.3 243.6 262.7 183.1 260.3
2269.4 143.1 197.2 48.6 266.5 119.5 265.9 154.4 284.3 230.3 166.1 148.1 185.5 246.9 193.1 132.9 322.1 196.8 141.9 250.7 258.0 179.3 50.5 218.1 187.1 123.7 100.3 272.3 276.9 44.1 136.4 310.0 334.6 267.1 93.7 233.4 245.9 200.7 155.8 348.3 145.9 78.3 338.8 143.7 159.9 324.9 62.0 348.4 236.4 266.7 32.1 109.5 340.1 337.1 155.5 172.7 293.1 143.2 266.7 125.4 238.3 192.7 279.0 91.6 81.1 0.0 177.0 95.1 307.7 215.2 335.6 218.1 288.9 290.1 253.6 132.6 199.6
2242.5 78.5 351.2 200.7 299.1 92.6 284.9 308.4 309.9 233.2 101.5 302.1 253.7 279.5 363.0 286.9 257.5 265.0 115.0 223.8 341.7 273.6 202.6 153.5 225.9 241.5 162.7 320.8 283.0 196.2 290.4 296.1 307.7 350.8 245.8 206.5 318.3 354.7 295.6 283.7 299.9 230.4 334.5 297.7 313.9 298.0 214.1 344.1 275.2 293.3 200.1 261.6 275.5 272.5 217.9 340.7 228.5 297.2 315.8 121.2 241.2 346.7 312.5 172.0 233.2 167.9 0.0 263.1 243.1 150.6 366.7 153.5 320.0 338.6 306.4 300.6 172.7
2242.2 236.0 125.0 124.2 191.3 212.4 202.7 97.9 261.2 135.5 279.5 91.6 122.3 171.7 97.9 76.4 377.4 133.6 250.0 213.1 194.8 116.1 61.2 386.9 91.9 195.1 169.8 213.0 201.7 119.7 73.2 238.4 297.0 203.9 131.6 195.8 182.7 128.5 258.3 354.4 82.7 153.9 279.5 87.2 103.4 287.3 137.6 289.1 141.2 205.0 60.4 114.6 346.2 343.2 228.0 77.5 301.9 86.7 217.0 218.3 143.5 120.5 204.7 184.5 145.2 92.8 222.1 0.0 286.9 328.6 278.4 386.9 231.7 230.8 172.4 37.4 185.4
2257.8 104.5 291.9 226.1 293.7 216.0 308.9 333.8 333.9 227.8 107.4 327.5 248.3 274.1 388.4 312.3 90.4 259.6 238.4 215.1 336.3 268.2 228.0 99.9 220.5 301.2 216.8 315.4 277.6 221.6 315.8 320.1 133.1 345.4 271.2 171.2 312.9 295.4 235.5 67.4 325.3 255.8 358.5 323.1 339.3 41.9 239.5 368.1 269.8 287.9 225.5 287.0 59.2 56.2 272.0 266.4 14.9 322.6 310.4 207.2 235.8 287.4 307.1 157.7 258.6 193.3 273.5 288.5 0.0 156.5 361.3 99.9 314.6 333.2 301.0 326.0 193.9
2256.9 101.7 291.0 269.0 292.8 258.9 310.4 376.7 320.8 226.9 101.7 370.2 249.6 279.2 317.0 355.2 117.3 258.7 278.4 181.4 335.4 264.4 270.9 0.0 216.7 341.2 259.7 314.5 277.5 264.5 355.8 309.9 159.2 345.1 314.1 170.3 312.0 294.5 253.8 92.3 371.8 298.7 381.0 366.0 382.2 98.5 289.5 392.3 266.0 284.1 268.4 329.9 81.2 80.8 364.9 265.5 57.8 362.6 309.5 204.4 234.9 286.5 281.0 200.6 301.5 236.2 223.2 331.4 69.7 0.0 360.7 2.8 326.5 329.5 297.2 259.3 186.5
2189.3 323.7 146.3 311.4 85.6 397.8 78.7 223.9 36.8 177.2 326.6 217.4 214.5 99.6 169.7 202.4 449.3 225.8 309.7 272.8 82.7 179.4 248.4 458.8 162.9 321.1 295.8 63.0 132.8 263.8 224.6 102.5 393.1 91.8 257.6 286.7 88.6 149.8 384.3 447.0 196.2 341.1 55.1 213.2 197.1 359.2 312.8 58.9 112.5 160.3 279.1 240.6 418.1 412.9 372.2 215.8 373.8 212.7 73.2 426.4 185.2 141.8 94.7 374.2 271.2 311.5 281.8 251.2 358.8 458.8 0.0 458.8 34.4 44.0 114.0 211.3 245.1
2254.0 98.8 288.1 266.1 289.9 256.0 295.8 373.8 320.8 224.0 101.7 367.5 244.5 270.3 311.5 352.3 112.4 255.8 278.4 211.3 332.5 264.4 268.0 0.0 216.7 341.2 256.8 311.6 273.8 261.6 355.8 307.0 155.1 341.6 311.2 167.4 309.1 291.6 250.9 89.4 365.3 295.8 378.1 363.1 379.3 95.6 279.5 387.7 266.0 284.1 265.5 327.0 81.2 78.2 312.0 262.6 54.9 362.6 306.6 201.5 232.0 283.6 303.3 197.7 298.6 233.3 220.3 328.5 66.8 150.8 357.5 0.0 310.8 329.4 297.2 259.3 183.6
2239.2 327.4 165.6 327.0 62.2 365.6 128.6 224.0 73.9 223.9 330.3 217.5 238.1 56.1 191.6 184.3 430.2 259.5 300.8 231.1 104.8 178.0 264.0 450.0 196.6 303.3 295.9 96.2 154.9 263.9 232.8 152.4 360.1 114.5 239.5 323.8 81.4 169.1 384.4 405.2 201.1 356.7 105.0 213.3 153.6 338.1 347.5 116.3 147.5 130.4 281.2 222.5 397.0 393.7 384.6 194.9 352.7 169.2 26.4 408.1 231.9 161.1 51.2 374.3 253.1 313.6 272.9 279.4 337.7 437.7 37.0 437.7 0.0 96.9 160.7 195.6 236.2
2183.3 317.7 140.2 305.3 41.0 391.8 72.7 220.4 33.1 171.2 320.1 216.6 208.5 61.3 163.7 183.2 445.6 219.3 299.4 262.8 76.6 162.1 242.3 452.8 156.9 319.8 294.8 18.9 126.0 262.8 232.2 96.5 386.6 85.8 238.4 280.7 55.7 143.7 383.3 441.0 196.4 335.0 49.1 212.2 152.5 352.7 318.8 58.7 106.0 117.0 272.6 221.4 411.6 409.1 368.7 209.8 367.8 168.6 66.8 420.4 179.2 135.7 47.6 373.2 252.0 305.0 271.8 245.2 352.8 369.7 133.7 452.8 83.3 0.0 107.5 204.5 235.1
2187.8 222.2 149.2 246.1 147.0 260.4 164.6 228.0 216.9 63.1 225.1 221.7 101.6 133.4 172.6 206.5 323.0 112.9 195.6 125.9 189.6 121.5 191.3 332.5 73.8 321.2 297.8 168.7 130.9 241.6 170.2 220.3 242.6 198.7 261.7 141.4 166.2 152.7 353.3 300.0 115.9 275.8 235.2 217.3 203.3 232.9 259.5 239.0 123.1 141.2 165.0 244.7 291.8 288.8 376.3 101.7 247.5 216.8 163.7 289.0 71.1 144.7 138.1 289.1 275.3 197.4 167.7 137.1 232.5 332.5 217.8 332.5 167.9 186.5 0.0 108.1 131.0
2204.7 239.1 87.5 233.2 161.0 277.3 145.2 175.5 230.9 98.0 242.0 169.2 96.0 138.4 91.5 135.8 344.9 105.1 212.5 142.8 177.9 87.6 170.2 349.4 54.4 271.9 247.4 182.7 171.4 215.4 66.8 200.9 259.5 187.0 191.0 158.3 165.8 91.0 335.9 316.9 57.8 262.9 249.2 164.8 105.1 249.8 252.8 258.8 103.7 172.2 199.9 174.0 308.7 304.6 323.8 40.0 264.4 120.7 186.7 305.9 106.0 83.0 152.1 324.0 204.6 232.3 184.6 172.0 249.4 291.1 248.8 349.4 211.7 200.5 134.9 0.0 147.9
2192.0 115.2 246.8 237.4 248.6 129.3 234.4 345.1 259.4 182.7 138.4 338.8 203.2 229.0 270.2 323.6 253.8 214.5 64.5 77.8 291.2 223.1 239.3 263.3 175.4 278.2 199.4 270.3 232.5 232.9 327.1 245.6 173.4 300.3 282.5 72.2 267.8 250.3 332.5 230.8 235.5 267.1 284.0 334.4 350.6 163.7 250.8 293.6 224.7 242.8 236.8 298.3 222.6 219.6 254.6 221.3 178.3 333.9 265.3 157.9 190.7 242.3 262.0 208.7 269.9 204.6 36.6 299.8 163.3 187.5 316.2 263.3 269.5 288.1 255.9 218.0 0.0
