Name		2401_BED-Amazon_n114_m227_bt27
Number_of_Customers	114
Number_of_Items		227
Number_of_ItemTypes	27
Number_of_Vehicles	1
TimeWindows		0
Dist_type	manual

VEHICLE
Mass_Capacity	1693
CargoSpace_Length	160
CargoSpace_Width	70
CargoSpace_Height	72

CUSTOMERS
i	x	y	Demand	ReadyTime	DueDate	ServiceTime	DemandedMass	DemandedVolume
0	33.918699	-118.324843	0	0	0	0	0	0
1	34.103797	-118.445697	1	0	0	0	7.3	3640
2	34.108612	-118.448131	2	0	0	0	3.15	9888
3	34.077434	-118.437512	3	0	0	0	7.9	7998
4	34.125982	-118.447301	4	0	0	0	15.2	11638
5	34.12577	-118.447806	1	0	0	0	4.7	1380
6	34.11679	-118.447018	1	0	0	0	0.7	2640
7	34.124406	-118.449861	3	0	0	0	12.65	35080
8	34.076868	-118.432885	2	0	0	0	14.93	20488
9	34.127717	-118.443247	1	0	0	0	7.3	3640
10	34.126249	-118.443178	1	0	0	0	4.7	1380
11	34.1258	-118.443197	2	0	0	0	5.4	4020
12	34.077714	-118.438662	1	0	0	0	4.7	1380
13	34.110028	-118.445157	1	0	0	0	4.7	1380
14	34.077653	-118.434355	1	0	0	0	1.9	1176
15	34.121185	-118.443357	1	0	0	0	5.29	8075
16	34.120635	-118.448485	1	0	0	0	4.7	1380
17	34.124977	-118.449708	1	0	0	0	4.7	1380
18	34.110931	-118.447143	1	0	0	0	3.82	7600
19	34.101373	-118.445193	1	0	0	0	7.3	3640
20	34.078503	-118.437123	3	0	0	0	23.55	8860
21	34.104897	-118.445119	1	0	0	0	1.75	4608
22	34.119186	-118.448345	2	0	0	0	2.45	7248
23	34.122396	-118.445333	1	0	0	0	1.9	1176
24	34.114835	-118.446933	1	0	0	0	1.9	1176
25	34.105492	-118.444865	1	0	0	0	0.7	2640
26	34.073725	-118.428783	5	0	0	0	18.15	36424
27	34.123051	-118.449255	1	0	0	0	4.7	1380
28	34.108253	-118.44668	2	0	0	0	7.2	5358
29	34.120159	-118.446192	1	0	0	0	3.5	9216
30	34.1002	-118.44345	6	0	0	0	33.81	47717
31	34.087139	-118.433751	2	0	0	0	9.39	22444
32	34.118895	-118.442509	1	0	0	0	7.3	3640
33	34.079036	-118.435914	1	0	0	0	4.7	1380
34	34.108533	-118.44491	1	0	0	0	4.7	1380
35	34.094968	-118.440694	3	0	0	0	8.34	18924
36	34.122621	-118.442439	3	0	0	0	7.85	11268
37	34.106511	-118.444917	1	0	0	0	7.3	3640
38	34.07894	-118.438432	2	0	0	0	14.8	6780
39	34.12421	-118.444042	1	0	0	0	3.82	8580
40	34.117962	-118.444379	2	0	0	0	5.4	4020
41	34.080334	-118.432661	1	0	0	0	1.4	5280
42	34.08615	-118.435563	2	0	0	0	6.85	2460
43	34.124805	-118.447377	1	0	0	0	4.7	1380
44	34.114987	-118.444019	1	0	0	0	1.9	1176
45	34.120812	-118.447691	2	0	0	0	4.37	19825
46	34.108316	-118.445328	2	0	0	0	11.3	3936
47	34.124551	-118.443116	1	0	0	0	1.75	4608
48	34.10641	-118.443899	1	0	0	0	3.82	7600
49	34.076877	-118.431305	1	0	0	0	12.6	25520
50	34.077805	-118.432955	1	0	0	0	2.5	3978
51	34.084768	-118.431705	1	0	0	0	0.7	2640
52	34.121258	-118.44859	2	0	0	0	4.91	6720
53	34.124242	-118.443046	2	0	0	0	8.0	6280
54	34.095212	-118.44075	2	0	0	0	16.21	15885
55	34.116402	-118.44381	1	0	0	0	3.01	5544
56	34.127504	-118.44455	1	0	0	0	4.7	1380
57	34.118298	-118.442764	4	0	0	0	13.11	23740
58	34.091902	-118.438627	2	0	0	0	11.3	3936
59	34.12016	-118.443024	3	0	0	0	10.09	34560
60	34.123906	-118.447692	2	0	0	0	7.3	10178
61	34.119492	-118.445958	1	0	0	0	3.01	5544
62	34.098719	-118.442402	2	0	0	0	9.4	26273
63	34.127404	-118.443955	3	0	0	0	24.5	16116
64	34.126898	-118.449114	1	0	0	0	0.7	2640
65	34.079567	-118.432384	1	0	0	0	9.4	2760
66	34.112438	-118.446703	2	0	0	0	4.65	5058
67	34.124866	-118.444477	1	0	0	0	2.5	3978
68	34.108815	-118.444227	4	0	0	0	15.37	19826
69	34.077153	-118.434099	2	0	0	0	7.71	6924
70	34.128749	-118.449071	1	0	0	0	4.7	1380
71	34.127375	-118.448588	3	0	0	0	14.91	12282
72	34.108018	-118.445893	1	0	0	0	4.66	4350
73	34.128003	-118.444634	2	0	0	0	5.22	12880
74	34.091339	-118.436746	3	0	0	0	6.31	18584
75	34.128793	-118.446559	3	0	0	0	7.64	28956
76	34.075348	-118.431886	1	0	0	0	2.15	1080
77	34.122007	-118.44288	1	0	0	0	0.7	2640
78	34.080871	-118.429258	1	0	0	0	5.29	8075
79	34.092651	-118.439151	1	0	0	0	1.9	1176
80	34.094206	-118.440446	2	0	0	0	6.45	5988
81	34.123995	-118.449638	5	0	0	0	19.0	28992
82	34.117991	-118.446068	1	0	0	0	4.7	1380
83	34.1272	-118.447151	1	0	0	0	4.7	1380
84	34.104633	-118.445863	1	0	0	0	4.7	1380
85	34.076015	-118.421213	3	0	0	0	4.35	8424
86	34.078894	-118.43364	2	0	0	0	7.19	9251
87	34.077514	-118.435528	3	0	0	0	15.12	11536
88	34.089672	-118.434949	1	0	0	0	1.8	2520
89	34.126721	-118.448109	3	0	0	0	19.97	34512
90	34.115972	-118.443701	1	0	0	0	4.7	1380
91	34.125792	-118.443827	1	0	0	0	2.5	3978
92	34.110325	-118.447013	2	0	0	0	10.1	5400
93	34.118978	-118.446049	2	0	0	0	8.6	15792
94	34.116934	-118.444101	1	0	0	0	4.7	1380
95	34.086322	-118.429429	1	0	0	0	1.75	4608
96	34.119946	-118.448534	1	0	0	0	4.8	6200
97	34.077172	-118.435391	2	0	0	0	7.2	5358
98	34.125454	-118.445131	1	0	0	0	9.6	12400
99	34.124009	-118.447077	1	0	0	0	2.6	10400
100	34.108674	-118.447435	1	0	0	0	4.7	1380
101	34.125334	-118.447777	1	0	0	0	4.7	1380
102	34.076864	-118.435795	2	0	0	0	9.5	7580
103	34.121956	-118.443615	3	0	0	0	10.62	20444
104	34.126074	-118.449225	1	0	0	0	4.7	1380
105	34.105562	-118.446008	2	0	0	0	10.3	15040
106	34.084221	-118.434799	1	0	0	0	4.7	1380
107	34.078982	-118.436439	3	0	0	0	13.8	7540
108	34.076489	-118.433817	2	0	0	0	6.5	3900
109	34.119445	-118.447838	1	0	0	0	1.75	4608
110	34.101733	-118.445763	1	0	0	0	0.7	2640
111	34.12383	-118.44813	1	0	0	0	2.5	3978
112	34.105323	-118.445101	1	0	0	0	1.9	1176
113	34.077738	-118.43232	1	0	0	0	2.5	3978
114	34.075974	-118.434891	3	0	0	0	7.15	8628

ITEMS
Type	Length	Width	Height	Mass	Fragility	LoadBearingStrength
Bt1	18	12	5	2.15	1	0
Bt2	21	14	4	1.9	1	0
Bt3	23	15	4	4.7	1	0
Bt4	20	18	7	1.8	1	0
Bt5	15	11	16	0.7	1	0
Bt6	20	14	13	7.3	1	0
Bt7	17	13	18	2.5	1	0
Bt8	29	15	10	4.66	1	0
Bt9	24	12	16	1.75	1	0
Bt10	28	22	9	3.01	1	0
Bt11	31	20	10	4.8	1	0
Bt12	40	19	10	3.82	1	0
Bt13	25	19	17	5.29	1	0
Bt14	22	15	26	3.816	1	0
Bt15	29	25	13	1.77	1	0
Bt16	40	20	13	2.6	1	0
Bt17	29	27	15	2.11	1	0
Bt18	38	29	11	5.088	1	0
Bt19	26	20	26	2.91	1	0
Bt20	30	20	23	3.7	1	0
Bt21	29	24	21	6.7	1	0
Bt22	27	23	24	2.94	1	0
Bt23	39	27	16	7.63	1	0
Bt24	25	13	52	6.38	1	0
Bt25	57	15	20	3.44	1	0
Bt26	33	20	28	5.25	1	0
Bt27	58	40	11	12.6	1	0

DEMANDS PER CUSTOMER
i	Type Quantity
1	Bt6 1	
2	Bt9 1	Bt5 2	
3	Bt5 1	Bt7 1	Bt3 1	
4	Bt7 1	Bt3 1	Bt6 1	Bt5 1	
5	Bt3 1	
6	Bt5 1	
7	Bt11 1	Bt26 1	Bt16 1	
8	Bt6 1	Bt23 1	
9	Bt6 1	
10	Bt3 1	
11	Bt3 1	Bt5 1	
12	Bt3 1	
13	Bt3 1	
14	Bt2 1	
15	Bt13 1	
16	Bt3 1	
17	Bt3 1	
18	Bt12 1	
19	Bt6 1	
20	Bt3 3	Bt6 1	Bt1 1	
21	Bt9 1	
22	Bt9 1	Bt5 1	
23	Bt2 1	
24	Bt2 1	
25	Bt5 1	
26	Bt2 1	Bt5 5	Bt20 1	Bt9 1	Bt6 1	
27	Bt3 1	
28	Bt3 1	Bt7 1	
29	Bt9 2	
30	Bt6 1	Bt12 1	Bt19 1	Bt13 1	Bt18 1	Bt3 2	
31	Bt24 1	Bt10 1	
32	Bt6 1	
33	Bt3 1	
34	Bt3 1	
35	Bt3 1	Bt22 1	Bt5 1	
36	Bt9 1	Bt5 2	Bt3 1	
37	Bt6 1	
38	Bt5 1	Bt3 3	
39	Bt14 1	
40	Bt5 1	Bt3 1	
41	Bt5 2	
42	Bt1 1	Bt3 1	
43	Bt3 1	
44	Bt2 1	
45	Bt15 1	Bt16 1	
46	Bt3 2	Bt2 1	
47	Bt9 1	
48	Bt12 1	
49	Bt27 1	
50	Bt7 1	
51	Bt5 1	
52	Bt2 1	Bt10 1	
53	Bt6 1	Bt5 1	
54	Bt3 3	Bt17 1	
55	Bt10 1	
56	Bt3 1	
57	Bt19 1	Bt5 1	Bt11 1	Bt3 1	
58	Bt3 2	Bt2 1	
59	Bt2 1	Bt26 1	Bt22 1	
60	Bt7 1	Bt11 1	
61	Bt10 1	
62	Bt23 1	Bt15 1	
63	Bt3 4	Bt7 2	Bt5 1	
64	Bt5 1	
65	Bt3 2	
66	Bt1 1	Bt7 1	
67	Bt7 1	
68	Bt7 1	Bt6 1	Bt9 1	Bt12 1	
69	Bt3 1	Bt10 1	
70	Bt3 1	
71	Bt3 2	Bt10 1	Bt7 1	
72	Bt8 1	
73	Bt5 2	Bt12 1	
74	Bt10 1	Bt5 1	Bt16 1	
75	Bt5 1	Bt9 2	Bt25 1	
76	Bt1 1	
77	Bt5 1	
78	Bt13 1	
79	Bt2 1	
80	Bt9 1	Bt3 1	
81	Bt9 1	Bt3 2	Bt10 1	Bt22 1	Bt2 1	
82	Bt3 1	
83	Bt3 1	
84	Bt3 1	
85	Bt5 1	Bt2 1	Bt9 1	
86	Bt13 1	Bt2 1	
87	Bt3 2	Bt2 1	Bt12 1	
88	Bt4 1	
89	Bt3 2	Bt22 1	Bt23 1	
90	Bt3 1	
91	Bt7 1	
92	Bt3 2	Bt5 1	
93	Bt2 1	Bt21 1	
94	Bt3 1	
95	Bt9 1	
96	Bt11 1	
97	Bt7 1	Bt3 1	
98	Bt11 2	
99	Bt16 1	
100	Bt3 1	
101	Bt3 1	
102	Bt3 1	Bt11 1	
103	Bt10 1	Bt19 1	Bt3 1	
104	Bt3 1	
105	Bt11 2	Bt5 1	
106	Bt3 1	
107	Bt6 1	Bt4 1	Bt3 1	
108	Bt3 1	Bt4 1	
109	Bt9 1	
110	Bt5 1	
111	Bt7 1	
112	Bt2 1	
113	Bt7 1	
114	Bt3 1	Bt5 1	Bt9 1	

DISTANCE MATRIX
0.0 2191.4 2343.1 1867.4 2252.6 2243.5 2430.3 2283.1 1892.8 2356.1 2302.6 2309.5 1850.7 2322.4 1995.7 2404.9 2348.0 2264.1 2328.7 2166.6 1900.6 2232.3 2370.9 2368.5 2366.1 2338.2 1940.0 2299.1 2252.9 2371.3 2201.4 2067.1 2510.4 1944.2 2297.6 2091.0 2416.6 2270.7 1872.6 2382.8 2442.4 2020.2 1993.9 2303.5 2469.0 2351.3 2284.0 2328.9 2304.9 1947.7 1902.5 2064.1 2338.1 2333.2 2095.4 2435.0 2307.1 2496.4 2052.4 2415.2 2283.8 2372.8 2131.0 2366.7 2234.2 1978.9 2298.8 2384.5 2326.4 1982.3 2269.8 2225.2 2265.5 2320.3 2519.0 2393.3 1874.8 2371.0 2066.1 2064.9 2084.5 2281.8 2351.1 2216.9 2201.8 2125.4 1958.2 1960.8 2071.2 2248.6 2450.0 2351.7 2315.1 2360.1 2425.2 2186.4 2358.8 1967.0 2390.1 2345.2 2313.7 2274.6 1930.4 2406.0 2245.7 2213.1 1977.9 1921.2 1930.8 2379.0 2203.8 2290.8 2310.5 1916.0 1949.8
2427.6 0.0 151.6 438.6 272.2 298.0 238.8 353.3 357.7 334.0 286.8 293.7 408.0 130.9 388.1 389.1 346.3 334.3 137.2 26.0 400.5 40.8 369.2 267.1 174.6 146.7 508.9 355.7 61.4 179.8 113.8 270.2 318.9 353.0 106.1 106.7 400.8 79.2 334.6 281.4 250.9 341.7 204.2 332.0 277.5 341.8 92.5 313.1 113.4 414.3 348.9 330.8 336.4 317.4 102.3 243.5 285.0 304.9 145.3 341.6 258.4 181.3 66.7 344.6 343.9 355.6 107.3 283.1 134.9 394.7 386.9 342.3 74.0 298.2 699.4 346.0 373.5 355.2 416.3 132.8 113.2 352.0 159.6 297.9 10.3 446.9 337.0 381.9 251.6 346.9 258.5 335.9 123.6 168.6 233.7 366.8 357.1 388.1 288.7 373.7 122.2 303.1 410.9 390.2 332.4 21.6 244.6 366.0 405.1 369.5 44.3 281.3 119.0 401.8 428.0
2570.3 142.6 0.0 579.0 281.2 307.0 247.8 362.3 500.4 343.0 295.8 302.7 550.7 157.2 530.8 398.1 355.3 343.3 119.8 168.7 543.2 165.6 378.2 276.1 183.6 225.5 651.6 364.7 81.1 186.6 227.5 412.9 327.9 495.7 150.1 248.3 409.8 158.0 477.3 290.4 259.9 482.1 346.9 341.0 286.5 350.8 136.5 322.1 192.2 557.0 491.6 473.5 345.4 328.5 245.0 252.5 294.0 313.9 288.0 358.5 267.4 190.3 209.4 353.6 352.9 498.3 112.1 292.1 178.9 537.4 395.9 351.3 118.0 307.2 842.1 355.0 516.2 364.2 559.0 275.5 253.0 361.0 168.6 306.9 131.7 590.8 479.7 519.4 394.3 355.9 267.5 344.9 106.2 177.6 242.7 509.5 366.1 530.8 297.7 382.7 21.3 312.1 553.6 399.2 341.4 120.5 387.3 508.7 547.8 378.5 187.0 290.3 197.8 544.5 570.7
2129.3 384.8 534.2 0.0 654.8 682.9 623.7 738.2 113.2 718.9 671.7 676.3 18.9 515.8 96.5 774.0 731.2 719.2 522.1 360.0 48.0 425.7 754.1 652.0 559.5 531.6 248.2 740.6 444.0 564.7 363.5 258.2 703.8 93.2 491.0 285.5 785.7 464.1 66.0 666.3 635.8 205.3 185.0 716.9 662.4 724.4 475.1 698.0 498.3 151.3 161.2 257.5 721.3 702.3 288.8 628.4 669.9 687.5 249.9 732.1 641.0 566.2 322.1 732.7 728.8 184.8 492.2 668.0 517.5 83.1 771.8 727.8 458.9 680.8 712.4 728.6 133.2 740.1 259.5 258.3 278.5 736.9 544.5 682.8 395.2 320.0 146.7 84.2 264.6 729.5 643.4 720.8 506.2 553.5 618.6 379.8 742.0 80.3 673.6 758.6 507.1 688.0 33.5 772.8 717.3 404.2 171.3 72.5 89.3 754.4 397.2 666.2 503.9 119.6 46.4
2699.8 272.1 270.1 704.3 0.0 25.7 182.1 114.6 629.9 148.1 100.9 107.8 680.2 293.1 660.3 203.2 138.0 95.6 244.4 298.2 672.7 295.1 160.9 137.2 173.6 355.0 781.1 130.6 210.6 90.7 357.0 542.4 236.2 625.2 279.6 377.8 214.9 287.5 606.8 151.5 181.9 613.9 476.4 85.7 208.2 133.5 266.0 127.2 321.7 686.5 621.1 603.0 128.1 131.5 374.5 174.2 99.1 235.6 417.5 205.6 66.0 112.0 338.9 161.3 79.0 627.8 168.4 153.2 308.4 666.9 114.6 70.0 247.5 112.3 971.6 160.1 645.7 169.3 688.5 405.0 385.4 113.3 111.5 25.6 261.2 720.3 609.2 648.9 523.8 74.6 189.2 150.0 230.8 102.3 164.4 639.0 148.8 660.3 155.3 127.4 240.7 56.8 683.1 204.3 90.5 250.0 516.8 638.2 677.3 161.2 316.5 73.0 327.3 674.0 700.2
2715.9 288.2 286.2 726.9 16.6 0.0 198.2 88.8 646.0 164.8 117.6 124.5 696.3 309.2 676.4 219.9 112.2 69.8 260.5 314.3 688.8 311.2 135.1 124.9 189.7 371.1 797.2 104.8 226.7 106.8 402.1 558.5 252.9 641.3 295.7 395.0 231.6 303.6 622.9 139.2 197.7 630.0 492.5 59.9 224.3 107.7 282.1 143.9 337.8 702.6 637.2 619.1 102.3 148.2 390.6 190.3 115.8 251.7 433.6 230.2 40.2 128.1 355.0 175.4 79.4 643.9 179.8 140.9 324.5 683.0 116.4 71.8 263.6 129.0 987.7 176.8 661.8 186.0 704.6 421.1 401.5 87.5 127.6 27.4 277.3 735.2 625.3 670.2 539.9 76.4 205.3 200.5 246.9 118.4 180.5 655.1 123.0 676.4 146.5 101.6 256.8 31.0 699.2 221.0 67.9 266.1 532.9 654.3 693.4 135.4 332.6 47.2 343.4 690.1 716.3
2663.3 235.6 233.6 674.3 199.0 224.8 0.0 280.1 593.4 260.8 213.6 220.5 643.7 256.6 623.8 315.9 273.1 261.1 207.9 261.7 636.2 258.6 296.0 193.9 137.1 318.5 744.6 282.5 174.1 106.6 349.5 505.9 245.7 588.7 243.1 342.4 327.6 251.0 570.3 208.2 177.7 577.4 439.9 258.8 204.3 268.6 229.5 239.9 285.2 650.0 584.6 566.5 263.2 244.2 338.0 170.3 211.8 231.7 381.0 268.4 185.2 108.1 302.4 271.4 270.7 591.3 127.2 209.9 272.8 630.4 313.7 269.1 211.0 225.0 935.1 272.8 609.2 282.0 652.0 368.5 348.9 278.8 86.4 224.7 224.7 682.6 572.7 617.6 487.3 273.7 185.3 262.7 194.3 95.4 160.5 602.5 283.9 623.8 215.5 300.5 204.2 229.9 646.6 317.0 259.2 213.5 480.3 601.7 640.8 296.3 280.0 208.1 290.8 637.5 663.7
2760.7 333.0 331.0 769.4 115.7 99.0 243.0 0.0 690.8 254.6 242.0 248.9 741.1 354.0 721.2 344.3 82.9 28.9 305.3 359.1 733.6 356.0 105.8 169.7 234.5 415.9 842.0 34.0 271.5 153.8 417.9 603.3 310.5 686.1 340.5 438.7 356.0 348.4 667.7 184.0 242.5 672.5 537.3 132.3 269.1 134.8 326.9 268.3 382.6 747.4 682.0 663.9 73.0 272.6 435.4 235.1 205.6 296.5 474.3 346.7 85.0 172.9 399.8 265.2 58.8 688.7 224.6 185.7 369.3 727.8 127.7 67.8 308.4 218.8 1032.5 266.6 706.6 310.4 749.4 465.9 443.4 16.7 172.4 102.2 322.1 781.2 670.1 717.2 584.7 133.9 250.1 245.3 291.7 163.2 225.3 699.9 93.7 721.2 187.8 174.0 301.6 103.4 744.0 345.4 47.3 310.9 577.7 699.1 738.2 137.5 377.4 92.0 388.2 734.9 761.1
2133.4 327.4 479.1 113.2 599.7 625.5 566.3 680.8 0.0 661.5 614.3 621.2 136.4 458.4 53.3 716.6 673.8 661.8 464.7 302.6 105.9 368.3 696.7 594.6 502.1 474.2 149.4 683.2 388.9 505.1 308.4 203.1 646.4 78.7 433.6 228.1 728.3 406.7 120.3 608.9 578.4 112.6 129.9 659.5 605.0 669.3 420.0 640.6 440.9 54.8 9.6 200.1 663.9 644.9 231.4 571.0 612.5 632.4 192.5 677.0 585.9 508.8 267.0 672.1 671.4 86.0 434.8 610.6 462.4 59.9 714.4 669.8 401.5 625.7 655.0 673.5 15.7 682.7 202.1 200.9 220.5 679.5 487.1 625.4 337.8 262.6 20.5 82.4 207.2 674.4 586.0 663.4 451.1 496.1 561.2 322.4 684.6 71.0 616.2 701.2 449.7 630.6 76.1 717.7 659.9 349.1 113.9 91.7 114.1 697.0 339.8 608.8 446.5 23.1 124.9
2749.3 321.6 319.6 760.3 115.8 141.6 231.6 230.5 679.4 0.0 109.4 116.3 729.7 342.6 709.8 211.7 231.7 211.5 293.9 347.7 722.2 344.6 254.6 186.7 223.1 404.5 830.6 241.1 260.1 140.2 435.5 591.9 244.7 674.7 329.1 428.4 223.4 337.0 656.3 201.0 231.1 663.4 525.9 201.6 257.7 227.2 315.5 135.7 371.2 736.0 670.6 652.5 221.8 140.0 424.0 223.7 49.3 258.7 467.0 222.0 143.8 161.5 388.4 110.2 194.9 677.3 213.2 202.7 357.9 716.4 230.5 185.9 297.0 35.1 1021.1 173.8 695.2 177.8 738.0 454.5 434.9 229.2 161.0 141.5 310.7 768.6 658.7 703.6 573.3 190.5 238.7 158.5 280.3 151.8 213.9 688.5 242.5 709.8 153.0 243.3 290.2 172.7 732.6 212.8 206.4 299.5 566.3 687.7 726.8 254.9 366.0 166.7 376.8 723.5 749.7
2721.4 293.7 291.7 732.4 87.9 113.7 203.7 202.6 651.5 108.7 0.0 6.8 701.8 314.7 681.9 102.2 245.8 183.6 266.0 319.8 694.3 316.7 268.7 138.4 195.2 376.6 802.7 255.2 232.2 112.3 407.6 564.0 135.2 646.8 301.2 400.5 113.9 309.1 628.4 116.6 245.3 635.5 498.0 173.7 212.7 241.3 287.6 26.2 343.3 708.1 642.7 624.6 235.9 30.5 396.1 199.8 59.7 149.2 439.1 112.5 157.9 133.6 360.5 119.3 167.0 649.4 185.3 86.3 330.0 688.5 202.6 158.0 269.1 72.9 993.2 145.9 667.3 68.3 710.1 426.6 407.0 201.3 133.1 113.6 282.8 740.7 630.8 675.7 545.4 162.6 193.7 55.8 252.4 123.9 209.6 660.6 256.6 681.9 59.4 215.4 262.3 144.8 704.7 103.3 178.5 271.6 538.4 659.8 698.9 269.0 338.1 180.8 348.9 695.6 721.8
2728.3 300.6 298.6 737.0 94.8 120.6 210.6 209.5 658.4 115.6 6.8 0.0 708.7 321.6 688.8 95.3 252.7 190.5 272.9 326.7 701.2 323.6 275.6 145.3 202.1 383.5 809.6 262.1 239.1 121.4 385.5 570.9 128.3 653.7 308.1 406.3 107.0 316.0 635.3 123.5 238.4 640.1 504.9 180.6 205.8 248.2 294.5 19.3 350.2 715.0 649.6 631.5 242.8 25.7 403.0 192.9 66.6 142.3 441.9 97.7 164.8 140.5 367.4 128.8 173.9 656.3 192.2 93.2 336.9 695.4 209.5 164.9 276.0 79.8 1000.1 152.8 674.2 61.4 717.0 433.5 411.0 208.2 140.0 120.5 289.7 748.8 637.7 682.1 552.3 169.5 186.8 48.9 259.3 130.8 202.7 667.5 263.5 688.8 66.3 222.3 269.2 151.7 711.6 96.4 185.4 278.5 545.3 666.7 705.8 275.9 345.0 187.7 355.8 702.5 728.7
2110.3 365.8 517.5 16.6 638.1 663.9 604.7 719.2 136.4 699.9 652.7 659.6 0.0 496.8 115.5 755.0 712.2 700.2 503.1 341.0 64.7 406.7 735.1 633.0 540.5 512.6 264.9 721.6 427.3 545.7 375.8 241.5 684.8 112.2 472.0 265.4 766.7 445.1 47.0 647.3 616.8 194.6 168.3 697.9 643.4 707.7 458.4 679.0 479.3 170.3 144.5 238.5 702.3 683.3 269.8 609.4 650.9 670.8 226.8 707.5 624.3 547.2 305.4 710.5 709.8 201.5 473.2 649.0 500.8 102.1 752.8 708.2 439.9 664.1 693.4 711.9 152.2 721.1 240.5 239.3 258.9 717.9 525.5 663.8 376.2 299.8 132.6 103.2 245.6 712.8 624.4 701.8 489.5 534.5 599.6 360.8 723.0 97.0 654.6 739.6 488.1 669.0 50.2 756.1 698.3 387.5 152.3 89.2 112.5 735.4 378.2 647.2 484.9 138.6 69.6
2612.2 184.5 156.1 623.2 245.5 271.3 212.1 326.6 542.3 307.3 260.1 267.0 592.6 0.0 572.7 362.4 319.6 307.6 98.7 210.6 585.1 207.5 342.5 240.4 147.9 267.4 693.5 329.0 123.0 153.1 298.4 454.8 292.2 537.6 192.0 291.3 374.1 199.9 519.2 254.7 224.2 526.3 388.8 305.3 250.8 315.1 178.4 286.4 234.1 598.9 533.5 515.4 309.7 290.7 286.9 216.8 258.3 278.2 329.9 314.9 231.7 154.6 251.3 317.9 317.2 540.2 80.6 256.4 220.8 579.3 360.2 315.6 159.9 271.5 884.0 319.3 558.1 328.5 600.9 317.4 297.8 325.3 132.9 271.2 173.6 631.5 521.6 566.5 436.2 320.2 231.8 309.2 85.1 141.9 207.0 551.4 330.4 572.7 262.0 347.0 126.7 276.4 595.5 363.5 305.7 162.4 429.2 550.6 589.7 342.8 228.9 254.6 239.7 586.4 612.6
2192.4 365.0 516.7 88.6 637.3 663.1 603.9 718.4 63.1 699.1 651.9 658.8 105.3 496.0 0.0 754.2 711.4 699.4 502.3 340.2 74.8 405.9 734.3 632.2 539.7 511.8 191.6 720.8 426.5 544.9 375.0 240.7 684.0 63.7 471.2 264.6 765.9 444.3 152.4 646.5 616.0 151.0 167.5 697.1 642.6 706.9 457.6 678.2 478.5 97.0 92.2 237.7 701.5 682.5 269.0 608.6 650.1 670.0 226.0 706.7 623.5 546.4 304.6 709.7 709.0 128.2 472.4 648.2 500.0 10.8 752.0 707.4 439.1 663.3 692.6 711.1 78.9 720.3 239.7 238.5 258.1 717.1 524.7 663.0 375.4 299.0 80.3 46.1 244.8 712.0 623.6 701.0 488.7 533.7 598.8 360.0 722.2 39.9 653.8 738.8 487.3 668.2 45.0 755.3 697.5 386.7 151.5 76.7 21.2 734.6 377.4 646.4 484.1 65.3 62.1
2817.3 389.6 387.6 828.3 200.2 226.0 299.6 314.9 747.4 221.0 112.2 105.3 797.7 410.6 777.8 0.0 358.1 295.9 361.9 415.7 790.2 412.6 381.0 250.7 291.1 472.5 898.6 367.5 328.1 208.0 503.5 659.9 69.8 742.7 397.1 496.4 86.7 405.0 724.3 228.9 179.9 731.4 593.9 286.0 147.3 353.6 383.5 85.9 439.2 804.0 738.6 720.5 348.2 81.6 492.0 134.4 172.0 83.8 535.0 47.1 270.2 196.6 456.4 231.6 279.3 745.3 281.2 198.6 425.9 784.4 314.9 270.3 365.0 185.2 1089.1 258.2 763.2 42.8 806.0 522.5 502.9 313.6 229.0 225.9 378.7 836.6 726.7 771.6 641.3 274.9 128.3 141.4 348.3 219.8 144.2 756.5 368.9 777.8 171.7 327.7 358.2 257.1 800.6 33.2 290.8 367.5 634.3 755.7 794.8 381.3 434.0 293.1 444.8 791.5 817.7
2763.7 336.0 334.0 774.7 149.1 132.4 246.0 102.9 693.8 257.6 245.0 251.9 744.1 357.0 724.2 347.3 0.0 93.8 308.3 362.1 736.6 359.0 22.8 172.7 237.5 418.9 845.0 58.8 274.5 154.6 449.9 606.3 313.5 689.1 343.5 442.8 359.0 351.4 670.7 187.0 245.5 677.8 540.3 165.7 272.1 81.3 329.9 271.3 385.6 750.4 685.0 666.9 9.9 275.6 438.4 238.1 208.6 299.5 481.4 357.6 88.0 175.9 402.8 268.2 123.7 691.7 227.6 188.7 372.3 730.8 192.6 132.7 311.4 221.8 1035.5 269.6 709.6 313.4 752.4 468.9 449.3 76.1 175.4 159.9 325.1 783.0 673.1 718.0 587.7 198.8 253.1 248.3 294.7 166.2 228.3 702.9 10.7 724.2 194.3 207.4 304.6 136.8 747.0 348.4 112.2 313.9 580.7 702.1 741.2 54.5 380.4 74.9 391.2 737.9 764.1
2731.7 304.0 302.0 742.7 86.7 70.0 214.0 18.9 661.8 225.6 213.0 219.9 712.1 325.0 692.2 315.3 83.8 0.0 276.3 330.1 704.6 327.0 106.7 140.7 205.5 386.9 813.0 34.9 242.5 122.6 417.9 574.3 281.5 657.1 311.5 410.8 327.0 319.4 638.7 155.0 213.5 645.8 508.3 103.3 240.1 123.5 297.9 239.3 353.6 718.4 653.0 634.9 73.9 243.6 406.4 206.1 176.6 267.5 449.4 325.6 56.0 143.9 370.8 236.2 29.8 659.7 195.6 156.7 340.3 698.8 98.7 38.8 279.4 189.8 1003.5 237.6 677.6 281.4 720.4 436.9 417.3 17.6 143.4 73.2 293.1 751.0 641.1 686.0 555.7 104.9 221.1 216.3 262.7 134.2 196.3 670.9 94.6 692.2 162.3 145.0 272.6 74.4 715.0 316.4 18.3 281.9 548.7 670.1 709.2 138.4 348.4 63.0 359.2 705.9 732.1
2568.7 141.0 112.6 579.7 271.9 297.7 238.5 353.0 498.8 333.7 286.5 293.4 549.1 112.6 529.2 388.8 346.0 334.0 0.0 167.1 541.6 164.0 368.9 266.8 174.3 223.9 650.0 355.4 79.5 179.5 254.9 411.3 318.6 494.1 148.5 247.8 400.5 156.4 475.7 281.1 250.6 482.8 345.3 331.7 277.2 341.5 134.9 312.8 190.6 555.4 490.0 471.9 336.1 317.1 243.4 243.2 284.7 304.6 286.4 341.3 258.1 181.0 207.8 344.3 343.6 496.7 107.0 282.8 177.3 535.8 386.6 342.0 116.4 297.9 840.5 345.7 514.6 354.9 557.4 273.9 254.3 351.7 159.3 297.6 130.1 588.0 478.1 523.0 392.7 346.6 258.2 335.6 14.4 168.3 233.4 507.9 356.8 529.2 288.4 373.4 83.2 302.8 552.0 389.9 332.1 118.9 385.7 507.1 546.2 369.2 185.4 281.0 196.2 542.9 569.1
2401.5 24.7 176.4 412.5 297.0 322.8 263.6 378.1 331.6 358.8 311.6 318.5 381.9 155.7 362.0 413.9 371.1 359.1 162.0 0.0 374.4 65.6 394.0 291.9 199.4 171.5 482.8 380.5 86.2 204.6 87.7 244.1 343.7 326.9 130.9 80.6 425.6 104.0 308.5 306.2 275.7 315.6 178.1 356.8 302.3 366.6 117.3 337.9 138.2 388.2 322.8 304.7 361.2 342.2 76.2 268.3 309.8 329.7 119.2 366.4 283.2 206.1 40.6 369.4 368.7 329.5 132.1 307.9 160.6 368.6 411.7 367.1 98.8 323.0 673.3 370.8 347.4 380.0 390.2 106.7 87.1 376.8 184.4 322.7 35.1 420.8 310.9 355.8 225.5 371.7 283.3 360.7 148.4 193.4 258.5 340.7 381.9 362.0 313.5 398.5 147.0 327.9 384.8 415.0 357.2 46.4 218.5 339.9 379.0 394.3 37.1 306.1 143.8 375.7 401.9
2154.9 343.8 495.5 35.7 616.1 641.9 582.7 697.2 115.9 677.9 630.7 637.6 54.7 474.8 95.0 733.0 690.2 678.2 481.1 319.0 0.0 384.7 713.1 611.0 518.5 490.6 244.4 699.6 405.3 521.5 324.8 219.5 662.8 47.4 450.0 244.5 744.7 423.1 101.8 625.3 594.8 170.3 146.3 675.9 621.4 685.7 436.4 657.0 457.3 149.8 117.0 216.5 680.3 661.3 247.8 587.4 628.9 648.8 208.9 693.4 602.3 525.2 283.4 688.5 687.8 181.0 451.2 627.0 478.8 81.6 730.8 686.2 417.9 642.1 671.4 689.9 131.7 699.1 218.5 217.3 236.9 695.9 503.5 641.8 354.2 279.0 105.1 64.0 223.6 690.8 602.4 679.8 467.5 512.5 577.6 338.8 701.0 70.2 632.6 717.6 466.1 647.0 29.7 734.1 676.3 365.5 130.3 24.4 92.0 713.4 356.2 625.2 462.9 118.1 49.1
2481.2 53.5 167.3 492.2 287.9 313.7 254.5 369.0 411.3 349.7 302.5 309.4 461.6 146.6 441.7 404.8 362.0 350.0 152.9 79.6 454.1 0.0 384.9 282.8 190.3 162.4 562.5 371.4 77.1 195.5 167.4 323.8 334.6 406.6 121.8 160.3 416.5 94.9 388.2 297.1 266.6 395.3 257.8 347.7 293.2 357.5 108.2 328.8 129.1 467.9 402.5 384.4 352.1 333.1 155.9 259.2 300.7 320.6 198.9 357.3 274.1 197.0 120.3 360.3 359.6 409.2 123.0 298.8 150.6 448.3 402.6 358.0 89.7 313.9 753.0 361.7 427.1 370.9 469.9 186.4 166.8 367.7 175.3 313.6 42.6 500.5 390.6 435.5 305.2 362.6 274.2 351.6 139.3 184.3 249.4 420.4 372.8 441.7 304.4 389.4 137.9 318.8 464.5 405.9 348.1 37.3 298.2 419.6 458.7 385.2 97.9 297.0 134.7 455.4 481.6
2786.6 358.9 356.9 795.3 172.0 155.3 268.9 125.8 716.7 280.5 267.9 274.8 767.0 379.9 747.1 370.2 22.8 116.7 331.2 385.0 759.5 381.9 0.0 195.6 260.4 441.8 867.9 81.7 297.4 177.5 443.8 629.2 336.4 712.0 366.4 464.6 381.9 374.3 693.6 209.9 268.4 698.4 563.2 188.6 295.0 59.3 352.8 294.2 408.5 773.3 707.9 689.8 32.7 298.5 461.3 261.0 231.5 322.4 504.3 372.6 110.9 198.8 425.7 291.1 146.6 714.6 250.5 211.6 395.2 753.7 215.5 155.6 334.3 244.7 1058.4 292.5 732.5 336.3 775.3 491.8 472.2 99.0 198.3 182.8 348.0 807.1 696.0 743.1 610.6 221.7 276.0 271.2 317.6 189.1 251.2 725.8 12.1 747.1 217.2 230.3 327.5 159.7 769.9 371.3 135.1 336.8 603.6 725.0 764.1 31.6 403.3 97.8 414.1 760.8 787.0
2733.9 306.2 304.2 744.9 157.0 140.3 216.2 194.9 664.0 193.6 126.3 133.2 714.3 327.2 694.4 228.6 187.9 175.9 278.5 332.3 706.8 329.2 210.8 0.0 207.7 389.1 815.2 197.3 244.7 124.8 420.1 576.5 261.6 659.3 313.7 413.0 240.3 321.6 640.9 68.3 215.7 648.0 510.5 173.6 242.3 183.4 300.1 152.6 355.8 720.6 655.2 637.1 178.0 156.9 408.6 208.3 144.6 275.6 451.6 238.9 100.0 146.1 373.0 204.2 185.5 661.9 197.8 70.0 342.5 701.0 254.4 194.5 281.6 157.8 1005.7 205.6 679.8 194.7 722.6 439.1 419.5 193.6 145.6 167.8 295.3 753.2 643.3 688.2 557.9 216.8 223.3 129.6 264.9 136.4 198.5 673.1 198.7 694.4 75.6 215.3 274.8 144.7 717.2 229.7 174.0 284.1 550.9 672.3 711.4 211.1 350.6 122.9 361.4 708.1 734.3
2591.0 163.3 161.3 602.0 182.4 208.2 149.0 263.5 521.1 244.2 197.0 203.9 571.4 184.3 551.5 299.3 256.5 244.5 135.6 189.4 563.9 186.3 279.4 177.3 0.0 246.2 672.3 265.9 101.8 90.0 277.2 433.6 229.1 516.4 170.8 270.1 311.0 178.7 498.0 191.6 161.1 505.1 367.6 242.2 187.7 252.0 157.2 223.3 212.9 577.7 512.3 494.2 246.6 227.6 265.7 153.7 195.2 215.1 308.7 251.8 168.6 91.5 230.1 254.8 254.1 519.0 54.9 193.3 200.5 558.1 297.1 252.5 138.7 208.4 862.8 256.2 536.9 265.4 579.7 296.2 276.6 262.2 69.8 208.1 152.4 610.3 500.4 545.3 415.0 257.1 168.7 246.1 122.0 78.8 143.9 530.2 267.3 551.5 198.9 283.9 131.9 213.3 574.3 300.4 242.6 141.2 408.0 529.4 568.5 279.7 207.7 191.5 218.5 565.2 591.4
2587.7 160.0 227.8 598.7 348.4 374.2 315.0 429.5 517.8 410.2 363.0 369.9 568.1 207.1 548.2 465.3 422.5 410.5 213.4 186.1 560.6 183.0 445.4 343.3 250.8 0.0 669.0 431.9 137.6 256.0 273.9 430.3 395.1 513.1 182.3 266.8 477.0 92.1 494.7 357.6 327.1 501.8 364.3 408.2 353.7 418.0 168.7 389.3 126.3 574.4 509.0 490.9 412.6 393.6 262.4 319.7 361.2 381.1 305.4 417.8 334.6 257.5 226.8 420.8 420.1 515.7 183.5 359.3 211.1 554.8 463.1 418.5 150.2 374.4 859.5 422.2 533.6 431.4 576.4 292.9 273.3 428.2 235.8 374.1 149.1 607.0 497.1 542.0 411.7 423.1 334.7 412.1 199.8 244.8 309.9 526.9 433.3 548.2 364.9 449.9 198.4 379.3 571.0 466.4 408.6 137.9 404.7 526.1 565.2 445.7 204.4 357.5 19.9 561.9 588.1
2209.0 431.2 582.9 241.6 703.5 729.3 670.1 784.6 103.7 765.3 718.1 725.0 260.6 562.2 177.5 820.4 777.6 765.6 568.5 406.4 230.1 472.1 800.5 698.4 605.9 578.0 0.0 787.0 492.7 608.9 412.2 306.9 750.2 182.5 537.4 331.9 832.1 510.5 224.1 712.7 682.5 179.4 233.7 763.3 708.8 773.1 523.8 744.4 544.7 84.9 113.4 303.9 767.7 748.7 335.2 674.8 716.3 736.2 296.3 780.8 689.7 612.6 370.8 775.9 775.2 152.8 538.6 714.4 566.2 184.1 818.2 773.6 505.3 729.5 758.8 777.3 85.7 786.5 305.9 304.7 324.3 783.3 590.9 729.2 441.6 366.4 124.3 201.4 311.0 778.2 689.8 767.2 554.9 599.9 665.0 426.2 788.4 195.2 720.0 805.0 553.5 734.4 200.3 821.5 763.7 452.9 217.7 195.5 194.5 800.8 443.6 712.6 550.3 126.9 217.4
2766.7 339.0 337.0 777.7 121.7 105.0 249.0 44.0 696.8 260.6 248.0 254.9 747.1 360.0 727.2 350.3 48.8 34.9 311.3 365.1 739.6 362.0 71.7 175.7 240.5 421.9 848.0 0.0 277.5 157.6 452.9 609.3 316.5 692.1 346.5 445.8 362.0 354.4 673.7 190.0 248.5 680.8 543.3 138.3 275.1 100.7 332.9 274.3 388.6 753.4 688.0 669.9 38.9 278.6 441.4 241.1 211.6 302.5 484.4 360.6 91.0 178.9 405.8 271.2 64.8 694.7 230.6 191.7 376.2 733.8 133.7 73.8 314.4 224.8 1038.5 272.6 712.6 316.4 755.4 471.9 452.3 17.3 178.4 108.2 328.1 786.0 676.1 721.0 590.7 139.9 256.1 251.3 297.7 169.2 231.3 705.9 59.6 727.2 197.3 180.0 307.6 109.4 750.0 351.4 53.3 316.9 583.7 705.1 744.2 103.4 383.4 94.3 394.2 740.9 767.1
2489.1 61.4 90.1 497.8 210.7 236.5 177.3 291.8 419.2 272.5 225.3 232.2 469.5 69.4 449.6 327.6 284.8 272.8 75.7 87.5 462.0 84.4 307.7 205.6 113.1 144.3 570.4 294.2 0.0 116.1 146.3 331.7 257.4 414.5 68.9 167.1 339.3 76.8 396.1 219.9 189.4 400.9 265.7 270.5 216.0 280.3 55.3 251.6 111.0 475.8 410.4 392.3 274.9 258.0 163.8 182.0 223.5 243.4 202.7 288.0 196.9 119.8 128.2 285.7 282.4 417.1 41.6 221.6 97.7 456.2 325.4 280.8 36.8 236.7 760.9 284.5 435.0 293.7 477.8 194.3 171.8 290.5 98.1 236.4 50.5 509.6 398.5 442.9 313.1 285.4 197.0 274.4 62.1 107.1 172.2 428.3 295.6 449.6 227.2 312.2 60.7 241.6 472.4 328.7 270.9 39.3 306.1 427.5 466.6 308.0 105.8 219.8 116.6 463.3 489.5
2609.0 181.3 177.1 613.5 94.5 118.1 91.3 173.4 536.9 154.1 106.9 113.8 589.4 202.3 569.5 209.2 166.4 154.4 153.6 207.4 579.7 204.3 189.3 87.2 82.8 264.2 688.1 175.8 117.6 0.0 264.0 449.4 158.8 534.4 188.8 284.8 220.9 196.7 513.8 101.5 91.1 520.8 385.6 152.1 117.4 161.9 173.0 133.2 230.9 595.7 530.3 512.2 156.5 139.6 281.5 83.4 105.1 144.8 319.4 213.8 80.7 21.2 248.1 164.7 164.0 537.0 77.6 103.2 216.3 576.1 207.0 164.6 156.7 120.5 880.8 168.3 554.9 175.3 597.7 314.2 291.7 172.1 20.7 118.0 170.4 627.3 516.2 563.3 433.0 169.2 98.4 156.0 137.8 9.3 73.6 548.2 177.2 569.5 105.3 193.8 149.9 123.2 592.3 210.3 152.5 157.0 426.0 545.2 584.3 189.6 225.7 101.4 236.5 583.2 609.4
2412.0 68.2 219.9 416.5 340.5 366.3 307.1 421.6 342.1 402.3 355.1 362.0 392.4 199.2 372.5 457.4 414.6 402.6 205.5 43.4 384.9 109.1 437.5 335.4 242.9 215.0 493.3 424.0 129.7 248.1 0.0 254.6 387.2 337.4 174.4 90.0 469.1 147.5 319.0 349.7 319.5 323.8 188.6 400.3 345.8 410.1 160.8 381.4 181.7 398.7 333.3 315.2 404.7 385.7 86.7 311.8 353.3 373.2 129.7 417.8 326.7 249.6 51.1 412.9 412.2 340.0 171.4 351.4 203.2 379.1 455.2 410.6 142.3 366.5 683.8 414.3 357.9 423.5 400.7 117.2 97.6 420.3 227.9 366.2 78.6 432.5 321.4 361.1 236.0 415.2 326.8 404.2 191.9 236.9 302.0 351.2 425.4 372.5 353.5 442.0 190.5 371.4 395.3 458.5 400.7 89.9 229.0 350.4 389.5 437.8 80.6 349.6 187.3 386.2 412.4
2313.8 270.4 422.1 320.0 542.7 568.5 509.3 623.8 243.9 604.5 557.3 564.2 343.2 401.4 260.1 659.6 616.8 604.8 407.7 245.6 312.7 311.3 639.7 537.6 445.1 417.2 318.8 626.2 331.9 448.1 251.4 0.0 589.4 239.2 376.6 171.1 671.3 349.7 220.8 551.9 521.4 149.3 83.2 602.5 548.0 612.3 363.0 583.6 383.9 224.2 234.4 65.6 606.9 587.9 174.4 514.0 555.5 575.4 138.7 620.0 528.9 451.8 210.0 615.1 614.4 165.5 377.8 553.6 405.4 266.7 657.4 612.8 344.5 568.7 490.4 616.5 259.7 625.7 151.1 143.9 163.5 622.5 430.1 568.4 280.8 276.0 245.3 289.2 42.6 617.4 529.0 606.4 394.1 439.1 504.2 157.8 627.6 277.8 555.7 644.2 392.7 573.6 282.9 660.7 602.9 292.1 86.6 252.2 277.1 640.0 282.8 551.8 389.5 211.7 300.0
2747.4 319.7 317.7 758.4 223.2 249.0 229.7 311.6 677.5 244.0 135.2 128.3 727.8 340.7 707.9 79.8 304.6 292.6 292.0 345.8 720.3 342.7 327.5 225.4 221.2 402.6 828.7 314.0 258.2 138.1 433.6 590.0 0.0 672.8 327.2 426.5 109.7 335.1 654.4 239.7 110.0 661.5 524.0 290.3 77.4 300.1 313.6 108.9 369.3 734.1 668.7 650.6 294.7 104.6 422.1 64.5 195.0 13.9 465.1 22.7 216.7 126.7 386.5 254.6 302.2 675.4 211.3 221.6 356.9 714.5 337.9 293.3 295.1 208.2 1019.2 281.2 693.3 65.8 736.1 452.6 433.0 310.3 159.1 248.9 308.8 766.7 656.8 701.7 571.4 297.9 58.4 164.4 278.4 149.9 74.3 686.6 315.4 707.9 194.7 332.0 288.3 261.4 730.7 113.0 290.7 297.6 564.4 685.8 724.9 327.8 364.1 239.6 374.9 721.6 747.8
2211.8 367.4 519.1 85.5 639.7 665.5 606.3 720.8 78.3 701.5 654.3 661.2 102.2 498.4 60.5 756.6 713.8 701.8 504.7 342.6 47.4 408.3 736.7 634.6 542.1 514.2 195.5 723.2 428.9 547.3 377.4 243.1 686.4 0.0 473.6 267.0 768.3 446.7 85.5 648.9 618.4 196.2 169.9 699.5 645.0 709.3 460.0 680.6 480.9 150.0 69.5 240.1 703.9 684.9 271.4 611.0 652.5 672.4 228.4 709.1 625.9 548.8 307.0 712.1 711.4 181.2 474.8 650.6 502.4 71.4 754.4 709.8 441.5 665.7 695.0 713.5 94.1 722.7 242.1 240.9 260.5 719.5 527.1 665.4 377.8 301.4 57.6 28.8 247.2 714.4 626.0 703.4 491.1 536.1 601.2 362.4 724.6 35.0 656.2 741.2 489.7 670.6 61.8 757.7 699.9 389.1 153.9 12.9 81.8 737.0 379.8 648.8 486.5 118.3 78.9
2540.1 112.4 145.4 551.1 266.0 291.8 232.6 347.1 470.2 327.8 280.6 287.5 520.5 124.7 500.6 382.9 340.1 328.1 131.0 138.5 513.0 135.4 363.0 260.9 168.4 195.3 621.4 349.5 55.2 173.6 226.3 382.7 312.7 465.5 0.0 219.2 394.6 127.8 447.1 275.2 244.7 454.2 316.7 325.8 271.3 335.6 12.5 306.9 162.0 526.8 461.4 443.3 330.2 311.2 214.8 237.3 278.8 298.7 257.8 335.4 252.2 175.1 179.2 338.4 337.7 468.1 101.1 276.9 28.7 507.2 380.7 336.1 29.5 292.0 811.9 339.8 486.0 349.0 528.8 245.3 225.7 345.8 153.4 291.7 101.5 559.4 449.5 494.4 364.1 340.7 252.3 329.7 117.4 162.4 227.5 479.3 350.9 500.6 282.5 367.5 116.0 296.9 523.4 384.0 326.2 90.3 357.1 478.5 517.6 363.3 156.8 275.1 167.6 514.3 540.5
2321.9 99.2 250.9 326.4 371.5 397.3 338.1 452.6 252.0 433.3 386.1 393.0 302.3 230.2 282.4 488.4 445.6 433.6 236.5 74.4 294.8 140.1 468.5 366.4 273.9 246.0 403.2 455.0 160.7 276.9 80.2 164.5 418.2 247.3 205.4 0.0 500.1 178.5 228.9 380.7 350.2 233.7 98.5 431.3 376.8 441.1 191.8 412.4 212.7 308.6 243.2 225.1 435.7 416.7 3.2 342.8 384.3 404.2 32.3 448.8 357.7 280.6 38.8 443.9 443.2 249.9 202.4 382.4 234.2 289.0 486.2 441.6 173.3 397.5 593.7 445.3 267.8 454.5 310.6 27.1 4.6 452.4 258.9 397.2 109.6 342.4 231.3 271.0 145.9 446.2 357.8 435.2 222.9 267.9 333.0 261.1 456.4 282.4 384.5 473.0 221.5 402.4 305.2 489.5 431.7 120.9 138.9 260.3 299.4 468.8 111.6 380.6 218.3 296.1 322.3
2825.4 397.7 395.7 834.1 191.9 217.7 307.7 306.6 755.5 212.7 103.9 97.0 805.8 418.7 785.9 86.7 349.8 287.6 370.0 423.8 798.3 420.7 372.7 242.4 299.2 480.6 906.7 359.2 336.2 257.9 482.6 668.0 119.7 750.8 405.2 503.4 0.0 413.1 732.4 220.6 229.8 737.2 602.0 277.7 197.2 345.3 391.6 77.6 447.3 812.1 746.7 728.6 339.9 73.3 500.1 184.3 163.7 133.7 539.0 89.1 261.9 246.5 464.5 225.9 271.0 753.4 289.3 190.3 434.9 792.5 306.6 262.0 373.1 176.9 1097.2 249.9 771.3 38.8 814.1 530.6 508.1 305.3 237.1 217.6 386.8 845.9 734.8 779.2 649.4 266.6 178.2 133.1 356.4 227.9 194.1 764.6 360.6 785.9 163.4 319.4 366.3 248.8 808.7 105.2 282.5 375.6 642.4 763.8 802.9 373.0 442.1 284.8 452.9 799.6 825.8
2519.6 91.9 159.7 530.6 280.3 306.1 246.9 361.4 449.7 342.1 294.9 301.8 500.0 139.0 480.1 397.2 354.4 342.4 145.3 118.0 492.5 114.9 377.3 275.2 182.7 111.5 600.9 363.8 69.5 187.9 205.8 362.2 327.0 445.0 114.2 198.7 408.9 0.0 426.6 289.5 259.0 433.7 296.2 340.1 285.6 349.9 100.6 321.2 34.2 506.3 440.9 422.8 344.5 325.5 194.3 251.6 293.1 313.0 237.3 349.7 266.5 189.4 158.7 352.7 352.0 447.6 115.4 291.2 143.9 486.7 395.0 350.4 82.1 306.3 791.4 354.1 465.5 363.3 508.3 224.8 205.2 360.1 167.7 306.0 81.0 538.9 429.0 473.9 343.6 355.0 266.6 344.0 131.7 176.7 241.8 458.8 365.2 480.1 296.8 381.8 130.3 311.2 502.9 398.3 340.5 69.8 336.6 458.0 497.1 377.6 136.3 289.4 83.8 493.8 520.0
2092.9 318.7 470.4 66.0 591.0 616.8 557.6 672.1 106.2 652.8 605.6 612.5 82.7 449.7 123.0 707.9 665.1 653.1 456.0 293.9 27.9 359.6 688.0 585.9 493.4 465.5 223.4 674.5 380.2 496.4 299.7 194.4 637.7 71.5 424.9 219.4 719.6 398.0 0.0 600.2 569.7 145.2 121.2 650.8 596.3 660.6 411.3 631.9 432.2 177.8 97.4 191.4 655.2 636.2 222.7 562.3 603.8 623.7 179.7 668.3 577.2 500.1 258.3 663.4 662.7 161.4 426.1 601.9 453.7 109.6 705.7 661.1 392.8 617.0 646.3 664.8 122.0 674.0 193.4 192.2 211.8 670.8 478.4 616.7 329.1 253.9 85.5 82.9 198.5 665.7 577.3 654.7 442.4 487.4 552.5 313.7 675.9 94.3 604.0 692.5 441.0 621.9 57.7 709.0 651.2 340.4 105.2 48.5 120.0 688.3 331.1 600.1 437.8 146.1 77.1
2741.2 313.5 311.5 752.2 164.3 147.6 223.5 202.2 671.3 200.9 104.0 110.9 721.6 334.5 701.7 206.3 195.2 183.2 285.8 339.6 714.1 336.5 218.1 87.8 215.0 396.4 822.5 204.6 252.0 132.1 427.4 583.8 239.3 666.6 321.0 420.3 218.0 328.9 648.2 0.0 223.0 655.3 517.8 180.9 249.6 190.7 307.4 130.3 363.1 727.9 662.5 644.4 185.3 134.6 415.9 215.6 151.9 253.3 458.9 216.6 107.3 153.4 380.3 211.5 192.8 669.2 205.1 47.7 349.8 708.3 261.7 201.8 288.9 165.1 1013.0 212.9 687.1 172.4 729.9 446.4 426.8 200.9 152.9 175.1 302.6 760.5 650.6 695.5 565.2 224.1 230.6 107.3 272.2 143.7 205.8 680.4 206.0 701.7 53.3 222.6 282.1 152.0 724.5 207.4 181.3 291.4 558.2 679.6 718.7 218.4 357.9 130.2 368.7 715.4 741.6
2676.5 248.8 246.8 681.0 159.9 185.4 158.8 240.7 606.9 221.4 174.2 181.1 656.9 269.8 637.0 207.0 233.7 221.7 221.1 274.9 649.4 271.8 256.6 154.5 150.3 331.7 757.8 243.1 187.3 65.0 333.7 519.4 127.1 601.9 256.3 354.5 236.9 264.2 583.8 168.8 0.0 588.3 453.4 219.4 85.7 229.5 242.7 200.5 298.4 663.2 597.8 579.7 224.1 206.9 351.5 51.7 172.4 113.1 386.9 158.0 145.8 55.8 315.9 232.0 231.3 604.5 145.1 170.5 285.4 643.6 274.3 229.7 224.2 185.6 948.6 233.4 622.4 193.0 665.2 381.7 359.2 239.4 88.2 185.3 237.9 697.0 585.9 633.0 500.5 234.3 66.7 223.3 207.8 79.3 41.9 615.7 244.5 637.3 172.6 261.1 217.4 190.5 659.8 240.2 219.8 226.7 493.5 614.9 654.3 256.9 293.2 168.7 304.0 650.7 676.9
2229.5 358.9 506.8 174.8 627.4 657.0 597.8 712.3 96.0 693.0 645.8 648.9 191.5 489.9 108.4 748.1 705.3 693.3 496.2 334.1 161.0 399.8 728.2 626.1 533.6 505.7 169.4 714.7 416.6 536.6 336.1 154.5 677.9 161.2 465.1 259.6 756.0 438.2 186.4 640.4 610.2 0.0 161.4 691.0 636.5 697.0 451.5 672.1 472.4 72.5 82.7 141.5 691.6 678.5 259.1 602.5 644.0 660.1 227.2 708.5 617.4 540.3 298.5 706.2 702.9 16.2 462.1 642.1 490.1 115.0 745.9 697.5 433.0 657.2 641.2 705.0 154.0 714.2 164.9 232.4 254.9 707.2 518.6 656.9 369.3 225.4 93.6 130.1 197.2 705.9 617.5 694.9 482.6 523.8 592.7 312.4 716.1 128.4 644.2 732.7 481.2 662.1 131.2 745.4 691.4 376.8 128.1 184.2 125.4 728.5 371.3 640.3 478.0 60.0 148.3
2223.3 197.4 349.1 232.0 469.7 495.5 436.3 550.8 153.4 531.5 484.3 491.2 203.7 328.4 183.8 586.6 543.8 531.8 334.7 172.6 196.2 238.3 566.7 464.6 372.1 344.2 304.6 553.2 258.9 377.3 178.4 95.8 516.4 148.7 303.6 98.1 598.3 276.7 130.3 478.9 448.4 137.4 0.0 529.5 475.0 539.3 290.0 510.6 310.9 210.0 144.6 161.5 533.9 514.9 101.4 441.0 482.5 502.4 65.7 547.0 455.9 378.8 137.0 544.7 541.4 151.3 304.8 480.6 332.4 190.4 584.4 539.8 271.5 495.7 525.0 543.5 169.2 552.7 247.0 70.9 90.5 549.5 357.1 495.4 207.8 243.8 132.7 177.6 77.2 544.4 456.0 533.4 321.1 366.1 431.2 192.4 554.6 183.8 482.7 571.2 319.7 500.6 206.6 587.7 529.9 219.1 40.3 161.7 200.8 567.0 209.8 478.8 316.5 197.5 223.7
2765.1 337.4 335.4 776.1 68.2 51.5 247.4 138.0 695.2 216.4 169.2 176.1 745.5 358.4 725.6 271.5 161.4 119.0 309.7 363.5 738.0 360.4 184.3 174.1 238.9 420.3 846.4 154.0 275.9 156.0 451.3 607.7 304.5 690.5 344.9 444.2 283.2 352.8 672.1 188.4 246.9 679.2 541.7 0.0 273.5 156.9 331.3 195.5 387.0 751.8 686.4 668.3 151.5 199.8 439.8 239.5 167.4 300.9 482.8 281.8 89.4 177.3 404.2 227.0 128.6 693.1 229.0 190.1 373.7 732.2 168.0 123.4 312.8 180.6 1036.9 228.4 711.0 237.6 753.8 470.3 450.7 136.7 176.8 79.0 326.5 784.4 674.5 719.4 589.1 128.0 254.5 249.7 296.1 167.6 229.7 704.3 172.2 725.6 195.7 41.7 306.0 30.2 748.4 272.6 117.1 315.3 582.1 703.5 742.6 184.6 381.8 96.4 392.6 739.3 765.5
2729.0 301.3 299.3 740.0 212.1 237.9 211.3 293.2 659.1 273.9 215.7 208.8 709.4 322.3 689.5 160.3 286.2 274.2 273.6 327.4 701.9 324.3 309.1 207.0 202.8 384.2 810.3 295.6 239.8 119.7 415.2 571.6 80.4 654.4 308.8 408.1 190.2 316.7 636.0 221.3 91.6 643.1 505.6 271.9 0.0 281.7 295.2 189.4 350.9 715.7 650.3 632.2 276.3 185.1 403.7 46.1 224.9 66.4 446.7 103.1 198.3 108.3 368.1 284.5 283.8 657.0 192.9 223.0 337.6 696.1 326.8 282.2 276.7 238.1 1000.8 285.9 674.9 146.3 717.7 434.2 414.6 291.9 140.7 237.8 290.4 748.3 638.4 683.3 553.0 286.8 20.8 244.9 260.0 131.5 55.9 668.2 297.0 689.5 228.6 313.6 269.9 243.0 712.3 193.5 272.3 279.2 546.0 667.4 706.5 309.4 345.7 221.2 356.5 703.2 729.4
2749.2 321.5 319.5 760.2 134.6 117.9 231.5 144.8 679.3 243.1 230.5 237.4 729.6 342.5 709.7 332.8 72.2 135.7 293.8 347.6 722.1 344.5 49.3 158.2 223.0 404.4 830.5 100.7 260.0 140.1 406.4 591.8 299.0 674.6 329.0 427.2 344.5 336.9 656.2 172.5 231.3 661.0 525.8 151.2 257.6 0.0 315.4 256.8 371.1 735.9 670.5 652.4 81.4 261.1 423.9 223.6 194.1 285.0 466.9 335.2 73.5 161.4 388.3 256.3 163.1 677.2 217.8 174.2 357.8 716.3 232.0 172.1 296.9 207.3 1021.0 255.1 695.1 298.9 737.9 454.4 434.8 118.0 160.9 145.4 310.6 769.7 658.6 703.0 573.2 194.4 238.6 233.8 280.2 151.7 213.8 688.4 61.4 709.7 176.3 192.9 290.1 122.3 732.5 333.9 151.6 299.4 566.2 687.6 726.7 27.7 365.9 60.4 376.7 723.4 749.6
2527.6 99.9 132.9 536.3 253.5 279.3 220.1 334.6 457.7 315.3 268.1 275.0 508.0 112.2 488.1 370.4 327.6 315.6 118.5 126.0 500.5 122.9 350.5 248.4 155.9 182.8 608.9 337.0 42.7 161.1 184.8 370.2 300.2 453.0 13.6 205.6 382.1 115.3 434.6 262.7 232.2 441.7 304.2 313.3 258.8 323.1 0.0 294.4 149.5 514.3 448.9 430.8 317.7 298.7 202.3 224.8 266.3 286.2 241.2 330.8 239.7 162.6 166.7 325.9 325.2 455.6 88.6 264.4 42.3 494.7 368.2 323.6 17.0 279.5 799.4 327.3 473.5 336.5 516.3 232.8 210.3 333.3 140.9 279.2 89.0 548.1 437.0 481.9 351.6 328.2 239.8 317.2 104.9 149.9 215.0 466.8 338.4 488.1 266.5 355.0 103.5 284.4 510.9 371.5 313.7 77.8 344.6 466.0 505.1 350.8 144.3 262.6 155.1 501.8 528.0
2747.7 320.0 318.0 758.7 114.2 140.0 230.0 228.9 677.8 135.0 26.2 19.3 728.1 341.0 708.2 75.9 272.1 209.9 292.3 346.1 720.6 343.0 295.0 164.7 221.5 402.9 829.0 281.5 258.5 138.6 433.9 590.3 108.9 673.1 327.5 426.8 87.6 335.4 654.7 142.9 219.0 661.8 524.3 200.0 186.4 267.6 313.9 0.0 369.6 734.4 669.0 650.9 262.2 4.3 422.4 173.5 86.0 122.9 465.4 86.2 184.2 235.7 386.8 145.6 193.3 675.7 211.6 112.6 356.3 714.8 228.9 184.3 295.4 99.2 1019.5 172.2 693.6 42.0 736.4 452.9 433.3 227.6 159.4 139.9 309.1 767.0 657.1 702.0 571.7 188.9 167.4 55.4 278.7 150.2 183.3 686.9 282.9 708.2 85.7 241.7 288.6 171.1 731.0 77.0 204.8 297.9 564.7 686.1 725.2 295.3 364.4 207.1 375.2 721.9 748.1
2550.7 123.0 190.8 561.7 311.4 337.2 278.0 392.5 480.8 373.2 326.0 332.9 531.1 170.1 511.2 428.3 385.5 373.5 176.4 149.1 523.6 146.0 408.4 306.3 213.8 142.6 632.0 394.9 100.6 219.0 236.9 393.3 358.1 476.1 145.3 229.8 440.0 31.1 457.7 320.6 290.1 464.8 327.3 371.2 316.7 381.0 131.7 352.3 0.0 537.4 472.0 453.9 375.6 356.6 225.4 282.7 324.2 344.1 268.4 380.8 297.6 220.5 189.8 383.8 383.1 478.7 146.5 322.3 174.1 517.8 426.1 381.5 113.2 337.4 822.5 385.2 496.6 394.4 539.4 255.9 236.3 391.2 198.8 337.1 112.1 570.0 460.1 505.0 374.7 386.1 297.7 375.1 162.8 207.8 272.9 489.9 396.3 511.2 327.9 412.9 161.4 342.3 534.0 429.4 371.6 100.9 367.7 489.1 528.2 408.7 167.4 320.5 114.9 524.9 551.1
2197.1 383.6 535.3 157.9 655.9 681.7 622.5 737.0 98.4 717.7 670.5 677.4 174.6 514.6 91.5 772.8 730.0 718.0 520.9 358.8 144.1 424.5 752.9 650.8 558.3 530.4 93.5 739.4 445.1 563.5 393.6 244.2 702.6 144.3 489.8 283.2 784.5 462.9 176.5 665.1 634.6 89.6 186.1 715.7 661.2 725.5 476.2 696.8 497.1 0.0 65.8 231.2 720.1 701.1 287.6 627.2 668.7 688.6 244.6 725.3 642.1 565.0 323.2 728.3 727.6 66.8 491.0 666.8 518.6 98.1 770.6 726.0 457.7 681.9 711.2 729.7 80.4 738.9 233.0 257.1 276.7 735.7 543.3 681.6 394.0 292.3 76.7 115.4 263.4 730.6 642.2 719.6 507.3 552.3 617.4 378.6 740.8 109.2 672.4 757.4 505.9 686.8 114.3 773.9 716.1 405.3 170.1 165.0 108.5 753.2 396.0 665.0 502.7 43.1 131.4
2142.2 317.7 469.4 105.5 590.0 615.8 556.6 671.1 8.7 651.8 604.6 611.5 122.2 448.7 39.1 706.9 664.1 652.1 455.0 292.9 91.7 358.6 687.0 584.9 492.4 464.5 125.9 673.5 379.2 497.6 327.7 193.4 636.7 91.9 423.9 217.3 718.6 397.0 110.6 599.2 568.7 146.5 120.2 649.8 595.3 659.6 410.3 630.9 431.2 60.6 0.0 190.4 654.2 635.2 221.7 561.3 602.8 622.7 178.7 659.4 576.2 499.1 257.3 662.4 661.7 91.8 425.1 600.9 452.7 45.7 704.7 660.1 391.8 616.0 645.3 663.8 24.5 673.0 192.4 191.2 210.8 669.8 477.4 615.7 328.1 251.7 10.9 63.0 197.5 664.7 576.3 653.7 441.4 486.4 551.5 312.7 674.9 56.8 606.5 691.5 440.0 620.9 61.9 708.0 650.2 339.4 104.2 112.6 56.1 687.3 330.1 599.1 436.8 28.9 79.0
2310.8 322.0 473.7 323.5 594.3 620.1 560.9 675.4 240.9 656.1 608.9 615.8 340.2 453.0 257.1 711.2 668.4 656.4 459.3 297.2 309.7 362.9 691.3 589.2 496.7 468.8 315.8 677.8 383.5 501.9 332.0 55.6 641.0 236.2 428.2 221.6 722.9 401.3 217.8 603.5 573.0 148.6 124.5 654.1 599.6 663.9 414.6 635.2 435.5 221.2 231.4 0.0 658.5 639.5 226.0 565.6 607.1 627.0 183.0 663.7 580.5 503.4 261.6 666.7 666.0 162.5 429.4 605.2 457.0 263.7 709.0 664.4 396.1 620.3 546.1 668.1 256.7 677.3 85.4 195.5 215.1 674.1 481.7 620.0 332.4 240.5 242.3 281.0 98.3 669.0 580.6 658.0 445.7 490.7 555.8 213.5 679.2 274.8 610.8 695.8 444.3 625.2 279.9 712.3 654.5 343.7 91.2 249.2 274.1 691.6 334.4 603.4 441.1 208.7 297.0
2753.8 326.1 324.1 762.5 139.2 122.5 236.1 93.0 683.9 247.7 235.1 242.0 734.2 347.1 714.3 337.4 9.9 83.9 298.4 352.2 726.7 349.1 32.7 162.8 227.6 409.0 835.1 48.9 264.6 144.7 411.0 596.4 303.6 679.2 333.6 431.8 349.1 341.5 660.8 177.1 235.6 665.6 530.4 155.8 262.2 71.4 320.0 261.4 375.7 740.5 675.1 657.0 0.0 265.7 428.5 228.2 198.7 289.6 464.2 339.8 78.1 166.0 392.9 258.3 113.8 681.8 217.7 178.8 362.4 720.9 182.7 122.8 301.5 211.9 1025.6 259.7 699.7 303.5 742.5 459.0 436.5 66.2 165.5 150.0 315.2 774.3 663.2 707.6 577.8 188.9 243.2 238.4 284.8 156.3 218.4 693.0 20.6 714.3 184.4 197.5 294.7 126.9 737.1 338.5 102.3 304.0 570.8 692.2 731.3 64.4 370.5 65.0 381.3 728.0 754.2
2752.0 324.3 322.3 756.5 120.6 144.3 234.3 233.2 682.1 139.3 30.5 25.7 732.4 345.3 712.5 71.6 276.4 214.2 296.6 350.4 724.9 347.3 299.3 169.0 225.8 407.2 833.3 285.8 264.9 145.1 409.2 594.6 104.6 677.4 331.8 432.1 81.2 339.7 659.0 147.2 215.0 663.8 528.6 204.3 182.1 274.0 320.3 4.3 373.9 738.7 673.3 655.2 266.5 0.0 426.7 169.2 90.3 116.5 462.4 74.0 188.5 231.4 393.2 152.0 197.6 680.0 220.6 116.9 360.6 721.2 233.2 188.6 299.7 105.6 1025.9 176.5 697.9 37.7 740.7 457.2 434.7 231.9 163.7 144.2 313.4 772.5 661.4 708.5 576.0 193.2 163.1 59.7 283.0 154.5 179.0 691.2 287.2 712.5 93.2 246.0 292.9 175.4 737.4 72.7 209.1 304.3 569.0 690.4 729.5 299.6 368.7 211.4 379.5 726.2 752.4
2325.2 95.9 247.6 336.2 368.2 394.0 334.8 449.3 255.3 430.0 382.8 389.7 305.6 226.9 285.7 485.1 442.3 430.3 233.2 71.1 298.1 136.8 465.2 363.1 270.6 242.7 406.5 451.7 157.4 273.6 76.9 167.8 414.9 250.6 202.1 3.2 496.8 175.2 232.2 377.4 346.9 237.0 101.8 428.0 373.5 437.8 188.5 409.1 209.4 311.9 246.5 228.4 432.4 413.4 0.0 339.5 381.0 400.9 42.9 445.5 354.4 277.3 35.6 440.6 439.9 253.2 203.3 379.1 230.9 292.3 482.9 438.3 170.0 394.2 597.0 442.0 271.1 451.2 313.9 30.4 10.8 448.0 255.6 393.9 106.3 345.7 234.6 281.7 149.2 442.9 354.5 431.9 219.6 264.6 329.7 264.4 453.1 285.7 384.7 469.7 218.2 399.1 308.5 486.2 428.4 117.6 142.2 263.6 302.7 465.5 108.3 377.3 215.0 299.4 325.6
2682.8 255.1 253.1 693.8 165.9 191.7 165.1 247.0 612.9 227.7 180.5 187.4 663.2 276.1 643.3 155.2 240.0 228.0 227.4 281.2 655.7 278.1 262.9 160.8 156.6 338.0 764.1 249.4 193.6 73.5 369.0 525.4 75.3 608.2 262.6 361.9 185.1 270.5 589.8 175.1 45.4 596.9 459.4 225.7 33.9 235.5 249.0 184.3 304.7 669.5 604.1 586.0 230.1 180.0 357.5 0.0 178.7 61.3 400.5 98.0 152.1 62.1 321.9 238.3 237.6 610.8 146.7 176.8 291.4 649.9 280.6 236.0 230.5 191.9 954.6 239.7 628.7 141.2 671.5 388.0 368.4 245.7 94.5 191.6 244.2 702.1 592.2 637.1 506.8 240.6 14.9 229.6 213.8 85.3 9.7 622.0 250.8 643.3 182.4 267.4 223.7 196.8 666.1 188.4 226.1 233.0 499.8 621.2 660.3 263.2 299.5 175.0 310.3 657.0 683.2
2699.9 272.2 270.2 710.9 66.4 92.2 182.2 181.1 630.0 48.9 60.0 66.9 680.3 293.2 660.4 162.3 182.3 162.1 244.5 298.3 672.8 295.2 205.2 137.3 173.7 355.1 781.2 191.7 210.7 90.8 386.1 542.5 195.3 625.3 279.7 379.0 174.0 287.6 606.9 151.6 181.7 614.0 476.5 152.2 208.3 177.8 266.1 86.3 321.8 686.6 621.2 603.1 172.4 90.6 374.6 174.3 0.0 209.3 417.6 172.6 94.4 112.1 339.0 59.5 145.5 627.9 163.8 153.3 308.5 667.0 181.1 136.5 247.6 13.1 971.7 124.4 645.8 128.4 688.6 405.1 385.5 179.8 111.6 92.1 261.3 719.2 609.3 654.2 523.9 141.1 189.3 109.1 230.9 102.4 164.5 639.1 193.1 660.4 103.6 193.9 240.8 123.3 683.2 163.4 157.0 250.1 516.9 638.3 677.4 205.5 316.6 117.3 327.4 674.1 700.3
2733.4 305.7 303.7 737.9 216.5 242.3 215.7 297.6 663.5 258.0 149.2 142.3 713.8 326.7 693.9 93.8 290.6 278.6 278.0 331.8 706.3 328.7 313.5 211.4 207.2 388.6 814.7 300.0 244.2 121.9 390.6 576.0 13.9 658.8 313.2 411.4 123.7 321.1 640.4 225.7 96.0 645.2 510.0 276.3 63.4 286.1 299.6 122.9 355.3 720.1 654.7 636.6 280.7 116.5 408.1 50.5 209.0 0.0 451.1 44.5 202.7 112.7 372.5 268.6 288.2 661.4 202.0 227.4 342.9 700.5 331.2 286.6 281.1 222.2 1005.2 290.3 679.3 79.8 722.1 438.6 416.1 296.3 145.1 242.2 294.8 753.9 642.8 682.5 557.4 291.2 44.4 178.4 264.4 135.9 60.3 672.6 301.4 693.9 208.7 318.0 274.3 247.4 716.7 127.0 276.7 283.6 550.4 671.8 710.9 313.8 350.1 225.6 360.9 707.6 733.8
2286.3 134.8 290.6 294.0 403.9 432.9 373.7 488.2 216.4 468.9 421.7 432.7 266.7 265.8 246.8 524.0 481.2 469.2 272.1 110.0 259.2 175.7 504.1 402.0 309.5 281.6 370.8 490.6 200.4 314.7 112.6 128.9 453.8 211.7 241.0 32.3 539.8 214.1 193.3 416.3 385.8 200.4 58.8 466.9 412.4 480.8 224.2 448.0 248.3 273.0 207.6 189.5 475.4 452.3 42.9 378.4 419.9 436.6 0.0 481.2 393.3 316.2 74.4 482.1 478.8 217.5 242.2 418.0 266.6 256.6 521.8 481.3 208.9 433.1 561.3 480.9 232.2 490.1 275.0 8.4 27.9 483.7 294.5 432.8 145.2 302.7 195.7 240.6 110.3 481.8 393.4 470.8 258.5 307.6 368.6 225.5 492.0 242.7 423.6 508.6 257.1 438.0 272.8 521.9 467.3 160.6 103.3 224.7 267.0 504.4 147.2 416.2 253.9 260.5 289.9
2778.0 350.3 348.3 782.5 192.6 218.4 260.3 307.3 708.1 213.4 104.6 97.7 758.4 371.3 738.5 49.2 350.5 288.3 322.6 376.4 750.9 373.3 373.4 243.1 251.8 433.2 859.3 359.9 288.8 166.5 435.2 620.6 30.6 703.4 357.8 456.0 79.1 365.7 685.0 221.3 140.6 692.1 554.6 278.4 108.0 346.0 344.2 78.3 399.9 764.7 699.3 681.2 340.6 74.0 452.7 95.1 164.4 44.5 488.4 0.0 262.6 157.3 417.1 224.0 271.7 706.0 241.9 191.0 387.5 745.1 307.3 262.7 325.7 177.6 1049.8 250.6 723.9 35.2 766.7 483.2 463.6 306.0 189.7 218.3 339.4 798.5 687.4 727.1 602.0 267.3 89.0 133.8 309.0 180.5 104.9 717.2 361.3 738.5 167.3 320.1 318.9 249.5 761.3 82.4 283.2 328.2 595.0 716.4 755.5 373.7 394.7 285.5 405.5 752.2 778.4
2675.6 247.9 245.9 680.1 56.9 40.2 157.9 94.8 605.7 169.5 156.9 163.8 656.0 268.9 636.1 259.2 87.8 75.8 220.2 274.0 648.5 270.9 110.7 84.6 149.4 330.8 756.9 97.2 186.4 66.5 332.8 518.2 225.4 601.0 255.4 353.6 270.9 263.3 582.6 98.9 157.4 587.4 452.2 73.5 184.0 83.3 241.8 183.2 297.5 662.3 596.9 578.8 77.9 187.5 350.3 150.0 120.5 211.4 393.3 261.6 0.0 87.8 314.7 180.1 85.4 603.6 144.2 100.6 284.2 642.7 154.3 94.4 223.3 133.7 947.4 181.5 621.5 225.3 664.3 380.8 361.2 93.5 87.3 67.7 237.0 696.1 585.0 624.7 499.6 116.7 165.0 160.2 206.6 78.1 140.2 614.8 98.6 636.1 106.2 115.2 216.5 44.6 658.9 260.3 73.9 225.8 492.6 614.0 653.1 111.0 292.3 22.8 303.1 649.8 676.0
2620.6 192.9 190.9 631.6 103.7 129.5 102.9 184.8 550.7 165.5 118.3 125.2 601.0 213.9 581.1 217.4 177.8 165.8 165.2 219.0 593.5 215.9 200.7 98.6 94.4 275.8 701.9 187.2 131.4 11.3 306.8 463.2 137.5 546.0 200.4 299.7 232.3 208.3 527.6 112.9 69.5 534.7 397.2 163.5 96.1 173.3 186.8 144.6 242.5 607.3 541.9 523.8 167.9 148.9 295.3 62.1 116.5 123.5 338.3 160.2 89.9 0.0 259.7 176.1 175.4 548.6 84.5 114.6 229.2 587.7 218.4 173.8 168.3 129.7 892.4 177.5 566.5 186.7 609.3 325.8 306.2 183.5 32.3 129.4 182.0 639.9 530.0 574.9 444.6 178.4 77.1 167.4 151.6 23.1 52.3 559.8 188.6 581.1 120.2 205.2 161.5 134.6 603.9 221.7 163.9 170.8 437.6 559.0 598.1 201.0 237.3 112.8 248.1 594.8 621.0
2360.8 60.3 212.0 369.5 332.6 358.4 299.2 413.7 290.9 394.4 347.2 354.1 341.2 191.3 321.3 449.5 406.7 394.7 197.6 35.5 333.7 101.2 429.6 327.5 235.0 207.1 442.1 416.1 121.8 240.2 41.3 203.4 379.3 286.2 166.5 38.8 461.2 139.6 267.8 341.8 311.6 272.6 137.4 392.4 337.9 402.2 152.9 373.5 173.8 347.5 282.1 264.0 396.8 377.8 35.6 303.9 345.4 365.3 74.4 409.9 318.8 241.7 0.0 407.6 404.3 288.8 163.5 343.5 195.3 327.9 447.3 402.7 134.4 358.6 632.6 406.4 306.7 415.6 349.5 66.0 43.5 412.4 220.0 358.3 70.7 381.3 270.2 317.3 184.8 407.3 318.9 396.3 184.0 229.0 294.1 300.0 417.5 321.3 345.6 434.1 182.6 363.5 344.1 450.6 392.8 82.0 177.8 299.2 338.3 429.9 72.7 341.7 179.4 335.0 361.2
2766.1 338.4 336.4 770.6 132.6 169.6 259.6 258.5 707.4 100.7 137.4 133.1 746.5 359.4 737.8 228.5 259.7 228.3 321.9 364.5 739.0 361.4 271.4 203.5 239.9 421.3 847.4 257.9 288.1 168.2 423.3 608.7 261.5 691.5 357.1 455.3 240.2 353.8 673.1 229.0 259.4 677.9 542.7 229.6 274.5 244.0 332.3 163.7 388.0 752.8 687.4 680.5 238.6 168.0 452.0 240.5 66.1 275.5 483.8 230.9 160.6 178.3 416.4 0.0 211.7 705.3 230.0 230.7 385.9 744.4 258.5 202.7 325.0 64.9 1037.9 201.8 712.0 194.6 754.8 482.5 448.8 257.2 177.8 169.5 327.5 786.6 675.5 719.9 590.1 207.3 255.5 175.3 297.1 168.6 230.7 705.3 259.3 737.8 169.8 260.1 307.0 200.7 749.4 229.6 223.2 327.5 583.1 704.5 743.6 271.7 382.8 194.7 393.6 740.3 777.7
2592.0 333.6 331.6 772.3 79.0 69.9 243.6 48.8 691.4 227.2 180.0 186.9 741.7 354.6 721.8 282.3 113.7 29.8 305.9 359.7 734.2 356.6 136.6 170.3 235.1 416.5 842.6 64.8 272.1 152.2 447.5 603.9 311.1 686.7 341.1 440.4 294.0 349.0 668.3 184.6 243.1 675.4 537.9 129.9 269.7 153.1 327.5 206.3 383.2 748.0 682.6 664.5 103.8 210.6 436.0 235.7 178.2 297.1 479.0 292.6 85.6 173.5 400.4 237.8 0.0 689.3 225.2 186.3 369.9 728.4 68.8 9.0 309.0 191.4 1033.1 239.2 707.2 248.4 750.0 466.5 446.9 47.5 173.0 43.3 322.7 780.6 670.7 715.6 585.3 75.0 250.7 245.9 292.3 163.8 225.9 700.5 124.5 721.8 191.9 171.6 302.2 101.0 744.6 283.4 11.4 311.5 578.3 699.7 738.8 168.3 378.0 92.6 388.8 735.5 761.7
2215.6 381.7 533.4 160.9 654.0 679.8 620.6 735.1 82.1 715.8 668.6 675.5 177.6 512.7 94.5 770.9 728.1 716.1 519.0 356.9 147.1 422.6 751.0 648.9 556.4 528.5 153.2 737.5 443.2 561.6 362.7 177.3 700.7 147.3 487.9 282.4 782.6 461.0 179.5 663.2 632.7 26.6 184.2 713.8 659.3 723.6 474.3 694.9 495.2 58.6 68.8 164.3 718.2 699.2 285.7 625.3 666.8 686.7 242.7 731.3 640.2 563.1 321.3 726.4 725.7 0.0 489.1 664.9 516.7 101.1 768.7 724.1 455.8 680.0 667.8 727.8 140.1 737.0 187.7 255.2 274.8 733.8 541.4 679.7 392.1 248.2 79.7 118.9 220.0 728.7 640.3 717.7 505.4 550.4 615.5 335.2 738.9 112.2 667.0 755.5 504.0 684.9 117.3 772.0 714.2 403.4 150.9 168.0 111.5 751.3 394.1 663.1 500.8 46.1 134.4
2536.0 108.3 101.6 540.5 169.0 190.6 131.4 250.1 466.1 226.6 179.4 186.3 516.4 129.3 496.5 281.7 238.9 226.9 80.6 134.4 504.2 131.3 266.0 159.7 67.2 191.2 617.3 248.3 42.1 70.2 193.2 378.6 211.5 461.4 115.8 209.3 297.6 123.7 443.0 174.0 143.8 447.8 312.6 224.6 170.1 234.4 97.5 205.7 157.9 522.7 457.3 439.2 233.2 212.1 210.7 136.1 177.6 201.7 246.4 242.1 155.2 73.9 170.4 237.2 236.5 464.0 0.0 175.7 144.6 498.4 279.5 234.9 83.7 195.0 803.1 242.8 481.9 247.8 524.7 241.2 218.7 244.6 52.2 190.5 97.4 556.5 440.7 485.1 360.0 243.7 151.1 228.5 67.0 65.4 126.3 475.2 249.7 496.5 177.8 266.3 76.9 195.7 514.6 282.8 225.0 81.5 353.0 474.4 513.5 262.1 152.7 173.9 163.5 510.2 536.4
2737.1 309.4 307.4 748.1 160.2 143.5 219.4 198.1 667.2 179.2 66.3 73.2 717.5 330.4 697.6 168.6 191.1 179.1 281.7 335.5 710.0 332.4 214.0 83.7 210.9 392.3 818.4 200.5 247.9 128.0 423.3 579.7 201.6 662.5 316.9 416.2 180.3 324.8 644.1 62.9 218.9 651.2 513.7 176.8 279.1 186.6 303.3 92.6 359.0 723.8 658.4 640.3 181.2 96.9 411.8 211.5 130.2 215.6 454.8 178.9 103.2 149.3 376.2 189.8 188.7 665.1 201.0 0.0 345.7 704.2 257.6 197.7 284.8 143.4 1008.9 208.8 683.0 134.7 725.8 442.3 422.7 196.8 148.8 171.0 298.5 756.4 646.5 691.4 561.1 220.0 260.1 69.6 268.1 139.6 201.7 676.3 201.9 697.6 27.8 218.5 278.0 147.9 720.4 169.7 177.2 287.3 554.1 675.5 714.6 214.3 353.8 126.1 364.6 711.3 737.5
2575.7 147.3 180.3 579.5 300.9 326.7 267.5 382.7 505.1 362.7 315.5 322.4 555.4 160.3 536.2 417.8 375.7 363.7 165.9 173.4 547.9 170.3 397.9 296.5 203.3 230.2 656.3 384.4 90.1 208.5 232.2 417.6 347.6 500.4 34.8 253.7 429.5 162.7 482.0 310.8 280.3 489.1 352.3 360.7 306.2 370.5 48.0 341.8 196.9 561.7 496.3 478.9 365.8 346.1 249.7 272.2 313.7 333.6 288.6 378.2 287.8 210.7 214.8 376.6 372.6 503.7 136.0 312.5 0.0 542.1 416.3 371.7 64.4 326.9 846.8 374.7 520.9 384.6 563.7 280.2 257.7 381.4 188.3 326.6 136.4 595.5 484.4 524.1 399.7 376.3 287.9 364.6 152.3 197.3 262.4 514.2 385.8 536.2 313.9 402.4 150.9 331.8 558.3 418.9 361.1 125.9 392.0 513.4 552.5 398.9 192.4 310.7 202.5 549.9 576.1
2181.5 373.1 524.8 91.8 645.4 671.2 612.0 726.5 48.6 707.2 660.0 666.9 110.8 504.1 9.7 762.3 719.5 707.5 510.4 348.3 80.3 414.0 742.4 640.3 547.8 519.9 177.1 728.9 434.6 553.0 354.1 291.1 692.1 73.5 479.3 273.8 774.0 452.4 157.9 654.6 624.1 136.5 175.6 705.2 650.7 715.0 465.7 686.3 486.6 82.5 55.3 278.1 709.6 690.6 277.1 616.7 658.2 678.1 241.4 722.7 631.6 554.5 312.7 717.8 717.1 113.7 480.5 656.3 508.1 0.0 760.1 715.5 447.2 671.4 700.7 719.2 64.4 728.4 279.9 246.6 266.2 725.2 532.8 671.1 383.5 340.4 90.1 56.8 252.9 720.1 631.7 709.1 496.8 541.8 606.9 368.1 730.3 45.4 658.4 746.9 495.4 676.3 50.5 763.4 705.6 394.8 159.6 86.5 10.3 742.7 385.5 654.5 492.2 50.8 52.2
2629.7 384.6 382.6 823.3 116.7 107.6 294.6 99.8 742.4 264.9 217.7 224.6 792.7 405.6 772.8 320.0 164.7 80.8 356.9 410.7 785.2 407.6 187.6 221.3 286.1 467.5 893.6 115.8 323.1 203.2 498.5 654.9 353.0 737.7 392.1 491.4 331.7 400.0 719.3 235.6 294.1 726.4 588.9 167.6 320.7 204.1 378.5 244.0 434.2 799.0 733.6 715.5 154.8 248.3 487.0 286.7 215.9 348.1 530.0 330.3 136.6 224.5 451.4 275.5 50.9 740.3 276.2 237.3 420.9 779.4 0.0 41.9 360.0 229.1 1084.1 276.9 758.2 286.1 801.0 517.5 497.9 98.5 224.0 81.0 373.7 831.6 721.7 766.6 636.3 112.7 301.7 296.9 343.3 214.8 276.9 751.5 175.5 772.8 242.9 209.3 353.2 138.7 795.6 321.1 62.4 362.5 629.3 750.7 789.8 219.3 429.0 143.6 439.8 786.5 812.7
2583.0 342.2 340.2 774.4 70.0 60.9 252.2 57.8 700.0 218.2 171.0 177.9 750.3 363.2 730.4 273.3 122.7 38.8 314.5 368.3 742.8 365.2 145.6 179.3 243.7 425.1 851.2 73.8 280.7 160.8 427.1 612.5 306.3 695.3 349.7 447.9 285.0 357.6 676.9 193.6 251.7 681.7 546.5 120.9 278.3 162.1 336.1 197.3 391.8 756.6 691.2 673.1 112.8 201.6 444.6 244.3 169.2 305.7 480.3 275.7 94.6 182.1 409.0 228.8 9.0 697.9 233.8 195.3 378.5 737.0 59.8 0.0 317.6 182.4 1041.7 230.2 715.8 239.4 758.6 475.1 452.6 56.5 181.6 34.3 331.3 790.4 679.3 719.0 593.9 66.0 259.3 254.9 300.9 172.4 234.5 709.1 133.5 730.4 200.9 162.6 310.8 92.0 753.2 274.4 20.4 320.1 586.9 708.3 747.4 177.3 386.6 101.6 397.4 744.1 770.3
2510.5 82.8 115.8 521.5 236.4 262.2 203.0 317.5 440.6 298.2 251.0 257.9 490.9 95.1 471.0 353.3 310.5 298.5 101.4 108.9 483.4 105.8 333.4 231.3 138.8 165.7 591.8 319.9 25.6 144.0 196.7 353.1 283.1 435.9 32.0 189.6 365.0 98.2 417.5 245.6 215.1 424.6 287.1 296.2 241.7 306.0 18.4 277.3 132.4 497.2 431.8 413.7 300.6 281.6 185.2 207.7 249.2 269.1 228.2 305.8 222.6 145.5 149.6 308.8 308.1 438.5 71.5 247.3 60.8 477.6 351.1 306.5 0.0 262.4 782.3 310.2 456.4 319.4 499.2 215.7 196.1 316.2 123.8 262.1 71.9 529.8 419.9 464.8 334.5 311.1 222.7 300.1 87.8 132.8 197.9 449.7 321.3 471.0 252.9 337.9 86.4 267.3 493.8 354.4 296.6 60.7 327.5 448.9 488.0 333.7 127.2 245.5 138.0 484.7 510.9
2714.1 286.4 284.4 722.8 80.6 106.4 196.4 195.3 644.2 35.7 74.2 81.1 694.5 307.4 674.6 176.5 196.5 176.3 258.7 312.5 687.0 309.4 219.4 151.5 187.9 369.3 795.4 205.9 224.9 105.0 371.3 556.7 209.5 639.5 293.9 392.1 188.2 301.8 621.1 165.8 195.9 625.9 490.7 166.4 222.5 192.0 280.3 100.5 336.0 700.8 635.4 617.3 186.6 104.8 388.8 188.5 14.1 223.5 424.5 178.9 108.6 126.3 353.2 75.0 159.7 642.1 178.0 167.5 322.7 681.2 195.3 150.7 261.8 0.0 985.9 138.6 660.0 142.6 702.8 419.3 396.8 194.0 125.8 106.3 275.5 734.6 623.5 667.9 538.1 155.3 203.5 123.3 245.1 116.6 178.7 653.3 207.3 674.6 121.0 208.1 255.0 137.5 697.4 177.6 171.2 264.3 531.1 652.5 691.6 219.7 330.8 131.5 341.6 688.3 714.5
2732.4 656.6 808.3 794.0 928.9 954.7 895.5 1010.0 662.5 990.7 943.5 950.4 810.7 787.6 727.6 1045.8 1003.0 991.0 793.9 631.8 780.2 697.5 1025.9 923.8 831.3 803.4 786.3 1012.4 718.1 834.3 637.6 467.4 975.6 657.8 762.8 557.3 1057.5 735.9 639.4 938.1 907.6 616.8 550.7 988.7 934.2 998.5 749.2 969.8 770.1 691.7 701.9 533.1 993.1 976.2 560.6 900.2 941.7 961.6 521.7 1006.2 915.1 838.0 596.2 1001.3 1000.6 633.0 764.0 939.8 792.5 734.2 1043.6 999.0 730.7 954.9 0.0 1002.7 678.3 1011.9 601.3 530.1 552.6 1008.7 816.3 954.6 667.0 587.9 712.8 752.0 422.6 1003.6 915.2 992.6 780.3 825.3 890.4 366.0 1013.8 745.3 945.4 1030.4 778.9 959.8 750.4 1046.9 989.1 678.3 554.1 670.8 744.6 1026.2 669.0 938.0 775.7 679.2 767.5
2741.8 314.1 312.1 752.8 108.3 134.1 224.1 223.0 671.9 174.3 127.1 134.0 722.2 335.1 702.3 229.4 224.2 204.0 286.4 340.2 714.7 337.1 247.1 179.2 215.6 397.0 823.1 233.6 252.6 132.7 399.0 584.4 262.4 667.2 321.6 419.8 241.1 329.5 648.8 193.5 223.9 653.6 518.4 194.1 250.2 219.7 308.0 153.4 363.7 728.5 663.1 645.0 214.3 157.7 416.5 216.2 125.3 276.4 459.5 231.8 136.3 154.0 380.9 184.9 187.4 669.8 210.4 195.2 350.4 708.9 223.0 178.4 289.5 138.5 1013.6 0.0 687.7 195.5 730.5 447.0 424.5 221.7 153.5 134.0 303.2 762.3 651.2 696.1 565.8 183.0 231.2 176.2 272.8 144.3 206.4 681.0 235.0 702.3 200.8 235.8 282.7 165.2 725.1 230.5 198.9 292.0 558.8 680.2 719.3 247.4 358.5 159.2 369.3 716.0 742.2
2117.6 345.4 497.1 171.6 617.7 643.5 584.3 698.8 17.9 679.5 632.3 639.2 188.3 476.4 71.3 734.6 691.8 679.8 482.7 320.6 157.8 386.3 714.7 612.6 520.1 492.2 101.3 701.2 406.9 525.3 355.4 221.1 664.4 96.7 451.6 245.0 746.3 424.7 138.3 626.9 596.4 126.8 147.9 677.5 623.0 687.3 438.0 658.6 458.9 72.8 27.6 218.1 681.9 662.9 249.4 589.0 630.5 650.4 206.4 687.1 603.9 526.8 285.0 690.1 689.4 104.0 452.8 628.6 480.4 109.1 732.4 687.8 419.5 643.7 673.0 691.5 0.0 700.7 220.1 218.9 238.5 697.5 505.1 643.4 355.8 279.4 38.5 95.2 225.2 692.4 604.0 681.4 469.1 514.1 579.2 340.4 702.6 89.0 634.2 719.2 467.7 648.6 128.0 735.7 677.9 367.1 131.9 109.7 98.3 715.0 357.8 626.8 464.5 41.1 109.1
2789.8 362.1 360.1 800.8 156.3 182.1 272.1 271.0 719.9 177.1 68.3 61.4 770.2 383.1 750.3 32.8 314.2 252.0 334.4 388.2 762.7 385.1 337.1 206.8 263.6 445.0 871.1 323.6 300.6 204.0 476.0 632.4 65.8 715.2 369.6 468.9 38.8 377.5 696.8 185.0 175.9 703.9 566.4 242.1 143.3 309.7 356.0 42.0 411.7 776.5 711.1 693.0 304.3 37.7 464.5 130.4 128.1 79.8 507.5 43.1 226.3 192.6 428.9 187.7 235.4 717.8 253.7 154.7 398.4 756.9 271.0 226.4 337.5 141.3 1061.6 214.3 735.7 0.0 778.5 495.0 475.4 269.7 201.5 182.0 351.2 809.1 699.2 744.1 613.8 231.0 124.3 97.5 320.8 192.3 140.2 729.0 325.0 750.3 127.8 283.8 330.7 213.2 773.1 61.2 246.9 340.0 606.8 728.2 767.3 337.4 406.5 249.2 417.3 764.0 790.2
2294.6 367.9 519.6 305.6 640.2 666.0 606.8 721.3 224.7 702.0 654.8 661.7 275.0 498.9 253.1 757.1 714.3 702.3 505.2 343.1 267.5 408.8 737.2 635.1 542.6 514.7 311.8 723.7 429.4 547.8 377.9 146.8 686.9 220.0 474.1 267.5 768.8 447.2 201.6 649.4 618.9 150.4 170.4 700.0 645.5 709.8 460.5 681.1 481.4 217.2 215.9 91.1 704.4 685.4 271.9 611.5 653.0 672.9 228.9 709.6 626.4 549.3 307.5 712.6 711.9 164.3 475.3 651.1 502.9 259.7 754.9 710.3 442.0 666.2 637.3 714.0 240.5 723.2 0.0 241.4 261.0 720.0 527.6 665.9 378.3 155.0 204.0 248.9 189.5 714.9 626.5 703.9 491.6 536.6 601.7 304.7 725.1 255.1 656.7 741.7 490.2 671.1 275.9 758.2 700.4 389.6 154.4 233.0 270.1 737.5 380.3 649.3 487.0 204.7 293.0
2294.7 126.4 278.1 305.7 398.7 424.5 365.3 479.8 224.8 460.5 413.3 420.2 275.1 257.4 255.2 515.6 472.8 460.8 263.7 101.6 267.6 167.3 495.7 393.6 301.1 273.2 376.0 482.2 187.9 306.3 136.4 137.3 445.4 220.1 232.6 26.0 527.3 205.7 201.7 407.9 377.4 208.8 71.3 458.5 404.0 468.3 219.0 439.6 239.9 281.4 216.0 197.9 462.9 443.9 30.4 370.0 411.5 431.4 12.5 468.1 384.9 307.8 66.0 471.1 470.4 222.7 233.8 409.6 261.4 261.8 513.4 468.8 200.5 424.7 566.5 472.5 240.6 481.7 283.4 0.0 19.5 478.5 286.1 424.4 136.8 314.0 204.1 249.0 118.7 473.4 385.0 462.4 250.1 295.1 360.2 233.9 483.6 255.2 415.2 500.2 248.7 429.6 278.0 516.7 458.9 148.1 111.7 233.1 272.2 496.0 138.8 407.8 245.5 268.9 295.1
2314.3 106.8 258.5 318.8 376.2 404.9 345.7 457.3 244.4 440.9 393.7 400.6 294.7 237.8 274.8 496.0 453.2 441.2 244.1 82.0 290.1 147.7 473.2 374.0 281.5 253.6 395.6 462.6 168.3 284.5 84.9 156.9 425.8 239.7 213.0 4.6 504.8 186.1 224.2 388.3 358.1 226.1 90.9 438.9 384.4 448.7 196.5 420.0 220.3 301.0 235.6 217.5 440.4 426.4 10.8 350.4 391.9 408.9 24.7 453.5 362.4 288.2 43.5 448.6 450.8 242.3 210.0 390.0 241.8 281.4 493.8 449.2 180.9 402.2 586.1 450.0 260.2 462.1 303.0 19.5 0.0 456.0 266.5 404.8 117.2 337.7 226.6 270.8 138.3 450.9 365.4 442.8 227.6 272.6 340.6 253.5 464.0 274.8 392.1 480.6 229.1 410.0 297.6 497.1 439.3 128.5 131.3 252.7 291.8 476.4 119.2 388.2 225.9 288.5 314.7
2749.4 321.7 319.7 753.9 104.4 87.7 231.7 26.7 679.5 243.3 230.7 237.6 729.8 342.7 709.9 333.0 66.1 17.6 294.0 347.8 722.3 344.7 89.0 158.4 223.2 404.6 830.7 17.3 260.2 140.3 406.6 592.0 299.2 674.8 329.2 428.5 344.7 337.1 656.4 172.7 231.2 661.2 526.0 121.0 257.8 118.0 315.6 257.0 371.3 736.1 670.7 652.6 56.2 261.3 424.1 223.8 194.3 285.2 459.8 335.4 73.7 161.6 388.5 256.5 47.5 677.4 213.3 174.4 358.0 716.5 116.4 56.5 297.1 207.5 1021.2 255.3 695.3 299.1 738.1 454.6 432.1 0.0 161.1 90.9 310.8 769.9 658.8 705.9 573.4 122.6 238.8 234.0 280.4 151.9 214.0 688.6 76.9 709.9 176.5 162.7 290.3 92.1 732.7 334.1 36.0 299.6 566.4 687.8 726.9 120.7 366.1 80.7 376.9 723.6 749.8
2588.2 160.5 158.5 599.2 112.5 138.3 70.5 193.6 518.3 174.3 127.1 134.0 568.6 181.5 548.7 229.4 186.6 174.6 132.8 186.6 561.1 183.5 209.5 107.4 62.0 243.4 669.5 196.0 99.0 20.1 274.4 430.8 159.2 513.6 168.0 267.3 241.1 175.9 495.2 121.7 91.2 502.3 364.8 172.3 117.8 182.1 154.4 153.4 210.1 574.9 509.5 491.4 176.7 157.7 262.9 83.8 125.3 145.2 305.9 181.9 98.7 21.6 227.3 184.9 184.2 516.2 52.1 123.4 196.8 555.3 227.2 182.6 135.9 138.5 860.0 186.3 534.1 195.5 576.9 293.4 273.8 192.3 0.0 138.2 149.6 607.5 497.6 542.5 412.2 187.2 98.8 176.2 119.2 8.9 74.0 527.4 197.4 548.7 129.0 214.0 129.1 143.4 571.5 230.5 172.7 138.4 405.2 526.6 565.7 209.8 204.9 121.6 215.7 562.4 588.6
2564.7 307.8 305.8 746.5 35.6 26.5 217.8 102.2 665.6 183.8 136.6 143.5 715.9 328.8 696.0 238.9 138.8 83.2 280.1 333.9 708.4 330.8 161.7 151.5 209.3 390.7 816.8 118.2 246.3 126.4 421.7 578.1 271.9 660.9 315.3 414.6 250.6 323.2 642.5 165.8 217.3 649.6 512.1 86.5 243.9 134.3 301.7 162.9 357.4 722.2 656.8 638.7 128.9 167.2 410.2 209.9 134.8 271.3 453.2 249.2 66.8 147.7 374.6 194.4 53.3 663.5 199.4 167.5 344.1 702.6 88.9 44.3 283.2 148.0 1007.3 195.8 681.4 205.0 724.2 440.7 421.1 100.9 147.2 0.0 296.9 754.8 644.9 689.8 559.5 48.9 224.9 227.1 266.5 138.0 200.1 674.7 149.6 696.0 173.1 128.2 276.4 57.6 718.8 240.0 64.8 285.7 552.5 673.9 713.0 162.0 352.2 73.8 363.0 709.7 735.9
2438.5 10.8 141.2 449.5 261.8 287.6 228.4 342.9 368.6 323.6 276.4 283.3 418.9 120.5 399.0 378.7 335.9 323.9 126.8 36.9 411.4 30.4 358.8 256.7 164.2 136.3 519.8 345.3 51.0 169.4 124.7 281.1 308.5 363.9 95.7 117.6 390.4 68.8 345.5 271.0 240.5 352.6 215.1 321.6 267.1 331.4 82.1 302.7 103.0 425.2 359.8 341.7 326.0 307.0 113.2 233.1 274.6 294.5 156.2 331.2 248.0 170.9 77.6 334.2 333.5 366.5 96.9 272.7 124.5 405.6 376.5 331.9 63.6 287.8 710.3 335.6 384.4 344.8 427.2 143.7 124.1 341.6 149.2 287.5 0.0 457.8 347.9 392.8 262.5 336.5 248.1 325.5 113.2 158.2 223.3 377.7 346.7 399.0 278.3 363.3 111.8 292.7 421.8 379.8 322.0 11.2 255.5 376.9 416.0 359.1 55.2 270.9 108.6 412.7 438.9
2351.1 557.2 708.9 488.4 829.5 855.3 796.1 910.6 490.7 891.3 844.1 851.0 464.3 688.2 442.4 946.4 903.6 891.6 694.5 532.4 456.8 598.1 926.5 824.4 731.9 704.0 451.5 913.0 618.7 737.1 538.2 373.2 876.2 409.3 663.4 457.9 958.1 636.5 390.9 838.7 808.2 337.4 359.7 889.3 834.8 899.1 649.8 870.4 670.7 406.5 405.2 356.2 893.7 874.7 461.2 800.8 842.3 862.2 418.2 906.8 815.7 738.6 496.8 901.9 901.2 353.6 664.6 840.4 692.2 524.6 944.2 899.6 631.3 855.5 663.0 903.3 472.7 912.5 265.0 430.7 450.3 909.3 716.9 855.2 567.6 0.0 393.3 433.0 415.9 904.2 815.8 893.2 680.9 725.9 791.0 380.8 914.4 444.4 842.5 931.0 679.5 860.4 543.5 947.5 889.7 578.9 343.7 422.3 513.8 926.8 569.6 838.6 676.3 394.0 524.6
2154.1 306.8 458.5 115.1 579.1 604.9 545.7 660.2 20.6 640.9 593.7 600.6 134.1 437.8 51.0 696.0 653.2 641.2 444.1 282.0 103.6 347.7 676.1 574.0 481.5 453.6 137.8 662.6 368.3 484.5 287.8 182.5 625.8 58.1 413.0 207.5 707.7 386.1 99.7 588.3 557.8 133.3 109.3 638.9 584.4 648.7 399.4 620.0 420.3 72.5 11.9 179.5 643.3 624.3 210.8 550.4 591.9 611.8 175.1 656.4 565.3 488.2 246.4 651.5 650.8 103.7 410.0 590.0 441.8 57.6 693.8 649.2 380.9 605.1 634.4 652.9 36.4 662.1 181.5 180.3 202.8 658.9 466.5 604.8 317.2 242.0 0.0 80.1 186.6 653.8 565.4 642.8 430.5 475.5 540.6 301.8 664.0 68.7 592.1 680.6 429.1 610.0 73.8 697.1 639.3 328.5 93.3 71.1 68.0 676.4 319.2 588.2 425.9 40.8 90.9
2220.7 404.0 550.5 70.0 675.8 702.1 642.9 752.2 92.4 738.1 690.9 697.8 93.2 535.0 66.3 793.2 750.4 738.4 541.3 379.2 67.9 444.9 768.1 671.2 578.7 550.8 216.2 759.8 465.5 581.7 384.5 280.1 723.0 28.8 510.2 299.5 804.9 483.3 138.1 685.5 655.3 178.9 201.3 736.1 681.6 745.9 496.6 717.2 517.5 121.1 98.4 276.7 740.9 723.6 307.5 647.6 689.1 708.5 272.3 748.4 662.9 585.4 344.0 749.1 748.0 152.3 507.2 687.2 539.4 58.1 791.0 741.2 478.1 697.1 731.6 744.9 103.0 759.3 278.7 277.5 300.0 750.9 563.7 702.0 414.4 334.0 88.7 0.0 283.8 745.8 662.6 740.0 528.1 572.7 637.8 399.0 761.2 11.4 689.3 777.8 526.3 707.2 32.9 789.1 736.5 420.5 190.5 49.5 61.1 773.6 416.4 685.4 523.1 89.4 47.8
2309.7 233.9 385.6 371.3 506.2 532.0 472.8 587.3 239.8 568.0 520.8 527.7 388.0 364.9 304.9 623.1 580.3 568.3 371.2 209.1 357.5 274.8 603.2 501.1 408.6 380.7 363.6 589.7 295.4 413.8 243.9 44.7 552.9 235.1 340.1 133.5 634.8 313.2 216.7 515.4 484.9 196.4 128.0 566.0 511.5 575.8 326.5 547.1 347.4 269.0 279.2 110.4 570.4 551.4 137.9 477.5 519.0 538.9 94.9 575.6 492.4 415.3 173.5 578.6 577.9 210.3 341.3 517.1 368.9 311.5 620.9 576.3 308.0 532.2 447.7 580.0 255.6 589.2 195.9 107.4 127.0 586.0 393.6 531.9 244.3 319.6 290.1 328.8 0.0 580.9 492.5 569.9 357.6 402.6 467.7 115.1 591.1 322.6 522.7 607.7 356.2 537.1 327.7 624.2 566.4 255.6 131.4 248.1 321.9 603.5 246.3 515.3 353.0 256.5 344.8
2600.6 341.0 339.0 773.2 68.8 59.7 251.0 138.1 698.8 217.0 169.8 176.7 749.1 362.0 729.2 272.1 172.0 119.1 313.3 367.1 741.6 364.0 194.9 184.7 242.5 423.9 850.0 154.1 279.5 161.8 425.9 611.3 305.1 694.1 348.5 446.7 283.8 356.4 675.7 199.0 250.5 680.5 545.3 119.7 277.1 167.5 334.9 196.1 390.6 755.4 690.0 671.9 162.1 200.4 443.4 243.1 168.0 304.5 482.3 274.5 100.0 180.9 407.8 227.6 89.2 696.7 232.6 200.7 377.3 735.8 124.8 80.2 316.4 181.2 1040.5 229.0 714.6 238.2 757.4 473.9 451.4 136.8 180.4 33.1 330.1 789.2 678.1 717.8 592.7 0.0 258.1 260.3 299.7 171.2 233.3 707.9 182.8 729.2 202.8 161.4 309.6 90.8 752.0 273.2 100.7 318.9 585.7 707.1 746.2 195.2 385.4 107.0 396.2 742.9 769.1
2708.1 280.4 278.4 719.1 191.2 217.0 190.4 272.3 638.2 253.0 194.8 187.9 688.5 301.4 668.6 139.4 265.3 253.3 252.7 306.5 681.0 303.4 288.2 186.1 181.9 363.3 789.4 274.7 218.9 98.8 394.3 550.7 59.5 633.5 287.9 387.2 169.3 295.8 615.1 200.4 70.7 622.2 484.7 251.0 19.0 260.8 274.3 168.5 330.0 694.8 629.4 611.3 255.4 164.2 382.8 25.2 204.0 45.5 425.8 82.2 177.4 87.4 347.2 263.6 262.9 636.1 172.0 202.1 316.7 675.2 305.9 261.3 255.8 217.2 979.9 265.0 654.0 125.4 696.8 413.3 393.7 271.0 119.8 216.9 269.5 727.4 617.5 662.4 532.1 265.9 0.0 224.0 239.1 110.6 35.0 647.3 276.1 668.6 207.7 292.7 249.0 222.1 691.4 172.6 251.4 258.3 525.1 646.5 685.6 288.5 324.8 200.3 335.6 682.3 708.5
2795.1 367.4 365.4 806.1 137.0 201.5 277.4 256.1 725.2 157.8 44.9 51.8 775.5 388.4 755.6 121.4 249.1 237.1 339.7 393.5 768.0 390.4 272.0 141.7 268.9 450.3 876.4 258.5 305.9 186.0 481.3 637.7 154.4 720.5 374.9 474.2 133.1 382.8 702.1 119.9 264.5 709.2 571.7 234.8 231.9 244.6 361.3 45.4 417.0 781.8 716.4 698.3 239.2 49.7 469.8 219.0 108.8 168.4 512.8 131.7 161.2 207.3 434.2 168.4 246.7 723.1 259.0 89.6 403.7 762.2 251.7 207.1 342.8 122.0 1066.9 195.0 741.0 87.5 783.8 500.3 480.7 254.8 206.8 162.7 356.5 814.4 704.5 749.4 619.1 211.7 212.9 0.0 326.1 197.6 228.8 734.3 259.9 755.6 62.7 276.5 336.0 205.9 778.4 122.5 235.2 345.3 612.1 733.5 772.6 272.3 411.8 184.1 422.6 769.3 795.5
2554.3 126.6 98.2 563.0 257.5 283.3 224.1 338.6 484.4 319.3 272.1 279.0 534.7 98.2 514.8 374.4 331.6 319.6 13.6 152.7 527.2 149.6 354.5 252.4 159.9 209.5 635.6 341.0 65.1 162.9 211.5 396.9 304.2 479.7 134.1 232.3 386.1 142.0 461.3 266.7 236.2 466.1 330.9 317.3 262.8 327.1 120.5 298.4 176.2 541.0 475.6 457.5 321.7 304.8 229.0 228.8 270.3 290.2 272.0 334.8 243.7 166.6 193.4 329.9 329.2 482.3 88.4 268.4 162.9 521.4 372.2 327.6 102.0 283.5 826.1 331.3 500.2 340.5 543.0 259.5 237.0 337.3 144.9 283.2 115.7 574.8 463.7 508.6 378.3 332.2 243.8 321.2 0.0 153.9 219.0 493.5 342.4 514.8 274.0 359.0 68.8 288.4 537.6 375.5 317.7 104.5 371.3 492.7 531.8 354.8 171.0 266.6 181.8 528.5 554.7
2597.4 169.7 167.7 608.4 103.5 129.3 79.7 184.6 527.5 165.3 118.1 125.0 577.8 190.7 557.9 220.4 177.6 165.6 142.0 195.8 570.3 192.7 200.5 98.4 71.2 252.6 678.7 187.0 108.2 8.9 254.6 440.0 150.2 522.8 177.2 275.4 232.1 185.1 504.4 112.7 82.2 509.2 374.0 163.3 108.8 173.1 163.6 144.4 219.3 584.1 518.7 500.6 167.7 148.7 272.1 74.8 116.3 136.2 307.8 180.8 89.7 12.6 236.5 175.9 175.2 525.4 66.0 114.4 206.9 564.5 218.2 173.6 145.1 129.5 869.2 177.3 543.3 186.5 586.1 302.6 280.1 183.3 9.1 129.2 158.8 617.9 506.8 553.9 421.4 178.2 89.8 167.2 128.4 0.0 65.0 536.6 188.4 557.9 120.0 205.0 138.3 134.4 580.7 221.5 163.7 147.6 414.4 535.8 574.9 200.8 214.1 112.6 224.9 571.6 597.8
2673.0 245.3 243.3 684.0 156.1 181.9 155.3 237.2 603.1 217.9 170.7 177.6 653.4 266.3 633.5 165.0 230.2 218.2 217.6 271.4 645.9 268.3 253.1 151.0 146.8 328.2 754.3 239.6 183.8 63.7 359.2 515.6 85.1 598.4 252.8 352.1 194.9 260.7 580.0 165.3 35.6 587.1 449.6 215.9 43.7 225.7 239.2 194.1 294.9 659.7 594.3 576.2 220.3 189.8 347.7 9.7 168.9 71.1 390.7 107.8 142.3 52.3 312.1 228.5 227.8 601.0 136.9 167.0 281.6 640.1 270.8 226.2 220.7 182.1 944.8 229.9 618.9 151.0 661.7 378.2 358.6 235.9 84.7 181.8 234.4 692.3 582.4 627.3 497.0 230.8 24.7 219.8 204.0 75.5 0.0 612.2 241.0 633.5 172.6 257.6 213.9 187.0 656.3 198.2 216.3 223.2 490.0 611.4 650.5 253.4 289.7 165.2 300.5 647.2 673.4
2422.6 352.2 503.9 433.6 624.5 650.3 591.1 705.6 352.7 686.3 639.1 646.0 403.0 483.2 423.2 741.4 698.6 686.6 489.5 327.4 395.5 393.1 721.5 619.4 526.9 499.0 481.9 708.0 413.7 532.1 362.2 163.0 671.2 348.0 458.4 251.8 753.1 431.5 329.6 633.7 603.2 314.7 246.3 684.3 629.8 694.1 444.8 665.4 465.7 387.3 343.9 228.7 688.7 669.7 256.2 595.8 637.3 657.2 213.2 693.9 610.7 533.6 291.8 696.9 696.2 328.6 459.6 635.4 488.1 429.8 739.2 694.6 426.3 650.5 394.2 698.3 368.5 707.5 203.7 225.7 245.3 704.3 511.9 650.2 362.6 239.1 332.0 376.9 118.2 699.2 610.8 688.2 475.9 520.9 586.0 0.0 709.4 383.1 641.0 726.0 474.5 655.4 446.0 742.5 684.7 373.9 249.7 361.0 440.2 721.8 364.6 633.6 471.3 374.8 463.1
2774.5 346.8 344.8 785.5 159.9 143.2 256.8 113.7 704.6 268.4 255.8 262.7 754.9 367.8 735.0 358.1 10.7 104.6 319.1 372.9 747.4 369.8 12.1 183.5 248.3 429.7 855.8 69.6 285.3 165.4 460.7 617.1 324.3 699.9 354.3 453.6 369.8 362.2 681.5 197.8 256.3 688.6 551.1 176.5 282.9 71.4 340.7 282.1 396.4 761.2 695.8 677.7 20.6 286.4 449.2 248.9 219.4 310.3 492.2 368.4 98.8 186.7 413.6 279.0 134.5 702.5 238.4 199.5 384.0 741.6 203.4 143.5 322.2 232.6 1046.3 280.4 720.4 324.2 763.2 479.7 460.1 86.9 186.2 170.7 335.9 793.8 683.9 728.8 598.5 209.6 263.9 259.1 305.5 177.0 239.1 713.7 0.0 735.0 205.1 218.2 315.4 147.6 757.8 359.2 123.0 324.7 591.5 712.9 752.0 43.7 391.2 85.7 402.0 748.7 774.9
2214.5 400.4 552.1 68.0 672.7 698.5 639.3 753.8 81.0 734.5 687.3 694.2 87.0 531.4 60.1 789.6 746.8 734.8 537.7 375.6 56.5 441.3 769.7 667.6 575.1 547.2 209.5 756.2 461.9 578.1 381.4 276.1 719.4 35.0 506.6 301.1 801.3 479.7 134.1 681.9 651.4 168.9 202.9 732.5 678.0 742.3 493.0 713.6 513.9 114.9 104.6 273.1 736.9 720.0 304.4 644.0 685.5 705.4 265.5 750.0 658.9 581.8 340.0 745.1 744.4 146.1 507.8 683.6 536.3 46.7 787.4 742.8 474.5 698.7 728.0 746.5 96.8 755.7 275.1 273.9 296.4 752.5 560.1 698.4 410.8 335.6 92.7 11.4 280.2 747.4 659.0 736.4 524.1 569.1 634.2 395.4 757.6 0.0 689.2 774.2 522.7 703.6 26.7 790.7 732.9 422.1 186.9 55.7 57.1 770.0 412.8 681.8 519.5 83.2 43.8
2732.3 304.6 299.4 736.8 152.2 138.7 214.6 193.3 659.2 163.5 50.6 57.5 712.7 325.6 692.8 152.9 186.3 174.3 276.9 330.7 705.2 327.6 209.2 78.9 206.1 387.5 810.4 195.7 243.1 125.4 386.3 571.7 185.9 657.7 312.1 410.3 168.1 320.0 636.1 57.1 214.4 644.1 505.7 172.0 263.4 178.6 298.5 76.9 354.2 719.0 653.6 635.5 176.4 83.3 403.8 250.5 114.5 203.4 442.7 158.8 98.4 144.5 368.2 174.1 183.9 657.1 200.9 36.4 337.7 696.2 252.8 192.9 280.0 131.2 1000.9 200.7 678.2 119.0 721.0 437.5 415.0 192.0 144.0 166.2 293.7 752.8 641.7 688.8 556.3 212.0 244.4 53.9 260.1 131.6 196.9 671.5 197.1 689.6 0.0 213.7 273.2 143.1 712.4 154.0 172.4 282.5 549.3 667.5 706.6 209.5 349.0 121.3 359.8 706.5 729.5
2788.9 361.2 359.2 799.9 92.0 75.3 271.2 161.8 719.0 240.2 193.0 199.9 769.3 382.2 749.4 295.3 185.2 142.8 333.5 387.3 761.8 384.2 208.1 197.9 262.7 444.1 870.2 177.8 299.7 179.8 475.1 631.5 328.3 714.3 368.7 468.0 307.0 376.6 695.9 212.2 270.7 703.0 565.5 23.8 297.3 180.7 355.1 219.3 410.8 775.6 710.2 692.1 175.3 223.6 463.6 263.3 191.2 324.7 506.6 305.6 113.2 201.1 428.0 250.8 152.4 716.9 252.8 213.9 397.5 756.0 191.8 147.2 336.6 204.4 1060.7 252.2 734.8 261.4 777.6 494.1 474.5 160.5 200.6 102.8 350.3 808.2 698.3 743.2 612.9 151.8 278.3 273.5 319.9 191.4 253.5 728.1 196.0 749.4 219.5 0.0 329.8 54.0 772.2 296.4 140.9 339.1 605.9 727.3 766.4 208.4 405.6 120.2 416.4 763.1 789.3
2549.0 121.3 29.3 560.0 259.9 285.7 226.5 341.0 479.1 321.7 274.5 281.4 529.4 135.9 509.5 376.8 334.0 322.0 98.5 147.4 521.9 144.3 356.9 254.8 162.3 204.2 630.3 343.4 59.8 167.5 235.2 391.6 306.6 474.4 128.8 228.1 388.5 136.7 456.0 269.1 238.6 463.1 325.6 319.7 265.2 329.5 115.2 300.8 170.9 535.7 470.3 452.2 324.1 305.1 223.7 231.2 272.7 292.6 266.7 329.3 246.1 169.0 188.1 332.3 331.6 477.0 95.0 270.8 157.6 516.1 374.6 330.0 96.7 285.9 820.8 333.7 494.9 342.9 537.7 254.2 234.6 339.7 147.3 285.6 110.4 568.3 458.4 503.3 373.0 334.6 246.2 323.6 84.9 156.3 221.4 488.2 344.8 509.5 276.4 361.4 0.0 290.8 532.3 377.9 320.1 99.2 366.0 487.4 526.5 357.2 165.7 269.0 176.5 523.2 549.4
2733.8 306.1 304.1 744.8 36.9 20.2 216.1 106.7 663.9 185.1 137.9 144.8 714.2 327.1 694.3 240.2 130.1 87.7 278.4 332.2 706.7 329.1 153.0 142.8 207.6 389.0 815.1 122.7 244.6 124.7 420.0 576.4 273.2 659.2 313.6 412.9 251.9 321.5 640.8 157.1 215.6 647.9 510.4 27.9 242.2 125.6 300.0 164.2 355.7 720.5 655.1 637.0 120.2 168.5 408.5 208.2 136.1 269.6 451.5 250.5 58.1 146.0 372.9 195.7 97.3 661.8 197.7 158.8 342.4 700.9 136.7 92.1 281.5 149.3 1005.6 197.1 679.7 206.3 722.5 439.0 419.4 105.4 145.5 47.7 295.2 753.1 643.2 688.1 557.8 96.7 223.2 218.4 264.8 136.3 198.4 673.0 140.9 694.3 164.4 69.6 274.7 0.0 717.1 241.3 85.8 284.0 550.8 672.2 711.3 153.3 350.5 65.1 361.3 708.0 734.2
2202.0 373.6 525.3 41.2 645.9 671.7 612.5 727.0 86.1 707.7 660.5 667.4 60.2 504.6 65.2 762.8 720.0 708.0 510.9 348.8 29.7 414.5 742.9 640.8 548.3 520.4 214.6 729.4 435.1 553.5 354.6 249.3 692.6 77.2 479.8 274.3 774.5 452.9 107.3 655.1 624.6 177.8 176.1 705.7 651.2 715.5 466.2 686.8 487.1 120.0 92.8 246.3 710.1 691.1 277.6 617.2 658.7 678.6 241.9 723.2 632.1 555.0 313.2 718.3 717.6 151.2 481.0 656.8 508.6 51.8 760.6 716.0 447.7 671.9 701.2 719.7 101.9 728.9 248.3 247.1 266.7 725.7 533.3 671.6 384.0 308.8 134.9 58.1 253.4 720.6 632.2 709.6 497.3 542.3 607.4 368.6 730.8 46.7 658.9 747.4 495.9 676.8 0.0 763.9 706.1 395.3 160.1 54.2 62.2 743.2 386.0 655.0 492.7 88.3 19.3
2834.8 407.1 405.1 839.3 201.3 227.1 317.1 316.0 764.9 222.1 113.3 106.4 815.2 428.1 795.3 33.2 359.2 297.0 379.4 433.2 807.7 430.1 382.1 251.8 308.6 490.0 916.1 368.6 345.6 241.2 492.0 677.4 103.0 760.2 414.6 512.8 105.2 422.5 741.8 230.0 213.4 746.6 611.4 287.1 180.5 354.7 401.0 87.0 456.7 821.5 756.1 738.0 349.3 80.6 509.5 167.6 173.1 117.0 545.2 72.4 271.3 229.8 473.9 232.7 280.4 762.8 298.7 199.7 443.4 801.9 316.0 271.4 382.5 186.3 1106.6 259.3 780.7 51.2 823.5 540.0 520.4 314.7 246.5 227.0 396.2 855.3 744.2 783.9 658.8 276.0 161.5 142.5 365.8 237.3 177.4 774.0 370.0 795.3 176.0 328.8 375.7 258.2 818.1 0.0 291.9 385.0 651.8 773.2 812.3 382.4 451.5 294.2 462.3 809.0 835.2
2603.5 322.1 320.1 760.8 90.5 81.4 232.1 37.3 679.9 238.7 231.1 238.0 730.2 343.1 710.3 333.4 102.2 18.3 294.4 348.2 722.7 345.1 125.1 158.8 223.6 405.0 831.1 53.3 260.6 140.7 436.0 592.4 299.6 675.2 329.6 428.9 345.1 337.5 656.8 173.1 231.6 663.9 526.4 121.4 258.2 141.6 316.0 257.4 371.7 736.5 671.1 653.0 92.3 261.7 424.5 224.2 189.7 285.6 467.5 343.7 74.1 162.0 388.9 249.3 11.4 677.8 213.7 174.8 358.4 716.9 80.3 20.4 297.5 202.9 1021.6 250.7 695.7 299.5 738.5 455.0 435.4 36.0 161.5 54.8 311.2 769.1 659.2 704.1 573.8 86.5 239.2 234.4 280.8 152.3 214.4 689.0 113.0 710.3 180.4 163.1 290.7 92.5 733.1 334.5 0.0 300.0 566.8 688.2 727.3 156.8 366.5 81.1 377.3 724.0 750.2
2449.7 22.0 129.9 454.2 250.5 276.3 217.1 331.6 379.8 312.3 265.1 272.0 430.1 109.2 410.2 367.4 324.6 312.6 115.5 48.1 422.6 45.0 347.5 245.4 152.9 125.0 531.0 334.0 39.7 155.9 106.9 292.3 297.2 375.1 84.4 127.7 379.1 57.5 356.7 259.7 229.5 361.5 226.3 310.3 255.8 320.1 70.8 291.4 91.7 436.4 371.0 352.9 314.7 297.8 124.4 221.8 263.3 283.2 160.1 327.8 236.7 159.6 88.8 322.9 322.2 377.7 81.4 261.4 113.2 416.8 365.2 320.6 52.3 276.5 721.5 324.3 395.6 333.5 438.4 154.9 132.4 330.3 137.9 276.2 11.1 470.2 359.1 398.8 273.7 325.2 236.8 314.2 101.9 146.9 212.0 388.9 335.4 410.2 267.0 352.0 100.5 281.4 433.0 368.5 310.7 0.0 266.7 388.1 427.2 347.8 66.4 259.6 97.3 423.9 450.1
2220.2 230.7 382.4 285.0 503.0 528.8 469.6 584.1 150.3 564.8 517.6 524.5 301.7 361.7 218.6 619.9 577.1 565.1 368.0 205.9 271.2 271.6 600.0 497.9 405.4 377.5 277.3 586.5 292.2 410.6 240.7 92.6 549.7 145.6 336.9 130.3 631.6 310.0 127.2 512.2 481.7 110.1 33.2 562.8 508.3 572.6 323.3 543.9 344.2 182.7 192.9 86.1 567.2 548.2 134.7 474.3 515.8 535.7 91.7 572.4 489.2 412.1 170.3 575.4 574.7 124.0 338.1 513.9 365.7 225.2 617.7 573.1 304.8 529.0 558.3 576.8 166.1 586.0 171.6 104.2 123.8 582.8 390.4 528.7 241.1 233.3 203.8 242.5 110.5 577.7 489.3 566.7 354.4 399.4 464.5 225.7 587.9 236.3 519.5 604.5 353.0 533.9 241.4 621.0 563.2 252.4 0.0 158.6 235.6 600.3 243.1 512.1 349.8 170.2 258.5
2165.5 354.4 506.1 72.5 626.7 652.5 593.3 707.8 101.3 688.5 641.3 648.2 89.2 485.4 83.5 743.6 700.8 688.8 491.7 329.6 34.4 395.3 723.7 621.6 529.1 501.2 255.3 710.2 415.9 532.1 335.4 230.1 673.4 22.9 460.6 255.1 755.3 433.7 72.5 635.9 605.7 180.9 156.9 686.5 632.0 696.3 447.0 667.6 467.9 160.7 92.5 227.1 690.9 674.0 258.4 598.0 639.5 659.4 219.5 704.0 612.9 535.8 294.0 699.1 698.4 191.9 457.6 637.6 489.4 92.5 741.4 696.8 428.5 652.7 682.0 700.5 117.1 709.7 229.1 227.9 250.4 706.5 514.1 652.4 364.8 289.6 80.6 41.7 234.2 701.4 613.0 690.4 478.1 523.1 588.2 349.4 711.6 45.7 643.2 728.2 476.7 657.6 64.2 744.7 686.9 376.1 140.9 0.0 102.9 724.0 366.8 635.8 473.5 129.0 83.6
2171.1 383.9 535.6 104.3 656.2 682.0 622.8 737.3 59.4 718.0 670.8 677.7 121.0 514.9 20.5 773.1 730.3 718.3 521.2 359.1 90.5 424.8 753.2 651.1 558.6 530.7 187.9 739.7 445.4 561.6 364.9 301.9 702.9 84.3 490.1 284.6 784.8 463.2 150.4 665.4 634.9 147.3 186.4 716.0 661.5 725.8 476.5 697.1 497.4 93.3 66.1 288.9 720.4 701.4 287.9 627.5 669.0 688.9 249.0 733.5 642.4 565.3 323.5 728.6 727.9 124.5 491.3 667.1 518.9 10.7 770.9 726.3 458.0 682.2 711.5 730.0 75.2 739.2 290.7 257.4 277.0 736.0 543.6 681.9 394.3 351.2 100.9 62.9 263.7 730.9 642.5 719.9 507.6 552.6 617.7 378.9 741.1 56.2 672.7 757.7 506.2 687.1 60.7 774.2 716.4 405.6 170.4 97.3 0.0 753.5 396.3 665.3 503.0 61.6 41.8
2776.9 349.2 347.2 787.9 162.3 145.6 259.2 147.5 707.0 270.8 258.2 265.1 757.3 370.2 737.4 360.5 44.5 138.4 321.5 375.3 749.8 372.2 21.6 185.9 250.7 432.1 858.2 103.4 287.7 167.8 463.1 619.5 326.7 702.3 356.7 456.0 372.2 364.6 683.9 200.2 258.7 691.0 553.5 178.9 285.3 27.7 343.1 284.5 398.8 763.6 698.2 680.1 54.4 288.8 451.6 251.3 221.8 312.7 494.6 370.8 101.2 189.1 416.0 281.4 168.3 704.9 240.8 201.9 385.5 744.0 237.2 177.3 324.6 235.0 1048.7 282.8 722.8 326.6 765.6 482.1 462.5 120.7 188.6 173.1 338.3 796.2 686.3 731.2 600.9 222.1 266.3 261.5 307.9 179.4 241.5 716.1 33.7 737.4 207.5 220.6 317.8 150.0 760.2 361.6 156.8 327.1 593.9 715.3 754.4 0.0 393.6 88.1 404.4 751.1 777.3
2435.1 59.4 211.1 446.1 331.7 357.5 298.3 412.8 365.2 393.5 346.3 353.2 415.5 190.4 395.6 448.6 405.8 393.8 196.7 33.5 408.0 100.3 428.7 326.6 234.1 206.2 516.4 415.2 120.9 239.3 121.3 277.7 378.4 360.5 165.6 114.2 460.3 138.7 342.1 340.9 310.4 349.2 211.7 391.5 337.0 401.3 152.0 372.6 172.9 421.8 356.4 338.3 395.9 376.9 109.8 303.0 344.5 364.4 152.8 401.1 317.9 240.8 74.2 404.1 403.4 363.1 166.8 342.6 194.4 402.2 446.4 401.8 133.5 357.7 706.9 405.5 381.0 414.7 423.8 140.3 120.7 411.5 219.1 357.4 69.8 454.4 344.5 389.4 259.1 406.4 318.0 395.4 183.1 228.1 293.2 374.3 416.6 395.6 348.2 433.2 181.7 362.6 418.4 449.7 391.9 81.1 252.1 373.5 412.6 429.0 0.0 340.8 178.5 409.3 435.5
2688.7 261.0 259.0 699.7 74.1 57.4 171.0 112.0 618.8 182.6 170.0 176.9 669.1 282.0 649.2 272.3 64.9 93.0 233.3 287.1 661.6 284.0 87.8 97.7 162.5 343.9 770.0 74.3 199.5 79.6 374.9 531.3 238.5 614.1 268.5 367.8 284.0 276.4 595.7 112.0 170.5 602.8 465.3 90.7 197.1 60.4 254.9 196.3 310.6 675.4 610.0 591.9 55.0 200.6 363.4 163.1 133.6 224.5 406.4 282.6 13.0 100.9 327.8 193.2 102.6 616.7 152.6 113.7 297.3 655.8 171.5 111.6 236.4 146.8 960.5 194.6 634.6 238.4 677.4 393.9 374.3 91.6 100.4 84.9 250.1 708.0 598.1 643.0 512.7 133.9 178.1 173.3 219.7 91.2 153.3 627.9 75.7 649.2 119.3 132.4 229.6 61.8 672.0 273.4 91.1 238.9 505.7 627.1 666.2 88.1 305.4 0.0 316.2 662.9 689.1
2567.7 140.0 207.8 578.7 328.4 354.2 295.0 409.5 497.8 390.2 343.0 349.9 548.1 187.1 528.2 445.3 402.5 390.5 193.4 166.1 540.6 163.0 425.4 323.3 230.8 27.6 649.0 411.9 117.6 236.0 253.9 410.3 375.1 493.1 162.3 246.8 457.0 72.1 474.7 337.6 307.1 481.8 344.3 388.2 333.7 398.0 148.7 369.3 106.3 554.4 489.0 470.9 392.6 373.6 242.4 299.7 341.2 361.1 285.4 397.8 314.6 237.5 206.8 400.8 400.1 495.7 163.5 339.3 192.0 534.8 443.1 398.5 130.2 354.4 839.5 402.2 513.6 411.4 556.4 272.9 253.3 408.2 215.8 354.1 129.1 587.0 477.1 522.0 391.7 403.1 314.7 392.1 179.8 224.8 289.9 506.9 413.3 528.2 344.9 429.9 178.4 359.3 551.0 446.4 388.6 117.9 384.7 506.1 545.2 425.7 184.4 337.5 0.0 541.9 568.1
2169.4 340.4 492.1 114.7 612.7 638.5 579.3 693.8 35.9 674.5 627.3 634.2 131.4 471.4 48.3 729.6 686.8 674.8 477.7 315.6 100.9 381.3 709.7 607.6 515.1 487.2 126.2 696.2 401.9 520.3 350.4 216.1 659.4 101.1 446.6 240.0 741.3 419.7 133.3 621.9 591.4 85.6 142.9 672.5 618.0 682.3 433.0 653.6 453.9 31.6 22.6 213.1 676.9 657.9 244.4 584.0 625.5 645.4 201.4 682.1 598.9 521.8 280.0 685.1 684.4 62.8 447.8 623.6 475.4 54.9 727.4 682.8 414.5 638.7 668.0 686.5 51.7 695.7 215.1 213.9 233.5 692.5 500.1 638.4 350.8 274.4 33.5 72.2 220.2 687.4 599.0 676.4 464.1 509.1 574.2 335.4 697.6 66.0 629.2 714.2 462.7 643.6 71.1 730.7 672.9 362.1 126.9 121.8 65.3 710.0 352.8 621.8 459.5 0.0 88.2
2182.6 392.5 544.2 55.9 664.8 690.6 631.4 745.9 82.7 726.6 679.4 686.3 79.1 523.5 61.8 781.7 738.9 726.9 529.8 367.7 48.6 433.4 761.8 659.7 567.2 539.3 211.2 748.3 454.0 570.2 373.5 268.2 711.5 78.4 498.7 293.2 793.4 471.8 126.2 674.0 643.5 170.6 195.0 724.6 670.1 734.4 485.1 705.7 506.0 116.6 89.4 265.2 729.0 712.1 296.5 636.1 677.6 697.5 260.8 742.1 651.0 573.9 332.1 737.2 736.5 147.8 499.9 675.7 528.4 48.4 779.5 734.9 466.6 690.8 720.1 738.6 98.5 747.8 267.2 266.0 288.5 744.6 552.2 690.5 402.9 327.7 136.1 47.3 272.3 739.5 651.1 728.5 516.2 561.2 626.3 387.5 749.7 43.3 681.3 766.3 514.8 695.7 18.8 782.8 725.0 414.2 179.0 73.1 58.8 762.1 404.9 673.9 511.6 84.9 0.0
