Name		2418_BED-Amazon_n110_m157_bt24
Number_of_Customers	110
Number_of_Items		157
Number_of_ItemTypes	24
Number_of_Vehicles	1
TimeWindows		0
Dist_type	manual

VEHICLE
Mass_Capacity	1208
CargoSpace_Length	174
CargoSpace_Width	97
CargoSpace_Height	105

CUSTOMERS
i	x	y	Demand	ReadyTime	DueDate	ServiceTime	DemandedMass	DemandedVolume
0	47.464945	-122.231073	0	0	0	0	0	0
1	47.15722	-122.417139	3	0	0	0	12.7	7660
2	47.168979	-122.357088	1	0	0	0	1.59	3400
3	47.160958	-122.362404	1	0	0	0	5.53	16800
4	47.169998	-122.360802	1	0	0	0	2.94	14904
5	47.167121	-122.41146	1	0	0	0	1.75	4608
6	47.169232	-122.365027	2	0	0	0	11.55	3840
7	47.165811	-122.353075	1	0	0	0	2.15	1080
8	47.172267	-122.402693	1	0	0	0	0.7	2640
9	47.159348	-122.3947	1	0	0	0	6.02	11088
10	47.163208	-122.388931	1	0	0	0	4.7	1380
11	47.175013	-122.424883	1	0	0	0	4.7	1380
12	47.160143	-122.411521	1	0	0	0	4.7	1380
13	47.172697	-122.37568	1	0	0	0	4.7	1380
14	47.161352	-122.41745	1	0	0	0	4.7	1380
15	47.16493	-122.409168	2	0	0	0	14.8	6780
16	47.162678	-122.388925	1	0	0	0	1.75	4608
17	47.171564	-122.359285	1	0	0	0	4.8	6200
18	47.16488	-122.414132	2	0	0	0	12.33	18228
19	47.174641	-122.426503	1	0	0	0	2.6	10400
20	47.174131	-122.431439	1	0	0	0	4.7	1380
21	47.170003	-122.354038	1	0	0	0	4.7	1380
22	47.171957	-122.401091	1	0	0	0	3.82	7600
23	47.174634	-122.38906	1	0	0	0	4.7	1380
24	47.172221	-122.397108	1	0	0	0	1.9	1176
25	47.172518	-122.398232	2	0	0	0	3.64	17544
26	47.165861	-122.412589	1	0	0	0	0.7	2640
27	47.170118	-122.417843	2	0	0	0	16.7	6400
28	47.165926	-122.426485	1	0	0	0	4.7	1380
29	47.167196	-122.388979	1	0	0	0	1.8	2520
30	47.170005	-122.396519	1	0	0	0	1.8	2520
31	47.162585	-122.408018	1	0	0	0	1.8	2520
32	47.17359	-122.430163	1	0	0	0	4.7	1380
33	47.161865	-122.396101	1	0	0	0	7.3	3640
34	47.162125	-122.377172	2	0	0	0	2.6	3816
35	47.161641	-122.410763	1	0	0	0	4.7	1380
36	47.173569	-122.382822	2	0	0	0	16.7	6400
37	47.167122	-122.40704	1	0	0	0	9.4	2760
38	47.168187	-122.365025	3	0	0	0	20.31	32444
39	47.173575	-122.385164	2	0	0	0	5.4	4020
40	47.162381	-122.411407	2	0	0	0	6.6	2556
41	47.175165	-122.429891	1	0	0	0	1.9	1176
42	47.175191	-122.366111	1	0	0	0	4.7	1380
43	47.171098	-122.420974	1	0	0	0	4.7	1380
44	47.166367	-122.427424	2	0	0	0	16.65	4978
45	47.170827	-122.402201	1	0	0	0	4.7	1380
46	47.174674	-122.415605	1	0	0	0	1.67	11774
47	47.164982	-122.388956	1	0	0	0	7.3	3640
48	47.168921	-122.362318	1	0	0	0	4.7	1380
49	47.167141	-122.422193	1	0	0	0	7.3	3640
50	47.165596	-122.357114	1	0	0	0	4.7	1380
51	47.164456	-122.426056	1	0	0	0	2.5	3978
52	47.165689	-122.419709	2	0	0	0	6.6	2556
53	47.164081	-122.388946	1	0	0	0	3.01	5544
54	47.161583	-122.359021	1	0	0	0	1.9	1176
55	47.161112	-122.396118	1	0	0	0	1.9	1176
56	47.165967	-122.397394	2	0	0	0	5.4	4020
57	47.170481	-122.389469	2	0	0	0	10.1	5400
58	47.164693	-122.417207	1	0	0	0	4.7	1380
59	47.167699	-122.415852	1	0	0	0	4.7	1380
60	47.16256	-122.357125	1	0	0	0	4.7	1380
61	47.16561	-122.373437	3	0	0	0	4.95	11226
62	47.169057	-122.414419	2	0	0	0	7.2	5358
63	47.167588	-122.405608	1	0	0	0	0.7	2640
64	47.166395	-122.357107	1	0	0	0	1.9	1176
65	47.171498	-122.405349	1	0	0	0	1.9	1176
66	47.171301	-122.426239	1	0	0	0	0.7	2640
67	47.177212	-122.381928	1	0	0	0	4.7	1380
68	47.163944	-122.40536	1	0	0	0	4.7	1380
69	47.161648	-122.36155	1	0	0	0	7.63	16848
70	47.165416	-122.415463	1	0	0	0	7.3	3640
71	47.17442	-122.42436	2	0	0	0	5.4	4020
72	47.163209	-122.400424	1	0	0	0	0.7	2640
73	47.082072	-122.383655	1	0	0	0	0.7	2640
74	47.166354	-122.415487	2	0	0	0	5.4	4020
75	47.171083	-122.402708	1	0	0	0	4.7	1380
76	47.157219	-122.411957	1	0	0	0	0.7	2640
77	47.167632	-122.423565	1	0	0	0	1.9	1176
78	47.173596	-122.390998	2	0	0	0	6.85	2460
79	47.163208	-122.401339	2	0	0	0	9.8	7618
80	47.165668	-122.354768	2	0	0	0	12.0	5020
81	47.16353	-122.415044	1	0	0	0	2.5	3978
82	47.172021	-122.38903	1	0	0	0	4.7	1380
83	47.156709	-122.416024	1	0	0	0	4.7	1380
84	47.177028	-122.431442	2	0	0	0	5.4	4020
85	47.157919	-122.417503	2	0	0	0	12.0	5020
86	47.175144	-122.422245	1	0	0	0	2.15	1080
87	47.166905	-122.365022	1	0	0	0	3.82	7600
88	47.167625	-122.421042	1	0	0	0	9.4	2760
89	47.163486	-122.361237	3	0	0	0	10.21	27899
90	47.166171	-122.420124	1	0	0	0	2.15	1080
91	47.159598	-122.400132	1	0	0	0	1.8	2520
92	47.167328	-122.362406	2	0	0	0	7.71	6924
93	47.170733	-122.414339	1	0	0	0	0.7	2640
94	47.169146	-122.42356	1	0	0	0	4.7	1380
95	47.169941	-122.386837	1	0	0	0	1.9	6496
96	47.164697	-122.400072	2	0	0	0	5.19	21708
97	47.177094	-122.41966	1	0	0	0	2.5	3978
98	47.170011	-122.354987	1	0	0	0	1.75	4608
99	47.177206	-122.376721	1	0	0	0	9.4	2760
100	47.176677	-122.384554	2	0	0	0	6.45	5988
101	47.162683	-122.355294	2	0	0	0	7.71	6924
102	47.166687	-122.427802	1	0	0	0	4.7	1380
103	47.170461	-122.416091	1	0	0	0	1.75	4608
104	47.15671	-122.416699	1	0	0	0	1.9	1176
105	47.170402	-122.402192	2	0	0	0	6.6	2556
106	47.161873	-122.416338	1	0	0	0	1.75	4608
107	47.161046	-122.413364	1	0	0	0	3.82	8580
108	47.17128	-122.41071	1	0	0	0	1.75	4608
109	47.164722	-122.377734	4	0	0	0	14.83	19424
110	47.177564	-122.431442	1	0	0	0	4.7	1380

ITEMS
Type	Length	Width	Height	Mass	Fragility	LoadBearingStrength
Bt1	10	10	10	14.15	1	0
Bt2	18	12	5	2.15	1	0
Bt3	21	14	4	1.9	1	0
Bt4	23	15	4	4.7	1	0
Bt5	20	18	7	1.8	1	0
Bt6	15	11	16	0.7	1	0
Bt7	34	10	10	1.59	1	0
Bt8	20	14	13	7.3	1	0
Bt9	17	13	18	2.5	1	0
Bt10	24	12	16	1.75	1	0
Bt11	28	22	9	3.01	1	0
Bt12	31	20	10	4.8	1	0
Bt13	29	16	14	1.9	1	0
Bt14	40	19	10	3.82	1	0
Bt15	25	19	17	5.29	1	0
Bt16	22	15	26	3.816	1	0
Bt17	40	20	13	2.6	1	0
Bt18	29	29	14	1.669	1	0
Bt19	35	17	24	1.908	1	0
Bt20	27	23	24	2.94	1	0
Bt21	32	21	25	5.53	1	0
Bt22	39	27	16	7.63	1	0
Bt23	57	15	20	3.44	1	0
Bt24	58	40	11	12.6	1	0

DEMANDS PER CUSTOMER
i	Type Quantity
1	Bt4 1	Bt6 1	Bt8 1	
2	Bt7 1	
3	Bt21 1	
4	Bt20 1	
5	Bt10 1	
6	Bt4 2	Bt2 1	
7	Bt2 1	
8	Bt6 1	
9	Bt11 2	
10	Bt4 1	
11	Bt4 1	
12	Bt4 1	
13	Bt4 1	
14	Bt4 1	
15	Bt6 1	Bt4 3	
16	Bt10 1	
17	Bt12 1	
18	Bt4 1	Bt22 1	
19	Bt17 1	
20	Bt4 1	
21	Bt4 1	
22	Bt14 1	
23	Bt4 1	
24	Bt3 1	
25	Bt6 1	Bt20 1	
26	Bt6 1	
27	Bt4 2	Bt8 1	
28	Bt4 1	
29	Bt5 1	
30	Bt5 1	
31	Bt5 1	
32	Bt4 1	
33	Bt8 1	
34	Bt3 1	Bt6 1	
35	Bt4 1	
36	Bt4 2	Bt8 1	
37	Bt4 2	
38	Bt4 1	Bt24 1	Bt11 1	
39	Bt4 1	Bt6 1	
40	Bt3 1	Bt4 1	
41	Bt3 1	
42	Bt4 1	
43	Bt4 1	
44	Bt9 1	Bt1 1	
45	Bt4 1	
46	Bt18 1	
47	Bt8 1	
48	Bt4 1	
49	Bt8 1	
50	Bt4 1	
51	Bt9 1	
52	Bt3 1	Bt4 1	
53	Bt11 1	
54	Bt3 1	
55	Bt3 1	
56	Bt6 1	Bt4 1	
57	Bt6 1	Bt4 2	
58	Bt4 1	
59	Bt4 1	
60	Bt4 1	
61	Bt9 1	Bt6 1	Bt10 1	
62	Bt9 1	Bt4 1	
63	Bt6 1	
64	Bt3 1	
65	Bt3 1	
66	Bt6 1	
67	Bt4 1	
68	Bt4 1	
69	Bt22 1	
70	Bt8 1	
71	Bt4 1	Bt6 1	
72	Bt6 1	
73	Bt6 1	
74	Bt6 1	Bt4 1	
75	Bt4 1	
76	Bt6 1	
77	Bt3 1	
78	Bt2 1	Bt4 1	
79	Bt9 1	Bt8 1	
80	Bt4 1	Bt8 1	
81	Bt9 1	
82	Bt4 1	
83	Bt4 1	
84	Bt4 1	Bt6 1	
85	Bt8 1	Bt4 1	
86	Bt2 1	
87	Bt14 1	
88	Bt4 2	
89	Bt19 1	Bt15 1	Bt11 1	
90	Bt2 1	
91	Bt5 1	
92	Bt11 1	Bt4 1	
93	Bt6 1	
94	Bt4 1	
95	Bt13 1	
96	Bt23 1	Bt10 1	
97	Bt9 1	
98	Bt10 1	
99	Bt4 2	
100	Bt4 1	Bt10 1	
101	Bt4 1	Bt11 1	
102	Bt4 1	
103	Bt10 1	
104	Bt3 1	
105	Bt4 1	Bt3 1	
106	Bt10 1	
107	Bt16 1	
108	Bt10 1	
109	Bt8 1	Bt6 1	Bt14 1	Bt11 1	
110	Bt4 1	

DISTANCE MATRIX
0.0 2883.5 2618.7 2615.7 2700.4 2770.5 2722.5 2654.3 2794.6 2796.2 2799.3 2956.9 2806.1 2856.0 2846.0 2767.3 2794.4 2735.9 2811.3 3006.9 2908.0 2665.9 2819.4 2922.7 2855.1 2834.0 2833.4 2890.6 2898.1 2843.2 2824.3 2684.8 2921.1 2725.0 2698.5 2733.5 2932.5 2727.1 2704.2 2954.0 2703.3 3011.9 2876.8 2910.7 2867.4 2883.3 2902.5 2818.5 2757.0 2877.5 2578.3 2865.4 2873.6 2807.4 2566.6 2737.0 2763.4 2909.7 2816.5 2845.7 2544.4 2780.6 2836.7 2700.0 2589.1 2742.9 2936.7 2962.5 2659.5 2580.9 2787.2 2936.8 2734.4 3448.6 2797.7 2791.6 2884.4 2888.3 2954.2 2747.6 2621.3 2770.0 2895.9 2832.6 2953.5 2856.0 2925.4 2685.2 2863.2 2667.7 2860.3 2734.6 2755.5 2877.8 2913.5 2897.0 2738.5 2905.6 2657.4 2935.4 3027.7 2589.0 2852.5 2913.7 2853.8 2897.4 2833.7 2769.2 2853.7 2757.7 2964.5
2842.5 0.0 713.2 576.3 705.6 249.0 668.1 748.8 411.1 394.7 397.8 434.0 244.2 642.2 257.1 307.4 392.9 830.4 204.4 462.2 479.4 760.4 435.9 521.2 442.9 450.5 283.1 283.7 412.0 441.7 422.8 224.9 486.0 323.5 452.4 207.9 582.1 289.2 649.8 552.5 178.3 515.5 822.4 321.8 381.3 499.8 295.6 417.0 718.8 287.6 672.8 402.8 284.7 405.9 582.5 335.5 361.9 508.2 209.6 238.8 638.9 566.8 251.9 316.5 683.6 359.4 385.3 639.9 276.0 568.2 180.3 417.1 332.9 1232.2 190.8 449.5 145.8 311.8 552.7 346.1 715.8 163.1 494.4 98.6 524.9 46.6 405.1 630.8 274.3 646.0 271.4 333.1 701.1 270.9 337.0 495.5 337.0 395.2 751.9 683.8 626.2 683.5 366.4 306.8 119.8 513.9 244.8 207.3 345.9 506.1 535.9
2574.6 637.3 0.0 169.0 81.6 524.3 151.3 120.5 548.4 465.2 358.1 790.5 559.9 257.7 599.8 521.1 353.2 117.1 565.1 760.7 661.8 47.1 511.9 381.8 423.8 454.4 587.2 644.4 651.9 402.0 386.0 438.6 674.9 411.6 251.8 487.3 344.0 480.9 168.3 371.9 457.1 765.7 269.0 664.5 621.2 575.8 656.3 377.3 138.2 631.3 40.4 619.2 627.4 366.2 119.9 423.6 450.5 368.8 570.3 599.5 74.4 333.9 590.5 453.8 29.6 496.7 690.5 374.0 413.3 134.2 541.0 772.3 464.5 1098.1 551.5 545.4 638.2 642.1 413.3 477.7 87.5 523.8 355.0 586.4 707.3 609.8 751.2 238.5 617.0 221.0 614.1 488.4 308.8 631.6 667.3 299.7 468.6 726.5 38.6 346.9 437.2 122.3 606.3 667.5 607.6 589.9 587.5 523.0 607.5 311.0 718.3
2551.6 594.4 169.0 0.0 219.7 514.2 158.9 204.6 491.8 348.3 241.2 737.2 517.0 292.4 556.9 478.2 236.3 286.2 522.2 737.7 638.8 216.2 502.7 364.6 414.6 445.2 600.9 601.5 628.9 285.1 394.5 395.7 651.9 294.7 134.9 444.4 368.9 470.8 140.6 395.9 414.2 742.7 313.2 621.6 598.2 566.6 613.4 260.4 216.3 608.3 128.6 596.2 584.5 249.3 38.3 306.7 333.6 351.6 527.4 556.6 94.7 217.0 573.3 430.8 139.4 473.7 667.5 398.9 390.3 24.0 498.1 717.1 347.6 1075.1 508.6 468.8 596.0 619.1 396.1 360.8 171.6 480.9 337.8 551.6 684.3 566.9 708.3 121.6 574.1 86.1 571.2 367.8 191.9 588.7 644.3 338.9 351.7 720.7 207.7 371.8 469.6 139.3 583.3 624.6 572.8 580.7 544.6 480.1 597.5 194.1 695.3
2656.8 724.0 82.1 230.5 0.0 517.1 69.6 202.7 441.0 477.9 334.1 761.1 646.6 176.0 686.5 578.4 339.1 182.0 651.8 789.3 744.0 94.0 430.2 300.1 342.1 372.7 580.0 610.8 734.1 290.9 304.3 525.3 757.1 424.3 277.1 574.0 262.3 473.7 86.6 290.2 543.8 847.9 187.3 656.8 703.4 494.1 622.7 315.3 56.5 627.7 122.6 701.4 714.1 324.8 202.1 436.3 374.0 287.1 628.8 596.9 156.6 248.8 540.1 464.6 111.8 464.3 712.4 292.3 495.5 216.4 595.1 741.0 477.2 1180.3 584.6 428.4 720.4 651.9 331.6 490.4 169.7 610.5 273.3 681.2 789.5 696.5 737.2 105.6 625.3 303.2 700.8 497.4 203.2 585.7 677.1 218.0 448.9 694.1 85.5 265.2 355.5 204.5 688.5 633.9 702.4 508.2 674.2 609.7 557.1 258.7 800.5
2736.1 245.4 591.4 496.0 509.2 0.0 483.0 619.6 185.4 314.4 317.5 271.2 233.0 452.4 225.9 121.4 312.6 691.3 126.4 303.1 302.3 603.3 210.2 342.8 229.3 224.8 62.8 124.6 234.9 313.6 209.2 118.6 315.4 243.2 372.1 186.0 403.7 43.4 500.0 374.1 155.8 356.4 620.7 155.6 204.2 274.1 136.5 338.0 522.4 110.5 543.6 225.7 187.6 325.6 502.2 255.2 165.8 310.4 111.6 79.7 509.7 486.5 96.4 90.8 621.1 133.7 226.2 461.5 109.3 487.9 77.9 251.1 196.1 1334.9 67.4 193.2 247.0 134.7 374.3 209.3 586.6 120.2 316.0 202.6 347.8 217.9 242.3 519.0 108.1 568.0 161.2 255.7 616.6 111.8 159.9 299.1 162.5 236.1 594.8 499.0 447.8 554.3 189.3 147.7 223.8 288.2 213.6 196.1 110.2 425.8 358.8
2680.3 668.1 142.9 160.8 60.7 502.0 0.0 263.5 425.9 422.0 314.9 746.0 590.7 160.9 630.6 551.9 310.0 242.8 595.9 774.2 767.5 154.8 415.1 285.0 327.0 357.6 564.9 595.7 757.6 275.8 289.2 469.4 780.6 368.4 208.6 518.1 247.2 458.6 16.9 275.1 491.5 827.5 154.2 641.7 726.9 479.0 607.6 300.2 73.9 612.6 183.4 724.9 658.2 323.0 167.0 380.4 358.9 272.0 601.1 581.8 217.4 233.7 530.6 449.5 172.6 449.2 697.3 277.2 462.1 152.7 571.8 729.1 421.3 1203.8 582.3 413.3 669.7 636.8 316.5 434.6 230.5 554.6 258.2 625.3 813.0 640.6 722.1 35.9 610.2 230.5 644.9 441.5 133.5 570.6 662.0 202.9 425.4 679.0 146.3 250.1 340.4 265.3 712.0 618.8 646.5 493.1 618.3 553.8 542.0 267.8 824.0
2625.5 688.2 115.8 219.9 197.5 575.2 267.2 0.0 599.3 516.1 409.0 841.4 610.8 373.6 650.7 572.0 404.1 233.0 616.0 811.6 712.7 163.0 624.1 497.7 539.7 570.3 638.1 695.3 702.8 452.9 501.9 489.5 725.8 462.5 302.7 538.2 459.9 531.8 284.2 487.8 508.0 816.6 384.9 715.4 672.1 688.0 707.2 428.2 254.1 682.2 91.3 670.1 678.3 417.1 170.8 474.5 501.4 484.7 621.2 650.4 125.3 384.8 641.4 504.7 86.2 547.6 741.4 489.9 464.2 185.1 591.9 823.2 515.4 1149.0 602.4 596.3 689.1 693.0 529.2 528.6 32.6 574.7 470.9 637.3 758.2 660.7 802.1 289.4 667.9 271.9 665.0 539.3 359.7 682.5 718.2 415.6 519.5 777.4 154.5 462.8 553.1 173.2 657.2 718.4 658.5 702.1 638.4 573.9 658.4 361.9 769.2
2697.6 458.5 510.5 490.5 428.3 213.0 402.1 631.1 0.0 308.9 275.9 386.0 352.5 371.5 392.4 265.2 280.9 688.0 339.5 419.0 478.7 522.4 44.8 261.9 80.5 59.4 275.9 276.4 448.0 232.7 128.3 262.4 478.7 237.7 366.6 279.9 322.8 169.6 419.1 293.2 249.7 508.2 539.8 322.4 417.3 108.7 288.3 257.1 441.5 323.6 551.0 438.8 400.7 266.6 496.7 249.7 160.3 229.5 324.7 274.4 585.0 424.3 205.7 164.1 540.2 87.0 378.0 380.6 165.6 482.4 291.0 365.9 193.7 1416.4 280.5 22.9 460.1 347.8 293.4 206.9 598.1 337.6 235.1 415.7 524.2 431.0 329.3 438.1 321.2 562.5 374.3 253.3 535.7 251.3 373.0 218.2 160.1 286.2 513.9 418.1 366.9 597.7 402.4 299.5 436.9 122.8 380.1 315.6 222.7 391.6 472.9
2849.7 414.7 467.1 330.2 459.5 340.0 422.0 502.7 317.6 0.0 151.7 557.5 337.3 396.1 377.2 298.5 146.8 584.3 342.5 590.5 606.6 514.3 328.5 275.1 240.4 271.0 402.9 421.8 539.2 195.6 220.3 216.0 616.2 94.2 206.3 264.7 336.0 296.6 403.7 306.4 234.5 645.7 576.3 441.9 508.5 392.4 433.7 170.9 472.7 414.8 426.7 530.0 404.8 159.8 336.4 76.5 159.4 262.1 347.7 376.9 392.8 320.7 393.6 249.2 437.5 292.1 515.5 393.8 208.7 322.1 318.4 537.4 167.9 1256.1 328.9 294.6 416.3 439.0 306.6 181.1 469.7 301.2 248.3 371.9 652.1 379.0 528.6 384.7 394.4 399.9 391.5 180.2 455.0 409.0 464.2 249.4 172.0 541.0 505.8 437.7 380.1 437.4 493.6 444.9 393.1 406.5 364.9 300.4 423.3 260.0 663.1
2795.8 389.8 389.9 235.1 307.7 309.6 281.5 407.6 287.2 143.7 0.0 532.6 312.4 250.9 352.3 273.6 5.0 489.8 317.6 565.6 581.7 401.8 271.4 123.3 183.3 213.9 396.3 396.9 514.3 43.8 145.5 191.1 591.3 90.1 111.2 239.8 184.2 266.2 298.5 154.6 209.6 620.8 419.2 417.0 483.6 335.3 408.8 19.1 320.9 389.9 331.6 505.1 379.9 8.0 241.3 102.1 129.0 110.3 322.8 352.0 297.7 225.6 368.7 224.3 342.4 267.2 490.6 242.0 183.8 227.0 293.5 512.5 143.0 1143.0 304.0 264.2 391.4 414.1 154.8 156.2 374.6 276.3 96.5 347.0 627.2 362.3 503.7 317.5 369.5 307.1 366.6 163.2 359.9 384.1 439.3 97.6 147.1 516.1 393.3 299.1 228.3 342.3 468.7 420.0 368.2 349.4 340.0 275.5 392.9 164.9 638.2
2722.8 424.7 832.2 726.6 772.5 289.2 746.3 899.1 382.1 545.0 548.1 0.0 394.5 715.7 351.5 410.7 543.2 862.6 305.7 62.8 182.0 866.6 406.9 520.7 460.2 421.5 323.3 175.2 320.7 576.9 472.5 375.2 150.4 473.8 602.7 358.2 616.3 332.7 763.3 586.7 328.6 134.7 884.0 123.3 290.0 470.8 157.4 567.3 785.7 196.3 823.1 311.5 255.4 556.2 732.8 485.8 455.1 578.3 290.9 235.5 789.2 717.1 229.3 378.0 861.9 338.3 105.0 590.3 398.6 718.5 257.2 31.6 483.2 1515.5 246.7 423.3 426.3 220.5 566.9 496.4 866.1 299.5 545.6 381.9 227.5 397.2 82.2 781.1 172.5 798.6 229.0 483.4 851.4 212.7 185.9 562.4 451.8 157.5 858.1 603.5 576.6 833.8 275.1 224.2 403.1 484.9 339.2 357.6 287.7 656.4 229.0
2744.7 243.8 615.4 478.5 607.8 216.2 570.3 651.0 313.3 296.9 300.0 386.6 0.0 544.4 206.3 209.6 295.1 732.6 171.6 419.6 435.7 662.6 338.1 423.4 345.1 352.7 250.3 250.9 368.3 343.9 325.0 127.1 445.3 225.7 354.6 110.1 484.3 219.0 552.0 454.7 80.5 474.8 724.6 271.0 337.6 402.0 262.8 319.2 621.0 243.9 575.0 359.1 233.9 308.1 484.7 237.7 264.1 410.4 176.8 206.0 541.1 469.0 222.7 218.7 585.8 261.6 344.6 542.1 178.2 470.4 147.5 366.5 235.1 1343.5 158.0 310.3 245.4 268.1 454.9 248.3 618.0 130.3 396.6 201.0 481.2 216.3 357.7 533.0 223.5 550.5 220.6 235.3 603.3 238.1 293.3 397.7 239.2 370.1 654.1 586.0 528.4 585.7 322.7 274.0 222.2 416.1 194.0 65.6 313.1 408.3 492.2
2816.4 644.8 261.2 296.9 179.0 443.3 152.8 381.8 367.2 398.7 260.3 687.3 567.4 0.0 607.3 528.6 265.3 361.1 572.6 715.5 745.7 273.1 356.4 226.3 268.3 298.9 506.2 537.0 678.3 217.1 230.5 446.1 739.3 345.1 185.3 494.8 188.5 399.9 169.8 216.4 464.6 768.8 290.5 583.0 647.6 420.3 548.9 241.5 192.2 553.9 301.7 669.1 634.9 251.0 303.1 357.1 300.2 213.3 555.0 523.1 335.7 157.0 466.3 390.8 290.9 390.5 638.6 218.5 438.8 288.8 548.5 667.2 398.0 1339.9 510.8 354.6 646.4 578.1 257.8 411.2 348.8 531.3 199.5 602.0 791.2 617.3 663.4 188.8 551.5 368.9 621.6 418.2 286.4 511.9 603.3 144.2 375.1 620.3 264.6 191.4 281.7 383.6 632.7 560.1 623.2 434.4 595.0 530.5 483.3 204.7 802.2
2808.2 240.3 678.9 542.0 671.3 232.7 633.8 714.5 376.8 360.4 363.5 367.2 209.9 607.9 0.0 273.1 358.6 796.1 188.1 400.2 416.3 726.1 401.6 486.9 408.6 416.2 266.8 267.6 348.9 407.4 388.5 190.6 425.9 289.2 418.1 173.6 547.8 276.2 615.5 518.2 144.0 455.4 788.1 251.6 318.2 465.5 279.3 382.7 684.5 224.5 638.5 339.7 214.5 371.6 548.2 301.2 327.6 473.9 193.3 222.5 604.6 532.5 239.2 282.2 649.3 325.1 325.2 605.6 241.7 533.9 164.0 347.1 298.6 1331.1 174.5 373.8 241.9 248.7 518.4 311.8 681.5 146.8 460.1 197.5 461.8 212.8 338.3 596.5 204.1 614.0 201.2 298.8 666.8 254.6 273.9 461.2 302.7 350.7 717.6 649.5 591.9 649.2 303.3 290.5 218.7 479.6 74.6 173.0 329.6 471.8 472.8
2732.4 283.2 592.8 455.9 563.8 134.7 537.6 628.4 275.4 274.3 277.4 406.0 205.8 507.0 245.7 0.0 272.5 710.0 199.2 437.9 437.1 657.9 264.8 397.4 283.9 279.4 225.8 259.4 369.7 321.3 263.8 65.8 450.2 203.1 332.0 133.2 458.3 98.0 529.4 428.7 103.0 491.2 675.3 290.4 339.0 328.7 271.3 296.6 577.0 245.3 552.4 360.5 273.3 285.5 462.1 215.1 220.4 365.0 204.4 214.5 518.5 446.4 217.1 145.4 563.2 188.3 361.0 516.1 163.9 447.8 175.1 385.9 212.5 1331.2 185.6 252.4 284.8 269.5 428.9 225.7 595.4 141.0 370.6 240.4 482.6 247.5 377.1 510.4 242.9 525.6 260.0 212.7 580.7 259.5 294.7 353.7 217.1 370.9 649.4 553.6 512.5 563.1 324.1 282.5 261.6 342.8 233.4 168.9 230.9 385.7 493.6
2790.8 384.8 394.8 230.1 312.6 304.6 286.4 402.6 282.2 138.7 4.9 527.6 307.4 255.8 347.3 268.6 0.0 494.7 312.6 560.6 576.7 406.7 276.3 128.2 188.2 218.8 391.3 391.9 509.3 48.7 150.4 186.1 586.3 85.1 106.2 234.8 189.1 261.2 303.4 159.5 204.6 615.8 424.1 412.0 478.6 340.2 403.8 24.0 325.8 384.9 326.6 500.1 374.9 12.9 236.3 97.1 124.0 115.2 317.8 347.0 292.7 220.6 363.7 219.3 337.4 262.2 485.6 246.9 178.8 222.0 288.5 507.5 138.0 1138.0 299.0 259.2 386.4 409.1 159.7 151.2 369.6 271.3 101.4 342.0 622.2 357.3 498.7 284.6 364.5 302.1 361.6 158.2 354.9 379.1 434.3 102.5 142.1 511.1 398.2 304.0 233.2 337.3 463.7 415.0 363.2 354.3 335.0 270.5 387.9 159.9 633.2
2680.3 743.0 105.6 274.7 150.0 630.0 219.7 226.2 591.1 570.9 463.8 896.2 665.6 326.1 705.5 626.8 458.9 0.0 670.8 866.4 767.5 135.5 580.3 450.2 492.2 522.8 692.9 760.9 757.6 441.0 454.4 544.3 780.6 517.3 357.5 593.0 412.4 586.6 236.7 440.3 562.8 871.4 337.4 770.2 726.9 644.2 772.8 465.4 206.6 737.0 146.1 724.9 733.1 471.9 225.6 529.3 524.1 437.2 676.0 705.2 180.1 398.9 690.2 559.5 135.3 602.4 796.2 442.4 519.0 239.9 646.7 878.0 570.2 1203.8 657.2 578.5 743.9 747.8 481.7 583.4 193.2 629.5 423.4 692.1 813.0 715.5 887.3 255.7 722.7 326.7 719.8 594.1 353.3 735.8 773.0 368.1 574.3 844.2 127.0 415.3 505.6 228.0 712.0 784.0 713.3 658.3 693.2 628.7 707.2 416.7 824.0
2788.7 202.8 699.9 522.5 617.7 108.4 591.5 695.0 331.9 340.9 344.0 293.4 190.4 560.9 183.3 229.9 339.1 882.6 0.0 321.6 338.8 711.8 318.7 451.3 337.8 333.3 142.5 143.1 271.4 387.9 317.7 181.3 345.4 269.7 398.6 154.1 512.2 148.6 608.5 482.6 120.9 374.9 729.2 194.7 240.7 382.6 155.0 363.2 630.9 147.0 619.0 262.2 157.6 352.1 528.7 281.7 274.3 418.9 51.0 98.2 585.1 513.0 114.9 199.3 629.8 242.2 244.7 570.0 217.8 514.4 39.7 273.3 304.6 1293.6 50.2 308.9 204.4 171.2 482.8 317.9 662.0 77.6 424.5 160.0 384.3 167.1 264.5 577.0 147.2 592.2 144.3 279.3 647.3 130.3 196.4 407.6 271.0 254.6 703.3 607.5 556.3 629.8 225.8 166.2 181.2 396.7 171.0 153.5 205.3 452.3 395.3
2741.3 443.2 850.7 745.1 791.0 307.7 764.8 917.6 400.6 563.5 566.6 68.3 413.0 734.2 370.0 429.2 561.7 881.1 324.2 0.0 119.1 885.1 425.4 539.2 478.7 440.0 341.8 177.5 299.0 595.4 491.0 393.7 87.5 492.3 621.2 376.7 634.8 351.2 781.8 605.2 347.1 71.8 902.5 141.8 268.3 489.3 175.9 585.8 804.2 214.8 841.6 282.9 273.9 574.7 751.3 504.3 473.6 596.8 309.4 254.0 807.7 735.6 247.8 396.5 880.4 356.8 67.4 608.8 417.1 737.0 275.7 50.1 501.7 1534.0 265.2 441.8 444.8 173.5 585.4 514.9 884.6 318.0 564.1 400.4 164.6 415.7 100.7 799.6 191.0 817.1 247.5 501.9 869.9 231.2 148.3 580.9 470.3 176.0 876.6 622.0 595.1 852.3 253.4 242.7 421.6 503.4 357.7 376.1 306.2 674.9 166.1
2767.0 473.3 790.9 775.0 830.5 321.2 804.3 826.5 499.6 593.4 596.5 194.9 442.9 773.7 399.9 442.7 591.6 968.9 355.7 126.5 0.0 924.6 544.5 627.0 550.6 559.1 355.3 215.9 227.9 634.9 530.5 423.6 40.7 522.2 651.1 406.6 722.6 364.7 821.3 693.0 377.0 131.5 942.0 217.9 197.2 608.4 302.5 615.7 843.7 207.3 750.5 191.9 303.8 604.6 781.2 534.2 487.1 631.7 340.9 288.8 716.6 765.5 282.6 419.8 761.3 483.4 194.0 696.6 430.6 766.9 307.2 176.7 517.4 1541.8 296.7 476.6 474.9 211.9 673.2 530.6 793.5 349.5 651.9 430.5 45.4 445.8 227.3 829.5 231.2 847.0 277.4 531.8 899.8 281.8 186.7 620.4 483.8 302.6 916.1 709.8 682.9 761.2 182.3 317.7 451.7 622.5 387.6 406.0 356.8 704.8 56.4
2647.2 709.9 72.5 241.6 98.9 616.1 168.6 193.1 540.0 537.8 433.1 860.1 632.5 275.0 672.4 593.7 438.1 152.4 637.7 833.3 734.4 0.0 529.2 399.1 441.1 471.7 679.0 709.8 724.5 389.9 403.3 511.2 747.5 484.2 324.4 559.9 361.3 572.7 185.6 389.2 529.7 838.3 286.3 755.8 693.8 593.1 721.7 414.3 155.5 726.7 113.0 691.8 700.0 423.8 192.5 496.2 473.0 386.1 642.9 695.9 147.0 347.8 639.1 526.4 102.2 563.3 763.1 391.3 485.9 206.8 613.6 840.0 537.1 1170.7 683.6 527.4 710.8 750.9 430.6 550.3 160.1 596.4 372.3 659.0 779.9 682.4 836.2 204.6 724.3 293.6 686.7 561.0 302.2 684.7 776.1 317.0 547.9 793.1 9.7 364.2 454.5 194.9 678.9 732.9 680.2 607.2 660.1 595.6 656.1 357.7 790.9
2722.4 455.3 499.7 479.7 417.5 260.5 391.3 620.3 64.8 298.1 265.1 410.8 377.9 360.7 417.8 327.1 270.1 677.2 387.0 443.8 540.6 511.6 0.0 251.1 69.7 48.6 323.4 338.3 495.5 221.9 117.5 256.6 540.6 226.9 355.8 305.3 312.0 217.1 408.3 282.4 275.1 515.7 529.0 384.3 464.8 63.8 262.9 246.3 430.7 371.1 540.2 486.3 448.2 255.8 485.9 238.9 149.5 218.7 372.2 336.3 574.2 413.5 267.6 148.8 529.4 140.2 439.9 369.8 191.0 471.6 338.5 390.7 258.0 1405.6 328.0 87.8 456.9 395.3 282.6 271.2 587.3 322.4 224.3 412.5 508.7 427.8 354.1 427.3 368.7 551.7 421.8 289.6 524.9 313.2 420.5 207.4 224.4 311.0 503.1 407.3 356.1 586.9 449.9 361.4 433.7 77.9 405.5 341.0 284.6 380.8 497.7
2773.6 509.6 372.3 354.9 290.1 320.7 263.9 492.9 244.6 263.5 119.7 505.1 432.2 233.3 472.1 393.4 124.7 486.6 437.4 538.1 623.1 384.2 233.8 0.0 145.7 176.3 383.6 414.4 555.7 76.5 107.9 310.9 616.7 209.9 231.0 359.6 95.5 277.3 280.9 65.9 329.4 610.0 401.6 460.4 525.0 297.7 402.4 100.9 303.3 431.3 412.8 546.5 499.7 110.4 361.1 221.9 177.6 57.5 442.6 400.5 446.8 286.1 343.7 268.2 402.0 267.9 516.0 118.6 303.6 346.8 413.3 485.0 262.8 1262.8 388.2 232.0 511.2 455.5 46.1 276.0 459.9 396.1 24.8 466.8 576.7 482.1 473.6 299.9 428.9 426.9 486.4 283.0 397.5 389.3 480.7 80.0 266.9 468.5 375.7 175.7 104.9 462.1 510.1 437.5 488.0 311.8 459.8 395.3 360.7 253.4 565.7
2756.4 436.3 429.9 409.9 347.7 222.8 321.5 550.5 98.8 228.3 195.3 451.7 358.9 290.9 398.8 284.1 200.3 606.1 364.1 484.7 525.2 441.8 88.0 181.3 0.0 30.5 285.7 316.5 457.8 152.1 47.7 237.6 518.8 157.1 286.0 286.3 242.2 179.4 338.5 212.6 256.1 548.3 459.2 362.5 427.1 151.9 328.4 176.5 360.9 333.4 470.4 448.6 426.4 186.0 416.1 169.1 79.7 148.9 334.5 302.6 504.4 343.7 245.8 170.3 459.6 170.0 418.1 300.0 230.3 401.8 300.8 431.6 188.2 1335.8 290.3 134.1 437.9 357.6 212.8 201.4 517.5 322.8 154.5 393.5 570.7 408.8 395.0 357.5 331.0 481.9 413.1 219.8 455.1 291.4 382.8 137.6 154.6 351.9 433.3 347.0 286.3 517.1 412.2 339.6 414.7 166.0 386.5 322.0 262.8 311.0 581.7
2725.8 457.4 451.0 431.0 368.8 243.9 342.6 571.6 68.2 249.4 216.4 414.2 380.0 312.0 419.9 305.2 221.4 628.5 385.2 447.2 546.3 462.9 57.4 202.4 21.0 0.0 306.8 337.6 478.9 173.2 68.8 258.7 539.9 178.2 307.1 307.4 263.3 200.5 359.6 233.7 280.8 519.1 480.3 383.6 448.2 121.3 266.3 197.6 382.0 354.5 491.5 469.7 447.5 207.1 437.2 190.2 100.8 170.0 355.6 323.7 525.5 364.8 272.5 191.4 480.7 143.6 439.2 321.1 194.4 422.9 321.9 394.1 209.3 1356.9 311.4 91.2 459.0 378.7 233.9 222.6 538.6 343.9 175.6 414.6 512.1 429.9 357.5 378.6 352.1 500.7 434.2 240.9 476.2 312.5 403.9 158.7 175.7 314.4 454.4 358.6 307.4 538.2 433.3 360.7 435.8 135.4 407.6 343.1 283.9 332.1 501.1
2783.5 284.0 638.8 543.4 556.6 47.3 530.4 667.0 232.8 361.8 364.9 309.8 271.6 499.8 264.5 168.8 360.0 738.7 165.0 341.7 340.9 650.7 257.6 390.2 276.7 272.2 0.0 163.2 273.5 361.0 256.6 166.0 354.0 290.6 419.5 233.4 451.1 90.8 547.4 421.5 203.2 395.0 668.1 194.2 242.8 321.5 175.1 385.4 569.8 149.1 591.0 264.3 226.2 373.0 549.6 302.6 213.2 357.8 150.2 118.3 557.1 533.9 135.0 138.2 668.5 181.1 264.8 508.9 156.7 535.3 116.5 289.7 243.5 1382.3 106.0 240.6 285.6 173.3 421.7 256.7 634.0 200.6 363.4 241.2 386.4 256.5 280.9 566.4 146.7 615.4 199.8 303.1 664.0 150.4 198.5 346.5 209.9 274.7 642.2 546.4 495.2 601.7 227.9 186.3 262.4 335.6 252.2 234.7 157.6 473.2 397.4
2713.5 261.0 691.0 580.7 608.8 125.5 582.6 753.2 282.6 399.1 402.2 160.5 248.6 552.0 241.5 247.0 397.3 817.1 142.0 177.4 201.2 702.9 327.5 442.4 328.9 342.1 159.6 0.0 226.4 413.2 308.8 239.5 201.2 327.9 456.8 212.3 503.3 169.0 599.6 473.7 179.1 230.7 720.3 44.9 195.7 391.4 89.5 421.4 622.0 102.0 677.2 217.2 161.1 410.3 586.9 339.9 291.4 410.0 127.2 71.8 643.3 571.2 65.6 202.8 688.0 256.2 100.5 544.8 234.9 572.6 93.5 140.4 321.7 1351.8 83.0 259.6 262.6 109.1 473.9 334.9 720.2 135.8 415.6 218.2 246.7 233.5 131.6 618.6 78.2 650.4 134.7 337.5 705.5 64.8 83.9 398.7 288.1 144.0 694.4 558.0 531.1 688.0 180.8 100.7 239.4 405.5 229.2 211.7 139.8 510.5 257.7
2809.4 367.1 806.5 668.8 724.3 215.0 698.1 841.3 400.5 487.2 490.3 301.2 336.7 667.5 293.7 336.5 485.4 994.0 249.5 308.0 209.1 818.4 425.3 557.9 444.4 439.9 249.1 201.6 0.0 528.7 424.3 317.4 222.2 416.0 544.9 300.4 618.8 258.5 715.1 589.2 270.8 313.0 835.8 185.6 24.0 489.2 279.6 509.5 737.5 101.1 765.3 132.5 197.6 498.4 675.0 428.0 380.9 525.5 234.7 222.8 731.4 659.3 239.5 305.9 776.1 348.8 224.5 676.6 324.4 660.7 201.0 281.1 411.2 1457.9 190.5 408.3 368.7 111.9 589.4 424.4 808.3 243.3 531.1 324.3 254.6 339.6 272.3 723.3 138.1 740.8 171.2 425.6 793.6 254.9 137.1 514.2 377.6 284.7 809.9 714.1 662.9 776.0 35.8 290.8 345.5 503.3 281.4 299.8 325.3 598.6 265.6
2839.0 433.0 346.0 278.3 263.8 314.4 237.6 450.8 238.3 186.9 43.1 575.8 355.6 207.0 395.5 316.8 48.1 445.9 360.8 608.8 624.9 357.9 227.5 79.4 139.4 170.0 377.3 408.1 557.5 0.0 101.6 234.3 634.5 133.3 154.4 283.0 140.3 271.0 254.6 110.7 252.8 664.0 375.3 460.2 526.8 291.4 420.0 24.3 277.0 433.1 386.5 548.3 423.1 33.8 284.5 145.3 172.2 66.4 366.0 395.2 340.9 259.8 337.4 267.5 375.7 261.6 533.8 198.1 227.0 270.2 336.7 555.7 186.2 1186.2 347.2 225.7 434.6 457.3 110.9 199.4 417.8 319.5 52.6 390.2 670.4 405.5 546.9 273.6 412.7 350.3 409.8 206.4 371.2 383.0 482.5 53.7 190.3 491.4 349.4 255.2 184.4 385.5 511.9 431.2 411.4 305.5 383.2 318.7 354.4 208.1 645.2
2794.2 426.2 382.1 382.7 299.9 212.7 273.7 502.7 136.6 218.2 147.5 456.7 348.8 243.1 388.7 274.0 152.5 482.0 354.0 484.9 515.1 394.0 125.8 133.5 37.7 68.3 275.6 306.4 447.7 104.3 0.0 227.5 508.7 147.0 258.8 276.2 194.4 169.3 290.7 164.8 246.0 538.2 411.4 352.4 417.0 189.7 318.3 128.7 313.1 323.3 422.6 438.5 416.3 138.2 388.9 159.0 69.6 101.1 324.4 292.5 456.6 295.9 235.7 160.2 411.8 159.9 408.0 252.2 220.2 374.6 290.7 436.6 178.1 1290.6 280.2 124.0 427.8 347.5 165.0 191.3 469.7 312.7 106.7 383.4 560.6 398.7 432.8 309.7 320.9 454.7 403.0 209.7 407.3 281.3 372.7 89.8 144.5 389.7 385.5 289.7 238.5 504.5 402.1 329.5 404.6 203.8 376.4 311.9 252.7 263.2 571.6
2656.2 217.3 526.9 390.0 519.3 128.5 481.8 562.5 217.3 208.4 211.5 360.1 139.9 455.9 179.8 82.4 206.6 644.1 145.1 393.1 409.2 574.1 242.1 334.9 256.6 256.7 219.6 224.4 341.8 255.4 236.5 0.0 418.8 137.2 266.1 67.3 395.8 91.8 463.5 366.2 37.1 448.3 636.1 244.5 311.1 306.0 236.3 230.7 532.5 217.4 486.5 332.6 207.4 219.6 396.2 149.2 175.6 321.9 150.3 179.5 452.6 380.5 196.2 122.7 497.3 165.6 318.1 453.6 82.2 381.9 121.0 340.0 146.6 1255.0 131.5 246.2 218.9 241.6 366.4 159.8 529.5 103.8 308.1 174.5 454.7 189.8 331.2 444.5 197.0 462.0 194.1 146.8 514.8 211.6 266.8 309.2 150.7 343.6 565.6 497.5 439.9 497.2 296.2 247.5 195.7 320.1 167.5 103.0 224.7 319.8 465.7
2798.6 462.4 892.4 769.7 810.2 326.9 784.0 850.4 484.0 588.1 591.2 154.1 437.6 753.4 394.6 448.4 586.3 966.9 343.4 85.7 31.5 904.3 511.2 625.0 564.5 525.8 361.0 200.3 251.8 614.6 510.2 418.3 0.0 516.9 645.8 401.3 720.6 370.4 801.0 691.0 371.7 90.7 921.7 227.6 221.1 575.1 261.7 610.4 823.4 231.2 774.4 215.8 298.5 599.3 775.9 528.9 492.8 611.4 328.6 273.2 740.5 760.2 267.0 404.2 785.2 442.6 153.2 694.6 436.3 761.6 294.9 135.9 523.1 1553.2 284.4 461.0 464.0 196.3 671.2 536.3 817.4 337.2 649.9 419.6 77.0 434.9 186.5 824.2 215.6 841.7 272.1 526.5 894.5 266.2 171.1 600.1 489.5 261.8 895.8 707.8 680.9 785.1 206.2 328.5 440.8 589.2 382.3 400.7 341.2 699.5 88.0
2724.1 343.6 413.6 276.7 406.0 263.4 368.5 449.2 241.0 85.3 98.2 486.4 266.2 342.6 306.1 227.4 93.3 530.8 271.4 519.4 535.5 460.8 251.9 221.6 163.8 194.4 350.1 350.7 468.1 142.1 143.7 144.9 545.1 0.0 152.8 193.6 282.5 220.0 350.2 252.9 163.4 574.6 522.8 370.8 437.4 315.8 362.6 117.4 419.2 343.7 373.2 458.9 333.7 106.3 282.9 12.0 82.8 208.6 276.6 305.8 339.3 267.2 322.5 178.1 384.0 221.0 444.4 340.3 137.6 268.6 247.3 466.3 96.8 1202.6 257.8 218.0 345.2 367.9 253.1 110.0 416.2 230.1 194.8 300.8 581.0 316.1 457.5 331.2 323.3 348.7 320.4 112.6 401.5 337.9 393.1 195.9 100.9 469.9 452.3 384.2 326.6 383.9 422.5 373.8 322.0 329.9 293.8 229.3 346.7 206.5 592.0
2643.3 459.4 260.7 123.8 265.0 379.2 215.6 296.3 356.8 213.3 106.2 602.2 382.0 189.7 421.9 343.2 101.3 377.9 387.2 635.2 651.3 307.9 367.7 229.6 279.6 310.2 465.9 466.5 583.9 150.1 259.5 260.7 660.9 159.7 0.0 309.4 233.9 349.3 197.3 264.6 282.8 690.4 369.9 486.6 553.2 431.6 478.4 125.4 278.2 459.5 220.3 574.7 449.5 114.3 130.0 171.7 198.6 216.6 392.4 421.6 186.4 128.7 434.7 293.9 231.1 336.8 560.2 263.9 253.4 115.7 363.1 585.3 212.6 1166.8 373.6 333.8 461.0 483.7 261.1 225.8 263.3 345.9 202.8 416.6 696.8 423.7 573.3 178.3 439.1 193.5 436.2 232.8 248.6 453.7 508.9 203.9 216.7 585.7 299.4 236.8 344.7 231.1 538.3 489.6 437.8 445.7 409.6 345.1 462.5 59.1 707.8
2681.0 216.4 551.7 414.8 544.1 188.8 506.6 587.3 249.6 233.2 236.3 359.2 139.0 480.7 178.9 145.9 231.4 668.9 144.2 392.2 408.3 598.9 274.4 359.7 281.4 289.0 222.9 223.5 340.9 280.2 261.3 63.4 417.9 162.0 290.9 0.0 420.6 155.3 488.3 391.0 36.2 447.4 660.9 243.6 310.2 338.3 235.4 255.5 557.3 216.5 511.3 331.7 206.5 244.4 421.0 174.0 200.4 346.7 149.4 178.6 477.4 405.3 195.3 155.0 522.1 197.9 317.2 478.4 114.5 406.7 120.1 339.1 171.4 1279.8 130.6 246.6 218.0 240.7 391.2 184.6 554.3 102.9 332.9 173.6 453.8 188.9 330.3 469.3 196.1 486.8 193.2 171.6 539.6 210.7 265.9 334.0 175.5 342.7 590.4 522.3 464.7 522.0 295.3 246.6 194.8 352.4 166.6 102.1 285.7 344.6 464.8
2853.8 575.1 340.8 364.7 258.6 386.2 232.4 461.4 310.1 329.0 185.2 585.3 497.7 201.8 537.6 458.9 190.2 496.0 502.9 618.3 688.6 352.7 299.3 80.1 211.2 241.8 449.1 479.9 621.2 142.0 173.4 376.4 682.2 275.4 240.8 425.1 0.0 346.1 249.4 24.3 394.9 690.2 370.1 525.9 590.5 363.2 482.6 166.4 271.8 496.8 381.3 612.0 565.2 175.9 370.9 287.4 243.1 123.0 508.1 466.0 415.3 250.9 409.2 333.7 370.5 333.4 581.5 162.3 369.1 356.6 478.8 568.4 328.3 1328.3 453.7 297.5 576.7 521.0 93.6 341.6 428.4 461.6 90.3 532.3 656.9 539.4 553.8 268.4 494.4 434.4 551.9 348.5 366.0 454.8 546.2 145.5 332.4 548.7 344.2 135.2 185.1 463.3 575.6 503.0 553.5 377.3 525.3 460.8 426.2 203.9 645.9
2692.6 288.8 547.9 452.5 465.7 43.3 442.8 576.1 141.9 274.2 274.0 314.6 252.7 408.9 269.3 101.3 269.1 647.8 169.8 346.5 345.7 559.8 166.7 299.3 185.8 184.6 106.2 168.0 278.3 270.1 165.7 101.8 358.8 199.7 328.6 180.1 360.2 0.0 456.5 334.3 153.5 399.8 577.2 199.0 244.3 230.6 179.9 294.5 478.9 153.9 500.1 269.1 227.7 282.1 458.7 211.7 122.3 266.9 155.0 123.1 466.2 443.0 133.5 47.3 577.6 90.2 269.6 418.0 65.8 444.4 121.3 297.7 152.6 1291.4 107.5 149.7 290.4 178.1 330.8 165.9 546.4 177.0 272.5 246.0 387.9 253.1 285.7 475.5 148.2 522.2 204.6 212.2 576.4 155.2 203.3 255.6 122.3 279.5 551.3 458.8 414.4 510.9 232.7 191.1 267.2 248.0 257.0 215.8 126.9 385.6 402.2
2663.3 651.1 161.2 143.8 79.0 520.3 18.2 281.8 444.2 405.0 297.9 793.9 573.7 179.2 613.6 534.9 293.0 261.1 578.9 792.5 750.5 173.1 433.4 303.3 345.3 375.9 583.2 614.0 740.6 294.1 307.5 452.4 763.6 351.4 191.6 501.1 265.5 480.2 0.0 289.9 474.5 854.4 172.5 678.3 709.9 497.3 625.9 317.1 75.6 630.9 201.7 707.9 641.2 306.0 150.0 363.4 390.3 290.3 584.1 613.3 235.7 273.7 548.9 485.6 190.9 467.5 715.6 295.5 445.1 135.7 554.8 777.0 404.3 1186.8 565.3 431.6 652.7 655.1 334.8 417.5 248.8 537.6 276.5 608.3 796.0 615.4 740.4 18.9 630.8 213.5 627.9 424.5 116.5 588.9 680.3 221.2 408.4 697.3 164.6 268.4 368.8 251.0 695.0 637.1 629.5 511.4 601.3 536.8 560.3 250.8 807.0
2825.9 547.2 370.4 394.3 288.2 358.3 258.3 491.0 282.2 304.6 157.3 557.4 469.8 231.4 509.7 431.0 162.3 538.9 475.0 590.4 660.7 382.3 271.4 52.2 183.3 217.4 421.2 452.0 593.3 114.1 145.5 348.5 654.3 247.5 266.7 397.2 25.8 318.2 275.3 0.0 370.6 662.3 399.7 498.0 562.6 335.3 454.7 138.5 301.4 468.9 410.9 584.1 537.3 148.0 400.5 259.5 218.7 98.6 480.2 438.1 444.9 280.5 386.9 305.8 400.1 305.5 553.6 170.9 341.2 386.2 450.9 540.5 300.4 1300.4 425.8 269.6 548.8 493.1 65.7 313.7 458.0 433.7 62.4 504.4 632.5 511.5 525.9 298.0 466.5 464.0 524.0 320.6 395.6 426.9 518.3 117.6 304.5 520.8 373.8 161.1 167.3 492.9 547.7 475.1 525.6 352.9 497.4 432.9 398.3 233.5 618.0
2664.1 176.5 534.8 397.9 527.2 152.5 489.7 570.4 232.7 216.3 219.4 322.9 102.7 463.8 142.6 129.0 214.5 652.0 104.3 355.9 372.0 582.0 257.5 342.8 264.5 272.1 186.6 187.2 304.6 263.3 244.4 46.5 381.6 145.1 274.0 29.5 403.7 135.1 475.0 377.8 0.0 411.1 644.0 207.3 273.9 321.4 199.1 238.6 540.4 180.2 494.4 295.4 170.2 227.5 404.1 157.1 187.1 329.8 113.1 142.3 460.5 392.0 155.4 138.1 505.2 181.0 280.9 461.5 97.6 389.8 83.8 306.0 154.5 1262.9 90.7 229.7 181.7 204.4 377.9 167.8 537.4 66.6 316.0 137.3 417.5 144.4 294.0 452.4 156.2 467.6 156.9 154.7 522.7 174.4 229.6 317.1 162.2 306.4 573.5 505.4 457.9 505.2 259.0 210.3 158.5 339.1 130.3 65.8 249.4 331.3 428.5
2841.6 491.9 920.8 799.2 839.7 356.4 813.5 890.1 470.7 617.6 620.7 138.4 467.1 782.9 424.1 477.9 615.8 951.2 372.9 70.0 102.3 933.8 495.5 609.3 548.8 510.1 390.5 229.8 322.6 644.1 539.7 447.8 70.7 546.4 675.3 430.8 704.9 399.9 830.5 675.3 401.2 0.0 951.2 211.9 291.9 559.4 246.0 639.9 852.9 268.9 814.1 286.6 328.0 628.8 805.4 558.4 522.3 640.9 358.1 302.7 780.2 789.7 296.5 433.7 824.9 426.9 137.5 678.9 465.8 791.1 324.4 120.2 552.6 1582.7 313.9 490.5 493.5 225.8 655.5 565.8 857.1 366.7 634.2 449.1 147.8 464.4 170.8 853.7 245.1 871.2 301.6 556.0 924.0 301.3 200.6 629.6 519.0 246.1 925.3 692.1 665.2 824.8 277.0 312.8 470.3 573.5 411.8 430.2 376.3 729.0 149.9
2818.3 806.1 264.3 298.8 182.1 603.4 137.9 384.9 527.3 560.0 420.4 847.4 728.7 262.3 768.6 689.9 425.4 364.2 733.9 875.6 905.5 276.2 516.5 386.4 428.4 459.0 666.3 697.1 838.4 377.2 390.6 607.4 899.4 506.4 346.6 656.1 348.6 560.0 154.9 376.5 625.9 928.9 0.0 743.1 807.7 580.4 709.0 401.6 195.3 714.0 304.8 829.2 796.2 411.1 305.0 518.4 460.3 373.4 715.1 683.2 338.8 335.1 626.4 550.9 294.0 550.6 798.7 378.6 600.1 290.7 709.8 827.3 559.3 1341.8 670.9 514.7 807.7 738.2 417.9 572.5 351.9 692.6 359.6 763.3 951.0 778.6 823.5 173.9 711.6 370.8 782.9 579.5 271.5 672.0 763.4 304.3 535.2 780.4 267.7 351.5 441.8 386.7 792.8 720.2 784.5 594.5 756.3 691.8 643.4 345.0 962.0
2668.5 301.5 777.9 603.2 661.7 167.4 635.5 775.7 316.4 421.6 424.7 115.5 271.1 604.9 228.1 288.9 419.8 808.3 194.9 148.5 190.1 755.8 341.2 466.4 394.5 355.8 201.5 51.8 197.3 468.6 361.7 251.8 190.1 350.4 479.3 234.8 562.0 210.9 676.7 532.4 205.2 219.6 773.2 0.0 166.6 405.1 121.1 443.9 674.9 72.9 699.7 188.1 132.0 432.8 609.4 362.4 333.3 462.9 175.5 124.7 665.8 593.7 118.5 255.7 710.5 272.6 89.4 536.0 276.8 595.1 146.4 95.4 359.8 1392.3 135.9 312.5 303.1 97.1 512.6 373.0 742.7 188.7 491.3 258.7 235.6 274.0 86.6 657.7 49.1 675.2 105.6 360.0 728.0 117.7 79.1 451.6 330.0 99.0 747.3 549.2 522.3 710.4 151.7 187.9 279.9 419.2 215.8 234.2 192.7 533.0 246.6
2785.3 343.0 782.4 644.7 700.2 190.9 674.0 817.2 376.4 463.1 466.2 277.1 312.6 643.4 269.6 312.4 461.3 969.9 225.4 283.9 185.0 794.3 401.2 533.8 420.3 415.8 225.0 177.5 30.6 504.6 400.2 293.3 198.1 391.9 520.8 276.3 594.7 234.4 691.0 568.8 243.1 288.9 811.7 161.5 0.0 465.1 255.5 485.4 713.4 77.0 741.2 108.4 173.5 474.3 650.9 403.9 356.8 501.4 210.6 198.7 707.3 635.2 211.8 281.8 752.0 324.7 200.4 652.5 300.3 636.6 176.9 257.0 387.1 1433.8 166.4 384.2 344.6 87.8 565.3 400.3 784.2 219.2 507.0 300.2 230.5 307.3 248.2 699.2 114.0 714.4 147.1 401.5 769.5 230.8 113.0 490.1 353.5 260.6 785.8 690.0 648.9 752.0 11.7 266.7 321.4 479.2 257.3 275.7 301.2 574.5 241.5
2776.3 509.2 553.6 533.6 471.4 314.4 445.2 674.2 118.7 352.0 319.0 464.7 431.8 414.6 471.7 381.0 324.0 731.1 440.9 497.7 594.5 565.5 53.8 305.0 123.6 102.5 377.3 392.2 549.4 275.8 171.4 310.5 594.5 280.8 409.7 359.2 365.9 271.0 462.2 336.3 329.0 569.6 582.9 438.2 518.7 0.0 316.8 300.2 484.6 425.0 594.1 540.2 502.1 309.7 539.8 292.8 203.4 272.6 426.1 390.2 628.1 467.4 321.5 202.7 583.3 194.1 493.8 423.7 244.9 525.5 392.4 444.6 311.9 1459.5 381.9 141.7 510.8 449.2 336.5 325.1 641.2 376.3 278.2 466.4 562.6 481.7 408.0 481.2 422.6 605.6 475.7 343.5 578.8 367.1 474.4 261.3 278.3 364.9 557.0 461.2 410.0 640.8 503.8 415.3 487.6 14.1 459.4 394.9 338.5 434.7 551.6
2705.2 283.1 697.1 602.8 636.3 147.6 610.1 775.3 210.4 421.2 424.3 134.2 270.7 579.5 263.6 269.1 419.4 727.5 164.1 167.2 282.0 730.4 235.2 385.6 288.5 249.8 181.7 79.7 290.6 440.7 336.3 261.6 254.8 350.0 478.9 234.4 481.2 191.1 627.1 451.6 204.8 239.1 747.8 125.7 259.9 299.1 0.0 443.5 649.5 166.2 737.6 281.4 255.9 432.4 609.0 362.0 313.5 437.5 149.3 93.9 665.4 593.3 87.7 206.3 726.8 166.6 181.3 455.2 248.5 594.7 115.6 114.1 343.8 1373.9 105.1 233.4 284.7 190.4 431.8 357.0 742.3 157.9 410.5 240.3 327.5 255.6 105.3 646.1 163.8 674.8 242.6 359.6 727.6 71.1 164.7 426.2 310.2 99.1 721.9 468.4 441.5 710.0 245.0 82.6 261.5 313.2 251.3 233.8 146.1 532.6 333.4
2814.6 408.6 370.7 253.9 288.5 328.4 262.3 426.4 263.0 162.5 18.7 551.4 331.2 231.7 371.1 292.4 23.7 470.6 336.4 584.4 600.5 382.6 252.2 104.1 164.1 194.7 415.1 415.7 533.1 24.6 126.3 209.9 610.1 108.9 130.0 258.6 165.0 285.0 279.3 135.4 228.4 639.6 400.0 435.8 502.4 316.1 427.6 0.0 301.7 408.7 350.4 523.9 398.7 9.4 260.1 120.9 147.8 91.1 341.6 370.8 316.5 244.4 387.5 243.1 400.4 286.0 509.4 222.8 202.6 245.8 312.3 531.3 161.8 1161.8 322.8 250.4 410.2 432.9 135.6 175.0 393.4 295.1 77.3 365.8 646.0 381.1 522.5 298.3 388.3 325.9 385.4 182.0 395.9 402.9 458.1 78.4 165.9 534.9 374.1 279.9 209.1 361.1 487.5 438.8 387.0 330.2 358.8 294.3 379.1 183.7 657.0
2704.1 726.7 129.4 219.4 47.2 541.0 58.7 250.0 464.9 480.6 373.5 785.0 649.3 199.9 689.2 610.5 368.6 229.3 654.5 813.2 791.3 141.3 454.1 324.0 366.0 396.6 603.9 634.7 781.4 314.8 328.2 528.0 804.4 427.0 267.2 576.7 286.2 497.6 75.5 314.1 546.5 895.2 213.0 680.7 750.7 518.0 646.6 339.2 0.0 651.6 169.9 748.7 716.8 348.7 225.6 439.0 397.9 311.0 659.7 620.8 203.9 272.7 564.0 488.5 159.1 488.2 736.3 316.2 520.7 211.3 630.4 764.9 479.9 1227.6 640.9 452.3 728.3 675.8 355.5 493.1 217.0 613.2 297.2 683.9 836.8 699.2 761.1 94.5 649.2 291.4 703.5 500.1 192.1 609.6 701.0 241.9 484.0 718.0 132.8 289.1 379.4 251.8 735.8 657.8 705.1 532.1 676.9 612.4 581.0 326.4 847.8
2753.0 265.9 705.3 567.6 623.1 113.8 596.9 740.1 299.3 386.0 389.1 200.0 235.5 566.3 192.5 235.3 384.2 892.8 148.3 213.6 191.7 717.2 324.1 456.7 343.2 338.7 147.9 100.4 124.3 427.5 323.1 216.2 204.8 314.8 443.7 199.2 517.6 157.3 613.9 488.0 169.6 266.9 734.6 84.4 93.6 388.0 178.4 408.3 636.3 0.0 664.1 115.1 96.4 397.2 573.8 326.8 279.7 424.3 133.5 121.6 630.2 558.1 138.3 204.7 674.9 247.6 136.7 575.4 223.2 559.5 99.8 179.9 310.0 1356.7 89.3 307.1 267.5 24.1 488.2 323.2 707.1 142.1 429.9 223.1 237.2 238.4 171.1 622.1 36.9 639.6 70.0 324.4 692.4 153.7 49.3 413.0 276.4 183.5 708.7 612.9 561.7 674.8 78.7 189.6 244.3 402.1 180.2 198.6 224.1 497.4 248.2
2534.1 596.8 40.3 128.5 122.0 483.8 235.3 75.9 507.9 424.7 317.6 750.0 519.4 298.1 559.3 480.6 312.7 157.5 524.6 720.2 621.3 87.5 532.7 441.0 491.0 521.6 546.7 603.9 611.4 361.5 470.9 398.1 634.4 371.1 211.3 446.8 384.4 440.4 217.0 412.3 416.6 725.2 309.4 624.0 580.7 596.6 615.8 336.8 178.6 590.8 0.0 578.7 586.9 325.7 79.4 383.1 410.0 428.0 529.8 559.0 33.9 293.4 550.0 413.3 10.7 456.2 650.0 414.4 372.8 93.7 500.5 731.8 424.0 1057.6 511.0 504.9 597.7 601.6 472.5 437.2 42.9 483.3 414.2 545.9 666.8 569.3 710.7 198.0 576.5 180.5 573.6 447.9 268.3 591.1 626.8 340.1 428.1 686.0 79.0 387.3 477.6 81.8 565.8 627.0 567.1 610.7 547.0 482.5 567.0 270.5 677.8
2793.1 374.3 813.7 676.0 731.5 222.2 705.3 848.5 407.7 494.4 497.5 314.7 343.9 674.7 300.9 343.7 492.6 1001.2 256.7 284.9 186.0 825.6 432.5 565.1 451.6 447.1 256.3 208.8 128.9 535.9 431.5 324.6 199.1 423.2 552.1 307.6 626.0 265.7 722.3 596.4 278.0 289.9 843.0 192.8 98.2 496.4 286.8 516.7 744.7 108.3 772.5 0.0 204.8 505.6 682.2 435.2 388.1 532.7 241.9 230.0 738.6 666.5 246.7 313.1 783.3 356.0 214.7 683.8 331.6 667.9 208.2 296.5 418.4 1465.1 197.7 415.5 375.9 119.1 596.6 431.6 815.5 250.5 538.3 331.5 231.5 346.8 279.5 730.5 145.3 748.0 178.4 432.8 800.8 262.1 144.3 521.4 384.8 291.9 817.1 721.3 670.1 783.2 83.3 298.0 352.7 510.5 288.6 307.0 332.5 605.8 242.5
2785.4 263.9 702.5 565.6 673.5 164.2 647.3 738.1 349.7 384.0 387.1 232.4 233.5 616.7 190.5 285.7 382.2 819.7 198.7 265.4 281.5 767.6 374.5 507.1 393.6 389.1 198.3 132.8 214.1 431.0 373.5 214.2 291.1 312.8 441.7 197.2 568.0 204.4 639.1 538.4 164.0 320.6 785.0 116.8 183.4 438.4 223.4 406.3 686.7 89.7 662.1 204.9 0.0 395.2 571.8 324.8 330.1 474.7 137.9 172.0 628.2 556.1 185.1 255.1 672.9 298.0 190.4 625.8 273.6 557.5 150.2 212.3 322.2 1354.7 139.7 357.5 265.5 113.9 538.6 335.5 705.1 170.4 480.3 221.1 327.0 236.4 203.5 620.1 69.3 635.3 36.6 322.4 690.4 198.7 139.1 463.4 326.8 215.9 759.1 666.1 612.1 672.8 168.5 234.6 242.3 452.5 178.2 196.6 273.7 495.4 338.0
2804.1 398.1 380.8 243.4 298.6 317.9 272.4 415.9 273.1 152.0 8.2 540.9 320.7 241.8 360.6 281.9 13.2 480.7 325.9 573.9 590.0 392.7 262.3 114.2 174.2 204.8 404.6 405.2 522.6 34.7 136.4 199.4 599.6 98.4 119.5 248.1 175.1 274.5 289.4 145.5 217.9 629.1 410.1 425.3 491.9 326.2 417.1 10.0 311.8 398.2 339.9 513.4 388.2 0.0 249.6 110.4 137.3 101.2 331.1 360.3 306.0 233.9 377.0 232.6 410.5 275.5 498.9 232.9 192.1 235.3 301.8 520.8 151.3 1151.3 312.3 272.5 399.7 422.4 145.7 164.5 382.9 284.6 87.4 355.3 635.5 370.6 512.0 308.4 377.8 315.4 374.9 171.5 368.2 392.4 447.6 88.5 155.4 524.4 384.2 290.0 219.2 350.6 477.0 428.3 376.5 340.3 348.3 283.8 401.2 173.2 646.5
2513.2 591.3 130.6 49.0 216.6 462.9 155.8 166.2 487.0 345.2 238.1 729.1 513.9 289.3 553.8 475.1 233.2 247.8 519.1 699.3 600.4 177.8 511.8 361.5 411.5 442.1 525.8 598.4 590.5 282.0 391.4 392.6 613.5 291.6 131.8 441.3 365.8 419.5 137.5 392.8 411.1 704.3 310.1 618.5 559.8 575.7 610.3 257.3 213.2 569.9 90.2 557.8 581.4 246.2 0.0 303.6 330.5 348.5 524.3 553.5 56.3 213.9 570.2 392.4 101.0 435.3 629.1 395.8 351.9 14.3 495.0 710.9 344.5 1036.7 505.5 465.7 576.8 580.7 393.0 357.7 133.2 477.8 334.7 548.5 645.9 563.8 705.2 118.5 571.0 101.0 568.1 364.7 188.8 585.6 605.9 335.8 348.6 665.1 169.3 368.7 466.5 100.9 544.9 621.5 569.7 589.8 541.5 477.0 546.1 191.0 656.9
2741.8 361.3 431.3 294.4 423.7 279.5 386.2 466.9 257.1 73.3 115.9 504.1 283.9 360.3 323.8 245.1 111.0 548.5 289.1 537.1 553.2 478.5 268.0 239.3 179.9 210.5 342.4 368.4 485.8 159.8 159.8 162.6 562.8 17.7 170.5 211.3 300.2 236.1 367.9 270.6 181.1 592.3 540.5 388.5 455.1 331.9 380.3 135.1 436.9 361.4 390.9 476.6 351.4 124.0 300.6 0.0 98.9 226.3 294.3 323.5 357.0 284.9 340.2 195.8 401.7 238.7 462.1 358.0 155.3 286.3 265.0 484.0 128.1 1220.3 275.5 234.1 362.9 385.6 270.8 141.3 433.9 247.8 212.5 318.5 598.7 333.8 475.2 348.9 341.0 366.4 338.1 100.6 419.2 355.6 410.8 213.6 132.2 487.6 470.0 401.9 344.3 401.6 440.2 391.5 339.7 346.0 311.5 247.0 362.8 224.2 609.7
2737.0 356.5 443.0 330.1 360.8 180.5 334.6 502.6 158.1 148.5 151.6 451.8 279.1 304.0 319.0 240.3 146.7 542.9 284.3 483.7 482.9 454.9 169.0 194.4 80.9 111.5 243.4 305.2 415.5 165.2 60.8 157.8 496.0 77.3 206.2 206.5 255.3 137.1 351.6 225.7 176.3 537.0 472.3 336.2 384.8 232.9 317.1 189.6 374.0 291.1 483.5 406.3 346.6 159.7 336.3 89.3 0.0 162.0 289.5 260.3 392.7 320.6 252.4 128.0 472.7 170.9 406.8 313.1 150.5 322.0 260.2 434.9 109.7 1256.0 270.7 135.1 358.1 315.3 225.9 122.9 469.6 243.0 167.6 313.7 528.4 320.8 422.9 370.6 288.7 399.8 333.3 140.0 468.2 292.4 340.5 150.7 113.8 416.7 446.4 350.6 299.4 437.3 369.9 328.3 334.9 247.0 306.7 242.2 263.8 259.9 539.4
2840.7 486.1 348.8 331.4 266.6 297.2 240.4 469.4 221.1 240.0 96.2 541.2 408.7 209.8 448.6 369.9 101.2 448.7 413.9 569.4 599.6 360.7 210.3 67.0 122.2 152.8 360.1 390.9 532.2 53.0 84.4 287.4 593.2 186.4 207.5 336.1 127.9 257.1 257.4 98.3 305.9 622.7 378.1 436.9 501.5 274.2 402.8 77.4 279.8 407.8 389.3 523.0 476.2 86.9 337.6 198.4 154.1 0.0 419.1 377.0 423.3 262.6 320.2 244.7 378.5 244.4 492.5 185.7 280.1 323.3 389.8 521.1 239.3 1239.3 364.7 208.5 487.7 432.0 98.5 252.5 436.4 372.6 40.2 443.3 645.1 450.4 517.3 276.4 405.4 401.1 462.9 259.5 374.0 365.8 457.2 56.5 243.4 474.2 352.2 242.8 172.0 438.7 486.6 414.0 464.5 288.3 436.3 371.8 337.2 229.9 656.1
2782.3 196.4 653.0 516.1 631.3 122.0 605.1 688.6 345.5 334.5 337.6 259.2 184.0 582.0 176.9 236.5 332.7 770.2 59.4 292.2 308.3 725.4 332.3 461.0 351.4 346.9 156.1 159.6 240.9 381.5 331.3 174.9 317.9 263.3 392.2 147.7 521.9 165.5 589.6 492.3 118.1 347.4 742.8 143.6 210.2 396.2 168.6 356.8 644.5 116.5 612.6 231.7 106.5 345.7 522.3 275.3 287.9 432.5 0.0 111.8 578.7 506.6 128.5 212.9 623.4 255.8 217.2 579.7 231.4 508.0 53.3 239.1 272.7 1287.2 63.8 322.5 198.0 140.7 492.5 285.9 655.6 71.2 434.2 153.6 353.8 168.9 230.3 570.6 96.1 588.1 93.2 272.9 640.9 143.9 165.9 421.2 284.6 242.7 716.9 623.6 566.0 623.3 195.3 179.8 174.8 410.3 164.6 147.1 218.9 445.9 364.8
2802.6 216.7 672.7 536.4 590.5 81.2 564.3 708.9 281.2 354.8 357.9 242.7 204.3 533.7 197.2 202.7 353.0 831.9 97.7 270.9 291.6 684.6 326.1 424.1 310.6 340.7 115.3 92.4 224.2 394.9 290.5 195.2 304.7 283.6 412.5 168.0 485.0 124.7 581.3 455.4 138.4 324.2 702.0 144.9 193.5 390.0 104.3 377.1 603.7 99.8 632.9 215.0 189.5 366.0 542.6 295.6 247.1 391.7 82.9 0.0 599.0 526.9 64.2 201.4 643.7 215.0 194.0 542.8 190.6 528.3 49.2 222.6 277.4 1307.5 38.7 258.2 218.3 124.0 455.6 290.6 675.9 91.5 397.3 173.9 337.1 189.2 213.8 590.9 97.4 608.4 176.2 293.2 661.2 79.6 149.2 380.4 243.8 203.9 676.1 572.8 529.1 643.6 178.6 115.5 195.1 404.1 184.9 167.4 154.6 466.2 348.1
2500.1 562.8 74.2 94.5 155.9 449.8 201.3 109.8 473.9 390.7 283.6 716.0 485.4 334.8 525.3 446.6 278.7 191.4 490.6 686.2 587.3 121.4 498.7 407.0 457.0 487.6 512.7 569.9 577.4 327.5 436.9 364.1 600.4 337.1 177.3 412.8 411.3 406.4 183.0 438.3 382.6 691.2 355.6 590.0 546.7 562.6 581.8 302.8 258.7 556.8 33.8 544.7 552.9 291.7 45.4 349.1 376.0 394.0 495.8 525.0 0.0 259.4 516.0 379.3 44.6 422.2 616.0 441.3 338.8 59.7 466.5 697.8 390.0 1023.6 477.0 470.9 563.7 567.6 438.5 403.2 76.8 449.3 380.2 511.9 632.8 535.3 676.7 164.0 542.5 146.5 539.6 413.9 234.3 557.1 592.8 381.3 394.1 652.0 112.9 414.2 512.0 44.5 531.8 593.0 533.1 576.7 513.0 448.5 533.0 236.5 643.8
2755.1 583.5 308.1 235.6 225.9 503.3 199.7 408.1 434.1 337.4 230.3 726.3 506.1 151.1 546.0 467.3 225.4 408.0 511.3 759.3 775.4 320.0 423.3 293.2 335.2 365.8 590.0 590.6 708.0 274.2 297.4 384.8 785.0 283.8 124.0 433.5 252.5 473.4 216.7 280.4 403.3 814.5 337.4 610.7 677.3 487.2 602.5 249.5 239.1 583.6 348.6 698.8 573.6 238.4 241.8 295.8 322.7 280.2 516.5 545.7 298.2 0.0 562.4 418.0 337.8 460.9 684.3 282.5 377.5 227.5 487.2 706.2 336.7 1278.6 497.7 421.5 585.1 607.8 324.7 349.9 375.1 470.0 266.4 540.7 820.9 547.8 697.4 235.7 563.2 305.3 560.3 356.9 333.3 577.8 633.0 211.1 340.8 709.8 311.5 255.4 345.7 342.9 662.4 613.7 561.9 501.3 533.7 469.2 550.2 143.4 831.9
2805.1 256.8 624.3 572.2 542.1 92.1 520.5 688.6 215.9 395.2 389.7 219.9 244.4 485.3 237.3 197.1 394.7 809.1 137.8 248.1 271.9 636.2 260.8 375.7 262.2 280.0 155.0 65.0 264.3 346.5 242.1 194.3 271.9 319.4 448.3 208.1 441.2 139.9 532.9 410.7 174.9 301.4 653.6 115.6 233.6 324.7 81.5 370.9 555.3 139.9 664.8 255.1 225.0 380.4 578.4 331.4 242.0 347.9 123.0 67.6 578.7 538.1 0.0 136.1 654.0 162.2 171.2 494.4 178.3 564.1 89.3 203.0 272.6 1347.6 74.2 192.9 258.4 164.1 411.8 285.9 660.2 131.6 348.9 214.0 312.8 221.1 191.0 551.9 137.5 641.9 216.3 332.2 649.5 56.8 154.6 332.0 243.6 181.1 627.7 545.4 490.8 623.4 218.7 92.7 235.2 338.8 225.0 207.5 107.6 506.6 328.4
2682.9 305.3 521.8 419.6 439.6 73.0 413.4 551.3 93.4 238.0 241.1 344.3 227.9 382.8 267.8 134.3 236.2 712.5 199.5 376.2 375.4 533.7 118.2 273.2 153.9 132.8 135.9 197.7 308.0 244.0 139.6 106.6 388.5 166.8 295.7 155.3 334.1 29.6 430.4 304.5 125.1 429.5 551.1 228.7 277.3 182.1 209.6 268.4 452.8 183.6 475.3 298.8 260.7 277.9 425.8 178.8 139.5 240.8 184.7 152.8 441.4 435.6 157.6 0.0 551.5 41.7 299.3 391.9 41.0 411.5 151.0 324.2 170.1 1266.6 140.5 90.4 306.9 207.8 304.7 183.3 518.3 172.4 246.4 262.5 420.9 277.8 315.4 449.4 181.2 491.6 234.3 176.4 547.0 184.9 233.0 229.5 136.5 271.5 525.2 429.4 378.2 486.0 262.4 220.8 283.7 196.2 255.5 191.0 156.6 349.4 431.9
2544.9 607.6 29.5 139.3 111.2 494.6 180.9 90.8 518.7 435.5 328.4 760.8 530.2 287.3 570.1 491.4 323.5 146.7 535.4 731.0 632.1 76.7 543.5 451.8 453.4 484.0 557.5 614.7 622.2 372.3 415.6 408.9 645.2 381.9 222.1 457.6 373.6 451.2 227.8 401.5 427.4 736.0 298.6 634.8 591.5 607.4 626.6 347.6 167.8 601.6 10.7 589.5 597.7 336.5 90.2 393.9 420.8 438.8 540.6 569.8 44.7 304.2 560.8 424.1 0.0 467.0 660.8 403.6 383.6 104.5 511.3 742.6 434.8 1068.4 521.8 515.7 608.5 612.4 483.3 448.0 57.8 494.1 425.0 556.7 677.6 580.1 721.5 208.8 587.3 191.3 584.4 458.7 279.1 601.9 637.6 329.3 438.9 696.8 68.2 376.5 466.8 92.6 576.6 637.8 577.9 621.5 557.8 493.3 577.8 281.3 688.6
2641.1 346.1 542.1 460.4 459.9 113.8 433.7 592.1 51.6 278.8 307.5 329.5 268.7 403.1 308.6 175.1 312.5 670.7 240.3 388.7 416.2 554.0 76.4 293.5 112.1 91.0 176.7 210.2 348.8 264.3 159.9 147.4 412.5 207.6 336.5 196.1 354.4 70.4 450.7 324.8 165.9 442.0 571.4 269.5 318.1 140.3 222.1 288.7 473.1 224.4 582.6 339.6 301.5 298.2 466.6 219.6 191.9 261.1 225.5 193.6 482.2 455.9 139.5 39.6 571.8 0.0 311.8 398.4 81.8 452.3 191.8 309.4 186.6 1307.4 181.3 74.6 347.7 248.6 325.0 199.8 559.1 213.2 266.7 303.3 461.7 318.6 272.8 469.7 222.0 532.4 275.1 217.2 567.3 185.1 273.8 249.8 153.0 229.7 545.5 411.6 384.7 526.8 303.2 233.3 324.5 154.4 296.3 231.8 156.5 390.2 472.7
2765.2 372.1 802.1 679.4 719.9 236.6 693.7 851.9 393.7 497.8 500.9 99.9 347.3 663.1 304.3 358.1 496.0 905.0 253.1 76.8 155.5 814.0 438.6 563.1 440.0 453.2 270.7 110.0 231.5 524.3 419.9 328.0 155.5 426.6 555.5 311.0 614.4 280.1 710.7 584.8 281.4 148.7 831.4 131.2 200.8 502.5 207.5 520.1 733.1 149.1 775.9 215.4 208.2 509.0 685.6 438.6 402.5 521.1 238.3 182.9 742.0 669.9 176.7 313.9 786.7 369.3 0.0 632.7 346.0 671.3 204.6 81.7 432.8 1462.9 194.1 370.7 373.7 106.0 609.3 446.0 818.9 246.9 526.7 329.3 201.0 344.6 132.3 733.9 125.3 751.4 181.8 436.2 804.2 175.9 80.8 509.8 399.2 207.6 805.5 645.9 619.0 786.6 185.9 211.8 350.5 516.6 292.0 310.4 250.9 609.2 212.0
2839.4 644.5 370.9 394.8 288.7 455.6 262.5 491.5 379.5 398.4 254.6 570.9 567.1 231.9 607.0 528.3 259.6 435.8 572.3 603.9 688.0 382.8 368.7 134.8 280.6 311.2 518.5 548.0 690.6 211.4 242.8 445.8 691.5 344.8 270.9 494.5 142.4 412.2 279.5 170.3 464.3 675.8 400.2 544.4 659.9 432.6 468.2 235.8 301.9 566.2 411.4 681.4 634.6 245.3 401.0 356.8 312.5 192.4 577.5 535.4 445.4 281.0 478.6 403.1 400.6 402.8 632.8 0.0 438.5 386.7 548.2 550.8 397.7 1380.3 523.1 366.9 646.1 590.4 181.0 410.9 458.5 531.0 159.7 601.7 642.5 617.0 539.4 298.5 563.8 466.8 621.3 417.9 396.1 524.2 615.6 211.3 401.8 534.3 374.3 57.0 63.1 493.3 645.0 550.9 622.9 446.7 594.7 530.2 495.6 234.0 631.5
2626.7 264.2 474.6 378.5 476.8 110.9 450.6 510.2 135.0 196.9 200.0 407.0 186.8 420.0 226.7 115.7 195.1 591.8 189.5 440.0 420.9 570.9 159.8 310.4 195.5 174.4 173.8 268.8 345.9 281.2 176.8 65.5 434.0 125.7 254.6 114.2 371.3 67.5 467.6 341.7 84.0 495.2 588.3 291.4 315.2 223.7 280.7 219.2 490.0 221.5 434.2 378.3 254.3 208.1 384.7 137.7 133.4 278.0 194.7 223.9 400.3 369.0 177.1 40.4 445.0 83.3 365.0 429.1 0.0 370.4 165.4 386.9 163.7 1225.5 175.9 132.0 265.8 245.7 341.9 176.9 477.2 131.3 283.6 221.4 466.4 236.7 378.1 433.0 243.9 450.5 241.0 135.3 503.3 256.0 270.9 266.7 130.1 313.1 562.4 466.6 415.4 444.9 300.3 291.9 242.6 237.8 214.4 149.9 194.1 308.3 477.4
2527.5 577.0 144.9 34.7 202.3 496.8 141.5 180.5 474.4 330.9 223.8 719.8 499.6 275.0 539.5 460.8 218.9 262.1 504.8 713.6 614.7 192.1 485.3 347.2 397.2 427.8 583.5 584.1 604.8 267.7 377.1 378.3 627.8 277.3 117.5 427.0 351.5 453.4 123.2 378.5 396.8 718.6 295.8 604.2 574.1 549.2 596.0 243.0 198.9 584.2 104.5 572.1 567.1 231.9 14.3 289.3 316.2 334.2 510.0 539.2 70.6 199.6 555.9 406.7 115.3 449.6 643.4 381.5 366.2 0.0 480.7 699.7 330.2 1051.0 491.2 451.4 578.6 595.0 378.7 343.4 147.5 463.5 320.4 534.2 660.2 549.5 690.9 104.2 556.7 86.7 553.8 350.4 174.5 571.3 620.2 321.5 334.3 703.3 183.6 354.4 452.2 115.2 559.2 607.2 555.4 563.3 527.2 462.7 580.1 176.7 671.2
2753.3 167.4 660.1 487.1 577.9 68.6 551.7 659.6 292.1 305.5 308.6 253.6 155.0 521.1 147.9 190.1 303.7 842.8 48.4 281.8 299.0 672.0 278.9 411.5 298.0 293.5 102.7 103.3 231.6 352.5 277.9 145.9 305.6 234.3 363.2 118.7 472.4 112.1 568.7 442.8 89.1 335.1 689.4 149.3 200.9 342.8 115.2 327.8 591.1 107.2 583.6 222.4 140.2 316.7 493.3 246.3 234.5 379.1 33.6 58.4 549.7 477.6 75.1 159.5 594.4 202.4 204.9 530.2 178.0 479.0 0.0 233.5 264.8 1258.2 10.4 269.1 169.0 131.4 443.0 278.0 626.6 42.2 384.7 124.6 344.5 139.9 224.7 541.6 104.8 559.1 126.9 243.9 611.9 90.5 156.6 367.8 231.2 214.8 663.5 567.7 516.5 594.3 186.0 126.4 145.8 356.9 135.6 118.1 165.5 416.9 355.5
2691.1 393.0 800.5 694.9 740.8 257.5 714.6 867.4 350.4 513.3 516.4 20.0 362.8 684.0 319.8 379.0 511.5 830.9 274.0 53.0 172.2 834.9 375.2 489.0 428.5 393.1 291.6 146.8 289.0 545.2 440.8 343.5 140.6 442.1 571.0 326.5 584.6 301.0 731.6 558.7 293.3 124.9 852.3 91.6 258.3 439.1 125.7 535.6 754.0 164.6 791.4 279.8 227.0 524.5 701.1 454.1 426.7 546.6 259.2 203.8 757.5 688.7 194.0 346.3 830.2 306.6 95.2 558.6 366.9 686.8 225.5 0.0 451.5 1483.8 218.3 391.6 394.6 188.8 538.5 464.8 834.4 267.8 513.9 350.2 217.7 357.3 50.5 749.4 144.1 764.6 197.3 451.7 819.7 181.0 170.8 530.7 420.1 125.8 826.4 571.8 555.0 802.2 243.4 192.5 371.4 456.5 307.5 325.9 256.0 624.7 219.2
2703.7 323.2 476.7 339.8 465.2 219.4 439.0 512.3 208.1 158.2 161.3 466.0 245.8 405.7 285.7 207.0 156.4 593.9 251.0 499.0 515.1 559.3 253.0 284.7 185.3 215.9 282.3 330.3 447.7 205.2 165.2 124.5 524.7 87.0 215.9 173.2 345.6 176.0 413.3 316.0 143.0 554.2 576.7 350.4 417.0 316.9 342.2 180.5 478.4 323.3 436.3 438.5 313.3 169.4 346.0 99.0 121.8 266.4 256.2 285.4 402.4 330.3 296.8 157.7 447.1 200.6 424.0 403.4 117.2 331.7 226.9 445.9 0.0 1265.7 237.4 185.1 324.8 347.5 316.2 13.1 479.3 209.7 257.9 280.4 560.6 295.7 437.1 394.3 302.9 411.8 300.0 78.6 464.6 317.5 372.7 255.1 43.1 449.5 550.8 447.3 389.7 447.0 402.1 353.4 301.6 331.0 273.4 208.9 313.8 269.6 571.6
3361.3 1268.6 1133.9 1130.9 1215.6 1346.0 1237.7 1169.5 1411.6 1268.1 1143.0 1531.0 1341.2 1371.2 1354.1 1398.0 1138.1 1251.1 1301.4 1559.2 1527.5 1181.1 1414.5 1266.4 1326.4 1357.0 1380.1 1380.7 1517.6 1186.9 1288.6 1315.5 1540.6 1214.5 1215.6 1304.9 1327.3 1389.5 1219.4 1297.7 1275.3 1612.5 1392.0 1418.8 1486.9 1478.4 1392.6 1162.2 1272.2 1384.6 1093.5 1484.9 1381.7 1151.1 1081.8 1226.5 1253.4 1253.4 1306.6 1335.8 1059.6 1295.8 1352.5 1319.5 1104.3 1362.4 1482.3 1385.1 1279.0 1096.1 1277.3 1510.9 1267.4 0.0 1287.8 1388.6 1242.8 1408.8 1297.9 1280.6 1136.5 1260.1 1239.6 1191.0 1573.0 1230.9 1502.1 1200.4 1371.3 1182.9 1368.4 1287.6 1270.7 1367.9 1434.0 1240.7 1271.5 1492.2 1172.6 1442.2 1371.4 1104.2 1472.0 1403.8 1212.2 1492.5 1341.8 1304.3 1442.9 1251.7 1584.0
2763.8 177.9 649.6 497.6 567.4 58.1 541.2 670.1 281.6 316.0 319.1 243.1 165.5 510.6 158.4 179.6 314.2 832.3 58.9 271.3 288.5 661.5 268.4 401.0 287.5 283.0 92.2 92.8 221.1 371.8 267.4 156.4 295.1 244.8 373.7 129.2 461.9 98.3 558.2 432.3 96.0 324.6 678.9 138.8 190.4 332.3 104.7 338.3 580.6 96.7 594.1 211.9 150.7 327.2 503.8 256.8 224.0 368.6 44.1 47.9 560.2 488.1 64.6 149.0 604.9 191.9 194.4 519.7 167.5 489.5 10.4 226.2 254.3 1268.7 0.0 258.6 179.5 120.9 432.5 267.6 637.1 52.7 374.2 135.1 334.0 142.2 214.2 552.1 94.3 567.3 137.4 254.4 622.4 80.0 146.1 357.3 220.7 204.3 653.0 557.2 506.0 604.8 175.5 115.9 156.3 346.4 146.1 128.6 155.0 427.4 345.0
2705.2 435.5 522.4 470.3 440.2 190.0 414.0 642.8 22.9 288.7 287.8 403.7 329.5 383.4 369.4 242.2 292.8 711.0 316.5 431.9 455.7 534.3 67.8 273.8 103.5 82.4 252.9 253.4 425.0 244.6 140.2 239.4 455.7 217.5 346.4 256.9 334.7 146.6 431.0 305.1 226.7 485.2 551.7 299.4 394.3 131.7 265.3 269.0 453.4 300.6 562.9 415.8 377.7 278.5 476.5 229.5 140.1 241.4 301.7 251.4 532.9 436.2 182.7 141.1 552.1 64.0 355.0 392.5 142.6 462.2 268.0 383.6 170.7 1396.2 257.5 0.0 437.1 324.8 305.3 183.9 609.8 314.6 247.0 392.7 501.2 408.0 336.9 450.0 298.2 542.3 351.3 230.3 547.6 228.3 350.0 230.1 137.1 293.8 525.8 430.0 378.8 577.5 379.4 276.5 413.9 145.8 357.1 292.6 199.7 400.1 512.2
2838.7 170.6 709.4 572.5 701.8 245.2 664.3 745.0 407.3 390.9 394.0 430.2 240.4 638.4 253.3 303.6 389.1 826.6 200.6 458.4 475.6 756.6 432.1 517.4 439.1 446.7 279.3 279.9 408.2 437.9 419.0 221.1 482.2 319.7 448.6 204.1 578.3 288.7 646.0 548.7 174.5 511.7 818.6 318.0 377.5 496.0 291.8 413.2 715.0 283.8 669.0 399.0 280.9 402.1 578.7 331.7 358.1 504.4 205.8 235.0 635.1 563.0 251.7 312.7 679.8 355.6 381.5 636.1 272.2 564.4 176.5 410.1 329.1 1251.2 187.0 445.7 0.0 308.0 548.9 342.3 712.0 159.3 490.6 117.6 521.1 132.9 401.3 627.0 270.5 644.5 267.6 329.3 697.3 267.1 333.2 491.7 333.2 391.4 748.1 680.0 622.4 679.7 362.6 303.0 138.8 510.1 241.0 203.5 342.1 502.3 532.1
2775.3 300.4 739.8 602.1 657.6 148.3 631.4 774.6 333.8 420.5 423.6 212.5 270.0 600.8 227.0 269.8 418.7 915.1 182.8 189.4 192.8 751.7 358.6 491.2 377.7 373.2 182.4 105.1 125.4 462.0 357.6 250.7 205.9 349.3 478.2 233.7 552.1 191.8 648.4 522.5 204.1 242.7 769.1 106.7 94.7 422.5 195.7 442.8 670.8 34.4 698.6 126.8 130.9 431.7 608.3 361.3 314.2 458.8 168.0 178.0 664.7 592.6 171.8 239.2 709.4 282.1 112.5 609.9 257.7 594.0 134.3 194.3 344.5 1391.2 123.8 341.6 302.0 0.0 522.7 357.7 741.6 176.6 464.4 257.6 238.3 272.9 193.4 656.6 92.0 674.1 104.5 358.9 726.9 171.0 25.2 447.5 310.9 205.8 743.2 656.0 596.2 709.3 79.8 206.9 278.8 436.6 214.7 233.1 246.0 531.9 249.3
2824.7 526.0 388.7 371.3 306.5 337.1 280.3 509.3 261.0 279.9 136.1 556.2 448.6 249.7 488.5 409.8 141.1 537.7 453.8 589.2 639.5 400.6 250.2 51.0 162.1 192.7 400.0 430.8 572.1 92.9 124.3 327.3 633.1 226.3 247.4 376.0 93.9 297.0 297.3 64.3 345.8 662.6 418.0 476.8 541.4 314.1 442.7 117.3 319.7 447.7 429.2 562.9 516.1 126.8 377.5 238.3 194.0 73.9 459.0 416.9 463.2 302.5 360.1 284.6 418.4 284.3 532.4 169.7 320.0 363.2 429.7 536.1 279.2 1279.2 404.6 248.4 527.6 471.9 0.0 292.4 476.3 412.5 41.2 483.2 627.8 498.5 524.7 316.3 445.3 441.0 502.8 299.4 413.9 405.7 497.1 96.4 283.3 514.1 392.1 226.8 156.0 478.6 526.5 453.9 504.4 328.2 476.2 411.7 377.1 269.8 616.8
2718.4 337.9 491.4 354.5 479.9 234.1 453.8 527.0 222.8 172.9 176.0 480.7 260.5 420.4 300.4 221.7 171.1 608.6 265.7 513.7 529.8 574.0 267.7 299.4 200.0 230.6 297.0 345.1 462.4 219.9 179.9 139.2 539.4 101.7 230.6 187.9 360.3 194.0 428.1 334.4 161.3 568.9 591.4 365.1 431.8 331.6 356.9 195.2 493.1 338.0 451.0 453.2 328.0 184.1 360.7 113.7 136.5 281.1 270.9 300.1 417.1 345.1 313.2 172.4 461.8 215.3 438.7 418.1 131.9 346.4 241.6 463.8 14.6 1280.4 252.1 199.8 339.5 362.2 330.9 0.0 494.0 224.4 272.6 295.1 575.4 302.2 451.8 409.0 317.7 424.2 314.7 93.3 479.4 332.2 387.4 269.8 57.8 464.2 565.5 462.1 414.5 461.8 416.8 368.1 316.3 345.8 288.1 223.6 328.5 284.3 586.3
2592.8 655.5 83.1 187.2 164.8 542.5 234.5 32.9 566.6 483.4 376.3 808.7 578.1 340.9 618.0 539.3 371.4 200.3 583.3 778.9 680.0 130.3 591.4 465.0 507.0 537.6 605.4 662.6 670.1 420.2 469.2 456.8 693.1 429.8 270.0 505.5 427.2 499.1 251.5 451.6 475.3 783.9 352.2 682.7 639.4 655.3 674.5 395.5 221.4 649.5 58.6 637.4 645.6 384.4 138.1 441.8 468.7 452.0 588.5 617.7 92.6 352.1 608.7 472.0 53.5 514.9 708.7 457.2 431.5 152.4 559.2 787.2 482.7 1116.3 569.7 563.6 656.4 660.3 496.5 496.0 0.0 542.0 438.2 604.6 725.5 619.8 769.4 256.7 635.2 236.9 632.3 506.6 327.0 649.8 685.5 382.9 486.8 744.7 121.8 430.1 520.4 140.6 624.5 685.7 625.8 669.4 605.7 541.2 625.7 329.2 736.5
2752.2 162.0 600.1 493.7 612.0 102.7 585.8 635.7 326.2 312.1 315.2 287.7 149.6 555.2 142.5 165.2 310.3 717.3 58.1 315.9 333.1 706.1 306.9 438.6 332.1 321.5 136.8 137.4 265.7 359.1 312.0 103.6 339.7 240.9 369.8 113.3 499.5 146.2 567.2 469.9 83.7 369.2 723.5 183.4 235.0 370.8 149.3 334.4 625.2 141.3 559.7 256.5 164.9 323.3 499.9 252.9 268.6 413.2 63.3 92.5 525.8 484.2 109.2 187.5 570.5 230.4 239.0 557.3 147.0 485.6 34.0 267.6 250.3 1252.8 44.5 303.2 163.6 165.5 470.1 263.5 602.7 0.0 411.8 119.2 378.6 134.5 258.8 548.2 138.9 565.7 151.6 250.5 618.5 124.6 190.7 401.9 265.3 248.9 697.6 601.2 543.6 570.4 220.1 160.5 140.4 384.9 130.2 112.7 199.6 423.5 389.6
2800.4 484.7 347.4 330.0 265.2 295.8 239.0 468.0 219.7 238.6 94.8 531.9 407.3 208.4 447.2 368.5 99.8 513.4 412.5 564.9 598.2 359.3 208.9 26.7 120.8 151.4 358.7 389.5 530.8 51.6 83.0 286.0 591.8 185.0 206.1 334.7 87.6 252.4 256.0 58.0 304.5 621.3 376.7 435.5 500.1 272.8 401.4 76.0 278.4 406.4 387.9 521.6 474.8 85.5 336.2 197.0 152.7 32.6 417.7 375.6 421.9 261.2 318.8 243.3 377.1 243.0 491.1 145.4 278.7 321.9 388.4 511.8 237.9 1237.9 363.3 207.1 486.3 430.6 58.2 251.1 435.0 371.2 0.0 441.9 603.5 457.2 500.4 275.0 404.0 402.0 461.5 258.1 372.6 364.4 455.8 55.1 242.0 472.8 350.8 202.5 131.7 437.2 485.2 412.6 463.1 286.9 434.9 370.4 335.8 228.5 592.5
2753.1 133.4 675.0 538.1 667.4 210.8 629.9 710.6 372.9 356.5 359.6 395.8 206.0 604.0 218.9 269.2 354.7 792.2 166.2 424.0 441.2 722.2 397.7 483.0 404.7 412.3 244.9 245.5 373.8 403.5 384.6 186.7 447.8 285.3 414.2 169.7 543.9 254.3 611.6 514.3 140.1 477.3 784.2 283.6 343.1 461.6 257.4 378.8 680.6 249.4 634.6 364.6 246.5 367.7 544.3 297.3 323.7 470.0 171.4 200.6 600.7 528.6 217.3 278.3 645.4 321.2 347.1 601.7 237.8 530.0 142.1 375.7 294.7 1169.4 152.6 411.3 107.6 273.6 514.5 307.9 677.6 124.9 456.2 0.0 486.7 95.7 366.9 592.6 236.1 610.1 233.2 294.9 662.9 232.7 298.8 457.3 298.8 357.0 713.7 645.6 588.0 645.3 328.2 268.6 21.1 475.7 206.6 169.1 307.7 467.9 497.7
2721.5 518.8 893.0 820.5 871.7 366.7 845.5 872.0 479.3 638.9 642.0 240.4 488.4 814.9 445.4 488.2 637.1 923.4 401.2 172.0 45.4 922.9 504.1 581.5 556.6 518.7 400.8 261.4 273.4 658.1 576.0 469.1 86.2 567.7 696.6 452.1 677.1 410.2 862.5 651.2 418.9 140.5 983.2 263.4 242.7 568.0 337.8 661.2 884.9 252.8 796.0 237.4 349.3 650.1 826.7 579.7 532.6 639.1 386.4 334.3 762.1 811.0 328.1 475.2 922.7 435.5 239.5 651.1 476.1 812.4 352.7 218.9 562.9 1587.3 342.2 522.1 520.4 257.4 627.7 576.1 839.0 395.0 606.4 476.0 0.0 491.3 272.8 875.0 276.7 890.2 322.9 577.3 945.3 327.3 232.2 661.6 529.3 272.4 914.4 664.3 637.4 806.8 227.8 363.2 497.2 582.1 433.1 451.5 402.3 750.3 10.9
2823.3 53.9 694.0 557.1 686.4 229.8 648.9 729.6 391.9 367.3 378.6 414.8 225.0 623.0 237.9 288.2 373.7 811.2 185.2 443.0 460.2 741.2 416.7 502.0 423.7 423.1 263.9 264.5 392.8 422.5 403.6 205.7 466.8 304.3 433.2 188.7 562.9 270.0 622.4 537.0 155.5 496.3 803.2 302.6 353.9 480.6 276.4 397.8 699.6 268.4 653.6 383.6 265.5 386.7 563.3 316.3 334.5 480.8 190.4 219.6 619.7 539.4 232.7 297.3 664.4 340.2 366.1 620.7 256.8 549.0 161.1 397.9 313.7 1213.0 171.6 430.3 126.6 292.6 525.3 327.0 696.6 143.9 475.2 79.4 505.7 0.0 385.9 611.6 246.9 626.8 252.2 313.9 681.9 251.7 317.8 476.3 309.6 376.0 732.7 664.6 617.1 664.4 347.2 287.6 100.6 494.7 225.6 188.1 326.7 478.7 516.7
2669.9 394.9 779.3 696.8 725.7 259.4 699.5 869.3 299.8 515.2 518.3 61.3 364.7 668.9 321.7 380.9 513.4 809.7 275.9 94.3 213.5 819.8 324.6 467.8 377.9 339.2 293.5 145.4 290.9 530.1 425.7 345.4 181.9 444.0 572.9 328.4 563.4 302.9 716.5 533.8 298.8 166.2 837.2 93.5 260.2 388.5 120.8 537.5 738.9 166.5 819.8 281.7 225.6 526.4 703.0 456.0 425.3 526.9 261.1 205.7 759.4 687.3 199.5 295.7 809.0 256.0 136.4 537.4 337.9 688.7 227.4 41.2 453.4 1485.7 216.9 322.8 396.5 190.7 514.0 466.6 836.3 269.7 492.7 352.1 259.0 367.4 0.0 735.5 142.7 768.8 199.2 453.6 821.6 182.9 172.7 515.6 422.0 91.8 811.3 550.6 523.7 804.0 245.3 194.4 373.3 402.6 309.4 327.8 257.9 626.6 260.5
2644.3 632.1 180.2 124.8 98.0 551.9 37.2 300.8 463.2 386.0 278.9 774.9 554.7 198.2 594.6 515.9 274.0 280.1 559.9 807.9 731.5 192.1 452.4 322.3 364.3 394.9 638.6 639.2 721.6 322.8 326.5 433.4 744.6 332.4 172.6 482.1 284.5 508.5 18.9 312.4 451.9 835.4 191.5 659.3 690.9 516.3 651.1 298.1 94.6 632.2 220.7 688.9 622.2 287.0 131.0 344.4 371.3 309.3 565.1 594.3 187.4 254.7 562.3 466.6 209.9 509.5 732.9 314.5 426.1 116.7 535.8 754.8 385.3 1167.8 546.3 450.6 633.7 656.4 353.8 398.5 267.8 518.6 295.5 589.3 777.0 604.6 746.0 0.0 611.8 196.8 608.9 405.5 97.5 626.4 681.6 240.2 389.4 716.3 183.6 287.4 377.7 232.0 676.0 662.3 610.5 530.4 582.3 517.8 579.3 231.8 788.0
2716.0 252.3 690.9 554.0 627.5 118.2 601.3 726.5 347.1 372.4 375.5 163.0 221.9 570.7 178.9 239.7 370.6 855.8 152.7 196.0 215.5 721.6 328.5 461.1 347.6 343.1 152.3 63.4 148.1 419.4 327.5 202.6 228.6 301.2 430.1 185.6 522.0 161.7 627.5 496.1 152.4 251.2 739.0 47.4 117.4 392.4 154.0 394.7 640.7 23.7 650.5 138.9 82.8 383.6 560.2 313.2 284.1 428.7 126.3 136.3 616.6 544.5 130.1 209.1 661.3 252.0 121.0 583.5 227.6 545.9 104.2 146.1 310.6 1343.1 93.7 324.1 253.9 47.9 492.6 323.9 693.5 158.8 434.3 209.5 261.0 224.8 134.1 608.5 0.0 623.7 56.4 310.8 678.8 129.3 73.1 417.4 280.8 146.5 713.1 596.7 569.8 661.2 102.5 165.2 230.7 406.5 166.6 185.0 204.3 483.8 272.0
2641.6 664.4 259.0 104.1 289.7 584.2 228.9 294.6 561.8 418.3 311.2 807.2 587.0 362.4 626.9 548.2 306.3 376.2 592.2 827.7 728.8 306.2 572.7 434.6 484.6 515.2 670.9 671.5 718.9 355.1 464.5 465.7 741.9 364.7 204.9 514.4 438.9 554.3 210.6 465.9 487.8 832.7 383.2 691.6 688.2 636.6 683.4 330.4 286.3 664.5 218.6 686.2 654.5 319.3 128.3 376.7 403.6 421.6 597.4 626.6 184.7 287.0 643.3 498.9 229.4 541.8 765.2 468.9 458.4 114.0 568.1 790.3 417.6 1165.1 578.6 538.8 666.0 688.7 466.1 430.9 261.6 550.9 407.8 621.6 774.3 628.7 778.3 191.6 644.1 0.0 641.2 437.8 261.9 658.7 713.9 408.9 421.7 790.7 297.7 441.8 539.6 229.3 673.3 694.6 642.8 650.7 614.6 550.1 667.5 264.1 785.3
2762.3 259.2 732.6 560.9 650.4 141.1 624.2 733.4 326.6 379.3 382.4 209.3 228.8 593.6 185.8 262.6 377.5 902.1 175.6 242.3 258.4 744.5 351.4 484.0 370.5 366.0 175.2 109.7 191.0 426.3 350.4 209.5 268.0 308.1 437.0 192.5 544.9 184.6 641.2 515.3 162.9 297.5 761.9 93.7 160.3 415.3 200.3 401.6 663.6 66.6 657.4 181.8 26.3 390.5 567.1 320.1 307.0 451.6 160.8 148.9 623.5 551.4 165.6 232.0 668.2 274.9 167.3 602.7 250.5 552.8 127.1 189.2 337.3 1350.0 116.6 334.4 260.8 90.8 515.5 350.5 700.4 169.4 457.2 216.4 303.9 231.7 180.4 615.4 46.2 632.9 0.0 317.7 685.7 175.6 116.0 440.3 303.7 192.8 736.0 643.0 589.0 668.1 145.4 211.5 237.6 429.4 173.5 191.9 250.6 490.7 314.9
2730.8 350.3 483.8 346.9 476.2 265.9 438.7 519.4 254.6 159.5 168.4 493.1 272.9 412.8 312.8 234.1 163.5 601.0 278.1 526.1 542.2 531.0 299.5 291.8 213.5 244.1 328.8 357.4 474.8 212.3 193.4 151.6 551.8 94.1 223.0 200.3 352.7 222.5 420.4 323.1 170.1 581.3 593.0 377.5 444.1 363.4 369.3 187.6 489.4 350.4 443.4 465.6 340.4 176.5 353.1 103.1 132.5 278.8 283.3 312.5 409.5 337.4 343.3 184.8 454.2 227.7 451.1 410.5 144.3 338.8 254.0 473.0 85.5 1272.8 264.5 231.6 351.9 374.6 323.3 98.7 486.4 236.8 265.0 307.5 587.7 322.8 464.2 401.4 330.0 418.9 327.1 0.0 471.7 344.6 399.8 266.1 89.6 476.6 522.5 454.4 396.8 454.1 429.2 380.5 328.7 377.5 300.5 236.0 360.3 276.7 598.7
2715.2 703.0 258.4 195.7 176.2 622.8 115.4 379.0 541.4 456.9 349.8 845.8 625.6 276.4 665.5 586.8 344.9 358.3 630.8 878.8 802.4 270.3 530.6 400.5 442.5 473.1 709.5 710.1 792.5 393.7 404.7 504.3 815.5 403.3 243.5 553.0 362.7 592.9 97.1 387.1 522.8 906.3 269.7 730.2 761.8 594.5 722.0 369.0 172.8 703.1 298.9 759.8 693.1 357.9 201.9 415.3 442.2 387.5 636.0 665.2 258.3 325.6 640.5 537.5 288.1 580.4 803.8 392.7 497.0 187.6 606.7 825.7 456.2 1238.7 617.2 528.8 704.6 727.3 432.0 469.5 346.0 589.5 373.7 660.2 847.9 675.5 816.9 78.1 682.7 265.4 679.8 476.4 0.0 697.3 752.5 318.4 460.3 794.5 261.8 365.6 466.0 302.9 746.9 733.2 681.4 608.6 653.2 588.7 657.5 302.7 858.9
2780.7 272.0 674.0 591.7 591.8 123.8 565.6 738.3 265.6 410.1 439.4 203.1 259.6 535.0 252.5 246.8 408.3 792.3 153.0 236.1 270.9 685.9 310.5 450.4 311.9 325.1 170.6 68.6 279.5 396.2 291.8 244.0 270.9 338.9 467.8 223.3 486.3 160.6 582.6 456.7 193.7 300.4 703.3 114.6 248.8 374.4 64.7 420.6 605.0 155.1 714.5 270.3 244.8 430.1 597.9 350.9 291.7 393.0 138.2 82.8 628.4 587.8 76.6 185.8 703.7 231.4 170.2 520.0 228.0 583.6 104.5 183.0 322.3 1362.8 94.0 242.6 273.6 179.3 496.6 335.5 705.3 146.8 398.6 229.2 316.4 244.5 174.2 601.6 152.7 663.7 231.5 348.5 699.2 0.0 153.6 381.7 288.7 164.3 677.4 533.2 506.3 673.0 233.9 75.9 250.4 388.5 240.2 222.7 74.9 521.5 327.4
2750.1 319.2 765.0 620.9 682.8 173.5 656.6 793.4 363.6 439.3 442.4 187.3 288.8 626.0 245.8 295.0 437.5 889.9 208.0 164.2 188.0 776.9 408.5 516.4 402.9 423.1 207.6 79.9 150.6 486.3 382.8 269.5 188.0 368.1 497.0 252.5 577.3 217.0 673.6 547.7 222.9 217.5 794.3 81.5 119.9 472.4 170.5 461.6 696.0 59.6 717.4 152.0 149.7 450.5 627.1 380.1 339.4 484.0 193.2 152.8 683.5 611.4 146.6 283.8 728.2 337.2 87.3 617.6 282.9 612.8 159.5 169.1 369.7 1410.0 149.0 340.6 320.8 25.2 547.9 382.9 760.4 201.8 489.6 276.4 233.5 291.7 168.2 675.4 66.8 692.9 123.3 377.7 745.7 145.8 0.0 472.7 336.1 180.6 768.4 630.8 603.9 728.1 105.0 181.7 297.6 486.5 233.5 251.9 220.8 550.7 244.5
2855.7 505.9 292.2 334.1 210.0 299.0 183.8 412.8 222.9 259.8 116.0 543.0 428.5 153.2 468.4 360.3 121.0 392.1 433.7 571.2 601.4 304.1 212.1 82.0 124.0 154.6 361.9 392.7 534.0 72.8 86.2 307.2 595.0 206.2 210.2 355.9 142.9 255.6 200.8 113.3 325.7 624.5 321.5 438.7 503.3 276.0 404.6 97.2 223.2 409.6 332.7 524.8 496.0 106.7 340.3 218.2 155.9 69.0 410.7 378.8 366.7 206.0 322.0 246.5 321.9 246.2 494.3 200.7 299.9 326.0 377.0 522.9 259.1 1259.1 366.5 210.3 507.5 433.8 113.5 272.3 379.8 392.4 55.2 463.1 646.9 478.4 519.1 219.8 407.2 406.1 482.7 279.3 317.4 367.6 459.0 0.0 230.8 476.0 295.6 199.8 187.0 414.6 488.4 415.8 484.3 290.1 456.1 391.6 339.0 173.3 657.9
2717.2 336.7 503.2 353.3 421.0 175.2 394.8 525.8 163.9 171.7 174.8 446.5 259.3 364.2 299.2 220.5 169.9 603.1 264.5 478.4 477.6 515.1 208.8 254.6 141.1 171.7 238.1 299.9 410.2 225.4 121.0 138.0 490.7 100.5 229.4 186.7 315.5 131.8 411.8 289.6 160.1 531.7 532.5 330.9 379.5 272.7 311.8 194.0 434.2 285.8 449.8 401.0 326.8 182.9 359.5 112.5 77.6 222.2 269.7 255.0 415.9 343.8 258.2 122.7 460.6 176.8 401.5 373.3 130.7 345.2 240.4 426.4 32.5 1279.2 250.9 140.9 338.3 310.0 286.1 45.8 492.8 223.2 227.8 293.9 523.1 301.0 417.6 407.8 283.4 423.0 313.5 92.1 478.1 298.2 335.2 210.9 0.0 411.4 506.6 410.8 369.7 460.6 364.6 323.0 315.1 286.8 286.9 222.4 269.6 283.1 534.1
2646.6 384.0 756.0 703.7 705.7 248.5 679.5 828.2 279.8 522.1 525.2 133.6 371.6 648.9 346.1 370.0 520.3 786.4 265.0 166.6 285.8 799.8 304.6 444.5 357.9 319.2 282.6 180.6 315.3 521.1 405.7 362.5 254.2 450.9 579.8 335.3 540.1 306.5 696.5 510.5 305.7 238.5 817.2 117.9 284.6 368.5 100.8 545.5 718.9 190.9 796.5 306.1 250.0 555.0 709.9 462.9 414.4 502.1 250.2 194.8 718.3 701.7 188.6 275.7 785.7 236.0 208.8 514.1 317.9 695.6 216.5 113.5 444.7 1474.8 206.0 302.8 385.6 215.1 490.7 457.9 795.2 258.8 469.4 341.2 278.3 356.5 94.9 715.5 167.1 775.7 223.6 460.5 813.1 172.0 197.1 495.6 411.1 0.0 791.3 527.3 500.4 762.9 269.7 183.5 362.4 382.6 333.8 334.7 247.0 633.5 267.3
2637.4 700.1 62.7 231.8 89.1 606.3 158.8 183.3 530.2 528.0 423.3 850.3 622.7 265.2 662.6 583.9 428.3 142.6 627.9 823.5 724.6 8.4 519.4 389.3 431.3 461.9 669.2 700.0 714.7 380.1 393.5 501.4 737.7 474.4 314.6 550.1 351.5 562.9 175.8 379.4 519.9 828.5 276.5 746.0 684.0 583.3 711.9 404.5 145.7 716.9 103.2 682.0 690.2 414.0 182.7 486.4 463.2 376.3 633.1 686.1 137.2 338.0 629.3 516.6 92.4 553.5 753.3 381.5 476.1 197.0 603.8 830.2 527.3 1160.9 673.8 517.6 701.0 741.1 420.8 540.5 150.3 586.6 362.5 649.2 770.1 672.6 826.4 194.8 714.5 283.8 676.9 551.2 292.4 674.9 766.3 307.2 538.1 783.3 0.0 354.4 444.7 185.1 669.1 723.1 670.4 597.4 650.3 585.8 646.3 347.9 781.1
2863.7 699.2 379.7 389.1 283.0 504.7 256.8 500.3 428.6 453.1 313.1 595.2 621.8 226.2 661.7 583.0 318.1 410.1 627.0 628.2 712.3 377.1 417.8 193.3 329.7 360.3 567.6 572.3 739.7 269.9 291.9 500.5 715.8 399.5 265.2 549.2 136.7 464.6 273.8 161.1 522.6 700.1 394.5 568.7 709.0 481.7 492.5 294.3 296.2 615.3 420.2 730.5 689.3 303.8 395.3 411.5 361.6 250.9 616.4 586.5 454.2 275.3 533.3 452.2 409.4 451.9 657.1 58.4 493.2 381.0 602.9 578.3 452.4 1374.6 572.2 416.0 700.8 639.5 230.4 465.6 467.3 585.7 218.2 656.4 666.8 663.5 563.7 292.8 612.9 458.8 676.0 472.6 390.4 573.3 647.9 205.6 436.5 558.6 368.6 0.0 121.6 502.1 694.1 575.2 677.6 495.8 649.4 584.9 544.7 228.3 655.8
2833.5 638.6 421.9 445.8 339.7 449.7 321.9 542.5 373.6 392.5 248.7 565.0 561.2 282.9 601.1 522.4 253.7 486.8 574.8 598.0 682.1 433.8 362.8 128.9 274.7 305.3 512.6 550.5 684.7 205.5 236.9 439.9 685.6 338.9 321.9 488.6 193.4 409.6 330.5 217.8 462.0 669.9 451.2 538.5 662.4 426.7 462.3 229.9 352.9 560.3 462.4 675.5 628.7 239.4 452.0 350.9 306.6 194.9 571.6 529.5 496.4 332.0 478.3 397.2 451.6 396.9 626.9 50.9 432.6 437.7 542.3 548.1 391.8 1391.8 525.6 361.0 640.2 584.5 183.5 405.1 517.9 525.1 153.8 595.8 636.6 602.9 533.5 349.5 557.9 523.9 615.4 412.0 455.5 518.3 609.7 209.0 395.9 528.4 425.3 116.4 0.0 544.4 639.1 545.0 617.0 440.8 588.8 524.3 489.7 293.4 625.6
2571.4 634.1 128.8 165.8 210.5 521.1 272.6 164.4 545.2 462.1 354.9 787.3 556.7 386.6 596.6 517.9 350.0 246.0 561.9 757.5 658.6 176.0 570.0 478.3 528.3 558.9 584.0 641.2 648.7 398.8 508.2 435.4 671.7 408.4 248.6 484.1 472.9 481.0 254.3 497.3 457.5 762.5 397.9 661.3 618.0 633.9 653.1 374.1 267.1 628.1 88.4 616.0 624.2 363.0 116.7 420.4 447.4 465.3 567.1 596.3 71.2 330.7 592.9 450.6 99.2 493.5 687.3 502.9 410.1 131.0 537.8 765.8 461.3 1094.9 548.3 542.2 635.0 638.9 509.9 474.6 131.4 520.6 451.5 583.2 704.1 598.4 748.0 235.3 613.9 215.6 610.9 485.2 305.6 628.4 664.1 428.6 465.4 723.3 167.5 475.8 576.2 0.0 603.1 664.3 604.4 648.0 584.3 519.8 604.3 307.9 715.1
2773.5 331.2 770.6 632.9 688.4 179.1 662.2 805.4 364.6 451.3 454.4 265.3 300.8 631.6 257.8 300.6 449.5 958.1 213.6 272.1 173.2 782.5 389.4 522.0 408.5 404.0 213.2 165.7 45.6 492.8 388.4 281.5 186.3 380.1 509.0 264.5 582.9 222.6 679.2 553.3 234.9 277.1 799.9 149.7 14.9 453.3 243.7 473.6 701.6 65.2 729.4 96.6 161.7 462.5 639.1 392.1 345.0 489.6 198.8 186.9 695.5 623.4 203.6 270.0 740.2 312.9 188.6 640.7 288.5 624.8 165.1 245.2 375.3 1422.0 154.6 372.4 332.8 76.0 553.5 388.5 772.4 207.4 495.2 288.4 218.7 303.7 236.4 687.4 102.2 704.9 135.3 389.7 757.7 219.0 101.2 478.3 341.7 248.8 774.0 678.2 627.0 740.1 0.0 254.9 309.6 467.4 245.5 263.9 289.4 562.7 229.7
2798.6 287.4 717.4 607.1 635.2 151.9 609.0 779.6 309.0 425.5 428.6 245.6 275.0 578.4 267.9 273.4 423.7 823.3 168.4 262.5 286.3 729.3 353.9 481.4 355.3 368.5 186.0 84.0 294.9 439.6 335.2 265.9 286.3 354.3 483.2 238.7 529.7 195.4 626.0 500.1 209.1 315.8 746.7 130.0 264.2 417.8 95.7 447.8 648.4 170.5 703.6 285.7 260.2 436.7 613.3 366.3 317.8 436.4 153.6 98.2 669.7 597.6 92.0 229.2 714.4 262.4 185.6 551.0 261.3 599.0 119.9 225.5 348.1 1378.2 109.4 286.0 289.0 194.7 527.6 361.3 746.6 162.2 442.0 244.6 331.8 259.9 216.7 645.0 168.1 679.1 246.9 363.9 731.9 75.4 169.0 425.1 314.5 195.3 720.8 564.2 537.3 714.3 249.3 0.0 265.8 431.9 255.6 238.1 150.4 536.9 342.8
2774.3 154.6 696.2 559.3 688.6 232.0 651.1 731.8 394.1 377.7 380.8 417.0 227.2 625.2 240.1 290.4 375.9 813.4 187.4 445.2 462.4 743.4 418.9 504.2 425.9 433.5 266.1 266.7 395.0 424.7 405.8 207.9 469.0 306.5 435.4 190.9 565.1 275.5 632.8 535.5 161.3 498.5 805.4 304.8 364.3 482.8 278.6 400.0 701.8 270.6 655.8 385.8 267.7 388.9 565.5 318.5 344.9 491.2 192.6 221.8 621.9 549.8 238.5 299.5 666.6 342.4 368.3 622.9 259.0 551.2 163.3 396.9 315.9 1190.6 173.8 432.5 128.8 294.8 535.7 329.1 698.8 146.1 477.4 21.1 507.9 116.9 388.1 613.8 257.3 631.3 254.4 316.1 684.1 253.9 320.0 478.5 320.0 378.2 734.9 666.8 609.2 666.5 349.4 289.8 0.0 496.9 227.8 190.3 328.9 489.1 518.9
2790.4 523.3 567.7 547.7 485.5 328.5 459.3 688.3 132.8 366.1 333.1 478.8 445.9 428.7 485.8 395.1 338.1 745.2 455.0 511.8 608.6 579.6 67.9 319.1 137.7 116.6 391.4 406.3 563.5 289.9 185.5 324.6 608.6 294.9 423.8 373.3 380.0 288.4 476.3 354.1 346.7 583.7 597.0 452.3 532.8 14.1 330.9 314.3 498.7 439.1 608.2 554.3 516.2 323.8 553.9 306.9 217.5 286.7 440.2 404.3 642.2 481.5 341.2 216.8 597.4 208.2 507.9 437.8 259.0 539.6 406.5 458.7 326.0 1473.6 396.0 155.8 524.9 463.3 350.6 339.3 655.3 390.4 292.3 480.5 576.7 487.6 422.1 495.3 436.7 617.4 489.8 357.6 592.9 381.2 488.5 275.4 292.4 379.0 571.1 475.3 424.1 654.9 517.9 429.4 501.7 0.0 473.5 409.0 352.6 448.8 565.7
2775.9 208.0 646.6 509.7 639.0 200.4 601.5 682.2 344.5 328.1 331.2 334.9 177.6 575.6 74.6 240.8 326.3 763.8 155.8 367.9 384.0 693.8 369.3 454.6 376.3 383.9 234.5 235.3 316.6 375.1 356.2 158.3 393.6 256.9 385.8 141.3 515.5 243.9 583.2 485.9 111.7 423.1 755.8 219.3 285.9 433.2 247.0 350.4 652.2 192.2 606.2 307.4 182.2 339.3 515.9 268.9 295.3 441.6 161.0 190.2 572.3 500.2 206.9 249.9 617.0 292.8 292.9 573.3 209.4 501.6 131.7 314.8 266.3 1298.8 142.2 341.5 209.6 216.4 486.1 279.5 649.2 114.5 427.8 165.2 429.5 180.5 306.0 564.2 171.8 581.7 168.9 266.5 634.5 222.3 241.6 428.9 270.4 318.4 685.3 617.2 559.6 616.9 271.0 258.2 186.4 447.3 0.0 140.7 297.3 439.5 440.5
2731.7 230.8 602.4 465.5 594.8 203.2 557.3 638.0 300.3 283.9 287.0 373.6 69.5 531.4 193.3 196.6 282.1 719.6 158.6 406.6 422.7 649.6 325.1 410.4 332.1 339.7 237.3 237.9 355.3 330.9 312.0 114.1 432.3 212.7 341.6 97.1 471.3 206.0 539.0 441.7 67.5 461.8 711.6 258.0 324.6 389.0 249.8 306.2 608.0 230.9 562.0 346.1 220.9 295.1 471.7 224.7 251.1 397.4 163.8 193.0 528.1 456.0 209.7 205.7 572.8 248.6 331.6 529.1 165.2 457.4 134.5 353.5 222.1 1330.5 145.0 297.3 232.4 255.1 441.9 235.3 605.0 117.3 383.6 188.0 468.2 203.3 344.7 520.0 210.5 537.5 207.6 222.3 590.3 225.1 280.3 384.7 226.2 357.1 641.1 573.0 515.4 572.7 309.7 261.0 209.2 403.1 181.0 0.0 300.1 395.3 479.2
2846.5 347.3 665.7 613.6 583.5 115.5 557.3 730.0 257.3 432.0 431.1 278.4 334.9 526.7 327.8 238.5 436.1 867.6 228.3 311.4 346.2 677.6 302.2 417.1 303.6 316.8 178.4 143.9 350.5 387.9 283.5 235.7 346.2 360.8 489.7 303.1 478.0 152.3 574.3 448.4 272.9 375.7 695.0 189.9 319.8 366.1 140.0 412.3 596.7 226.1 706.2 341.3 303.2 421.8 619.8 372.8 283.4 384.7 213.5 158.1 620.1 579.5 112.0 177.5 695.4 203.6 245.5 535.8 219.7 605.5 179.8 258.3 314.0 1445.3 169.3 234.3 348.9 250.3 448.6 327.2 697.0 244.1 390.3 304.5 391.7 319.8 249.5 593.3 223.7 685.6 276.8 373.6 690.9 75.2 228.9 373.4 280.4 239.6 669.1 573.3 522.1 664.7 304.9 151.2 325.7 380.2 315.5 298.0 0.0 543.4 402.7
2728.5 519.1 316.3 209.0 234.1 438.9 207.9 381.5 399.7 273.0 165.9 661.9 441.7 189.8 481.6 402.9 161.0 416.2 446.9 694.9 711.0 328.2 388.9 258.8 300.8 331.4 525.6 526.2 643.6 209.8 263.0 320.4 720.6 219.4 85.1 369.1 203.0 409.0 224.9 227.4 338.9 750.1 345.6 546.3 612.9 452.8 538.1 185.1 247.3 519.2 356.8 634.4 509.2 174.0 215.2 231.4 258.3 245.8 452.1 481.3 271.6 97.8 498.0 353.6 346.0 396.5 619.9 233.0 313.1 200.9 422.8 641.8 272.3 1194.5 433.3 387.1 520.7 543.4 296.7 285.6 348.5 405.6 232.0 476.3 756.5 491.6 633.0 243.9 498.8 278.7 495.9 292.5 341.5 513.4 568.6 176.7 276.4 645.4 319.7 205.9 296.2 316.2 598.0 549.3 497.5 466.9 469.3 404.8 515.8 0.0 767.5
2710.5 529.8 882.0 831.5 860.7 377.7 834.5 883.0 468.3 649.9 653.0 232.3 499.4 803.9 456.4 499.2 648.1 912.4 412.2 163.9 56.4 911.9 493.1 570.5 545.6 507.7 411.8 272.4 284.4 647.1 587.0 480.1 97.2 578.7 707.6 463.1 666.1 421.2 851.5 636.5 433.5 129.5 972.2 286.2 253.7 557.0 326.8 671.5 873.9 263.8 922.5 248.4 360.3 661.1 837.7 590.7 543.6 628.1 397.4 345.3 773.1 822.0 339.1 464.2 911.7 424.5 231.4 640.1 487.1 823.4 363.7 214.1 573.9 1598.3 353.2 491.3 531.4 268.4 616.7 587.1 850.0 406.0 595.4 487.0 10.9 502.3 264.7 870.5 287.7 903.5 333.9 588.3 956.3 338.3 243.2 650.6 540.3 261.4 903.4 653.3 626.4 817.7 238.8 406.7 508.2 571.1 444.1 462.5 413.3 761.3 0.0
