Name		2492_BED-Amazon_n115_m213_bt34
Number_of_Customers	115
Number_of_Items		213
Number_of_ItemTypes	34
Number_of_Vehicles	1
TimeWindows		0
Dist_type	manual

VEHICLE
Mass_Capacity	2071
CargoSpace_Length	174
CargoSpace_Width	61
CargoSpace_Height	84

CUSTOMERS
i	x	y	Demand	ReadyTime	DueDate	ServiceTime	DemandedMass	DemandedVolume
0	47.54217	-122.328049	0	0	0	0	0	0
1	47.637727	-122.288222	1	0	0	0	2.5	3978
2	47.622855	-122.293753	2	0	0	0	10.1	5400
3	47.636487	-122.289363	3	0	0	0	10.79	8216
4	47.627736	-122.286849	2	0	0	0	7.23	13978
5	47.629529	-122.288449	3	0	0	0	16.44	15443
6	47.622946	-122.293168	4	0	0	0	11.12	12796
7	47.639061	-122.281961	1	0	0	0	0.7	2640
8	47.621799	-122.293778	2	0	0	0	10.1	5400
9	47.624616	-122.286842	1	0	0	0	0.7	2640
10	47.622118	-122.294842	1	0	0	0	4.7	1380
11	47.617771	-122.297279	1	0	0	0	3.82	8580
12	47.624	-122.288817	1	0	0	0	1.9	1176
13	47.639101	-122.288069	1	0	0	0	4.7	1380
14	47.638904	-122.289812	1	0	0	0	1.8	2520
15	47.639591	-122.289132	1	0	0	0	4.7	1380
16	47.619372	-122.297268	2	0	0	0	8.91	6780
17	47.635808	-122.284917	2	0	0	0	7.45	10452
18	47.63999	-122.285	1	0	0	0	0.7	2640
19	47.632658	-122.289401	2	0	0	0	5.4	4020
20	47.632261	-122.289361	1	0	0	0	5.29	8075
21	47.634397	-122.289213	1	0	0	0	3.82	8580
22	47.624263	-122.293146	2	0	0	0	3.2	6618
23	47.628902	-122.285458	2	0	0	0	2.45	7248
24	47.62977	-122.284999	1	0	0	0	9.4	2760
25	47.61891	-122.298163	2	0	0	0	4.91	6720
26	47.630298	-122.28409	2	0	0	0	5.17	28388
27	47.632846	-122.282372	1	0	0	0	2.5	3978
28	47.61892	-122.299272	1	0	0	0	2.94	14904
29	47.629048	-122.286855	3	0	0	0	21.35	6358
30	47.618191	-122.297275	3	0	0	0	15.19	22115
31	47.629764	-122.284343	1	0	0	0	4.7	1380
32	47.627767	-122.282739	1	0	0	0	0.7	2640
33	47.631965	-122.288172	2	0	0	0	5.4	4020
34	47.632424	-122.284067	1	0	0	0	4.7	1380
35	47.619752	-122.294805	1	0	0	0	1.75	4608
36	47.620313	-122.294792	1	0	0	0	4.7	1380
37	47.621125	-122.292312	1	0	0	0	4.8	6200
38	47.621739	-122.289929	1	0	0	0	1.75	4608
39	47.637388	-122.283738	1	0	0	0	4.7	1380
40	47.622724	-122.291988	4	0	0	0	24.6	14398
41	47.635308	-122.290682	1	0	0	0	1.9	1176
42	47.628257	-122.291975	1	0	0	0	0.7	2640
43	47.63528	-122.284037	2	0	0	0	9.5	7580
44	47.620964	-122.296106	1	0	0	0	4.7	1380
45	47.628329	-122.290904	2	0	0	0	2.6	3816
46	47.621339	-122.293756	1	0	0	0	3.82	7600
47	47.622467	-122.289223	1	0	0	0	0.7	2640
48	47.620172	-122.293877	1	0	0	0	0.7	2640
49	47.625302	-122.292157	3	0	0	0	17.4	9040
50	47.627134	-122.287515	1	0	0	0	4.7	1380
51	47.623675	-122.294246	1	0	0	0	9.4	2760
52	47.619779	-122.298572	1	0	0	0	4.7	1380
53	47.620637	-122.298578	9	0	0	0	54.06	63684
54	47.630277	-122.28271	1	0	0	0	2.31	6480
55	47.63791	-122.290512	2	0	0	0	5.4	4020
56	47.638082	-122.283158	4	0	0	0	25.6	40519
57	47.630472	-122.289561	1	0	0	0	4.7	1380
58	47.638704	-122.283889	2	0	0	0	4.52	10240
59	47.62809	-122.293059	2	0	0	0	2.6	3816
60	47.625434	-122.285155	2	0	0	0	6.45	5988
61	47.627221	-122.2882	1	0	0	0	4.7	1380
62	47.621273	-122.294782	1	0	0	0	3.05	10764
63	47.621946	-122.287166	1	0	0	0	5.25	18480
64	47.634744	-122.290546	1	0	0	0	2.6	10400
65	47.639527	-122.281947	3	0	0	0	5.51	17336
66	47.627806	-122.288213	5	0	0	0	25.03	81618
67	47.626409	-122.289531	2	0	0	0	13.66	13200
68	47.63114	-122.288896	1	0	0	0	0.7	2640
69	47.62135	-122.29683	1	0	0	0	4.7	1380
70	47.623252	-122.288188	1	0	0	0	4.7	1380
71	47.634766	-122.289252	1	0	0	0	2.11	11745
72	47.637689	-122.281978	1	0	0	0	3.44	17100
73	47.621339	-122.295428	4	0	0	0	11.34	25098
74	47.626207	-122.290285	1	0	0	0	0.7	2640
75	47.63095	-122.28868	2	0	0	0	5.4	4020
76	47.632977	-122.29064	1	0	0	0	7.3	3640
77	47.630839	-122.287014	1	0	0	0	1.4	5280
78	47.63738	-122.282892	2	0	0	0	5.4	4020
79	47.623815	-122.291152	1	0	0	0	4.7	1380
80	47.633552	-122.291034	1	0	0	0	4.7	1380
81	47.640057	-122.284853	1	0	0	0	4.7	1380
82	47.622493	-122.29283	1	0	0	0	4.7	1380
83	47.634712	-122.290943	1	0	0	0	4.7	1380
84	47.6239	-122.286555	1	0	0	0	0.7	2640
85	47.624133	-122.291951	1	0	0	0	4.7	1380
86	47.627963	-122.292911	2	0	0	0	8.0	6280
87	47.620538	-122.296103	1	0	0	0	9.4	2760
88	47.63145	-122.284066	1	0	0	0	3.42	23780
89	47.62499	-122.288443	2	0	0	0	13.02	26715
90	47.627326	-122.290548	1	0	0	0	4.7	1380
91	47.62368	-122.285538	1	0	0	0	1.75	4608
92	47.630928	-122.290636	3	0	0	0	12.7	7660
93	47.635734	-122.283369	1	0	0	0	4.7	1380
94	47.618038	-122.298562	1	0	0	0	7.3	3640
95	47.636702	-122.284036	1	0	0	0	4.8	6200
96	47.639314	-122.28487	1	0	0	0	0.7	2640
97	47.638136	-122.287997	2	0	0	0	7.2	5358
98	47.622025	-122.292008	3	0	0	0	8.25	8508
99	47.625579	-122.289546	2	0	0	0	12.0	5020
100	47.619817	-122.297264	2	0	0	0	11.2	5280
101	47.637422	-122.284216	3	0	0	0	5.3	10968
102	47.62873	-122.282728	1	0	0	0	4.7	1380
103	47.632738	-122.288281	2	0	0	0	9.99	9455
104	47.619212	-122.296116	2	0	0	0	6.45	5988
105	47.629769	-122.283336	1	0	0	0	2.5	3978
106	47.625828	-122.290217	1	0	0	0	4.8	6200
107	47.641619	-122.283596	3	0	0	0	10.14	32754
108	47.63017	-122.289421	2	0	0	0	13.22	11340
109	47.628549	-122.284397	1	0	0	0	1.75	4608
110	47.631639	-122.282699	1	0	0	0	4.7	1380
111	47.62368	-122.294591	3	0	0	0	7.74	15323
112	47.619151	-122.29857	2	0	0	0	3.3	13040
113	47.633591	-122.289538	1	0	0	0	7.3	3640
114	47.622352	-122.288507	1	0	0	0	3.82	8580
115	47.636401	-122.282696	1	0	0	0	0.7	2640

ITEMS
Type	Length	Width	Height	Mass	Fragility	LoadBearingStrength
Bt1	10	10	10	14.15	1	0
Bt2	18	12	5	2.15	1	0
Bt3	21	14	4	1.9	1	0
Bt4	23	15	4	4.7	1	0
Bt5	20	18	7	1.8	1	0
Bt6	15	11	16	0.7	1	0
Bt7	34	10	10	1.59	1	0
Bt8	20	14	13	7.3	1	0
Bt9	17	13	18	2.5	1	0
Bt10	24	12	16	1.75	1	0
Bt11	40	15	9	4.21	1	0
Bt12	28	22	9	3.01	1	0
Bt13	31	20	10	4.8	1	0
Bt14	30	18	12	2.31	1	0
Bt15	37	18	11	3.4	1	0
Bt16	40	19	10	3.82	1	0
Bt17	25	19	17	5.29	1	0
Bt18	22	15	26	3.816	1	0
Bt19	28	18	18	2.75	1	0
Bt20	50	20	10	4.73	1	0
Bt21	40	20	13	2.6	1	0
Bt22	29	24	15	4.26	1	0
Bt23	26	23	18	3.05	1	0
Bt24	29	27	15	2.11	1	0
Bt25	26	20	26	2.91	1	0
Bt26	27	23	24	2.94	1	0
Bt27	39	30	13	6.5	1	0
Bt28	39	27	16	7.63	1	0
Bt29	57	15	20	3.44	1	0
Bt30	33	20	28	5.25	1	0
Bt31	71	25	13	5.716	1	0
Bt32	41	20	29	3.42	1	0
Bt33	58	40	11	12.6	1	0
Bt34	38	37	20	7.568	1	0

DEMANDS PER CUSTOMER
i	Type Quantity
1	Bt9 1	
2	Bt4 2	Bt6 1	
3	Bt3 1	Bt7 1	Bt8 1	
4	Bt20 1	Bt9 1	
5	Bt4 2	Bt10 1	Bt17 1	
6	Bt4 1	Bt3 1	Bt6 1	Bt16 1	
7	Bt6 1	
8	Bt4 2	Bt6 1	
9	Bt6 1	
10	Bt4 1	
11	Bt18 1	
12	Bt3 1	
13	Bt4 1	
14	Bt5 1	
15	Bt4 1	
16	Bt4 1	Bt11 1	
17	Bt19 1	Bt4 1	
18	Bt6 1	
19	Bt4 1	Bt6 1	
20	Bt17 1	
21	Bt18 1	
22	Bt6 1	Bt9 1	
23	Bt10 1	Bt6 1	
24	Bt4 2	
25	Bt12 1	Bt3 1	
26	Bt10 1	Bt32 1	
27	Bt9 1	
28	Bt26 1	
29	Bt4 1	Bt1 1	Bt9 1	
30	Bt17 1	Bt8 1	Bt21 1	
31	Bt4 1	
32	Bt6 1	
33	Bt6 1	Bt4 1	
34	Bt4 1	
35	Bt10 1	
36	Bt4 1	
37	Bt13 1	
38	Bt10 1	
39	Bt4 1	
40	Bt4 3	Bt6 1	Bt8 1	Bt9 1	
41	Bt3 1	
42	Bt6 1	
43	Bt4 1	Bt13 1	
44	Bt4 1	
45	Bt6 1	Bt3 1	
46	Bt16 1	
47	Bt6 1	
48	Bt6 1	
49	Bt4 2	Bt6 1	Bt8 1	
50	Bt4 1	
51	Bt4 2	
52	Bt4 1	
53	Bt9 2	Bt10 4	Bt5 2	Bt4 4	Bt3 1	Bt13 1	Bt8 1	Bt6 2	Bt22 1	
54	Bt14 1	
55	Bt6 1	Bt4 1	
56	Bt33 1	Bt12 1	Bt4 1	Bt17 1	
57	Bt4 1	
58	Bt6 1	Bt16 1	
59	Bt6 1	Bt3 1	
60	Bt4 1	Bt10 1	
61	Bt4 1	
62	Bt23 1	
63	Bt30 1	
64	Bt21 1	
65	Bt6 1	Bt3 1	Bt25 1	
66	Bt32 1	Bt34 1	Bt12 1	Bt15 1	Bt28 1	
67	Bt4 2	Bt22 1	
68	Bt6 1	
69	Bt4 1	
70	Bt4 1	
71	Bt24 1	
72	Bt29 1	
73	Bt4 1	Bt6 1	Bt29 1	Bt9 1	
74	Bt6 1	
75	Bt6 1	Bt4 1	
76	Bt8 1	
77	Bt6 2	
78	Bt4 1	Bt6 1	
79	Bt4 1	
80	Bt4 1	
81	Bt4 1	
82	Bt4 1	
83	Bt4 1	
84	Bt6 1	
85	Bt4 1	
86	Bt8 1	Bt6 1	
87	Bt4 2	
88	Bt32 1	
89	Bt8 1	Bt31 1	
90	Bt4 1	
91	Bt10 1	
92	Bt8 1	Bt4 1	Bt6 1	
93	Bt4 1	
94	Bt8 1	
95	Bt13 1	
96	Bt6 1	
97	Bt4 1	Bt9 1	
98	Bt5 1	Bt10 1	Bt4 1	
99	Bt4 1	Bt8 1	
100	Bt5 1	Bt4 2	
101	Bt10 1	Bt6 2	Bt2 1	
102	Bt4 1	
103	Bt17 1	Bt4 1	
104	Bt4 1	Bt10 1	
105	Bt9 1	
106	Bt13 1	
107	Bt26 1	Bt6 1	Bt27 1	
108	Bt18 1	Bt4 2	
109	Bt10 1	
110	Bt4 1	
111	Bt6 1	Bt17 1	Bt10 1	
112	Bt6 1	Bt21 1	
113	Bt8 1	
114	Bt18 1	
115	Bt6 1	

DISTANCE MATRIX
0.0 1402.9 1420.0 1411.8 1512.8 1562.1 1429.1 1718.3 1420.1 1474.2 1391.8 1388.5 1413.2 1428.4 1353.9 1383.3 1349.2 1666.4 1761.3 1614.0 1606.0 1460.0 1438.3 1530.5 1532.6 1357.2 1534.3 1524.6 1337.6 1483.1 1378.0 1543.8 1576.7 1562.8 1565.4 1379.3 1383.1 1433.4 1484.4 1672.2 1440.0 1419.3 1436.0 1621.2 1373.4 1450.4 1418.5 1471.2 1378.0 1352.3 1523.8 1393.0 1316.1 1354.5 1548.4 1363.8 1730.0 1591.7 1755.3 1421.2 1513.8 1489.8 1404.4 1507.5 1446.9 1725.2 1478.3 1479.8 1576.7 1368.6 1451.2 1452.3 1690.3 1392.8 1552.8 1571.9 1480.3 1527.5 1683.1 1391.7 1464.5 1744.2 1408.8 1433.8 1461.5 1438.4 1416.9 1362.2 1516.7 1544.7 1428.2 1480.4 1648.0 1655.2 1359.3 1648.8 1728.9 1398.2 1437.8 1495.3 1334.9 1680.4 1577.8 1582.3 1359.2 1559.2 1576.3 1780.7 1584.9 1551.8 1545.5 1387.5 1331.8 1478.4 1482.6 1642.2
1538.8 0.0 468.0 109.5 304.7 238.5 471.0 503.4 499.2 369.1 464.7 566.0 420.3 53.7 48.9 75.0 556.6 451.5 546.4 171.3 179.3 134.1 459.1 315.6 317.7 556.7 319.4 309.7 577.2 275.0 571.3 328.9 380.6 158.5 350.5 518.5 505.0 478.9 485.6 457.3 452.9 153.8 372.5 406.3 492.3 332.3 484.2 472.4 495.2 359.4 349.8 431.6 574.0 521.0 333.5 104.5 515.1 217.8 540.4 378.5 443.7 311.1 483.7 514.6 181.4 510.3 299.6 331.9 218.6 502.9 458.3 126.4 475.4 510.6 404.9 223.4 214.8 193.8 468.2 398.8 199.0 529.3 456.4 168.3 387.9 445.5 374.2 497.2 301.8 375.9 293.0 478.5 266.5 440.3 596.2 433.9 514.0 23.5 470.7 347.4 545.4 465.5 362.9 139.0 513.3 344.3 428.4 565.8 224.6 343.7 330.6 426.1 574.9 158.7 483.8 427.3
1384.7 444.8 0.0 417.8 246.2 295.5 53.0 451.7 32.0 211.5 53.6 162.2 163.4 498.6 493.8 519.9 155.0 409.5 494.7 345.4 339.4 385.6 64.5 256.5 266.0 152.9 267.7 258.0 173.4 216.5 166.4 277.2 291.2 296.2 298.8 107.4 93.9 91.7 113.4 405.6 69.0 430.6 235.8 354.6 88.5 195.6 59.7 100.2 103.4 165.4 257.2 45.8 170.2 131.0 281.8 467.8 463.4 325.1 488.7 241.8 224.5 223.2 72.6 142.3 413.0 461.0 211.7 204.9 310.1 99.5 128.7 393.8 423.7 73.4 286.2 305.3 433.1 260.9 416.5 91.6 448.9 477.6 37.8 443.0 193.4 87.1 233.2 93.4 250.1 278.1 161.6 194.9 381.4 388.6 192.4 382.2 462.3 468.4 65.5 228.7 143.8 413.8 308.9 320.5 109.5 292.6 309.7 514.1 318.3 285.2 278.9 51.0 171.1 381.5 111.6 375.6
1535.5 127.1 434.7 0.0 281.1 165.3 447.4 479.8 475.2 345.5 441.1 542.4 396.7 155.8 81.3 110.7 523.3 427.9 522.8 82.9 90.9 45.7 435.5 292.0 296.5 533.1 298.2 286.1 553.6 253.8 547.7 305.3 357.0 140.0 326.9 494.9 481.4 455.3 462.0 433.7 419.6 83.4 348.9 385.1 468.7 308.7 460.6 448.8 471.6 335.8 326.2 408.0 550.4 501.5 309.9 63.8 481.8 129.4 507.1 345.2 420.1 287.5 460.1 491.0 101.8 489.1 266.3 302.4 130.2 479.3 434.7 38.0 451.8 487.0 381.3 135.0 144.4 177.7 444.6 375.2 128.6 505.7 432.8 97.9 364.3 421.9 350.6 473.6 278.2 352.3 269.4 454.9 196.1 416.7 572.6 410.3 490.4 123.5 448.2 314.1 525.0 432.2 339.3 120.5 480.0 320.7 404.8 544.6 136.2 320.1 307.0 392.8 551.3 70.3 460.2 403.7
1497.8 289.7 270.3 273.6 0.0 140.4 257.1 296.6 285.8 64.3 294.9 372.4 155.7 343.5 338.7 364.8 363.0 244.7 339.6 192.3 184.3 230.5 273.2 69.6 90.1 363.1 112.6 102.9 383.6 26.0 376.6 101.3 102.9 141.1 143.7 316.7 300.5 264.3 248.9 250.5 238.3 275.5 178.9 199.5 298.7 138.7 269.6 214.2 280.6 160.8 45.0 244.2 380.4 327.4 126.7 312.7 308.3 170.0 333.6 184.9 170.2 50.9 301.8 199.9 257.9 305.9 47.4 91.2 155.0 309.3 153.7 238.7 268.6 295.4 215.6 146.5 278.0 105.8 260.8 184.2 293.8 322.5 241.8 287.9 83.1 230.9 176.3 303.6 95.0 87.5 99.4 200.8 226.3 233.5 402.6 227.1 307.2 313.3 254.8 110.7 355.0 258.7 102.5 160.6 319.7 116.7 172.3 359.0 163.2 59.4 123.8 249.4 392.3 226.4 205.6 220.5
1512.8 239.2 289.4 167.7 126.1 0.0 289.1 324.8 320.6 190.5 286.1 387.4 241.7 293.0 257.9 287.3 378.0 272.9 367.8 90.2 84.2 130.4 308.6 129.6 139.1 363.6 140.8 131.1 398.6 96.4 392.7 150.3 202.0 98.5 171.9 339.9 326.4 300.3 307.0 278.7 274.3 175.4 193.9 227.7 313.7 153.7 305.6 293.8 316.6 200.7 171.2 253.0 395.4 388.2 154.9 230.9 336.5 45.7 361.8 199.9 265.1 132.5 305.1 336.0 157.8 334.1 121.0 145.0 58.3 324.3 279.7 138.6 296.8 332.0 226.3 49.8 153.7 55.3 289.6 220.2 169.5 350.7 277.8 187.8 209.3 266.9 195.6 318.6 123.2 197.3 114.4 299.9 102.0 261.7 417.6 255.3 335.4 262.8 290.8 168.8 366.8 286.9 184.3 110.1 334.7 165.7 249.8 387.2 38.9 165.1 152.0 247.5 396.3 126.3 305.2 248.7
1393.8 447.8 33.0 420.8 249.2 295.2 0.0 454.7 58.2 196.1 62.7 171.3 148.0 501.6 496.8 522.9 164.1 412.5 497.7 348.4 342.4 388.6 67.7 259.5 265.7 147.5 267.4 261.0 182.5 224.6 175.5 280.2 283.1 307.1 301.8 116.5 103.0 73.3 105.3 408.6 60.9 433.6 220.4 362.7 97.6 181.9 52.2 92.1 95.2 168.4 260.2 48.8 179.3 128.5 284.8 447.4 463.1 328.1 496.8 226.4 216.4 226.2 81.7 134.2 416.0 460.7 211.4 207.9 313.1 104.1 113.3 396.8 426.7 72.9 289.2 304.6 436.1 264.8 418.9 76.2 451.9 480.6 29.7 446.0 178.0 71.7 217.8 97.4 253.1 281.1 164.6 186.8 384.4 391.6 201.5 385.2 465.3 472.3 52.3 232.6 165.2 416.8 300.8 323.5 113.5 295.6 312.7 513.8 318.0 288.2 281.9 50.7 191.2 384.5 103.5 378.6
1674.0 454.9 450.6 438.8 287.3 305.6 453.6 0.0 481.8 351.7 447.3 548.6 402.9 508.7 503.9 530.0 539.2 135.5 112.7 357.5 349.5 395.7 441.7 268.0 274.2 539.3 239.9 184.1 559.8 257.6 553.9 263.0 272.8 306.3 179.4 501.1 487.6 461.5 468.2 62.3 435.5 440.7 355.1 123.6 474.9 314.9 466.8 455.0 477.8 342.0 332.4 414.2 556.6 549.4 225.7 477.9 42.5 335.2 67.8 361.1 335.9 293.7 466.3 487.4 423.1 6.9 282.2 314.5 320.2 485.5 440.9 403.9 27.9 493.2 387.5 315.4 443.2 271.0 50.9 381.4 459.0 102.3 439.0 453.1 370.5 428.1 356.8 479.8 206.2 358.5 275.6 370.7 391.5 144.3 578.8 96.0 117.6 478.5 453.3 330.0 528.0 69.9 255.1 325.8 495.9 249.8 411.0 121.7 328.4 289.3 199.3 408.7 557.5 391.6 466.4 166.1
1402.2 473.4 26.1 454.9 272.4 321.7 53.2 480.3 0.0 226.2 53.5 149.4 170.4 527.2 522.4 548.5 142.1 426.0 523.3 373.6 368.0 414.2 84.4 290.1 292.2 142.9 296.3 286.6 160.6 248.8 167.9 305.8 288.7 322.4 327.4 83.4 69.9 60.5 110.9 434.2 64.1 459.2 242.8 384.0 75.7 200.2 28.5 97.7 72.2 171.7 285.8 72.0 159.2 135.2 310.4 494.0 489.6 353.7 514.9 248.8 223.4 251.8 48.6 139.8 441.6 487.2 240.3 237.9 338.7 68.3 157.3 422.4 452.3 42.2 314.8 331.5 461.7 289.5 442.7 98.6 477.5 506.2 35.3 471.6 208.1 104.5 242.1 80.6 278.7 304.3 190.2 192.4 410.8 417.2 179.6 410.8 490.9 497.0 63.8 257.3 128.2 440.0 306.4 341.9 96.7 321.2 338.3 540.3 344.5 313.8 307.5 77.2 161.1 410.1 109.1 404.2
1502.4 353.4 205.9 337.3 63.6 204.1 194.2 360.3 222.2 0.0 230.5 333.8 91.3 407.2 402.4 428.5 304.4 308.4 403.3 256.0 248.0 294.2 180.1 114.7 141.3 308.7 176.3 166.6 329.2 94.9 323.3 152.5 166.6 204.8 207.4 252.3 236.1 199.9 184.5 314.2 173.9 339.2 207.7 263.2 263.7 167.5 205.2 149.8 216.2 105.4 104.6 179.8 318.5 275.3 190.4 376.4 372.0 233.7 397.3 213.7 141.8 92.2 237.4 135.5 321.6 367.2 105.5 97.0 218.7 257.1 89.3 302.4 332.3 231.0 225.3 213.9 341.7 169.5 325.1 119.8 357.5 386.2 177.4 351.6 18.7 166.5 209.4 258.8 158.7 53.0 146.5 108.4 290.0 297.2 351.5 290.8 370.9 377.0 191.7 93.1 290.1 322.4 166.2 224.3 281.2 167.9 137.8 422.7 226.9 123.1 187.5 185.0 326.9 290.1 141.2 284.2
1376.5 439.3 53.6 423.2 240.7 290.0 62.7 446.2 53.7 233.3 0.0 137.7 177.5 493.1 488.3 514.4 123.8 394.3 489.2 341.9 333.9 380.1 93.9 258.4 260.5 135.0 262.2 252.5 155.5 211.0 149.6 271.7 295.8 290.7 293.3 53.7 40.2 78.3 118.0 400.1 73.6 425.1 249.9 349.1 64.0 209.7 46.3 104.8 70.4 140.0 251.7 49.3 137.9 88.9 276.3 462.3 457.9 319.6 483.2 255.9 232.9 217.7 18.9 146.9 407.5 453.1 206.2 207.7 304.6 56.6 158.8 388.3 418.2 30.5 280.7 299.8 427.6 255.4 411.0 105.7 443.4 472.1 42.4 437.5 215.2 111.6 251.6 78.2 244.6 272.6 156.1 199.5 375.9 383.1 177.8 376.7 456.8 462.9 71.4 223.2 109.5 408.3 305.7 310.2 85.0 287.1 304.2 508.6 312.8 279.7 273.4 43.8 153.2 376.0 116.2 370.1
1352.8 519.9 176.0 503.8 321.3 370.6 185.1 526.8 158.0 382.4 160.1 0.0 281.5 573.7 568.9 595.0 39.2 474.9 569.8 422.5 414.5 460.7 216.3 339.0 341.1 57.3 342.8 333.1 77.8 291.6 10.5 352.3 403.8 371.3 373.9 106.3 119.8 173.1 240.4 480.7 196.0 505.7 374.7 429.7 89.4 334.5 133.1 227.2 117.7 220.6 332.3 189.7 90.7 76.2 356.9 542.9 538.5 400.2 563.8 308.5 355.3 298.3 123.7 269.3 488.1 533.7 286.8 288.3 385.2 99.8 285.6 468.9 498.8 107.4 361.3 380.4 508.2 336.0 491.6 230.5 524.0 552.7 164.8 518.1 329.8 234.0 304.2 84.5 325.2 353.2 236.7 321.9 456.5 463.7 46.2 457.3 537.4 543.5 188.5 303.8 53.5 488.9 386.3 390.8 68.4 367.7 384.8 589.2 393.4 360.3 354.0 184.2 75.0 456.6 238.6 450.7
1471.0 398.3 193.0 382.2 146.8 249.0 177.6 437.4 220.5 83.1 225.0 321.7 0.0 452.1 447.3 473.4 297.4 353.3 448.2 300.9 292.9 339.1 163.5 197.9 219.5 310.1 221.2 211.5 330.6 170.0 326.2 256.7 180.2 249.7 252.3 253.7 237.5 201.3 160.0 359.1 161.8 384.1 176.3 308.1 248.0 136.1 206.6 125.3 217.6 74.0 187.8 163.2 329.5 258.7 227.3 421.3 449.1 278.6 474.4 182.3 117.3 175.4 244.0 111.0 366.5 444.3 165.2 166.7 263.6 269.5 54.7 347.3 409.4 232.4 239.7 258.8 386.6 214.4 370.0 120.3 402.4 431.1 171.9 396.5 65.0 149.9 178.0 252.9 203.6 136.2 115.1 83.9 334.9 385.4 351.9 335.7 415.8 421.9 180.5 176.3 283.1 367.3 197.9 269.2 269.0 239.7 221.0 467.6 271.8 234.8 253.7 168.4 328.3 335.0 116.7 361.3
1564.3 53.7 521.8 163.3 358.5 292.3 524.8 557.2 553.0 422.9 518.5 619.8 474.1 0.0 74.4 64.7 610.4 505.3 600.2 225.1 233.1 187.9 512.9 369.4 371.5 610.5 373.2 363.5 631.0 328.8 625.1 382.7 434.4 212.3 404.3 572.3 558.8 532.7 539.4 511.1 506.7 185.5 426.3 460.1 546.1 386.1 538.0 526.2 549.0 413.2 403.6 485.4 627.8 576.5 387.3 130.0 568.9 271.6 594.2 432.3 497.5 364.9 537.5 568.4 213.1 564.1 353.4 385.7 272.4 556.7 512.1 180.2 529.2 564.4 458.7 277.2 246.5 247.6 522.0 452.6 230.7 583.1 510.2 200.0 441.7 499.3 428.0 551.0 355.6 429.7 346.8 532.3 298.2 494.1 650.0 487.7 567.8 30.1 524.5 401.2 599.2 519.3 416.7 192.8 567.1 398.1 482.2 619.6 278.4 397.5 384.4 479.9 628.7 212.5 537.6 481.1
1489.8 48.9 517.0 103.5 353.7 271.3 520.0 552.4 548.2 418.1 513.7 615.0 469.3 74.4 0.0 26.0 605.6 500.5 595.4 188.9 196.9 151.7 508.1 364.6 366.7 605.7 368.4 358.7 626.2 324.0 620.3 377.9 429.6 207.5 399.5 567.5 554.0 527.9 534.6 506.3 501.9 111.0 421.5 455.3 541.3 381.3 533.2 521.4 544.2 408.4 398.8 480.6 623.0 615.8 382.5 55.5 564.1 235.4 589.4 427.5 492.7 360.1 532.7 563.6 138.6 559.3 348.6 380.9 236.2 551.9 507.3 144.0 524.4 559.6 453.9 241.0 172.0 242.8 517.2 447.8 156.2 578.3 505.4 125.5 436.9 494.5 423.2 546.2 350.8 424.9 342.0 527.5 223.7 489.3 645.2 482.9 563.0 44.2 519.7 396.4 594.4 514.5 411.9 188.0 562.3 393.3 477.4 614.8 242.2 392.7 379.6 475.1 623.9 170.1 532.8 476.3
1509.2 85.0 553.1 122.9 389.8 290.7 556.1 588.5 584.3 454.2 549.8 651.1 505.4 54.7 36.0 0.0 641.7 536.6 631.5 208.3 216.3 171.1 544.2 400.7 402.8 641.8 404.5 394.8 662.3 360.1 656.4 414.0 465.7 243.6 435.6 603.6 590.1 564.0 570.7 542.4 538.0 130.4 457.6 491.4 577.4 417.4 569.3 557.5 580.3 444.5 434.9 516.7 659.1 651.9 418.6 74.9 600.2 254.8 625.5 463.6 528.8 396.2 568.8 599.7 158.0 595.4 384.7 417.0 255.6 588.0 543.4 163.4 560.5 595.7 490.0 260.4 191.4 278.9 553.3 483.9 175.6 614.4 541.5 144.9 473.0 530.6 459.3 582.3 386.9 461.0 378.1 563.6 243.1 525.4 681.3 519.0 599.1 80.3 555.8 432.5 630.5 550.6 448.0 224.1 598.4 429.4 513.5 650.9 261.6 428.8 415.7 511.2 660.0 189.5 568.9 512.4
1346.9 498.0 153.8 471.0 296.3 345.6 169.3 504.9 134.5 360.5 123.8 39.2 259.6 551.8 547.0 573.1 0.0 462.7 547.9 398.6 392.6 438.8 213.8 309.7 316.1 17.6 320.9 311.2 52.6 273.9 35.0 330.4 381.9 357.3 352.0 79.7 83.5 133.8 221.3 458.8 176.9 483.8 332.0 404.7 67.5 293.5 110.4 208.1 78.4 218.6 310.4 170.6 66.0 33.8 335.0 497.6 513.5 378.3 538.8 283.5 332.4 276.4 101.0 250.2 466.2 514.2 264.9 258.1 363.3 60.5 242.9 447.0 476.9 81.6 339.4 354.8 486.3 314.1 469.1 187.8 502.1 530.8 145.7 496.2 318.5 214.9 278.0 59.5 303.3 328.2 214.8 302.8 434.6 441.8 74.9 435.4 515.5 521.6 163.9 281.9 11.1 463.9 364.4 373.7 56.5 345.8 362.9 564.2 368.4 338.4 332.1 162.0 61.3 434.7 219.5 428.8
1590.4 371.3 379.1 344.3 203.7 234.1 366.7 144.9 399.1 268.1 363.7 465.0 319.3 425.1 420.3 446.4 467.7 0.0 162.6 271.9 265.9 312.1 386.2 218.2 186.4 441.2 152.1 150.3 476.2 178.2 469.2 175.2 212.1 230.6 91.6 417.5 404.0 377.9 384.6 73.5 364.0 357.1 271.5 49.2 391.3 233.0 383.2 371.4 394.2 278.3 248.8 330.6 473.0 433.8 165.0 370.9 170.0 251.6 180.0 289.6 279.4 210.1 382.7 413.6 339.5 167.6 210.7 222.6 236.6 401.9 357.3 320.3 116.9 421.7 303.9 228.1 359.6 187.4 83.8 297.8 375.4 145.5 355.4 369.5 286.9 344.5 268.9 408.3 118.4 274.9 192.0 310.0 320.0 38.5 495.2 50.1 130.2 394.9 368.4 258.5 458.9 81.7 194.4 247.0 424.4 189.1 327.4 252.9 256.9 210.9 138.6 337.2 484.9 308.0 382.8 74.8
1678.6 459.5 455.2 443.4 291.9 310.2 458.2 105.7 486.4 356.3 451.9 553.2 407.5 513.3 508.5 534.6 543.8 135.9 0.0 362.1 354.1 400.3 446.3 313.8 274.6 543.9 240.3 238.5 564.4 262.2 558.5 263.4 317.7 310.9 179.8 505.7 492.2 466.1 472.8 82.1 440.1 445.3 359.7 124.0 479.5 319.5 471.4 459.6 482.4 346.6 337.0 418.8 561.2 554.0 270.6 482.5 82.3 339.8 62.7 365.7 380.8 298.3 470.9 501.8 427.7 98.8 286.8 319.1 324.8 490.1 445.5 408.5 111.1 497.8 392.1 320.0 447.8 275.6 93.0 386.0 463.6 23.8 443.6 457.7 375.1 432.7 361.4 484.4 206.6 363.1 280.2 415.6 396.1 144.7 583.4 96.4 25.8 483.1 457.9 334.6 532.6 74.7 300.0 330.4 500.5 280.2 415.6 117.8 333.0 299.1 244.2 413.3 562.1 396.2 471.0 181.0
1584.8 172.3 361.4 75.4 196.1 80.3 361.1 396.8 393.5 262.5 358.1 459.4 313.7 226.1 165.6 195.0 448.0 354.6 439.8 0.0 7.9 38.1 380.6 201.6 209.1 435.6 210.8 203.1 470.6 172.6 463.6 222.3 274.0 170.5 243.9 411.9 398.4 372.3 379.0 350.7 344.3 83.1 265.9 297.7 385.7 227.4 377.6 365.8 388.6 272.7 243.2 323.0 467.4 412.4 226.9 115.2 406.5 46.4 433.8 269.9 341.3 204.5 377.1 408.0 65.5 404.1 193.0 217.0 47.2 396.3 351.7 46.3 368.8 402.0 298.3 55.7 142.0 125.3 361.0 292.2 126.2 422.7 349.8 95.5 281.3 338.9 263.3 388.6 195.2 267.3 186.4 371.9 115.6 333.7 489.6 327.3 407.4 195.9 360.8 240.8 453.3 356.9 256.3 160.9 404.7 237.7 321.8 457.2 51.2 237.1 224.0 317.5 479.3 34.0 377.2 320.7
1576.8 180.3 353.4 94.3 190.1 74.3 356.4 388.8 384.6 254.5 350.1 451.4 305.7 234.1 173.6 203.0 442.0 336.9 431.8 7.9 0.0 46.1 344.5 201.0 203.1 442.1 204.8 195.1 462.6 160.4 456.7 214.3 266.0 154.6 235.9 403.9 390.4 364.3 371.0 342.7 338.3 91.1 257.9 291.7 377.7 217.7 369.6 357.8 380.6 244.8 235.2 317.0 459.4 452.2 218.9 146.6 400.5 38.4 425.8 263.9 329.1 196.5 369.1 400.0 73.5 395.7 185.0 217.3 39.2 388.3 343.7 54.3 360.8 396.0 290.3 44.0 150.0 119.3 353.6 284.2 134.2 414.7 341.8 103.5 273.3 330.9 259.6 382.6 187.2 261.3 178.4 363.9 109.6 325.7 481.6 319.3 399.4 203.9 356.1 232.8 430.8 350.9 248.3 173.7 398.7 229.7 313.8 451.2 45.2 229.1 216.0 311.5 460.3 42.0 369.2 312.7
1622.0 134.1 398.6 48.1 235.3 119.5 401.6 434.0 429.8 299.7 395.3 496.6 350.9 187.9 127.4 156.8 487.2 382.1 477.0 37.1 45.1 0.0 389.7 246.2 248.3 487.3 250.0 240.3 507.8 205.6 501.9 259.5 311.2 147.0 281.1 449.1 435.6 409.5 416.2 387.9 383.5 73.6 303.1 336.9 422.9 262.9 414.8 403.0 425.8 290.0 280.4 362.2 504.6 451.6 264.1 105.2 445.7 83.6 471.0 309.1 374.3 241.7 414.3 445.2 56.0 440.9 230.2 262.5 84.4 433.5 388.9 8.2 406.0 441.2 335.5 89.2 132.5 164.5 398.8 329.4 116.7 459.9 387.0 86.0 318.5 376.1 304.8 427.8 232.4 306.5 223.6 409.1 154.8 370.9 526.8 364.5 444.6 157.7 401.3 278.0 476.0 396.1 293.5 127.5 443.9 274.9 359.0 496.4 90.4 274.3 261.2 356.7 505.5 24.5 414.4 357.9
1397.8 436.4 67.2 409.4 257.9 307.2 30.5 443.3 93.0 204.7 96.6 195.9 156.6 490.2 485.4 511.5 168.5 401.1 486.3 337.0 331.0 377.2 0.0 248.1 257.6 172.1 259.3 249.6 207.1 212.3 206.7 268.8 301.8 295.7 290.4 150.4 136.9 107.2 139.2 397.2 72.2 422.2 229.0 346.2 122.2 190.5 86.1 126.0 129.1 157.0 248.8 57.5 203.7 132.9 273.4 436.0 455.0 316.7 480.3 265.9 235.1 214.8 115.6 168.1 404.6 472.7 203.3 196.5 301.7 138.0 121.9 385.4 415.3 142.8 277.8 293.2 424.7 272.6 407.5 84.8 440.5 469.2 63.6 434.6 186.6 80.3 226.4 147.2 241.7 289.8 153.2 205.5 393.1 380.2 226.1 373.8 453.9 480.1 120.5 240.4 189.0 425.5 302.8 312.1 163.3 284.2 301.3 505.7 330.0 276.8 270.5 42.6 215.8 373.1 137.4 367.2
1514.3 314.9 330.4 287.9 64.1 165.6 315.4 276.1 345.9 124.4 287.6 388.9 215.8 368.7 363.9 390.0 379.5 233.9 319.1 215.5 209.5 255.7 333.3 0.0 26.5 365.1 65.0 82.4 400.1 51.2 393.1 37.7 81.9 174.2 123.2 376.8 360.6 324.4 309.0 230.0 305.8 300.7 195.4 179.0 315.2 156.9 329.7 274.3 340.7 240.0 87.1 248.4 396.9 389.7 87.2 314.5 281.7 195.2 313.1 201.4 149.2 93.0 306.6 260.0 283.1 285.4 96.9 152.4 180.2 325.8 213.8 263.9 248.1 327.4 272.4 171.7 303.2 138.4 240.3 244.3 319.0 302.0 301.9 313.1 143.2 291.0 192.8 320.1 74.5 147.6 115.9 179.8 258.9 219.7 419.1 206.6 286.7 345.9 314.9 174.9 382.8 232.1 81.5 190.6 336.2 53.1 232.4 338.5 195.8 38.4 103.3 249.0 408.8 251.6 265.7 200.0
1510.4 291.3 287.0 264.3 104.7 142.0 290.7 270.7 315.4 165.0 283.7 385.0 256.4 345.1 340.3 366.4 375.6 202.9 297.8 193.9 185.9 232.1 306.2 40.5 0.0 361.2 44.5 78.5 396.2 89.5 389.2 11.1 76.0 150.6 101.9 337.5 324.0 297.9 339.6 208.7 271.9 277.1 191.5 157.7 311.3 153.0 303.2 304.9 314.2 280.6 127.7 250.6 393.0 385.8 60.6 314.3 282.4 171.6 301.8 197.5 139.1 133.6 302.7 290.6 259.5 280.0 130.1 184.7 156.6 321.9 254.4 240.3 242.7 329.6 313.0 148.1 279.6 107.4 219.6 217.8 295.4 280.7 275.4 289.5 183.8 264.5 193.2 316.2 70.6 188.2 112.0 173.9 227.9 191.7 415.2 185.3 265.4 314.9 288.4 208.1 378.9 216.9 58.3 162.2 332.3 26.5 273.0 374.7 164.8 63.4 87.0 245.1 393.9 228.0 296.3 194.6
1345.2 504.3 160.4 477.3 305.7 355.0 172.8 511.2 141.6 366.8 144.5 46.8 265.9 558.1 553.3 579.4 44.7 469.0 554.2 404.9 398.9 445.1 217.3 316.0 325.5 0.0 313.2 317.5 20.4 280.2 42.6 336.7 388.2 363.6 358.3 90.7 104.2 159.1 224.8 465.1 180.4 490.1 300.3 400.1 73.8 261.8 117.5 211.6 117.1 224.9 316.7 160.1 33.8 58.7 341.3 503.9 522.9 384.6 548.2 292.9 335.9 282.7 108.1 253.7 472.5 520.5 257.2 264.4 369.6 102.2 257.6 453.3 483.2 77.8 345.7 361.1 492.6 320.4 475.4 202.5 508.4 537.1 149.2 502.5 314.2 218.4 284.3 68.9 309.6 337.6 221.1 306.3 440.9 448.1 42.7 441.7 521.8 513.9 160.1 288.2 24.9 459.3 370.7 380.0 52.8 352.1 369.2 573.6 377.8 344.7 338.4 168.6 29.1 441.0 223.0 435.1
1563.0 343.9 339.6 316.9 130.0 194.6 339.3 235.5 368.0 194.4 336.3 437.6 285.8 397.7 392.9 419.0 428.2 168.0 253.2 244.5 238.5 284.7 330.7 74.8 34.2 428.3 0.0 66.2 448.8 120.8 441.8 23.0 89.3 195.3 57.3 390.1 376.6 350.5 352.9 164.1 324.5 329.7 244.1 113.1 363.9 203.9 355.8 318.2 366.8 250.9 162.0 303.2 445.6 392.6 58.3 366.9 247.2 224.2 257.2 250.1 152.4 167.9 355.3 303.9 312.1 244.8 164.4 217.4 209.2 374.5 283.8 292.9 207.5 382.2 276.5 200.7 332.2 160.0 174.4 270.4 348.0 236.1 328.0 342.1 213.2 317.1 241.5 368.8 33.6 217.6 164.6 187.2 280.5 147.1 467.8 140.7 220.8 367.5 341.0 240.8 417.0 172.3 71.6 219.6 384.9 39.8 302.4 330.1 217.4 58.7 68.8 297.7 457.5 280.6 309.6 176.4
1497.3 278.2 273.9 262.1 110.6 128.9 276.9 168.6 305.1 175.0 270.6 371.9 226.2 332.0 327.2 353.3 362.5 130.8 232.0 180.8 172.8 219.0 265.0 91.3 130.4 362.6 96.1 0.0 383.1 80.9 377.2 119.2 157.7 129.6 36.1 324.4 310.9 284.8 291.5 142.9 258.8 264.0 178.4 91.9 298.2 138.2 290.1 278.3 301.1 165.3 155.7 237.5 379.9 326.9 110.6 301.2 180.3 158.5 205.6 184.4 220.8 117.0 289.6 320.5 246.4 175.5 105.5 137.8 143.5 308.8 264.2 227.2 140.6 316.5 210.8 138.7 266.5 94.3 152.3 204.7 282.3 214.9 262.3 276.4 193.8 251.4 180.1 303.1 62.4 181.8 98.9 255.6 214.8 116.6 402.1 119.5 199.6 301.8 276.6 153.3 351.3 151.1 140.0 149.1 319.2 134.7 234.3 290.4 151.7 154.9 84.2 232.0 380.8 214.9 289.7 92.5
1324.7 511.2 180.0 495.1 312.6 361.9 189.1 518.1 162.0 373.7 164.1 66.4 272.8 565.0 560.2 586.3 61.2 466.2 561.1 413.8 405.8 452.0 220.3 330.3 332.4 19.5 334.1 324.4 0.0 282.9 55.9 343.6 395.1 362.6 365.2 110.3 123.8 178.7 244.4 472.0 200.0 497.0 307.2 421.0 93.4 267.0 137.1 231.2 136.7 211.9 323.6 192.8 48.8 98.2 348.2 534.2 529.8 391.5 555.1 299.8 373.4 289.6 127.7 273.3 479.4 525.0 278.1 279.6 376.5 121.8 277.2 460.2 490.1 111.4 352.6 371.7 499.5 327.3 482.9 222.1 515.3 544.0 168.8 509.4 321.1 238.0 295.5 88.5 316.5 344.5 228.0 340.0 447.8 455.0 37.7 448.6 528.7 534.8 192.5 295.1 75.5 480.2 377.6 382.1 72.4 359.0 376.1 580.5 384.7 351.6 345.3 187.3 33.1 447.9 242.6 442.0
1471.7 263.6 293.9 242.3 25.4 109.1 285.0 270.5 311.3 89.8 245.0 346.3 181.2 317.4 312.6 338.7 336.9 220.9 313.5 168.5 158.2 204.4 268.1 72.7 84.8 339.3 88.8 76.8 357.5 0.0 351.6 96.0 107.9 117.3 117.6 340.3 324.1 289.8 274.4 224.4 261.9 249.4 152.8 168.2 272.6 114.9 295.1 239.7 306.1 193.4 70.5 211.9 354.3 296.1 100.6 288.9 277.0 143.9 307.5 153.6 175.2 76.4 264.0 225.4 231.8 274.6 72.9 117.0 128.9 283.2 179.2 212.6 242.5 290.9 241.1 126.4 251.9 74.5 237.6 209.7 267.7 296.4 267.3 261.8 108.6 256.4 156.8 272.3 68.9 113.0 73.3 205.8 195.0 207.4 376.5 201.0 281.1 289.5 278.4 136.2 328.9 227.4 107.5 136.8 288.4 111.4 197.8 332.9 137.1 64.4 97.7 201.2 357.5 200.3 231.1 194.4
1362.6 510.1 165.5 491.9 317.1 360.1 175.3 517.0 149.9 372.6 150.3 9.8 271.7 563.9 559.1 585.2 29.4 465.1 560.0 412.7 404.7 450.9 206.5 329.2 336.9 47.5 338.6 323.3 68.0 287.2 0.0 342.5 394.0 361.5 364.1 96.5 110.0 163.3 230.6 470.9 185.5 495.9 306.1 425.5 79.6 265.9 123.3 217.4 107.9 210.8 322.5 185.5 81.4 65.7 347.1 533.1 528.0 390.4 553.3 304.3 345.5 288.5 113.9 259.5 478.3 525.6 282.6 275.8 375.4 90.0 263.4 459.1 489.0 96.9 351.5 370.6 498.4 331.8 481.8 208.3 514.2 542.9 155.0 508.3 320.0 224.2 294.4 80.3 315.4 349.0 226.9 312.1 452.3 453.9 56.0 447.5 527.6 533.7 179.2 299.6 40.5 484.7 376.5 381.0 64.2 357.9 375.0 585.0 389.2 350.5 344.2 173.7 65.7 446.8 228.8 440.9
1521.6 302.5 298.2 286.4 115.9 153.2 301.2 259.5 329.4 176.2 294.9 396.2 262.5 356.3 351.5 377.6 386.8 191.7 286.6 205.1 197.1 243.3 289.3 51.7 11.1 386.9 33.3 89.7 407.4 108.2 401.5 0.0 64.8 153.9 90.7 348.7 335.2 309.1 328.4 197.5 283.1 288.3 202.7 146.5 322.5 162.5 314.4 293.7 325.4 189.6 138.9 261.8 404.2 352.9 49.4 325.5 271.2 182.8 290.6 208.7 127.9 144.8 313.9 279.4 270.7 266.4 141.3 195.9 167.8 333.1 260.5 251.5 231.5 340.8 324.2 163.0 290.8 118.6 208.4 229.0 306.6 269.5 286.6 300.7 195.0 275.7 204.4 327.4 67.0 199.4 123.2 162.7 239.1 180.5 426.4 174.1 254.2 326.1 300.9 219.3 375.6 205.7 47.1 173.4 343.5 15.3 284.2 363.5 176.0 52.2 75.8 256.3 405.1 239.2 285.1 183.4
1583.2 375.1 303.9 359.0 125.8 225.8 295.8 257.1 324.0 190.2 328.5 474.4 197.6 428.9 424.1 450.2 433.0 219.3 328.4 277.7 269.7 315.9 304.4 82.7 87.6 438.2 91.2 104.1 458.7 116.6 484.9 76.4 0.0 226.5 132.5 381.8 365.6 329.4 263.5 239.3 271.9 360.9 264.3 188.3 363.4 224.1 334.7 228.8 345.7 234.9 165.3 304.1 448.0 440.8 47.0 398.1 268.8 255.4 294.1 270.3 63.0 171.2 347.5 214.5 343.3 264.0 167.7 213.2 240.4 385.2 195.6 324.1 229.1 359.1 341.5 235.6 363.4 191.2 240.8 249.3 379.2 311.3 275.4 373.3 175.8 290.8 266.0 368.3 114.2 213.4 184.8 97.8 311.7 205.1 504.6 215.9 296.0 398.7 289.7 236.6 418.7 247.5 17.6 246.0 384.4 59.4 298.2 378.9 248.6 54.5 73.4 309.3 456.4 311.8 220.2 181.0
1532.8 148.5 317.3 121.5 146.1 79.9 309.1 344.8 341.5 210.5 306.1 407.4 261.7 202.3 197.5 223.6 405.9 302.6 387.8 129.8 123.8 157.0 328.6 149.6 167.0 383.6 160.8 151.1 418.6 120.6 411.6 170.3 222.0 0.0 191.9 359.9 346.4 320.3 327.0 298.7 302.2 176.7 213.9 255.6 333.7 175.4 325.6 313.8 336.6 220.7 191.2 280.9 415.4 408.2 174.9 148.1 356.5 109.5 381.8 219.9 289.3 152.5 325.1 356.0 197.4 354.1 148.9 165.0 94.5 344.3 299.7 149.3 316.8 352.0 246.3 86.0 217.5 43.1 309.0 240.2 221.9 370.7 297.8 191.2 229.3 286.9 211.3 338.6 143.2 217.3 134.4 319.9 165.8 281.7 437.6 275.3 355.4 164.2 318.7 196.7 401.3 306.9 204.3 24.3 354.7 185.7 269.8 415.1 110.6 185.1 172.0 275.4 427.3 165.9 325.2 268.7
1498.7 279.6 275.3 263.5 112.0 130.3 278.3 178.1 306.5 176.4 272.0 373.3 227.6 333.4 328.6 354.7 363.9 100.9 195.8 182.2 174.2 220.4 266.4 135.3 94.7 364.0 60.4 84.1 384.5 82.3 378.6 83.5 137.8 131.0 0.0 325.8 312.3 286.2 292.9 106.7 260.2 265.4 179.8 55.7 299.6 139.6 291.5 279.7 302.5 166.7 157.1 238.9 381.3 328.3 90.7 302.6 189.8 159.9 199.8 185.8 200.9 118.4 291.0 321.9 247.8 185.0 106.9 139.2 144.9 310.2 265.6 228.6 150.1 317.9 212.2 140.1 267.9 95.7 117.6 206.1 283.7 178.7 263.7 277.8 195.2 252.8 181.5 304.5 26.7 183.2 100.3 235.7 216.2 89.7 403.5 83.3 163.4 303.2 278.0 154.7 352.7 114.9 120.1 150.5 320.6 100.3 235.7 272.7 153.1 119.2 64.3 233.4 382.2 216.3 291.1 123.6
1377.0 489.5 107.4 473.4 290.9 340.2 116.5 496.4 81.1 268.5 53.7 106.3 207.5 543.3 538.5 564.6 81.1 444.5 539.4 392.1 384.1 430.3 147.7 308.6 310.7 81.2 312.4 302.7 101.7 261.2 95.8 321.9 349.6 340.9 343.5 0.0 13.4 81.7 171.8 450.3 127.4 475.3 279.9 399.3 59.0 239.7 56.2 158.6 26.3 190.2 301.9 103.1 113.8 106.6 326.5 512.5 508.1 369.8 533.4 285.9 286.7 267.9 34.7 200.7 457.7 503.3 256.4 257.9 354.8 86.5 190.8 438.5 468.4 60.4 330.9 350.0 477.8 305.6 461.2 135.7 493.6 522.3 96.2 487.7 269.0 165.4 281.6 54.1 294.8 322.8 206.3 253.3 426.1 433.3 124.0 426.9 507.0 513.1 111.6 273.4 85.4 458.5 355.9 360.4 53.7 337.3 354.4 558.8 363.0 329.9 323.6 97.6 99.4 426.2 170.0 420.3
1360.8 473.3 93.9 457.2 274.7 324.0 103.0 480.2 67.6 273.6 40.2 119.8 211.3 527.1 522.3 548.4 83.5 428.3 523.2 375.9 367.9 414.1 134.2 292.4 294.5 94.7 296.2 286.5 115.2 245.0 109.3 305.7 336.1 324.7 327.3 13.4 0.0 74.7 158.3 434.1 113.9 459.1 283.7 383.1 42.8 243.5 42.7 145.1 30.1 174.0 285.7 89.6 97.6 68.8 310.3 496.3 491.9 353.6 517.2 289.7 273.2 251.7 21.2 187.2 441.5 487.1 240.2 241.7 338.6 73.0 199.1 422.3 452.2 46.9 314.7 333.8 461.6 289.4 445.0 139.5 477.4 506.1 82.7 471.5 255.5 151.9 285.4 37.9 278.6 306.6 190.1 239.8 409.9 417.1 137.5 410.7 490.8 496.9 98.1 257.2 69.2 442.3 339.7 344.2 67.2 321.1 338.2 542.6 346.8 313.7 307.4 84.1 112.9 410.0 156.5 404.1
1408.1 449.4 88.8 433.3 250.8 300.1 76.1 456.3 60.2 216.0 80.3 154.9 155.0 503.2 498.4 524.5 130.8 404.4 499.3 352.0 344.0 390.2 107.3 268.5 270.6 147.8 272.3 262.6 168.3 221.1 159.6 281.8 301.2 300.8 303.4 78.7 62.5 0.0 123.4 410.2 61.0 435.2 227.4 359.2 90.1 187.2 43.2 110.2 42.6 139.1 261.8 125.0 144.9 137.7 286.4 472.4 468.0 329.7 493.3 233.4 238.3 227.8 75.4 152.3 417.6 463.2 216.3 217.8 314.7 95.1 138.3 398.4 428.3 69.0 290.8 309.9 437.7 265.5 421.1 83.2 453.5 482.2 73.8 447.6 203.0 99.0 229.1 85.2 254.7 282.7 166.2 204.9 386.0 393.2 188.1 386.8 466.9 473.0 41.3 233.3 116.5 418.4 318.9 320.3 102.2 297.2 314.3 518.7 322.9 289.8 283.5 124.2 160.6 386.1 121.6 380.2
1480.5 459.4 124.8 443.3 260.8 310.1 116.7 466.3 144.9 179.7 149.4 258.0 165.0 513.2 508.4 534.5 253.9 414.4 509.3 362.0 354.0 400.2 147.9 278.5 280.6 245.6 282.3 272.6 266.1 231.1 260.2 291.8 242.2 310.8 313.4 203.2 173.0 136.8 0.0 420.2 92.8 445.2 237.4 369.2 184.3 197.2 156.9 51.2 153.1 149.1 271.8 162.1 255.4 248.2 289.3 482.4 478.0 339.7 503.3 243.4 179.3 237.8 168.4 93.3 427.6 473.2 226.3 227.8 324.7 206.1 148.3 408.4 438.3 180.0 300.8 319.9 447.7 275.5 431.1 93.2 463.5 492.2 96.3 457.6 161.6 130.8 239.1 189.2 264.7 232.8 176.2 145.9 396.0 403.2 288.2 396.8 476.9 483.0 110.6 243.3 239.6 428.4 259.9 330.3 205.3 301.7 324.3 528.7 332.9 296.8 293.5 165.8 263.8 396.1 62.6 390.2
1615.8 396.7 392.4 380.6 229.1 247.4 395.4 71.3 423.6 293.5 389.1 490.4 344.7 450.5 445.7 471.8 481.0 73.1 88.4 299.3 291.3 337.5 383.5 251.0 211.8 481.1 177.5 158.2 501.6 199.4 495.7 200.6 246.9 248.1 117.0 442.9 429.4 403.3 410.0 0.0 377.3 382.5 296.9 61.2 416.7 256.7 408.6 396.8 419.6 283.8 274.2 356.0 498.4 447.1 199.8 419.7 83.0 277.0 92.4 302.9 310.0 235.5 408.1 439.0 364.9 78.2 224.0 256.3 262.0 427.3 382.7 345.7 43.3 435.0 329.3 257.2 385.0 212.8 10.8 323.2 400.8 71.3 380.8 394.9 312.3 369.9 298.6 421.6 143.8 300.3 217.4 344.8 333.3 81.9 520.6 33.6 56.0 420.3 395.1 271.8 469.8 7.5 229.2 267.6 437.7 217.4 352.8 165.3 270.2 236.3 173.4 350.5 499.3 333.4 408.2 118.2
1406.5 426.6 50.8 399.6 228.0 277.3 37.6 433.5 68.1 180.3 75.4 184.0 132.2 480.4 475.6 501.7 176.8 381.6 476.5 329.2 321.2 367.4 98.2 245.7 247.8 160.2 249.5 239.8 195.2 198.3 188.2 259.0 261.0 285.9 280.6 129.2 115.7 60.9 83.2 387.4 0.0 412.4 204.6 336.4 110.3 164.4 66.2 70.0 103.6 164.9 239.0 69.2 205.9 142.9 263.6 449.6 445.2 306.9 470.5 210.6 194.3 205.0 94.4 112.1 394.8 442.8 193.5 195.0 291.9 118.1 97.5 375.6 405.5 92.0 268.0 283.4 414.9 242.7 397.7 60.4 430.7 459.4 22.3 424.8 162.2 37.9 202.0 115.2 231.9 259.9 143.4 164.7 363.2 370.4 214.2 364.0 444.1 450.2 17.3 210.5 165.6 395.6 278.7 297.5 131.3 274.4 291.5 495.9 300.1 267.0 260.7 74.4 192.9 363.3 81.4 357.4
1555.2 150.0 444.6 85.4 281.3 165.5 447.6 480.0 475.8 345.7 441.3 542.6 396.9 175.5 101.0 130.4 533.2 428.1 523.0 83.1 91.1 90.0 435.7 292.2 294.3 533.3 296.0 286.3 553.8 251.6 547.9 305.5 357.2 166.3 327.1 495.1 481.6 455.5 462.2 433.9 429.5 0.0 349.1 382.9 468.9 308.9 460.8 449.0 471.8 336.0 326.4 408.2 550.6 543.4 310.1 55.4 491.7 129.6 517.0 355.1 420.3 287.7 460.3 491.2 27.5 486.9 276.2 308.5 130.4 479.5 434.9 82.3 452.0 487.2 381.5 135.2 60.9 201.6 444.8 375.4 45.1 505.9 433.0 14.4 364.5 422.1 350.8 473.8 278.4 352.5 269.6 455.1 112.6 416.9 572.8 410.5 490.6 145.3 447.3 324.0 522.0 442.1 339.5 146.8 489.9 320.9 405.0 542.4 136.4 320.3 307.2 402.7 551.5 59.0 460.4 403.9
1471.7 376.8 244.0 360.7 178.2 227.5 232.3 383.7 260.3 239.3 268.6 346.3 183.4 430.6 425.8 451.9 336.9 331.8 426.7 279.4 271.4 317.6 218.2 195.9 198.0 337.0 199.7 190.0 357.5 148.5 351.6 209.2 260.7 228.2 230.8 290.4 274.2 238.0 244.7 337.6 212.0 362.6 0.0 286.6 272.6 90.2 243.3 231.5 254.3 147.5 189.2 217.9 354.3 301.3 213.8 399.8 395.4 257.1 420.7 61.8 284.0 155.2 275.5 273.6 345.0 390.6 143.7 145.2 242.1 283.2 232.1 325.8 355.7 269.1 218.2 237.3 365.1 192.9 348.5 157.9 380.9 409.6 215.5 375.0 258.1 204.6 57.5 277.5 182.1 210.1 93.6 250.6 313.4 320.6 376.5 314.2 394.3 400.4 229.8 160.7 325.7 345.8 243.2 247.7 293.6 224.6 241.7 446.1 250.3 217.2 210.9 223.1 355.2 313.5 242.9 307.6
1554.5 335.4 331.1 308.4 167.8 186.1 334.1 122.3 362.3 232.2 327.8 429.1 283.4 389.2 384.4 410.5 419.7 66.3 140.0 236.0 230.0 276.2 322.2 189.7 150.5 419.8 116.2 114.4 440.3 144.2 433.3 139.3 193.6 194.7 55.7 381.6 368.1 342.0 348.7 50.9 316.0 321.2 235.6 0.0 355.4 195.4 347.3 335.5 358.3 218.5 212.9 294.7 437.1 384.1 146.5 358.4 134.0 215.7 144.0 241.6 256.7 174.2 346.8 377.7 303.6 131.6 162.7 186.7 200.7 366.0 321.4 284.4 94.3 373.7 268.0 192.2 323.7 151.5 61.2 261.9 339.5 122.9 319.5 333.6 251.0 308.6 233.0 360.3 82.5 239.0 156.1 291.5 272.0 33.9 459.3 27.5 107.6 359.0 332.5 210.5 408.5 59.1 175.9 211.1 376.4 156.1 291.5 216.9 208.9 175.0 120.1 289.2 449.0 272.1 346.9 70.2
1344.8 430.4 86.5 414.3 231.8 281.1 95.6 437.3 68.5 292.9 58.3 73.6 192.0 484.2 479.4 505.5 64.2 385.4 480.3 333.0 325.0 371.2 126.8 249.5 251.6 64.3 253.3 243.6 84.8 202.1 78.9 262.8 314.3 281.8 284.4 69.0 55.5 75.6 150.9 391.2 106.5 416.2 226.4 340.2 0.0 186.2 43.6 137.7 57.7 131.1 242.8 100.2 81.6 74.4 267.4 453.4 449.0 310.7 474.3 219.0 265.8 208.8 34.2 179.8 398.6 444.2 197.3 198.8 295.7 30.2 204.1 379.4 409.3 17.9 271.8 290.9 418.7 246.5 402.1 138.6 434.5 463.2 75.3 428.6 240.3 144.5 214.7 4.8 235.7 263.7 147.2 232.4 367.0 374.2 103.8 367.8 447.9 454.0 99.0 214.3 53.2 399.4 296.8 301.3 20.9 278.2 295.3 499.7 303.9 270.8 264.5 94.7 82.5 367.1 149.1 361.2
1430.6 335.7 202.9 308.7 137.1 186.4 187.9 342.6 218.4 229.0 227.5 305.2 142.3 389.5 384.7 410.8 297.5 300.4 385.6 236.3 230.3 276.5 205.8 147.4 156.9 281.4 160.3 148.9 316.4 111.6 309.4 168.1 219.6 195.0 189.7 249.3 233.1 196.9 203.6 296.5 170.9 321.5 69.3 245.5 231.5 0.0 202.2 190.4 213.2 116.5 148.1 176.8 313.2 261.9 172.7 335.3 354.3 216.0 379.6 75.3 239.1 114.1 234.4 232.5 303.9 353.6 104.3 126.6 201.0 242.1 191.0 284.7 314.6 228.0 207.9 192.5 324.0 153.5 306.8 116.8 339.8 368.5 174.4 333.9 247.8 163.5 66.7 236.4 141.0 198.1 52.5 209.5 272.3 279.5 335.4 273.1 353.2 361.0 187.4 148.7 299.1 304.7 202.1 211.4 252.5 183.5 231.4 405.0 209.2 176.1 169.8 182.0 325.1 272.4 201.8 266.5
1391.6 470.0 45.5 453.9 271.4 320.7 63.7 476.9 16.9 243.2 37.0 132.9 169.0 523.8 519.0 545.1 122.8 425.0 519.9 372.6 364.6 410.8 94.9 289.1 291.2 123.6 292.9 283.2 144.1 241.7 151.6 302.4 305.7 321.4 324.0 66.9 53.4 31.9 127.9 430.8 75.0 455.8 241.4 379.8 59.2 201.2 0.0 114.7 43.6 170.7 282.4 86.4 142.7 84.1 307.0 493.0 488.6 350.3 513.9 247.4 242.8 248.4 32.1 156.8 438.2 483.8 236.9 238.4 335.3 51.8 152.3 419.0 448.9 25.7 311.4 330.5 458.3 286.1 441.7 97.2 474.1 502.8 52.3 468.2 225.1 113.0 243.1 64.1 275.3 303.3 186.8 209.4 406.6 413.8 163.1 407.4 487.5 493.6 55.3 253.9 108.5 439.0 323.4 340.9 80.2 317.8 334.9 539.3 343.5 310.4 304.1 80.9 141.8 406.7 126.1 400.8
1466.4 445.3 110.7 429.2 246.7 296.0 102.6 452.2 130.8 144.1 135.3 243.9 150.9 499.1 494.3 520.4 239.8 400.3 495.2 347.9 339.9 386.1 133.8 264.4 266.5 231.5 268.2 258.5 252.0 217.0 246.1 277.7 206.6 296.7 299.3 189.1 158.9 122.7 70.3 406.1 78.7 431.1 223.3 355.1 170.2 183.1 142.8 0.0 139.0 135.0 257.7 148.0 241.3 201.1 253.7 468.3 463.9 325.6 489.2 229.3 143.7 223.7 154.3 57.7 413.5 459.1 212.2 213.7 310.6 192.0 134.2 394.3 424.2 165.9 286.7 305.8 433.6 261.4 417.0 79.1 449.4 478.1 82.2 443.5 126.0 116.7 225.0 175.1 250.6 197.2 162.1 110.3 381.9 389.1 274.1 382.7 462.8 468.9 96.5 229.2 225.5 414.3 224.3 316.2 191.2 266.1 310.2 514.6 318.8 261.2 279.4 151.7 249.7 382.0 27.0 376.1
1365.4 477.9 109.5 461.8 279.3 328.6 107.0 484.8 80.9 242.1 60.1 112.2 181.1 531.7 526.9 553.0 88.1 432.9 527.8 380.5 372.5 418.7 138.2 297.0 299.1 117.2 300.8 291.1 137.7 249.6 116.9 310.3 317.4 329.3 331.9 36.0 19.8 55.3 139.6 438.7 116.4 463.7 253.5 387.7 47.4 213.3 62.6 126.4 0.0 178.6 290.3 109.5 102.2 73.4 314.9 500.9 496.5 358.2 521.8 259.5 254.5 256.3 41.1 168.5 446.1 491.7 244.8 246.3 343.2 77.7 164.4 426.9 456.8 65.4 319.3 338.4 466.2 294.0 449.6 109.3 482.0 510.7 102.6 476.1 229.1 154.4 255.2 42.5 283.2 311.2 194.7 221.1 414.5 421.7 145.4 415.3 495.4 501.5 96.7 261.8 73.8 446.9 344.3 348.8 59.5 325.7 342.8 547.2 351.4 318.3 312.0 104.0 117.9 414.6 137.8 408.7
1396.9 341.8 129.4 314.8 152.2 192.5 110.4 348.7 140.9 121.8 150.0 253.3 60.8 395.6 390.8 416.9 220.8 306.5 391.7 242.4 236.4 282.6 128.3 153.5 163.0 213.7 191.4 155.0 248.7 117.7 242.8 174.2 224.3 201.1 195.8 171.8 155.6 119.4 126.1 302.6 97.4 327.6 127.2 251.6 183.2 143.3 124.7 112.9 135.7 0.0 154.2 91.6 238.0 198.8 178.8 341.4 355.3 222.1 385.7 112.4 157.6 120.2 156.9 155.1 310.0 352.9 135.4 101.9 207.1 176.6 98.8 290.8 320.7 142.8 183.2 198.6 330.1 152.8 312.9 39.3 345.9 374.6 96.9 340.0 109.1 86.0 103.8 170.6 147.1 184.1 58.6 128.0 273.3 285.6 271.0 279.2 359.3 360.3 102.2 120.6 231.4 305.7 208.2 217.5 200.7 189.6 206.7 411.1 224.3 182.2 175.9 96.8 257.4 278.5 124.3 272.6
1513.2 334.5 291.2 318.4 44.9 185.2 279.5 341.4 307.5 85.2 315.8 387.8 176.6 388.3 383.5 409.6 378.4 289.5 384.4 237.1 229.1 275.3 265.4 78.0 104.6 378.5 149.2 147.7 399.0 76.2 393.1 115.8 135.4 185.9 188.5 337.6 321.4 285.2 269.8 295.3 259.2 320.3 194.3 244.3 314.1 154.1 290.5 235.1 301.5 190.7 0.0 265.1 395.8 388.6 164.4 357.5 353.1 214.8 378.4 200.3 198.5 52.7 322.7 220.8 302.7 348.3 49.2 79.7 199.8 324.7 174.6 283.5 313.4 316.3 208.0 195.0 322.8 150.6 306.2 205.1 338.6 367.3 262.7 332.7 104.0 251.8 196.0 319.0 139.8 108.4 114.8 233.3 271.1 278.3 418.0 271.9 352.0 358.1 277.0 103.1 367.2 303.5 135.0 205.4 335.1 131.2 184.1 403.8 208.0 91.9 168.6 270.3 396.7 271.2 226.5 265.3
1360.3 398.9 36.3 371.9 200.3 249.6 40.2 405.8 64.7 192.2 62.0 158.4 144.1 452.7 447.9 474.0 131.0 353.9 448.8 299.5 293.5 339.7 45.2 210.6 220.1 149.1 221.8 212.1 169.6 176.7 169.2 231.3 282.8 250.3 252.9 115.8 102.3 112.7 143.0 359.7 59.7 384.7 216.5 308.7 84.7 176.3 91.6 129.8 132.5 107.3 211.3 0.0 166.2 97.1 235.9 421.9 417.5 279.2 442.8 187.5 226.4 177.3 81.0 171.9 367.1 415.1 165.8 159.0 264.2 106.2 109.4 347.9 377.8 92.6 240.3 259.4 387.2 215.0 370.6 72.3 403.0 431.7 69.1 397.1 174.1 67.8 178.9 89.6 204.2 232.2 115.7 193.0 335.5 342.7 188.6 336.3 416.4 422.5 77.1 182.8 151.5 367.9 265.3 274.6 105.7 246.7 263.8 468.2 272.4 239.3 233.0 5.1 178.3 335.6 141.2 329.7
1313.2 517.7 167.6 501.6 319.1 368.4 176.7 524.6 159.1 380.2 137.3 89.8 279.3 571.5 566.7 592.8 63.1 472.7 567.6 420.3 412.3 458.5 207.9 336.8 338.9 42.9 340.6 330.9 38.8 289.4 79.3 350.1 401.6 369.1 371.7 93.2 97.0 147.3 231.6 478.5 187.6 503.5 313.7 427.5 81.0 273.5 134.2 218.4 91.9 218.4 330.1 186.7 0.0 68.4 354.7 540.7 536.3 398.0 561.6 306.3 346.5 296.1 118.3 260.5 485.9 531.5 284.6 286.1 383.0 84.3 256.4 466.7 496.6 108.5 359.1 378.2 506.0 333.8 489.4 201.3 521.8 550.5 156.4 515.9 327.6 225.6 302.0 76.1 323.0 351.0 234.5 313.1 454.3 461.5 43.1 455.1 535.2 541.3 188.7 301.6 48.8 486.7 384.1 388.6 73.1 365.5 382.6 587.0 391.2 358.1 351.8 181.2 15.7 454.4 229.8 448.5
1304.2 480.2 162.8 451.5 279.9 330.9 129.0 515.6 133.4 341.0 87.2 76.2 240.1 562.5 557.7 583.8 33.8 433.5 558.6 382.8 373.1 449.5 158.5 291.9 329.9 54.6 331.6 321.9 61.9 256.1 65.7 310.9 360.4 329.9 362.7 104.2 108.0 103.7 238.2 469.5 139.9 494.5 304.7 418.5 45.7 236.0 71.7 225.0 102.9 176.9 290.9 131.9 69.0 0.0 345.7 531.7 527.3 358.8 552.6 267.1 293.7 256.9 64.0 267.1 448.4 524.9 275.6 243.0 343.8 21.8 261.7 457.7 487.6 46.0 321.6 335.3 466.8 324.8 451.9 169.0 512.8 513.0 162.6 506.9 279.8 177.9 258.5 50.6 314.0 311.8 225.5 264.1 415.1 452.5 66.2 417.6 496.0 502.1 130.0 292.6 22.6 447.5 344.9 384.4 64.9 356.5 373.6 547.8 352.0 320.6 312.6 128.1 38.7 416.9 236.4 439.5
1583.7 364.6 351.0 348.5 134.8 215.3 342.9 210.0 371.1 199.2 357.0 458.3 244.7 418.4 413.6 439.7 448.9 172.2 281.3 267.2 259.2 305.4 351.4 91.7 52.2 449.0 55.8 57.0 469.5 125.6 463.6 41.0 47.0 216.0 85.4 410.8 397.3 371.2 310.6 192.2 319.0 350.4 264.8 141.2 384.6 224.6 376.5 275.9 387.5 282.0 174.3 323.9 466.3 459.1 0.0 387.6 221.7 244.9 247.0 270.8 110.1 180.2 376.0 261.6 332.8 216.9 176.7 222.2 229.9 395.2 242.7 313.6 182.0 402.9 350.5 225.1 352.9 180.7 193.7 291.1 368.7 264.2 322.5 362.8 218.0 337.8 266.5 389.5 67.1 222.4 185.3 144.9 301.2 158.0 488.5 168.8 248.9 388.2 336.8 245.6 437.7 200.4 29.3 235.5 405.6 24.0 307.2 331.8 238.1 63.5 26.3 318.4 467.2 301.3 267.3 133.9
1499.7 94.5 490.6 68.1 303.9 197.6 490.3 526.0 522.7 391.7 487.3 588.6 442.9 120.0 45.5 74.9 555.8 483.8 569.0 140.6 146.6 104.2 509.8 330.8 340.3 564.8 318.6 332.3 599.8 301.8 592.8 351.5 403.2 173.2 373.1 541.1 527.6 501.5 508.2 479.9 475.5 55.4 395.1 428.9 514.9 356.6 506.8 495.0 517.8 401.9 372.4 430.8 596.6 521.9 356.1 0.0 514.3 185.1 539.6 401.1 470.5 333.7 506.3 537.2 83.0 511.9 322.2 346.2 185.9 525.5 480.9 96.5 498.0 533.2 427.5 194.4 116.4 216.4 490.2 421.4 100.6 551.9 479.0 69.9 410.5 468.1 392.5 496.4 324.4 398.5 315.6 501.1 168.1 462.9 618.8 456.5 536.6 89.8 468.6 370.0 582.5 488.1 385.5 156.8 512.5 366.9 451.0 588.4 168.5 366.3 353.2 448.7 608.5 114.5 506.4 449.9
1674.8 455.7 451.4 428.7 288.1 306.4 451.1 51.6 482.6 352.5 448.1 549.4 403.7 509.5 504.7 530.8 540.0 136.3 92.6 356.3 350.3 396.5 470.6 261.4 275.0 525.6 240.7 184.9 560.6 258.4 553.6 263.8 273.6 307.1 180.2 501.9 488.4 462.3 469.0 63.1 436.3 441.5 355.9 124.4 475.7 315.7 467.6 455.8 478.6 362.7 333.2 415.0 557.4 550.2 226.5 455.3 0.0 336.0 25.2 361.9 336.7 294.5 467.1 488.2 423.9 60.9 283.0 307.0 321.0 486.3 441.7 404.7 28.7 494.0 388.3 312.5 444.0 271.8 51.7 382.2 459.8 75.5 439.8 453.9 371.3 428.9 353.3 480.6 207.0 359.3 276.4 371.5 392.3 145.1 579.6 96.8 79.7 479.3 452.8 330.8 528.8 70.7 255.9 326.6 496.7 250.6 411.8 169.5 329.2 290.1 200.1 409.5 558.3 392.4 467.2 166.9
1552.5 218.8 329.1 132.8 165.8 35.8 332.1 364.5 360.3 230.2 325.8 427.1 281.4 272.6 212.1 241.5 417.7 312.6 407.5 46.4 38.4 84.6 320.2 176.7 178.8 417.8 180.5 170.8 438.3 136.1 432.4 190.0 241.7 130.3 211.6 379.6 366.1 340.0 346.7 318.4 314.0 129.6 233.6 267.4 353.4 193.4 345.3 333.5 356.3 220.5 210.9 292.7 435.1 427.9 194.6 185.1 376.2 0.0 401.5 239.6 304.8 172.2 344.8 375.7 112.0 371.4 160.7 193.0 33.2 364.0 319.4 92.8 336.5 371.7 266.0 38.0 122.8 95.0 329.3 259.9 138.6 390.4 317.5 142.0 249.0 306.6 235.3 358.3 162.9 237.0 154.1 339.6 71.1 301.4 457.3 295.0 375.1 242.4 331.8 208.5 406.5 326.6 224.0 149.8 374.4 205.4 289.5 426.9 6.7 204.8 191.7 287.2 436.0 80.5 344.9 288.4
1694.4 475.3 471.0 448.3 307.7 326.0 474.0 71.2 499.4 372.1 467.7 569.0 423.3 529.1 524.3 550.4 559.6 177.1 67.3 377.9 369.9 416.1 490.2 288.4 294.6 545.2 260.3 204.5 580.2 282.2 573.2 283.4 293.2 334.6 199.8 521.5 508.0 481.9 488.6 82.7 455.9 461.1 375.5 144.0 495.3 337.0 487.2 475.4 498.2 362.4 352.8 434.6 577.0 524.0 246.1 474.9 19.5 355.6 0.0 381.5 360.5 314.1 486.7 507.8 443.5 80.5 302.6 326.6 340.6 505.9 461.3 424.3 48.3 513.6 407.9 332.1 463.6 291.4 72.0 401.8 479.4 50.2 459.4 473.5 390.9 448.5 377.2 500.2 226.6 378.9 296.0 391.1 411.9 164.7 599.2 116.4 54.4 498.9 472.4 350.4 562.9 90.3 275.5 346.2 516.3 270.2 431.4 144.2 348.8 309.7 219.7 429.1 577.9 412.0 486.8 186.5
1476.9 382.0 249.2 355.0 183.4 232.7 234.2 388.9 264.7 244.5 273.8 351.5 162.9 435.8 439.3 468.7 342.1 337.0 431.9 282.6 276.6 322.8 252.1 201.1 203.2 342.2 204.9 195.2 362.7 153.7 355.7 214.4 265.9 233.4 236.0 295.6 279.4 243.2 249.9 342.8 217.2 367.8 81.0 291.8 277.8 97.1 248.5 236.7 259.5 162.8 194.4 223.1 359.5 352.3 219.0 381.6 400.6 262.3 425.9 0.0 259.7 160.4 280.7 257.2 350.2 398.2 148.9 146.5 247.3 288.4 200.9 331.0 360.9 274.3 223.4 242.5 370.3 198.1 353.7 163.1 386.1 414.8 220.7 380.2 211.2 209.8 8.5 282.7 187.3 215.3 98.8 230.1 318.6 325.8 381.7 319.4 399.5 405.6 233.7 165.9 345.4 351.0 248.4 257.7 298.8 229.8 246.9 451.3 255.5 222.4 216.1 228.3 360.4 318.7 248.1 312.8
1568.8 438.0 240.8 411.0 188.7 288.7 227.6 320.0 261.8 130.8 265.4 374.0 134.5 491.8 487.0 513.1 366.8 290.5 391.3 338.6 332.6 378.8 270.0 151.7 154.3 360.6 154.1 167.0 395.6 174.3 378.2 139.3 62.8 297.3 195.4 318.7 302.5 266.3 200.4 302.2 208.8 423.8 274.1 251.2 300.3 235.6 271.6 165.7 282.6 181.9 228.2 241.0 384.9 327.0 109.9 437.6 331.7 318.3 360.8 280.1 0.0 223.1 284.4 151.4 406.2 329.3 232.2 236.2 303.3 322.1 132.5 387.0 292.0 291.8 337.5 294.8 426.3 257.9 304.4 186.2 442.1 374.2 212.3 436.2 112.7 227.7 271.5 305.2 177.1 179.7 212.9 34.7 378.4 268.0 417.9 278.8 358.9 465.4 225.3 224.0 378.3 310.4 80.5 313.7 321.3 122.3 268.7 441.8 315.3 117.4 136.3 242.0 404.3 374.7 157.1 243.9
1477.2 298.5 294.4 282.4 48.8 149.2 282.7 305.4 310.7 88.4 250.5 351.8 179.8 352.3 347.5 373.6 342.4 253.5 348.4 201.1 193.1 239.3 268.6 81.9 108.5 342.5 121.4 111.7 363.0 70.2 357.1 119.7 139.3 149.9 152.5 340.8 324.6 288.4 273.0 259.3 262.4 284.3 158.3 208.3 278.1 118.1 293.7 238.3 304.7 193.9 30.7 217.4 359.8 352.6 135.5 321.5 317.1 178.8 342.4 164.3 202.4 0.0 269.5 224.0 266.7 312.3 13.2 51.0 163.8 288.7 177.8 247.5 277.4 296.4 179.3 159.0 286.8 114.6 270.2 208.3 302.6 331.3 265.9 296.7 107.2 255.0 160.0 283.0 103.8 64.7 78.8 237.2 235.1 242.3 382.0 235.9 316.0 322.1 280.2 74.4 331.2 267.5 138.9 169.4 299.1 135.1 149.5 367.8 172.0 95.8 132.6 211.9 360.7 235.2 229.7 229.3
1382.1 458.3 72.6 442.2 259.7 309.0 81.7 465.2 46.3 252.3 18.9 141.1 190.5 512.1 507.3 533.4 104.8 413.3 508.2 360.9 352.9 399.1 112.9 277.4 279.5 116.0 281.2 271.5 136.5 230.0 130.6 290.7 314.8 309.7 312.3 34.7 21.2 53.4 137.0 419.1 92.6 444.1 262.9 368.1 64.1 222.7 21.4 123.8 51.4 159.0 270.7 68.3 118.9 84.0 295.3 481.3 476.9 338.6 502.2 268.9 251.9 236.7 0.0 165.9 426.5 472.1 225.2 226.7 323.6 51.7 177.8 407.3 437.2 25.6 299.7 318.8 446.6 274.4 430.0 118.7 462.4 491.1 61.4 456.5 234.2 130.6 264.6 59.2 263.6 291.6 175.1 218.5 394.9 402.1 158.8 395.7 475.8 481.9 76.8 242.2 90.5 427.3 324.7 329.2 88.5 306.1 323.2 527.6 331.8 298.7 292.4 62.8 134.2 395.0 135.2 389.1
1507.7 486.6 152.0 470.5 192.7 337.3 143.9 448.7 172.1 129.0 176.6 292.8 132.7 540.4 535.6 561.7 281.1 410.9 520.0 389.2 381.2 427.4 175.1 274.3 279.2 272.8 282.8 295.7 293.3 258.3 287.4 268.0 191.5 338.0 324.1 230.4 200.2 164.0 111.6 430.9 120.0 472.4 264.6 379.9 211.5 224.4 184.1 76.9 180.3 170.0 233.7 189.3 282.6 242.4 238.6 509.6 460.4 366.9 485.7 270.6 128.6 265.0 195.6 0.0 454.8 455.6 253.5 255.0 351.9 233.3 175.5 435.6 420.7 207.2 328.0 347.1 474.9 302.7 432.4 120.4 490.7 502.9 123.5 484.8 110.9 158.0 266.3 216.4 291.9 182.1 203.4 95.2 423.2 396.7 323.0 407.5 487.6 510.2 137.8 222.2 266.8 439.1 209.2 357.5 232.5 251.0 266.9 570.5 360.1 246.1 265.0 193.0 291.0 423.3 68.3 372.6
1572.8 167.6 417.0 103.0 253.7 137.9 420.0 452.4 448.2 318.1 413.7 515.0 369.3 193.1 118.6 148.0 505.6 400.5 495.4 55.5 63.5 67.0 408.1 264.6 266.7 505.7 268.4 258.7 526.2 224.0 520.3 277.9 329.6 183.9 299.5 467.5 454.0 427.9 434.6 406.3 401.9 17.5 321.5 355.3 441.3 281.3 433.2 421.4 444.2 308.4 298.8 380.6 523.0 515.8 282.5 73.0 464.1 102.0 489.4 327.5 392.7 260.1 432.7 463.6 0.0 459.3 248.6 280.9 102.8 451.9 407.3 75.2 424.4 459.6 353.9 107.6 76.4 182.9 417.2 347.8 60.6 478.3 405.4 29.9 336.9 394.5 323.2 446.2 250.8 324.9 242.0 427.5 128.1 389.3 545.2 382.9 463.0 162.9 419.7 296.4 494.4 414.5 311.9 164.4 462.3 293.3 377.4 514.8 108.8 292.7 279.6 375.1 523.9 31.4 432.8 376.3
1683.3 464.2 459.9 448.1 296.6 314.9 459.6 9.3 488.3 361.0 456.6 557.9 412.2 518.0 513.2 539.3 548.5 144.8 103.4 364.8 358.8 405.0 451.0 269.9 283.5 548.6 249.2 193.4 569.1 266.9 562.1 272.3 282.1 323.5 188.7 510.4 496.9 470.8 477.5 71.6 444.8 450.0 364.4 132.9 484.2 324.2 476.1 464.3 487.1 359.0 341.7 423.5 565.9 514.6 235.0 463.8 51.8 344.5 77.1 370.4 345.2 303.0 475.6 496.7 432.4 0.0 291.5 323.8 329.5 494.8 450.2 413.2 37.2 502.5 396.8 321.0 452.5 280.3 60.2 390.7 468.3 93.0 448.3 462.4 379.8 437.4 361.8 489.1 215.5 367.8 284.9 380.0 400.8 153.6 588.1 105.3 108.3 487.8 461.3 339.3 551.8 79.2 264.4 339.9 505.2 259.1 420.3 112.4 337.7 298.6 208.6 418.0 577.8 400.9 475.7 175.4
1463.9 285.2 240.5 258.2 63.5 135.9 240.2 292.1 272.6 99.9 237.2 338.5 191.3 339.0 334.2 360.3 329.1 240.2 335.1 185.8 179.8 226.0 259.7 96.6 106.4 329.2 108.1 98.4 349.7 56.9 344.5 117.6 154.0 136.6 139.2 291.0 277.5 251.4 284.5 246.0 225.4 271.0 145.0 195.0 264.8 104.8 256.7 249.8 267.7 210.5 45.4 204.1 346.5 293.5 122.2 308.2 303.8 165.5 329.1 151.0 217.1 11.4 256.2 235.5 253.4 301.4 0.0 70.8 150.5 275.4 189.3 234.2 264.1 283.1 190.8 145.7 273.5 101.3 256.9 171.3 289.3 318.0 228.9 283.4 118.7 218.0 146.7 269.7 90.5 76.2 65.5 251.9 221.8 229.0 368.7 222.6 302.7 308.8 241.9 85.9 321.1 254.2 151.6 160.9 285.8 133.0 161.0 354.5 158.7 110.5 119.3 198.6 347.4 221.9 241.2 216.0
1464.4 316.5 236.6 296.0 107.5 162.8 244.0 323.4 272.2 97.9 237.7 339.0 189.3 370.3 365.5 391.6 329.6 271.5 366.4 219.1 211.1 257.3 232.1 135.6 137.7 329.7 135.0 129.7 350.2 92.1 344.3 148.9 200.4 167.9 170.5 291.5 278.0 251.9 282.5 277.3 225.9 302.3 145.5 226.3 265.3 105.3 257.2 247.8 268.2 203.4 101.1 208.5 347.0 289.6 153.5 339.5 330.7 196.8 360.4 155.4 263.5 75.7 256.7 233.5 284.7 328.3 83.4 0.0 181.8 275.9 187.3 265.5 295.4 279.2 124.3 177.0 304.8 136.5 288.2 171.8 320.6 349.3 229.4 314.7 116.7 218.5 147.2 265.8 121.8 64.8 66.0 206.4 257.0 260.3 369.2 253.9 334.0 344.0 238.0 19.3 322.3 289.4 182.9 187.4 281.9 164.3 100.3 385.8 193.9 156.9 150.6 194.7 347.9 253.2 239.2 247.3
1537.5 209.6 314.1 123.6 150.8 48.4 317.1 349.5 345.3 215.2 310.8 412.1 266.4 263.4 202.9 232.3 402.7 297.6 392.5 37.2 29.2 75.4 305.2 161.7 163.8 402.8 165.5 155.8 423.3 121.1 417.4 175.0 226.7 115.3 196.6 364.6 351.1 325.0 331.7 303.4 299.0 120.4 218.6 252.4 338.4 178.4 330.3 318.5 341.3 205.5 195.9 277.7 420.1 367.1 179.6 175.9 361.2 43.2 386.5 224.6 289.8 157.2 329.8 360.7 102.8 356.4 145.7 178.0 0.0 349.0 304.4 83.6 321.5 356.7 251.0 4.7 166.1 80.0 314.3 244.9 163.5 375.4 302.5 132.8 234.0 291.6 220.3 343.3 147.9 222.0 139.1 324.6 114.4 286.4 442.3 280.0 360.1 233.2 316.8 193.5 391.5 311.6 209.0 134.8 359.4 190.4 274.5 411.9 50.0 189.8 176.7 272.2 421.0 71.3 329.9 273.4
1358.1 454.6 103.3 438.5 256.0 305.3 113.6 461.5 74.7 317.1 65.3 97.5 216.2 508.4 503.6 529.7 70.9 409.6 504.5 357.2 349.2 395.4 144.8 273.7 275.8 88.2 277.5 267.8 108.7 226.3 99.7 287.0 338.5 306.0 308.6 75.2 61.7 81.8 183.4 415.4 124.9 440.4 291.3 364.4 23.8 251.1 49.8 170.2 91.9 155.3 267.0 114.7 90.8 33.9 291.6 477.6 473.2 334.9 498.5 243.2 298.3 233.0 40.4 212.3 422.8 468.4 221.5 223.0 319.9 0.0 202.2 403.6 433.5 24.1 296.0 315.1 442.9 270.7 426.3 147.1 458.7 487.4 107.8 452.8 264.5 162.9 238.9 28.7 259.9 287.9 171.4 264.9 391.2 398.4 127.7 392.0 472.1 478.2 105.2 238.5 56.6 423.6 321.0 325.5 44.8 302.4 319.5 523.9 328.1 295.0 288.7 109.2 106.4 391.3 181.6 385.4
1468.8 431.7 138.2 415.6 146.4 282.4 122.8 437.0 169.4 82.7 170.5 266.9 76.3 485.5 480.7 506.8 242.6 386.7 481.6 334.3 326.3 372.5 108.7 197.5 252.9 255.3 254.6 244.9 275.8 203.4 271.4 256.3 179.8 283.1 285.7 198.9 182.7 146.5 159.6 392.5 107.0 417.5 209.7 341.5 193.2 169.5 151.8 124.9 162.8 113.6 187.4 108.4 274.7 257.4 226.9 454.7 448.7 312.0 474.0 215.7 116.9 210.1 189.5 110.6 399.9 443.9 198.6 200.1 297.0 214.7 0.0 380.7 409.0 177.6 273.1 292.2 420.0 247.8 403.4 65.5 435.8 464.5 129.4 429.9 64.6 95.1 211.4 198.1 237.0 135.8 148.5 83.5 368.3 385.0 297.1 369.1 449.2 455.3 125.7 215.6 228.3 400.7 197.5 302.6 214.2 239.3 220.6 501.0 305.2 234.4 253.3 113.6 273.5 368.4 116.3 360.9
1573.4 125.9 406.3 39.9 243.0 127.2 409.3 441.7 437.5 307.4 403.0 504.3 358.6 179.7 119.2 148.6 494.9 389.8 484.7 44.8 52.8 7.7 397.4 253.9 256.0 495.0 257.7 248.0 515.5 213.3 509.6 267.2 318.9 138.8 288.8 456.8 443.3 417.2 423.9 395.6 391.2 81.3 310.8 344.6 430.6 270.6 422.5 410.7 433.5 297.7 288.1 369.9 512.3 459.3 271.8 97.0 453.4 91.3 478.7 316.8 382.0 249.4 422.0 452.9 63.7 448.6 237.9 270.2 92.1 441.2 396.6 0.0 413.7 448.9 343.2 96.9 140.2 172.2 406.5 337.1 124.4 467.6 394.7 93.7 326.2 383.8 312.5 435.5 240.1 314.2 231.3 416.8 162.5 378.6 534.5 372.2 452.3 149.5 409.0 285.7 483.7 403.8 301.2 119.3 451.6 282.6 366.7 504.1 98.1 282.0 268.9 364.4 513.2 32.2 422.1 365.6
1646.0 426.9 422.6 410.8 259.3 277.6 425.6 27.9 453.8 323.7 419.3 520.6 374.9 480.7 475.9 502.0 511.2 107.5 122.8 329.5 321.5 367.7 413.7 240.0 246.2 511.3 211.9 156.1 531.8 229.6 525.9 235.0 244.8 278.3 151.4 473.1 459.6 433.5 440.2 34.3 407.5 412.7 327.1 95.6 446.9 286.9 438.8 427.0 449.8 314.0 304.4 386.2 528.6 521.4 197.7 449.9 39.6 307.2 64.9 333.1 307.9 265.7 438.3 459.4 395.1 34.8 254.2 286.5 292.2 457.5 412.9 375.9 0.0 465.2 359.5 287.4 415.2 243.0 22.9 353.4 431.0 105.7 411.0 425.1 342.5 400.1 328.8 451.8 178.2 330.5 247.6 342.7 363.5 116.3 550.8 68.0 90.4 450.5 425.3 302.0 500.0 41.9 227.1 297.8 467.9 221.8 383.0 149.7 300.4 261.3 171.3 380.7 529.5 363.6 438.4 138.1
1364.7 443.1 78.0 416.1 244.5 293.8 91.6 450.0 49.4 305.6 40.0 106.0 204.7 496.9 492.1 518.2 92.8 398.1 493.0 343.7 337.7 383.9 134.9 262.2 264.3 96.7 266.0 256.3 117.2 219.0 110.2 275.5 327.0 294.5 297.1 49.9 36.4 56.5 158.1 403.9 99.6 428.9 266.0 352.9 32.3 225.8 24.5 144.9 66.6 163.7 255.5 89.4 115.8 57.2 280.1 466.1 461.7 323.4 487.0 231.7 269.2 221.5 15.1 187.0 411.3 459.3 210.0 203.2 308.4 24.9 176.9 392.1 422.0 0.0 284.5 299.9 431.4 259.2 414.8 121.8 447.2 475.9 82.5 441.3 253.0 137.6 227.4 37.2 248.4 276.4 159.9 239.6 379.7 386.9 136.2 380.5 460.6 466.7 81.1 227.0 81.6 412.1 309.5 314.0 53.3 290.9 308.0 512.4 316.6 283.5 277.2 83.9 114.9 379.8 156.3 373.9
1528.4 380.5 305.0 364.4 181.9 231.2 308.0 387.4 336.2 189.4 301.7 403.0 280.8 434.3 429.5 455.6 393.6 335.5 430.4 283.1 275.1 321.3 296.1 199.6 201.7 393.7 203.4 193.7 414.2 152.2 408.3 212.9 264.4 231.9 234.5 355.5 342.0 315.9 374.0 341.3 289.9 366.3 209.5 290.3 329.3 169.3 321.2 339.3 332.2 196.4 192.6 268.6 411.0 358.0 217.5 403.5 399.1 260.8 424.4 215.5 327.5 158.9 320.7 325.0 348.7 394.3 147.4 95.3 245.8 339.9 278.8 329.5 359.4 347.6 0.0 241.0 368.8 196.6 352.2 235.8 384.6 413.3 293.4 378.7 208.2 282.5 211.2 334.2 185.8 160.2 130.0 297.9 317.1 324.3 433.2 317.9 398.0 404.1 307.7 110.8 382.4 349.5 246.9 251.4 350.3 228.3 191.8 449.8 254.0 220.9 214.6 263.1 411.9 317.2 330.7 311.3
1532.7 214.4 309.3 117.5 146.0 39.9 309.0 344.7 337.7 210.4 306.0 407.3 261.6 268.2 207.7 237.1 394.2 302.5 387.7 40.0 34.0 80.2 328.5 149.5 155.3 383.5 160.7 151.0 418.5 120.5 411.5 170.2 221.9 118.4 191.8 359.8 346.3 320.2 326.9 298.6 290.5 125.2 213.8 243.9 333.6 175.3 325.5 313.7 336.5 220.6 191.1 272.9 415.3 404.4 174.8 157.3 352.7 48.0 378.0 216.1 289.2 152.4 325.0 355.9 107.6 354.0 137.2 164.9 4.7 344.2 299.6 88.4 316.7 348.2 246.2 0.0 170.9 75.2 308.9 240.1 168.3 370.6 297.7 137.6 229.2 286.8 211.2 338.5 143.1 217.2 134.3 319.8 122.9 281.6 437.5 275.2 355.3 241.7 307.0 185.0 401.2 303.1 204.2 134.8 354.6 185.6 269.7 403.4 58.5 185.0 171.9 267.4 427.2 76.1 325.1 268.6
1659.4 211.0 436.0 146.4 272.7 142.7 439.0 471.4 467.2 337.1 432.7 534.0 388.3 236.5 162.0 191.4 524.6 419.5 514.4 122.0 130.0 133.5 427.1 283.6 285.7 524.7 287.4 277.7 545.2 243.0 539.3 296.9 348.6 227.3 318.5 486.5 473.0 446.9 453.6 425.3 420.9 60.9 340.5 374.3 460.3 300.3 452.2 440.4 463.2 327.4 317.8 399.6 542.0 489.0 301.5 116.4 483.1 141.7 508.4 346.5 411.7 279.1 451.7 482.6 66.4 478.3 267.6 299.9 169.3 470.9 426.3 141.7 443.4 478.6 372.9 174.1 0.0 201.9 436.2 366.8 15.8 497.3 424.4 46.5 355.9 413.5 342.2 465.2 269.8 343.9 261.0 446.5 51.6 408.3 564.2 401.9 482.0 206.3 438.7 315.4 513.4 433.5 330.9 207.8 481.3 312.3 396.4 533.8 134.9 311.7 298.6 394.1 542.9 97.9 451.8 395.3
1497.5 183.8 274.1 156.8 110.8 44.6 273.8 309.5 305.3 175.2 270.8 372.1 226.4 237.6 232.8 258.9 362.7 257.6 352.5 96.5 88.5 134.7 265.2 121.7 123.8 362.8 125.5 115.8 383.3 81.1 376.3 135.0 186.7 43.1 156.6 324.6 311.1 285.0 291.7 263.4 259.0 179.7 178.6 212.4 298.4 138.4 290.3 278.5 301.3 161.5 155.9 237.7 380.1 327.1 139.6 206.8 321.2 74.2 346.5 184.6 249.8 117.2 289.8 320.7 162.1 318.8 105.7 129.7 59.2 309.0 264.4 142.9 281.5 316.7 211.0 50.7 182.2 0.0 273.7 204.9 198.0 335.4 262.5 192.1 194.0 251.6 176.0 303.3 107.9 182.0 99.1 284.6 130.5 246.4 402.3 240.0 320.1 207.4 275.5 153.5 354.7 271.6 169.0 59.5 319.4 150.4 234.5 371.9 67.4 149.8 136.7 232.2 392.0 130.6 289.9 233.4
1627.2 408.1 403.8 381.1 240.5 258.8 406.8 60.4 435.9 304.9 400.5 501.8 356.1 461.9 457.1 483.2 491.7 105.7 99.8 308.7 302.7 348.9 423.0 255.0 222.5 478.0 188.2 147.3 513.0 215.0 507.1 212.0 236.0 267.4 128.4 454.3 440.8 414.7 421.4 11.4 388.0 393.9 308.3 72.6 428.1 269.8 420.0 408.2 431.0 315.1 285.6 366.7 509.8 456.8 188.9 407.7 72.1 288.4 97.4 313.6 303.3 246.9 419.5 450.4 376.3 69.7 234.7 259.4 273.4 438.7 394.1 357.1 32.4 445.7 340.7 264.9 396.4 224.2 0.0 334.6 412.2 82.7 392.2 406.3 323.7 381.3 305.7 432.3 155.2 311.0 228.8 333.9 344.7 93.3 532.0 45.0 67.4 431.0 404.5 282.5 495.7 18.9 218.3 283.8 448.4 213.0 364.2 176.7 280.9 247.7 162.5 361.9 521.7 344.8 419.6 129.3
1420.3 366.1 86.0 350.0 167.5 216.8 74.3 373.0 102.3 132.7 110.6 213.9 71.7 419.9 415.1 441.2 184.5 321.1 416.0 268.7 260.7 306.9 60.2 185.2 187.3 188.8 189.0 179.3 209.3 137.8 203.4 198.5 235.2 217.5 220.1 132.4 116.2 80.0 86.7 326.9 54.0 351.9 144.1 275.9 143.8 103.9 85.3 73.5 96.3 55.8 178.5 59.9 198.6 191.4 203.1 389.1 384.7 246.4 410.0 150.1 172.3 144.5 117.5 115.6 334.3 379.9 133.0 134.5 231.4 137.2 74.1 315.1 345.0 111.1 207.5 226.6 354.4 182.2 337.8 0.0 370.2 398.9 57.5 364.3 120.0 46.6 145.8 138.9 171.4 199.4 82.9 138.9 302.7 309.9 231.6 303.5 383.6 389.7 71.8 150.0 170.2 335.1 232.5 237.0 161.3 213.9 231.0 435.4 239.6 206.5 200.2 65.1 207.0 302.8 84.9 296.9
1600.4 195.2 451.8 130.6 288.5 158.5 454.8 487.2 483.0 352.9 448.5 549.8 404.1 220.7 146.2 175.6 540.4 435.3 530.2 106.2 114.2 117.7 442.9 299.4 301.5 540.5 303.2 293.5 561.0 258.8 555.1 312.7 364.4 211.5 334.3 502.3 488.8 462.7 469.4 441.1 436.7 45.1 356.3 390.1 476.1 316.1 468.0 456.2 479.0 343.2 333.6 415.4 557.8 550.6 317.3 100.6 498.9 152.7 524.2 362.3 427.5 294.9 467.5 498.4 50.6 494.1 283.4 315.7 153.5 486.7 442.1 125.9 459.2 494.4 388.7 158.3 15.8 217.7 452.0 382.6 0.0 513.1 440.2 30.6 371.7 429.3 358.0 481.0 285.6 359.7 276.8 462.3 67.5 424.1 580.0 417.7 497.8 190.5 454.5 331.2 529.2 449.3 346.7 192.0 497.1 328.1 412.2 549.6 150.7 327.5 314.4 409.9 558.7 82.1 467.6 411.1
1668.0 448.9 444.6 432.8 281.3 299.6 447.6 81.8 475.8 345.7 441.3 542.6 396.9 502.7 497.9 524.0 533.2 125.3 10.3 351.5 343.5 389.7 435.7 303.2 264.0 533.3 229.7 227.9 553.8 251.6 547.9 252.8 307.1 300.3 169.2 495.1 481.6 455.5 462.2 71.5 429.5 434.7 349.1 113.4 468.9 308.9 460.8 449.0 471.8 336.0 326.4 408.2 550.6 543.4 260.0 471.9 71.7 329.2 52.1 355.1 370.2 287.7 460.3 491.2 417.1 74.9 276.2 308.5 314.2 479.5 434.9 397.9 100.5 487.2 381.5 309.4 437.2 265.0 82.4 375.4 453.0 0.0 433.0 447.1 364.5 422.1 350.8 473.8 196.0 352.5 269.6 405.0 385.5 134.1 572.8 85.8 15.2 472.5 447.3 324.0 522.0 64.1 289.4 319.8 489.9 269.6 405.0 93.9 322.4 288.5 233.6 402.7 551.5 385.6 460.4 170.4
1384.1 429.4 28.4 413.3 230.8 280.1 20.3 436.3 48.5 190.8 53.0 161.6 135.0 483.2 478.4 504.5 157.5 384.4 479.3 332.0 324.0 370.2 51.5 248.5 250.6 152.3 252.3 242.6 172.8 201.1 166.9 261.8 253.3 280.8 283.4 106.8 93.3 71.2 75.5 390.2 31.1 415.2 207.4 339.2 87.9 167.2 60.5 62.3 103.1 163.2 241.8 69.2 169.6 130.4 266.4 452.4 448.0 309.7 473.3 213.4 190.4 207.8 72.0 104.4 397.6 443.2 196.3 197.8 294.7 109.7 128.7 378.4 408.3 83.6 270.8 289.9 417.7 245.5 401.1 63.2 433.5 462.2 0.0 427.6 172.7 69.1 209.1 92.8 234.7 262.7 146.2 157.0 366.0 373.2 191.8 366.8 446.9 453.0 28.9 213.3 143.2 398.4 271.0 300.3 108.9 277.2 294.3 498.7 302.9 269.8 263.5 69.4 170.5 366.1 73.7 360.2
1569.7 164.5 437.0 99.9 273.7 157.9 440.0 472.4 468.2 338.1 433.7 535.0 389.3 190.0 115.5 144.9 525.6 420.5 515.4 75.5 83.5 87.0 428.1 284.6 286.7 525.7 288.4 278.7 546.2 244.0 540.3 297.9 349.6 180.8 319.5 487.5 474.0 447.9 454.6 426.3 421.9 14.4 341.5 375.3 461.3 301.3 453.2 441.4 464.2 328.4 318.8 400.6 543.0 535.8 302.5 69.9 484.1 122.0 509.4 347.5 412.7 280.1 452.7 483.6 19.9 479.3 268.6 300.9 122.8 471.9 427.3 95.2 444.4 479.6 373.9 127.6 46.5 202.9 437.2 367.8 30.6 498.3 425.4 0.0 356.9 414.5 343.2 466.2 270.8 344.9 262.0 447.5 98.2 409.3 565.2 402.9 483.0 159.8 439.7 316.4 514.4 434.5 331.9 161.3 482.3 313.3 397.4 534.8 128.8 312.7 299.6 395.1 543.9 51.4 452.8 396.3
1506.8 371.5 206.1 355.4 81.7 222.2 193.4 378.4 226.2 18.0 230.7 338.2 72.5 425.3 420.5 446.6 308.8 326.5 421.4 274.1 266.1 312.3 179.3 132.8 159.4 313.1 194.4 184.7 333.6 113.0 327.7 170.6 184.7 222.9 225.5 256.7 240.5 204.3 165.7 332.3 174.1 357.3 212.1 281.3 268.1 171.9 209.6 131.0 220.6 109.8 122.7 179.0 322.9 315.7 208.5 394.5 390.1 251.8 415.4 218.1 123.0 110.3 241.8 116.7 339.7 385.3 123.6 115.1 236.8 261.5 70.5 320.5 350.4 235.4 243.4 232.0 359.8 187.6 343.2 124.2 375.6 404.3 177.6 369.7 0.0 165.7 213.8 263.2 176.8 71.1 150.9 89.6 308.1 315.3 355.9 308.9 389.0 395.1 191.9 111.2 294.5 340.5 184.3 242.4 285.6 186.0 155.9 440.8 245.0 141.2 205.6 184.2 331.3 308.2 122.4 302.3
1427.8 444.8 97.2 428.7 246.2 295.5 81.8 451.7 119.0 198.5 123.5 225.9 150.4 498.6 493.8 519.9 201.6 399.8 494.7 347.4 339.4 385.6 67.7 263.9 266.0 216.6 267.7 258.0 237.1 216.5 230.4 277.2 295.6 296.2 298.8 177.3 163.8 109.0 131.3 405.6 48.0 430.6 222.8 354.6 152.2 182.6 114.3 118.1 151.7 167.1 257.2 67.4 233.7 162.9 281.8 467.8 463.4 325.1 488.7 228.8 232.7 223.2 142.5 160.2 413.0 458.6 211.7 213.2 310.1 166.2 115.7 393.8 423.7 140.1 286.2 305.3 433.1 260.9 416.5 78.6 448.9 477.6 70.4 443.0 180.4 0.0 224.5 157.1 250.1 278.1 161.6 199.3 381.4 388.6 256.1 382.2 462.3 468.4 66.7 228.7 187.3 413.8 313.3 315.7 173.2 292.6 309.7 514.1 318.3 285.2 278.9 72.6 249.4 381.5 129.5 375.6
1472.6 377.7 240.6 350.7 179.1 224.1 229.9 384.6 260.4 240.2 269.5 347.2 158.6 431.5 435.0 464.4 337.8 342.4 427.6 278.3 272.3 318.5 247.8 189.4 194.6 323.4 200.6 190.9 358.4 153.6 351.4 210.1 261.6 237.0 231.7 291.3 275.1 238.9 245.6 338.5 208.6 363.5 76.7 283.2 273.5 92.8 244.2 232.4 255.2 158.5 190.1 218.8 355.2 297.9 214.7 377.3 392.0 258.0 417.3 8.5 255.4 156.1 276.4 252.9 345.9 393.9 144.6 137.8 243.0 284.1 196.6 326.7 356.6 265.7 219.1 234.5 366.0 193.8 348.8 158.8 381.8 410.5 216.4 375.9 206.9 205.5 0.0 274.1 183.0 211.0 94.5 225.8 314.3 321.5 377.4 315.1 395.2 401.3 225.1 161.6 341.1 342.4 244.1 253.4 290.2 225.5 242.6 442.7 251.2 218.1 211.8 224.0 367.1 314.4 243.8 308.5
1339.9 435.3 91.4 408.3 236.7 286.0 103.8 442.2 72.6 297.8 63.2 68.7 196.9 489.1 484.3 510.4 59.5 400.0 485.2 337.9 329.9 376.1 131.7 254.4 256.5 59.4 258.2 248.5 79.9 211.2 72.9 267.7 319.2 294.6 289.3 54.1 60.4 80.5 155.8 396.1 111.4 421.1 231.3 345.1 4.8 192.8 48.5 142.6 52.8 136.0 247.7 105.1 76.7 69.5 272.3 434.9 453.9 315.6 479.2 223.9 266.9 213.7 39.1 184.7 403.5 451.5 202.2 203.7 300.6 35.1 209.0 384.3 414.2 22.8 276.7 292.1 423.6 251.4 406.4 143.5 439.4 468.1 80.2 433.5 245.2 149.4 219.6 0.0 240.6 268.6 152.1 237.3 371.9 379.1 98.9 372.7 452.8 458.9 105.1 219.2 48.3 404.3 301.7 306.2 16.0 283.1 300.2 504.6 308.8 275.7 269.4 99.6 88.6 372.0 154.0 366.1
1529.3 310.2 305.9 294.1 163.7 160.9 308.9 201.8 337.1 228.1 302.6 403.9 310.5 364.0 359.2 385.3 394.5 124.6 219.5 212.8 204.8 251.0 297.0 108.5 67.9 394.6 33.6 32.5 415.1 154.5 409.2 56.7 112.8 161.6 23.6 356.4 342.9 316.8 323.5 130.4 290.8 296.0 210.4 79.4 330.2 170.2 322.1 310.3 333.1 197.3 195.7 269.5 411.9 358.9 65.7 333.2 213.5 190.5 223.5 216.4 175.9 149.0 321.6 327.4 278.4 208.7 137.5 169.8 175.5 340.8 296.2 259.2 173.8 348.5 242.8 170.7 298.5 126.3 141.3 236.7 314.3 202.4 294.3 308.4 246.9 283.4 212.1 335.1 0.0 251.3 130.9 210.7 246.8 113.4 434.1 107.0 187.1 333.8 308.6 185.3 383.3 138.6 95.1 181.1 351.2 73.5 266.3 296.4 183.7 92.4 53.4 264.0 412.8 246.9 333.1 147.3
1523.9 369.3 247.2 353.2 95.0 220.0 232.2 376.2 264.5 41.2 271.8 375.1 132.6 423.1 418.3 444.4 345.7 324.3 419.2 269.9 263.9 310.1 250.1 152.2 172.7 350.0 192.2 182.5 370.5 121.1 370.9 183.9 198.0 220.7 223.3 293.6 277.4 241.2 225.8 330.1 215.2 355.1 249.0 279.1 305.0 208.8 246.5 191.1 257.5 137.7 101.5 221.1 359.8 352.6 206.3 392.3 387.9 249.6 413.2 255.0 179.3 70.7 278.7 176.8 337.5 385.5 84.0 59.4 234.6 298.4 130.6 318.3 348.2 272.3 183.8 226.1 357.6 185.4 340.4 161.1 373.4 402.1 218.7 367.5 60.0 207.8 250.7 300.1 174.6 0.0 125.5 149.7 305.9 313.1 392.8 306.7 386.8 392.9 231.7 40.0 353.2 338.3 197.6 240.2 322.5 199.3 84.7 438.6 242.8 154.5 203.4 226.3 368.2 306.0 182.5 300.1
1398.3 283.1 174.9 267.0 84.5 133.8 177.9 290.0 206.1 145.6 171.6 272.9 127.2 336.9 332.1 358.2 263.5 238.1 333.0 185.7 177.7 223.9 166.0 102.2 104.3 263.6 106.0 96.3 284.1 54.8 278.2 115.5 167.0 134.5 137.1 225.4 211.9 185.8 192.5 243.9 159.8 268.9 79.4 192.9 199.2 39.2 191.1 179.3 202.1 66.3 95.5 138.5 280.9 227.9 120.1 306.1 301.7 163.4 327.0 85.4 230.1 61.5 190.6 221.5 251.3 296.9 50.0 51.5 148.4 209.8 165.2 232.1 262.0 217.5 124.5 143.6 271.4 99.2 254.8 105.7 287.2 315.9 163.3 281.3 164.4 152.4 81.1 204.1 88.4 116.4 0.0 194.4 219.7 226.9 303.1 220.5 300.6 306.7 177.6 67.0 252.3 252.1 149.5 154.0 220.2 130.9 148.0 352.4 156.6 123.5 117.2 133.0 281.8 219.8 190.7 213.9
1534.0 449.5 206.0 433.4 159.7 300.2 197.9 353.4 226.1 96.0 230.6 339.2 99.7 503.3 498.5 524.6 335.1 315.6 424.7 352.1 344.1 390.3 206.5 179.0 183.9 340.3 187.5 200.4 360.8 191.0 354.9 172.7 96.2 300.9 228.8 283.9 267.7 231.5 165.6 335.6 174.0 435.3 239.3 284.6 265.5 199.1 236.8 130.9 247.8 137.0 200.7 206.2 350.1 296.4 143.3 472.5 365.1 329.8 390.4 245.3 33.3 188.3 249.6 116.6 417.7 360.3 201.6 193.1 314.8 287.3 97.7 398.5 325.4 261.2 302.7 310.0 437.8 265.6 337.1 151.4 453.6 407.6 177.5 447.7 77.9 192.9 241.0 270.4 210.5 149.1 178.1 0.0 386.1 301.4 383.1 312.2 392.3 473.1 191.8 189.2 320.8 343.8 113.9 320.4 286.5 155.7 233.9 475.2 323.0 150.8 169.7 211.4 358.5 386.2 122.3 277.3
1607.7 262.7 384.3 196.0 221.0 91.0 384.0 419.7 416.4 285.4 381.0 482.3 336.6 288.2 213.7 243.1 472.9 377.5 462.7 136.5 128.5 174.7 403.5 224.5 234.0 473.0 235.7 226.0 493.5 195.5 486.5 245.2 296.9 185.5 266.8 434.8 421.3 395.2 401.9 373.6 369.2 112.6 288.8 322.6 408.6 248.6 400.5 388.7 411.5 295.6 266.1 347.9 490.3 437.3 249.8 168.1 431.4 90.0 456.7 294.8 360.0 227.4 400.0 430.9 118.1 429.0 215.9 239.9 123.3 419.2 374.6 182.9 391.7 426.9 321.2 128.1 51.6 150.2 384.5 315.1 67.5 445.6 372.7 98.2 304.2 361.8 290.5 413.5 218.1 292.2 209.3 394.8 0.0 356.6 512.5 350.2 430.3 258.0 385.7 263.7 461.7 381.8 279.2 209.8 429.6 260.6 344.7 482.1 83.2 260.0 246.9 342.4 491.2 149.6 400.1 343.6
1588.4 369.3 365.0 353.2 201.7 220.0 368.0 143.0 396.2 266.1 361.7 463.0 317.3 423.1 418.3 444.4 453.6 47.8 160.7 271.9 263.9 310.1 356.1 182.4 192.4 453.7 166.0 125.8 474.2 172.0 468.3 181.2 187.2 220.7 105.5 415.5 402.0 375.9 382.6 71.6 349.9 355.1 269.5 53.9 389.3 229.3 381.2 369.4 392.2 256.4 246.8 328.6 471.0 418.0 140.1 392.3 154.7 249.6 164.7 275.5 250.3 208.1 380.7 401.8 337.5 149.9 196.6 228.9 234.6 399.9 355.3 318.3 115.0 407.6 301.9 229.8 357.6 185.4 82.5 295.8 373.4 143.6 353.4 367.5 284.9 342.5 271.2 394.2 132.3 272.9 190.0 285.1 305.9 0.0 493.2 48.2 128.3 392.9 367.7 244.4 442.4 79.8 169.5 240.2 410.3 164.2 325.4 237.6 242.8 203.7 113.7 323.1 471.9 306.0 380.8 49.9
1399.2 537.5 193.6 521.4 338.9 388.2 202.7 544.4 175.6 400.0 177.7 66.3 299.1 591.3 586.5 612.6 74.8 492.5 587.4 440.1 432.1 478.3 233.9 356.6 358.7 33.1 360.4 350.7 49.0 309.2 69.5 369.9 421.4 388.9 391.5 123.9 137.4 191.8 258.0 498.3 213.6 523.3 333.5 447.3 107.0 293.3 150.7 244.8 136.4 238.2 349.9 207.3 44.4 69.3 374.5 560.5 556.1 417.8 581.4 326.1 372.9 315.9 141.3 286.9 505.7 551.3 304.4 305.9 402.8 128.8 290.8 486.5 516.4 125.0 378.9 398.0 525.8 353.6 509.2 235.7 541.6 570.3 182.4 535.7 347.4 251.6 321.8 102.1 342.8 370.8 254.3 339.5 474.1 481.3 0.0 474.9 555.0 561.1 206.1 321.4 89.1 506.5 403.9 408.4 86.0 385.3 402.4 606.8 411.0 377.9 371.6 201.8 28.7 474.2 256.2 468.3
1582.1 363.0 358.7 346.9 195.4 213.7 361.7 94.7 389.9 259.8 355.4 456.7 311.0 416.8 412.0 438.1 447.3 39.4 112.4 265.6 257.6 303.8 349.8 217.3 178.1 447.4 143.8 142.0 467.9 165.7 462.0 166.9 221.2 214.4 83.3 409.2 395.7 369.6 376.3 23.3 343.6 348.8 263.2 27.5 383.0 223.0 374.9 363.1 385.9 250.1 240.5 322.3 464.7 457.5 174.1 386.0 106.4 243.3 116.4 269.2 284.3 201.8 374.4 405.3 331.2 101.6 190.3 222.6 228.3 393.6 349.0 312.0 66.7 401.3 295.6 223.5 351.3 179.1 34.2 289.5 367.1 95.3 347.1 361.2 278.6 336.2 264.9 387.9 110.1 266.6 183.7 319.1 299.6 48.2 486.9 0.0 80.0 386.6 361.4 238.1 436.1 31.5 203.5 233.9 404.0 183.7 319.1 189.3 236.5 202.6 147.7 316.8 465.6 299.7 374.5 84.5
1652.7 433.6 429.3 417.5 266.0 284.3 432.3 97.1 460.5 330.4 426.0 527.3 381.6 487.4 482.6 508.7 517.9 110.0 32.3 336.2 328.2 374.4 420.4 287.9 248.7 518.0 214.4 212.6 538.5 236.3 532.6 237.5 291.8 285.0 153.9 479.8 466.3 440.2 446.9 56.2 414.2 419.4 333.8 98.1 453.6 293.6 445.5 433.7 456.5 320.7 311.1 392.9 535.3 482.3 244.7 456.6 55.9 313.9 36.3 339.8 354.9 272.4 445.0 475.9 401.8 90.2 260.9 293.2 298.9 464.2 419.6 382.6 84.7 471.9 366.2 294.1 421.9 249.7 67.1 360.1 437.7 15.2 417.7 431.8 349.2 406.8 335.5 458.5 180.7 337.2 254.3 389.7 370.2 118.8 557.5 70.5 0.0 457.2 432.0 308.7 506.7 48.8 274.1 304.5 474.6 254.3 389.7 109.2 307.1 273.2 218.3 387.4 536.2 370.3 445.1 155.1
1534.1 23.5 491.6 122.2 328.3 262.1 495.5 527.0 520.0 392.7 488.3 589.6 443.9 30.1 44.2 70.3 580.2 475.1 570.0 194.9 202.9 157.7 482.7 331.8 341.3 580.3 343.0 333.3 600.8 304.7 593.8 352.5 404.2 174.2 374.1 542.1 528.6 502.5 509.2 480.9 476.5 155.3 396.1 429.9 515.9 355.9 507.8 496.0 518.8 402.9 373.4 455.2 597.6 544.6 357.1 123.2 538.7 241.4 564.0 402.1 467.3 334.7 507.3 538.2 182.9 536.3 323.2 347.2 242.2 526.5 481.9 150.0 499.0 534.2 428.5 250.7 216.3 217.4 491.8 422.4 200.5 552.9 480.0 169.8 411.5 469.1 393.5 520.8 325.4 399.5 316.6 502.1 268.0 463.9 619.8 457.5 537.6 0.0 493.0 371.0 569.0 489.1 386.5 162.6 536.9 367.9 452.0 589.4 248.2 367.3 354.2 449.7 609.5 182.3 507.4 450.9
1424.1 434.7 68.4 416.5 236.1 285.4 60.3 441.6 65.8 196.1 85.9 181.8 140.3 488.5 483.7 509.8 168.6 389.7 484.6 337.3 329.3 375.5 88.0 253.8 255.9 172.5 257.6 247.9 193.0 206.4 200.5 267.1 258.6 294.0 288.7 115.8 102.3 43.5 80.8 395.5 18.4 420.5 212.7 344.5 108.1 172.5 48.8 67.6 86.2 134.5 247.1 87.7 188.5 134.7 271.7 434.3 453.3 315.0 478.6 218.7 195.7 213.1 81.0 109.7 402.9 450.9 201.6 194.8 300.0 100.7 116.0 383.7 413.6 74.6 276.1 291.5 423.0 250.8 405.8 68.5 438.8 467.5 39.9 432.9 178.0 56.4 210.1 113.0 240.0 268.0 151.5 162.3 371.3 378.5 212.0 372.1 452.2 458.3 0.0 218.6 160.6 403.7 276.3 305.6 129.1 282.5 299.6 504.0 308.2 275.1 268.8 92.9 201.7 371.4 79.0 365.5
1483.8 335.9 296.6 308.9 107.0 186.6 281.6 342.8 312.9 90.6 257.1 358.4 182.0 389.7 384.9 411.0 349.0 290.9 385.8 236.5 230.5 276.7 299.5 155.0 157.1 349.1 158.8 149.1 369.6 113.7 362.6 168.3 210.0 187.3 189.9 343.0 326.8 290.6 275.2 296.7 264.6 321.7 164.9 245.7 284.7 171.3 295.9 240.5 306.9 201.2 100.6 224.0 366.4 313.4 172.9 358.9 354.5 216.2 379.8 170.9 273.1 75.2 276.1 226.2 304.1 352.1 88.5 19.3 201.2 295.3 180.0 284.9 314.8 303.0 143.7 192.7 324.2 152.0 307.0 210.5 340.0 368.7 268.1 334.1 109.4 257.2 162.3 289.6 141.2 49.3 85.4 199.1 272.5 279.7 388.6 273.3 353.4 359.5 281.1 0.0 352.3 304.9 202.3 211.6 305.7 183.7 80.9 405.2 209.4 166.5 170.0 218.5 378.3 272.6 231.9 266.7
1335.8 486.9 142.6 468.7 288.3 334.4 154.9 493.8 123.4 349.4 112.7 50.3 248.5 540.7 535.9 562.0 11.1 441.9 536.8 389.5 381.5 427.7 186.1 306.0 304.9 43.2 320.9 300.1 63.7 262.8 40.5 319.3 370.8 338.3 340.9 68.6 72.4 122.7 210.2 447.7 162.6 472.7 317.7 393.5 56.4 280.7 99.3 197.0 67.3 187.6 299.3 167.8 69.4 22.6 323.9 509.9 516.6 367.2 530.8 272.3 325.1 265.3 89.9 239.1 455.1 514.2 264.9 252.1 352.2 49.4 231.8 435.9 465.8 70.4 328.3 347.4 475.2 314.1 458.6 176.7 491.0 519.7 134.6 485.1 307.4 203.8 271.2 48.3 292.2 320.2 203.7 291.7 420.3 430.7 86.0 424.3 504.4 521.6 167.8 281.9 0.0 452.7 353.3 357.8 48.5 334.7 351.8 553.0 360.4 327.3 321.0 162.3 64.6 423.6 208.4 417.7
1603.8 384.7 380.4 357.7 217.1 235.4 384.1 78.7 408.8 281.5 377.1 478.4 332.7 438.5 433.7 459.8 469.0 82.3 80.8 285.3 279.3 325.5 399.6 231.6 199.8 454.6 165.5 163.7 489.6 193.5 482.6 188.6 242.9 236.1 105.0 430.9 417.4 391.3 398.0 7.3 365.3 370.5 284.9 49.2 404.7 244.7 396.6 384.8 407.6 291.7 262.2 344.0 486.4 433.4 195.8 384.3 90.4 265.0 84.8 290.9 306.0 223.5 396.1 427.0 352.9 88.0 212.0 236.0 250.0 415.3 370.7 333.7 50.7 423.0 317.3 241.5 373.0 200.8 17.6 311.2 388.8 63.7 368.8 382.9 300.3 357.9 282.3 409.6 131.8 288.3 205.4 340.8 321.3 69.9 508.6 21.6 48.4 408.3 381.8 259.8 457.8 0.0 225.2 260.4 425.7 205.4 340.8 157.7 258.2 224.3 169.4 338.5 487.3 321.4 396.2 106.2
1562.8 354.7 321.6 338.6 105.4 205.4 313.5 239.4 341.7 169.8 346.2 437.4 215.3 408.5 403.7 429.8 428.0 201.6 310.7 257.3 249.3 295.5 322.1 62.3 69.9 428.1 73.5 86.4 448.6 96.2 442.7 58.7 17.6 206.1 114.8 399.5 383.3 347.1 281.2 221.6 289.6 340.5 243.9 170.6 363.7 203.7 352.4 246.5 363.4 252.6 144.9 321.8 445.4 392.4 29.3 377.7 251.1 235.0 276.4 249.9 80.7 150.8 365.2 232.2 322.9 246.3 147.3 192.8 220.0 374.3 213.3 303.7 211.4 376.8 321.1 215.2 343.0 170.8 223.1 267.0 358.8 293.6 293.1 352.9 188.6 308.5 245.6 368.6 96.5 193.0 164.4 115.5 291.3 187.4 467.6 198.2 278.3 378.3 307.4 216.2 416.8 229.8 0.0 225.6 384.7 41.7 277.8 361.2 228.2 34.1 55.7 327.0 446.3 291.4 237.9 163.3
1552.3 129.0 328.9 102.0 170.4 99.4 328.6 364.3 361.0 230.0 325.6 426.9 281.2 182.8 178.0 204.1 417.5 322.1 407.3 149.3 143.3 137.5 348.1 169.1 178.6 403.1 185.1 170.6 438.1 140.1 431.1 189.8 241.5 11.6 211.4 379.4 365.9 339.8 346.5 318.2 313.8 157.2 233.4 272.0 353.2 194.9 345.1 333.3 356.1 240.2 210.7 297.3 434.9 388.4 194.4 128.6 376.0 129.0 401.3 244.2 308.8 172.0 344.6 375.5 184.8 378.4 160.5 184.5 114.0 363.8 319.2 129.8 336.3 376.3 265.8 105.5 218.2 59.5 328.5 259.7 202.4 390.2 317.3 171.7 248.8 306.4 230.8 362.9 162.7 241.6 153.9 339.4 185.3 301.2 457.1 294.8 374.9 152.6 330.3 208.3 420.8 326.4 223.8 0.0 379.0 205.2 289.3 426.7 122.2 204.6 191.5 291.8 446.8 162.1 344.7 288.2
1326.6 451.4 107.5 424.4 252.8 302.1 119.9 458.3 88.7 313.9 79.3 52.6 213.0 505.2 500.4 526.5 43.2 416.1 501.3 352.0 346.0 392.2 147.8 270.5 272.6 43.3 274.3 264.6 63.8 227.3 56.8 283.8 335.3 310.7 305.4 51.1 54.9 96.6 171.9 412.2 127.5 437.2 247.4 361.2 20.9 208.9 64.6 158.7 49.8 152.1 263.8 121.2 77.2 64.9 288.4 474.4 470.0 331.7 495.3 240.0 283.0 229.8 55.2 200.8 419.6 467.6 218.3 219.8 316.7 51.2 225.1 400.4 430.3 38.9 292.8 308.2 439.7 267.5 422.5 159.2 455.5 484.2 96.3 449.6 261.3 165.5 235.7 16.0 256.7 284.7 168.2 253.4 388.0 395.2 82.8 388.8 468.9 475.0 121.2 235.3 46.5 420.4 317.8 322.3 0.0 299.2 316.3 520.7 324.9 291.8 285.5 115.7 72.5 388.1 170.1 382.2
1538.6 319.5 353.4 303.4 132.9 170.2 345.3 244.1 373.5 193.2 311.9 413.2 247.1 373.3 368.5 394.6 403.8 190.1 285.0 222.1 214.1 260.3 306.3 68.7 28.1 403.9 31.7 91.1 424.4 125.2 418.5 16.9 49.4 170.9 89.1 365.7 352.2 326.1 313.0 195.9 321.4 305.3 219.7 144.9 339.5 179.5 331.4 278.3 342.4 284.4 155.9 278.8 421.2 414.0 34.0 342.5 255.8 199.8 281.1 225.7 112.5 161.8 330.9 264.0 287.7 251.0 158.3 212.9 184.8 350.1 245.1 268.5 216.1 357.8 341.2 180.0 307.8 135.6 206.8 246.0 323.6 267.9 324.9 317.7 212.0 292.7 221.4 344.4 65.4 216.4 140.2 147.3 256.1 178.9 443.4 172.5 252.6 343.1 339.2 236.3 392.6 204.1 31.7 190.4 360.5 0.0 301.2 361.9 193.0 65.9 60.4 273.3 422.1 256.2 269.7 168.0
1574.7 426.8 331.2 410.7 179.0 277.5 319.5 433.7 347.5 125.2 355.8 449.3 216.6 480.6 475.8 501.9 429.7 381.8 476.7 329.4 321.4 367.6 305.4 230.1 248.0 434.0 249.7 240.0 454.5 198.5 448.6 259.2 282.0 278.2 280.8 377.6 361.4 325.2 309.8 387.6 299.2 412.6 255.8 336.6 375.6 215.6 330.5 275.1 341.5 230.7 191.5 305.1 443.8 400.6 263.8 449.8 445.4 307.1 470.7 261.8 267.1 154.7 362.7 260.8 395.0 440.6 168.0 106.3 292.1 382.4 214.6 375.8 405.7 356.3 234.6 287.3 415.1 242.9 398.5 245.1 430.9 459.6 302.7 425.0 144.0 291.8 257.5 380.5 232.1 83.9 176.3 233.7 363.4 370.6 476.8 364.2 444.3 450.4 317.0 90.8 415.4 395.8 281.6 297.7 396.6 274.6 0.0 496.1 300.3 238.5 260.9 310.3 452.2 363.5 266.5 357.6
1761.9 542.8 538.5 515.8 375.2 393.5 538.2 132.8 569.7 439.6 535.2 636.5 490.8 596.6 591.8 617.9 627.1 256.4 120.2 443.4 437.4 483.6 529.6 355.9 373.9 627.2 339.6 264.5 647.7 345.5 640.7 362.7 398.9 394.2 279.1 589.0 575.5 549.4 556.1 181.4 523.4 528.6 443.0 223.3 562.8 402.8 554.7 542.9 565.7 425.9 420.3 502.1 644.5 637.3 351.8 565.8 175.4 423.1 162.0 449.0 466.2 381.6 554.2 585.1 511.0 123.5 370.1 402.4 408.1 573.4 528.8 491.8 160.8 581.1 475.4 403.3 531.1 358.9 184.5 469.3 546.9 109.8 526.9 541.0 458.4 516.0 440.4 567.7 305.9 446.4 363.5 496.8 479.4 244.0 666.7 195.7 125.1 566.4 539.9 417.9 619.1 174.0 381.2 418.5 583.8 375.9 498.9 0.0 416.3 398.4 325.4 496.6 656.4 479.5 554.3 280.3
1545.7 225.6 322.3 128.7 159.0 29.0 326.2 357.7 353.5 223.4 319.0 420.3 274.6 279.4 218.9 248.3 410.9 305.8 400.7 51.2 45.2 91.4 313.4 169.9 172.0 411.0 173.7 164.0 431.5 129.3 424.5 183.2 234.9 123.5 204.8 372.8 359.3 333.2 339.9 311.6 307.2 136.4 226.8 260.6 346.6 186.6 338.5 326.7 349.5 221.4 204.1 285.9 428.3 421.1 187.8 168.5 369.4 6.7 394.7 232.8 298.0 165.4 338.0 368.9 118.8 367.0 153.9 177.9 40.0 357.2 312.6 99.6 329.7 364.9 259.2 48.5 116.0 88.2 321.9 253.1 131.8 383.6 310.7 148.8 242.2 299.8 224.2 351.5 156.1 230.2 147.3 332.8 64.3 294.6 450.5 288.2 368.3 249.2 323.7 201.7 402.9 319.8 217.2 147.8 367.6 198.6 282.7 420.1 0.0 198.0 184.9 280.4 440.2 87.3 338.1 281.6
1528.6 320.5 341.6 304.4 71.2 171.2 329.9 282.5 357.9 135.6 301.9 403.2 227.0 374.3 369.5 395.6 393.8 218.4 313.3 223.1 215.1 261.3 315.8 28.1 54.7 393.9 60.0 110.6 414.4 62.0 408.5 63.2 43.4 171.9 117.4 388.0 371.8 335.6 307.0 224.2 309.6 306.3 209.7 173.2 329.5 169.5 340.9 272.3 351.9 241.1 110.7 268.8 411.2 358.2 72.4 343.5 294.2 200.8 317.3 215.7 106.5 116.6 320.9 258.0 288.7 289.4 113.1 158.6 185.8 340.1 225.0 269.5 254.5 347.8 286.9 181.0 308.8 136.6 235.1 255.5 324.6 296.2 313.1 318.7 154.4 302.2 211.4 334.4 93.7 158.8 130.2 141.3 257.1 207.2 433.4 200.8 280.9 344.1 327.4 182.0 382.6 232.4 43.0 191.4 350.5 60.0 243.6 390.2 194.0 0.0 98.8 263.3 412.1 257.2 263.7 206.4
1557.3 338.2 333.9 322.1 161.2 188.9 336.9 183.6 365.1 225.6 330.6 431.9 271.1 392.0 387.2 413.3 422.5 145.8 254.9 240.8 232.8 279.0 325.0 118.1 78.6 422.6 70.2 30.6 443.1 152.0 437.2 67.4 73.4 189.6 59.0 384.4 370.9 344.8 337.0 165.8 318.8 324.0 238.4 114.8 358.2 198.2 350.1 302.3 361.1 225.3 200.7 297.5 439.9 386.9 26.3 361.2 195.3 218.5 220.6 244.4 136.5 206.6 349.6 288.0 306.4 190.5 203.1 197.8 203.5 368.8 269.1 287.2 155.6 376.5 270.8 198.7 326.5 154.3 167.3 264.7 342.3 237.8 322.3 336.4 244.4 311.4 240.1 363.1 57.6 248.8 158.9 171.3 274.8 131.6 462.1 142.4 222.5 361.8 336.6 213.3 411.3 174.0 55.7 209.1 379.2 50.4 333.6 305.4 211.7 89.9 0.0 292.0 440.8 274.9 293.7 107.5
1355.1 393.7 41.8 366.7 195.1 244.4 41.5 400.6 70.2 197.7 56.8 153.2 155.3 447.5 442.7 468.8 128.9 348.7 443.6 296.3 288.3 334.5 50.7 212.8 214.9 129.4 216.6 206.9 164.4 165.4 164.0 226.1 277.6 253.0 247.7 110.6 97.1 118.2 148.5 354.5 65.2 379.5 189.7 303.5 79.5 149.5 97.1 135.3 127.3 102.1 206.1 5.4 161.0 143.7 230.7 416.7 412.3 274.0 437.6 182.3 228.1 172.1 75.8 177.4 361.9 409.9 160.6 162.1 259.0 101.0 114.9 342.7 372.6 87.4 235.1 250.5 382.0 209.8 364.8 77.8 397.8 426.5 74.6 391.9 179.6 73.3 178.0 84.4 199.0 227.0 110.5 198.5 330.3 337.5 183.4 331.1 411.2 417.3 82.6 177.6 114.6 362.7 260.1 264.6 100.5 241.5 258.6 463.0 267.2 234.1 227.8 0.0 176.7 330.4 146.7 324.5
1328.9 533.4 179.1 506.4 324.4 384.1 187.3 540.3 174.0 395.9 153.0 74.1 295.0 587.2 582.4 608.5 72.0 498.1 583.3 434.0 428.0 474.2 240.2 345.1 344.2 41.2 345.9 346.6 23.1 309.3 69.9 365.8 417.3 392.7 387.4 108.9 112.7 163.0 247.3 494.2 203.3 519.2 329.4 432.8 96.7 290.9 149.9 234.1 107.6 254.0 345.8 192.8 15.7 40.5 370.4 533.0 552.0 413.7 577.3 322.0 358.4 311.8 134.0 276.2 501.6 539.2 289.9 293.5 398.7 100.0 272.1 482.4 512.3 110.5 374.8 390.2 521.7 339.1 504.5 217.0 537.5 566.2 172.1 531.6 343.3 241.3 313.4 91.8 338.7 356.3 250.2 328.8 459.6 477.2 27.4 470.8 550.9 546.6 192.8 306.9 52.2 492.0 399.8 409.1 88.8 381.2 398.3 592.3 396.5 373.8 367.5 187.3 0.0 470.1 245.5 464.2
1608.9 169.7 385.5 83.7 222.2 106.4 388.5 420.9 416.7 286.6 382.2 483.5 337.8 223.5 150.1 179.5 474.1 369.0 463.9 24.0 32.0 35.5 376.6 233.1 235.2 474.2 236.9 227.2 494.7 192.5 488.8 246.4 298.1 182.6 268.0 436.0 422.5 396.4 403.1 374.8 370.4 49.0 290.0 323.8 409.8 249.8 401.7 389.9 412.7 276.9 267.3 349.1 491.5 484.3 251.0 104.5 432.6 70.5 457.9 296.0 361.2 228.6 401.2 432.1 31.4 427.8 217.1 249.4 71.3 420.4 375.8 43.7 392.9 428.1 322.4 76.1 107.9 151.4 385.7 316.3 92.1 446.8 373.9 61.4 305.4 363.0 291.7 414.7 219.3 293.4 210.5 396.0 141.7 357.8 513.7 351.4 431.5 193.3 388.2 264.9 462.9 383.0 280.4 163.1 430.8 261.8 345.9 483.3 77.3 261.2 248.1 343.6 492.4 0.0 401.3 344.8
1477.0 455.9 121.3 439.8 198.4 306.6 113.2 454.4 141.4 134.7 145.9 254.5 161.5 509.7 504.9 531.0 250.4 410.9 505.8 358.5 350.5 396.7 144.4 275.0 277.1 242.1 278.8 269.1 262.6 227.6 256.7 273.7 197.2 307.3 309.9 199.7 169.5 133.3 80.9 416.7 89.3 441.7 233.9 365.7 180.8 193.7 153.4 46.2 149.6 145.6 268.3 158.6 251.9 211.7 244.3 478.9 466.1 336.2 491.4 239.9 134.3 234.3 164.9 48.3 424.1 461.3 222.8 224.3 321.2 202.6 144.8 404.9 426.4 176.5 297.3 316.4 444.2 272.0 427.6 89.7 460.0 488.7 92.8 454.1 116.6 127.3 235.6 185.7 261.2 187.8 172.7 100.9 392.5 402.4 284.7 393.3 473.4 479.5 107.1 239.8 236.1 424.9 214.9 326.8 201.8 256.7 272.6 525.2 329.4 251.8 270.7 162.3 260.3 392.6 0.0 378.3
1582.0 362.9 358.6 346.8 195.3 213.6 361.6 157.0 389.8 259.7 355.3 456.6 310.9 416.7 411.9 438.0 447.2 61.8 174.7 265.5 257.5 303.7 349.7 176.0 186.0 447.3 177.6 119.4 467.8 165.6 461.9 174.8 180.8 214.3 120.1 409.1 395.6 369.5 376.2 85.6 343.5 348.7 263.1 67.9 382.9 222.9 374.8 363.0 385.8 250.0 240.4 322.2 464.6 457.4 133.7 385.9 168.7 243.2 178.7 269.1 243.9 201.7 374.3 395.4 331.1 163.9 190.2 222.5 228.2 393.5 348.9 311.9 129.0 401.2 295.5 223.4 351.2 179.0 96.5 289.4 367.0 157.6 347.0 361.1 278.5 336.1 264.8 387.8 146.9 266.5 183.6 278.7 299.5 47.6 486.8 62.2 142.3 386.5 361.3 238.0 436.0 93.8 163.1 233.8 403.9 157.8 319.0 251.6 236.4 197.3 107.3 316.7 465.5 299.6 374.4 0.0
