Name		2610_BED-Amazon_n109_m173_bt30
Number_of_Customers	109
Number_of_Items		173
Number_of_ItemTypes	30
Number_of_Vehicles	1
TimeWindows		0
Dist_type	manual

VEHICLE
Mass_Capacity	1208
CargoSpace_Length	174
CargoSpace_Width	97
CargoSpace_Height	105

CUSTOMERS
i	x	y	Demand	ReadyTime	DueDate	ServiceTime	DemandedMass	DemandedVolume
0	47.937344	-122.244952	0	0	0	0	0	0
1	47.669473	-122.28688	4	0	0	0	16.81	27856
2	47.670321	-122.287244	1	0	0	0	2.5	3978
3	47.673258	-122.291141	1	0	0	0	4.7	1380
4	47.679059	-122.278016	1	0	0	0	4.7	1380
5	47.669768	-122.291441	1	0	0	0	4.7	1380
6	47.678202	-122.294111	2	0	0	0	3.64	17544
7	47.675143	-122.289161	3	0	0	0	10.39	22453
8	47.671042	-122.293828	1	0	0	0	1.9	1176
9	47.670055	-122.29383	1	0	0	0	4.7	1380
10	47.670529	-122.289137	1	0	0	0	2.75	9072
11	47.679753	-122.289324	1	0	0	0	4.7	1380
12	47.675791	-122.289492	1	0	0	0	3.82	7600
13	47.669314	-122.293834	1	0	0	0	9.4	2760
14	47.676831	-122.283594	2	0	0	0	5.4	4020
15	47.677209	-122.287065	1	0	0	0	1.75	4608
16	47.679389	-122.280646	1	0	0	0	2.15	1080
17	47.679389	-122.278831	1	0	0	0	1.8	2520
18	47.669594	-122.292618	1	0	0	0	1.75	4608
19	47.673755	-122.289137	2	0	0	0	4.52	11220
20	47.678379	-122.291697	1	0	0	0	0.7	2640
21	47.675083	-122.291222	3	0	0	0	10.91	18195
22	47.680268	-122.294718	1	0	0	0	4.7	1380
23	47.676117	-122.278938	1	0	0	0	4.26	10440
24	47.676097	-122.285975	1	0	0	0	4.7	1380
25	47.680781	-122.290429	1	0	0	0	3.82	7600
26	47.670228	-122.290819	1	0	0	0	3.01	5544
27	47.676655	-122.277944	1	0	0	0	12.6	25520
28	47.678934	-122.278013	1	0	0	0	14.1	4140
29	47.668827	-122.2902	1	0	0	0	4.7	1380
30	47.676524	-122.287701	1	0	0	0	4.7	1380
31	47.672593	-122.288019	1	0	0	0	3.41	8349
32	47.680189	-122.28395	1	0	0	0	1.9	1176
33	47.670023	-122.29144	1	0	0	0	4.8	6200
34	47.679889	-122.294708	1	0	0	0	1.95	15708
35	47.676457	-122.288961	1	0	0	0	2.5	3978
36	47.679102	-122.281305	2	0	0	0	6.2	10660
37	47.676034	-122.288943	2	0	0	0	6.45	5988
38	47.676382	-122.293016	1	0	0	0	4.7	1380
39	47.676432	-122.288282	1	0	0	0	2.15	1080
40	47.668778	-122.295068	2	0	0	0	3.65	5784
41	47.671536	-122.293824	2	0	0	0	2.6	3816
42	47.676376	-122.291646	1	0	0	0	7.63	16848
43	47.6745	-122.282206	1	0	0	0	14.15	1000
44	47.67133	-122.286917	2	0	0	0	5.55	6960
45	47.677604	-122.277196	1	0	0	0	4.7	1380
46	47.676858	-122.284956	3	0	0	0	14.0	11016
47	47.68046	-122.290419	1	0	0	0	4.7	1380
48	47.671583	-122.286927	2	0	0	0	5.4	4020
49	47.673701	-122.288037	2	0	0	0	10.09	14275
50	47.669868	-122.286887	2	0	0	0	7.2	5358
51	47.66852	-122.294251	3	0	0	0	7.15	8628
52	47.676403	-122.283581	3	0	0	0	9.3	12222
53	47.668521	-122.291851	1	0	0	0	4.8	6200
54	47.670635	-122.293827	1	0	0	0	1.8	2520
55	47.673967	-122.290481	3	0	0	0	11.53	14524
56	47.676318	-122.278944	2	0	0	0	5.4	4020
57	47.672156	-122.289552	1	0	0	0	7.3	3640
58	47.677986	-122.278978	1	0	0	0	0.7	2640
59	47.67804	-122.284986	1	0	0	0	1.8	2520
60	47.679242	-122.278026	1	0	0	0	0.7	2640
61	47.678248	-122.286047	1	0	0	0	4.7	1380
62	47.677193	-122.286011	1	0	0	0	4.7	1380
63	47.67957	-122.290622	3	0	0	0	11.89	10631
64	47.669393	-122.295061	2	0	0	0	7.61	14900
65	47.679015	-122.287116	1	0	0	0	4.7	1380
66	47.678392	-122.287094	1	0	0	0	3.44	17100
67	47.675843	-122.282222	3	0	0	0	12.7	7660
68	47.677272	-122.289224	1	0	0	0	3.01	5544
69	47.676925	-122.293027	2	0	0	0	6.45	5988
70	47.680696	-122.290426	1	0	0	0	4.7	1380
71	47.672865	-122.286943	2	0	0	0	10.87	19096
72	47.675782	-122.292071	1	0	0	0	1.75	4608
73	47.677606	-122.27982	1	0	0	0	0.7	2640
74	47.675791	-122.281199	2	0	0	0	4.76	10152
75	47.679388	-122.28326	1	0	0	0	4.7	1380
76	47.673707	-122.29114	1	0	0	0	0.7	2640
77	47.675791	-122.280335	2	0	0	0	5.4	4020
78	47.67673	-122.291653	3	0	0	0	20.7	12860
79	47.679025	-122.289301	1	0	0	0	4.7	1380
80	47.677536	-122.28362	1	0	0	0	0.7	2640
81	47.676595	-122.285993	1	0	0	0	4.7	1380
82	47.671464	-122.293822	1	0	0	0	4.7	1380
83	47.678957	-122.293075	1	0	0	0	0.7	2640
84	47.676592	-122.288957	1	0	0	0	4.7	1380
85	47.669781	-122.295054	1	0	0	0	7.3	3640
86	47.674433	-122.290266	2	0	0	0	9.05	8248
87	47.673281	-122.289136	1	0	0	0	4.7	1380
88	47.675955	-122.290291	3	0	0	0	18.86	14292
89	47.679894	-122.289328	1	0	0	0	7.3	3640
90	47.674656	-122.28804	1	0	0	0	4.7	1380
91	47.67657	-122.280914	1	0	0	0	2.5	3978
92	47.669007	-122.286877	3	0	0	0	8.6	22569
93	47.673968	-122.286568	1	0	0	0	4.7	1380
94	47.678412	-122.288216	1	0	0	0	1.8	2520
95	47.676629	-122.293021	2	0	0	0	7.71	6924
96	47.676266	-122.284941	1	0	0	0	1.75	4608
97	47.676241	-122.293013	1	0	0	0	7.3	3640
98	47.678363	-122.293062	1	0	0	0	1.9	1176
99	47.670993	-122.286911	2	0	0	0	4.77	8700
100	47.671196	-122.289134	1	0	0	0	2.5	3978
101	47.67718	-122.290318	1	0	0	0	4.7	1380
102	47.67702	-122.289105	2	0	0	0	7.71	6924
103	47.675208	-122.288039	2	0	0	0	5.4	4020
104	47.67647	-122.293019	2	0	0	0	6.45	5988
105	47.669749	-122.290223	1	0	0	0	3.01	5544
106	47.67797	-122.28821	3	0	0	0	7.15	8628
107	47.67605	-122.277936	3	0	0	0	8.44	13151
108	47.676262	-122.279546	3	0	0	0	9.1	6534
109	47.668885	-122.292627	2	0	0	0	8.96	11820

ITEMS
Type	Length	Width	Height	Mass	Fragility	LoadBearingStrength
Bt1	10	10	10	14.15	1	0
Bt2	18	12	5	2.15	1	0
Bt3	21	14	4	1.9	1	0
Bt4	23	15	4	4.7	1	0
Bt5	20	18	7	1.8	1	0
Bt6	15	11	16	0.7	1	0
Bt7	20	14	13	7.3	1	0
Bt8	17	13	18	2.5	1	0
Bt9	24	12	16	1.75	1	0
Bt10	28	22	9	3.01	1	0
Bt11	31	20	10	4.8	1	0
Bt12	33	13	16	2.1	1	0
Bt13	29	19	13	1.99	1	0
Bt14	36	19	11	2.87	1	0
Bt15	40	19	10	3.82	1	0
Bt16	25	19	17	5.29	1	0
Bt17	33	23	11	3.41	1	0
Bt18	22	15	26	3.816	1	0
Bt19	28	18	18	2.75	1	0
Bt20	29	20	16	1.5	1	0
Bt21	29	25	13	1.77	1	0
Bt22	40	20	13	2.6	1	0
Bt23	29	24	15	4.26	1	0
Bt24	26	20	26	2.91	1	0
Bt25	27	23	24	2.94	1	0
Bt26	28	23	24	3.57	1	0
Bt27	44	17	21	1.95	1	0
Bt28	39	27	16	7.63	1	0
Bt29	57	15	20	3.44	1	0
Bt30	58	40	11	12.6	1	0

DEMANDS PER CUSTOMER
i	Type Quantity
1	Bt24 1	Bt22 1	Bt4 2	Bt3 1	
2	Bt8 1	
3	Bt4 1	
4	Bt4 1	
5	Bt4 1	
6	Bt25 1	Bt6 1	
7	Bt8 1	Bt16 1	Bt22 1	
8	Bt3 1	
9	Bt4 1	
10	Bt19 1	
11	Bt4 1	
12	Bt15 1	
13	Bt4 2	
14	Bt6 1	Bt4 1	
15	Bt9 1	
16	Bt2 1	
17	Bt5 1	
18	Bt9 1	
19	Bt6 1	Bt18 1	
20	Bt6 1	
21	Bt5 1	Bt16 1	Bt15 1	
22	Bt4 1	
23	Bt23 1	
24	Bt4 1	
25	Bt15 1	
26	Bt10 1	
27	Bt30 1	
28	Bt4 3	
29	Bt4 1	
30	Bt4 1	
31	Bt17 1	
32	Bt3 1	
33	Bt11 1	
34	Bt27 1	
35	Bt8 1	
36	Bt4 1	Bt20 1	
37	Bt4 1	Bt9 1	
38	Bt4 1	
39	Bt2 1	
40	Bt9 1	Bt3 1	
41	Bt3 1	Bt6 1	
42	Bt28 1	
43	Bt1 1	
44	Bt9 1	Bt3 2	
45	Bt4 1	
46	Bt7 1	Bt11 1	Bt3 1	
47	Bt4 1	
48	Bt6 1	Bt4 1	
49	Bt16 1	Bt11 1	
50	Bt8 1	Bt4 1	
51	Bt6 1	Bt9 1	Bt4 1	
52	Bt8 1	Bt4 1	Bt12 1	
53	Bt11 1	
54	Bt5 1	
55	Bt15 1	Bt10 1	Bt4 1	
56	Bt4 1	Bt6 1	
57	Bt7 1	
58	Bt6 1	
59	Bt5 1	
60	Bt6 1	
61	Bt4 1	
62	Bt4 1	
63	Bt3 1	Bt4 1	Bt16 1	
64	Bt24 1	Bt4 1	
65	Bt4 1	
66	Bt29 1	
67	Bt7 1	Bt6 1	Bt4 1	
68	Bt10 1	
69	Bt4 1	Bt9 1	
70	Bt4 1	
71	Bt26 1	Bt7 1	
72	Bt9 1	
73	Bt6 1	
74	Bt9 1	Bt10 1	
75	Bt4 1	
76	Bt6 1	
77	Bt6 1	Bt4 1	
78	Bt4 3	Bt11 1	Bt5 1	
79	Bt4 1	
80	Bt6 1	
81	Bt4 1	
82	Bt4 1	
83	Bt6 1	
84	Bt4 1	
85	Bt7 1	
86	Bt9 1	Bt7 1	
87	Bt4 1	
88	Bt4 3	Bt10 1	Bt9 1	
89	Bt7 1	
90	Bt4 1	
91	Bt8 1	
92	Bt10 1	Bt15 1	Bt21 1	
93	Bt4 1	
94	Bt5 1	
95	Bt4 1	Bt10 1	
96	Bt9 1	
97	Bt7 1	
98	Bt3 1	
99	Bt3 1	Bt14 1	
100	Bt8 1	
101	Bt4 1	
102	Bt10 1	Bt4 1	
103	Bt4 1	Bt6 1	
104	Bt4 1	Bt9 1	
105	Bt10 1	
106	Bt6 1	Bt4 1	Bt9 1	
107	Bt4 1	Bt9 1	Bt13 1	
108	Bt4 1	Bt3 1	Bt8 1	
109	Bt4 1	Bt23 1	

DISTANCE MATRIX
0.0 2694.2 2659.8 2571.2 2587.2 2621.1 2470.0 2533.2 2577.5 2602.7 2610.1 2530.9 2510.7 2620.1 2574.5 2574.6 2548.1 2567.7 2647.4 2560.3 2485.0 2498.5 2487.3 2643.8 2577.7 2417.3 2597.7 2646.6 2593.9 2591.4 2610.6 2617.2 2526.0 2614.3 2468.3 2534.4 2553.8 2545.7 2529.4 2571.2 2567.3 2565.1 2537.3 2646.5 2667.0 2631.8 2528.3 2421.1 2660.6 2582.3 2679.6 2571.6 2579.0 2576.4 2587.6 2527.8 2639.4 2564.8 2613.4 2512.1 2583.3 2561.5 2566.9 2455.1 2598.9 2525.0 2542.8 2618.4 2511.9 2515.8 2418.3 2658.6 2468.1 2590.0 2637.7 2523.8 2560.7 2630.0 2524.1 2518.0 2558.9 2584.0 2566.9 2466.0 2530.8 2589.2 2513.8 2571.5 2490.9 2537.1 2562.1 2615.4 2688.4 2605.5 2549.4 2523.2 2536.8 2532.9 2480.0 2675.4 2596.1 2471.6 2519.0 2547.3 2527.2 2575.2 2564.1 2660.1 2609.5 2645.4
2631.8 0.0 39.5 182.8 289.9 129.7 294.7 192.9 175.8 151.3 74.9 276.1 186.8 134.8 226.0 196.0 250.8 270.4 129.7 142.1 264.5 226.7 354.3 235.2 202.5 247.7 117.3 254.3 292.5 83.9 215.7 113.5 270.7 133.9 335.3 257.8 256.5 211.2 243.3 247.3 135.6 185.4 224.0 197.8 46.0 294.2 169.7 243.8 77.3 146.1 9.2 128.6 230.5 93.6 165.7 196.1 241.9 120.9 294.2 186.3 286.0 256.1 241.5 233.6 152.0 245.6 227.8 227.1 235.3 256.9 246.7 89.5 206.9 254.7 189.8 226.5 193.3 195.5 229.1 263.2 210.4 258.6 186.4 301.9 254.2 162.3 148.1 136.5 173.5 282.3 175.6 257.2 10.9 133.6 266.6 245.0 161.0 239.8 288.7 37.6 88.9 192.0 242.4 187.8 245.5 99.3 253.0 240.1 266.3 113.9
2585.1 36.3 0.0 151.9 270.8 101.1 254.5 153.3 136.2 134.1 35.3 236.5 147.2 151.5 206.9 194.9 231.7 251.3 127.4 108.1 224.9 195.8 314.7 216.1 170.7 208.1 77.7 235.2 277.5 113.5 207.0 73.9 251.6 94.3 295.7 218.2 237.4 173.8 203.7 207.7 165.2 148.6 184.4 178.7 44.9 275.1 150.6 204.2 51.3 110.8 20.2 158.2 211.4 123.2 126.1 156.5 222.8 90.0 275.1 167.2 266.9 213.9 240.4 200.6 171.8 242.7 226.7 208.0 195.7 217.3 207.1 88.4 167.3 235.6 170.7 207.4 162.4 178.4 200.6 223.6 191.3 185.0 146.8 262.3 214.6 162.1 108.5 96.9 133.9 242.7 136.0 238.1 42.1 132.5 239.3 209.9 141.9 200.2 249.1 36.5 49.3 152.4 202.8 148.2 205.9 73.2 225.7 221.0 247.2 143.5
2503.9 188.1 162.4 0.0 311.8 106.0 173.3 109.0 113.6 138.8 117.0 185.9 96.2 156.2 204.1 177.2 272.7 292.3 135.8 64.7 156.1 43.8 272.5 232.6 157.3 157.5 105.7 251.7 318.5 113.8 156.0 123.6 292.6 99.2 253.5 132.2 278.4 122.8 122.5 156.7 186.5 101.2 103.2 192.2 135.2 316.1 191.6 153.6 128.8 86.7 172.0 182.5 199.6 147.5 123.7 33.3 239.3 71.7 316.1 208.2 307.9 237.3 222.7 150.0 171.2 226.8 209.0 221.5 145.1 136.1 156.5 129.6 109.4 276.6 187.2 248.4 10.5 194.9 119.4 173.0 232.3 171.6 103.0 184.1 135.2 161.5 57.9 75.9 83.3 192.1 103.0 261.1 193.9 96.8 188.7 128.7 182.9 119.0 170.9 143.6 103.0 101.8 145.1 115.2 124.7 97.6 175.1 237.5 264.6 154.7
2576.0 309.5 275.1 297.2 0.0 357.1 260.8 224.0 377.6 390.1 310.5 161.4 199.0 396.9 146.0 195.8 48.8 29.7 391.8 256.1 220.8 256.1 272.3 97.0 173.7 183.7 333.7 52.6 6.6 327.4 206.6 282.0 112.6 350.3 253.3 211.5 76.4 202.1 274.6 221.4 397.7 365.2 255.3 184.4 282.3 55.8 171.6 179.8 275.9 268.4 294.9 390.7 150.5 355.7 382.1 263.8 92.6 287.3 65.0 149.9 4.0 178.6 184.0 162.3 414.1 143.8 161.6 122.1 230.3 288.2 182.7 302.3 238.2 63.6 106.1 73.3 286.7 98.4 271.5 168.5 130.4 188.0 367.0 229.4 214.5 424.4 249.8 267.3 222.8 167.6 226.6 118.5 303.7 220.8 177.2 280.8 162.9 271.1 243.4 290.7 315.7 241.3 224.4 211.8 276.8 311.2 207.1 66.1 101.1 376.0
2582.8 130.5 94.1 112.2 365.0 0.0 281.2 204.8 94.2 92.1 86.8 240.5 151.2 85.8 301.1 233.2 325.9 345.5 80.7 159.6 268.4 156.1 318.7 310.3 212.3 212.1 36.2 329.4 371.7 73.4 211.0 155.3 345.8 7.2 299.7 222.2 331.6 177.8 234.8 211.7 86.6 106.6 215.5 272.9 139.1 369.3 244.8 208.2 145.5 192.2 114.4 79.6 305.6 44.6 84.1 145.6 317.0 102.9 369.3 261.4 361.1 267.6 253.0 204.6 103.0 246.7 257.3 302.2 199.7 248.4 211.1 178.0 198.4 329.8 264.9 301.6 122.7 272.6 231.7 227.6 285.5 270.1 104.8 296.4 218.6 113.3 112.5 148.4 137.9 246.7 215.3 332.3 136.3 209.1 243.3 241.0 236.1 231.3 283.2 130.7 100.8 156.4 206.8 227.5 237.0 57.2 229.7 315.2 341.4 64.9
2465.7 300.5 270.9 212.0 241.8 261.9 0.0 170.7 235.5 294.9 250.9 144.4 186.4 307.7 233.0 168.2 202.7 222.3 288.2 206.7 96.8 136.0 99.1 308.9 219.4 171.2 238.5 294.5 243.8 232.2 213.1 258.0 217.7 255.1 80.1 157.2 208.4 168.5 81.3 197.3 307.9 225.9 112.1 303.0 269.7 294.5 200.9 175.0 250.5 227.4 291.8 288.5 245.7 265.9 286.9 168.6 304.5 205.6 268.0 184.7 237.9 179.5 188.0 119.9 258.8 150.6 168.4 274.9 134.7 67.7 172.2 274.7 140.8 255.1 238.6 178.4 201.5 244.3 106.7 131.5 217.4 205.1 224.9 63.6 153.6 252.6 152.1 212.3 132.3 150.6 199.0 273.9 312.1 259.9 162.9 79.6 209.4 84.8 77.6 277.5 236.9 112.4 141.8 184.2 78.1 216.0 164.7 307.4 274.6 289.1
2496.7 179.8 150.2 102.9 231.3 187.3 166.7 0.0 194.9 220.1 104.8 157.4 39.7 237.5 130.1 94.8 192.2 211.8 215.0 32.0 148.9 102.5 265.3 158.6 83.3 164.8 165.3 177.7 230.6 141.1 82.0 108.9 212.1 180.5 246.3 58.2 197.9 48.8 115.3 82.7 242.2 185.3 96.0 133.7 141.0 215.5 111.1 160.9 122.4 72.0 170.5 235.2 117.4 200.2 205.0 59.5 165.3 80.4 218.4 127.7 227.4 145.6 114.7 150.7 249.0 144.4 126.6 118.9 77.0 128.9 163.8 114.9 78.9 193.9 113.2 167.9 92.4 120.9 101.1 129.2 145.7 97.6 184.3 176.9 61.2 242.8 65.2 43.2 90.6 163.6 73.6 149.0 190.8 82.1 145.5 121.5 102.4 111.8 163.7 149.4 90.8 109.1 71.1 58.8 117.5 124.9 131.9 163.5 151.4 220.5
2545.1 181.9 145.5 111.5 382.8 90.5 226.9 206.4 0.0 25.1 138.2 260.1 201.8 42.5 318.9 283.8 343.7 363.3 76.0 161.2 250.1 155.4 326.1 338.2 262.9 231.7 87.6 357.3 389.5 124.8 261.6 154.6 363.6 83.7 307.1 237.8 349.4 228.4 183.3 262.3 88.5 12.3 197.2 272.9 165.7 387.1 262.6 227.8 159.3 191.5 165.8 81.5 323.4 135.2 10.1 143.1 344.9 102.2 387.1 279.2 378.9 287.2 272.6 224.2 80.8 266.3 315.6 302.2 219.3 196.9 230.7 177.3 159.2 347.6 292.8 319.4 122.0 300.5 213.4 247.2 303.3 277.2 10.5 244.9 238.2 71.1 132.1 150.0 157.5 266.3 212.8 351.8 187.7 206.6 262.9 189.5 253.9 179.8 231.7 174.1 133.5 176.0 226.4 225.0 185.5 108.6 249.3 343.1 343.0 94.9
2559.5 159.5 123.1 136.4 394.0 68.1 251.8 231.3 24.8 0.0 115.8 269.5 180.2 17.4 330.1 262.2 354.9 374.5 53.6 186.1 275.0 180.3 351.0 339.3 241.3 241.1 65.2 358.4 400.7 102.4 240.0 179.5 374.8 61.3 332.0 251.2 360.6 206.8 208.2 240.7 63.3 37.2 222.1 297.8 168.1 398.3 273.8 237.2 174.5 216.4 143.4 56.3 334.6 112.8 14.7 168.0 346.0 127.1 398.3 290.4 390.1 296.6 282.0 233.6 78.4 275.7 286.3 327.1 228.7 221.8 240.1 202.2 184.1 358.8 293.9 330.6 146.9 301.6 238.3 256.6 314.5 299.1 35.4 269.8 247.6 68.7 141.5 174.9 166.9 275.7 237.7 361.3 165.3 231.5 272.3 214.4 265.1 204.7 256.6 159.7 129.8 185.4 235.8 249.9 210.4 86.2 258.7 344.2 367.9 72.5
2567.8 81.7 45.3 116.5 316.6 83.8 237.2 117.9 118.9 116.8 0.0 219.2 129.9 134.2 248.4 204.1 277.5 297.1 110.1 72.7 207.6 160.4 297.4 266.3 191.0 190.8 60.4 285.4 323.3 85.6 189.7 84.1 292.5 77.0 278.4 200.9 283.2 156.5 186.4 190.4 137.3 131.3 167.1 202.4 90.3 316.6 192.1 186.9 88.8 113.6 65.6 130.3 252.9 95.3 108.8 121.1 273.0 54.6 316.6 208.7 312.7 246.3 231.7 183.3 153.7 225.4 235.9 231.7 178.4 200.0 189.8 106.8 150.0 277.1 220.9 253.2 127.0 228.6 183.3 206.3 232.8 248.8 129.5 245.0 197.3 144.8 91.2 61.5 116.6 225.4 129.9 281.3 87.5 123.7 222.0 192.6 183.4 182.9 231.8 81.9 14.0 135.1 185.5 142.1 188.6 55.9 208.4 271.2 272.5 115.6
2460.9 276.2 241.8 177.9 151.2 227.8 133.2 156.9 248.3 260.8 277.2 0.0 131.9 273.0 153.4 109.6 112.1 131.7 254.1 189.0 93.2 177.5 144.7 218.3 148.6 56.1 204.4 203.9 157.9 198.1 176.6 248.7 127.1 221.0 125.7 102.7 117.8 114.0 165.2 160.8 273.8 235.9 149.7 212.4 249.0 203.9 110.3 52.2 242.6 227.0 261.6 266.8 157.9 231.8 252.8 134.5 213.9 171.5 177.4 94.1 147.3 88.9 117.2 34.7 290.2 60.0 77.8 184.3 80.2 151.6 55.1 216.1 171.1 164.5 212.2 87.8 167.4 204.5 132.3 22.9 137.8 134.3 237.7 101.8 99.1 288.8 120.5 200.2 97.6 6.2 179.8 187.4 270.4 187.5 72.3 159.0 118.8 168.7 115.8 257.4 202.8 78.3 87.3 165.0 163.0 181.9 87.0 217.4 184.0 252.1
2456.9 204.3 171.0 125.4 223.7 158.0 126.3 22.4 217.4 191.0 127.3 126.3 0.0 203.2 107.8 72.5 184.6 204.2 184.3 54.5 109.1 57.0 225.5 136.3 61.0 97.9 134.6 155.4 230.4 128.3 59.7 116.4 199.6 151.2 206.5 35.9 190.3 26.5 75.5 60.4 204.0 205.0 56.2 111.4 151.4 193.2 88.8 94.0 145.0 79.5 188.2 197.0 103.3 162.0 227.5 82.0 143.0 102.9 196.1 105.4 219.8 153.4 92.4 90.4 220.4 132.5 143.1 96.6 85.5 89.1 96.9 107.9 39.1 212.5 90.9 160.3 114.9 98.6 72.4 113.4 168.2 75.3 206.8 137.1 38.9 219.0 87.7 65.7 23.7 132.5 51.3 126.7 199.6 93.1 129.1 81.7 80.1 72.0 123.9 159.8 113.3 42.2 92.6 36.5 77.7 112.1 115.5 141.2 129.1 182.3
2542.1 169.2 139.6 152.9 410.5 84.6 268.3 247.8 41.3 16.4 132.3 286.0 196.7 0.0 346.6 278.7 371.4 391.0 70.1 202.6 291.5 196.8 367.5 355.8 257.8 257.6 81.7 374.9 413.1 118.9 256.5 196.0 391.3 77.8 348.5 267.7 377.1 223.3 224.7 257.2 45.9 50.9 238.6 314.3 184.6 414.8 290.3 253.7 188.5 232.9 159.9 26.8 359.3 51.9 31.2 184.5 362.5 143.6 414.8 306.9 406.6 313.1 298.5 250.1 66.0 292.2 302.8 343.6 245.2 238.3 256.6 218.7 200.6 375.3 310.4 347.1 163.4 316.1 243.7 273.1 331.0 315.6 51.9 286.3 264.1 72.6 160.9 191.4 183.4 292.2 254.2 377.8 180.2 248.0 288.8 226.4 281.6 221.2 273.1 176.2 146.3 201.9 252.3 266.4 226.9 102.7 275.2 360.7 384.4 89.0
2554.9 201.8 172.7 196.1 138.6 256.0 224.3 122.9 276.5 289.0 208.1 163.3 97.9 294.5 0.0 103.8 99.5 119.1 282.3 160.6 202.2 155.0 274.2 123.8 72.6 195.9 232.6 126.6 141.2 226.3 105.5 179.6 96.5 249.2 255.2 110.4 105.2 101.0 173.5 120.3 295.3 264.1 154.2 115.6 179.9 111.8 70.5 192.0 138.3 153.7 192.5 288.3 9.4 253.3 281.0 162.7 119.4 184.9 111.8 67.5 134.7 96.2 101.6 192.2 315.4 135.3 117.5 87.5 129.2 187.1 194.9 159.2 137.1 72.3 58.1 75.2 185.6 65.8 162.8 174.0 15.6 86.9 265.9 235.1 113.4 317.0 146.2 166.2 121.7 169.5 125.5 84.5 202.9 118.4 138.3 179.7 61.8 170.0 221.9 188.3 213.3 140.2 123.3 110.7 176.7 210.1 124.7 140.1 107.5 273.6
2520.1 202.8 184.9 184.2 171.6 221.2 174.5 88.1 241.7 254.2 204.1 118.0 63.1 266.4 90.4 0.0 132.5 152.1 247.5 131.3 134.4 120.2 228.9 170.6 76.8 135.6 197.8 173.4 178.3 191.5 70.7 154.2 161.3 214.4 209.9 75.6 138.2 66.2 138.7 85.5 267.2 229.3 119.4 162.4 149.9 158.6 62.2 131.7 143.5 117.3 186.7 260.2 94.9 225.2 246.2 140.8 166.2 172.9 158.6 68.7 167.7 60.0 45.4 128.1 283.6 49.5 31.7 134.3 80.9 152.3 134.6 106.4 102.3 119.1 107.4 108.2 173.7 115.1 135.6 106.2 74.8 62.5 231.1 171.8 78.6 282.2 146.5 142.5 86.9 124.2 113.6 131.3 208.6 91.6 70.5 144.9 70.7 135.2 158.6 158.3 190.1 105.4 88.0 75.9 140.9 175.3 56.9 186.9 154.3 245.5
2527.1 260.6 226.2 286.4 39.0 327.4 211.9 194.4 352.9 360.4 261.6 112.5 169.4 348.0 110.0 144.5 0.0 19.5 342.9 233.5 171.9 226.5 223.4 106.1 144.1 134.8 304.0 91.7 45.7 297.1 177.0 233.1 63.7 320.6 204.4 181.9 27.5 172.5 243.9 191.8 348.8 340.5 228.4 140.1 233.4 91.7 94.7 130.9 227.0 219.5 246.0 341.8 114.5 306.8 352.4 243.0 101.7 238.4 65.2 78.5 35.1 100.3 128.6 113.4 365.2 94.9 112.7 116.0 176.9 230.3 133.8 225.0 208.6 52.3 100.0 24.4 275.9 92.3 211.0 119.6 94.4 145.7 342.3 180.5 184.9 375.5 199.2 244.7 193.2 118.7 215.8 90.6 254.8 171.9 128.3 237.7 103.2 247.4 194.5 241.8 266.8 157.0 184.0 182.2 241.7 260.6 143.0 105.2 71.8 327.1
2546.2 279.7 245.3 305.5 19.4 346.5 231.0 213.5 372.0 379.5 280.7 131.6 188.5 367.1 129.1 163.6 19.0 0.0 362.0 252.6 191.0 245.6 242.5 116.5 163.2 153.9 323.1 72.1 26.1 316.2 196.1 252.2 82.8 339.7 223.5 201.0 46.6 191.6 263.0 210.9 367.9 359.6 247.5 159.2 252.5 72.1 113.8 150.0 246.1 238.6 265.1 360.9 133.6 325.9 371.5 262.1 112.1 257.5 59.5 97.6 15.5 119.4 147.7 132.5 384.3 114.0 131.8 124.1 196.0 249.4 152.9 244.1 227.7 60.4 108.1 43.5 295.0 100.4 230.1 138.7 113.5 164.8 361.4 199.6 204.0 394.6 218.3 263.8 212.3 137.8 234.9 112.8 273.9 191.0 147.4 256.8 122.3 266.5 213.6 260.9 285.9 176.1 203.1 201.3 260.8 279.7 162.1 85.6 79.9 346.2
2563.5 149.9 113.5 130.2 384.4 58.5 265.7 224.2 72.8 70.7 106.2 259.9 170.6 66.5 320.5 252.6 345.3 364.9 0.0 179.0 285.8 174.1 364.9 329.7 231.7 231.5 55.6 348.8 391.1 92.8 230.4 173.3 365.2 51.7 345.9 241.6 351.0 197.2 222.1 231.1 67.3 85.2 232.9 291.6 158.5 388.7 264.2 227.6 164.9 210.2 133.8 60.3 325.0 50.6 62.7 163.6 336.4 120.9 388.7 280.8 380.5 287.0 272.4 224.0 83.7 266.1 276.7 320.9 219.1 235.7 230.5 196.0 194.9 349.2 284.3 321.0 140.7 292.0 249.1 247.0 304.9 289.5 83.4 283.7 238.0 94.0 131.9 167.8 157.3 266.1 233.3 351.7 155.7 227.1 262.7 228.3 255.5 218.6 270.5 150.1 120.2 175.8 226.2 245.5 224.3 76.6 249.1 334.6 360.8 18.8
2530.6 142.1 118.1 91.7 279.4 155.2 200.6 50.7 162.8 188.0 72.7 182.0 92.7 205.4 202.0 131.3 240.3 259.9 182.9 0.0 170.4 96.9 260.2 203.8 128.5 153.6 133.2 222.9 282.0 158.4 127.2 77.7 246.7 148.4 241.2 103.4 251.6 99.6 149.2 127.9 210.1 153.2 129.9 146.3 108.9 270.2 145.7 149.7 90.3 45.1 138.4 190.7 162.6 168.1 172.9 48.3 216.1 48.3 270.2 162.3 275.5 191.4 176.8 139.5 216.9 180.9 163.1 181.2 141.2 168.4 152.6 89.3 138.9 230.7 164.0 216.0 81.2 164.1 135.0 169.1 186.4 142.8 152.2 207.8 106.4 210.7 56.9 11.1 85.0 188.2 57.1 215.2 153.1 50.9 184.8 150.9 137.0 145.7 194.6 117.3 58.7 97.9 153.9 74.9 152.4 113.7 176.8 208.7 224.3 191.3
2502.9 269.6 233.2 174.3 200.0 224.2 89.0 145.7 244.7 257.2 213.2 102.6 148.7 269.4 195.3 130.5 160.9 180.5 250.5 163.4 0.0 114.6 126.5 267.1 181.7 131.2 200.8 252.7 206.7 194.5 175.4 220.3 175.9 217.4 107.5 119.5 166.6 130.8 96.6 159.6 270.2 232.3 56.4 261.2 231.4 252.7 159.1 88.3 225.0 185.4 253.5 263.2 199.8 228.2 249.2 130.9 262.7 167.9 226.2 142.9 196.1 137.7 150.3 80.3 286.6 108.8 126.6 233.1 97.0 83.0 132.2 237.0 85.1 213.3 214.2 136.6 163.8 253.3 39.0 89.7 179.7 167.4 234.1 83.6 115.9 285.2 116.9 174.6 94.0 108.8 174.6 236.2 319.2 222.2 121.1 90.4 167.6 100.1 73.1 239.8 199.2 74.7 104.1 159.8 94.4 178.3 127.0 266.2 232.8 248.5
2460.0 222.4 199.7 41.0 257.0 147.1 129.4 74.8 154.7 179.9 154.3 159.6 52.3 197.3 160.2 124.9 217.9 237.5 176.9 81.5 112.2 0.0 228.6 188.7 113.4 131.2 136.9 207.8 259.6 130.6 112.1 140.4 242.2 140.3 209.6 88.3 223.6 78.9 78.6 112.8 206.3 145.1 59.3 163.8 176.3 245.6 141.2 127.3 169.9 107.8 213.1 199.3 147.5 164.3 164.8 50.1 195.4 112.8 248.5 157.8 253.1 175.7 144.8 201.0 208.8 165.8 156.7 149.0 107.1 92.2 130.2 146.4 42.2 224.0 143.3 193.6 30.5 149.0 64.4 146.7 175.8 127.7 144.1 140.2 91.3 202.6 64.0 92.7 57.0 165.8 103.7 179.1 233.4 113.6 162.4 80.3 132.5 75.1 127.0 184.7 140.3 75.5 101.2 88.9 80.8 114.4 148.8 193.6 181.5 184.6
2452.4 396.5 362.1 265.5 271.5 315.4 97.3 236.9 335.9 348.4 304.4 174.1 214.4 360.6 273.7 229.9 232.4 252.0 341.7 254.6 126.5 265.1 0.0 338.6 268.9 200.9 292.0 324.2 278.2 285.7 291.0 311.5 247.4 308.6 19.0 241.0 238.1 252.3 156.7 275.2 361.4 323.5 183.0 332.7 322.6 324.2 230.6 204.7 316.2 276.6 381.9 354.4 278.2 319.4 340.4 222.1 334.2 259.1 297.7 214.4 267.6 209.2 237.5 151.8 377.8 180.3 198.1 304.6 218.5 143.1 201.9 336.4 211.7 284.8 332.5 208.1 255.0 324.8 165.6 161.2 258.1 254.6 325.3 93.3 237.4 327.1 208.1 265.8 185.2 180.3 265.8 307.7 390.7 307.8 192.6 150.5 239.1 160.2 107.3 331.0 290.4 165.9 225.6 251.0 154.5 269.5 207.3 337.7 304.3 339.7
2581.6 233.8 199.4 222.8 115.1 282.7 251.0 149.6 303.2 315.7 234.8 214.3 124.6 321.2 81.7 130.5 112.2 100.8 309.0 181.7 233.8 181.7 325.2 0.0 99.3 222.6 259.3 94.1 108.1 253.0 132.2 206.3 178.3 275.9 306.2 137.1 134.8 127.7 200.2 147.0 322.0 290.8 180.9 82.5 206.6 79.3 97.2 218.7 200.2 180.4 219.2 315.0 77.2 280.0 307.7 189.4 6.6 211.6 61.3 113.8 116.4 161.6 130.7 215.1 338.4 180.1 162.3 47.7 155.9 213.8 221.6 185.9 163.8 76.8 31.7 136.7 212.3 24.0 197.1 208.1 97.3 113.6 292.6 261.8 140.1 343.7 175.4 192.9 148.4 220.5 152.2 51.6 228.0 145.1 201.1 206.4 88.5 196.7 248.6 215.0 240.0 166.9 150.0 137.4 202.4 236.8 187.5 107.6 31.6 300.3
2508.7 190.8 156.4 149.9 191.2 209.8 178.1 76.7 230.3 242.8 181.6 163.4 51.7 255.0 110.6 57.6 152.1 171.7 236.1 108.8 160.9 108.8 277.3 190.8 0.0 149.7 186.4 193.6 197.9 180.1 59.3 144.4 181.5 203.0 258.3 64.2 157.8 54.8 127.3 74.1 255.8 217.9 108.0 96.8 156.5 178.8 82.4 145.8 150.1 107.5 176.2 248.8 115.1 213.8 234.8 116.5 186.4 157.2 178.8 88.9 187.3 62.2 31.3 142.2 272.2 107.2 89.4 154.5 83.0 140.9 148.7 113.0 90.9 139.3 76.3 127.8 139.4 84.0 124.2 135.2 95.0 14.2 219.7 188.9 67.2 270.8 102.5 120.0 75.5 169.6 79.3 151.5 185.0 96.4 122.3 133.5 90.9 123.8 175.7 164.9 167.6 94.0 77.1 64.5 129.5 163.9 108.7 207.1 174.5 234.1
2404.7 249.1 212.7 153.8 177.8 203.7 127.1 125.2 224.2 236.7 192.7 80.4 102.7 248.9 180.0 128.0 138.7 158.3 230.0 142.9 87.1 153.4 138.6 244.9 175.2 0.0 180.3 230.5 184.5 174.0 172.9 199.8 153.7 196.9 119.6 117.0 144.4 128.3 139.2 163.2 249.7 211.8 119.9 214.2 210.9 230.5 136.9 3.7 204.5 164.9 233.0 242.7 184.5 207.7 228.7 110.4 240.5 147.4 204.0 120.7 173.9 115.5 143.8 37.7 266.1 86.6 104.4 210.9 94.5 137.8 0.9 207.8 102.8 191.1 193.7 114.4 143.3 201.4 111.8 67.5 164.4 160.9 213.6 95.7 113.4 264.7 96.4 154.1 73.5 86.6 154.1 214.0 254.9 175.0 98.9 145.2 145.4 135.7 109.7 219.3 178.7 54.2 101.6 139.3 141.4 157.8 113.6 244.0 210.6 228.0
2597.8 107.3 70.9 92.1 341.8 56.4 265.5 176.0 91.5 89.4 63.6 217.3 128.0 98.6 277.9 253.4 302.7 322.3 82.7 130.8 248.3 136.0 295.5 287.1 189.1 188.9 0.0 306.2 348.5 50.2 187.8 124.2 322.6 49.6 276.5 199.0 308.4 154.6 214.7 188.5 99.4 103.9 195.4 242.5 115.9 346.1 221.6 185.0 122.3 161.1 91.2 92.4 282.4 57.4 81.4 125.5 293.8 71.8 346.1 238.2 337.9 244.4 229.8 181.4 115.8 223.5 234.1 271.8 176.5 228.3 187.9 146.9 187.7 306.6 241.7 278.4 102.6 249.4 211.6 204.4 262.3 246.9 102.1 276.3 195.4 117.4 89.3 119.6 114.7 223.5 186.3 321.4 113.1 181.8 220.1 220.9 212.9 211.2 263.1 107.5 77.6 133.2 183.6 198.5 216.9 34.0 206.5 292.0 312.6 77.7
2603.3 255.5 221.1 244.5 55.5 304.4 272.7 171.3 324.9 337.4 256.5 217.0 146.3 342.9 103.4 152.2 104.4 85.3 330.7 203.4 255.5 203.4 327.9 49.2 121.0 244.3 281.0 0.0 48.5 274.7 153.9 228.0 168.2 297.6 308.9 158.8 144.5 149.4 221.9 168.7 343.7 312.5 202.6 104.2 228.3 37.7 118.9 240.4 221.9 202.1 240.9 336.7 98.9 301.7 329.4 211.1 55.9 233.3 66.9 135.5 59.6 180.5 152.4 217.9 360.1 201.8 184.0 69.4 177.6 235.5 243.3 207.6 185.5 65.5 53.4 128.9 234.0 45.7 218.8 229.8 119.0 135.3 314.3 283.5 161.8 365.4 197.1 214.6 170.1 223.2 173.9 73.3 249.7 166.8 222.6 228.1 110.2 218.4 270.3 236.7 261.7 188.6 171.7 159.1 224.1 258.5 209.0 13.4 53.3 322.0
2578.7 321.4 292.3 294.6 2.7 354.5 262.9 221.4 375.0 387.5 327.7 164.1 196.4 414.1 143.4 193.2 51.5 32.4 409.0 259.1 223.5 253.5 275.0 94.4 171.1 186.4 331.1 50.0 0.0 324.8 204.0 299.2 115.3 347.7 256.0 208.9 79.1 199.5 272.0 218.8 414.9 362.6 252.7 181.8 299.5 53.2 169.0 182.5 293.1 256.5 312.1 395.8 140.8 372.9 379.5 261.2 90.0 304.5 62.4 147.3 6.8 176.0 181.4 193.0 435.0 146.5 164.3 119.5 227.7 285.6 185.4 299.7 235.6 61.0 103.5 76.0 284.1 97.8 257.8 171.2 127.8 185.4 364.4 232.1 211.9 441.6 244.7 264.7 220.2 170.3 224.0 115.9 322.5 238.0 179.9 273.7 160.3 268.5 246.1 307.9 332.9 238.7 221.8 209.2 274.2 308.6 204.5 63.5 98.5 393.2
2547.5 117.1 80.7 113.4 306.5 69.7 227.1 142.3 116.2 91.3 73.4 209.1 119.8 74.8 266.6 201.8 267.4 287.0 69.7 105.9 197.5 136.4 287.3 256.2 180.9 180.7 75.0 275.3 313.2 0.0 179.6 121.6 282.4 77.0 268.3 190.8 273.1 146.4 176.3 180.3 75.6 128.6 157.0 231.3 125.7 334.8 238.4 176.8 126.3 127.9 101.0 68.6 223.2 33.6 106.1 93.4 262.9 69.2 332.7 249.4 302.6 236.2 221.6 173.2 92.0 215.3 225.9 216.5 168.3 189.9 179.7 144.3 139.9 295.3 210.8 243.1 123.9 218.5 173.2 196.2 251.0 238.7 126.8 234.9 187.2 102.3 81.1 117.0 106.5 215.3 144.2 246.6 122.9 138.0 211.9 182.5 220.9 172.8 221.7 117.3 87.4 125.0 175.4 156.4 178.5 15.3 198.3 261.1 249.0 53.9
2507.2 222.4 189.1 148.4 241.2 208.3 176.6 75.2 228.8 241.3 180.1 161.9 50.2 253.5 162.5 97.7 202.1 221.7 234.6 107.3 159.4 107.3 275.8 242.7 148.9 148.2 184.9 245.5 247.9 178.6 0.0 142.9 217.1 201.5 256.8 62.7 207.8 53.3 125.8 55.6 254.3 216.4 106.5 129.5 169.5 230.7 134.3 144.3 163.1 106.0 206.3 247.3 167.0 212.3 233.3 115.0 238.3 155.7 230.7 140.8 237.3 132.1 117.5 140.7 270.7 139.6 121.8 114.7 81.5 139.4 147.2 126.0 89.4 191.2 109.0 177.8 137.9 116.7 122.7 133.7 146.9 134.6 218.2 187.4 65.7 269.3 101.0 118.5 74.0 168.1 77.8 203.4 217.7 111.2 89.8 132.0 142.8 122.3 174.2 177.9 166.1 92.5 75.6 63.0 128.0 162.4 76.2 159.3 226.4 232.6
2567.9 120.3 83.9 105.6 286.6 150.6 237.3 122.0 158.2 183.4 86.1 219.3 130.0 200.8 182.9 154.2 247.5 267.1 180.1 79.8 207.7 149.5 297.5 211.4 136.1 190.9 130.4 230.5 293.3 152.1 134.8 0.0 267.4 143.8 278.5 131.3 253.2 121.9 186.5 190.5 203.8 145.8 167.2 169.2 69.5 290.9 166.4 187.0 63.1 36.9 104.2 196.8 178.4 161.8 168.3 107.2 218.1 43.7 290.9 183.0 282.7 214.3 199.7 183.4 215.8 203.8 186.0 198.5 178.5 200.1 189.9 81.1 150.1 251.4 166.0 223.2 116.1 173.7 183.4 206.4 207.1 150.4 147.6 245.1 134.3 206.1 91.3 68.6 116.7 225.5 62.0 238.1 126.1 73.8 222.1 192.7 157.7 183.0 231.9 77.9 72.1 135.2 185.6 74.2 188.7 109.8 208.5 216.3 241.6 182.1
2519.6 258.8 224.4 284.6 106.0 325.6 210.1 192.6 351.1 358.6 259.8 110.7 167.6 346.2 90.2 142.7 66.9 86.5 341.1 231.7 170.1 224.7 221.6 173.1 142.3 133.0 302.2 158.7 112.7 295.3 175.2 231.3 0.0 318.8 202.6 180.1 72.6 170.7 242.1 190.0 347.0 338.7 226.6 180.2 231.6 158.7 92.9 129.1 225.2 217.7 244.2 340.0 94.7 305.0 350.6 241.2 168.7 236.6 132.2 76.7 102.1 98.5 126.8 111.6 363.4 93.1 110.9 152.1 175.1 228.5 132.0 223.2 206.8 119.3 174.9 42.6 274.1 159.3 209.2 117.8 74.6 143.9 340.5 178.7 183.1 373.7 197.4 242.9 191.4 116.9 214.0 149.1 253.0 170.1 126.5 235.9 101.4 245.6 192.7 240.0 265.0 155.2 182.2 180.4 239.9 258.8 141.2 172.2 138.8 325.3
2589.6 123.2 86.8 104.9 357.7 6.7 273.9 197.5 86.9 84.8 79.5 233.2 143.9 92.6 293.8 225.9 318.6 338.2 78.1 152.3 261.1 148.8 311.4 303.0 205.0 204.8 28.9 322.1 364.4 66.1 203.7 148.0 338.5 0.0 292.4 214.9 324.3 170.5 227.5 204.4 93.4 99.3 208.2 265.6 131.8 362.0 237.5 200.9 138.2 184.9 107.1 86.4 298.3 51.4 76.8 138.3 309.7 95.6 362.0 254.1 353.8 260.3 245.7 197.3 109.8 239.4 250.0 294.9 192.4 241.1 203.8 170.7 191.1 322.5 257.6 294.3 115.4 265.3 224.4 220.3 278.2 262.8 97.5 289.1 211.3 112.8 105.2 141.1 130.6 239.4 208.0 325.0 129.0 201.8 236.0 233.7 228.8 224.0 275.9 123.4 93.5 149.1 199.5 220.2 229.7 49.9 222.4 307.9 334.1 71.7
2433.4 377.5 343.1 246.5 252.5 296.4 78.3 217.9 316.9 329.4 285.4 155.1 195.4 341.6 254.7 210.9 213.4 233.0 322.7 235.6 107.5 246.1 19.0 319.6 249.9 181.9 273.0 305.2 259.2 266.7 272.0 292.5 228.4 289.6 0.0 222.0 219.1 233.3 137.7 256.2 342.4 304.5 164.0 313.7 303.6 305.2 211.6 185.7 297.2 257.6 362.9 335.4 259.2 300.4 321.4 203.1 315.2 240.1 278.7 195.4 248.6 190.2 218.5 132.8 358.8 161.3 179.1 285.6 199.5 124.1 182.9 317.4 192.7 265.8 313.5 189.1 236.0 305.8 146.6 142.2 239.1 235.6 306.3 74.3 218.4 308.1 189.1 246.8 166.2 161.3 246.8 288.7 371.7 288.8 173.6 131.5 220.1 141.2 88.3 312.0 271.4 146.9 206.6 232.0 135.5 250.5 188.3 318.7 285.3 320.7
2486.1 230.0 196.7 127.3 214.5 187.2 155.5 54.1 207.7 220.2 159.0 99.1 29.1 232.4 141.9 77.1 175.4 195.0 213.5 86.2 117.1 86.2 228.0 222.1 128.3 118.3 163.8 224.9 221.2 157.5 122.0 142.1 190.4 180.4 209.0 0.0 181.1 11.2 104.7 106.2 233.2 195.3 85.4 137.1 177.1 210.1 113.7 114.4 170.7 105.2 213.9 226.2 146.4 191.2 212.2 93.9 217.7 134.6 210.1 120.2 210.6 111.5 96.9 110.8 249.6 119.0 101.2 185.8 18.8 118.3 117.3 133.6 68.3 170.6 116.6 151.1 116.8 124.3 101.6 70.9 126.3 114.0 197.1 154.5 2.9 248.2 79.9 97.4 52.9 105.3 77.0 182.8 225.3 118.8 87.2 110.9 122.2 101.2 141.3 185.5 145.0 71.4 12.9 62.2 106.9 141.3 73.6 238.4 205.8 211.5
2543.9 272.1 243.0 286.4 57.7 344.2 228.7 213.2 369.7 377.2 278.4 129.3 188.2 364.8 115.0 164.8 18.6 38.2 359.7 250.3 188.7 245.3 240.2 124.8 162.9 151.6 320.8 110.4 60.3 313.9 195.8 249.9 80.5 337.4 221.2 200.7 0.0 191.3 263.8 210.6 365.6 360.1 244.5 153.4 250.2 110.4 111.5 147.7 208.6 240.6 262.8 346.5 127.7 323.6 369.2 259.8 120.4 255.2 83.9 118.9 53.8 117.1 153.0 137.5 385.7 111.7 129.5 111.3 200.1 247.1 150.6 271.3 227.4 71.0 95.3 41.2 275.9 113.0 227.8 136.4 99.4 170.1 359.1 197.3 203.7 392.3 216.0 261.5 212.0 135.5 215.8 69.5 273.2 188.7 145.1 265.5 120.0 260.3 211.3 258.6 283.6 230.5 207.2 201.0 266.0 277.4 176.1 123.9 90.5 346.8
2474.8 211.9 185.4 116.0 223.9 175.9 144.2 42.8 196.4 208.9 147.7 108.5 17.8 221.1 151.3 86.5 184.8 204.4 202.2 80.5 126.5 74.9 243.4 231.5 137.7 115.8 152.5 234.3 226.5 146.2 131.4 130.8 199.8 169.1 224.4 9.4 190.5 0.0 93.4 74.8 221.9 184.0 74.1 125.8 165.8 219.5 123.1 111.9 151.0 98.2 202.6 202.5 160.8 179.9 200.9 82.6 227.1 123.3 219.5 129.6 220.0 120.9 106.3 155.4 242.0 128.4 110.6 195.2 28.2 107.0 114.8 122.3 57.0 180.0 105.3 160.5 105.5 113.0 79.2 80.3 135.7 123.4 185.8 155.0 12.4 236.9 66.1 86.1 41.6 114.7 65.7 192.2 215.6 107.5 96.6 99.6 131.6 89.9 141.8 174.2 133.7 60.1 22.3 50.9 96.6 130.0 83.0 155.6 215.2 200.2
2431.0 292.5 259.2 117.0 269.6 250.4 82.2 110.6 183.2 208.4 215.5 172.2 88.1 225.8 221.5 156.7 230.5 250.1 225.5 142.7 95.1 75.9 154.3 301.7 207.9 153.6 227.0 304.5 276.3 220.7 201.6 204.6 245.5 243.6 135.3 145.7 236.2 157.0 0.0 148.6 242.9 170.8 100.6 199.6 239.6 289.7 193.3 149.7 233.2 167.7 276.4 289.4 226.0 254.4 193.3 157.1 297.3 188.8 289.7 212.5 265.7 191.1 176.5 149.9 227.6 178.4 180.8 265.4 123.2 13.5 152.6 196.1 45.5 250.2 179.1 206.2 106.5 186.8 83.2 159.3 205.9 193.6 172.6 61.5 142.1 217.9 143.1 153.9 120.2 178.4 139.5 262.4 287.8 181.3 166.8 6.1 201.8 3.5 48.3 248.0 201.5 100.9 130.3 124.7 2.1 204.5 153.2 318.0 285.4 274.7
2507.8 237.1 203.8 149.0 235.4 208.9 177.2 75.8 229.4 241.9 180.7 162.5 50.8 254.1 156.7 91.9 196.3 215.9 235.2 107.9 160.0 107.9 276.4 236.9 143.1 148.8 185.5 239.7 242.1 179.2 45.6 149.2 211.3 202.1 257.4 63.3 202.0 53.9 126.4 0.0 254.9 217.0 107.1 144.2 184.2 224.9 128.5 144.9 177.8 112.3 221.0 247.9 161.2 212.9 233.9 115.6 232.5 156.3 224.9 135.0 231.5 126.3 111.7 141.3 271.3 133.8 116.0 200.6 82.1 140.0 147.8 140.7 90.0 185.4 123.7 172.0 138.5 131.4 123.3 134.3 141.1 128.8 218.8 188.0 66.3 269.9 101.6 119.1 74.6 168.7 84.1 197.6 232.4 125.9 84.0 132.6 137.0 122.9 174.8 192.6 166.7 93.1 76.2 69.3 128.6 163.0 70.4 253.2 220.6 233.2
2518.2 208.6 179.0 189.7 449.9 124.0 283.6 284.6 98.7 76.6 171.7 325.4 275.5 94.0 386.0 362.0 410.8 430.4 109.5 233.8 323.8 233.6 368.2 395.2 336.6 297.0 121.1 414.3 452.5 158.3 335.3 232.8 430.7 117.2 349.2 307.1 416.5 302.1 257.0 336.0 0.0 108.3 270.9 351.1 224.0 454.2 329.7 293.1 225.3 265.4 199.3 28.5 398.7 51.1 88.6 221.3 401.9 180.4 454.2 346.3 446.0 352.5 337.9 321.6 16.3 331.6 342.2 380.4 284.6 270.6 296.0 255.5 232.9 414.7 349.8 386.5 200.2 355.5 276.0 312.5 370.4 350.9 109.3 318.6 303.5 26.7 200.3 228.2 222.8 331.6 291.0 430.0 219.6 284.8 328.2 258.7 321.0 253.5 305.4 215.6 185.7 241.3 291.7 303.2 259.2 142.1 314.6 400.1 421.2 128.4
2532.7 184.7 157.9 99.1 370.4 102.9 215.1 194.0 12.3 37.5 135.1 247.7 189.4 52.1 306.5 271.4 331.3 350.9 88.4 143.2 237.7 145.8 313.7 325.8 250.5 219.3 100.0 344.9 373.0 134.4 249.2 142.2 351.2 96.1 294.7 225.4 337.0 216.0 170.9 249.9 98.1 0.0 184.8 260.5 153.3 374.7 250.2 215.4 134.7 174.8 178.2 81.5 284.6 147.6 22.5 130.7 332.5 89.8 374.7 266.8 366.5 274.8 260.2 205.2 89.7 253.9 303.2 289.8 206.9 184.5 218.3 164.9 146.8 335.2 280.4 307.0 109.6 286.1 189.9 234.8 290.9 264.8 1.7 232.5 225.8 83.5 122.6 137.6 145.1 253.9 200.4 339.4 195.7 194.2 250.5 172.6 241.5 167.4 219.3 161.7 121.1 163.6 216.8 212.6 174.1 118.2 236.9 330.7 330.6 103.9
2446.4 271.5 235.1 99.2 252.9 226.1 110.9 92.8 198.6 259.1 197.7 155.5 70.3 271.3 197.2 132.4 213.8 233.4 252.4 124.9 52.8 58.1 179.4 277.4 183.6 129.3 202.7 280.2 259.6 196.4 177.3 186.8 228.8 219.3 160.4 121.4 219.5 132.7 65.0 161.5 272.1 186.2 0.0 181.8 221.8 265.4 169.0 125.4 215.4 149.9 255.4 265.1 201.7 230.1 251.1 132.8 273.0 169.8 265.4 175.5 249.0 166.8 152.2 133.2 243.0 161.7 156.5 241.1 98.9 78.6 128.3 178.3 28.6 225.9 161.3 189.5 88.7 169.0 16.2 142.6 181.6 169.3 188.0 108.2 117.8 233.3 118.8 136.1 95.9 161.7 121.7 238.1 270.0 163.5 142.5 71.2 177.5 61.5 95.0 230.2 183.7 76.6 106.0 106.9 67.2 180.2 128.9 293.7 261.1 250.4
2581.1 201.9 166.0 198.0 170.4 267.2 250.5 169.4 276.5 300.2 201.4 224.0 124.1 277.6 81.2 165.8 131.3 150.9 272.5 145.1 268.4 197.6 334.9 86.9 98.8 259.9 243.8 106.0 173.2 226.7 131.7 156.7 180.7 260.4 315.9 136.6 137.0 127.2 199.7 146.5 278.4 264.1 180.4 0.0 157.0 144.4 107.9 256.0 150.6 131.1 185.8 271.4 76.7 236.4 286.6 154.6 93.6 162.0 144.4 124.5 166.5 162.4 167.8 224.9 294.8 201.5 183.7 29.2 155.4 213.3 258.9 138.2 163.3 104.9 41.5 135.9 187.5 49.2 196.6 240.2 114.2 113.1 265.9 305.8 139.6 305.1 160.3 156.3 185.7 230.2 127.4 117.1 184.4 83.5 204.5 205.9 99.2 196.2 292.6 165.4 190.4 204.2 149.5 139.6 201.9 242.1 190.9 91.8 123.1 256.7
2599.0 46.0 34.9 136.7 266.9 136.1 268.4 156.1 171.2 169.1 70.3 250.4 161.1 180.9 203.0 149.9 227.8 247.4 162.4 105.3 238.8 180.6 328.6 212.2 156.4 222.0 112.7 231.3 269.5 130.0 169.6 69.5 247.7 129.3 309.6 174.5 233.5 165.1 217.6 221.6 181.7 176.9 198.3 157.0 0.0 271.2 146.7 218.1 6.3 106.4 36.7 162.3 215.7 139.7 161.1 156.7 218.9 74.8 271.2 163.3 263.0 210.0 195.4 207.9 201.8 199.5 181.7 186.3 209.6 231.2 221.0 43.4 181.2 231.7 166.8 203.5 147.2 172.5 203.4 237.5 187.4 212.5 178.7 276.2 177.5 197.1 122.4 99.7 147.8 256.6 129.5 235.9 57.0 87.5 220.5 219.3 138.0 214.1 263.0 8.4 84.3 166.3 216.7 141.7 219.8 145.4 206.9 217.1 227.1 160.0
2648.1 305.1 270.7 289.3 47.4 371.9 300.5 216.1 397.4 404.9 306.1 205.4 191.1 392.5 121.8 171.6 92.8 81.4 387.4 278.0 260.4 248.2 316.3 72.8 165.8 227.7 348.5 46.4 40.4 341.6 198.7 277.6 156.6 365.1 297.3 203.6 118.4 194.2 266.7 213.5 393.3 385.0 247.4 160.2 277.9 0.0 139.2 223.8 271.5 264.0 290.5 386.3 126.3 351.3 396.9 255.9 68.4 282.9 40.8 125.7 51.5 154.4 159.8 206.3 409.7 193.5 175.7 114.2 206.9 280.3 226.7 278.1 230.3 39.4 98.2 117.3 278.8 90.5 263.6 232.2 106.2 176.9 386.8 273.4 206.6 420.0 241.9 289.2 214.9 211.6 218.7 94.3 299.3 216.4 196.5 272.9 155.0 263.2 284.6 286.3 311.3 233.4 214.0 203.9 268.9 303.3 182.9 59.9 76.9 371.6
2531.6 160.5 131.4 191.6 120.1 232.6 201.0 99.6 258.1 265.6 166.8 117.0 74.6 253.2 56.2 80.5 81.0 100.6 248.1 144.3 183.8 131.7 227.9 136.4 49.3 139.3 209.2 139.2 122.7 202.3 82.2 138.3 100.9 225.8 208.9 87.1 86.7 77.7 150.2 97.0 254.0 245.7 130.9 128.2 138.6 124.4 0.0 135.4 97.0 129.0 151.2 234.9 65.7 212.0 257.6 148.2 132.0 143.6 124.4 16.5 116.2 63.2 80.7 145.9 274.1 102.3 84.5 100.1 105.9 163.8 138.3 130.2 113.8 84.9 69.3 56.7 181.1 75.0 136.0 124.1 40.6 63.6 247.5 185.0 90.1 280.7 153.9 149.9 98.4 123.2 121.0 97.1 161.6 77.1 105.3 156.4 8.4 146.7 198.6 147.0 172.0 116.9 100.0 87.4 152.4 217.7 91.7 152.7 120.1 232.3
2408.6 245.3 208.9 150.0 174.0 199.9 123.3 121.4 220.4 232.9 188.9 76.6 98.9 245.1 176.2 124.2 134.9 154.5 226.2 139.1 83.3 149.6 134.8 241.1 171.4 3.8 176.5 226.7 180.7 170.2 169.1 196.0 149.9 193.1 115.8 113.2 140.6 124.5 135.4 159.4 245.9 208.0 116.1 210.4 207.1 226.7 133.1 0.0 200.7 161.1 229.2 238.9 180.7 203.9 224.9 106.6 236.7 143.6 200.2 116.9 170.1 111.7 140.0 33.9 262.3 82.8 100.6 207.1 90.7 134.0 2.8 204.0 99.0 187.3 189.9 110.6 139.5 197.6 108.0 63.7 160.6 157.1 209.8 91.9 109.6 260.9 92.6 150.3 69.7 82.8 150.3 210.2 251.1 171.2 95.1 141.4 141.6 131.9 105.9 215.5 174.9 50.4 97.8 135.5 137.6 154.0 109.8 240.2 206.8 224.2
2592.6 52.4 41.3 130.3 260.5 142.5 262.6 149.7 177.6 175.5 76.7 244.0 154.7 187.3 171.7 143.5 221.4 241.0 168.8 98.9 232.4 152.3 322.2 205.8 150.0 215.6 119.1 224.9 238.2 136.4 163.2 63.1 241.3 135.7 303.2 168.1 202.2 154.8 211.2 215.2 188.1 173.3 191.9 150.6 41.5 264.8 115.4 211.7 0.0 95.7 43.1 168.7 209.3 146.1 167.5 131.0 187.6 68.4 264.8 156.9 256.6 203.6 189.0 201.5 208.2 193.1 175.3 179.9 203.2 224.8 214.6 33.1 174.8 225.3 160.4 197.1 140.8 166.1 197.0 231.1 181.0 206.1 172.3 269.8 171.1 203.5 118.9 93.3 141.4 250.2 123.1 229.5 98.6 81.1 214.1 212.9 131.6 207.7 256.6 49.9 90.7 159.9 210.3 115.5 214.4 151.8 200.5 185.8 195.8 169.3
2538.9 146.1 120.8 113.7 251.9 187.5 208.9 89.4 195.1 220.3 123.0 204.0 114.7 233.4 146.0 117.3 212.8 232.4 217.0 66.4 191.1 113.3 282.2 174.5 99.2 175.6 167.3 193.6 258.8 189.0 97.9 36.9 232.7 180.7 263.2 94.4 218.5 89.3 157.5 104.3 240.7 185.5 138.2 132.3 106.4 256.2 131.7 171.7 87.8 0.0 136.8 221.3 133.3 198.7 205.2 74.6 185.5 80.6 256.2 148.3 248.0 177.4 162.8 161.5 249.2 166.9 149.1 161.6 113.2 171.1 174.6 74.0 160.9 216.7 129.1 188.5 103.2 134.8 151.1 191.1 172.4 113.5 184.5 219.1 97.4 243.0 78.9 72.0 105.7 210.2 25.1 201.2 161.4 36.9 187.9 159.2 123.0 154.0 205.9 114.8 109.0 119.9 107.3 41.6 160.7 135.7 178.6 179.4 209.0 221.9
2641.1 9.2 30.2 173.5 280.6 131.4 284.8 183.6 166.5 160.6 65.6 266.8 177.5 144.1 216.7 186.7 241.5 261.1 139.0 138.4 255.2 217.4 345.0 225.9 193.2 238.4 108.0 245.0 283.2 93.2 206.4 104.2 261.4 124.6 326.0 248.5 247.2 201.9 234.0 238.0 144.9 176.1 214.7 188.5 36.7 284.9 160.4 234.5 43.1 136.8 0.0 137.9 229.4 102.9 156.4 186.8 232.6 111.6 284.9 177.0 276.7 246.8 232.2 224.3 161.3 236.3 218.5 217.8 226.0 247.6 237.4 80.2 197.6 245.4 180.5 217.2 184.0 186.2 224.2 253.9 201.1 249.3 177.1 292.6 244.9 171.6 138.8 127.2 164.2 273.0 166.3 247.9 20.2 124.3 257.3 240.2 151.7 230.5 279.4 28.3 79.6 182.7 233.1 178.5 236.2 108.6 243.7 230.8 257.0 123.2
2515.5 128.1 198.4 209.1 375.4 78.1 302.1 308.8 118.1 96.0 130.8 282.5 193.2 35.4 330.9 275.2 336.3 355.9 53.3 179.3 270.9 257.8 422.3 320.7 254.3 254.1 94.5 339.8 397.4 73.3 253.0 195.0 356.2 85.4 403.3 264.2 361.4 219.8 276.4 253.7 24.1 130.2 230.4 273.8 248.2 379.7 274.6 250.2 180.6 201.3 137.4 0.0 323.9 22.5 108.0 240.4 346.8 142.6 379.7 271.8 371.5 309.6 295.0 259.4 35.4 288.7 299.3 302.8 241.7 289.7 253.1 217.7 252.3 340.2 275.0 312.0 219.6 283.0 243.3 269.6 295.9 312.1 128.7 381.3 260.6 46.0 154.5 190.4 199.3 288.7 217.6 342.7 136.5 211.4 285.3 282.3 246.5 272.9 368.1 165.5 144.8 198.4 248.8 229.5 278.3 88.7 291.1 325.3 340.8 37.5
2545.4 192.3 163.2 186.6 148.1 246.5 214.8 110.2 267.0 279.5 198.6 172.8 88.4 281.8 9.4 94.3 109.0 128.6 272.8 145.5 197.6 142.3 283.7 133.3 63.1 186.4 223.1 136.1 153.9 216.8 96.0 170.1 106.0 239.7 264.7 100.9 114.7 96.5 164.0 110.8 290.8 254.6 144.7 69.1 167.2 121.3 66.0 182.5 164.0 144.2 179.8 271.4 0.0 243.8 271.5 150.0 128.9 175.4 121.3 74.4 144.2 105.7 94.5 177.3 302.2 140.7 122.9 97.0 119.7 177.6 185.4 154.7 127.6 81.8 48.6 84.7 176.1 56.3 154.8 171.9 25.1 77.4 256.4 225.6 103.9 307.5 139.2 156.7 109.0 179.0 116.0 94.0 193.4 108.9 147.8 170.2 52.3 160.5 212.4 175.6 203.8 130.7 113.8 106.2 166.2 200.6 129.2 144.6 112.0 264.1
2538.1 98.7 149.6 166.3 352.8 94.6 301.8 193.1 82.5 57.6 142.3 259.9 170.6 41.1 288.9 252.6 313.7 333.3 36.0 156.7 248.3 210.2 338.1 298.1 231.7 231.5 71.9 317.2 359.5 50.7 230.4 209.4 333.6 87.8 319.1 241.6 319.4 197.2 258.2 231.1 41.9 94.9 207.8 251.2 194.6 357.1 232.6 227.6 201.0 178.7 114.8 34.9 293.4 0.0 72.4 199.7 304.8 157.0 357.1 249.2 348.9 287.0 272.4 224.0 58.3 266.1 276.7 280.5 219.1 271.8 230.5 232.1 231.0 317.6 252.7 289.4 176.8 260.4 224.0 247.0 273.3 289.5 93.1 319.8 238.0 68.6 131.9 203.9 157.3 266.1 195.0 320.1 92.9 188.8 262.7 264.4 223.9 254.7 306.6 186.2 156.3 175.8 226.2 207.2 260.4 66.1 249.1 303.0 318.5 20.2
2574.6 171.8 135.4 121.6 392.9 80.4 237.0 216.5 10.1 15.0 128.1 270.2 211.9 32.4 329.0 293.9 353.8 373.4 65.9 171.3 260.2 165.5 336.2 348.3 273.0 241.8 77.5 367.4 399.6 114.7 271.7 164.7 373.7 73.6 317.2 247.9 359.5 238.5 193.4 272.4 78.4 22.5 207.3 283.0 175.8 397.2 272.7 237.9 169.4 201.6 155.7 71.4 333.5 125.1 0.0 153.2 355.0 112.3 397.2 289.3 389.0 297.3 282.7 234.3 70.7 276.4 325.7 312.3 229.4 207.0 240.8 187.4 169.3 357.7 302.9 329.5 132.1 310.6 223.5 257.3 313.4 287.3 20.7 255.0 248.3 61.0 142.2 160.1 167.6 276.4 222.9 361.9 177.6 216.7 273.0 199.6 264.0 189.9 241.8 172.0 142.1 186.1 236.5 235.1 195.6 98.5 259.4 353.2 353.1 84.8
2503.0 179.1 149.5 43.3 278.4 110.1 172.4 75.6 130.6 143.1 104.1 152.5 95.3 155.3 214.5 143.8 239.3 258.9 136.4 36.9 155.2 42.9 271.6 219.0 143.7 124.1 86.7 238.1 281.0 80.4 142.4 90.2 259.2 103.3 252.6 131.3 245.0 121.9 121.6 155.8 156.1 121.0 102.3 158.8 139.7 282.7 158.2 120.2 121.7 57.6 169.8 136.7 177.8 114.1 135.1 0.0 225.7 79.7 282.7 174.8 274.5 203.9 189.3 110.0 176.2 193.4 175.6 188.1 111.7 135.2 123.1 96.2 90.5 243.2 173.6 215.0 32.8 179.3 107.4 139.6 198.9 158.0 120.0 183.2 130.6 171.1 24.5 42.5 49.9 158.7 69.6 227.7 190.1 63.4 155.3 123.3 149.5 118.1 170.0 148.1 90.1 68.4 118.8 81.8 123.8 64.2 141.7 223.9 231.2 137.3
2586.0 232.9 203.8 227.2 108.4 287.1 256.0 154.0 307.6 320.1 239.2 218.7 129.0 325.6 86.1 134.9 116.6 101.0 313.4 186.1 238.2 186.1 329.6 4.4 103.7 227.0 263.7 87.4 105.7 257.4 136.6 210.7 182.7 280.3 310.6 141.5 139.2 132.1 204.6 151.4 326.4 298.0 185.3 86.9 211.0 72.6 101.6 223.1 169.4 184.8 223.6 307.0 73.4 284.4 312.1 193.8 0.0 216.0 54.6 118.2 112.5 166.0 135.1 219.5 346.5 184.5 166.7 52.1 160.3 218.2 226.0 190.3 168.2 71.2 36.1 141.1 216.7 28.4 193.9 212.5 101.7 118.0 297.0 266.2 144.5 348.1 177.3 197.3 152.8 224.9 156.6 56.0 234.0 149.5 205.5 210.8 92.9 201.1 253.0 219.4 244.4 171.3 154.4 141.8 206.8 241.2 191.9 100.9 36.0 304.7
2524.1 116.3 90.6 61.8 272.9 106.8 193.5 104.1 114.4 139.6 45.2 175.5 86.2 157.0 216.6 168.2 233.8 253.4 136.6 58.9 163.9 105.7 253.7 222.6 147.3 147.1 95.5 241.7 279.6 82.2 146.0 52.3 248.8 100.0 234.7 157.2 239.5 112.8 142.7 146.7 182.6 102.0 123.4 170.6 63.4 284.8 160.3 143.2 57.0 89.2 100.2 175.6 189.6 140.6 124.5 95.2 229.3 0.0 299.1 176.9 269.0 202.6 188.0 139.6 172.0 181.7 192.3 199.9 134.7 156.3 146.1 75.0 106.3 245.3 177.2 209.5 72.3 184.9 139.6 162.6 201.0 205.1 103.8 201.3 153.6 162.3 47.5 47.7 72.9 181.7 110.6 249.5 122.1 104.4 178.3 148.9 151.6 139.2 188.1 71.8 31.2 91.4 141.8 122.8 144.9 66.0 164.7 227.5 240.7 155.5
2627.3 295.9 261.5 268.5 65.8 328.4 291.3 195.3 348.9 361.4 296.9 184.1 170.3 383.3 112.6 162.4 71.5 46.3 378.2 227.4 251.2 227.4 295.0 45.6 145.0 206.4 305.0 66.4 72.5 298.7 177.9 268.4 135.3 321.6 276.0 182.8 109.2 173.4 245.9 192.7 384.1 336.5 226.6 151.0 268.7 51.6 142.9 202.5 262.3 254.8 281.3 377.1 117.1 342.1 353.4 235.1 41.2 273.7 0.0 116.5 61.9 145.2 150.6 185.0 400.5 184.3 166.5 93.4 197.7 259.5 205.4 268.9 209.5 30.2 77.4 96.0 258.0 69.7 242.8 191.2 97.0 159.3 338.3 252.1 185.8 410.8 221.1 238.6 194.1 190.3 197.9 85.1 290.1 207.2 187.3 252.1 134.2 242.4 275.4 277.1 302.1 212.6 195.7 183.1 248.1 282.5 173.7 79.9 67.7 362.4
2497.0 182.0 147.6 207.8 103.5 248.8 195.4 115.8 274.3 281.8 183.0 100.4 90.8 269.4 62.3 66.5 64.4 84.0 264.3 154.9 155.3 147.9 211.3 142.5 65.5 122.7 225.4 156.2 110.2 218.5 98.4 154.5 84.3 242.0 192.3 103.3 70.1 93.9 166.4 113.2 270.2 261.9 147.1 134.3 154.8 130.5 16.1 118.8 148.4 140.9 167.4 263.2 66.8 228.2 273.8 164.4 138.1 159.8 129.7 0.0 99.6 49.3 54.7 101.3 286.6 88.4 70.6 106.2 101.8 180.0 121.7 146.4 130.0 91.0 85.5 40.1 197.3 93.2 163.3 127.1 46.7 71.8 263.7 168.4 106.3 296.9 170.1 166.1 114.6 106.6 137.2 103.2 176.2 93.3 91.4 172.6 24.6 162.9 179.5 163.2 188.2 133.1 108.9 103.6 168.6 233.9 77.8 169.7 136.3 248.5
2571.9 305.4 271.0 301.1 3.8 372.2 256.7 227.9 381.5 405.2 306.4 157.3 202.9 392.8 149.9 199.7 44.7 25.6 387.7 260.0 216.7 260.0 268.2 100.9 177.6 179.6 348.8 56.5 10.5 341.9 210.5 277.9 108.5 365.4 249.2 215.4 72.3 206.0 278.5 225.3 393.6 369.1 259.2 188.3 278.2 59.7 139.5 175.7 271.8 264.3 290.8 386.6 154.4 351.6 397.2 267.7 96.5 283.2 68.9 123.3 0.0 145.1 187.9 158.2 410.0 139.7 157.5 126.0 234.2 275.1 178.6 269.8 242.1 67.5 110.0 69.2 290.6 102.3 255.8 164.4 134.3 191.9 370.9 225.3 218.4 420.3 253.7 271.2 226.7 163.5 230.5 122.4 299.6 216.7 173.1 284.7 166.8 275.0 239.3 286.6 311.6 245.2 228.3 215.7 280.7 315.1 211.0 70.0 105.0 371.9
2568.4 228.9 194.5 242.3 128.9 295.7 186.9 136.4 321.2 328.7 229.9 98.8 111.4 316.3 91.2 58.0 89.8 109.4 311.2 189.4 146.8 168.5 209.7 171.4 59.6 121.1 272.3 174.2 135.6 265.4 119.0 201.4 104.8 288.9 190.7 115.8 95.5 114.5 187.0 121.9 317.1 308.8 167.7 163.2 201.7 159.4 63.0 117.2 195.3 175.4 214.3 310.1 95.7 275.1 320.7 198.9 167.0 206.7 155.1 71.8 125.0 0.0 28.2 99.7 333.5 79.9 62.1 135.1 93.3 180.9 120.1 164.5 150.6 119.9 157.9 65.5 231.8 175.6 154.9 118.6 75.6 45.3 310.6 166.8 112.2 343.8 157.5 200.6 135.2 105.0 171.7 132.1 223.1 140.2 82.9 188.3 71.5 183.5 171.0 210.1 235.1 153.7 100.4 124.2 189.2 218.9 69.3 187.7 155.1 295.4
2540.1 216.9 182.5 181.3 159.8 283.7 194.9 108.1 261.7 316.7 217.9 129.7 83.1 304.3 79.2 66.0 120.7 140.3 299.2 140.2 154.8 140.2 240.6 159.4 31.3 156.0 260.3 162.2 166.5 253.4 90.7 189.4 150.1 276.9 221.6 95.6 126.4 86.2 158.7 105.5 305.1 249.3 139.4 151.2 189.7 147.4 51.0 152.1 183.3 175.8 202.3 298.1 83.7 263.1 308.7 147.9 155.0 194.7 147.4 57.5 155.9 30.8 0.0 130.6 321.5 87.9 70.1 123.1 101.3 172.3 155.0 172.5 122.3 107.9 145.9 96.4 170.8 115.4 155.6 126.6 63.6 17.0 251.1 192.2 98.6 331.8 133.9 151.4 106.9 135.9 110.7 120.1 211.1 128.2 90.9 164.9 59.5 155.2 179.0 198.1 223.1 125.4 108.4 95.9 160.9 195.3 77.3 175.7 143.1 283.4
2433.2 228.4 248.1 157.0 163.9 206.9 114.2 128.4 227.4 239.9 195.9 66.5 117.9 264.1 177.2 115.9 124.8 144.4 233.2 158.1 74.2 168.6 125.7 231.0 161.3 28.4 183.5 216.6 160.1 177.2 177.0 215.0 139.8 200.1 106.7 127.0 130.5 138.3 146.2 161.2 264.9 227.0 130.7 218.7 226.1 216.6 134.1 24.5 219.7 180.1 267.9 233.8 175.6 210.9 231.9 96.5 226.6 150.6 190.1 106.8 160.0 101.6 129.9 0.0 281.3 72.7 90.5 197.0 104.5 123.9 27.4 193.9 106.0 177.2 218.5 100.5 146.5 228.3 116.9 53.6 150.5 147.0 216.8 82.8 123.4 267.9 111.6 157.3 76.7 72.7 169.3 200.1 295.8 193.8 85.0 140.0 131.5 149.7 96.8 234.5 181.9 57.4 129.1 154.5 144.0 161.0 99.7 230.1 196.7 243.2
2533.5 192.2 162.6 173.3 433.5 107.6 267.2 264.5 82.3 60.2 155.3 309.0 259.1 73.9 369.6 345.6 394.4 414.0 93.1 217.4 307.4 217.2 351.8 378.8 320.2 280.6 104.7 397.9 436.1 141.9 318.9 216.4 414.3 100.8 332.8 290.7 400.1 282.0 240.6 319.6 18.8 91.9 254.5 334.7 203.9 437.8 313.3 276.7 208.9 249.0 179.2 44.1 382.3 66.4 72.2 201.2 385.5 164.0 437.8 329.9 429.6 336.1 321.5 266.5 0.0 315.2 325.8 360.3 268.2 250.5 279.6 235.4 216.5 398.3 329.7 370.1 183.8 339.1 259.6 296.1 354.0 334.5 92.9 302.2 287.1 10.3 183.9 211.8 202.7 315.2 274.6 413.6 203.2 268.4 311.8 242.3 304.6 237.1 289.0 195.5 169.3 224.9 275.3 283.1 243.8 125.7 298.2 380.0 401.1 108.6
2495.5 247.0 212.6 233.8 122.0 313.8 167.8 137.7 291.3 346.8 248.0 68.4 112.7 334.4 124.2 49.5 82.9 102.5 329.3 180.9 127.8 169.8 179.3 189.1 118.7 90.7 290.4 174.7 128.7 283.5 120.3 203.8 97.9 307.0 160.3 125.2 88.6 115.8 188.3 131.4 335.2 278.9 169.0 183.2 199.5 174.7 81.1 86.8 193.1 166.9 232.4 328.2 128.7 293.2 338.8 190.4 184.7 222.5 148.2 64.9 118.1 59.7 87.3 69.3 351.6 0.0 17.7 155.1 102.8 190.4 89.7 156.0 151.9 135.3 183.0 58.6 223.3 175.3 164.4 75.5 108.6 104.4 280.7 136.4 121.7 361.9 196.1 192.1 136.5 74.6 163.2 158.2 241.2 141.2 92.4 194.5 89.6 184.8 150.4 207.9 239.7 155.0 109.9 125.5 190.5 224.9 78.8 188.2 154.8 313.5
2551.9 234.6 216.7 216.0 139.8 253.0 178.6 119.9 273.5 286.0 235.9 86.2 94.9 339.6 114.5 31.7 100.7 120.3 279.3 163.1 138.5 152.0 197.1 194.7 100.9 108.5 229.6 192.5 146.5 223.3 102.5 186.0 115.7 246.2 178.1 107.4 106.4 98.0 170.5 113.6 340.4 261.1 151.2 186.5 181.7 182.7 86.3 104.6 175.3 149.1 218.5 333.4 119.0 298.4 278.0 172.6 190.3 204.7 166.0 82.7 135.9 77.5 69.5 87.1 356.8 17.7 0.0 158.4 85.0 172.6 107.5 138.2 134.1 143.2 181.2 76.4 205.5 146.9 146.6 110.3 98.9 86.6 262.9 154.2 103.9 314.0 178.3 174.3 118.7 92.4 145.4 155.4 240.4 123.4 74.6 176.7 94.8 167.0 162.7 190.1 221.9 137.2 92.1 107.7 172.7 207.1 61.0 206.0 172.6 318.7
2545.1 223.2 194.1 226.1 141.1 246.2 214.5 113.1 304.6 279.2 229.5 177.8 88.1 305.7 45.2 94.0 102.0 121.6 300.6 178.8 197.3 145.2 288.7 127.1 62.8 186.1 222.8 129.9 143.7 216.5 95.7 184.8 141.8 239.4 269.7 100.6 107.7 91.2 163.7 110.5 306.5 292.2 144.4 28.0 185.1 115.1 60.7 182.2 178.7 163.5 213.9 287.4 32.5 264.5 314.7 182.7 122.7 190.1 115.1 77.3 137.2 125.1 94.2 172.0 322.9 143.6 125.8 0.0 119.4 177.3 185.1 166.3 127.3 75.6 25.5 117.5 215.6 33.2 160.6 171.6 60.8 77.1 294.0 225.3 103.6 333.2 136.4 184.4 111.9 184.0 155.5 87.8 214.1 111.6 164.6 169.9 52.0 160.2 212.1 193.5 218.5 130.4 113.5 100.9 165.9 200.3 151.0 143.4 110.8 284.8
2508.6 260.8 226.4 149.8 195.7 209.7 138.4 76.6 230.2 242.7 181.5 80.3 51.6 254.9 123.1 58.3 156.6 176.2 236.0 108.7 98.3 108.7 209.2 203.3 109.5 99.5 186.3 206.1 202.4 180.0 103.2 164.6 171.6 202.9 190.2 22.5 162.3 33.8 127.2 87.4 255.7 217.8 107.9 195.1 208.3 191.3 94.9 95.6 201.9 127.7 245.1 248.7 127.6 213.7 234.7 116.4 198.9 157.1 191.3 101.4 191.8 92.7 78.1 92.0 272.1 100.2 82.4 167.0 0.0 132.4 98.5 164.8 90.8 151.8 139.1 132.3 139.3 146.8 106.4 52.1 107.5 95.2 219.6 135.7 18.9 270.7 102.4 119.9 75.4 86.5 99.5 164.0 255.0 150.0 68.4 133.4 103.4 123.7 122.5 216.7 167.5 93.9 7.0 84.7 129.4 163.8 54.8 219.6 187.0 234.0
2444.6 275.4 245.8 130.6 256.0 236.8 68.6 124.2 196.8 222.0 225.8 158.6 101.7 282.0 207.9 143.1 216.9 236.5 263.1 161.9 81.5 89.5 140.7 288.1 194.3 140.0 213.4 290.9 258.6 207.1 188.0 218.2 231.9 230.0 121.7 132.1 222.6 143.4 13.5 172.2 282.8 184.4 87.0 213.2 244.0 276.1 179.7 136.1 225.4 185.6 266.1 275.8 217.4 240.8 206.9 143.5 283.7 180.5 276.1 198.9 252.1 177.5 162.9 136.3 241.2 164.8 167.2 251.8 109.6 0.0 139.0 249.6 59.1 236.6 192.7 192.6 120.1 200.4 69.6 145.7 192.3 180.0 186.2 47.9 128.5 231.5 129.5 167.5 106.6 164.8 153.1 248.8 286.4 234.8 153.2 11.8 188.2 17.0 34.7 252.4 211.8 87.3 116.7 138.3 10.3 190.9 139.6 304.4 271.8 264.0
2405.7 248.1 211.7 152.8 176.8 202.7 126.1 124.2 223.2 235.7 191.7 79.4 101.7 247.9 179.0 127.0 137.7 157.3 229.0 141.9 86.1 152.4 137.6 243.9 174.2 1.0 179.3 229.5 183.5 173.0 171.9 198.8 152.7 195.9 118.6 116.0 143.4 127.3 138.2 162.2 248.7 210.8 118.9 213.2 209.9 229.5 135.9 2.7 203.5 163.9 232.0 241.7 183.5 206.7 227.7 109.4 239.5 146.4 203.0 119.7 172.9 114.5 142.8 36.7 265.1 85.6 103.4 209.9 93.5 136.8 0.0 206.8 101.8 190.1 192.7 113.4 142.3 200.4 110.8 66.5 163.4 159.9 212.6 94.7 112.4 263.7 95.4 153.1 72.5 85.6 153.1 213.0 253.9 174.0 97.9 144.2 144.4 134.7 108.7 218.3 177.7 53.2 100.6 138.3 140.4 156.8 112.6 243.0 209.6 227.0
2575.5 89.5 78.4 128.3 259.0 173.3 281.0 128.0 180.9 206.1 108.8 224.5 152.7 223.5 196.9 106.4 219.9 239.5 203.1 96.9 240.9 156.2 335.4 188.2 112.9 213.6 156.2 207.3 261.6 173.5 126.1 61.1 239.8 166.5 316.4 131.0 225.6 121.6 194.1 140.9 225.2 168.5 174.8 139.4 43.4 265.1 138.8 209.7 42.8 89.7 80.2 218.2 155.2 183.2 191.0 113.2 194.9 66.4 265.1 155.4 255.1 166.5 151.9 253.4 235.0 156.0 138.2 168.7 187.4 207.7 212.6 0.0 157.7 225.6 142.8 195.6 138.8 148.5 179.9 212.7 181.3 169.0 170.3 278.3 134.0 228.8 114.0 91.3 139.4 230.7 86.0 208.3 100.5 44.0 177.0 200.3 130.1 190.6 265.1 51.8 94.8 157.9 143.9 98.2 196.3 132.5 163.4 193.1 211.8 203.5
2417.7 246.9 213.6 71.4 247.2 161.5 87.1 65.0 182.0 194.5 169.9 149.8 42.5 206.7 150.4 115.1 208.1 227.7 187.8 97.1 131.5 30.3 186.3 178.9 103.6 121.4 138.1 198.0 246.6 131.8 102.3 159.0 232.4 154.7 167.3 78.5 213.8 69.1 36.3 103.0 207.5 169.6 37.9 154.0 194.0 235.8 131.4 117.5 187.6 122.1 230.8 200.5 145.9 165.5 186.5 68.2 185.6 143.2 238.7 148.0 243.3 165.9 135.0 113.9 223.9 156.0 146.9 139.2 97.3 49.9 120.4 150.5 0.0 214.2 133.5 183.8 60.9 141.2 54.1 136.9 166.0 117.9 171.4 97.9 81.5 222.5 54.2 108.3 47.2 156.0 93.9 169.3 242.2 135.7 152.6 42.5 122.7 32.8 84.7 202.4 155.9 65.7 91.4 79.1 38.5 115.6 139.0 183.8 171.7 185.8
2613.2 265.6 231.2 254.4 75.2 332.4 261.0 181.2 357.9 365.4 266.6 183.6 156.2 353.0 82.3 132.1 71.0 59.6 347.9 253.2 220.9 213.3 294.5 51.4 130.9 205.9 309.0 54.2 68.2 302.1 163.8 238.1 133.2 325.6 275.5 168.7 78.9 159.3 231.8 178.6 353.8 345.5 212.5 120.7 238.4 39.4 99.7 202.0 232.0 239.2 251.0 346.8 86.8 311.8 357.4 262.7 47.0 243.4 39.4 86.2 75.2 114.9 120.3 184.5 370.2 154.0 136.2 79.3 167.4 245.4 204.9 238.6 195.4 0.0 63.3 95.5 243.9 55.6 228.7 192.7 66.7 137.4 347.3 258.3 171.7 380.5 207.0 264.4 180.0 189.8 183.8 54.8 259.8 191.6 157.0 238.0 120.1 228.3 245.1 246.8 271.8 198.5 174.5 169.0 234.0 268.4 143.4 67.7 35.1 332.1
2549.8 196.7 167.6 191.0 157.1 250.9 219.2 117.8 271.4 283.9 203.0 182.5 92.8 289.4 49.9 98.7 118.0 137.6 277.2 155.5 202.0 149.9 293.4 45.3 67.5 190.8 227.5 64.4 159.7 221.2 100.4 174.5 146.5 244.1 274.4 105.3 123.7 95.9 168.4 115.2 290.2 259.0 149.1 88.2 174.8 131.1 65.4 186.9 168.4 192.9 187.4 283.2 40.4 248.2 275.9 157.6 52.0 179.8 131.1 82.0 153.2 129.8 98.9 176.7 306.6 148.3 130.5 15.9 124.1 182.0 189.8 195.7 132.0 91.6 0.0 122.2 180.5 5.6 162.0 176.3 65.5 81.8 260.8 230.0 108.3 311.9 141.1 161.1 116.6 188.7 120.4 35.7 197.8 141.0 169.3 170.1 56.7 164.9 216.8 183.2 208.2 135.1 118.2 105.6 170.6 205.0 155.7 50.2 38.1 268.5
2502.6 236.1 201.7 261.9 63.3 302.9 187.4 169.9 328.4 335.9 237.1 88.0 144.9 323.5 85.5 120.0 24.2 43.8 318.4 209.0 147.4 202.0 198.9 130.4 119.6 110.3 279.5 116.0 70.0 272.6 152.5 208.6 39.2 296.1 179.9 157.4 29.9 148.0 219.4 167.3 324.3 316.0 203.9 124.5 208.9 116.0 70.2 106.4 202.5 195.0 221.5 317.3 90.0 282.3 327.9 218.5 126.0 213.9 89.5 54.0 59.4 75.8 104.1 88.9 340.7 70.4 88.2 96.4 152.4 205.8 109.3 200.5 184.1 76.6 124.3 0.0 251.4 116.6 186.5 95.1 69.9 121.2 317.8 156.0 160.4 351.0 174.7 220.2 168.7 94.2 191.3 99.5 230.3 147.4 103.8 213.2 78.7 222.9 170.0 217.3 242.3 132.5 159.5 157.7 217.2 236.1 118.5 129.5 96.1 302.6
2493.4 198.6 172.4 10.5 301.3 116.5 162.8 98.5 124.1 149.3 127.0 175.4 85.7 166.7 193.6 166.7 262.2 281.8 146.3 54.2 145.6 33.3 262.0 222.1 146.8 147.0 109.6 241.2 308.0 103.3 145.5 113.1 282.1 109.7 243.0 121.7 267.9 112.3 112.0 146.2 179.0 111.7 92.7 181.7 145.7 305.6 181.1 143.1 139.3 76.2 182.5 172.0 189.1 137.0 134.2 22.8 228.8 82.2 305.6 197.7 297.4 226.8 212.2 139.5 181.7 216.3 198.5 211.0 134.6 125.6 146.0 119.1 98.9 266.1 176.7 237.9 0.0 184.4 108.9 162.5 221.8 161.1 113.5 173.6 124.7 172.0 47.4 65.4 72.8 181.6 92.5 250.6 204.4 86.3 178.2 118.2 172.4 108.5 160.4 154.1 113.0 91.3 134.6 104.7 114.2 87.1 164.6 227.0 254.1 157.3
2557.5 202.4 175.3 198.7 147.7 258.6 227.5 123.5 279.1 291.6 210.7 190.2 100.5 297.1 57.6 106.4 125.7 132.1 284.9 163.2 209.7 155.6 301.1 37.6 75.2 198.5 235.2 56.7 145.0 228.9 108.1 182.2 154.2 251.8 282.1 113.0 108.7 101.6 176.1 122.9 297.9 269.5 156.8 58.4 180.5 111.9 73.1 194.6 140.9 160.6 193.1 278.5 44.9 255.9 283.6 163.3 44.3 187.5 111.9 89.7 147.7 137.5 106.6 184.4 318.0 156.0 138.2 21.6 131.8 187.7 197.5 161.8 139.7 72.4 5.6 129.9 188.2 0.0 161.9 184.0 73.2 89.5 268.5 237.7 116.0 319.6 148.8 168.8 122.3 196.4 128.1 27.5 205.5 156.8 177.0 177.8 64.4 172.6 224.5 188.9 215.9 142.8 123.9 113.3 179.3 212.7 161.4 42.5 32.4 279.1
2456.5 256.1 225.6 109.3 243.4 216.6 102.3 98.2 237.1 249.6 203.1 146.0 80.4 258.4 192.1 122.9 204.3 223.9 242.9 134.1 43.3 67.3 169.9 267.9 174.1 119.8 193.2 270.7 250.4 186.9 167.8 196.9 219.3 209.8 150.9 111.9 203.3 116.5 75.1 152.0 259.2 225.6 10.1 191.9 224.7 255.9 160.4 115.9 218.3 159.1 239.2 244.4 196.6 220.6 241.6 116.6 256.8 160.3 255.9 166.0 239.5 157.3 142.7 123.7 279.9 152.2 147.0 224.9 89.4 88.7 118.8 226.0 38.7 216.4 166.7 180.0 98.8 178.2 0.0 133.1 172.1 159.8 226.5 98.7 108.3 277.6 110.2 146.2 79.7 152.2 131.8 228.6 259.5 211.2 133.0 80.4 168.0 71.6 85.5 225.5 189.1 67.1 96.5 112.3 76.4 170.7 112.7 288.6 256.0 241.8
2473.2 268.5 234.1 196.8 143.5 246.7 145.5 133.9 267.2 279.7 269.5 28.1 108.9 291.9 145.7 101.9 104.4 124.0 273.0 166.0 105.5 166.0 157.0 210.6 140.9 68.4 223.3 196.2 150.2 217.0 153.6 241.0 119.4 239.9 138.0 79.7 110.1 91.0 176.4 137.8 292.7 254.8 154.2 204.7 241.3 196.2 102.6 64.5 234.9 219.3 253.9 285.7 150.2 250.7 271.7 153.4 206.2 246.3 169.7 86.4 139.6 81.2 109.5 47.0 309.1 52.3 70.1 176.6 57.2 162.8 67.4 208.4 148.1 156.8 204.5 80.1 186.3 196.8 136.8 0.0 130.1 126.6 256.6 114.1 76.1 307.7 139.4 177.2 132.7 34.3 156.8 179.7 262.7 179.8 64.6 170.2 111.1 179.9 128.1 249.7 224.8 97.2 64.3 142.0 174.2 200.8 79.3 209.7 176.3 271.0
2570.5 231.3 196.9 211.7 123.0 298.1 226.7 138.5 292.1 331.1 232.3 147.7 113.5 318.7 15.6 97.8 83.9 103.5 313.6 170.6 186.6 170.6 258.6 108.2 88.2 170.0 274.7 111.0 125.0 267.8 121.1 203.8 80.9 291.3 239.6 126.0 89.6 116.6 189.1 135.9 319.5 279.7 169.8 100.0 204.1 96.2 65.4 166.1 197.7 190.2 216.7 312.5 20.1 277.5 323.1 178.3 103.8 209.1 96.2 51.9 119.1 80.6 86.0 148.6 335.9 119.7 101.9 71.9 133.1 202.7 169.0 204.3 152.7 56.7 94.7 59.6 201.2 112.4 186.0 158.4 0.0 102.5 281.5 224.0 129.0 346.2 164.3 181.8 137.3 153.9 141.1 68.9 225.5 142.6 122.7 195.3 77.4 185.6 210.8 212.5 237.5 155.8 138.9 126.3 191.3 225.7 109.1 124.5 91.9 297.8
2523.0 234.0 199.6 164.2 176.9 224.1 192.4 91.0 244.6 257.1 235.0 146.8 66.0 269.3 96.3 71.9 137.8 157.4 250.4 123.1 171.9 123.1 257.7 176.5 14.2 164.0 200.7 179.3 183.6 194.4 73.6 158.7 167.2 217.3 238.7 78.5 143.5 69.1 141.6 88.4 270.1 232.2 122.3 111.1 206.8 164.5 68.1 160.1 200.4 121.8 219.4 263.1 100.8 228.1 249.1 130.8 172.1 211.8 164.5 74.6 173.0 47.9 17.0 156.5 286.5 105.0 87.2 140.2 97.3 155.2 163.0 127.3 105.2 125.0 90.6 113.5 153.7 98.3 138.5 143.7 80.7 0.0 234.0 203.2 81.5 285.1 116.8 134.3 89.8 153.0 93.6 137.2 228.2 145.3 108.0 147.8 76.6 138.1 190.0 215.2 181.9 108.3 91.4 78.8 143.8 178.2 94.4 192.8 160.2 248.4
2534.5 192.5 156.1 100.9 372.2 101.1 216.3 195.8 10.5 35.7 136.9 249.5 191.2 53.1 308.3 273.2 333.1 352.7 86.6 150.6 239.5 144.8 315.5 327.6 252.3 221.1 98.2 346.7 378.9 135.4 251.0 144.0 353.0 94.3 296.5 227.2 338.8 217.8 172.7 251.7 99.1 1.7 186.6 262.3 155.1 376.5 252.0 217.2 148.7 180.9 176.4 92.1 312.8 145.8 20.7 132.5 334.3 91.6 376.5 268.6 368.3 276.6 262.0 213.6 91.4 255.7 305.0 291.6 208.7 186.3 220.1 166.7 148.6 337.0 282.2 308.8 111.4 289.9 202.8 236.6 292.7 266.6 0.0 234.3 227.6 81.7 121.5 139.4 146.9 255.7 202.2 341.2 198.3 196.0 252.3 178.9 243.3 169.2 221.1 163.5 122.9 165.4 215.8 214.4 174.9 119.2 238.7 332.5 332.4 105.5
2494.4 333.0 298.6 202.0 208.0 251.9 73.7 173.4 272.4 284.9 240.9 110.6 186.4 297.1 210.2 166.4 168.9 188.5 278.2 191.1 63.0 139.3 92.7 275.1 205.4 137.4 228.5 260.7 214.7 222.2 213.1 248.0 183.9 245.1 73.7 157.2 174.6 168.5 63.3 197.3 297.9 260.0 112.1 269.2 259.1 260.7 167.1 141.2 252.7 213.1 318.4 290.9 214.7 255.9 276.9 158.6 270.7 195.6 234.2 150.9 204.1 145.7 174.0 88.3 314.3 116.8 134.6 241.1 134.7 49.7 138.4 272.9 140.8 221.3 269.0 144.6 191.5 261.3 94.7 97.7 194.6 191.1 261.8 0.0 153.6 312.9 144.6 202.3 121.7 116.8 202.3 244.2 327.2 244.3 129.1 57.1 175.6 66.8 13.9 267.5 226.9 102.4 141.8 187.5 61.1 206.0 143.8 274.2 240.8 276.2
2489.7 276.6 242.2 130.9 211.5 190.8 154.2 57.7 211.3 223.8 162.6 96.1 32.7 236.0 138.9 74.1 172.4 192.0 217.1 89.8 114.1 89.8 225.0 219.1 125.3 115.3 167.4 221.9 218.2 161.1 119.0 145.7 187.4 184.0 206.0 3.5 178.1 14.8 108.3 103.2 236.8 198.9 89.0 140.7 224.1 207.1 110.7 111.4 217.7 108.8 260.9 229.8 143.4 194.8 215.8 97.5 214.7 138.2 207.1 117.2 207.6 108.5 93.9 107.8 253.2 116.0 98.2 182.8 15.8 121.9 114.3 180.6 71.9 167.6 120.2 148.1 120.4 127.9 105.2 67.9 123.3 111.0 200.7 151.5 0.0 251.8 83.5 101.0 56.5 102.3 80.6 179.8 270.8 165.8 84.2 114.5 119.2 104.8 138.3 232.5 148.6 75.0 9.9 65.8 110.5 144.9 70.6 235.4 202.8 215.1
2543.2 188.7 152.3 163.0 423.2 97.3 256.3 257.9 72.0 49.9 145.0 298.7 248.8 67.3 359.3 335.3 384.1 403.7 82.8 212.7 297.1 206.9 341.5 368.5 309.9 270.3 94.4 387.6 429.9 131.6 308.6 206.1 404.0 90.5 322.5 280.4 389.8 275.4 230.3 309.3 25.0 84.4 244.2 324.4 197.3 427.5 303.0 266.4 203.7 243.0 172.6 90.3 363.8 76.1 61.9 194.6 375.2 153.7 427.5 319.6 419.3 325.8 311.2 262.8 9.6 304.9 315.5 353.7 257.9 243.9 269.3 228.8 206.2 388.0 323.1 359.8 173.5 330.8 260.4 285.8 343.7 324.2 82.6 291.9 276.8 0.0 170.7 201.5 196.1 304.9 264.3 403.3 194.5 258.1 301.5 236.5 294.3 226.8 278.7 188.9 159.0 214.6 265.0 276.5 232.5 115.4 287.9 373.4 394.5 101.7
2476.5 145.8 116.2 57.3 225.3 107.2 146.5 58.2 127.7 140.2 96.2 127.9 38.6 152.4 185.4 120.6 186.2 205.8 133.5 52.0 116.3 56.9 206.1 175.0 99.7 99.5 83.8 194.1 225.0 77.5 98.4 103.3 201.2 100.4 187.1 109.6 189.0 65.2 95.1 99.1 153.2 118.1 75.8 150.1 114.4 253.6 154.3 95.6 95.8 72.7 136.5 133.8 133.8 111.2 132.2 16.4 178.8 50.9 251.5 168.2 221.4 155.0 140.4 85.4 173.3 134.1 144.7 132.4 87.1 105.8 98.5 146.6 58.7 214.1 129.6 161.9 46.8 135.3 80.9 115.0 169.8 157.5 117.1 153.7 106.0 168.2 0.0 57.6 25.3 134.1 90.0 165.4 156.8 78.5 130.7 96.8 118.8 91.6 140.5 122.8 82.2 43.8 91.3 72.3 98.3 61.3 114.2 177.0 164.9 134.4
2541.8 143.3 106.9 99.0 290.6 144.0 211.2 56.3 151.6 176.8 61.5 193.2 103.9 194.2 213.2 142.5 251.5 271.1 171.7 11.1 181.6 102.5 271.4 215.0 139.7 164.8 122.0 234.1 297.3 147.2 138.4 86.6 257.9 137.2 252.4 114.6 257.2 105.2 160.4 139.1 198.9 139.2 141.1 157.5 97.7 281.4 156.9 160.9 91.3 52.0 127.2 191.9 182.0 156.9 161.7 59.5 221.7 37.1 281.4 173.5 286.7 202.6 188.0 157.3 209.2 192.1 174.3 186.8 152.4 174.0 163.8 94.9 150.1 241.9 169.6 227.2 92.4 177.3 157.3 180.3 197.6 154.0 141.0 219.0 117.6 199.5 65.2 0.0 90.6 199.4 68.3 226.4 149.1 62.1 196.0 166.6 148.2 156.9 205.8 106.1 47.5 109.1 159.5 80.5 162.6 103.2 182.4 219.9 229.9 177.2
2447.0 168.7 139.1 80.2 199.9 130.1 116.4 51.6 150.6 163.1 119.1 102.5 29.1 175.3 160.0 95.2 160.8 180.4 156.4 74.9 99.2 79.8 215.6 240.2 146.4 74.1 106.7 243.0 202.5 100.4 140.1 126.2 175.8 123.3 196.6 84.2 166.5 95.5 65.6 124.3 176.1 138.2 46.3 140.6 137.3 228.2 131.8 70.2 130.9 91.3 159.4 169.1 164.5 134.1 155.1 36.8 235.8 73.8 226.1 142.8 196.0 129.6 115.0 66.6 192.5 108.7 119.3 203.9 61.7 79.2 73.1 134.2 29.2 188.7 120.1 136.5 69.7 125.8 51.4 89.6 144.4 132.1 140.0 127.2 80.6 191.1 20.3 80.5 0.0 108.7 80.5 200.9 179.7 101.4 105.3 67.3 140.3 62.1 114.0 145.7 105.1 18.4 68.8 65.7 67.8 84.2 91.7 256.5 223.9 154.4
2464.6 279.9 245.5 181.6 154.9 231.5 136.9 160.6 252.0 264.5 280.9 3.7 135.6 276.7 157.1 113.3 115.8 135.4 257.8 192.7 96.9 181.2 148.4 222.0 152.3 59.8 208.1 207.6 161.6 201.8 180.3 252.4 130.8 224.7 129.4 106.4 121.5 117.7 168.9 164.5 277.5 239.6 153.4 216.1 252.7 207.6 114.0 55.9 246.3 230.7 265.3 270.5 161.6 235.5 256.5 138.2 217.6 175.2 181.1 97.8 151.0 92.6 120.9 38.4 293.9 63.7 81.5 188.0 83.9 155.3 58.8 219.8 174.8 168.2 215.9 91.5 171.1 208.2 136.0 26.6 141.5 138.0 241.4 105.5 102.8 292.5 124.2 203.9 101.3 0.0 183.5 191.1 274.1 191.2 76.0 162.7 122.5 172.4 119.5 261.1 206.5 82.0 91.0 168.7 166.7 185.6 90.7 221.1 187.7 255.8
2513.7 185.4 149.0 113.0 222.0 215.4 183.1 84.4 223.0 248.2 132.9 168.4 56.7 265.6 120.8 85.5 182.9 202.5 243.1 60.1 165.9 112.6 281.5 149.3 74.0 174.9 193.4 168.4 217.0 151.2 72.7 65.0 202.8 208.6 262.5 69.2 188.6 59.8 132.3 79.1 268.9 210.6 113.0 124.4 132.5 206.2 101.8 171.0 126.1 28.1 169.3 261.9 116.3 226.9 233.1 69.6 156.0 108.5 209.1 118.4 218.1 136.3 105.4 167.4 280.6 135.1 117.3 109.6 88.0 145.9 173.9 89.0 95.9 184.6 103.9 158.6 102.5 111.6 129.2 140.2 136.4 88.3 212.4 193.9 72.2 270.9 75.3 71.3 100.7 174.6 0.0 139.7 191.2 56.2 156.1 138.5 93.1 128.8 180.7 140.9 118.9 119.2 82.1 12.2 134.5 135.0 142.5 154.2 142.1 247.2
2575.6 227.8 193.4 216.8 120.1 276.7 245.0 143.6 297.2 309.7 228.8 208.3 118.6 315.2 75.7 124.5 101.8 104.5 303.0 214.5 227.8 175.7 319.2 96.3 93.3 216.6 253.3 99.1 113.1 247.0 126.2 237.4 155.4 269.9 300.2 131.1 83.1 121.7 194.2 141.0 316.0 284.8 174.9 100.1 239.1 84.3 91.2 212.7 232.7 200.5 213.2 309.0 71.2 274.0 301.7 224.0 91.9 244.1 84.3 107.8 120.1 137.1 124.7 209.1 332.4 174.1 156.3 41.7 149.9 207.8 215.6 207.6 157.8 44.8 25.7 134.1 206.3 37.5 191.1 202.1 88.9 107.6 286.6 255.8 134.1 337.7 169.4 225.7 142.4 214.5 146.2 0.0 222.0 152.9 179.2 200.4 82.5 190.7 242.6 247.5 272.5 160.9 144.0 131.4 196.4 230.8 165.6 112.6 80.0 294.3
2620.8 10.9 50.5 193.8 300.9 118.7 300.1 203.9 165.2 140.3 85.9 282.1 192.8 123.8 237.0 207.0 261.8 281.4 118.7 153.1 270.5 237.7 360.3 246.2 213.5 253.7 128.3 265.3 303.5 72.9 226.7 124.5 281.7 126.0 341.3 263.8 267.5 219.4 249.3 253.3 124.6 177.6 230.0 208.8 57.0 305.2 180.7 249.8 88.3 161.4 20.2 105.5 241.5 82.6 155.1 207.1 252.9 131.9 305.2 197.3 297.0 267.1 252.5 239.6 144.7 256.6 238.8 238.1 241.3 262.9 252.7 100.5 212.9 265.7 200.8 237.5 204.3 206.5 235.1 269.2 221.4 269.6 175.8 307.9 260.2 151.3 154.1 147.5 179.5 288.3 186.6 268.2 0.0 144.6 277.6 251.0 172.0 245.8 294.7 48.6 99.9 198.0 248.4 198.8 251.5 88.3 264.0 251.1 277.3 105.8
2551.3 151.0 122.6 114.4 214.9 216.8 256.8 85.8 224.4 249.6 134.3 200.3 115.4 244.4 151.0 82.2 175.8 195.4 239.3 61.5 216.7 114.0 311.2 164.0 88.7 176.3 194.8 183.1 221.6 193.5 101.9 84.4 195.7 210.0 292.2 106.8 181.5 97.4 169.9 168.6 245.2 212.0 150.6 95.3 98.1 219.2 94.7 172.4 91.7 47.5 134.9 238.2 155.5 203.2 234.5 71.0 170.7 109.9 219.2 111.3 211.0 142.3 127.7 168.8 261.6 131.8 114.0 124.6 163.2 183.5 175.3 54.6 161.6 179.7 118.6 151.5 103.9 126.3 166.8 188.5 135.4 144.8 213.8 254.1 109.8 271.9 76.7 72.7 102.1 206.5 43.8 164.2 151.2 0.0 152.8 176.1 86.0 166.4 240.9 106.5 120.3 120.6 119.7 56.0 172.1 136.4 139.2 168.9 167.7 223.5
2503.7 273.9 239.5 193.5 151.3 243.4 165.5 148.6 263.9 276.4 274.9 76.6 123.6 288.6 136.2 71.4 112.2 131.8 269.7 202.8 125.4 180.7 187.5 216.4 122.6 98.9 220.0 204.0 158.0 213.7 98.3 225.7 127.2 236.6 168.5 94.4 117.9 105.7 173.1 82.5 289.4 251.5 150.9 208.2 221.4 204.0 108.0 95.0 215.0 188.8 258.2 282.4 140.7 247.4 268.4 150.1 212.0 244.4 177.5 94.2 147.4 89.0 91.2 77.5 305.8 60.1 77.9 180.1 71.9 159.5 97.9 177.9 162.8 164.6 202.9 87.9 183.0 204.6 133.5 97.2 120.6 108.3 253.3 144.6 90.8 304.4 136.1 214.0 147.4 82.8 185.1 177.1 268.1 163.1 0.0 166.9 116.5 176.6 149.6 229.8 261.6 93.9 79.0 147.4 170.9 197.5 14.7 217.5 184.1 267.7
2437.2 282.8 253.2 123.2 263.4 244.2 76.6 112.3 189.4 214.6 221.7 166.0 94.3 232.0 219.8 150.5 224.3 243.9 270.5 154.5 88.9 82.1 148.1 295.5 201.7 147.4 220.8 298.3 266.0 214.5 195.4 210.8 239.3 237.4 129.1 139.5 234.5 155.3 6.1 179.6 290.2 179.8 94.4 205.8 241.3 283.5 187.1 143.5 231.0 178.2 273.5 270.8 228.0 248.2 199.5 155.4 291.1 187.9 283.5 206.3 259.5 184.9 170.3 133.3 230.3 172.2 174.6 259.2 117.0 11.8 146.4 202.3 51.7 244.0 185.3 200.0 112.7 191.0 89.0 153.1 199.7 187.4 178.8 55.3 135.9 224.1 134.4 160.1 114.0 172.2 145.7 256.2 291.1 187.5 160.6 0.0 195.6 9.6 42.1 249.7 207.7 94.7 128.6 130.9 2.9 198.3 147.0 316.3 283.7 271.4
2523.1 157.3 122.9 183.1 128.8 224.1 192.5 91.1 249.6 257.1 158.3 125.7 66.1 244.7 64.9 72.0 89.7 109.3 239.6 130.2 175.3 123.2 236.6 145.1 40.8 148.0 200.7 147.9 135.5 193.8 73.7 129.8 109.6 217.3 217.6 78.6 95.4 69.2 141.7 88.5 245.5 237.2 122.4 81.3 130.1 133.1 8.6 144.1 123.7 116.2 142.7 238.5 69.4 203.5 249.1 139.7 140.7 135.1 133.1 25.2 124.9 71.9 72.2 126.6 261.9 121.6 103.8 108.8 97.4 155.3 147.0 121.7 105.3 93.6 60.8 65.4 172.6 68.5 138.6 149.6 49.3 55.1 239.0 203.3 81.6 272.2 145.4 141.4 89.9 131.9 112.5 105.8 151.5 68.6 114.0 147.9 0.0 138.2 190.1 138.5 163.5 108.4 91.5 78.9 143.9 209.2 100.4 161.4 128.8 223.8
2427.5 289.0 255.7 113.5 273.1 203.6 85.7 107.1 179.7 204.9 212.0 175.7 84.6 222.3 225.0 160.2 234.0 253.6 222.0 139.2 98.6 72.4 157.8 305.2 211.4 157.1 180.2 308.0 279.8 173.9 205.1 201.1 249.0 196.8 138.8 149.2 239.7 160.5 3.5 145.1 239.4 167.3 104.1 196.1 236.1 293.2 196.8 153.2 229.7 164.2 272.9 242.6 229.5 207.6 189.8 110.3 300.8 185.3 293.2 216.0 269.2 194.6 180.0 153.4 224.1 181.9 184.3 268.9 126.7 17.0 156.1 192.6 42.0 253.7 175.6 209.7 103.0 183.3 86.7 162.8 209.4 197.1 169.1 65.0 145.6 214.4 96.3 150.4 123.7 181.9 136.0 265.9 284.3 177.8 170.3 9.6 205.3 0.0 51.8 244.5 198.0 104.4 133.8 121.2 5.7 157.7 156.7 225.9 288.9 227.9
2480.4 293.3 256.9 198.0 221.2 247.9 59.7 160.0 268.4 280.9 236.9 123.8 172.4 293.1 219.0 154.2 182.1 201.7 274.2 187.1 76.2 125.3 105.9 288.3 205.4 150.6 224.5 273.9 227.9 218.2 199.1 244.0 197.1 241.1 86.9 143.2 187.8 154.5 49.3 183.3 293.9 256.0 98.1 282.4 255.1 273.9 180.3 154.4 248.7 209.1 277.2 286.9 223.5 251.9 272.9 154.6 283.9 191.6 247.4 164.1 217.3 158.9 174.0 101.5 310.3 130.0 147.8 254.3 120.7 35.7 151.6 260.7 126.8 234.5 228.5 157.8 187.5 274.5 80.7 110.9 203.4 191.1 257.8 13.1 139.6 308.9 140.6 198.3 117.7 130.0 188.9 257.4 340.4 245.9 142.3 43.1 188.8 52.8 0.0 263.5 222.9 98.4 127.8 174.1 47.1 202.0 150.7 287.4 254.0 272.2
2607.4 37.6 26.5 145.1 275.3 127.7 276.8 164.5 162.8 160.7 61.9 258.8 169.5 172.5 211.4 158.3 236.2 255.8 154.0 113.7 247.2 189.0 337.0 220.6 164.8 230.4 104.3 239.7 277.9 121.6 178.0 77.9 256.1 120.9 318.0 182.9 241.9 173.5 226.0 230.0 173.3 172.4 206.7 165.4 8.4 279.6 155.1 226.5 14.7 114.8 28.3 153.9 224.1 131.3 152.7 165.1 227.3 83.2 279.6 171.7 271.4 218.4 203.8 216.3 193.4 207.9 190.1 194.7 218.0 239.6 229.4 51.8 189.6 240.1 175.2 211.9 155.6 180.9 211.8 245.9 195.8 220.9 173.4 284.6 185.9 188.7 130.8 108.1 156.2 265.0 137.9 244.3 48.6 95.9 228.9 232.2 146.4 222.5 271.4 0.0 75.9 174.7 225.1 150.1 228.2 137.0 215.3 225.5 235.5 154.5
2564.8 95.7 59.3 102.5 298.3 97.8 234.2 103.9 132.9 130.8 14.0 216.2 126.9 148.2 234.4 190.1 259.2 278.8 124.1 58.7 204.6 146.4 294.4 243.6 187.3 187.8 74.4 262.7 305.0 99.6 186.0 70.1 279.1 91.0 275.4 197.9 264.9 152.8 183.4 186.7 151.3 142.7 164.1 188.4 81.2 302.6 178.1 183.9 74.8 99.6 79.6 144.3 238.9 109.3 122.8 107.1 250.3 40.6 302.6 194.7 294.4 243.3 228.7 180.3 167.7 222.4 221.9 217.7 175.4 197.0 186.8 92.8 147.0 263.1 198.2 234.9 113.0 205.9 180.3 203.3 218.8 245.8 143.5 242.0 194.3 158.8 88.2 47.5 113.6 222.4 115.9 267.3 101.5 109.7 219.0 189.6 169.4 179.9 228.8 89.6 0.0 132.1 182.5 128.1 185.6 69.9 205.4 248.5 258.5 129.6
2466.3 194.8 158.4 99.5 181.4 149.4 135.7 70.9 169.9 182.4 138.4 84.0 48.4 194.6 141.5 76.7 142.3 161.9 175.7 88.6 72.4 99.1 162.2 221.7 127.9 55.6 126.0 224.5 188.1 119.7 121.6 145.5 157.3 142.6 143.2 65.7 148.0 77.0 84.9 105.8 195.4 157.5 65.6 159.9 156.6 209.7 113.3 51.7 150.2 110.6 178.7 188.4 146.0 153.4 174.4 56.1 217.3 93.1 207.6 124.3 177.5 111.1 96.5 48.1 211.8 90.2 100.8 185.4 43.2 98.5 54.6 183.2 48.5 170.2 139.4 118.0 89.0 147.1 81.8 71.1 125.9 113.6 159.3 146.5 62.1 210.4 42.1 99.8 19.2 90.2 99.8 182.4 200.6 120.7 86.8 91.1 121.8 81.4 133.3 165.0 124.4 0.0 50.3 85.0 87.1 103.5 73.2 238.0 205.4 173.7
2501.5 260.3 232.3 142.7 201.6 202.6 144.3 69.5 223.1 235.6 174.4 86.2 44.5 247.8 129.0 64.2 162.5 182.1 228.9 107.2 104.2 101.6 215.1 209.2 115.4 105.4 179.2 212.0 204.2 172.9 109.1 157.5 177.5 195.8 196.1 15.4 168.2 26.7 120.1 93.3 248.6 210.7 100.8 152.5 214.2 197.2 100.8 101.5 197.9 120.6 251.0 241.6 138.5 206.6 227.6 109.3 204.8 150.0 197.2 107.3 197.7 98.6 84.0 97.9 265.0 106.1 88.3 172.9 5.9 133.7 104.4 170.7 83.7 157.7 132.0 138.2 132.2 137.7 105.9 58.0 113.4 101.1 212.5 141.6 11.8 263.6 92.8 112.8 68.3 92.4 92.4 169.9 262.5 155.9 74.3 121.8 109.3 116.6 128.4 222.6 160.4 86.8 0.0 77.6 122.3 156.7 60.7 225.5 192.9 226.9
2501.5 193.4 163.8 127.8 209.8 230.2 170.9 99.2 237.8 263.0 147.7 156.2 44.5 280.4 108.6 73.3 170.7 190.3 257.9 80.5 153.7 127.4 270.1 137.1 61.8 142.5 208.2 156.2 209.1 166.0 60.5 79.8 190.6 223.4 251.1 57.0 176.4 47.6 120.1 66.9 283.7 225.4 100.8 112.2 147.3 194.0 89.6 138.6 130.8 42.9 184.1 264.6 104.1 241.7 247.9 84.4 143.8 123.3 196.9 106.2 205.9 124.1 93.2 128.4 291.9 122.9 105.1 97.4 75.8 133.7 141.5 103.8 83.7 172.4 91.7 146.4 117.3 97.4 105.9 128.0 124.2 76.1 227.2 181.7 60.0 285.7 90.1 86.1 68.3 162.4 14.7 127.5 202.0 71.0 143.9 121.8 80.9 116.6 168.5 155.7 133.7 86.8 69.9 0.0 122.3 149.8 130.3 142.0 129.9 264.9
2433.2 285.8 257.2 119.2 267.4 248.2 80.6 112.8 185.4 210.6 217.7 170.0 90.3 228.0 218.3 154.5 228.3 247.9 227.7 150.5 92.9 78.1 152.1 299.5 205.7 151.4 224.8 302.3 269.0 218.5 199.4 206.8 243.3 241.4 133.1 143.5 233.0 153.8 2.1 183.6 245.1 175.8 98.4 201.8 241.8 287.5 190.1 147.5 227.0 174.2 276.5 274.8 232.0 252.2 195.5 153.9 294.1 191.0 287.5 210.3 263.5 188.9 174.3 137.3 226.3 176.2 178.6 262.2 121.0 10.3 150.4 198.3 47.7 248.0 181.3 204.0 108.7 187.0 93.0 157.1 203.7 191.4 174.8 59.3 139.9 220.1 138.4 156.1 117.0 176.2 141.7 260.2 291.6 183.5 164.6 0.5 199.6 5.7 46.1 250.2 203.7 98.7 128.1 126.9 0.0 202.3 150.0 314.8 282.2 275.4
2563.7 101.7 65.3 98.0 291.1 85.9 211.7 126.9 132.4 107.5 58.0 193.7 104.4 91.0 251.2 186.4 252.0 271.6 85.9 90.5 182.1 121.0 271.9 240.8 165.5 165.3 78.7 259.9 297.8 16.1 164.2 106.2 267.0 93.2 252.9 175.4 257.7 131.0 160.9 164.9 91.8 144.8 141.6 215.9 110.3 319.4 223.0 161.4 110.9 112.5 85.6 84.8 207.8 49.8 122.3 78.0 247.5 53.8 317.3 234.0 287.2 220.8 206.2 157.8 108.2 199.9 210.5 201.1 152.9 174.5 164.3 128.9 124.5 279.9 195.4 227.7 108.5 203.1 157.8 180.8 235.6 223.3 143.0 219.5 171.8 118.5 65.7 101.6 91.1 199.9 128.8 231.2 107.5 122.6 196.5 167.1 205.5 157.4 206.3 101.9 72.0 109.6 160.0 141.0 163.1 0.0 182.9 245.7 233.6 70.1
2516.7 252.8 224.8 178.8 164.9 228.7 150.8 133.9 249.2 261.7 260.2 90.2 108.9 273.9 121.5 56.7 125.8 145.4 255.0 193.7 110.7 166.0 201.1 201.7 107.9 111.9 205.3 204.5 167.5 199.0 83.6 211.0 140.8 221.9 182.1 79.7 131.5 91.0 158.4 67.8 274.7 236.8 136.2 193.5 206.7 189.7 93.3 108.0 200.3 178.4 243.5 255.6 131.0 232.7 253.7 135.4 197.3 229.7 189.7 107.8 161.0 91.1 76.5 97.8 291.1 73.7 80.8 165.4 57.2 144.8 110.9 163.2 148.1 150.2 188.2 101.5 168.3 205.9 130.8 82.5 105.9 93.6 238.6 148.1 76.1 289.7 121.4 199.3 132.7 96.4 170.4 162.4 255.0 148.4 13.5 152.2 101.8 161.9 134.9 215.1 246.9 79.2 64.3 132.7 155.2 182.8 0.0 218.0 185.4 253.0
2589.8 236.7 207.6 231.0 69.7 290.9 259.8 157.8 311.4 323.9 243.0 222.5 132.8 329.4 89.9 138.7 118.6 109.0 317.2 195.5 242.0 189.9 333.4 35.7 107.5 230.8 267.5 14.2 67.0 261.2 140.4 214.5 186.5 284.1 314.4 145.3 143.0 135.9 208.4 155.2 330.2 299.0 189.1 90.7 214.8 51.9 105.4 226.9 208.4 192.9 227.4 323.2 77.2 288.2 315.9 197.6 42.4 219.8 81.1 122.0 73.8 169.8 138.9 216.7 346.6 188.3 170.5 55.9 164.1 222.0 229.8 194.1 172.0 79.7 39.9 143.1 220.5 32.2 194.2 216.3 105.5 121.8 300.8 270.0 148.3 351.9 183.6 201.1 156.6 228.7 160.4 59.8 237.8 153.3 209.3 210.1 96.7 204.9 256.8 223.2 248.2 175.1 158.2 145.6 210.6 245.0 195.7 0.0 39.8 308.5
2578.0 265.4 236.3 219.2 88.6 279.1 248.0 146.0 299.6 312.1 271.7 193.1 121.0 347.1 78.1 126.9 80.5 69.1 342.0 218.0 230.2 178.1 304.0 78.9 95.7 219.0 255.7 81.7 91.2 249.4 128.6 227.8 144.3 272.3 285.0 133.5 124.1 124.1 196.6 143.4 347.9 290.0 177.3 103.6 228.1 66.9 93.6 215.1 186.5 208.3 256.1 328.8 65.4 305.9 304.1 227.5 74.5 233.1 66.9 110.2 84.7 158.0 127.1 194.0 368.0 176.5 158.7 44.1 152.3 210.2 218.0 211.1 160.2 45.1 28.1 105.0 208.7 20.4 193.5 204.5 93.7 110.0 289.0 258.2 136.5 374.6 169.3 229.2 144.8 199.3 148.6 48.0 255.5 156.4 197.5 202.8 84.9 193.1 245.0 236.5 261.5 163.3 146.4 133.8 198.8 233.2 183.9 95.2 0.0 329.1
2544.6 156.0 129.3 146.0 400.2 74.3 282.1 240.0 88.6 64.1 122.0 275.7 186.4 51.0 336.3 268.4 361.1 380.7 15.7 189.2 301.6 187.0 380.7 345.5 247.5 247.3 71.4 364.6 402.8 108.6 246.2 189.1 381.0 67.5 361.7 257.4 363.9 210.1 237.9 246.9 48.4 98.2 248.7 307.4 171.4 404.5 280.0 243.4 181.6 221.7 146.7 29.0 349.0 31.7 78.5 176.5 352.2 136.7 404.5 296.6 396.3 302.8 288.2 233.2 68.5 281.9 292.5 336.7 234.9 248.6 246.3 208.9 210.7 365.0 297.2 336.8 156.5 305.8 253.8 262.8 320.7 305.3 99.2 299.5 253.8 75.1 147.7 183.6 170.2 281.9 249.1 367.5 169.9 242.9 278.5 239.6 271.3 234.4 286.3 163.0 136.0 191.6 242.0 258.4 241.1 92.4 264.9 347.5 376.6 0.0
