Name		2691_BED-Amazon_n103_m241_bt32
Number_of_Customers	103
Number_of_Items		241
Number_of_ItemTypes	32
Number_of_Vehicles	1
TimeWindows		0
Dist_type	manual

VEHICLE
Mass_Capacity	2071
CargoSpace_Length	174
CargoSpace_Width	61
CargoSpace_Height	84

CUSTOMERS
i	x	y	Demand	ReadyTime	DueDate	ServiceTime	DemandedMass	DemandedVolume
0	33.918699	-118.324843	0	0	0	0	0	0
1	34.058513	-118.405658	1	0	0	0	3.82	7600
2	34.057308	-118.40567	1	0	0	0	0.7	2640
3	34.059699	-118.400832	2	0	0	0	2.5	5160
4	34.058796	-118.394891	1	0	0	0	0.7	2640
5	34.061103	-118.395919	1	0	0	0	4.8	6200
6	34.057384	-118.400201	1	0	0	0	0.7	2640
7	34.060765	-118.400194	1	0	0	0	4.7	1380
8	34.059152	-118.400184	1	0	0	0	4.7	1380
9	34.056247	-118.391801	2	0	0	0	8.0	6280
10	34.05678	-118.392837	1	0	0	0	1.75	4608
11	34.057323	-118.395942	1	0	0	0	4.7	1380
12	34.059938	-118.397996	1	0	0	0	0.7	2640
13	34.059694	-118.405205	1	0	0	0	0.7	2640
14	34.062041	-118.396961	2	0	0	0	2.6	3816
15	34.066341	-118.395919	3	0	0	0	4.95	11226
16	34.063759	-118.394892	2	0	0	0	3.7	3696
17	34.057722	-118.395936	2	0	0	0	12.0	5020
18	34.057937	-118.392832	4	0	0	0	12.27	29606
19	34.061342	-118.397991	2	0	0	0	12.84	19860
20	34.058734	-118.3991	4	0	0	0	23.04	17999
21	34.053563	-118.395351	6	0	0	0	25.95	20968
22	34.065615	-118.395925	1	0	0	0	1.8	2520
23	34.050792	-118.395345	1	0	0	0	4.7	1380
24	34.06074	-118.394893	3	0	0	0	20.8	11516
25	34.060803	-118.39592	2	0	0	0	6.5	3900
26	34.057149	-118.404553	4	0	0	0	31.2	16580
27	34.052826	-118.395351	2	0	0	0	7.2	5358
28	34.059697	-118.401772	3	0	0	0	10.9	22164
29	34.061942	-118.397992	2	0	0	0	12.0	5020
30	34.058748	-118.40455	1	0	0	0	7.3	3640
31	34.064433	-118.395928	3	0	0	0	13.9	6196
32	34.058628	-118.393856	1	0	0	0	7.63	16848
33	34.060811	-118.40564	2	0	0	0	14.87	31760
34	34.056931	-118.390772	3	0	0	0	11.55	21524
35	34.059469	-118.401928	1	0	0	0	7.3	3640
36	34.057389	-118.399103	1	0	0	0	4.7	1380
37	34.060826	-118.403452	2	0	0	0	12.59	11715
38	34.059247	-118.404649	1	0	0	0	4.7	1380
39	34.057824	-118.399099	2	0	0	0	6.6	2556
40	34.059692	-118.402981	1	0	0	0	4.7	1380
41	34.062436	-118.39799	4	0	0	0	10.15	8916
42	34.065884	-118.395924	2	0	0	0	8.12	25160
43	34.060742	-118.393848	2	0	0	0	3.55	7128
44	34.052118	-118.395349	1	0	0	0	7.63	16848
45	34.059715	-118.396965	1	0	0	0	4.7	1380
46	34.061393	-118.40564	1	0	0	0	4.7	1380
47	34.060731	-118.392827	1	0	0	0	4.7	1380
48	34.056337	-118.399556	2	0	0	0	5.7	10596
49	34.056585	-118.391803	2	0	0	0	5.5	8840
50	34.058934	-118.402373	1	0	0	0	3.82	7600
51	34.058891	-118.393689	1	0	0	0	4.73	10000
52	34.05799	-118.394898	2	0	0	0	12.0	5020
53	34.055391	-118.401381	3	0	0	0	15.11	15384
54	34.060058	-118.403459	3	0	0	0	9.3	13278
55	34.059416	-118.401278	1	0	0	0	7.3	3640
56	34.056222	-118.392835	7	0	0	0	26.06	57903
57	34.055098	-118.399451	1	0	0	0	4.7	1380
58	34.06362	-118.395923	1	0	0	0	4.7	1380
59	34.058578	-118.400191	3	0	0	0	7.9	7998
60	34.059688	-118.403806	1	0	0	0	2.94	14904
61	34.058045	-118.401088	4	0	0	0	11.12	13776
62	34.057092	-118.394058	6	0	0	0	21.71	35948
63	34.051546	-118.395349	1	0	0	0	0.7	2640
64	34.062408	-118.395925	1	0	0	0	1.75	4608
65	34.060225	-118.393854	2	0	0	0	6.6	2556
66	34.055865	-118.391798	3	0	0	0	10.08	24096
67	34.055766	-118.397994	1	0	0	0	0.7	2640
68	34.057729	-118.391802	4	0	0	0	13.34	26880
69	34.059591	-118.394889	1	0	0	0	0.7	2640
70	34.062075	-118.393847	7	0	0	0	35.15	38800
71	34.058619	-118.391797	4	0	0	0	21.45	6196
72	34.058343	-118.404553	3	0	0	0	8.4	5076
73	34.057123	-118.401755	1	0	0	0	2.15	1080
74	34.056411	-118.390771	5	0	0	0	29.82	19588
75	34.061268	-118.396963	2	0	0	0	11.3	3936
76	34.057094	-118.392167	1	0	0	0	5.29	8075
77	34.059377	-118.396287	2	0	0	0	5.4	4020
78	34.059375	-118.394214	1	0	0	0	7.63	16848
79	34.057059	-118.390163	1	0	0	0	0.7	2640
80	34.060237	-118.392829	2	0	0	0	9.99	9455
81	34.056011	-118.397159	4	0	0	0	21.35	17588
82	34.058327	-118.397599	1	0	0	0	7.3	3640
83	34.059982	-118.39283	2	0	0	0	4.4	5154
84	34.059692	-118.406149	3	0	0	0	7.85	11268
85	34.057427	-118.398195	1	0	0	0	3.01	5544
86	34.058127	-118.398715	2	0	0	0	12.0	5020
87	34.060034	-118.394896	2	0	0	0	7.71	6924
88	34.062048	-118.394886	3	0	0	0	9.3	14991
89	34.061482	-118.400191	1	0	0	0	4.7	1380
90	34.063623	-118.396954	1	0	0	0	5.29	8075
91	34.060011	-118.400195	1	0	0	0	1.75	4608
92	34.057899	-118.393855	3	0	0	0	17.98	13218
93	34.054971	-118.400998	1	0	0	0	2.6	10400
94	34.062537	-118.396959	1	0	0	0	1.75	4608
95	34.056412	-118.401118	2	0	0	0	8.92	10584
96	34.058857	-118.392826	1	0	0	0	7.3	3640
97	34.063221	-118.394892	2	0	0	0	23.04	63760
98	34.056164	-118.402089	1	0	0	0	12.6	25520
99	34.056833	-118.402707	1	0	0	0	4.7	1380
100	34.060426	-118.397993	3	0	0	0	14.71	17712
101	34.059022	-118.405653	1	0	0	0	5.29	8075
102	34.061348	-118.392826	1	0	0	0	4.7	1380
103	34.060379	-118.395919	1	0	0	0	1.75	4608

ITEMS
Type	Length	Width	Height	Mass	Fragility	LoadBearingStrength
Bt1	10	10	10	14.15	1	0
Bt2	18	12	5	2.15	1	0
Bt3	21	14	4	1.9	1	0
Bt4	23	15	4	4.7	1	0
Bt5	20	18	7	1.8	1	0
Bt6	15	11	16	0.7	1	0
Bt7	20	14	13	7.3	1	0
Bt8	17	13	18	2.5	1	0
Bt9	29	15	10	4.66	1	0
Bt10	24	12	16	1.75	1	0
Bt11	30	17	10	1.38	1	0
Bt12	28	22	9	3.01	1	0
Bt13	31	20	10	4.8	1	0
Bt14	31	16	14	1.62	1	0
Bt15	40	19	10	3.82	1	0
Bt16	34	12	19	2.59	1	0
Bt17	41	12	16	2.61	1	0
Bt18	25	19	17	5.29	1	0
Bt19	22	15	26	3.816	1	0
Bt20	28	18	18	2.75	1	0
Bt21	39	19	13	2.1	1	0
Bt22	29	24	14	4.25	1	0
Bt23	50	20	10	4.73	1	0
Bt24	40	20	13	2.6	1	0
Bt25	26	20	26	2.91	1	0
Bt26	27	23	24	2.94	1	0
Bt27	39	27	16	7.63	1	0
Bt28	57	15	20	3.44	1	0
Bt29	41	20	29	3.42	1	0
Bt30	58	40	11	12.6	1	0
Bt31	40	29	23	10.22	1	0
Bt32	38	37	20	7.568	1	0

DEMANDS PER CUSTOMER
i	Type Quantity
1	Bt15 1	
2	Bt6 1	
3	Bt5 1	Bt6 1	
4	Bt6 1	
5	Bt13 1	
6	Bt6 1	
7	Bt4 1	
8	Bt4 1	
9	Bt7 1	Bt6 1	
10	Bt10 1	
11	Bt4 1	
12	Bt6 1	
13	Bt6 1	
14	Bt6 1	Bt3 1	
15	Bt8 1	Bt10 1	Bt6 1	
16	Bt5 1	Bt3 1	
17	Bt4 1	Bt7 1	
18	Bt6 4	Bt3 1	Bt25 1	Bt9 1	
19	Bt28 1	Bt4 2	
20	Bt4 3	Bt10 1	Bt18 1	Bt3 1	
21	Bt10 1	Bt5 1	Bt2 2	Bt6 2	Bt4 2	Bt7 1	
22	Bt5 1	
23	Bt4 1	
24	Bt13 1	Bt3 1	Bt4 3	
25	Bt4 1	Bt5 1	
26	Bt7 2	Bt6 1	Bt4 3	Bt5 1	
27	Bt4 1	Bt8 1	
28	Bt4 1	Bt6 1	Bt20 2	
29	Bt7 1	Bt4 1	
30	Bt7 1	
31	Bt3 1	Bt4 1	Bt7 1	
32	Bt27 1	
33	Bt32 1	Bt7 1	
34	Bt22 1	Bt4 1	Bt24 1	
35	Bt7 1	
36	Bt4 1	
37	Bt18 1	Bt7 1	
38	Bt4 1	
39	Bt3 1	Bt4 1	
40	Bt4 1	
41	Bt6 2	Bt2 1	Bt4 1	Bt3 1	
42	Bt29 1	Bt4 1	
43	Bt5 1	Bt10 1	
44	Bt27 1	
45	Bt4 1	
46	Bt4 1	
47	Bt4 1	
48	Bt8 2	Bt6 1	
49	Bt13 1	Bt6 1	
50	Bt15 1	
51	Bt23 1	
52	Bt7 1	Bt4 1	
53	Bt12 1	Bt13 1	Bt7 1	
54	Bt4 1	Bt6 3	Bt8 1	
55	Bt7 1	
56	Bt24 1	Bt18 1	Bt29 1	Bt6 1	Bt4 2	Bt20 1	Bt3 1	
57	Bt4 1	
58	Bt4 1	
59	Bt6 1	Bt8 1	Bt4 1	
60	Bt26 1	
61	Bt4 1	Bt3 1	Bt6 1	Bt19 1	
62	Bt19 1	Bt4 2	Bt6 2	Bt24 1	Bt16 1	Bt3 1	
63	Bt6 1	
64	Bt10 1	
65	Bt3 1	Bt4 1	
66	Bt6 1	Bt10 1	Bt27 1	
67	Bt6 1	
68	Bt4 1	Bt26 1	Bt8 2	Bt6 1	
69	Bt6 1	
70	Bt13 2	Bt4 2	Bt3 2	Bt24 1	Bt6 1	Bt10 1	Bt7 1	
71	Bt1 1	Bt6 1	Bt4 1	Bt3 1	
72	Bt4 1	Bt3 1	Bt5 1	
73	Bt2 1	
74	Bt4 2	Bt10 1	Bt1 1	Bt6 1	Bt19 1	
75	Bt4 2	Bt3 1	
76	Bt18 1	
77	Bt4 1	Bt6 1	
78	Bt27 1	
79	Bt6 1	
80	Bt4 1	Bt18 1	
81	Bt13 1	Bt4 3	Bt6 1	Bt10 1	
82	Bt7 1	
83	Bt8 1	Bt3 1	
84	Bt10 1	Bt4 1	Bt6 2	
85	Bt12 1	
86	Bt4 1	Bt7 1	
87	Bt4 1	Bt12 1	
88	Bt21 1	Bt4 1	Bt8 1	
89	Bt4 1	
90	Bt18 1	
91	Bt10 1	
92	Bt11 1	Bt4 3	Bt8 1	
93	Bt24 1	
94	Bt10 1	
95	Bt7 1	Bt14 1	
96	Bt7 1	
97	Bt31 2	Bt24 1	
98	Bt30 1	
99	Bt4 1	
100	Bt17 1	Bt13 1	Bt7 1	
101	Bt18 1	
102	Bt4 1	
103	Bt10 1	

DISTANCE MATRIX
0.0 1968.2 1925.7 1997.4 2018.7 2046.1 1958.5 2037.9 2021.2 2011.4 2014.5 2014.6 2069.4 1948.0 2075.8 2212.2 2130.4 2021.3 2038.1 2079.6 1940.5 1963.7 2199.0 1929.2 2079.2 2041.9 1946.4 1972.9 1988.1 2065.5 1981.8 2093.4 2030.1 1977.0 2035.3 1985.8 1925.1 2000.8 1979.3 1929.4 1972.9 2084.4 2203.9 2086.5 1990.4 2038.9 1985.6 2099.9 1931.0 2019.3 2000.0 2043.6 2006.8 1900.7 1994.9 2005.9 2001.4 1902.4 2083.7 1969.8 1963.7 1967.4 2013.6 1940.3 2065.8 2077.1 2004.1 1920.4 2048.6 2048.3 2110.7 2059.9 1990.3 1962.2 2024.3 2064.8 2036.9 2000.4 2027.3 2056.6 2092.6 1939.2 1998.7 2088.8 1933.2 1962.1 1945.0 2061.5 2098.0 2048.9 2102.6 2025.0 2023.0 1886.7 2084.6 1944.1 2054.8 2120.7 1926.5 1948.9 2101.1 1960.9 2109.0 2035.8
2078.8 0.0 17.1 84.6 173.8 186.9 136.6 125.1 108.4 268.6 250.4 185.5 273.3 35.2 238.3 270.3 261.5 179.2 224.8 239.4 128.9 232.2 257.1 277.1 210.3 182.7 83.4 241.4 75.3 225.3 69.0 234.2 191.6 46.2 267.4 73.0 144.3 88.0 44.4 140.0 60.1 244.2 262.0 220.7 258.9 159.0 54.8 227.1 156.0 260.7 87.2 205.3 187.2 187.4 82.1 93.1 256.8 191.5 224.5 124.7 50.9 119.2 226.2 266.7 206.6 211.3 275.9 218.3 229.8 179.4 244.9 217.4 77.5 119.3 278.9 184.9 257.6 141.2 168.1 282.0 219.8 217.1 139.5 216.0 46.0 185.4 155.9 192.6 229.1 179.5 222.7 112.2 199.9 201.4 204.7 136.4 206.4 251.8 161.6 139.2 260.9 7.2 236.2 176.6
2061.7 17.1 0.0 101.7 190.9 204.0 153.7 142.2 125.5 285.7 267.5 202.6 290.4 52.3 255.4 287.4 278.6 196.3 241.9 256.5 146.0 249.3 274.2 288.2 227.4 199.8 66.3 258.5 92.4 242.4 86.1 251.3 208.7 63.3 284.5 90.1 161.4 105.1 61.5 157.1 77.2 261.3 279.1 237.8 270.0 176.1 71.9 244.2 173.1 277.8 104.3 222.4 204.3 171.5 99.2 110.2 281.4 208.6 241.6 141.8 68.0 136.3 243.3 277.8 223.7 228.4 293.0 235.4 246.9 196.5 262.0 234.5 86.6 136.4 296.0 202.0 274.7 158.3 185.2 299.1 236.9 234.2 156.6 233.1 63.1 202.5 173.0 209.7 246.2 196.6 239.8 129.3 217.0 185.5 221.8 153.5 223.5 268.9 145.7 123.3 278.0 24.4 253.3 193.7
2135.0 93.7 110.8 0.0 89.1 102.2 51.9 40.4 23.7 183.0 165.7 100.8 192.4 50.8 105.3 185.6 179.9 88.6 134.2 163.7 38.3 141.6 172.4 192.4 120.7 98.0 99.5 159.9 10.4 144.6 78.5 145.9 106.9 82.5 176.8 13.2 59.6 60.3 76.0 49.4 26.2 157.2 174.8 136.0 174.2 74.3 91.1 142.4 81.0 176.0 49.5 120.6 96.6 154.3 43.3 28.4 166.2 106.8 139.8 32.8 35.2 72.9 135.6 182.0 121.9 125.0 192.9 133.6 153.2 94.7 160.2 132.7 85.5 81.6 194.2 100.2 172.9 52.3 83.4 197.3 129.2 126.5 54.8 116.8 61.8 100.7 65.3 107.9 144.4 51.4 138.0 27.5 113.6 140.3 120.0 143.9 121.7 161.2 180.1 127.3 185.2 86.4 151.5 91.9
2167.5 292.2 275.1 113.4 0.0 78.2 204.5 129.4 132.7 120.6 92.7 57.1 85.1 164.3 150.9 186.6 111.6 63.8 92.9 119.0 159.6 148.1 173.4 193.0 60.4 74.0 270.1 157.3 123.9 172.1 192.0 150.5 59.7 196.0 135.5 126.7 171.1 169.6 189.5 175.4 139.7 171.0 178.3 88.8 174.8 72.6 204.6 95.2 177.0 112.7 240.6 40.4 13.3 186.8 163.7 141.9 99.1 148.4 140.8 215.8 148.7 213.4 59.2 182.6 122.9 79.4 127.9 135.5 97.9 29.5 113.2 85.5 290.4 208.2 147.0 98.5 90.9 49.8 36.2 129.1 87.9 127.9 89.2 84.1 177.8 121.8 139.5 42.7 79.2 140.4 161.4 116.5 68.0 172.8 143.4 190.1 74.5 101.9 212.6 235.0 97.5 199.9 142.1 67.9
2229.2 202.1 219.2 108.3 115.6 0.0 155.8 124.3 127.6 188.1 160.2 73.7 80.0 159.2 65.6 83.3 81.9 67.4 167.1 100.9 116.9 181.3 70.1 226.2 65.8 4.1 214.6 190.5 118.8 86.8 186.9 47.2 137.3 190.9 191.2 121.6 132.3 164.5 184.4 128.0 134.6 85.7 75.0 89.7 208.0 67.5 199.5 103.5 154.7 180.2 157.9 126.8 129.0 248.5 158.6 136.8 166.6 179.5 37.5 143.9 143.6 162.9 126.7 215.8 19.6 99.1 195.4 187.9 136.0 96.7 65.5 123.6 195.4 190.0 202.7 76.6 158.4 44.7 74.3 196.6 110.8 186.7 122.4 114.6 172.7 155.0 172.7 83.5 47.0 135.3 76.1 111.4 145.6 234.5 58.1 207.1 148.7 72.2 274.3 235.7 92.4 194.8 94.4 9.9
2109.4 203.5 186.4 70.2 133.5 146.6 0.0 66.8 27.1 228.3 210.1 145.2 205.6 119.7 170.6 262.3 242.9 138.9 184.5 171.7 88.6 191.9 249.1 227.9 170.0 142.4 151.5 201.1 121.7 157.6 180.3 226.2 151.3 151.4 227.1 119.4 70.5 161.0 147.7 74.8 95.1 176.5 254.0 180.4 209.7 118.7 160.0 186.8 37.9 220.4 87.0 165.0 146.9 128.7 155.1 52.4 224.0 81.2 216.5 11.3 104.1 26.8 185.9 217.5 198.6 171.0 235.6 148.3 189.5 139.1 226.5 177.1 171.8 98.1 238.6 181.6 217.3 100.9 127.8 241.7 179.5 143.1 99.2 175.7 133.2 107.5 90.4 152.3 208.0 77.8 201.1 53.9 159.6 114.7 183.1 115.2 166.1 233.2 153.2 130.8 193.2 210.8 195.9 136.3
2181.0 135.8 152.9 42.0 126.7 134.5 71.5 0.0 43.3 221.5 203.3 138.4 138.7 92.9 103.7 195.4 176.0 132.1 177.7 104.8 126.3 224.7 182.2 269.6 159.9 138.6 148.3 233.9 52.5 90.7 120.6 159.3 144.5 124.6 220.3 55.3 141.7 98.2 160.2 137.4 68.3 109.6 187.1 183.8 251.4 140.6 133.2 197.6 109.5 213.6 91.6 158.2 140.1 200.3 92.3 70.5 217.2 152.8 149.6 59.6 77.3 98.4 179.1 259.2 131.7 193.2 228.8 210.8 182.7 190.8 159.6 170.3 129.1 123.7 231.8 114.7 210.5 94.1 121.0 234.9 204.9 209.6 132.0 208.7 106.4 177.9 153.3 177.6 141.1 10.9 134.2 18.4 152.8 186.3 116.2 140.8 159.3 166.3 224.8 202.4 126.3 128.5 188.5 144.4
2137.6 135.5 214.6 41.7 106.4 119.5 28.1 39.7 0.0 201.2 183.0 118.1 178.5 92.6 143.5 235.2 215.8 111.8 157.4 144.6 61.5 164.8 222.0 209.7 142.9 115.3 179.7 174.0 52.2 130.5 208.5 199.1 124.2 124.3 200.0 55.0 76.9 97.9 130.8 72.6 68.0 149.4 226.9 153.3 191.5 91.6 132.9 159.7 66.1 193.3 115.2 137.9 119.8 156.9 92.0 80.6 196.9 109.4 189.4 16.3 77.0 55.0 158.8 199.3 171.5 143.9 208.5 150.9 162.4 112.0 199.4 150.0 200.0 126.3 211.5 154.5 190.2 73.8 100.7 214.6 152.4 149.7 72.1 148.6 106.1 118.0 88.5 125.2 180.9 50.7 174.0 26.8 132.5 142.9 156.0 143.4 139.0 206.1 181.4 159.0 166.1 128.2 168.8 109.2
2157.6 282.3 265.2 192.8 120.1 192.0 194.6 214.0 221.7 0.0 84.2 114.9 169.7 248.9 224.3 283.6 230.6 120.7 69.0 202.7 176.6 121.6 271.3 166.5 174.8 186.9 260.2 134.0 207.6 248.7 289.0 249.8 97.0 280.6 50.8 211.3 161.2 258.4 307.6 165.5 224.3 256.1 273.7 152.5 148.3 186.5 289.2 131.7 175.6 6.9 230.7 121.4 107.3 176.9 240.5 229.1 70.9 138.5 238.7 213.8 233.3 203.5 72.5 156.1 220.8 142.4 8.9 125.6 29.7 149.7 177.6 47.5 282.0 198.3 62.3 212.4 39.6 136.9 113.8 57.1 123.5 118.0 137.8 83.0 259.9 153.0 170.7 162.0 211.7 225.0 250.2 201.1 85.3 162.9 232.2 175.6 86.6 216.9 202.7 225.1 181.2 289.6 140.8 181.7
2162.8 287.5 270.4 171.3 91.7 163.6 199.8 187.3 226.9 52.0 0.0 86.5 143.0 222.2 167.4 250.4 193.4 93.2 23.5 176.9 181.8 126.8 237.2 171.7 152.2 159.4 265.4 136.0 181.8 235.9 294.2 214.3 68.6 253.9 55.1 184.6 166.4 227.5 312.8 170.7 197.6 234.8 242.1 125.0 153.5 130.5 262.5 85.3 172.3 44.1 235.9 79.2 79.8 182.1 221.6 234.3 6.4 143.7 204.6 211.1 206.6 208.7 45.0 161.3 186.7 115.6 59.3 130.8 58.5 121.3 158.8 69.8 285.7 203.5 66.6 156.4 22.3 107.7 87.1 60.5 78.0 123.2 118.6 74.2 235.7 158.2 175.9 134.5 178.5 198.3 225.2 174.4 61.5 168.1 207.2 185.4 40.2 183.7 207.9 230.3 155.4 294.8 94.4 153.3
2155.4 280.1 263.0 117.0 81.9 77.0 181.8 133.0 136.3 114.3 86.4 0.0 101.9 167.9 134.2 160.4 159.0 6.6 132.9 173.4 119.0 107.5 147.2 152.4 142.9 72.8 258.0 116.7 127.5 159.3 195.6 124.3 99.7 199.6 117.4 130.3 131.9 173.2 193.1 127.6 143.3 162.8 152.1 166.8 134.2 97.3 208.2 135.2 154.3 106.4 228.5 95.4 64.1 174.7 167.3 145.5 100.3 136.3 114.6 193.1 152.3 190.7 52.9 142.0 96.7 119.4 121.6 114.1 137.9 87.5 142.6 125.5 278.3 196.1 128.9 123.2 84.6 97.5 76.2 122.8 127.9 112.9 48.6 124.1 181.4 81.2 98.9 100.7 124.1 144.0 153.2 120.1 108.0 160.7 135.2 178.0 114.5 149.3 200.5 222.9 114.3 203.5 171.5 66.7
2163.0 157.4 174.5 63.6 189.4 114.2 111.1 79.6 82.9 295.7 266.5 188.0 0.0 114.5 83.4 175.1 155.7 181.7 240.9 33.8 72.2 272.0 161.9 281.5 139.6 118.3 169.9 281.2 74.1 47.9 142.2 139.0 211.1 146.2 298.2 76.9 87.6 119.8 139.7 83.3 89.9 71.3 166.8 163.5 263.3 120.3 154.8 177.3 110.0 287.8 113.2 224.8 202.8 182.3 113.9 92.1 280.4 134.8 129.3 99.2 98.9 118.2 245.7 271.1 111.4 172.9 303.0 157.1 256.9 170.5 139.3 244.5 150.7 145.3 309.7 94.4 284.7 159.0 204.0 309.7 184.6 151.9 184.0 188.4 128.0 116.3 99.2 157.3 120.8 90.6 113.9 66.7 219.4 168.3 95.9 162.4 222.5 146.0 208.1 191.0 12.3 150.1 168.2 124.1
2100.8 42.8 59.9 49.3 138.5 151.6 101.3 89.8 73.1 233.3 215.1 150.2 258.7 0.0 160.6 235.0 226.2 143.9 189.5 224.8 93.6 196.9 221.8 241.8 175.0 147.4 61.4 206.1 40.0 210.7 33.7 198.9 156.3 31.6 232.1 37.7 109.0 52.7 31.2 104.7 24.8 229.6 226.7 185.4 223.6 123.7 40.2 191.8 120.7 225.4 51.9 170.0 151.9 152.1 46.8 57.8 229.0 156.2 189.2 89.4 15.6 83.9 190.9 231.4 171.3 176.0 240.6 183.0 194.5 144.1 209.6 182.1 42.2 84.0 243.6 149.6 222.3 105.9 132.8 246.7 184.5 181.8 104.2 180.7 13.4 150.1 120.6 157.3 193.8 100.8 187.4 76.9 164.6 166.1 169.4 101.1 171.1 216.5 126.3 103.9 246.3 35.5 200.9 141.3
2233.2 202.1 219.2 108.3 120.2 45.0 196.4 124.3 168.2 225.6 197.3 118.8 80.0 159.2 0.0 105.9 89.6 112.5 171.7 69.5 142.4 188.5 92.7 233.4 75.3 49.1 209.0 200.9 118.8 55.6 186.9 72.1 141.9 190.9 229.0 121.6 157.8 168.7 184.4 153.5 134.6 43.0 97.6 94.3 215.2 36.8 199.5 108.1 188.7 218.6 196.9 155.6 133.6 252.5 151.7 173.5 203.7 205.0 60.1 177.3 143.6 199.6 176.5 223.0 42.2 105.3 235.5 174.6 193.0 101.3 70.1 175.3 193.2 229.0 240.5 11.0 215.5 89.8 134.8 240.5 115.4 173.4 100.5 130.0 170.2 141.7 159.4 88.1 51.6 111.8 26.7 111.4 154.5 238.5 8.7 250.5 153.3 76.8 278.3 279.7 91.0 194.8 99.0 54.9
2306.1 286.1 303.2 192.3 177.1 83.9 269.3 197.7 241.1 282.5 254.2 157.7 164.0 243.2 107.1 0.0 84.3 151.4 228.6 142.4 215.3 265.3 13.7 310.2 132.2 88.0 293.0 274.5 202.8 128.3 270.9 34.9 198.3 274.9 285.9 205.6 230.7 248.5 268.4 226.4 218.6 115.9 8.6 150.7 292.0 144.0 273.9 165.0 256.7 275.5 269.8 210.8 190.5 325.4 235.7 246.4 260.6 277.9 46.9 250.2 227.6 272.5 210.7 299.8 64.8 160.1 292.4 271.9 244.6 158.2 126.5 232.2 277.9 301.9 297.4 118.1 242.4 128.7 191.2 280.6 172.3 270.7 206.4 176.1 256.4 239.0 256.7 145.0 108.5 184.7 87.9 195.4 210.9 311.4 99.6 323.4 210.2 98.4 351.2 352.6 163.9 278.8 155.9 93.8
2273.7 269.4 286.5 170.4 106.1 86.5 253.9 182.3 225.7 229.5 201.2 160.3 147.3 226.5 91.7 81.2 0.0 154.0 175.6 130.4 199.9 257.7 71.1 299.2 64.6 90.6 270.0 266.7 186.1 113.1 254.2 74.5 145.8 258.2 232.9 188.9 215.3 229.1 251.7 211.0 201.9 100.5 73.5 98.2 281.0 128.6 258.5 112.0 246.2 225.9 254.4 152.3 122.9 296.4 219.0 231.0 218.5 254.6 81.6 234.8 210.9 257.1 165.4 288.8 63.7 109.2 242.8 241.7 199.7 87.2 74.0 182.6 261.2 286.5 244.4 106.1 197.1 114.5 138.7 244.4 122.7 234.1 192.3 191.4 237.5 228.0 226.9 74.0 40.9 169.3 102.2 178.7 161.8 279.0 84.2 291.7 157.2 10.7 318.8 337.2 148.5 262.1 102.9 96.4
2161.7 286.4 269.3 123.3 75.2 70.3 188.1 139.3 142.6 120.6 92.7 6.3 95.2 174.2 136.0 153.7 152.3 0.0 126.2 171.3 125.3 113.8 140.5 158.7 141.1 66.1 264.3 123.0 133.8 157.2 201.9 119.9 93.0 205.9 123.7 136.6 138.2 179.5 199.4 133.9 149.6 144.8 145.4 160.1 140.5 103.6 214.5 128.5 160.6 112.7 234.8 88.7 88.6 181.0 166.7 151.8 99.1 142.6 107.9 206.4 158.6 197.0 59.2 148.3 90.0 112.7 129.6 120.4 131.2 80.8 135.9 118.8 208.2 202.4 135.2 129.5 90.9 99.6 69.5 129.1 121.2 119.2 54.9 117.4 184.6 87.5 105.2 94.0 117.4 150.3 146.5 126.4 105.6 167.0 128.5 184.3 107.8 142.6 206.8 229.2 107.6 209.8 164.8 60.0
2188.4 313.1 296.0 142.5 91.1 112.5 225.4 163.7 167.0 70.5 25.5 85.9 119.4 198.6 143.8 226.8 169.8 92.6 0.0 153.3 188.4 176.9 213.6 221.8 146.7 108.3 291.0 186.1 158.2 167.2 226.3 193.0 68.0 230.3 74.5 161.0 192.0 203.9 223.8 196.3 174.0 199.9 218.5 124.4 203.6 106.9 238.9 61.7 197.9 63.5 261.5 55.6 79.2 207.7 191.1 176.2 39.4 169.3 181.0 243.7 183.0 234.3 44.4 211.4 163.1 113.4 80.4 156.4 82.4 120.7 135.2 70.0 312.8 229.1 86.0 132.8 41.7 84.1 63.5 79.9 54.4 148.8 118.0 50.6 209.0 150.6 168.3 133.9 154.9 174.7 201.6 150.8 57.2 193.7 183.6 206.4 16.6 160.1 233.5 255.9 131.8 320.4 70.8 102.2
2196.9 191.3 208.4 97.5 155.5 80.3 145.0 113.5 116.8 260.9 232.6 154.1 33.8 148.4 49.5 141.2 121.8 147.8 207.0 0.0 106.1 238.1 128.0 283.0 110.6 84.4 203.8 250.5 108.0 13.8 176.1 107.4 177.2 180.1 264.3 110.8 121.5 153.7 173.6 117.2 123.8 26.1 130.4 129.6 264.8 86.4 188.7 143.4 152.4 253.9 147.1 190.9 168.9 216.2 140.9 126.0 239.0 168.7 95.4 125.9 132.8 152.1 211.8 272.6 77.5 139.0 270.8 224.2 226.7 136.6 105.4 210.6 184.6 179.2 275.8 60.5 250.8 125.1 170.1 275.8 150.7 223.0 150.1 154.5 161.6 191.3 133.1 123.4 86.9 112.9 80.0 100.6 189.8 202.2 62.0 200.7 188.6 112.1 242.0 224.9 21.4 184.0 134.3 90.2
2090.7 215.4 198.3 53.7 92.4 105.5 65.2 74.9 92.3 187.2 169.0 104.1 172.9 109.8 137.9 188.9 180.1 97.8 143.4 139.0 0.0 150.8 175.7 195.7 124.0 101.3 193.3 160.0 69.4 124.9 222.1 155.1 110.2 141.5 186.0 72.2 15.3 115.1 169.4 11.0 85.2 132.5 178.1 139.3 177.5 77.6 150.1 145.7 37.7 179.3 134.3 123.9 105.8 110.0 102.3 99.7 175.4 62.5 143.1 83.5 94.2 74.1 144.8 185.3 125.2 128.3 196.2 84.8 153.7 98.0 163.5 136.0 215.1 122.3 197.5 103.5 176.2 55.6 86.7 200.6 138.4 79.6 58.1 134.6 123.3 44.0 26.9 111.2 175.3 85.9 168.4 62.0 122.8 96.0 150.4 99.6 125.0 170.4 135.8 158.2 160.5 222.7 154.8 95.2
2164.3 291.9 274.8 160.7 146.5 184.1 201.4 176.7 228.5 120.5 156.9 107.0 171.5 211.6 177.9 267.5 264.5 113.7 174.3 217.1 162.7 0.0 254.3 44.8 202.1 179.9 282.8 9.1 171.2 203.0 298.6 233.7 164.9 243.3 187.9 174.0 168.0 216.9 324.4 172.3 187.0 210.6 256.7 221.3 26.6 141.0 251.9 236.1 173.9 128.4 203.2 194.7 134.6 149.4 204.1 235.9 110.5 111.0 221.7 219.7 196.0 210.3 123.4 34.4 203.8 210.3 111.5 98.1 150.3 176.1 248.1 169.0 290.1 170.8 133.4 166.9 155.1 137.0 168.1 193.3 228.8 90.5 92.3 225.0 224.8 124.9 142.6 189.3 229.6 187.7 204.7 163.8 154.1 135.4 186.7 148.1 191.0 254.8 175.2 197.6 183.9 299.2 245.2 173.8
2292.3 272.3 289.4 178.5 163.3 70.1 255.5 183.9 227.3 269.6 240.4 143.9 150.2 229.4 93.3 13.1 73.9 137.6 214.8 128.6 201.5 251.5 0.0 296.4 113.5 74.2 284.8 260.7 189.0 114.5 257.1 23.4 184.5 261.1 272.1 191.8 216.9 234.7 254.6 212.6 204.8 113.4 4.8 136.9 278.2 130.2 260.1 151.2 239.3 261.7 256.0 197.0 176.7 311.6 228.8 232.6 254.3 264.1 33.1 243.6 213.8 258.7 196.9 286.0 51.0 146.3 276.9 258.1 230.8 144.4 112.7 218.4 265.6 288.1 283.6 104.3 228.6 114.9 177.4 266.8 158.5 256.9 192.6 162.3 242.9 225.2 242.9 131.2 94.7 170.9 74.1 181.6 192.8 297.6 85.8 305.2 196.4 84.6 337.4 338.8 150.1 265.0 142.1 80.0
2119.4 305.4 288.3 201.4 187.2 224.8 214.9 217.4 242.0 161.2 197.6 147.7 212.2 252.3 218.6 308.2 305.2 154.4 215.0 257.8 196.9 40.6 295.0 0.0 247.7 220.6 283.3 31.4 211.9 243.7 312.1 272.1 205.6 284.0 228.6 214.7 181.5 257.6 337.9 185.8 227.7 262.6 299.9 262.0 19.5 181.7 292.6 276.8 187.4 169.1 265.0 235.4 175.3 190.1 251.7 249.4 151.0 172.8 262.4 226.2 236.7 223.8 164.1 11.1 244.5 252.6 153.9 138.8 198.4 216.8 288.8 209.7 303.6 232.6 174.1 207.6 195.8 181.9 208.8 234.0 269.5 131.2 133.0 265.7 265.8 165.6 183.3 230.0 270.3 228.4 245.4 204.5 198.5 176.1 227.4 214.5 231.7 295.5 215.9 238.3 224.6 312.7 285.9 214.5
2212.4 208.1 225.2 109.1 44.8 79.1 161.8 130.3 133.6 164.6 137.6 102.0 86.0 165.2 95.3 131.0 56.0 108.7 113.8 119.9 122.9 193.0 117.8 237.9 0.0 74.9 208.7 202.2 124.8 116.5 192.9 97.2 80.6 196.9 168.6 127.6 138.3 170.5 190.4 134.0 140.6 104.1 120.2 81.8 219.7 73.5 205.5 95.6 169.2 157.6 163.9 91.0 58.2 231.7 157.7 142.8 151.7 193.3 85.2 142.7 149.6 168.9 104.1 227.5 67.3 91.2 174.5 180.4 118.8 25.9 57.6 106.4 199.2 196.0 180.1 99.4 135.8 50.7 57.1 174.0 102.9 172.8 134.1 106.7 175.6 166.7 184.4 12.8 23.7 141.3 105.8 117.4 93.2 217.7 87.8 235.0 95.4 46.3 257.5 279.9 98.4 200.8 86.5 68.8
2225.1 198.0 215.1 104.2 119.8 4.2 151.7 120.2 123.5 184.0 156.1 69.6 75.9 155.1 69.8 87.5 89.2 63.3 171.3 105.1 112.8 177.2 74.3 222.1 74.9 0.0 210.5 186.4 114.7 91.2 182.8 53.7 93.7 186.8 187.1 117.5 128.2 160.4 180.3 123.9 130.5 78.6 76.7 93.9 203.9 63.4 195.4 107.7 154.2 176.1 153.8 122.7 133.2 244.4 147.6 132.7 162.5 175.4 41.7 132.6 139.5 158.8 122.6 211.7 23.8 104.9 193.0 183.8 131.9 100.9 69.7 119.5 189.8 185.9 198.6 80.8 154.3 40.6 70.2 192.5 115.0 182.6 118.3 118.8 168.3 150.9 168.6 87.7 51.2 131.2 80.3 107.3 106.3 230.4 62.3 203.0 152.9 76.4 270.2 231.6 88.3 190.7 98.6 5.8
2104.8 81.2 64.1 99.8 176.8 201.8 145.9 128.1 123.3 270.7 265.3 200.4 290.6 64.3 250.0 273.3 264.5 194.1 227.8 256.7 131.9 235.2 272.0 280.1 208.4 192.0 0.0 256.3 78.3 230.7 27.7 239.5 200.9 120.8 282.3 82.3 153.6 97.3 41.5 154.9 75.0 250.2 262.5 235.6 273.8 168.3 136.1 242.0 161.6 275.6 96.5 208.3 202.1 161.5 78.2 96.1 259.8 200.8 233.8 132.4 65.8 128.6 229.2 281.6 209.6 224.6 292.5 233.2 232.8 194.3 259.8 226.7 7.2 122.3 288.2 194.2 272.5 140.0 177.4 296.9 234.7 220.1 154.4 225.3 89.4 200.3 170.8 201.9 232.1 145.4 232.0 121.5 207.2 169.2 219.6 133.8 209.4 266.7 129.4 113.3 266.3 88.5 251.1 185.9
2155.1 282.7 265.6 164.7 155.7 193.3 192.2 185.9 219.3 130.6 166.1 116.2 180.7 220.8 187.1 276.7 276.8 122.9 185.6 226.3 171.0 9.1 263.5 35.6 211.3 189.1 257.4 0.0 180.4 212.4 289.4 242.9 174.1 252.5 197.1 183.2 158.8 230.3 315.2 163.1 196.2 219.8 265.9 232.6 17.4 150.2 261.1 245.3 173.2 137.6 242.3 203.9 145.9 160.7 213.3 226.7 128.8 150.1 230.9 210.5 205.2 201.1 132.6 25.2 213.0 219.5 120.7 107.3 159.5 185.3 257.3 178.2 282.4 209.9 142.6 176.1 164.3 146.2 177.3 202.5 240.1 99.7 101.5 210.7 231.8 134.1 153.9 200.6 240.9 196.9 213.9 173.0 163.3 144.6 195.9 187.2 200.2 264.0 184.4 206.8 193.1 290.0 254.4 183.0
2141.2 83.2 100.3 9.2 98.4 111.5 61.2 49.7 33.0 192.3 175.0 110.1 215.1 40.3 120.5 194.9 186.1 103.8 149.4 181.2 53.5 156.8 181.7 201.7 130.0 107.3 83.8 166.0 0.0 167.3 68.0 161.1 116.2 72.0 192.0 2.7 68.9 45.6 65.5 64.6 15.7 174.7 184.1 145.3 183.5 83.6 80.6 151.7 71.7 185.3 39.0 129.9 111.8 163.6 32.8 17.7 189.1 116.1 149.1 42.1 24.7 43.8 150.8 191.3 131.2 134.3 202.2 142.9 161.4 104.0 169.5 142.0 74.3 95.8 203.5 109.5 182.2 65.8 92.7 206.6 144.4 141.7 64.1 140.6 50.6 110.0 80.5 117.2 153.7 60.7 147.3 36.8 128.8 149.6 129.3 112.9 131.0 176.4 150.9 128.5 202.7 75.9 160.8 101.2
2220.2 245.8 262.9 106.4 141.4 66.2 183.4 111.8 155.2 246.8 218.5 140.0 47.9 162.5 35.6 127.3 110.8 133.7 193.1 13.8 129.4 224.0 113.9 268.9 96.5 70.5 256.2 236.4 121.9 0.0 234.1 93.5 163.1 194.0 250.2 124.9 144.8 158.6 231.6 140.7 137.9 12.0 116.3 115.7 250.7 72.3 188.0 129.3 175.7 240.0 183.9 176.8 154.8 239.7 154.8 160.5 232.6 192.0 81.3 164.5 146.9 186.8 197.7 258.5 63.4 126.5 256.7 210.1 217.0 122.5 91.5 196.7 241.1 216.0 261.7 46.6 236.7 113.5 156.0 261.7 136.6 208.9 136.0 208.7 173.5 177.2 156.6 109.5 72.8 98.8 65.9 114.7 175.7 225.5 47.9 237.5 174.5 98.0 265.3 266.7 35.3 238.5 120.2 76.1
2126.9 103.3 86.2 71.8 161.0 174.1 123.8 112.3 95.6 255.8 237.6 172.7 262.9 48.5 227.9 257.5 248.7 166.4 212.0 229.0 116.1 219.4 244.3 264.3 197.5 169.9 27.7 228.6 62.5 214.9 0.0 221.4 178.8 80.2 254.6 60.2 131.5 75.2 25.7 127.2 47.3 233.8 249.2 207.9 246.1 146.2 133.3 214.3 143.2 247.9 74.4 192.5 174.4 174.6 69.3 80.3 251.7 178.7 211.7 111.9 38.1 106.4 213.4 253.9 193.8 198.5 263.1 205.5 217.0 166.6 232.1 204.6 8.4 106.5 266.1 172.1 244.8 128.4 155.3 269.2 207.0 204.3 126.7 203.2 62.0 172.6 143.1 179.8 216.3 123.3 209.9 99.4 187.1 188.6 191.9 123.6 193.6 239.0 148.8 126.4 250.5 110.6 223.4 163.8
2271.1 251.1 268.2 152.1 142.1 48.9 234.3 162.7 206.1 248.4 219.2 122.7 129.0 208.2 72.1 33.7 56.4 116.4 193.6 107.4 180.3 230.3 20.5 275.2 97.2 53.0 258.0 242.7 167.8 93.5 235.9 0.0 163.8 239.9 250.9 170.6 195.7 209.5 233.4 191.4 183.6 80.9 25.4 116.2 257.0 109.0 238.9 130.0 226.6 240.5 234.8 175.8 155.5 290.4 200.7 211.4 225.6 242.9 12.0 215.2 192.6 237.5 175.7 264.8 29.9 125.6 257.4 236.9 209.6 123.2 92.0 197.2 242.2 266.9 262.4 83.1 207.4 96.2 156.7 245.6 137.3 235.7 171.4 156.7 219.2 204.0 221.7 110.0 73.5 149.7 80.0 160.4 176.4 276.4 64.6 288.4 175.2 70.5 316.2 317.6 128.9 243.8 120.9 58.8
2179.3 304.0 286.9 124.3 81.2 89.1 216.3 140.3 143.6 98.0 70.1 76.0 96.0 175.2 120.4 206.1 149.4 82.7 78.4 129.9 178.5 167.0 192.9 211.9 89.3 84.9 281.9 176.2 134.8 144.0 202.9 170.3 0.0 206.9 101.1 137.6 182.9 180.5 200.4 187.2 150.6 190.8 197.8 56.3 193.7 83.5 215.5 80.7 188.8 90.1 252.4 13.4 69.3 198.6 174.6 152.8 76.5 160.2 160.6 227.6 159.6 225.2 34.5 201.5 142.7 46.9 105.3 147.3 83.4 58.4 80.5 71.0 211.4 220.0 112.6 109.4 68.3 60.7 40.1 106.5 73.4 139.7 108.1 69.6 188.7 140.7 158.4 71.6 134.5 151.3 181.2 127.4 8.3 184.6 163.2 201.9 60.0 139.7 224.4 246.8 108.4 210.8 123.7 78.8
2124.7 48.7 65.8 101.8 185.1 222.8 147.9 146.2 119.7 279.0 261.7 196.8 227.0 46.5 192.0 283.7 264.3 190.5 236.1 193.1 140.2 243.5 270.5 288.4 253.1 226.9 138.9 252.7 86.6 179.0 123.5 249.9 202.9 0.0 278.7 84.3 155.6 88.2 81.3 151.3 71.4 186.6 272.9 272.1 270.2 228.9 8.6 285.9 163.5 272.0 98.5 216.6 198.5 237.4 105.6 104.4 268.1 202.8 237.9 128.8 62.2 130.5 237.5 278.0 220.0 281.5 288.9 229.6 241.1 279.1 247.9 228.7 129.8 130.6 290.2 203.0 268.9 152.5 179.4 293.3 293.2 228.4 150.8 297.0 34.2 196.7 167.2 265.9 229.4 133.2 222.5 164.7 215.5 251.4 204.5 152.1 217.7 254.6 211.6 189.2 214.6 41.4 276.8 232.7
2186.5 311.2 294.1 195.4 119.8 160.2 223.5 211.4 250.6 88.0 72.2 114.6 167.1 246.3 191.5 243.6 235.1 121.3 69.6 201.0 205.5 150.5 230.4 195.4 175.4 156.0 289.1 162.9 205.9 214.9 317.9 209.8 96.7 278.0 0.0 208.7 190.1 251.6 336.5 194.4 221.7 265.2 232.8 153.1 177.2 154.6 286.6 131.4 204.5 60.4 259.6 110.2 107.9 205.8 238.8 258.0 99.8 167.4 197.8 241.8 230.7 232.4 73.1 185.0 179.9 142.1 78.1 154.5 47.4 149.4 177.3 66.1 309.4 227.2 11.5 180.5 39.3 131.8 111.2 21.2 124.1 146.9 146.7 120.3 259.8 181.9 199.6 162.6 199.1 222.4 218.3 198.5 85.9 191.8 200.3 209.1 86.3 225.4 231.6 254.0 179.5 318.5 140.5 149.9
2138.4 80.4 97.5 11.5 100.7 113.8 63.5 52.0 35.3 195.5 177.3 112.4 212.3 37.5 122.8 197.2 188.4 106.1 151.7 178.4 55.8 159.1 184.0 204.0 137.2 109.6 119.4 168.3 2.2 164.3 91.7 161.1 118.5 69.2 194.3 0.0 71.2 42.8 71.2 66.9 12.9 183.2 188.9 147.6 185.8 85.9 77.8 154.0 77.4 187.6 31.5 132.2 114.1 162.5 36.9 20.0 191.4 118.4 151.4 51.6 21.9 40.6 153.1 193.6 133.5 138.2 202.8 145.2 156.7 106.3 171.8 144.3 100.2 63.6 205.8 111.8 184.5 68.1 95.0 208.9 146.7 144.0 66.4 142.9 51.0 112.3 82.8 119.5 156.0 63.0 149.6 39.1 126.8 151.9 131.6 80.7 133.3 178.7 136.7 114.3 199.9 73.1 163.1 103.5
2075.3 200.0 182.9 102.1 107.8 120.9 49.8 116.7 76.9 202.6 184.4 119.5 188.3 125.2 153.3 204.3 195.5 113.2 158.8 154.4 15.3 166.2 191.1 193.8 144.3 116.7 177.9 175.4 84.8 140.3 206.7 168.2 125.6 156.9 201.4 87.6 0.0 130.5 179.6 4.3 100.6 159.2 196.0 154.7 175.6 93.0 165.5 161.1 22.3 194.7 118.9 139.3 121.2 94.6 124.6 84.3 198.5 47.1 158.5 61.1 109.6 58.7 160.2 183.4 140.6 145.3 209.9 77.7 163.8 113.4 178.9 151.4 198.2 106.9 212.9 118.9 191.6 75.2 102.1 216.0 153.8 72.5 73.5 150.0 138.7 36.9 19.8 126.6 190.7 127.7 183.8 103.8 133.9 80.6 165.8 88.8 140.4 185.8 120.4 142.8 175.9 207.3 170.2 110.6
2157.1 99.1 156.3 84.0 167.3 187.5 130.1 110.9 101.9 261.2 243.9 179.0 191.7 56.2 152.5 248.4 232.1 177.5 218.3 153.6 122.4 225.7 235.2 270.6 217.8 187.4 128.1 238.1 68.8 143.9 83.9 210.4 185.1 92.7 265.7 66.5 137.8 0.0 80.4 138.3 53.6 147.1 237.6 232.6 252.4 193.6 96.5 250.6 170.9 259.0 108.6 198.8 185.5 167.7 17.3 122.1 258.0 223.1 202.6 159.2 40.6 144.0 224.5 260.2 184.7 247.8 275.9 211.8 231.4 243.8 208.4 210.9 90.9 131.1 272.4 163.5 251.1 130.5 161.6 275.5 257.9 258.4 133.0 195.0 67.2 178.9 154.2 226.4 194.1 97.9 187.2 129.4 197.7 176.9 169.2 152.6 199.9 219.3 137.1 114.7 179.3 91.8 241.5 197.4
2135.3 56.4 73.5 79.5 168.7 181.8 131.5 120.0 103.3 263.5 245.3 180.4 270.6 59.8 235.6 265.2 256.4 174.1 219.7 236.7 123.8 227.1 252.0 272.0 205.2 177.6 43.6 236.3 70.2 222.6 15.9 229.1 186.5 70.8 262.3 67.9 139.2 83.1 0.0 134.9 55.0 241.5 256.9 215.6 253.8 153.9 79.4 222.0 145.7 255.6 67.2 200.2 182.1 151.9 77.2 88.0 259.2 186.4 219.4 119.6 45.8 108.9 221.1 261.6 201.5 206.2 270.8 213.2 224.7 174.3 239.8 212.3 24.4 99.3 273.8 179.8 252.5 136.1 163.0 276.9 214.7 212.0 134.4 210.9 69.7 180.3 150.8 187.5 224.0 131.0 217.6 107.1 194.8 165.9 199.6 116.4 201.3 246.7 126.1 103.7 258.2 49.1 231.1 171.5
2079.6 204.3 187.2 64.8 103.5 116.6 54.1 121.0 81.2 197.4 180.1 115.2 184.0 120.9 149.0 200.0 194.3 108.9 154.5 150.1 11.0 161.9 186.8 198.1 135.1 112.4 195.2 171.1 80.5 136.0 211.0 166.2 121.3 152.6 197.1 83.3 4.3 130.4 180.5 0.0 96.3 143.6 189.2 150.4 179.9 88.7 161.2 156.8 26.6 190.4 123.2 135.0 116.9 98.9 113.4 88.6 194.0 51.4 154.2 72.4 105.3 63.0 155.9 187.7 136.3 139.4 207.3 73.4 163.2 109.1 174.6 147.1 202.5 111.2 208.6 114.6 187.3 66.7 97.8 211.7 149.5 68.2 69.2 145.7 134.4 32.6 15.5 122.3 186.4 132.0 179.5 108.1 133.9 84.9 161.5 88.5 136.1 181.5 124.7 147.1 171.6 211.6 165.9 106.3
2125.4 67.4 84.5 24.4 113.6 126.7 76.4 64.9 48.2 208.4 190.2 125.3 221.6 24.5 135.7 210.1 201.3 119.0 164.6 187.7 68.7 172.0 196.9 216.9 150.1 122.5 79.9 181.2 15.1 173.6 52.2 174.0 131.4 56.2 207.2 12.8 84.1 29.8 84.7 79.8 0.0 192.5 201.8 160.5 198.7 98.8 64.8 166.9 95.8 200.5 27.0 145.1 127.0 158.0 23.9 32.9 196.6 131.3 164.3 64.5 8.9 59.0 166.0 206.5 146.4 151.1 215.7 158.1 169.6 119.2 184.7 157.2 60.7 59.1 218.7 124.7 197.4 81.0 107.9 221.8 159.6 156.9 79.3 155.8 38.0 125.2 95.7 132.4 168.9 75.9 162.5 52.0 139.7 164.8 144.5 76.2 146.2 191.6 132.2 109.8 209.2 60.1 176.0 116.4
2207.8 233.4 250.5 118.5 149.0 73.8 171.0 99.4 142.8 254.4 226.1 147.6 60.0 174.6 43.0 134.7 115.3 141.3 200.5 26.1 117.0 215.4 121.5 260.3 104.1 77.9 249.4 224.6 134.2 12.0 221.7 100.9 170.7 184.6 257.8 137.0 132.4 146.2 219.2 128.1 150.0 0.0 123.9 123.1 242.1 79.9 175.6 136.9 163.3 247.4 171.5 184.4 162.4 227.1 167.1 148.1 240.0 179.6 88.9 151.9 159.0 174.2 205.3 249.9 71.0 132.5 264.3 201.5 224.6 130.1 98.9 204.1 228.0 203.6 269.3 54.0 244.3 118.6 163.6 269.3 144.2 200.3 122.7 148.0 185.0 168.6 144.0 116.9 80.4 86.4 73.5 117.9 183.3 213.1 55.5 225.1 182.1 105.6 252.9 254.3 47.6 226.1 127.8 83.7
2297.4 277.4 294.5 178.4 168.4 75.2 260.6 189.0 232.4 273.8 245.5 149.0 155.3 234.5 98.4 8.2 75.6 140.1 217.3 131.1 204.0 256.6 5.1 301.5 120.9 76.7 289.9 269.0 194.1 119.8 262.2 26.2 189.6 266.2 274.6 196.9 222.0 235.8 259.7 217.7 209.9 104.6 0.0 139.4 283.3 135.3 265.2 156.3 252.9 264.2 261.1 202.1 179.2 314.1 224.4 237.7 256.8 269.2 38.2 241.5 218.9 261.2 199.4 291.1 56.1 153.0 281.1 263.2 244.0 149.5 115.2 220.9 269.2 293.2 288.7 106.8 233.7 122.5 182.5 271.9 161.0 259.4 197.7 183.0 245.5 230.3 248.0 136.3 97.2 176.0 79.2 186.7 199.6 302.7 90.9 314.7 201.5 89.7 342.5 343.9 152.6 270.1 147.2 85.1
2226.9 218.4 235.5 124.6 73.1 89.4 172.1 140.6 143.9 144.7 117.7 123.6 96.3 175.5 114.3 149.7 96.1 130.3 140.0 130.2 133.2 214.6 136.5 259.5 84.7 85.2 225.3 227.0 135.1 135.7 203.2 116.2 47.5 207.2 148.7 137.9 148.6 185.0 200.7 144.3 150.9 123.1 138.9 0.0 241.3 83.8 215.8 76.4 171.0 137.7 174.2 61.2 116.9 246.2 168.0 153.1 131.6 207.8 104.2 153.0 159.9 179.2 82.1 249.1 86.3 9.3 154.6 194.9 103.7 58.7 24.1 91.3 209.5 206.3 160.2 109.7 115.9 61.0 40.4 154.1 83.7 187.3 155.7 75.4 185.9 188.3 160.2 71.9 78.1 151.6 124.8 127.7 60.1 232.2 106.8 249.5 121.6 83.3 272.0 294.4 108.7 211.1 67.3 79.1
2137.6 285.8 268.7 181.8 167.6 205.2 195.3 197.8 222.4 141.6 178.0 128.1 192.6 232.7 199.0 288.6 285.6 134.8 195.4 238.2 177.3 21.0 275.4 18.2 228.1 201.0 263.7 11.8 192.3 224.1 292.5 252.5 186.0 264.4 209.0 195.1 161.9 238.0 318.3 166.2 208.1 243.0 280.3 242.4 0.0 162.1 273.0 257.2 167.8 149.5 245.4 215.8 155.7 170.5 232.1 229.8 131.6 153.2 242.8 206.6 217.1 204.2 144.5 7.8 224.9 233.0 134.3 119.2 178.8 197.2 269.2 190.1 284.0 213.0 154.5 188.0 176.2 162.3 189.2 214.4 249.9 111.6 113.4 246.1 246.2 146.0 163.7 210.4 250.7 208.8 225.8 184.9 178.9 156.5 207.8 194.9 212.1 275.9 196.3 218.7 205.0 293.1 266.3 194.9
2199.5 165.2 182.3 71.4 65.4 81.9 118.9 87.4 90.7 160.2 142.0 77.1 43.1 122.3 36.8 142.8 123.4 70.8 116.4 77.0 80.0 151.6 129.6 196.5 107.3 86.0 177.7 160.8 81.9 91.1 150.0 106.7 83.2 154.0 159.0 84.7 95.4 127.6 147.5 91.1 97.7 91.2 134.5 131.2 178.3 0.0 162.6 145.0 117.8 152.3 121.0 132.2 78.8 218.8 121.7 99.9 148.4 142.6 97.0 107.0 106.7 126.0 117.8 186.1 79.1 140.6 167.5 137.7 121.4 138.2 107.0 109.0 158.5 153.1 170.5 25.8 149.2 32.8 59.7 173.6 152.3 136.5 63.6 156.1 135.8 104.8 122.5 125.0 88.5 98.4 63.6 74.5 91.5 204.8 45.6 170.2 98.0 113.7 244.6 198.8 55.5 157.9 135.9 91.8
2133.7 57.7 74.8 104.9 194.1 214.2 156.9 137.6 128.7 288.9 270.7 205.8 218.4 55.5 183.4 275.1 255.7 199.5 245.1 184.5 149.2 252.5 261.9 297.4 239.6 218.3 141.2 261.7 95.6 170.4 114.9 239.0 211.9 8.9 287.7 93.3 164.6 79.6 90.3 160.3 80.4 189.3 266.8 263.5 279.2 220.3 0.0 277.3 211.7 281.0 135.3 225.6 207.5 242.6 86.1 148.8 277.1 255.0 229.3 145.0 71.2 174.9 246.5 287.0 211.4 272.9 296.2 238.6 250.1 270.5 239.3 237.7 123.4 167.4 299.2 194.4 277.9 161.5 188.4 302.3 284.6 237.4 159.8 288.4 46.3 205.7 176.2 257.3 220.8 124.6 213.9 156.1 220.2 256.6 195.9 184.5 226.7 246.0 216.8 194.4 206.0 50.4 268.2 224.1
2252.0 225.6 242.7 131.8 80.3 96.6 179.3 147.8 151.1 135.0 89.1 149.5 103.5 182.7 127.9 165.0 108.0 108.9 63.5 137.4 140.4 240.5 151.8 285.4 96.8 92.4 238.1 249.7 142.3 150.5 210.4 128.9 72.7 214.4 138.1 145.1 155.8 188.0 207.9 151.5 158.1 149.4 156.7 81.8 267.2 91.0 223.0 0.0 178.2 127.1 181.4 71.3 93.7 271.3 182.1 160.3 103.2 232.9 119.2 167.4 167.1 186.4 108.0 275.0 101.3 72.4 142.3 220.0 86.5 65.9 73.4 74.1 218.9 213.5 149.6 116.9 105.3 68.2 47.6 143.5 7.3 212.4 181.6 11.0 196.2 214.2 167.4 79.1 93.1 158.8 139.8 134.9 124.5 257.3 121.8 274.6 45.1 98.3 297.1 259.2 115.9 218.3 9.1 86.3
2075.2 199.9 182.8 76.1 152.5 165.6 23.8 90.7 50.9 252.2 229.1 164.2 229.5 127.0 194.5 289.8 266.8 145.8 191.4 195.6 47.9 133.6 273.0 193.7 189.0 161.4 161.0 146.6 131.2 181.5 186.2 256.0 170.3 153.8 234.0 125.3 36.3 166.9 153.6 40.6 102.4 192.7 277.9 187.3 175.5 137.7 167.3 205.8 0.0 227.3 92.9 184.0 153.8 99.6 149.2 58.3 248.1 47.0 240.4 37.2 111.4 32.7 192.8 183.3 222.5 194.9 256.3 114.1 213.4 158.1 245.5 196.1 179.2 103.0 257.6 200.6 236.3 124.8 146.8 260.7 186.4 105.1 118.2 199.6 140.5 73.3 56.2 176.2 227.0 101.7 225.0 77.8 170.8 80.5 207.0 88.7 185.1 257.1 120.3 136.7 212.2 207.2 214.9 155.3
2165.5 290.2 273.1 184.9 112.2 184.1 202.5 206.1 229.6 6.9 92.1 107.0 161.8 241.0 186.2 276.6 219.6 113.7 62.0 195.7 184.5 129.5 263.4 174.4 167.8 179.9 281.1 138.7 200.6 209.8 296.9 242.8 89.1 272.7 43.8 203.4 169.1 250.5 315.5 173.4 216.4 249.7 265.8 145.5 156.2 149.3 281.3 123.8 183.5 0.0 238.6 113.5 100.3 184.8 233.5 237.0 78.8 146.4 230.8 220.8 225.4 211.4 65.5 164.0 212.9 136.1 16.8 133.5 21.8 141.8 169.7 40.5 288.4 206.2 55.3 175.2 31.7 129.0 105.9 49.2 116.5 125.9 145.7 112.7 251.4 160.9 178.6 155.0 204.7 217.1 251.4 193.2 78.3 170.8 233.4 188.1 78.7 209.9 210.6 233.0 174.2 297.5 132.9 173.8
2133.1 155.4 138.3 43.9 133.1 146.2 95.9 84.4 67.7 227.9 209.7 144.8 224.6 67.8 189.6 229.6 261.9 138.5 184.1 190.7 88.2 191.5 216.4 236.4 169.6 142.0 103.4 200.7 34.6 176.6 132.2 193.5 150.9 99.5 226.7 32.3 103.6 112.9 78.3 99.3 43.2 195.5 221.3 180.0 218.2 118.3 108.1 186.4 98.7 220.0 0.0 164.6 146.5 130.9 107.0 52.4 223.6 142.0 183.8 84.0 52.2 61.9 185.5 226.0 165.9 170.6 235.2 177.6 189.1 138.7 245.5 176.7 123.7 32.0 238.2 144.2 216.9 100.5 127.4 241.3 179.1 176.4 98.8 175.3 81.3 144.7 115.2 151.9 227.0 130.8 220.1 71.5 159.2 138.4 202.1 49.1 165.7 252.2 105.1 82.7 212.2 162.7 195.5 135.9
2204.2 223.2 311.8 129.4 51.3 117.5 241.2 145.4 148.7 118.1 78.5 100.9 101.1 180.3 159.4 200.9 148.7 96.5 52.9 135.0 203.4 191.9 187.7 236.8 97.5 113.3 306.8 201.1 139.9 149.1 208.0 164.8 24.8 212.0 126.1 142.7 207.8 185.6 205.5 212.1 155.7 195.9 192.6 61.4 218.6 122.5 220.6 86.8 213.7 110.2 179.0 0.0 64.7 223.5 179.7 157.9 92.4 185.1 155.1 165.0 164.7 250.1 59.4 226.4 137.2 52.0 125.4 172.2 79.3 66.6 85.6 66.9 216.5 244.9 137.6 148.4 107.1 65.8 73.3 140.7 79.5 164.6 133.0 75.7 193.8 165.6 183.3 79.8 116.3 156.4 186.2 132.5 33.1 209.5 168.2 226.8 34.5 139.0 249.3 271.7 113.5 215.9 95.9 107.2
2154.1 278.8 261.7 120.1 11.9 120.8 191.1 141.3 218.2 106.3 79.3 43.7 97.0 176.2 161.4 198.5 123.5 50.4 104.8 130.9 146.2 134.7 185.3 179.6 67.4 116.6 256.7 147.1 135.8 184.0 285.5 164.7 71.6 207.9 110.3 138.6 157.7 185.7 201.4 162.0 151.6 171.6 187.7 100.7 161.4 124.5 216.5 107.1 163.6 99.3 227.2 52.3 0.0 173.4 168.7 225.6 93.2 135.0 152.7 209.4 160.6 200.0 45.8 169.2 134.8 89.7 116.2 122.1 109.8 41.4 125.1 97.4 277.0 194.8 121.8 150.4 77.5 64.2 48.1 115.7 99.8 114.5 75.8 96.0 186.6 108.4 126.1 54.6 91.1 152.3 173.3 128.4 84.2 159.4 155.3 176.7 86.4 113.8 199.2 221.6 109.4 286.1 154.0 110.5
2052.0 176.7 159.6 161.0 250.2 263.3 171.3 238.2 184.8 202.9 205.1 261.9 338.2 159.1 303.2 346.7 378.6 255.6 301.2 304.3 205.3 154.3 333.5 199.2 281.8 259.1 136.9 163.5 151.7 290.2 165.7 312.9 268.0 223.0 225.9 149.4 115.7 146.4 152.7 120.0 136.5 297.8 338.4 297.1 181.0 235.4 231.6 303.5 162.4 209.9 131.5 281.7 263.6 0.0 133.6 160.8 192.0 93.0 300.9 189.6 143.5 134.5 204.2 188.8 283.0 286.1 193.0 111.0 306.2 255.8 359.1 293.8 157.2 122.6 214.9 261.3 227.5 217.6 244.5 247.2 296.2 129.8 215.9 292.4 169.5 152.7 135.6 269.0 340.6 244.4 333.7 225.3 280.6 14.0 315.7 144.1 282.8 365.8 25.8 48.2 325.8 184.0 312.6 253.0
2139.7 81.7 138.9 66.6 149.9 200.3 112.7 123.7 84.5 243.8 226.5 161.6 204.5 38.8 169.5 261.2 241.8 155.3 200.9 170.6 105.0 208.3 248.0 253.2 230.6 204.4 104.0 217.5 51.4 156.5 66.5 227.4 167.7 70.5 243.5 49.1 120.4 12.7 63.0 116.1 36.2 164.1 250.4 249.6 235.0 206.4 79.1 263.4 162.4 236.8 63.3 181.4 163.3 145.5 0.0 69.2 232.9 205.7 215.4 93.6 23.2 125.6 202.3 242.8 197.5 259.0 253.7 194.4 205.9 155.5 225.4 193.5 72.8 113.7 255.0 180.5 233.7 113.1 144.2 258.1 270.7 193.2 115.6 177.6 49.2 161.5 132.0 243.4 206.9 110.7 200.0 142.2 180.3 159.5 182.0 130.8 182.5 232.1 119.7 97.3 192.1 74.4 254.3 210.2
2134.3 183.4 166.3 17.7 106.9 120.0 62.8 58.2 41.5 201.7 183.5 118.6 192.2 68.6 157.2 203.4 229.5 112.3 157.9 158.3 62.0 165.3 190.2 210.2 143.4 115.8 131.4 174.5 28.2 144.2 160.2 167.3 124.7 100.3 200.5 31.0 77.4 73.9 96.5 73.1 44.0 163.1 195.1 153.8 192.0 92.1 108.9 160.2 62.8 193.8 66.9 138.4 120.3 153.6 68.0 0.0 197.4 106.1 157.6 57.8 53.0 26.0 159.3 199.8 139.7 144.4 209.0 151.4 162.9 112.5 213.1 150.5 151.7 78.0 212.0 118.0 190.7 74.3 101.2 215.1 152.9 150.2 72.6 149.1 82.1 118.5 89.0 125.7 194.6 98.4 187.7 45.3 133.0 139.6 169.7 95.1 139.5 219.8 133.1 110.7 179.8 190.7 169.3 109.7
2148.9 273.6 256.5 172.2 97.8 169.7 193.4 193.4 212.8 64.2 6.0 99.8 156.3 228.3 173.5 256.5 199.5 99.3 36.6 183.0 167.9 112.9 250.3 165.3 160.4 165.5 258.2 121.9 194.9 239.8 280.1 229.7 74.7 260.0 68.4 197.9 160.0 233.6 298.9 164.3 203.7 236.6 248.2 131.1 139.6 136.6 268.6 98.4 162.0 50.2 229.5 92.5 85.9 168.2 220.8 227.9 0.0 129.8 217.9 204.2 219.9 194.8 51.1 147.4 192.8 128.7 67.1 116.9 64.6 134.6 164.9 75.9 280.8 197.1 72.7 162.5 35.4 121.0 100.2 66.6 91.1 109.3 129.1 91.0 248.8 144.3 162.0 140.6 191.6 204.4 231.3 187.5 70.9 161.7 220.3 171.5 46.3 196.8 194.0 216.4 161.5 288.4 100.5 166.4
2059.4 184.1 167.0 136.1 225.3 238.4 149.9 216.8 159.9 180.7 183.8 237.0 316.8 160.0 281.8 321.8 354.1 230.7 276.3 282.9 180.4 133.0 308.6 177.9 261.8 234.2 162.0 142.2 126.8 268.8 190.8 285.7 243.1 230.4 204.6 124.5 94.4 184.1 170.5 98.7 174.2 287.7 313.5 272.2 159.7 210.5 239.0 278.6 149.9 188.6 92.1 256.8 238.7 78.7 178.2 139.4 170.7 0.0 276.0 161.2 144.4 113.1 182.9 167.5 258.1 262.8 173.4 89.7 281.3 230.9 337.7 268.9 182.3 59.7 193.6 236.4 206.2 192.7 219.6 225.9 271.3 108.5 191.0 267.5 173.5 131.4 114.3 244.1 319.2 223.0 312.3 203.9 251.4 64.7 294.3 41.6 257.9 344.4 104.5 126.9 304.4 191.4 287.7 228.1
2259.1 239.1 256.2 145.3 130.1 36.9 222.3 150.7 194.1 236.4 207.2 110.7 117.0 196.2 60.1 45.7 71.8 104.4 181.6 95.4 168.3 218.3 32.5 263.2 80.3 41.0 251.6 227.5 155.8 81.3 223.9 9.6 151.8 227.9 238.9 158.6 183.7 201.5 221.4 179.4 171.6 80.2 37.4 104.2 245.0 97.0 226.9 118.0 206.1 228.5 222.8 163.8 143.5 278.4 195.6 199.4 213.6 230.9 0.0 210.4 180.6 225.5 163.7 252.8 17.9 113.6 243.7 224.9 197.6 111.2 80.0 185.2 232.4 254.9 250.4 71.1 195.4 81.7 144.7 233.6 125.3 223.7 159.4 129.1 209.7 192.0 209.7 98.0 61.5 137.7 70.6 148.4 160.1 264.4 52.6 272.0 163.2 82.5 304.2 305.6 116.9 231.8 108.9 46.8
2128.5 222.6 205.5 89.3 115.2 128.3 19.0 48.5 8.8 210.0 191.8 126.9 187.3 101.4 152.3 244.0 224.6 120.6 166.2 153.4 70.3 173.6 230.8 218.5 146.8 124.1 170.6 186.0 61.0 139.3 199.4 210.2 133.0 133.1 208.8 63.8 85.7 106.7 139.6 81.4 76.8 146.9 233.2 162.1 200.3 100.4 141.7 168.5 48.1 202.1 106.1 146.7 128.6 147.8 93.9 71.5 198.2 100.3 198.2 0.0 85.8 45.9 167.6 208.1 180.3 152.7 219.0 159.7 178.2 120.8 208.2 158.8 192.4 117.2 220.3 163.3 199.0 82.6 109.5 223.4 161.2 158.5 80.9 142.9 111.8 126.8 97.3 134.0 189.7 59.5 182.8 35.6 145.6 133.8 164.8 137.4 147.8 214.9 172.3 149.9 174.9 137.0 177.6 118.0
2116.4 58.4 75.5 33.6 122.8 135.9 85.6 74.1 57.4 217.6 199.4 134.5 247.9 15.5 144.9 219.3 210.5 128.2 173.8 214.0 77.9 181.2 206.1 226.1 159.3 131.7 94.9 190.4 24.3 199.9 43.2 183.2 140.6 47.2 216.4 22.0 93.3 37.0 53.9 89.0 9.1 218.8 211.0 169.7 207.9 108.0 55.8 176.1 105.0 209.7 36.2 154.3 136.2 136.4 31.1 42.1 205.8 140.5 173.5 73.7 0.0 68.2 175.2 215.7 155.6 160.3 224.9 167.3 178.8 128.4 193.9 166.4 51.7 68.3 227.9 133.9 206.6 90.2 117.1 231.0 168.8 166.1 88.5 165.0 29.0 134.4 104.9 141.6 178.1 85.1 171.7 61.2 148.9 150.4 153.7 85.4 155.4 200.8 110.6 88.2 235.5 51.1 185.2 125.6
2108.2 176.6 159.5 49.2 132.5 145.6 36.7 103.6 63.8 226.4 209.1 144.2 217.8 94.2 182.8 229.0 258.2 137.9 183.5 183.9 87.6 190.9 215.8 226.7 164.1 141.4 137.6 200.1 94.8 169.8 153.4 195.2 150.3 125.9 226.1 92.5 69.3 138.3 120.8 73.6 69.6 177.4 218.2 179.4 208.5 117.7 134.5 185.8 32.9 219.4 60.1 164.0 145.9 127.5 121.3 25.5 223.2 80.0 183.2 55.0 78.6 0.0 184.9 216.3 165.3 168.4 236.3 147.1 192.2 138.1 238.7 176.1 144.9 71.2 237.6 143.6 216.3 99.9 126.8 240.7 178.5 141.9 98.2 160.2 107.7 106.3 89.2 151.3 220.2 114.6 213.3 90.7 162.9 113.5 195.3 88.3 165.1 245.4 126.3 103.9 205.4 183.9 194.9 135.3
2160.6 285.3 268.2 136.7 46.6 118.5 197.6 157.9 224.7 60.4 33.4 41.4 131.8 192.8 159.1 201.9 161.4 48.1 50.8 198.3 143.9 132.4 188.7 177.3 102.2 114.3 263.2 141.6 152.4 184.2 292.0 168.1 41.4 224.5 64.4 155.2 164.2 198.1 310.6 168.5 168.2 191.8 193.6 97.8 159.1 122.2 233.1 112.6 170.1 53.4 233.7 54.9 34.7 179.9 185.3 232.1 39.8 141.5 156.1 215.9 177.2 206.5 0.0 166.9 138.2 86.8 70.3 128.6 64.4 76.2 122.0 79.1 285.7 201.3 75.9 148.1 31.6 118.2 82.9 69.8 105.3 121.0 73.5 96.6 203.2 106.1 123.8 89.4 125.9 168.9 185.9 145.0 30.6 165.9 167.9 178.6 67.5 148.6 205.7 228.1 144.2 292.6 121.7 108.2
2129.8 294.3 277.2 190.3 176.1 213.7 203.8 206.3 230.9 150.1 186.5 136.6 201.1 241.2 207.5 297.1 294.1 143.3 203.9 246.7 185.8 29.5 283.9 10.3 236.6 209.5 272.2 20.3 200.8 232.6 301.0 261.0 194.5 272.9 217.5 203.6 170.4 246.5 326.8 174.7 216.6 251.5 288.8 250.9 8.4 170.6 281.5 265.7 176.3 158.0 253.9 224.3 164.2 179.0 240.6 238.3 140.1 161.7 251.3 215.1 225.6 212.7 153.0 0.0 233.4 241.5 142.8 127.7 187.3 205.7 277.7 198.6 292.5 221.5 163.0 196.5 184.7 170.8 197.7 222.9 258.4 120.1 121.9 254.6 254.7 154.5 172.2 218.9 259.2 217.3 234.3 193.4 187.4 165.0 216.3 203.4 220.6 284.4 204.8 227.2 213.5 301.6 274.8 203.4
2241.2 221.2 238.3 127.4 112.2 19.0 204.4 132.8 176.2 218.5 189.3 92.8 99.1 178.3 42.2 63.6 78.5 86.5 163.7 77.5 150.4 200.4 50.4 245.3 62.4 23.1 233.7 209.6 137.9 63.4 206.0 27.5 133.9 210.0 221.0 140.7 165.8 183.6 203.5 161.5 153.7 62.3 55.3 86.3 227.1 79.1 209.0 100.1 188.2 210.6 204.9 145.9 125.6 260.5 177.7 181.5 195.7 213.0 17.9 192.5 162.7 207.6 145.8 234.9 0.0 95.7 225.8 207.0 179.7 93.3 62.1 167.3 214.5 237.0 232.5 53.2 177.5 63.8 126.8 215.7 107.4 205.8 141.5 111.2 191.8 174.1 191.8 80.1 43.6 119.8 52.7 130.5 142.2 246.5 34.7 254.1 145.3 68.8 286.3 287.7 99.0 213.9 91.0 28.9
2217.5 209.0 226.1 110.0 63.7 80.0 162.7 131.2 134.5 135.3 108.3 114.2 86.9 166.1 109.7 160.7 105.5 120.9 89.3 120.8 122.2 203.6 145.9 250.1 73.7 74.2 208.0 217.6 124.1 134.7 193.8 125.6 38.1 196.2 137.7 128.5 139.2 175.6 191.3 133.3 141.5 132.5 148.3 9.3 231.9 74.4 206.4 85.8 170.1 128.3 164.8 51.8 105.9 235.2 157.0 143.7 122.2 198.4 113.6 142.0 150.5 168.2 71.1 239.7 95.7 0.0 143.6 185.5 98.0 49.3 33.5 80.3 200.8 196.9 149.2 98.7 106.5 54.1 31.0 144.7 93.1 177.9 146.3 66.0 177.1 178.9 149.2 60.9 89.1 142.2 134.2 118.3 49.1 222.8 116.2 235.5 70.9 92.7 262.6 285.0 97.7 201.7 76.7 69.7
2148.6 273.3 256.2 192.0 130.8 201.0 185.6 213.2 212.7 8.9 75.2 123.9 178.7 248.1 214.4 293.5 236.5 130.6 78.9 253.6 167.6 112.6 280.3 157.5 186.4 196.8 257.9 121.8 207.7 239.7 280.0 259.7 115.2 319.6 60.7 254.1 152.2 296.5 298.6 156.5 223.5 247.1 282.7 171.6 139.3 177.5 328.2 140.7 161.7 16.8 221.7 130.4 118.9 167.9 279.5 220.1 69.1 129.5 247.7 203.9 232.5 194.5 82.4 147.1 229.8 162.2 0.0 116.6 39.7 160.4 195.8 57.4 271.5 189.3 72.2 203.4 48.6 177.7 167.1 66.1 133.4 109.0 128.8 129.6 258.5 144.0 161.7 173.6 210.1 224.2 241.2 200.3 104.4 153.9 223.2 171.2 95.6 226.8 193.7 216.1 191.1 280.6 149.8 190.7
2074.3 199.0 181.9 163.6 151.2 200.4 111.3 178.2 138.4 200.7 172.8 122.9 148.9 234.3 155.3 261.3 241.9 156.6 202.2 224.9 91.1 147.1 248.1 192.0 225.8 204.5 176.9 156.3 182.1 210.8 205.7 225.2 169.0 245.3 203.8 179.8 77.9 218.0 224.3 82.2 208.1 209.7 253.0 198.1 173.8 118.4 253.9 204.5 83.8 192.8 147.4 182.7 164.6 93.6 212.1 145.8 186.7 55.2 215.5 122.6 185.4 120.2 139.3 181.6 197.6 188.7 208.0 0.0 207.2 156.8 225.5 194.8 197.2 115.0 215.3 144.3 171.0 118.6 145.5 209.2 197.2 65.0 87.7 193.4 214.5 53.3 71.0 170.0 207.0 189.2 182.1 165.3 177.3 79.6 164.1 96.9 183.8 232.2 119.4 141.8 161.3 206.3 254.4 154.0
2191.1 315.8 298.7 165.7 102.9 172.0 228.1 181.7 253.5 33.4 55.3 97.7 137.4 216.6 160.3 254.7 195.2 101.6 58.0 166.4 208.4 160.4 239.0 200.0 160.1 167.8 290.9 164.3 171.3 185.4 322.5 213.5 79.8 243.4 51.7 179.0 194.7 221.9 338.3 196.2 192.0 223.8 243.9 133.4 181.8 124.9 256.9 114.5 205.8 22.7 264.2 89.1 96.3 207.6 204.2 260.9 58.9 172.0 206.4 244.7 201.0 234.2 53.4 189.6 188.5 126.8 40.7 159.1 0.0 132.5 158.7 14.6 315.5 231.8 60.9 145.9 22.4 104.6 81.5 59.9 104.4 148.7 129.8 103.4 230.1 162.4 177.3 142.9 175.4 192.7 227.0 168.8 74.3 196.4 209.0 213.7 69.4 180.6 236.2 258.6 144.9 323.1 123.6 161.7
2186.4 182.1 199.2 88.3 18.8 53.1 135.8 104.3 107.6 139.5 111.6 76.0 60.0 139.2 84.4 136.5 82.0 82.7 87.8 93.9 96.9 167.0 123.3 211.9 30.8 48.9 194.6 176.2 98.8 108.0 166.9 100.4 54.6 170.9 142.6 101.6 112.3 144.5 164.4 108.0 114.6 131.4 128.2 107.8 193.7 47.5 179.5 121.6 134.7 131.6 137.9 65.0 32.2 205.7 138.6 116.8 125.5 167.3 90.7 123.9 123.6 142.9 78.1 201.5 72.8 117.2 146.8 154.4 92.8 0.0 83.6 80.4 175.4 170.0 154.1 73.4 109.8 24.7 31.1 148.0 128.9 146.8 108.1 132.7 152.7 140.7 158.4 13.1 49.6 115.3 111.2 91.4 62.9 191.7 93.2 209.0 69.4 72.3 231.5 253.9 72.4 174.8 112.5 42.8
2251.1 242.6 259.7 143.6 122.5 84.9 196.3 164.8 168.1 169.7 141.4 147.8 120.5 199.7 90.1 125.5 68.8 152.4 115.8 125.4 157.4 238.8 112.3 283.7 77.6 89.0 249.5 248.0 159.3 111.5 227.4 92.0 71.7 231.4 173.1 162.1 172.8 205.0 224.9 168.5 175.1 98.9 114.7 24.1 265.5 108.0 240.0 52.2 195.2 162.7 198.4 85.4 135.9 270.4 192.2 177.3 147.8 232.0 80.0 177.2 184.1 203.4 106.3 273.3 62.1 33.5 179.6 219.1 138.8 82.9 0.0 119.4 233.7 230.5 184.6 101.1 140.1 85.2 64.6 184.6 59.5 211.5 179.9 131.6 210.7 212.5 184.4 90.4 53.9 167.7 100.6 151.9 84.3 256.4 82.6 269.1 97.4 59.1 296.2 318.6 132.9 235.3 43.1 94.8
2208.8 243.3 316.4 144.3 120.6 114.3 245.8 165.5 168.8 50.2 73.0 115.4 121.2 200.4 145.6 236.0 182.1 122.1 70.4 155.1 227.8 172.8 222.8 217.7 109.6 110.1 324.4 182.0 160.0 169.0 228.1 202.2 97.5 232.1 72.2 162.8 212.4 205.7 225.6 216.7 175.8 209.1 225.2 99.5 199.5 108.7 240.7 81.5 226.8 43.2 281.9 72.9 108.7 228.1 192.9 178.0 79.4 189.7 190.2 177.9 184.8 254.7 73.9 207.3 172.3 90.1 60.1 176.8 12.3 83.6 144.4 0.0 234.4 249.5 80.3 134.6 40.1 85.9 65.3 77.6 74.2 169.2 147.5 34.5 213.9 180.1 197.8 96.8 164.1 176.5 210.8 152.6 86.7 214.1 192.8 226.8 87.1 169.3 253.9 276.3 133.6 236.0 134.9 104.0
2119.9 96.3 79.2 78.1 168.0 181.1 130.8 119.3 102.6 262.1 244.6 179.7 269.9 55.5 234.2 263.8 255.0 172.7 220.5 235.3 123.1 225.7 251.3 271.3 198.9 176.2 7.2 234.9 68.8 221.2 7.0 230.0 185.8 88.7 260.9 67.2 138.5 81.5 32.7 133.5 54.3 228.8 255.5 216.4 253.1 153.2 140.3 221.3 146.4 256.4 81.4 199.5 180.7 168.8 68.7 87.3 257.8 185.7 218.7 111.0 45.1 112.7 220.4 260.9 200.8 204.8 271.1 212.5 229.3 173.6 238.4 210.9 0.0 113.5 272.4 178.4 251.8 134.7 162.3 276.2 213.3 210.6 133.7 209.5 68.0 179.6 149.4 186.8 224.8 130.3 216.9 106.4 197.7 184.3 198.9 129.9 200.6 245.3 144.5 122.1 256.8 103.6 230.4 170.8
2101.0 166.8 149.7 76.3 165.5 178.6 90.1 157.0 100.1 260.3 242.1 177.2 257.0 100.2 222.0 262.0 294.3 170.9 216.5 223.1 120.6 174.6 248.8 219.5 202.0 174.4 114.8 183.8 67.0 209.0 143.6 225.9 183.3 131.9 259.1 64.7 136.0 124.3 110.7 131.7 114.4 227.9 253.7 212.4 201.3 150.7 140.5 218.8 90.1 252.4 32.3 197.0 178.9 120.3 118.4 79.6 256.0 133.4 216.2 101.4 84.6 53.3 217.9 209.1 198.3 203.0 267.6 210.0 221.5 171.1 277.9 209.1 135.1 0.0 270.6 176.6 249.3 132.9 159.8 273.7 211.5 208.8 131.2 207.7 113.7 159.7 142.6 184.3 259.4 163.2 252.5 144.1 191.6 106.3 234.5 17.0 198.1 284.6 116.5 94.1 244.6 174.1 227.9 168.3
2175.0 299.7 282.6 201.2 130.8 171.2 212.0 222.4 239.1 75.6 101.6 125.6 178.1 257.3 240.8 254.6 246.1 132.3 80.6 212.0 194.0 139.0 241.4 183.9 186.4 167.0 284.3 148.2 216.9 265.9 306.4 220.8 107.7 289.0 10.9 219.7 178.6 262.6 325.0 182.9 232.7 273.5 243.8 164.1 165.7 203.9 297.6 142.4 193.0 83.5 248.1 121.2 118.9 194.3 249.8 246.5 88.5 155.9 208.8 230.3 241.7 220.9 84.1 173.5 190.9 149.8 66.6 143.0 60.9 160.4 188.3 77.1 297.9 215.7 0.0 229.8 50.3 142.8 122.2 32.2 135.1 135.4 155.2 131.3 270.5 170.4 188.1 173.6 210.1 233.4 267.6 209.5 96.9 180.3 249.6 193.0 97.3 236.4 220.1 242.5 190.5 307.0 151.5 160.9
2225.4 191.1 208.2 97.3 131.2 56.0 144.8 113.3 116.6 185.2 208.3 129.8 69.0 148.2 11.0 116.9 97.5 123.5 182.7 80.5 105.9 177.5 103.7 222.4 86.3 60.1 203.6 186.7 107.8 66.4 175.9 83.1 152.9 179.9 184.9 110.6 121.3 153.5 173.4 117.0 123.6 54.0 106.1 105.3 204.2 25.8 188.5 119.1 152.2 178.2 146.9 158.1 144.6 244.7 140.7 125.8 214.7 168.5 71.1 125.7 132.6 151.9 187.5 212.0 53.2 114.7 195.1 163.6 147.3 112.3 81.1 134.9 184.4 179.0 196.4 0.0 175.1 100.8 85.6 199.5 126.4 162.4 89.5 130.2 161.4 130.7 148.4 99.1 62.6 122.8 37.7 100.4 165.5 230.7 19.7 200.5 164.3 87.8 270.5 224.7 81.4 183.8 110.0 65.9
2187.3 312.0 294.9 175.7 80.4 152.3 224.3 191.7 251.4 29.6 32.8 75.2 149.7 226.6 192.9 235.7 192.1 81.9 30.2 183.6 177.7 166.2 222.5 211.1 140.9 148.1 289.9 175.4 186.2 218.0 318.7 199.6 57.3 258.3 32.7 189.0 190.9 231.9 337.3 195.2 202.0 236.9 227.4 113.7 192.9 156.0 266.9 92.0 196.8 21.7 260.4 70.8 68.5 206.6 226.0 258.8 39.2 168.2 189.9 235.6 211.0 233.2 33.7 200.7 172.0 104.3 36.9 155.3 36.1 110.0 137.9 47.4 310.2 228.0 44.2 181.9 0.0 156.2 116.7 38.1 84.7 147.7 107.3 80.9 240.1 139.9 157.6 123.2 159.7 202.7 219.7 178.8 50.2 192.6 201.7 209.9 46.9 182.4 232.4 254.8 162.1 319.3 101.1 142.0
2200.1 157.3 174.4 58.3 32.5 45.6 111.0 79.5 82.8 126.4 109.1 44.2 35.2 114.4 56.0 162.0 149.3 41.0 83.5 65.5 68.5 151.8 152.4 196.7 64.1 41.4 160.6 164.2 70.4 83.0 142.1 128.2 50.3 146.1 129.2 76.8 87.5 123.9 139.6 83.2 89.8 91.7 154.8 82.5 178.5 22.7 154.7 85.8 109.9 122.5 113.1 64.0 49.0 219.4 103.3 92.0 126.3 134.7 119.8 88.3 98.8 114.5 84.9 186.3 101.9 68.4 136.3 168.1 96.6 38.1 129.8 76.1 149.1 145.2 137.6 48.6 116.3 0.0 26.8 140.7 81.6 160.5 92.9 60.2 125.4 125.5 95.5 51.3 107.7 90.5 86.4 66.6 66.0 205.4 68.4 166.7 65.1 136.5 245.2 190.9 44.0 150.0 94.9 35.3
2202.8 177.9 195.0 84.1 32.6 48.9 131.6 100.1 103.4 100.4 82.2 99.5 55.8 135.0 80.2 132.3 100.3 61.2 56.6 89.7 92.7 190.5 119.1 235.4 49.1 44.7 190.4 199.7 94.6 103.8 162.7 96.2 23.4 166.7 99.2 97.4 108.1 140.3 160.2 103.8 110.4 127.2 124.0 52.5 217.2 43.3 175.3 58.9 130.5 92.5 133.7 37.1 46.0 222.1 134.4 112.6 96.1 183.7 86.5 119.7 119.4 138.7 58.0 225.0 68.6 43.1 107.7 170.8 61.6 18.2 101.9 49.2 171.2 165.8 110.7 69.2 89.4 20.5 0.0 113.8 51.6 163.2 131.6 47.8 148.5 164.2 119.7 31.4 67.9 111.1 107.0 87.2 31.7 208.1 89.0 225.4 38.2 90.6 247.9 211.5 68.2 170.6 68.0 38.6
2264.9 328.4 311.3 209.6 116.0 187.9 240.7 225.6 267.8 64.5 68.4 110.8 181.3 260.5 228.5 271.3 227.7 117.5 65.8 215.2 222.7 167.7 258.1 242.5 176.5 183.7 306.3 215.6 220.1 253.6 335.1 235.2 92.9 292.2 32.0 222.9 207.3 265.8 353.7 211.6 235.9 272.5 263.0 149.3 224.3 191.6 300.8 127.6 213.2 56.6 276.8 106.4 104.1 223.0 259.9 275.2 74.8 184.6 225.5 252.0 244.9 249.6 69.3 232.1 207.6 139.9 71.8 171.7 51.0 145.6 173.5 62.3 326.6 244.4 43.5 217.5 35.5 146.0 152.3 0.0 120.3 164.1 142.9 116.5 274.0 175.5 193.2 158.8 195.3 236.6 255.3 212.7 85.8 209.0 237.3 226.3 82.5 218.0 248.8 271.2 193.7 335.7 136.7 177.6
2244.7 218.3 235.4 124.5 73.0 89.3 172.0 140.5 143.8 126.8 81.8 142.2 96.2 175.4 120.6 172.3 115.3 101.6 56.2 130.1 133.1 233.2 159.1 278.1 84.6 85.1 225.2 242.4 135.0 144.2 203.1 138.5 65.4 207.1 130.8 137.8 148.5 184.9 200.6 144.2 150.8 145.4 161.5 74.5 259.9 83.7 215.7 7.3 170.9 119.8 174.1 64.0 86.4 264.0 167.9 153.0 88.2 225.6 126.5 152.9 159.8 179.1 100.7 267.7 108.6 65.1 136.7 212.7 79.2 58.6 80.7 66.8 209.4 206.2 142.3 109.6 98.0 60.9 40.3 136.2 0.0 205.1 174.3 50.9 186.4 206.9 160.1 71.8 100.4 151.5 147.1 127.6 113.5 250.0 129.1 267.3 37.8 105.6 289.8 251.9 108.6 211.0 16.4 79.0
2093.6 218.3 201.2 131.7 146.8 196.0 130.6 147.7 157.7 196.3 168.4 118.5 144.5 182.6 150.9 256.9 237.5 152.2 197.8 220.5 72.7 142.7 243.7 187.6 178.4 200.1 209.2 151.9 142.2 206.6 225.0 223.1 164.6 214.3 199.4 145.0 97.2 192.1 242.2 81.3 158.0 194.0 248.6 193.7 169.4 114.0 222.9 200.1 103.1 188.4 166.7 178.3 160.2 112.9 175.1 165.1 182.3 74.5 211.1 148.9 167.0 139.5 134.9 177.2 193.2 182.7 205.3 61.6 202.8 152.4 221.1 190.4 218.4 134.3 210.9 139.9 166.6 110.0 141.1 204.8 192.8 0.0 83.3 174.5 196.1 34.9 52.6 165.6 202.6 158.7 177.7 134.8 177.2 98.9 159.7 111.6 179.4 227.8 138.7 161.1 156.9 225.6 250.0 149.6
2140.5 162.1 248.1 68.3 88.9 102.0 146.4 84.3 87.6 146.2 118.3 68.4 158.6 119.2 123.6 215.3 195.9 94.3 139.9 124.7 83.6 92.6 202.1 137.5 125.4 97.8 243.1 101.8 78.8 110.6 146.9 179.2 106.7 150.9 149.3 81.6 96.5 124.5 144.4 92.2 94.6 129.5 207.0 135.8 119.3 81.9 159.5 142.2 118.9 138.3 117.9 120.4 102.3 159.8 118.6 96.8 132.2 121.4 169.5 157.7 103.6 155.3 84.8 127.1 151.6 126.4 153.5 78.7 144.9 94.5 179.5 132.5 155.4 181.2 160.8 107.8 116.5 56.3 83.2 154.7 134.9 77.5 0.0 131.1 132.7 45.8 63.5 107.7 161.0 95.3 154.1 71.4 115.0 145.8 136.1 163.1 121.5 186.2 185.6 208.0 146.2 154.8 151.3 91.7
2240.9 214.5 231.6 115.5 69.2 85.5 168.2 136.7 140.0 123.0 78.0 138.4 92.4 171.6 116.8 168.9 122.2 97.8 64.1 120.0 129.3 229.4 155.7 274.3 80.8 81.3 215.1 241.8 131.2 140.2 199.3 128.8 61.6 203.3 65.8 134.0 144.7 181.1 196.8 140.4 147.0 146.2 158.1 64.4 256.1 79.9 211.9 11.0 175.6 108.4 170.3 60.2 82.6 260.2 164.1 149.2 96.1 221.8 123.1 142.8 156.0 169.0 96.9 263.9 105.2 59.7 132.9 208.9 83.5 54.8 84.5 35.3 206.3 202.4 138.5 105.8 94.2 59.6 36.5 132.4 3.7 201.3 170.5 0.0 182.6 203.1 156.3 68.0 104.2 147.7 143.6 123.8 67.9 246.2 125.6 258.9 34.0 120.9 286.0 248.1 104.8 207.2 20.2 75.2
2086.3 33.8 50.9 68.9 152.2 165.3 115.0 103.5 86.8 246.1 228.8 163.9 281.0 13.6 169.0 248.7 243.0 152.3 196.8 248.4 100.9 204.2 235.5 255.5 177.4 160.4 64.2 223.0 47.3 233.2 47.4 208.5 170.0 41.9 240.5 51.4 122.7 70.6 44.9 112.0 38.5 195.5 237.9 192.7 237.3 137.4 51.2 205.5 125.5 232.7 65.6 183.7 160.3 160.5 47.2 71.5 237.4 169.9 202.9 89.5 29.3 96.9 198.2 245.1 185.0 188.1 256.0 196.7 208.2 157.8 216.9 195.1 53.7 97.7 256.6 162.6 236.0 115.4 146.5 260.4 192.9 189.1 117.9 179.9 0.0 163.8 129.0 170.3 201.1 114.5 201.1 90.6 176.2 179.8 183.1 119.2 184.8 224.9 140.0 117.6 224.6 26.5 214.6 155.0
2115.1 239.8 222.7 96.7 130.2 184.9 100.5 112.7 127.6 185.2 157.3 107.4 133.4 147.6 139.8 245.8 226.4 135.6 181.2 176.8 37.7 131.6 232.6 176.5 210.3 139.1 217.7 140.8 107.2 162.7 246.5 209.7 148.0 179.3 188.3 110.0 50.6 152.9 207.2 46.3 123.0 194.2 237.5 177.1 158.3 102.9 187.9 183.5 73.0 177.3 169.6 161.7 143.6 134.4 147.0 135.0 163.7 96.0 200.0 111.8 132.0 109.4 123.8 166.1 182.1 167.7 192.5 40.7 186.2 135.8 210.0 173.8 238.0 155.8 199.8 128.8 155.5 97.6 124.5 193.7 176.2 35.5 72.2 172.4 161.1 0.0 17.6 149.0 191.5 123.7 166.6 99.8 156.3 120.4 148.6 137.7 162.8 216.7 160.2 182.6 145.8 247.1 192.6 133.0
2108.3 233.0 215.9 73.8 112.5 125.6 82.8 95.0 109.9 206.4 189.1 124.2 150.5 129.9 156.9 209.0 243.5 117.9 163.5 159.1 20.0 148.7 195.8 193.6 144.1 121.4 217.6 161.1 89.5 145.0 157.6 175.2 130.3 161.6 206.1 92.3 32.9 139.4 189.5 28.6 105.3 152.6 200.7 159.4 175.4 120.0 170.2 165.8 58.9 199.4 151.9 144.0 125.9 127.6 122.4 117.3 195.5 80.1 163.2 101.1 114.3 91.7 140.9 183.2 145.3 148.4 216.3 57.8 168.5 118.1 227.1 156.1 232.7 139.9 217.6 145.9 172.6 75.7 106.8 220.7 158.5 52.6 78.2 154.7 143.4 17.0 0.0 131.3 208.6 106.0 183.7 82.1 142.9 113.6 165.7 121.8 145.1 233.8 153.4 175.8 180.6 240.3 174.9 115.3
2199.6 195.3 212.4 96.3 32.0 66.3 149.0 117.5 120.8 152.7 124.8 89.2 73.2 152.4 97.6 143.8 68.8 95.9 101.0 107.1 110.1 180.2 130.6 225.1 12.8 62.1 202.2 192.6 112.0 121.2 180.1 110.0 67.8 184.1 155.8 114.8 125.5 161.9 177.6 121.2 127.8 116.9 133.0 94.6 206.9 60.7 192.7 108.4 147.9 144.8 151.1 78.2 45.4 218.9 144.9 130.0 131.2 180.5 98.0 129.9 136.8 156.1 91.3 214.7 80.1 104.0 161.7 167.6 106.0 13.1 70.4 93.6 186.4 183.2 167.3 86.6 123.0 40.4 44.3 161.2 115.7 160.0 121.3 77.7 162.8 153.9 171.6 0.0 36.5 128.5 118.6 104.6 80.4 204.9 100.6 217.6 82.6 59.1 244.7 267.1 85.6 188.0 99.3 56.0
2236.1 231.8 248.9 138.0 68.5 66.4 185.5 154.0 157.3 189.4 161.1 125.7 109.7 188.9 71.6 107.3 32.3 132.4 135.5 106.9 146.6 216.7 94.1 261.6 23.7 70.5 232.4 225.9 148.5 92.8 216.6 73.5 105.7 220.6 192.8 151.3 162.0 194.2 214.1 157.7 164.3 80.4 96.5 58.1 243.4 97.2 229.2 71.9 192.9 182.4 187.6 114.7 81.9 255.4 181.4 210.9 167.5 217.0 61.5 166.4 173.3 237.0 140.3 251.2 43.6 67.5 199.3 204.1 151.5 49.6 33.9 139.1 225.1 219.7 204.3 82.6 159.5 74.4 98.6 204.3 79.2 196.5 157.8 83.0 199.9 190.4 208.1 36.5 0.0 149.2 82.1 141.1 118.3 241.4 64.1 258.7 117.1 22.6 281.2 303.6 122.1 224.5 62.8 76.3
2194.0 148.8 165.9 55.0 139.7 123.5 84.5 12.9 56.3 234.5 239.4 151.4 127.7 105.9 92.7 184.4 165.0 145.1 190.7 93.8 115.3 213.7 171.2 258.6 148.9 127.6 161.3 222.9 65.5 79.7 133.6 148.3 157.5 137.6 233.3 68.3 130.7 111.2 173.2 126.4 81.3 98.6 176.1 172.8 240.4 129.6 143.1 186.6 122.5 226.6 139.0 171.2 153.1 213.3 105.3 115.6 245.8 165.8 138.6 72.6 90.3 111.4 205.9 248.2 120.7 182.2 241.8 199.8 195.7 179.8 148.6 183.3 142.1 171.1 244.8 103.7 237.6 107.1 134.0 275.8 193.9 198.6 121.0 197.7 119.4 166.9 142.3 166.6 130.1 0.0 123.2 31.4 165.8 199.3 105.2 188.2 172.3 155.3 237.8 215.4 115.3 141.5 177.5 133.4
2243.7 269.3 286.4 135.1 150.7 75.5 206.9 135.3 178.7 257.0 227.8 149.3 106.8 186.0 26.7 86.7 94.8 143.0 202.2 80.0 152.9 215.3 73.5 260.2 100.9 79.6 285.3 224.5 145.6 65.9 257.6 62.3 172.4 217.7 259.5 148.4 168.3 186.9 255.1 164.0 161.4 64.8 78.4 124.8 242.0 63.6 211.5 138.6 190.7 249.1 207.4 186.1 164.1 263.0 185.4 184.0 234.2 215.5 72.0 195.0 170.4 210.1 207.0 249.8 72.7 134.2 264.3 201.4 218.2 131.8 100.6 205.8 266.1 239.5 271.0 37.7 246.0 120.3 165.3 271.0 145.9 200.2 127.3 149.7 199.5 168.5 186.2 118.6 82.1 122.3 0.0 138.2 180.7 249.0 18.0 256.6 183.8 105.5 288.8 290.2 101.5 262.0 129.5 85.4
2162.5 117.3 134.4 23.5 108.2 147.4 53.0 12.8 24.8 203.0 184.8 119.9 151.6 74.4 116.6 208.3 188.9 113.6 159.2 117.7 63.3 166.6 195.1 211.5 172.8 151.5 129.8 175.8 34.0 103.6 102.1 172.2 126.0 106.1 201.8 36.8 78.7 79.7 141.7 74.4 49.8 122.5 200.0 196.7 193.3 153.5 114.7 210.5 91.0 195.1 73.1 139.7 121.6 181.8 73.8 52.0 198.9 134.3 162.5 41.1 58.8 79.9 160.6 201.1 144.6 206.1 210.3 152.7 164.2 203.7 172.5 151.8 110.6 105.2 213.3 127.6 192.0 75.6 102.5 216.4 217.8 151.5 73.9 221.6 87.9 119.8 90.3 190.5 154.0 23.8 147.1 0.0 134.3 167.8 129.1 122.3 140.8 179.2 206.3 183.9 139.2 110.0 201.4 157.3
2166.7 291.4 274.3 129.9 68.6 140.5 203.7 151.1 154.4 84.5 57.5 63.4 106.8 186.0 131.2 216.9 160.2 70.1 89.2 140.7 165.9 154.4 203.7 199.3 124.2 136.3 269.3 163.6 145.6 154.6 298.1 183.4 10.7 217.7 88.5 148.4 170.3 195.5 211.2 174.6 161.4 190.3 206.1 67.1 181.1 94.3 226.3 91.5 176.2 77.5 239.8 24.2 56.7 186.0 178.5 238.2 71.4 147.6 171.4 222.0 170.4 212.6 21.9 188.9 153.5 56.1 94.4 134.7 94.2 98.2 91.3 81.8 289.6 207.4 100.0 120.2 55.7 71.5 50.9 93.9 84.2 127.1 95.5 65.9 199.2 128.1 145.8 111.4 145.3 162.1 192.0 138.2 0.0 172.0 174.0 189.3 70.8 150.5 211.8 234.2 119.2 298.7 134.5 130.2
2038.0 162.7 145.6 175.0 264.2 277.3 185.3 252.2 198.8 188.0 191.1 275.9 352.2 198.0 317.2 360.7 389.5 269.6 214.7 318.3 117.1 140.3 347.5 185.2 300.7 273.1 140.6 149.5 165.7 304.2 169.4 324.6 282.0 209.0 211.9 163.4 101.7 160.4 166.7 106.0 150.5 323.1 352.4 263.1 167.0 249.4 217.6 317.5 185.3 195.9 145.5 295.7 183.4 14.0 154.5 174.8 178.0 79.0 314.9 196.6 157.5 148.5 190.2 174.8 297.0 253.7 180.7 97.0 225.2 269.8 373.1 307.8 160.9 136.6 200.9 275.3 213.5 231.6 258.5 233.2 310.2 115.8 229.9 306.4 186.6 138.7 121.6 283.0 354.6 258.4 347.7 239.3 199.6 0.0 329.7 153.7 296.8 379.8 39.8 62.2 339.8 170.0 326.6 267.0
2225.7 251.3 268.4 117.1 132.7 57.5 188.9 117.3 160.7 239.0 209.8 131.3 88.8 168.0 8.7 104.7 99.0 125.0 184.2 62.0 134.9 197.3 91.5 242.2 82.9 61.6 267.3 206.5 127.6 47.9 239.6 80.3 154.4 199.7 241.5 130.4 150.3 168.9 237.1 146.0 143.4 46.8 96.4 106.8 224.0 45.6 193.5 120.6 172.7 231.1 189.4 168.1 146.1 245.0 167.4 166.0 223.7 197.5 72.6 177.0 152.4 192.1 189.0 231.8 54.7 116.2 246.3 183.4 200.2 113.8 82.6 187.8 248.1 221.5 253.0 19.7 228.0 102.3 147.3 253.0 127.9 182.2 109.3 131.7 181.5 150.5 168.2 100.6 64.1 104.3 18.0 120.2 162.7 231.0 0.0 238.6 165.8 89.3 270.8 272.2 83.5 244.0 111.5 67.4
2083.9 184.9 167.8 100.3 183.6 196.7 108.2 175.1 118.2 277.5 260.2 195.3 275.1 118.3 240.1 280.1 315.5 193.6 234.6 241.2 138.7 153.1 266.9 202.4 219.8 192.5 132.9 169.9 85.1 227.3 161.7 250.9 201.4 154.6 281.8 82.8 154.1 146.6 128.8 154.4 132.5 234.7 269.3 235.1 184.2 168.8 158.6 236.9 99.3 275.1 50.4 215.1 201.6 98.8 129.6 97.7 274.1 151.5 234.3 131.1 102.7 76.0 236.0 192.0 216.4 219.5 196.2 114.2 247.7 189.2 296.0 227.2 154.7 18.0 288.7 194.7 267.4 146.8 177.9 291.8 234.2 128.6 149.3 211.3 129.3 177.8 160.7 202.4 282.1 181.3 270.6 162.2 218.6 89.2 252.6 0.0 216.2 307.3 129.0 112.2 267.3 192.2 246.0 186.4
2206.8 224.8 314.4 131.0 109.5 95.8 243.8 147.0 150.3 104.5 43.9 104.3 102.7 181.9 127.1 210.1 153.1 111.0 18.3 136.6 206.8 195.3 196.9 240.2 96.0 91.6 309.4 204.5 141.5 195.6 209.6 174.0 86.4 213.6 103.3 144.3 210.4 187.2 207.1 214.7 157.3 194.5 201.8 81.0 222.0 90.2 222.2 45.0 216.3 96.6 180.6 38.9 97.6 226.1 181.3 159.5 58.0 187.7 164.3 166.6 166.3 252.7 62.8 229.8 146.4 71.6 111.8 174.8 65.7 65.1 118.5 53.3 218.1 247.5 114.8 116.1 60.1 67.4 46.8 98.3 37.7 167.2 136.4 33.9 195.4 169.0 186.7 78.3 138.2 158.0 184.9 134.1 79.3 212.1 166.9 229.4 0.0 143.4 251.9 274.3 115.1 217.5 54.1 85.5
2263.0 258.7 275.8 164.9 95.4 75.8 243.2 171.6 215.0 218.8 190.5 149.6 136.6 215.8 81.0 94.0 9.7 143.3 164.9 116.3 189.2 243.6 80.8 288.5 50.5 79.9 265.6 256.0 175.4 102.4 243.5 82.9 135.1 247.5 222.2 178.2 204.6 218.4 241.0 200.3 191.2 89.8 83.2 87.5 270.3 117.9 247.8 101.3 227.0 211.8 243.7 141.6 108.8 282.3 208.3 220.3 196.9 243.9 70.9 224.1 200.2 246.4 154.7 278.1 53.0 96.9 228.7 231.0 180.9 76.5 63.3 168.5 249.8 275.8 233.7 92.0 186.4 101.3 128.0 233.7 108.6 223.4 181.6 112.4 229.3 217.3 216.2 63.3 26.8 158.6 91.5 168.0 147.7 268.3 73.5 281.0 146.5 0.0 308.1 326.5 137.8 251.4 92.2 85.7
2077.8 163.1 146.0 135.2 224.4 237.5 145.5 212.4 159.0 227.8 301.0 236.1 312.4 133.3 277.4 320.9 349.7 229.8 275.4 278.5 179.5 180.1 307.7 225.0 260.9 233.3 111.1 189.3 125.9 264.4 139.9 284.8 242.2 209.4 318.0 123.6 178.1 120.6 126.9 190.6 110.7 283.3 312.6 271.3 206.8 209.6 218.0 277.7 145.5 311.3 105.7 255.9 237.8 25.8 114.7 135.0 217.8 188.8 275.1 156.8 117.7 108.7 276.8 214.6 257.2 261.9 220.5 136.8 280.4 230.0 333.3 268.0 131.4 96.8 329.5 235.5 308.2 191.8 218.7 332.6 270.4 155.6 190.1 266.6 146.8 215.1 198.0 243.2 314.8 218.6 307.9 199.5 250.5 39.8 289.9 113.9 257.0 340.0 0.0 22.4 300.0 170.4 286.8 227.2
2100.2 140.7 123.6 112.8 202.0 215.1 123.1 190.0 136.6 296.8 278.6 213.7 290.0 110.9 255.0 298.5 327.3 207.4 253.0 256.1 157.1 202.5 285.3 247.4 238.5 210.9 88.7 211.7 103.5 242.0 117.5 262.4 219.8 187.0 295.6 101.2 155.7 98.2 104.5 168.2 88.3 260.9 290.2 248.9 229.2 187.2 195.6 255.3 123.1 288.9 83.3 233.5 215.4 48.2 92.3 112.6 292.5 166.4 252.7 134.4 95.3 86.3 254.4 237.0 234.8 239.5 304.1 246.5 258.0 207.6 310.9 245.6 109.0 74.4 307.1 213.1 285.8 169.4 196.3 310.2 248.0 228.3 167.7 244.2 124.4 192.7 175.6 220.8 292.4 196.2 285.5 177.1 228.1 62.2 267.5 91.5 234.6 317.6 22.4 0.0 277.6 148.0 264.4 204.8
2175.4 169.8 186.9 76.0 177.0 101.8 123.5 92.0 95.3 282.4 254.1 175.6 12.3 126.9 71.0 162.7 146.4 169.3 228.5 21.4 84.6 259.6 149.5 304.5 132.1 105.9 170.4 272.0 86.5 35.3 154.6 128.9 198.7 158.6 285.8 89.3 100.0 136.4 152.1 95.7 102.3 47.6 154.4 151.1 286.3 107.9 167.2 164.9 130.9 275.4 125.6 212.4 190.4 194.7 119.4 104.5 260.5 147.2 116.9 104.4 111.3 130.6 233.3 294.1 99.0 160.5 292.3 169.5 244.5 158.1 126.9 232.1 160.9 157.7 297.3 82.0 272.3 146.6 191.6 297.3 172.2 164.3 171.6 176.0 137.3 128.7 111.6 144.9 108.4 103.0 101.5 79.1 211.3 180.7 83.5 179.2 210.1 133.6 220.5 203.4 0.0 162.5 155.8 111.7
2086.1 7.2 24.4 77.3 166.5 179.6 129.3 117.8 101.1 261.3 243.1 178.2 266.0 27.9 231.0 263.0 254.2 171.9 217.5 232.1 121.6 224.9 249.8 269.8 203.0 175.4 89.4 234.1 68.0 218.0 61.7 226.9 184.3 38.9 260.1 65.7 137.0 80.7 37.1 132.7 52.8 236.9 254.7 213.4 251.6 151.7 47.5 219.8 148.7 253.4 79.9 198.0 179.9 180.1 74.8 85.8 257.0 184.2 217.2 117.4 43.6 111.9 218.9 259.4 199.3 204.0 268.6 211.0 222.5 172.1 237.6 210.1 70.2 112.0 271.6 177.6 250.3 133.9 160.8 274.7 212.5 209.8 132.2 208.7 38.7 178.1 148.6 185.3 221.8 172.2 215.4 104.9 192.6 194.1 197.4 129.1 199.1 244.5 154.3 131.9 253.6 0.0 228.9 169.3
2261.1 234.7 251.8 140.9 89.4 105.7 188.4 156.9 160.2 144.1 98.2 158.6 112.6 191.8 120.2 155.9 98.9 118.0 72.6 146.5 149.5 249.6 142.7 294.5 102.8 101.5 247.2 258.8 151.4 141.4 219.5 119.8 81.8 223.5 147.2 154.2 164.9 197.1 217.0 160.6 167.2 140.3 147.6 88.5 276.3 100.1 232.1 9.1 187.3 136.2 190.5 80.4 102.8 280.4 191.2 169.4 104.6 242.0 110.1 176.5 176.2 195.5 117.1 284.1 92.2 81.5 151.4 229.1 123.5 75.0 64.3 111.1 228.0 222.6 158.7 126.0 114.4 77.3 56.7 152.6 16.4 221.5 190.7 20.2 205.3 223.3 176.5 88.2 84.0 167.9 130.7 144.0 133.6 266.4 112.7 283.7 54.2 89.2 306.2 268.3 125.0 227.4 0.0 95.4
2219.3 192.2 209.3 98.4 70.1 10.3 145.9 114.4 117.7 178.2 150.3 63.8 70.1 149.3 75.9 93.6 92.2 57.5 121.1 104.0 107.0 171.4 80.4 216.3 76.1 6.0 204.7 180.6 108.9 97.1 177.0 57.5 87.9 181.0 181.3 111.7 122.4 154.6 174.5 118.1 124.7 96.0 85.3 100.0 198.1 57.6 189.6 113.8 144.8 170.3 148.0 116.9 83.5 238.6 148.7 126.9 164.2 169.6 47.8 134.0 133.7 153.0 116.8 205.9 29.9 109.4 185.5 178.0 126.1 107.0 75.8 113.7 185.5 180.1 192.8 83.5 148.5 34.8 64.4 186.7 121.1 176.8 112.5 124.9 162.8 145.1 162.8 93.8 57.3 125.4 86.4 101.5 96.2 224.6 68.4 197.2 102.7 82.5 264.4 225.8 82.5 184.9 104.7 0.0
