Name		2706_BED-Amazon_n94_m191_bt24
Number_of_Customers	94
Number_of_Items		191
Number_of_ItemTypes	24
Number_of_Vehicles	1
TimeWindows		0
Dist_type	manual

VEHICLE
Mass_Capacity	1024
CargoSpace_Length	212
CargoSpace_Width	111
CargoSpace_Height	105

CUSTOMERS
i	x	y	Demand	ReadyTime	DueDate	ServiceTime	DemandedMass	DemandedVolume
0	47.937344	-122.244952	0	0	0	0	0	0
1	47.664719	-122.305365	2	0	0	0	9.5	7580
2	47.670227	-122.310464	1	0	0	0	7.3	3640
3	47.671478	-122.309627	1	0	0	0	0.7	2640
4	47.670067	-122.318541	2	0	0	0	5.4	4020
5	47.670261	-122.311898	4	0	0	0	27.74	19379
6	47.667996	-122.305116	1	0	0	0	4.7	1380
7	47.663532	-122.302073	3	0	0	0	8.41	9564
8	47.667124	-122.302466	1	0	0	0	1.4	5280
9	47.667077	-122.303412	4	0	0	0	33.1	16574
10	47.668233	-122.319523	1	0	0	0	1.75	4608
11	47.662513	-122.307216	2	0	0	0	5.4	4020
12	47.665222	-122.307187	3	0	0	0	17.4	9040
13	47.667151	-122.310762	1	0	0	0	2.5	3978
14	47.669255	-122.315189	2	0	0	0	7.2	5358
15	47.667746	-122.309418	2	0	0	0	9.2	4816
16	47.667452	-122.316291	2	0	0	0	2.6	3816
17	47.665203	-122.309446	1	0	0	0	7.63	16848
18	47.664314	-122.306514	2	0	0	0	5.4	4020
19	47.66198	-122.308354	3	0	0	0	24.3	14360
20	47.670065	-122.318012	3	0	0	0	20.0	11300
21	47.667727	-122.320676	1	0	0	0	4.7	1380
22	47.669969	-122.30978	3	0	0	0	14.5	8998
23	47.662422	-122.30422	5	0	0	0	27.25	19716
24	47.670084	-122.307748	2	0	0	0	12.59	11715
25	47.669559	-122.308298	2	0	0	0	8.0	6280
26	47.669414	-122.317076	1	0	0	0	1.75	4608
27	47.663224	-122.303076	1	0	0	0	4.7	1380
28	47.6687	-122.30512	1	0	0	0	4.7	1380
29	47.66659	-122.311912	2	0	0	0	10.1	5400
30	47.66156	-122.304773	1	0	0	0	1.9	1176
31	47.666425	-122.312371	2	0	0	0	7.3	11780
32	47.667205	-122.306499	1	0	0	0	1.75	4608
33	47.666818	-122.316297	5	0	0	0	21.26	25393
34	47.667104	-122.3142	1	0	0	0	3.01	5544
35	47.668306	-122.316281	3	0	0	0	9.35	6438
36	47.66155	-122.309733	2	0	0	0	8.0	6280
37	47.669041	-122.303954	2	0	0	0	6.85	19228
38	47.670051	-122.308006	1	0	0	0	0.7	2640
39	47.667343	-122.301926	2	0	0	0	5.94	21078
40	47.668238	-122.315746	1	0	0	0	2.5	3978
41	47.667445	-122.309608	2	0	0	0	5.4	4020
42	47.666874	-122.315223	1	0	0	0	0.7	2640
43	47.668581	-122.318003	2	0	0	0	10.1	5400
44	47.671056	-122.30963	1	0	0	0	4.7	1380
45	47.669629	-122.305466	1	0	0	0	2.91	13520
46	47.662637	-122.305475	1	0	0	0	4.7	1380
47	47.667379	-122.304423	2	0	0	0	11.3	3936
48	47.668581	-122.318595	1	0	0	0	4.8	6200
49	47.670889	-122.308479	1	0	0	0	4.7	1380
50	47.666419	-122.311558	1	0	0	0	1.9	1176
51	47.668318	-122.306497	1	0	0	0	2.1	7920
52	47.664592	-122.303444	1	0	0	0	4.7	1380
53	47.670397	-122.310966	1	0	0	0	4.7	1380
54	47.665762	-122.30718	1	0	0	0	2.75	9072
55	47.667732	-122.308287	2	0	0	0	7.2	5358
56	47.670401	-122.310487	2	0	0	0	11.03	36615
57	47.670804	-122.311589	1	0	0	0	1.9	1176
58	47.663568	-122.303205	1	0	0	0	1.9	1176
59	47.665843	-122.308302	1	0	0	0	4.7	1380
60	47.67077	-122.307099	2	0	0	0	16.7	6400
61	47.668834	-122.310746	1	0	0	0	4.7	1380
62	47.667137	-122.320368	1	0	0	0	7.57	28120
63	47.667064	-122.3142	1	0	0	0	4.7	1380
64	47.668011	-122.318415	1	0	0	0	2.5	3978
65	47.667938	-122.319526	1	0	0	0	3.44	17100
66	47.669309	-122.321238	2	0	0	0	7.2	5358
67	47.669814	-122.317369	2	0	0	0	6.65	17088
68	47.667558	-122.307154	5	0	0	0	25.64	20259
69	47.669008	-122.316281	1	0	0	0	0.7	2640
70	47.6627	-122.306531	1	0	0	0	0.7	2640
71	47.661552	-122.303295	2	0	0	0	7.04	12683
72	47.67076	-122.32038	1	0	0	0	2.5	3978
73	47.669309	-122.320725	1	0	0	0	1.77	9425
74	47.664583	-122.304348	3	0	0	0	18.81	18145
75	47.666621	-122.309436	1	0	0	0	7.3	3640
76	47.67119	-122.310766	1	0	0	0	4.7	1380
77	47.663793	-122.305485	1	0	0	0	23.5	6900
78	47.666499	-122.302657	2	0	0	0	11.04	23540
79	47.66942	-122.304857	1	0	0	0	14.1	4140
80	47.669093	-122.314195	1	0	0	0	3.8	2352
81	47.667332	-122.315212	1	0	0	0	4.7	1380
82	47.667964	-122.310748	1	0	0	0	1.9	1176
83	47.666618	-122.308296	1	0	0	0	4.7	1380
84	47.667405	-122.305496	1	0	0	0	0.7	2640
85	47.668173	-122.314659	1	0	0	0	4.7	1380
86	47.665772	-122.309439	3	0	0	0	10.23	20664
87	47.668372	-122.320665	1	0	0	0	4.7	1380
88	47.664001	-122.302305	1	0	0	0	4.7	1380
89	47.669302	-122.317793	2	0	0	0	2.29	6040
90	47.67008	-122.305611	2	0	0	0	5.4	4020
91	47.668619	-122.31466	2	0	0	0	8.52	8980
92	47.669295	-122.31075	2	0	0	0	8.14	18480
93	47.669113	-122.309419	3	0	0	0	7.55	5100
94	47.669945	-122.306503	2	0	0	0	4.65	5058

ITEMS
Type	Length	Width	Height	Mass	Fragility	LoadBearingStrength
Bt1	18	12	5	2.15	1	0
Bt2	21	14	4	1.9	1	0
Bt3	23	15	4	4.7	1	0
Bt4	15	11	16	0.7	1	0
Bt5	34	10	10	1.59	1	0
Bt6	20	14	13	7.3	1	0
Bt7	17	13	18	2.5	1	0
Bt8	24	12	16	1.75	1	0
Bt9	28	22	9	3.01	1	0
Bt10	31	20	10	4.8	1	0
Bt11	40	19	10	3.82	1	0
Bt12	25	19	17	5.29	1	0
Bt13	29	20	14	3.25	1	0
Bt14	28	18	18	2.75	1	0
Bt15	29	25	13	1.77	1	0
Bt16	40	20	13	2.6	1	0
Bt17	34	18	19	3.03	1	0
Bt18	29	27	15	2.11	1	0
Bt19	26	20	26	2.91	1	0
Bt20	44	17	21	1.95	1	0
Bt21	39	27	16	7.63	1	0
Bt22	57	15	20	3.44	1	0
Bt23	60	17	17	6.24	1	0
Bt24	38	37	20	7.568	1	0

DEMANDS PER CUSTOMER
i	Type Quantity
1	Bt3 1	Bt10 1	
2	Bt6 1	
3	Bt4 1	
4	Bt3 1	Bt4 1	
5	Bt3 4	Bt8 1	Bt2 1	Bt12 1	
6	Bt3 1	
7	Bt3 1	Bt9 1	Bt4 1	
8	Bt4 2	
9	Bt3 3	Bt7 1	Bt2 1	Bt6 2	
10	Bt8 1	
11	Bt4 1	Bt3 1	
12	Bt6 1	Bt3 2	Bt4 1	
13	Bt7 1	
14	Bt7 1	Bt3 1	
15	Bt2 1	Bt6 1	
16	Bt2 1	Bt4 1	
17	Bt21 1	
18	Bt3 1	Bt4 1	
19	Bt3 4	Bt10 1	Bt4 1	
20	Bt3 1	Bt4 1	Bt6 2	
21	Bt3 1	
22	Bt7 1	Bt6 1	Bt3 1	
23	Bt3 3	Bt13 1	Bt2 1	Bt4 1	Bt6 1	
24	Bt6 1	Bt12 1	
25	Bt4 1	Bt6 1	
26	Bt8 1	
27	Bt3 1	
28	Bt3 1	
29	Bt4 1	Bt3 2	
30	Bt2 1	
31	Bt16 1	Bt3 1	
32	Bt8 1	
33	Bt18 1	Bt4 1	Bt6 1	Bt3 2	Bt8 1	
34	Bt9 1	
35	Bt3 1	Bt1 1	Bt7 1	
36	Bt4 1	Bt6 1	
37	Bt17 1	Bt11 1	
38	Bt4 1	
39	Bt22 1	Bt7 1	
40	Bt7 1	
41	Bt3 1	Bt4 1	
42	Bt4 1	
43	Bt4 1	Bt3 2	
44	Bt3 1	
45	Bt19 1	
46	Bt3 1	
47	Bt3 2	Bt2 1	
48	Bt10 1	
49	Bt3 1	
50	Bt2 1	
51	Bt4 3	
52	Bt3 1	
53	Bt3 1	
54	Bt14 1	
55	Bt7 1	Bt3 1	
56	Bt18 3	Bt3 1	
57	Bt2 1	
58	Bt2 1	
59	Bt3 1	
60	Bt6 1	Bt3 2	
61	Bt3 1	
62	Bt24 1	
63	Bt3 1	
64	Bt7 1	
65	Bt22 1	
66	Bt3 1	Bt7 1	
67	Bt3 1	Bt20 1	
68	Bt12 1	Bt8 1	Bt6 1	Bt3 2	Bt2 1	
69	Bt4 1	
70	Bt4 1	
71	Bt12 1	Bt8 1	
72	Bt7 1	
73	Bt15 1	
74	Bt18 1	Bt6 1	Bt3 2	
75	Bt6 1	
76	Bt3 1	
77	Bt3 5	
78	Bt23 1	Bt10 1	
79	Bt3 3	
80	Bt2 2	
81	Bt3 1	
82	Bt2 1	
83	Bt3 1	
84	Bt4 1	
85	Bt3 1	
86	Bt2 1	Bt4 1	Bt21 1	
87	Bt3 1	
88	Bt3 1	
89	Bt4 1	Bt5 1	
90	Bt3 1	Bt4 1	
91	Bt11 1	Bt3 1	
92	Bt3 1	Bt22 1	
93	Bt4 1	Bt3 1	Bt1 1	
94	Bt7 1	Bt1 1	

DISTANCE MATRIX
0.0 2381.7 2352.1 2419.4 2281.8 2322.8 2421.2 2613.0 2565.6 2570.9 2239.2 2399.6 2347.2 2342.5 2298.3 2390.4 2235.3 2316.8 2348.4 2400.4 2270.8 2192.3 2360.9 2508.8 2460.0 2422.2 2283.9 2632.9 2463.8 2295.7 2483.3 2299.4 2380.9 2226.3 2271.6 2245.5 2408.6 2464.3 2409.5 2547.8 2286.6 2419.0 2270.7 2293.7 2404.4 2480.8 2419.7 2460.5 2303.3 2450.0 2315.0 2398.2 2581.3 2344.2 2362.6 2413.0 2390.5 2407.8 2619.0 2351.7 2453.7 2385.1 2186.3 2271.0 2244.0 2231.8 2357.0 2257.4 2417.5 2258.5 2379.2 2541.3 2297.8 2344.5 2498.4 2358.3 2420.0 2385.7 2609.5 2445.4 2304.4 2282.9 2362.8 2375.9 2419.6 2313.5 2328.4 2208.5 2612.5 2280.2 2510.2 2306.6 2376.6 2397.1 2441.7
2331.2 0.0 264.5 248.4 451.3 226.7 94.1 316.0 194.8 183.0 348.6 189.4 73.8 178.3 309.8 178.9 257.9 104.5 80.5 172.3 464.0 327.8 240.3 168.1 168.0 229.8 343.7 305.8 115.5 169.5 142.4 208.0 88.1 249.2 227.0 269.6 225.5 152.0 257.1 232.7 308.7 228.6 249.8 354.2 257.5 132.5 78.8 131.2 360.5 232.6 176.3 107.6 254.2 256.6 89.2 166.3 249.7 267.0 291.9 105.0 203.8 220.9 321.8 226.4 326.7 341.2 437.4 364.2 144.1 280.6 106.4 171.1 429.9 425.1 182.2 146.0 289.0 44.8 238.7 133.1 307.7 262.0 198.6 129.2 71.3 310.1 127.2 344.0 316.2 383.9 159.4 276.8 232.5 195.7 148.9
2346.1 232.5 0.0 67.2 343.5 152.6 158.4 329.4 207.5 212.8 279.5 293.0 187.8 123.5 163.3 182.3 255.1 218.5 171.6 279.1 260.4 312.3 8.7 237.1 189.3 70.0 188.4 318.5 138.8 163.8 256.4 167.1 121.7 246.1 175.5 265.3 278.1 122.5 57.3 244.6 209.9 83.7 227.7 232.9 52.2 121.0 246.4 165.2 242.5 97.8 148.6 104.4 266.9 128.6 186.1 117.0 38.3 55.6 304.6 168.6 101.5 82.0 330.4 176.1 270.4 287.4 329.8 247.0 139.2 204.4 202.4 314.4 341.6 317.3 203.1 150.2 67.8 236.5 251.4 103.6 143.7 215.5 103.2 148.8 151.5 192.6 230.1 296.1 328.9 227.8 150.4 165.7 71.2 44.9 145.3
2374.3 280.1 138.2 0.0 299.6 200.2 188.1 377.0 255.1 260.4 327.1 335.8 230.6 171.1 210.9 229.9 302.7 261.3 214.4 321.9 288.6 359.9 56.3 284.7 150.9 117.6 236.0 366.1 186.4 211.4 304.0 214.7 164.5 293.7 223.1 312.9 325.7 170.1 104.9 292.2 257.5 131.3 275.3 280.5 17.9 202.9 289.2 212.8 290.1 59.4 196.2 147.2 314.5 176.2 228.9 164.6 66.5 83.8 352.2 216.2 63.1 129.6 378.0 223.7 318.0 335.0 377.4 275.2 186.8 252.0 245.2 362.0 389.2 364.9 250.7 197.8 96.0 284.1 299.0 151.2 191.3 263.1 150.8 196.4 199.1 240.2 272.9 343.7 376.5 275.4 232.3 213.3 118.8 92.5 106.9
2230.1 345.8 260.2 327.5 0.0 252.0 332.9 528.7 406.8 395.0 121.3 443.1 320.5 245.0 114.0 314.6 156.6 290.1 321.7 373.7 11.8 135.7 269.0 436.2 449.6 241.9 64.9 517.8 338.1 217.4 455.7 208.5 309.3 147.6 166.6 168.8 381.9 321.8 317.6 443.9 127.5 259.5 166.9 74.7 312.5 320.3 393.0 362.3 84.3 358.1 224.1 289.7 466.2 252.3 325.8 274.8 298.6 315.9 503.9 300.9 361.8 213.9 141.5 167.2 112.2 129.2 98.5 107.1 297.0 117.4 352.5 513.7 75.0 86.0 416.2 282.5 262.3 359.0 450.7 302.9 137.4 154.7 224.7 301.8 350.8 154.4 312.8 119.5 528.2 61.2 347.2 147.5 203.1 234.8 332.3
2304.9 224.4 42.5 96.5 274.8 0.0 201.0 358.0 250.1 225.0 207.1 322.3 225.6 120.4 128.1 162.5 196.5 184.3 200.9 259.0 307.8 264.7 46.5 267.5 218.6 112.6 123.9 361.1 168.1 74.5 299.0 66.5 159.5 162.2 146.9 185.1 307.4 160.3 99.9 273.9 137.5 126.3 144.8 160.5 81.5 163.6 289.0 192.3 170.1 135.6 96.8 131.4 296.2 34.6 177.4 154.8 67.6 98.2 347.2 152.5 130.8 64.5 282.8 121.5 201.7 215.0 257.4 197.9 168.5 132.0 240.2 352.2 272.9 248.6 256.6 130.4 97.1 228.4 280.7 146.2 112.7 143.1 100.1 186.6 194.1 120.2 195.9 248.5 366.7 163.3 193.0 97.0 67.0 130.1 187.9
2375.6 113.7 185.3 175.7 394.1 244.1 0.0 222.5 100.6 105.9 330.1 212.3 118.2 165.9 242.3 164.0 281.5 148.9 102.0 209.5 406.0 362.9 166.8 111.1 94.5 156.3 301.1 211.6 41.0 173.5 130.4 176.8 52.1 272.5 232.4 291.7 262.7 77.5 184.4 137.7 260.5 152.3 255.1 283.5 184.8 58.0 151.7 39.2 293.1 159.9 158.3 32.7 160.0 213.5 116.5 121.6 177.0 194.3 197.7 131.4 123.8 137.0 366.2 231.8 321.0 338.0 380.4 432.6 109.0 255.0 132.8 188.4 392.2 367.9 77.1 131.9 205.1 117.7 144.5 58.6 210.9 266.1 153.8 112.3 32.7 243.2 160.5 346.7 222.0 340.5 87.4 216.3 147.8 178.8 76.2
2601.0 372.3 441.5 398.7 619.7 512.2 249.8 0.0 162.9 224.3 588.7 384.4 368.1 424.5 500.9 493.5 575.1 436.9 360.6 420.7 736.4 648.4 368.3 320.9 312.1 396.6 539.3 314.3 290.9 491.4 330.4 402.4 302.0 549.1 554.1 570.3 479.6 243.6 408.2 183.9 510.4 410.9 583.2 533.4 383.7 280.9 450.8 237.0 543.0 345.3 498.2 260.5 262.7 463.4 366.4 347.2 369.8 387.1 300.4 381.3 366.7 386.9 642.4 553.5 579.6 675.3 639.0 723.0 358.9 504.9 441.8 397.1 699.7 617.8 285.8 461.4 399.3 367.6 239.8 284.2 469.5 595.4 403.7 362.2 282.6 493.1 453.2 664.6 24.1 578.7 319.0 474.9 373.4 375.6 320.5
2470.9 209.0 286.9 244.1 489.4 274.1 95.2 147.7 0.0 37.0 425.4 257.7 213.5 261.2 337.6 259.3 376.8 244.2 202.2 304.8 501.3 458.2 205.0 156.3 157.5 266.3 384.7 159.8 136.3 268.8 175.8 272.1 147.4 367.8 327.7 387.0 358.0 89.0 253.6 15.8 355.8 251.2 350.4 378.8 229.1 126.3 247.0 82.4 388.4 190.7 253.6 130.2 108.2 308.8 211.8 216.9 215.2 232.5 145.9 226.7 212.1 232.3 461.5 327.1 416.3 433.3 475.7 405.2 204.3 350.3 241.5 233.8 487.5 463.2 136.3 227.2 244.7 213.0 43.8 153.9 306.2 361.4 249.1 207.6 128.0 338.5 266.9 442.0 147.2 424.1 153.2 305.2 243.1 241.2 157.2
2447.9 176.8 263.9 221.1 466.4 325.9 72.2 174.8 27.0 0.0 402.4 234.7 190.5 238.2 310.1 236.3 353.8 221.2 174.3 281.8 478.3 435.2 182.0 133.3 134.5 243.3 361.7 122.7 113.3 245.8 152.8 249.1 124.4 344.8 304.7 364.0 335.0 66.0 230.6 42.9 332.8 224.6 327.4 355.8 206.1 103.3 224.0 59.4 365.4 167.7 230.6 107.2 71.1 285.8 188.8 193.9 192.2 209.5 108.8 203.7 181.8 209.3 438.5 304.1 393.3 410.3 452.7 382.2 181.3 327.3 218.5 210.8 464.5 440.2 99.5 204.2 221.7 190.0 52.4 130.9 325.7 338.4 226.1 184.6 105.0 315.5 232.8 419.0 174.3 401.1 130.2 288.6 220.1 195.3 134.2
2169.0 371.2 253.8 319.1 111.2 222.0 310.5 533.1 411.2 416.5 0.0 458.2 347.9 222.6 128.5 314.4 203.2 306.3 336.8 389.9 123.1 76.7 262.6 421.7 328.2 269.5 191.7 522.2 348.8 195.5 441.0 212.3 286.9 194.2 144.2 213.4 397.6 332.5 297.6 448.3 105.1 237.1 144.5 35.9 304.1 366.9 409.2 349.8 26.3 349.7 223.9 269.6 470.6 243.4 329.9 252.4 290.2 307.5 508.3 307.4 353.4 205.5 50.8 144.8 50.1 7.8 97.5 149.7 274.6 95.0 367.6 499.0 109.3 85.0 387.7 282.3 273.6 375.2 455.1 313.6 140.5 132.3 202.3 284.2 321.6 132.0 317.9 63.8 532.6 107.6 396.3 125.1 216.3 264.1 309.9
2362.1 125.1 281.6 276.1 482.2 346.1 156.1 321.2 256.8 245.0 379.5 0.0 86.7 218.9 331.5 206.7 288.3 133.1 65.3 96.0 494.1 358.7 287.6 156.8 194.9 277.1 366.0 367.8 195.5 186.6 114.5 230.7 115.8 279.3 249.3 298.5 149.2 199.2 305.2 293.9 339.6 256.3 294.8 372.7 285.2 212.5 68.9 193.2 382.3 260.3 193.4 135.3 316.2 273.7 102.1 203.3 297.8 315.1 353.9 135.9 224.2 258.9 352.7 248.7 357.6 372.1 468.3 386.5 157.0 311.5 42.9 172.5 460.8 456.0 209.3 174.6 320.2 90.2 300.7 180.3 282.1 307.0 239.2 166.2 175.6 332.4 144.7 374.9 306.0 405.4 241.9 305.5 261.0 243.8 176.6
2288.3 76.2 221.6 251.1 408.4 266.8 120.8 342.7 221.5 209.7 305.7 173.5 0.0 133.0 266.9 131.1 214.5 61.6 57.0 130.8 420.3 284.9 212.0 211.3 159.6 201.5 300.8 332.5 160.2 126.6 187.0 143.9 80.5 205.5 184.1 224.7 179.6 163.9 229.6 258.6 265.8 203.5 206.9 311.3 236.1 177.2 123.4 157.9 317.6 225.0 125.4 100.0 280.9 213.7 15.4 116.5 222.2 239.5 318.6 62.1 196.3 175.6 278.9 183.5 283.8 298.3 394.7 321.3 70.2 237.7 82.9 215.7 387.0 382.2 198.0 99.0 243.7 89.4 265.4 145.0 264.8 219.1 153.3 79.4 123.3 267.2 73.2 301.1 342.9 340.2 204.1 240.3 186.4 224.0 141.3
2281.8 188.1 90.8 158.1 317.6 167.6 165.5 388.1 266.2 271.5 253.6 274.1 138.8 0.0 165.8 109.6 161.0 123.2 152.7 210.7 329.5 278.4 99.6 276.7 183.2 108.2 206.6 377.2 204.4 53.0 273.1 56.3 141.9 152.0 111.9 171.2 223.4 188.1 148.2 303.3 184.0 92.1 134.6 207.0 143.1 186.6 226.1 204.8 216.6 188.7 37.8 124.6 325.6 137.0 120.8 107.4 129.2 146.5 363.3 95.9 192.4 42.5 272.4 111.3 244.5 261.5 303.9 356.1 129.6 178.5 183.5 331.1 315.7 291.4 242.7 77.5 110.6 192.1 310.1 169.2 134.4 146.8 20.2 96.8 176.6 166.7 134.8 270.2 387.6 246.0 216.0 139.8 53.3 101.1 164.9
2264.3 291.0 146.5 213.5 193.7 103.1 261.7 432.0 315.3 299.0 134.2 396.1 281.3 160.5 0.0 257.3 123.6 235.3 279.6 323.3 210.1 167.0 155.3 344.7 266.1 145.9 63.1 421.8 242.1 121.4 359.7 138.2 224.8 109.6 73.2 135.3 331.0 225.8 192.0 352.4 64.6 178.6 64.4 83.1 198.5 224.3 338.2 266.3 97.2 244.1 166.8 200.7 370.2 138.4 267.8 185.8 184.6 201.9 407.9 243.6 267.2 117.9 185.1 73.8 125.1 142.1 184.3 83.6 208.0 59.1 305.5 388.4 196.3 172.0 317.3 225.2 166.3 304.2 354.7 211.4 27.9 52.2 140.2 222.1 254.8 69.9 258.0 150.8 432.2 107.0 251.2 42.3 107.1 174.1 243.3
2367.7 197.7 117.3 119.9 326.1 176.1 129.3 391.3 230.0 218.2 262.1 277.0 166.7 106.1 169.8 0.0 246.2 189.8 160.5 241.0 338.0 294.9 80.8 240.3 147.0 70.3 218.3 341.0 166.5 159.2 259.8 162.5 105.7 237.2 166.6 256.4 278.7 150.2 98.4 267.1 192.5 84.3 210.3 215.5 104.9 148.7 230.4 166.4 225.1 150.5 144.0 86.1 289.4 145.5 148.7 71.2 91.0 108.3 327.1 126.2 154.2 69.0 313.0 167.2 253.0 270.0 312.4 364.6 93.4 187.0 186.4 288.5 324.2 299.9 217.4 144.7 120.5 210.9 273.9 131.3 182.3 198.1 85.8 103.0 140.4 175.2 201.4 278.7 351.4 257.7 178.1 148.3 79.8 92.8 128.7
2290.5 308.1 175.6 242.9 179.7 166.9 256.6 478.5 356.8 345.0 116.2 403.8 293.5 168.7 67.4 260.5 0.0 252.4 287.8 335.5 192.1 149.0 184.4 367.6 273.8 190.3 61.4 468.3 287.0 141.6 387.1 157.9 233.0 139.8 90.3 12.1 343.2 270.7 233.0 393.9 51.2 186.8 90.6 69.1 227.9 269.2 355.3 293.2 79.2 273.5 170.0 212.9 416.7 167.7 276.0 198.0 213.5 231.3 454.4 253.5 296.6 151.6 167.1 90.9 107.1 124.1 166.3 81.9 220.2 23.1 313.7 415.8 178.3 154.0 344.7 228.4 211.2 320.8 400.7 251.8 72.8 78.4 148.4 230.3 267.7 78.1 275.1 132.8 478.7 100.3 296.1 50.5 152.0 182.3 256.0
2347.8 185.9 184.3 193.5 399.7 238.8 159.9 382.5 260.6 265.9 335.7 256.0 120.7 93.4 247.1 73.5 209.0 0.0 134.6 192.6 411.6 344.4 154.4 271.1 198.7 143.9 276.6 371.6 199.3 101.0 255.0 104.3 119.6 200.0 159.9 219.2 233.3 203.0 172.0 297.7 252.8 157.9 182.6 289.1 178.5 216.3 209.4 199.2 298.7 224.1 85.8 136.9 320.0 188.1 102.7 115.8 164.6 181.9 357.7 77.8 227.8 136.0 338.4 159.3 326.6 343.6 386.0 438.2 127.3 232.2 165.4 313.0 397.8 373.5 237.1 41.4 194.1 189.9 304.5 184.1 192.7 194.8 113.7 78.7 171.0 248.8 11.6 352.3 382.0 316.0 245.7 221.9 146.8 166.4 180.4
2306.6 55.1 215.4 205.8 424.2 197.3 85.8 307.7 186.5 174.7 324.0 121.3 49.2 144.4 267.9 147.4 233.3 79.9 0.0 102.5 441.0 303.2 201.8 162.6 129.5 186.4 331.2 297.5 125.2 144.9 120.3 160.2 45.5 228.7 202.4 245.0 160.6 128.9 214.5 228.5 290.6 186.0 225.2 313.6 214.9 142.2 74.7 122.9 323.2 190.0 136.8 65.0 245.9 232.0 64.6 132.8 212.0 224.4 283.6 80.4 161.2 167.1 297.2 201.8 302.1 316.6 410.3 345.6 99.6 256.0 30.7 149.0 405.3 398.0 173.9 110.4 235.2 68.3 235.3 114.9 282.7 237.4 164.7 90.8 96.9 273.3 102.6 319.4 307.9 370.6 169.1 240.0 177.9 153.1 106.3
2296.6 240.4 275.0 342.3 443.0 232.4 275.6 269.7 376.3 364.5 370.3 98.5 205.9 229.1 308.4 231.1 277.7 157.5 184.8 0.0 432.0 340.6 283.8 277.7 314.4 293.2 347.4 487.3 322.5 180.0 234.0 240.8 235.3 268.7 230.7 289.9 191.6 318.7 329.6 311.9 329.0 283.9 279.4 354.1 327.3 339.5 188.4 312.7 363.7 372.9 186.8 254.8 435.7 267.1 221.3 273.4 313.4 330.7 473.4 210.4 351.1 252.3 334.6 230.1 354.6 362.9 448.8 418.6 284.9 300.9 162.4 292.0 395.3 436.3 328.8 199.0 313.6 209.7 420.2 299.8 263.5 291.6 249.1 236.3 278.3 313.8 169.1 356.8 269.6 441.4 366.4 280.5 254.4 268.2 296.1
2218.2 333.9 271.2 338.5 10.9 263.0 321.0 516.8 394.9 383.1 109.4 431.2 308.6 233.1 106.6 302.7 144.7 278.2 314.7 361.8 0.0 142.2 280.0 425.6 338.7 230.0 53.0 505.9 326.2 205.5 443.8 196.6 297.4 135.7 154.7 156.9 370.0 309.9 276.1 432.0 115.6 251.2 155.0 62.8 323.5 308.4 381.1 350.4 72.4 369.1 212.2 277.8 454.3 263.3 313.9 262.9 309.6 326.9 492.0 289.0 392.3 202.0 129.6 155.3 100.3 117.3 109.3 26.5 285.1 105.5 340.6 472.5 86.0 97.0 390.5 270.6 250.4 347.1 438.8 291.0 112.0 142.8 212.8 289.9 338.9 142.5 289.8 126.0 516.3 49.3 337.8 114.9 191.2 246.7 320.4
2192.6 372.5 285.3 350.6 123.4 253.5 342.0 564.6 442.7 448.0 58.7 489.7 379.4 254.1 160.0 345.9 234.7 307.6 368.3 391.2 135.3 0.0 294.1 453.2 359.7 301.0 223.2 553.7 380.3 227.0 472.5 243.8 318.4 225.7 175.7 244.9 443.9 364.0 329.1 479.8 136.6 268.6 176.0 67.4 335.6 398.4 410.5 381.3 57.8 381.2 255.4 301.1 502.1 274.9 361.4 283.9 321.7 339.0 539.8 338.9 384.9 237.0 34.4 176.3 81.6 66.6 109.7 161.9 306.1 126.5 399.1 530.5 121.5 97.2 419.2 313.8 305.1 376.5 486.6 345.1 172.0 163.8 233.8 315.7 353.1 163.5 319.2 16.1 564.1 119.8 427.8 156.6 247.8 295.6 341.4
2336.3 213.5 80.8 57.4 333.7 88.9 148.6 359.0 197.7 185.9 269.7 283.2 178.0 113.7 153.5 172.5 245.8 208.7 161.8 269.3 250.6 302.5 0.0 228.4 179.5 60.2 178.6 308.7 129.0 154.0 246.6 157.3 111.9 236.3 165.7 257.8 268.3 112.7 47.5 234.8 200.1 73.9 217.9 223.1 42.4 111.2 236.6 153.2 232.7 88.0 138.8 92.3 257.1 118.8 176.3 107.2 28.5 45.8 294.8 158.8 91.7 72.2 320.6 166.3 260.6 277.6 320.0 237.2 129.4 194.6 192.6 304.6 331.8 307.5 193.3 140.4 58.0 226.7 241.6 93.8 133.9 205.7 93.4 139.0 141.7 182.8 225.0 286.3 319.1 218.0 138.1 155.9 61.4 91.0 135.5
2344.0 165.8 323.7 302.1 490.4 384.2 127.7 259.9 139.4 126.2 417.7 101.3 163.9 259.1 355.8 257.2 325.1 204.9 109.7 196.1 480.7 388.0 243.0 0.0 194.1 282.7 394.8 249.0 167.4 227.4 18.1 271.3 160.2 317.4 278.1 335.3 240.3 125.6 291.6 175.1 377.7 282.3 326.8 401.5 267.1 185.8 131.3 73.9 411.1 228.7 234.2 161.3 197.4 314.5 179.3 242.6 251.8 269.1 236.5 196.4 257.6 263.4 382.0 277.5 402.0 411.6 496.2 416.6 214.3 349.6 83.8 76.1 442.7 483.7 24.9 225.1 281.3 153.9 181.9 185.0 312.2 339.0 280.7 205.5 160.5 361.2 227.6 404.2 259.4 488.8 211.3 327.9 301.8 249.4 202.6
2365.4 262.0 129.3 86.5 290.7 137.4 197.1 368.1 246.2 234.4 318.2 331.3 226.1 162.2 202.0 221.0 293.8 256.8 209.9 317.4 279.7 351.0 47.4 275.6 0.0 108.7 227.1 357.2 177.5 202.5 295.1 205.8 160.0 284.8 214.2 304.0 316.8 161.2 96.0 283.3 248.6 122.4 266.4 271.6 71.5 198.4 284.7 201.7 281.2 33.1 187.3 140.4 305.6 167.3 224.4 155.7 57.6 74.9 343.3 207.3 72.7 120.7 369.1 214.8 309.1 326.1 368.5 266.3 177.9 243.1 240.7 353.1 380.3 356.0 241.8 188.9 87.1 275.2 290.1 142.3 182.4 254.2 141.9 187.5 190.2 231.3 273.1 334.8 367.6 266.5 225.3 204.4 109.9 83.6 102.4
2375.3 180.6 89.3 106.7 360.2 97.4 115.7 326.1 164.8 153.0 296.2 250.3 145.1 123.3 162.0 190.9 253.8 175.8 128.9 236.4 372.1 329.0 67.6 194.2 93.5 0.0 187.1 275.8 96.1 130.9 213.7 179.7 79.0 244.8 174.2 264.0 289.6 79.8 85.2 201.9 219.9 104.0 226.5 249.6 91.7 78.3 203.7 120.3 259.2 137.3 161.2 59.4 224.2 127.3 143.4 127.4 77.8 95.1 261.9 158.3 160.5 80.7 347.1 174.8 287.1 304.1 346.5 286.5 114.8 221.1 159.7 242.4 358.3 334.0 160.4 158.8 107.3 193.8 208.7 60.9 142.4 214.3 103.0 139.2 108.8 209.3 192.1 312.8 286.2 226.5 105.2 176.0 69.9 120.2 75.2
2208.2 331.2 177.5 244.5 147.8 148.0 292.7 463.7 341.8 347.1 99.4 427.3 303.6 191.5 49.0 274.4 172.2 266.3 305.9 349.9 159.7 132.2 186.3 371.4 270.5 176.9 0.0 452.8 273.1 152.4 390.7 169.2 256.0 163.2 104.2 182.4 357.6 256.8 223.0 378.9 85.3 208.6 113.5 52.8 229.5 255.3 369.2 299.5 62.4 275.1 183.9 238.7 401.2 169.4 285.6 239.3 215.6 232.9 438.9 260.7 278.8 148.9 119.6 104.8 90.3 107.3 116.1 186.3 261.5 108.2 336.7 448.7 145.9 103.6 337.4 242.3 197.3 335.2 385.7 237.9 72.4 101.3 171.2 271.1 285.8 119.0 277.9 116.0 463.2 39.3 284.7 95.2 138.1 169.8 252.2
2555.4 293.5 371.4 328.6 573.9 433.4 179.7 263.3 134.5 129.2 509.9 342.2 298.0 345.7 422.1 343.8 461.3 328.7 281.8 389.3 585.8 542.7 289.5 241.0 242.0 350.8 469.2 0.0 220.8 353.3 260.3 356.6 231.9 452.3 412.2 471.5 442.5 173.5 338.1 150.4 440.3 332.1 434.9 463.3 313.6 210.8 331.5 169.1 472.9 275.2 338.1 212.5 41.1 393.3 296.3 301.4 299.7 317.0 11.4 311.2 289.3 316.8 546.0 411.6 500.8 517.8 560.2 508.4 288.8 434.8 326.0 318.3 572.0 547.7 207.0 311.7 329.2 297.5 135.7 238.4 390.7 445.9 333.6 292.1 212.5 423.0 340.3 526.5 262.8 508.6 240.2 396.1 327.6 325.7 241.7
2414.3 136.5 226.1 216.5 434.9 284.9 62.4 229.8 107.9 113.2 370.9 238.7 156.9 206.7 283.1 204.8 322.3 187.6 142.8 250.3 446.8 410.9 136.5 137.5 89.0 197.1 341.9 218.9 0.0 214.3 156.8 217.6 92.9 313.3 273.2 332.5 303.5 59.3 185.1 145.0 301.3 193.1 295.9 324.3 160.6 39.8 174.5 65.6 333.9 122.2 199.1 73.5 167.3 254.3 157.3 162.4 146.7 164.0 205.0 172.2 164.6 177.8 404.9 272.6 361.8 378.8 421.2 473.4 149.8 295.8 173.6 214.8 433.0 408.7 103.5 172.7 176.2 140.5 151.8 40.4 251.7 306.9 194.6 153.1 55.5 284.0 199.2 387.5 229.3 381.3 69.2 257.1 188.6 172.7 117.0
2230.3 165.4 94.9 162.2 306.3 52.3 177.2 399.1 277.9 266.1 247.7 262.7 141.9 89.3 155.0 112.7 121.4 109.7 146.2 184.4 318.2 226.9 103.7 289.5 194.9 113.1 189.0 388.9 209.3 0.0 260.1 16.7 153.6 112.4 72.3 131.6 189.7 193.0 152.3 315.0 165.2 107.4 95.0 195.7 147.2 191.5 212.6 214.3 205.3 192.8 22.2 134.0 337.3 87.0 123.9 119.1 133.3 150.6 375.0 99.0 196.5 72.2 220.9 71.7 225.8 240.3 292.6 209.5 141.3 144.6 172.1 288.8 304.4 280.1 259.9 80.6 133.5 178.6 321.8 174.1 105.1 107.2 69.0 99.9 188.3 155.4 132.4 243.1 399.3 228.4 218.4 128.5 74.3 102.9 176.6
2325.8 160.8 304.2 302.3 472.2 366.0 148.4 282.0 160.1 165.4 399.5 81.8 145.7 240.9 342.1 239.0 306.9 186.7 96.4 177.9 461.2 369.8 293.4 21.8 216.2 282.9 376.6 271.1 189.5 209.2 0.0 251.8 142.0 297.9 259.9 317.1 220.8 147.7 311.0 197.2 358.2 278.9 308.6 383.3 311.4 206.5 113.1 96.0 392.9 286.5 216.0 159.3 219.5 296.3 161.1 224.4 303.6 320.9 257.2 176.9 250.4 263.6 363.8 259.3 383.8 392.1 478.0 447.8 196.1 330.1 65.6 58.1 424.5 465.5 58.8 206.9 342.8 134.4 204.0 206.5 292.7 320.8 261.2 187.3 193.4 343.0 198.3 386.0 281.5 470.6 235.9 316.1 283.6 315.3 202.8
2241.6 200.4 152.7 220.0 289.5 83.9 174.4 396.3 275.1 263.3 225.5 270.5 135.2 61.8 138.2 106.0 104.6 155.9 154.0 207.1 301.4 238.2 161.5 285.4 213.2 170.1 172.2 386.1 213.8 26.7 269.5 0.0 134.1 95.6 55.5 114.8 219.8 217.5 204.5 312.2 148.4 154.0 78.2 178.9 205.0 230.8 223.9 211.5 188.5 250.6 15.5 153.6 334.5 155.8 117.2 130.3 191.1 208.4 372.2 92.3 249.9 104.4 232.2 54.9 216.4 233.4 275.6 328.0 141.8 127.8 179.9 298.2 287.6 263.3 265.4 73.9 172.5 204.4 319.0 198.6 88.3 90.4 82.1 93.2 185.5 138.6 178.6 254.4 396.5 211.6 257.7 105.3 115.2 145.8 194.9
2323.4 101.1 169.8 160.2 378.6 228.6 40.2 262.8 140.9 146.2 314.6 171.2 66.0 113.7 226.8 111.8 229.3 96.7 49.8 157.3 390.5 320.0 151.3 151.4 79.0 140.8 285.6 251.9 79.6 121.3 170.7 124.6 0.0 220.3 180.2 239.5 210.5 83.3 168.9 178.0 245.0 136.8 202.9 268.0 169.3 96.6 124.6 79.5 277.6 144.4 106.1 17.2 200.3 208.4 64.3 97.2 161.5 178.8 238.0 79.2 108.3 121.5 314.0 179.6 318.9 333.4 364.9 417.1 68.9 252.5 80.6 228.7 376.7 352.4 117.4 79.7 189.6 105.1 184.8 64.4 195.4 215.1 134.0 60.1 51.3 227.7 108.3 336.2 262.3 325.0 126.0 200.8 132.3 163.3 60.7
2299.5 326.3 184.6 251.9 189.2 176.4 265.6 488.2 366.3 354.5 125.2 413.3 303.0 177.7 71.9 269.5 9.4 261.4 291.9 345.0 201.1 158.0 193.4 376.6 283.3 199.8 70.4 477.3 296.0 150.6 396.1 167.4 242.0 0.0 99.3 19.2 352.7 279.7 242.0 403.4 60.2 192.2 99.6 78.6 236.9 278.2 364.3 302.7 88.2 282.5 179.0 222.4 425.7 176.7 285.0 207.5 223.0 240.3 463.4 262.5 305.7 160.6 176.1 99.9 116.1 133.1 175.3 227.7 229.7 32.1 322.7 454.1 187.3 163.0 353.7 237.4 220.2 330.3 410.2 260.8 81.8 87.4 157.4 239.3 276.7 87.1 273.0 141.8 487.7 109.8 305.1 80.2 161.0 194.0 265.0
2201.0 226.9 143.5 210.8 233.9 114.2 220.7 443.3 321.4 326.7 169.9 315.0 199.3 132.8 82.1 170.1 79.5 162.0 193.6 245.6 245.8 197.6 152.3 331.9 238.4 156.4 116.6 432.4 252.6 105.7 323.7 64.0 197.1 70.5 0.0 89.7 253.3 236.3 200.9 358.5 100.3 147.3 53.1 123.3 195.8 234.8 264.9 260.0 132.9 241.4 79.6 179.8 380.8 135.6 181.3 162.6 181.9 199.2 418.5 156.4 245.1 115.7 191.6 0.6 160.8 177.8 220.2 272.4 184.8 102.7 224.4 381.7 232.0 207.7 297.9 138.0 176.8 230.9 365.3 217.4 32.7 65.3 112.5 157.3 231.8 83.0 173.6 186.5 442.8 156.0 264.2 56.1 117.6 149.3 220.1
2278.3 304.8 163.4 230.7 168.0 160.9 244.4 468.3 344.8 333.0 104.0 392.1 281.5 156.5 50.4 248.0 136.8 240.2 270.4 323.5 179.9 136.8 171.9 356.7 264.1 178.6 49.2 456.1 274.8 129.1 374.9 145.9 220.8 128.1 78.1 0.0 331.5 258.2 220.8 384.2 39.0 170.7 78.4 59.4 215.7 257.0 343.1 281.5 67.0 261.3 157.8 203.2 404.5 155.5 263.8 186.3 201.5 219.1 442.2 241.3 284.2 139.4 154.9 78.7 94.9 111.9 154.0 206.2 208.2 10.9 301.5 432.6 166.1 141.8 321.3 216.2 199.0 308.8 388.7 241.6 73.8 66.2 136.2 218.1 255.5 65.9 256.5 120.6 466.5 88.3 286.1 58.7 139.5 172.1 243.5
2269.6 232.8 248.0 315.3 416.0 205.4 285.5 289.5 386.2 374.4 343.3 103.2 234.1 202.1 281.4 250.3 250.7 185.4 194.7 168.2 405.0 313.6 256.8 286.2 324.3 266.2 320.4 497.2 339.1 153.0 243.9 213.8 245.2 241.7 203.7 260.9 0.0 328.6 305.4 316.6 302.0 256.9 252.4 327.1 300.3 356.1 198.3 322.6 336.7 345.9 159.8 264.7 445.6 240.1 249.5 272.2 286.4 303.7 483.3 236.6 360.9 225.3 307.6 203.1 327.6 335.9 421.8 340.9 286.1 273.9 172.3 272.6 368.3 409.3 312.6 218.2 286.6 219.6 430.1 309.7 236.5 264.6 222.1 237.5 294.9 286.8 208.1 329.8 274.3 414.4 385.5 259.9 227.4 256.0 306.0
2424.9 153.8 197.8 155.0 359.2 201.1 49.2 206.1 84.9 73.1 386.7 215.7 167.5 215.2 275.0 213.3 330.8 198.2 156.2 258.8 348.2 419.5 115.9 115.6 68.4 177.2 295.6 195.9 32.8 222.8 133.8 226.1 101.4 321.8 281.7 341.0 312.0 0.0 164.5 122.0 317.1 194.5 304.4 340.1 140.0 37.2 201.0 40.4 349.7 101.6 207.6 84.2 144.3 235.8 165.8 170.9 126.1 143.4 182.0 180.7 123.1 189.2 415.5 281.1 377.6 394.6 436.8 316.1 158.3 311.6 182.1 162.5 448.8 424.5 80.5 181.2 155.6 167.0 128.8 73.3 250.9 322.7 210.4 161.6 82.0 299.8 209.8 403.3 206.3 335.0 64.1 272.9 178.4 152.1 68.1
2403.3 190.6 122.7 140.1 393.6 184.7 116.5 287.5 165.6 170.9 329.6 251.1 145.9 156.7 195.4 191.7 287.2 176.6 129.7 237.2 405.5 362.4 101.0 195.2 94.3 33.3 220.5 276.6 96.9 201.2 214.5 204.5 79.8 278.2 207.6 297.4 290.4 80.6 0.0 202.7 253.3 133.8 259.9 283.0 125.1 79.1 204.5 123.3 292.6 170.7 186.0 62.5 225.0 160.7 144.2 128.2 111.2 128.5 262.7 159.1 123.6 114.1 380.5 208.2 320.5 337.5 379.9 319.9 115.6 254.5 160.5 272.5 391.7 367.4 161.2 159.6 140.7 194.6 209.5 61.7 175.8 247.7 136.4 140.0 109.6 242.7 188.2 346.2 287.0 259.9 108.5 220.8 103.3 95.0 76.0
2462.4 200.5 278.4 235.6 480.9 265.6 86.7 227.7 17.7 54.8 416.9 249.2 205.0 252.7 329.1 250.8 368.3 235.7 193.7 296.3 492.8 449.7 196.5 147.8 149.0 257.8 376.2 177.6 127.8 260.3 167.3 263.6 138.9 359.3 319.2 380.5 349.5 80.5 245.1 0.0 347.3 242.7 341.9 370.3 220.6 117.8 238.5 73.9 379.9 182.2 245.1 121.7 126.0 300.3 203.3 208.4 206.7 224.0 163.7 218.2 203.7 223.8 453.0 318.6 407.8 424.8 467.2 396.7 195.8 341.8 233.0 225.3 479.0 454.7 124.9 218.7 236.2 204.5 61.6 145.4 297.7 352.9 240.6 199.1 119.5 330.0 258.4 433.5 187.8 415.6 144.7 296.7 234.6 232.7 148.7
2277.3 304.1 186.7 252.0 191.6 154.9 243.4 466.0 344.1 349.4 127.6 391.1 280.8 155.5 61.4 247.3 127.2 239.2 269.7 322.8 203.5 160.4 195.5 354.6 261.1 200.6 96.2 455.1 281.7 128.4 373.9 145.2 219.8 118.2 77.1 137.4 330.5 265.4 230.5 381.2 0.0 170.0 77.4 81.0 237.0 299.8 342.1 282.7 90.6 282.6 156.8 202.5 403.5 176.3 262.8 185.3 223.1 240.4 441.2 240.3 286.3 138.4 178.5 77.7 118.5 135.5 177.9 230.1 207.5 52.5 300.5 431.9 189.7 165.4 320.6 215.2 206.5 308.1 388.0 246.5 73.4 65.2 135.2 217.1 254.5 64.9 250.8 144.2 465.5 135.6 329.2 58.0 149.2 193.5 242.8
2321.0 176.2 163.3 218.5 369.3 132.4 166.9 388.8 264.0 252.2 308.9 259.4 124.1 72.4 221.6 98.5 188.5 148.4 146.5 196.0 384.8 317.6 168.5 274.3 202.1 168.9 255.6 378.6 206.3 80.0 262.0 83.3 126.6 175.4 138.9 200.2 194.3 210.0 197.0 304.7 231.8 0.0 161.6 258.7 203.5 223.3 216.4 200.4 271.9 249.1 64.8 146.1 327.0 167.1 109.7 122.8 186.0 206.9 364.7 84.8 242.3 115.0 311.6 138.3 299.8 331.0 359.0 276.1 130.7 211.2 172.4 290.7 371.0 346.7 255.0 66.4 183.1 185.8 307.9 187.5 219.6 173.8 92.7 85.7 178.0 222.0 171.1 333.8 389.0 291.4 250.2 188.7 122.2 135.6 187.4
2199.8 258.2 207.7 273.0 234.2 175.9 261.2 483.8 361.9 367.2 170.2 357.3 222.0 148.6 64.4 192.8 58.6 193.3 235.9 276.9 246.1 196.4 216.5 372.4 282.1 210.4 127.6 472.9 306.6 149.4 356.3 86.7 220.9 49.6 73.1 68.8 285.1 290.3 251.5 399.0 100.6 191.0 0.0 123.6 258.0 317.6 296.2 300.5 133.2 303.6 102.3 223.5 421.3 197.3 204.0 206.3 244.1 261.4 459.0 179.1 307.3 159.4 190.4 72.5 161.1 178.1 220.5 272.7 228.5 81.8 266.7 414.3 232.3 208.0 338.4 160.7 227.5 262.2 405.8 271.4 105.9 12.2 156.2 180.0 272.3 85.9 204.9 186.8 483.3 167.0 347.0 79.0 170.2 203.3 263.8
2189.7 326.0 217.8 283.1 110.5 167.6 274.5 496.4 375.2 363.4 46.5 422.2 311.9 186.6 88.0 278.4 167.7 270.3 305.7 353.9 122.4 79.3 226.6 385.5 292.2 233.5 155.7 486.2 312.8 159.5 405.0 176.3 250.9 158.2 108.2 177.4 361.6 296.5 261.6 412.3 69.1 201.1 108.5 0.0 268.1 330.9 373.2 311.6 9.5 313.7 187.9 231.3 434.6 207.4 293.9 216.4 254.2 271.5 472.3 271.4 328.9 169.5 97.4 108.8 37.4 54.4 96.8 149.0 238.6 59.0 331.6 433.7 108.6 84.3 357.2 246.3 237.6 339.2 419.1 277.6 104.5 96.3 166.3 248.2 285.6 96.0 293.0 63.1 496.6 106.9 360.3 89.1 180.3 228.1 273.9
2356.3 262.1 120.2 14.9 281.6 182.2 188.0 359.0 237.1 242.4 309.1 321.9 216.7 153.1 192.9 211.9 284.7 247.4 200.5 308.0 270.6 341.9 38.3 266.7 137.0 99.6 218.0 348.1 168.4 193.4 286.0 196.7 150.6 275.7 205.1 294.9 307.7 152.1 86.9 274.2 239.5 113.3 257.3 262.5 0.0 189.0 275.3 194.8 272.1 45.5 178.2 133.3 296.5 158.2 215.0 146.6 48.5 65.8 334.2 198.2 49.2 111.6 360.0 205.7 300.0 317.0 359.4 257.2 168.8 234.0 231.3 344.0 371.2 346.9 232.7 179.8 78.0 266.1 281.0 133.2 173.3 245.1 132.8 178.4 181.1 222.2 259.0 325.7 358.5 257.4 218.4 195.3 100.8 74.5 93.0
2421.3 143.5 180.4 137.6 341.8 242.4 69.4 292.0 170.1 175.4 369.3 281.8 163.9 213.3 253.1 211.8 329.3 194.6 149.8 257.3 330.8 402.1 98.5 180.6 51.0 159.8 278.2 281.1 49.8 221.3 199.9 224.6 99.9 320.3 265.3 339.5 310.5 51.5 147.1 207.2 299.7 173.5 317.5 322.7 122.6 0.0 181.5 108.7 332.3 84.2 206.1 80.5 229.5 218.4 164.3 131.0 108.7 126.0 267.2 179.2 98.3 171.8 411.9 265.9 360.2 377.2 419.6 317.4 118.4 294.2 180.6 257.9 431.4 407.1 146.6 179.7 138.2 147.5 214.0 32.6 233.5 305.3 193.0 160.1 62.5 282.4 206.2 385.9 291.5 317.6 29.3 255.5 161.0 134.7 50.7
2354.5 70.4 291.8 282.2 500.9 359.3 143.7 349.2 227.3 232.6 398.2 110.5 123.4 227.9 348.8 227.7 307.0 154.1 76.3 127.7 489.9 377.4 273.3 89.0 201.0 262.8 393.3 338.3 165.1 218.3 77.8 231.7 121.9 298.0 276.6 317.2 180.9 201.6 290.9 264.4 358.3 258.8 299.4 403.8 291.3 182.1 0.0 163.2 410.1 266.4 225.1 139.2 286.7 305.4 138.8 215.9 283.5 300.8 324.4 154.6 230.3 243.5 371.4 276.0 376.3 390.8 487.2 476.5 176.0 330.2 69.0 125.3 453.2 474.7 126.0 195.6 311.6 35.5 271.2 182.7 309.4 311.6 248.2 178.8 120.9 349.7 165.7 393.6 348.7 432.7 211.5 322.8 254.3 285.3 182.7
2419.2 163.9 235.6 226.0 444.4 229.1 50.2 185.2 64.0 50.0 380.4 175.2 170.6 216.2 292.5 216.4 331.7 199.2 184.9 271.3 456.2 413.2 165.5 73.8 120.1 208.7 351.4 172.9 91.3 225.9 93.3 227.0 102.4 324.9 282.7 344.1 314.2 49.4 214.1 98.9 310.8 202.5 305.4 333.8 189.6 108.3 206.5 0.0 343.4 151.2 208.6 85.1 121.3 263.8 166.8 171.8 175.7 193.0 159.0 181.7 181.4 187.3 416.5 282.1 371.3 388.3 430.6 482.8 161.4 305.3 159.0 151.3 442.5 418.2 40.0 182.2 205.2 167.9 105.7 108.9 261.1 316.4 204.1 162.6 83.0 293.5 215.5 397.0 183.3 392.9 137.6 266.5 200.2 176.0 128.6
2198.2 344.8 227.4 292.7 100.9 195.6 284.1 506.7 384.8 390.1 36.9 431.8 321.5 196.2 102.1 288.0 176.8 279.9 310.4 363.5 112.8 69.7 236.2 395.3 301.8 243.1 165.3 495.8 322.4 169.1 414.6 185.9 260.5 167.8 117.8 187.0 371.2 306.1 271.2 421.9 78.7 210.7 118.1 9.5 277.7 340.5 382.8 323.4 0.0 323.3 197.5 243.2 444.2 217.0 303.5 226.0 263.8 281.1 481.9 281.0 327.0 179.1 87.8 118.4 23.7 44.8 87.2 139.4 248.2 68.6 341.2 472.6 99.0 74.7 361.3 255.9 247.2 348.8 428.7 287.2 114.1 105.9 175.9 257.8 295.2 105.6 291.5 53.5 506.2 97.3 369.9 98.7 189.9 237.7 283.5
2366.9 228.0 130.8 57.5 292.2 192.8 150.4 373.0 251.1 256.4 319.7 298.1 192.9 163.7 203.5 222.5 295.3 223.6 176.7 284.2 281.2 352.5 48.9 261.6 113.2 110.2 228.6 362.1 179.0 204.0 280.9 207.3 126.8 286.3 215.7 305.5 318.3 162.7 97.5 288.2 250.1 123.9 267.9 273.1 66.6 165.2 251.5 189.7 282.7 0.0 188.8 109.5 310.5 168.8 191.2 157.2 59.1 76.4 348.2 206.1 25.4 122.2 370.6 216.3 310.6 327.6 370.0 267.8 162.6 244.6 207.5 338.9 381.8 357.5 227.6 190.4 88.6 232.0 295.0 143.8 183.9 255.7 143.4 187.0 161.5 232.8 235.2 336.3 372.5 268.0 194.6 205.9 111.4 85.1 69.2
2261.9 184.8 110.1 177.4 308.0 152.9 158.8 381.4 259.5 264.8 244.0 254.9 119.6 46.2 161.2 90.4 123.1 140.3 133.5 191.5 319.9 258.5 118.9 270.0 197.6 128.3 190.7 370.5 198.2 15.1 253.9 18.4 118.5 114.1 74.0 133.3 204.2 208.2 167.5 296.6 166.9 119.0 96.7 197.4 162.4 215.2 208.3 198.1 207.0 208.0 0.0 135.8 318.9 102.2 101.6 114.7 148.5 165.8 356.6 76.7 211.7 87.4 252.5 73.4 234.9 251.9 294.3 270.3 126.2 146.3 164.3 311.9 306.1 281.8 236.0 58.3 148.7 188.8 303.4 189.3 106.8 108.9 66.5 77.6 169.9 157.1 151.9 260.6 380.9 230.1 244.6 130.2 89.5 121.2 179.3
2343.0 120.7 150.3 140.7 359.1 143.8 43.1 265.7 143.8 132.0 295.1 190.8 85.6 133.3 202.8 131.4 248.9 116.3 74.3 176.9 371.0 339.6 131.8 154.1 59.5 121.3 266.1 254.8 80.1 140.9 173.6 144.2 19.5 239.9 199.8 259.1 230.1 63.8 149.4 180.9 225.5 120.9 222.5 248.5 149.8 62.3 144.2 80.2 258.1 124.9 125.7 0.0 203.2 178.5 83.9 86.6 142.0 159.3 240.9 98.8 96.2 102.0 333.6 199.2 286.0 303.0 345.2 280.5 88.5 220.0 100.2 202.3 357.2 332.9 131.2 99.3 170.1 124.7 187.7 44.9 217.6 234.7 118.8 79.7 54.2 208.2 132.6 311.7 265.2 305.5 89.2 181.3 112.8 143.8 41.2
2514.2 252.3 330.2 287.4 532.7 392.2 138.5 222.1 93.3 88.0 468.7 301.0 256.8 304.5 380.9 302.6 420.1 287.5 240.6 348.1 544.6 501.5 248.3 199.8 200.8 309.6 428.0 51.5 179.6 312.1 219.1 315.4 190.7 411.1 371.0 430.3 401.3 132.3 296.9 109.2 399.1 290.9 393.7 422.1 272.4 169.6 290.3 127.9 431.7 234.0 296.9 171.3 0.0 352.1 255.1 260.2 258.5 275.8 37.7 270.0 248.1 275.6 504.8 370.4 459.6 476.6 519.0 467.2 247.6 393.6 284.8 277.1 530.8 506.5 165.8 270.5 288.0 256.3 94.5 197.2 349.5 404.7 292.4 250.9 171.3 381.8 299.1 485.3 221.6 467.4 199.0 354.9 286.4 284.5 200.5
2367.6 240.4 7.8 75.1 323.7 131.7 166.3 337.3 215.4 220.7 259.7 300.9 195.7 85.7 142.4 190.2 246.8 226.4 179.5 287.0 335.6 292.5 16.6 245.0 197.2 77.9 167.5 326.4 146.7 138.8 264.3 142.1 129.6 237.8 154.6 257.0 286.0 130.4 65.2 252.5 190.1 91.6 206.9 213.1 60.1 128.9 254.3 173.1 222.7 105.7 123.6 112.3 274.8 0.0 194.0 124.9 46.2 63.5 312.5 176.5 109.4 43.1 310.6 155.2 250.6 267.6 310.0 254.9 147.1 184.6 210.3 322.3 321.8 297.5 211.0 158.1 75.7 244.4 259.3 111.5 122.8 194.7 65.4 156.7 159.4 172.8 238.0 276.3 336.8 206.9 158.3 145.9 32.3 52.8 153.2
2306.3 103.4 208.5 235.7 426.3 263.0 105.4 328.0 206.1 211.4 323.7 201.5 18.0 117.6 271.3 115.7 232.5 79.6 80.1 148.8 438.2 302.9 196.6 216.6 144.2 186.1 300.8 317.1 144.8 125.2 200.5 128.5 65.1 223.5 184.1 242.7 197.6 148.5 214.2 243.2 277.0 184.5 206.8 315.7 220.7 161.8 141.4 144.7 325.3 209.6 110.0 82.4 265.5 212.3 0.0 101.1 206.8 224.1 303.2 80.1 173.5 160.2 296.9 183.5 301.8 316.3 412.6 428.3 54.8 255.7 110.9 258.5 405.0 400.1 182.6 83.6 228.3 107.4 250.0 129.6 216.9 219.0 137.9 64.0 116.5 275.4 91.2 319.1 327.5 340.2 191.2 248.5 171.0 208.6 125.9
2345.2 169.0 141.7 162.3 350.5 200.5 116.1 338.7 216.8 205.0 286.5 251.1 115.8 107.4 194.2 105.5 223.5 118.5 129.7 169.7 362.4 319.3 123.2 228.4 133.8 112.7 257.5 327.8 154.4 115.0 246.6 118.3 92.5 214.0 173.9 233.2 240.9 138.1 140.8 253.9 216.9 112.3 196.6 239.9 147.3 172.5 217.8 153.2 249.5 192.9 99.8 72.9 276.2 169.9 97.8 0.0 133.4 150.7 313.9 54.9 170.4 93.4 335.8 173.3 277.4 294.4 336.8 389.0 80.2 211.4 160.5 304.6 348.6 324.3 193.3 73.4 161.5 173.0 260.7 119.2 209.0 208.8 110.2 31.8 127.2 199.6 130.1 303.1 338.2 296.9 201.9 172.7 104.2 82.1 115.5
2307.7 285.8 41.8 109.1 233.0 143.2 220.9 391.2 270.0 258.2 262.2 355.3 240.6 101.7 153.9 211.4 226.3 225.0 233.9 312.5 222.0 295.0 50.6 299.4 231.2 105.1 179.0 381.0 201.3 104.8 318.9 121.6 184.0 217.3 177.2 236.5 325.2 185.0 99.2 307.1 192.6 137.8 199.9 215.6 94.1 183.5 308.7 225.5 225.2 139.7 139.6 164.4 329.4 69.6 222.6 149.5 0.0 17.2 367.1 197.7 162.8 59.1 313.1 176.6 253.1 270.1 312.5 208.6 171.7 187.1 264.7 376.9 249.0 300.0 265.6 179.3 29.4 299.0 313.9 166.1 143.0 198.2 81.4 181.3 214.0 175.3 236.6 278.8 391.4 218.4 210.4 148.4 48.3 98.0 207.0
2290.4 262.2 60.2 127.5 215.7 125.9 218.7 522.7 267.8 273.1 244.9 350.3 229.5 132.6 136.6 200.3 209.0 197.3 228.9 272.0 204.7 277.7 69.0 297.4 249.6 130.0 161.7 378.8 199.1 87.5 316.7 104.3 182.0 200.0 159.9 219.2 277.3 182.8 117.6 304.9 175.3 144.0 182.6 198.3 112.5 181.3 300.2 225.5 207.9 158.1 109.8 164.7 327.2 52.3 211.5 162.4 98.6 0.0 364.9 186.6 161.8 95.5 295.8 159.3 235.8 252.8 295.2 191.3 184.6 169.8 259.7 374.7 231.7 282.7 263.4 168.2 128.1 266.2 311.7 163.9 125.7 180.9 112.3 187.5 211.8 158.0 208.9 261.5 522.2 201.1 210.7 131.1 84.7 105.2 205.6
2543.9 282.0 359.9 317.1 562.4 421.9 168.2 251.8 123.0 117.7 498.4 330.7 286.5 334.2 410.6 332.3 449.8 317.2 270.3 377.8 574.3 531.2 278.0 229.5 230.5 339.3 457.7 13.8 209.3 341.8 248.8 345.1 220.4 440.8 400.7 460.0 431.0 162.0 326.6 138.9 428.8 320.6 423.4 451.8 302.1 199.3 320.0 157.6 461.4 263.7 326.6 201.0 29.6 381.8 284.8 289.9 288.2 305.5 0.0 299.7 277.8 305.3 534.5 400.1 489.3 506.3 548.7 496.9 277.3 423.3 314.5 306.8 560.5 536.2 195.5 300.2 317.7 286.0 124.2 226.9 379.2 434.4 322.1 280.6 201.0 411.5 328.8 515.0 251.3 497.1 228.7 384.6 316.1 314.2 230.2
2290.2 114.0 186.6 213.8 410.3 241.1 123.3 345.9 224.0 229.3 307.6 202.1 84.1 95.7 249.4 93.8 211.3 63.5 80.7 114.7 422.2 286.8 174.7 234.5 162.1 164.2 278.9 335.0 162.7 103.3 208.4 106.6 83.0 202.3 162.2 221.5 185.9 166.4 192.3 261.1 255.1 170.0 184.9 285.6 198.8 179.7 162.8 162.6 295.2 227.5 88.1 100.3 283.4 190.4 66.1 61.2 184.9 202.2 321.1 0.0 191.4 138.3 280.8 161.6 285.7 300.2 396.6 412.2 90.7 234.5 111.5 266.4 388.9 384.1 200.5 61.7 206.4 118.0 267.9 147.5 195.0 197.1 116.0 24.1 134.4 245.3 75.1 303.0 345.4 318.3 209.1 218.4 149.1 186.7 143.8
2421.4 199.1 179.2 80.4 328.3 228.9 121.5 346.8 225.6 210.4 354.8 272.6 163.9 198.8 251.9 209.8 327.3 194.7 147.8 258.7 329.6 387.6 97.3 232.5 73.4 146.3 277.0 333.2 160.9 222.7 252.0 226.0 97.9 318.3 259.2 339.7 308.5 120.1 145.9 259.2 285.2 172.3 300.9 308.2 89.5 136.3 222.6 162.0 317.8 64.6 204.1 78.3 281.6 217.2 162.3 146.3 107.5 124.8 319.3 177.2 0.0 161.6 405.7 259.8 345.7 362.7 405.1 316.2 133.7 279.7 178.6 310.0 416.9 392.6 198.7 177.7 137.0 203.1 266.1 97.8 235.6 290.8 178.5 158.1 132.6 267.9 211.0 371.4 343.6 304.1 165.7 241.0 159.9 147.7 40.3
2324.4 226.0 48.2 115.5 280.5 128.2 148.4 352.4 230.5 235.8 216.5 296.1 181.4 42.5 128.7 152.2 203.6 165.8 174.7 253.3 292.4 249.3 57.0 260.1 166.1 65.6 164.0 341.5 161.8 95.6 279.4 98.9 124.8 194.6 121.0 213.8 266.0 145.5 105.6 267.6 146.9 75.0 164.7 169.9 100.5 144.0 249.5 188.2 179.5 146.1 80.4 107.5 289.9 99.9 163.4 90.3 86.6 103.9 327.6 138.5 149.8 0.0 267.4 121.6 207.4 224.4 266.8 319.0 112.5 141.4 205.5 337.4 278.6 254.3 226.1 120.1 68.0 230.0 274.4 126.6 97.3 152.5 22.2 122.1 159.5 129.6 177.4 233.1 351.9 203.4 173.4 102.7 10.8 58.5 147.8
2158.1 338.0 311.1 376.4 149.3 279.3 367.8 590.4 468.5 473.8 57.2 426.1 303.5 279.9 185.8 298.7 140.7 273.1 304.7 356.7 161.2 25.8 319.9 479.0 385.5 326.8 249.0 579.5 406.1 252.8 479.8 192.6 344.2 131.7 201.5 150.9 409.4 389.8 354.9 505.6 162.4 294.4 201.8 93.2 361.4 424.2 376.0 407.1 83.6 407.0 208.2 326.9 527.9 300.7 309.9 309.7 347.5 364.8 565.6 285.0 410.7 262.8 0.0 202.1 73.3 49.8 135.6 187.8 331.9 152.3 335.5 537.8 147.4 123.1 445.0 266.6 330.9 342.0 512.4 370.9 197.8 189.6 259.6 285.9 378.9 189.3 284.7 42.0 589.9 145.7 453.6 182.4 273.6 321.4 367.2
2200.4 226.3 144.1 211.4 234.5 114.8 221.3 443.9 322.0 327.3 170.5 314.4 198.7 133.4 82.7 169.5 78.9 161.4 193.0 245.0 246.4 197.0 152.9 332.5 239.0 157.0 117.2 433.0 253.2 106.3 323.1 63.4 197.7 69.9 0.6 89.1 252.7 236.9 201.5 359.1 100.9 147.9 52.5 123.9 196.4 235.4 264.3 260.6 133.5 242.0 79.0 180.4 381.4 136.2 180.7 163.2 182.5 199.8 419.1 155.8 245.7 116.3 191.0 0.0 161.4 178.4 220.8 273.0 185.4 102.1 223.8 381.1 232.6 208.3 298.5 137.4 177.4 230.3 365.9 218.0 33.3 64.7 113.1 156.7 232.4 83.6 173.0 187.1 443.4 156.6 264.8 56.7 118.2 149.9 220.7
2174.4 327.6 245.3 310.6 134.7 213.5 302.0 524.6 402.7 408.0 70.7 449.7 339.4 214.1 120.0 305.9 194.7 262.7 328.3 346.3 146.6 90.9 254.1 413.2 319.7 261.0 183.2 513.7 340.3 187.0 432.5 203.8 278.4 185.7 135.7 204.9 397.5 324.0 289.1 439.8 96.6 228.6 136.0 27.4 295.6 358.4 365.6 341.3 33.7 341.2 215.4 261.1 462.1 234.9 321.4 243.9 281.7 299.0 499.8 298.9 344.9 197.0 65.0 136.3 0.0 72.9 121.0 173.2 266.1 86.5 359.1 490.5 132.8 108.5 379.2 273.8 265.1 331.6 446.6 305.1 132.0 123.8 193.8 275.7 313.1 123.5 274.3 87.3 524.1 131.1 387.8 116.6 207.8 255.6 301.4
2161.1 341.0 261.2 326.5 118.6 229.4 317.9 540.5 418.6 423.9 7.3 465.6 355.3 230.0 135.9 321.8 210.6 276.1 344.2 359.7 130.5 68.8 270.0 429.1 335.6 276.9 199.1 529.6 356.2 202.9 448.4 219.7 294.3 201.6 151.6 220.8 367.9 339.9 305.0 455.7 112.5 244.5 151.9 43.3 311.5 374.3 379.0 357.2 33.7 357.1 231.3 277.0 478.0 250.8 337.3 259.8 297.6 314.9 515.7 314.8 360.8 212.9 42.9 152.2 57.5 0.0 104.9 157.1 282.0 102.4 375.0 506.4 116.7 92.4 395.1 289.7 281.0 345.0 462.5 321.0 147.9 139.7 209.7 291.6 329.0 139.4 287.7 71.2 540.0 115.0 403.7 132.5 223.7 271.5 317.3
2257.4 387.8 281.6 348.9 98.3 273.4 371.6 593.5 472.3 460.5 88.3 519.1 408.8 283.7 185.1 375.3 264.8 332.1 402.8 415.7 110.0 101.8 290.4 482.6 389.3 330.6 163.3 583.3 420.5 256.6 502.1 273.4 348.0 255.3 205.3 276.5 423.7 404.0 339.0 509.2 166.2 301.8 205.6 97.0 333.9 428.0 435.0 408.7 87.4 379.5 285.0 328.4 531.7 273.7 391.0 313.5 320.0 337.3 569.4 368.5 402.6 266.6 136.3 205.9 111.2 96.2 0.0 192.8 335.7 156.1 428.7 530.8 96.4 12.5 459.7 343.4 334.7 400.8 516.2 385.3 222.5 193.4 263.4 345.3 382.7 193.1 354.8 85.6 593.7 76.7 454.9 165.5 277.2 297.3 370.8
2191.6 307.3 204.0 271.0 201.5 160.6 294.4 489.5 368.3 356.5 82.8 457.8 282.0 206.5 80.0 304.9 118.6 251.6 288.1 335.2 213.4 115.6 216.8 397.7 312.1 203.4 26.4 479.3 299.6 178.9 417.2 170.0 270.8 193.7 128.1 130.3 388.1 283.3 249.5 409.4 89.0 224.6 128.4 90.9 256.0 281.8 354.5 323.8 45.8 301.6 185.6 266.9 427.7 195.9 287.3 236.3 242.1 259.4 465.4 262.4 324.7 175.4 103.0 128.7 73.7 90.7 99.3 0.0 258.5 78.9 314.0 445.9 129.3 87.0 374.8 244.0 223.8 320.5 416.2 264.4 85.4 116.2 186.2 263.3 312.3 115.9 274.3 99.4 489.7 22.7 308.7 88.3 168.6 220.1 282.7
2361.6 147.2 162.6 183.2 371.4 156.1 102.2 324.8 202.9 191.1 307.4 226.5 73.2 122.6 215.1 120.7 238.2 134.9 105.1 202.9 383.3 340.2 144.1 214.5 119.9 133.6 278.4 313.9 140.5 130.2 225.5 133.5 78.6 229.2 189.1 250.4 262.5 124.2 161.7 240.0 237.8 129.6 211.8 260.8 168.2 158.6 179.9 139.3 270.4 185.3 115.0 59.0 262.3 190.8 55.2 98.9 154.3 171.6 300.0 88.1 149.2 114.3 352.2 188.5 298.3 315.3 357.5 292.8 0.0 232.3 135.9 254.2 369.5 345.2 179.4 88.6 182.4 160.4 246.8 105.3 229.9 224.0 131.1 69.0 113.3 220.5 146.5 324.0 324.3 317.8 185.5 193.6 125.1 100.3 101.6
2296.0 321.9 152.4 219.7 238.0 123.1 283.4 454.4 332.5 337.8 174.0 418.0 294.3 182.2 39.7 265.1 162.9 257.0 296.6 340.6 249.9 206.8 161.2 362.1 341.8 167.6 38.2 443.5 263.8 143.1 381.4 159.9 246.7 153.9 94.9 173.1 348.3 247.5 209.8 369.6 76.0 199.3 104.2 127.4 204.7 246.0 359.9 290.2 137.0 250.3 174.6 229.4 391.9 144.5 276.3 230.0 190.8 208.1 429.6 251.4 254.0 139.6 224.9 95.5 164.9 181.9 224.3 168.5 252.2 0.0 327.4 439.4 236.1 211.8 328.1 233.0 188.0 325.9 376.4 228.6 63.1 92.0 161.9 261.8 276.5 109.7 268.6 190.6 453.9 77.6 275.4 85.9 128.8 160.5 242.9
2334.5 95.1 246.2 236.6 455.0 305.0 116.6 238.8 217.3 222.6 354.8 90.5 80.0 175.2 303.2 173.3 263.6 110.7 30.7 100.1 469.9 334.0 227.7 136.5 155.4 217.2 362.0 328.3 156.0 175.7 93.0 186.1 76.3 254.6 233.2 273.8 153.3 159.7 245.3 254.4 321.4 213.2 256.0 344.4 245.7 173.0 47.4 155.9 354.0 220.8 167.6 93.6 276.7 262.8 95.4 158.7 237.9 255.2 314.4 111.2 184.7 197.9 328.0 232.6 332.9 347.4 441.3 456.5 130.4 286.8 0.0 151.0 433.2 428.8 173.5 141.2 266.0 68.7 261.2 140.8 266.0 268.2 195.5 121.6 127.7 304.1 122.3 350.2 263.0 401.4 202.4 277.2 208.7 239.7 137.1
2404.9 226.7 383.3 381.4 511.1 300.5 207.3 340.2 178.8 167.0 478.6 160.9 224.8 320.0 416.7 277.9 386.5 265.8 170.6 257.0 540.3 448.9 322.6 39.3 234.9 321.8 455.7 330.0 248.4 288.3 79.0 330.9 221.1 377.0 339.0 398.2 259.7 166.4 371.2 256.1 437.3 361.6 387.7 422.2 346.7 265.4 192.2 157.0 472.0 308.3 295.1 240.6 278.4 375.4 240.2 263.3 332.8 350.1 316.1 256.0 336.8 342.7 442.9 338.4 462.9 471.2 556.9 476.2 235.0 409.2 144.7 0.0 503.6 544.6 105.9 286.0 362.3 173.3 222.7 225.8 419.7 399.9 340.3 266.4 240.1 422.1 288.5 465.1 340.4 509.5 292.3 388.8 362.7 328.7 281.9
2274.3 405.0 233.2 300.5 79.9 203.9 391.7 562.7 440.8 446.1 105.2 526.3 421.1 300.6 206.5 392.4 281.2 340.1 404.9 423.7 91.8 118.7 242.0 470.4 422.6 303.3 114.9 551.8 372.1 273.5 489.7 290.3 355.0 272.2 222.2 291.4 431.9 355.8 290.6 477.9 183.1 315.1 222.5 113.9 285.5 354.3 443.0 398.5 104.3 331.1 301.9 337.7 500.2 225.3 407.9 330.4 271.6 288.9 537.9 385.4 334.8 268.5 153.2 222.8 128.1 113.1 81.5 88.4 352.6 173.0 435.7 547.7 0.0 69.0 436.4 360.3 301.1 409.0 484.7 336.9 208.9 210.3 280.3 362.2 384.8 210.0 351.7 102.5 562.2 111.2 383.7 203.1 257.7 278.2 378.6
2244.9 384.5 269.1 336.4 85.8 239.8 359.1 581.7 459.8 465.1 75.8 506.8 396.5 271.2 177.1 363.0 251.8 319.6 385.4 403.2 97.7 89.3 277.9 470.3 376.8 318.1 150.8 570.8 408.0 244.1 489.6 260.9 335.5 242.8 192.8 262.0 411.4 391.7 326.5 496.9 153.7 285.7 193.1 84.5 321.4 415.5 422.5 398.4 74.9 367.0 272.5 318.2 519.2 261.2 378.5 301.0 307.5 324.8 556.9 356.0 370.7 254.1 123.8 193.4 98.7 83.7 12.5 124.3 323.2 143.6 416.2 547.6 83.9 0.0 436.3 330.9 322.2 388.5 503.7 372.8 189.1 180.9 250.9 332.8 370.2 180.6 331.2 73.1 581.2 64.2 444.9 173.7 264.9 312.7 358.5
2379.1 200.9 274.9 265.3 489.6 268.4 89.5 222.4 104.6 89.4 419.7 135.1 193.5 255.5 327.4 257.0 360.7 240.0 144.8 225.7 514.5 423.1 208.2 22.8 160.7 249.3 390.7 212.2 130.6 257.0 53.2 272.3 141.7 351.2 313.2 372.4 298.0 88.8 253.4 144.2 350.1 245.5 361.9 384.9 228.9 147.6 166.4 39.2 382.7 190.5 269.3 130.4 160.6 303.1 214.4 217.1 226.8 232.3 198.3 230.2 220.7 226.6 417.1 312.6 437.1 427.6 469.8 405.1 191.7 344.6 118.9 81.9 477.8 457.5 0.0 221.5 244.5 176.8 145.1 160.0 342.2 374.1 243.4 201.9 122.3 332.8 262.7 439.3 222.6 433.5 180.4 299.5 240.8 212.6 177.6
2399.8 239.0 149.4 152.0 358.2 208.2 161.4 384.0 262.1 267.4 294.2 309.1 198.8 138.2 206.4 32.1 278.3 221.9 187.7 273.1 370.1 327.0 112.9 272.6 179.1 102.4 250.4 373.1 198.6 191.3 291.9 194.6 137.8 269.3 198.7 288.5 310.8 182.3 130.5 299.2 224.6 116.4 242.4 247.6 137.0 180.8 262.5 200.7 257.2 182.6 176.1 120.5 321.5 177.6 180.8 103.3 123.1 140.4 359.2 158.3 186.3 101.1 345.1 199.3 285.1 302.1 344.5 396.7 125.5 219.1 218.5 349.9 356.3 332.0 238.6 0.0 152.6 243.0 306.0 163.4 175.0 230.2 117.9 135.1 172.5 207.3 233.5 310.8 383.5 289.8 210.2 180.4 111.9 124.9 160.8
2333.0 302.3 49.1 116.4 347.0 155.0 228.2 399.2 277.3 282.6 283.0 362.6 247.9 109.0 165.7 218.7 270.1 232.3 241.2 319.8 247.3 315.8 57.9 306.9 238.5 112.4 190.8 388.3 208.6 162.1 326.2 165.4 191.3 261.1 177.9 280.3 332.5 192.3 106.5 314.4 213.4 141.5 230.2 236.4 101.4 190.8 316.0 235.0 246.0 147.0 146.9 174.0 336.7 131.0 229.9 156.8 87.5 42.5 374.4 205.0 150.7 66.4 333.9 178.5 273.9 290.9 333.3 233.9 179.0 207.9 272.0 384.2 345.1 320.8 272.9 186.6 0.0 306.3 321.2 173.4 146.1 218.0 88.7 188.6 221.3 196.1 243.9 299.6 398.7 230.2 220.2 169.2 55.6 105.3 214.3
2345.2 34.8 278.5 262.4 465.3 323.7 108.1 330.7 208.8 197.0 362.6 144.5 87.8 192.3 323.8 192.1 271.9 118.5 71.1 127.4 477.2 341.8 253.5 121.8 181.2 243.0 357.7 319.8 129.5 183.5 97.5 221.2 102.1 262.4 241.0 283.9 180.6 166.0 271.1 245.9 322.7 239.0 263.8 368.2 271.5 146.5 33.9 145.2 374.5 246.6 190.3 121.6 268.2 270.6 103.2 180.3 263.7 281.0 305.9 119.0 217.8 234.9 335.8 240.4 340.7 355.2 451.6 467.2 158.1 294.6 68.7 155.5 443.9 439.1 160.0 160.0 303.0 0.0 252.7 147.1 321.7 276.0 212.6 143.2 85.3 324.1 130.1 358.0 330.2 397.1 173.4 290.8 245.7 265.5 162.9
2506.3 235.2 322.3 279.5 524.8 384.3 130.6 221.0 33.8 72.4 460.8 293.1 248.9 296.6 368.5 294.7 412.7 279.6 232.7 340.2 536.7 493.6 240.4 193.0 192.9 301.7 420.1 153.4 171.7 304.2 211.2 307.5 182.8 403.2 363.1 424.7 393.4 124.4 289.0 49.7 391.2 283.0 385.8 414.2 264.5 161.7 282.4 117.8 423.8 226.1 289.0 165.6 101.8 344.2 247.2 252.3 250.6 267.9 139.5 262.1 240.2 267.7 496.9 362.5 451.7 468.7 510.9 440.6 239.7 385.7 276.9 269.2 522.9 498.6 168.8 262.6 280.1 248.4 0.0 189.3 384.1 396.8 284.5 243.0 163.4 373.9 291.2 477.4 181.1 459.5 188.6 347.0 278.5 256.4 192.6
2443.8 172.7 253.5 243.9 462.3 312.3 68.1 225.7 103.8 92.0 398.3 234.6 186.4 234.1 306.0 232.2 349.7 217.1 170.2 277.7 474.2 431.1 188.3 134.5 140.8 224.5 369.3 214.8 51.7 241.7 152.7 245.0 120.3 340.7 300.6 361.9 330.9 18.8 252.6 140.9 328.7 224.1 323.3 351.7 253.0 91.6 219.9 59.3 361.3 174.0 226.5 103.1 163.2 281.7 184.7 189.8 198.5 215.8 200.9 199.6 192.0 205.2 434.4 300.0 389.2 406.2 448.6 500.8 177.2 323.2 201.0 210.7 460.4 436.1 104.9 200.1 228.0 185.9 147.7 0.0 320.8 334.3 222.0 180.5 100.9 311.4 233.4 414.9 225.2 408.7 121.0 284.5 216.0 193.9 144.4
2232.8 249.5 110.7 178.0 209.2 97.0 239.4 409.7 288.5 288.1 145.2 385.4 261.7 138.2 52.9 232.5 111.8 193.8 230.3 308.0 243.0 178.0 144.4 319.2 300.1 123.6 83.8 399.5 219.8 99.1 337.4 127.3 202.7 102.3 31.7 123.5 315.7 203.5 168.1 337.0 75.6 158.9 84.9 120.5 163.0 202.0 296.7 244.0 108.2 208.6 111.4 194.5 347.9 102.8 213.1 197.4 149.1 166.4 385.6 188.2 231.7 95.6 196.1 32.3 136.1 153.1 195.3 104.3 180.1 70.1 256.2 366.1 207.3 183.0 295.0 169.8 144.0 293.3 332.4 184.6 0.0 81.2 117.9 189.1 232.5 58.3 216.5 161.8 409.9 112.4 228.9 25.0 96.2 141.7 210.3
2212.0 270.4 195.5 260.8 222.0 163.7 252.2 474.8 352.9 358.2 158.0 369.5 234.2 160.8 52.2 205.0 70.8 205.5 248.1 289.1 233.9 190.8 204.3 363.4 269.9 198.2 115.4 463.9 294.4 137.2 368.5 98.9 228.6 61.8 85.9 81.0 297.3 278.1 239.3 390.0 88.4 178.8 12.2 111.4 245.8 276.6 308.4 291.5 121.0 291.4 114.5 211.3 412.3 185.1 216.2 194.1 231.9 249.2 450.0 191.3 295.1 147.2 202.6 86.5 148.9 165.9 208.3 260.5 216.3 82.9 278.9 426.5 220.1 195.8 329.4 172.9 215.3 274.4 396.8 259.2 93.7 0.0 144.0 192.2 263.3 73.7 217.1 174.6 474.3 154.8 306.0 66.8 158.0 191.1 251.6
2302.1 208.4 70.5 137.8 297.3 147.3 145.2 367.8 245.9 251.2 233.3 292.9 159.1 20.2 145.5 129.9 181.3 143.5 171.5 231.0 309.2 266.1 79.3 256.4 162.9 87.9 186.3 356.9 184.1 73.3 275.7 76.6 121.6 172.3 132.2 191.5 243.7 167.8 127.9 283.0 163.7 71.8 154.9 186.7 122.8 166.3 246.3 184.5 196.3 168.4 58.1 104.3 305.3 116.7 141.1 87.1 108.9 126.2 343.0 116.2 172.1 22.2 284.2 131.6 224.2 241.2 283.6 335.8 109.3 158.2 202.3 333.7 295.4 271.1 222.4 97.8 90.3 212.4 289.8 148.9 114.1 167.1 0.0 117.1 156.3 146.4 155.1 249.9 367.3 225.7 195.7 119.5 33.0 80.8 144.6
2313.4 137.2 166.5 193.7 387.6 221.0 123.2 345.8 223.9 229.2 323.6 219.3 84.0 75.6 229.3 73.7 191.2 86.7 97.9 137.9 399.5 310.0 154.6 234.4 162.0 144.1 258.8 334.9 162.6 83.2 231.6 86.5 82.9 182.2 142.1 201.4 209.1 166.3 172.2 261.0 235.0 145.8 164.8 277.0 178.7 179.6 186.0 162.5 286.6 224.3 68.0 112.3 283.3 170.3 66.0 37.1 164.8 182.1 321.0 23.1 191.3 118.2 304.0 141.5 308.9 323.4 373.9 426.1 90.6 214.4 128.7 289.6 385.7 361.4 200.4 41.6 186.3 141.2 267.8 147.4 174.9 177.0 95.9 0.0 134.3 236.7 98.3 326.2 345.3 298.2 209.0 209.8 129.0 166.6 143.7
2358.7 80.9 206.4 196.8 415.2 265.2 22.7 245.3 123.4 128.7 351.2 229.5 101.3 187.0 263.4 185.1 284.9 132.0 103.1 212.4 427.1 355.3 157.8 133.9 110.3 177.4 322.2 234.4 44.1 197.0 153.2 197.9 73.2 275.9 254.5 295.1 250.0 80.6 205.5 160.5 281.6 173.4 277.3 304.6 205.9 61.1 118.9 62.0 314.2 181.0 179.4 53.8 182.8 234.6 116.7 142.7 168.0 185.3 220.5 132.5 144.9 158.1 349.3 253.9 354.2 368.7 401.5 453.7 130.1 276.1 133.9 211.2 413.3 389.0 99.9 153.0 226.2 84.9 167.3 61.7 232.0 289.5 174.9 133.4 0.0 264.3 143.6 371.5 244.8 361.6 90.5 237.4 168.9 199.9 97.3
2264.1 290.0 172.6 237.9 221.7 140.8 229.3 451.9 330.0 335.3 157.7 377.0 266.7 141.4 69.9 233.2 142.6 225.1 255.6 308.7 233.6 190.5 181.4 340.5 247.0 188.3 133.1 441.0 267.6 114.3 359.8 131.1 205.7 133.6 63.0 152.8 316.4 251.3 216.4 367.1 88.1 155.9 105.9 111.1 222.9 285.7 328.0 268.6 120.7 268.5 142.7 188.4 389.4 162.2 248.7 171.2 209.0 226.3 427.1 226.2 272.2 124.3 208.6 63.6 148.6 165.6 208.0 260.2 193.4 82.6 286.4 417.8 219.8 195.5 306.5 201.1 192.4 294.0 373.9 232.4 59.3 93.7 121.1 203.0 240.4 0.0 236.7 174.3 451.4 172.5 315.1 25.9 135.1 182.9 228.7
2331.5 169.6 168.0 177.2 377.0 130.7 143.6 370.2 249.0 226.1 319.4 233.3 98.0 77.1 230.8 57.2 192.7 125.1 118.3 169.9 388.9 328.1 138.1 248.2 176.0 121.2 260.3 355.3 183.0 78.3 238.7 88.0 103.3 177.3 143.6 204.9 217.0 186.7 155.7 281.4 236.5 141.6 166.3 266.4 162.2 200.0 193.1 174.3 282.4 207.8 69.5 116.4 303.7 171.8 86.4 104.2 141.9 165.6 341.4 61.5 216.2 119.7 322.1 143.0 310.3 327.3 369.7 421.9 104.6 215.9 149.1 296.7 381.5 357.2 220.8 25.1 177.8 167.2 288.2 161.4 176.4 178.5 97.4 62.4 154.7 232.5 0.0 336.0 365.7 304.4 229.4 199.2 130.5 99.0 168.8
2208.8 386.5 269.1 334.4 107.2 237.3 325.8 548.4 426.5 431.8 42.5 473.5 363.2 237.9 143.8 329.7 218.5 321.6 352.1 405.2 119.1 16.1 277.9 437.0 343.5 284.8 207.0 537.5 364.1 210.8 456.3 227.6 302.2 209.5 159.5 228.7 412.9 347.8 312.9 463.6 120.4 252.4 159.8 51.2 319.4 382.2 424.5 365.1 41.6 365.0 239.2 284.9 485.9 258.7 345.2 267.7 305.5 322.8 523.6 322.7 368.7 220.8 50.6 160.1 65.4 50.4 93.5 145.7 289.9 110.3 382.9 514.3 105.3 81.0 403.0 297.6 288.9 390.5 470.4 328.9 155.8 147.6 217.6 299.5 336.9 147.3 333.2 0.0 547.9 103.6 411.6 140.4 231.6 279.4 325.2
2609.7 339.4 417.3 374.5 619.8 479.3 225.6 28.4 163.0 168.3 555.8 410.1 343.9 391.6 468.0 389.7 507.2 445.6 327.7 446.4 631.7 657.1 335.4 286.9 287.9 396.7 515.1 290.1 266.7 399.2 306.2 402.5 277.8 498.2 458.1 517.4 479.7 219.4 384.0 151.0 486.2 378.0 480.8 509.2 359.5 256.7 377.4 215.0 518.8 321.1 384.0 258.4 238.5 439.2 342.2 347.3 345.6 362.9 276.2 357.1 335.2 362.7 651.1 457.5 546.7 563.7 606.1 731.7 334.7 480.7 450.5 364.2 708.4 593.6 252.9 357.6 375.1 343.4 206.9 284.3 436.6 491.8 379.5 338.0 258.4 468.9 457.2 673.3 0.0 554.5 286.1 442.0 373.5 371.6 287.6
2195.3 320.2 241.4 306.7 108.4 283.5 298.1 520.7 398.8 387.0 86.5 408.3 285.7 210.2 116.1 279.8 121.8 255.3 291.8 338.9 120.3 119.3 250.2 409.1 315.8 257.1 173.4 509.8 336.4 183.1 421.8 173.7 274.5 112.8 131.8 134.0 347.1 320.1 285.2 435.9 92.7 224.7 132.1 39.9 291.7 354.5 358.2 335.2 49.5 337.3 189.3 254.9 458.2 283.8 291.0 240.0 277.8 295.1 495.9 266.1 352.5 193.1 106.7 132.4 77.4 94.4 76.7 146.9 262.2 82.6 317.7 450.5 106.5 64.2 386.2 247.7 261.2 324.2 442.7 301.2 128.1 119.9 189.9 267.0 309.2 119.6 266.9 103.1 520.2 0.0 381.4 112.7 203.9 226.5 297.5
2443.8 156.8 202.9 160.1 364.3 264.9 91.9 313.8 192.6 180.8 391.8 304.3 186.4 235.8 280.1 234.3 352.3 217.1 177.2 279.8 353.3 424.6 121.0 202.9 73.5 184.8 300.7 303.6 72.3 243.8 222.4 249.6 122.4 345.3 287.8 364.0 333.0 74.0 169.6 232.2 322.2 199.6 340.0 345.2 145.1 22.4 204.0 129.0 354.8 106.7 228.6 105.2 252.0 240.9 186.8 153.5 131.2 148.5 289.7 201.7 128.1 194.3 434.4 288.4 382.7 399.7 441.9 321.2 140.9 316.7 203.1 251.1 453.9 429.6 180.0 202.2 160.7 170.0 236.5 57.6 264.7 327.8 215.5 182.6 85.0 304.9 239.8 408.4 314.0 340.1 0.0 271.6 186.0 154.9 73.2
2257.2 273.9 165.7 231.0 184.1 99.1 222.4 444.3 306.7 294.9 130.8 353.7 259.8 134.5 38.5 209.9 136.2 218.2 253.6 301.8 196.0 163.6 158.1 333.4 240.1 171.3 106.2 434.1 267.5 91.0 352.9 107.8 198.8 110.3 56.1 147.9 293.1 251.2 209.5 360.2 61.2 152.6 79.0 73.5 216.0 278.8 321.1 259.5 93.8 261.6 135.8 162.8 382.5 155.3 241.8 147.9 185.7 219.4 420.2 219.3 276.7 117.4 181.7 56.7 121.7 138.7 180.9 116.2 170.1 55.7 279.5 381.6 192.9 168.6 310.5 194.2 185.5 270.7 350.6 232.3 36.3 66.8 114.2 196.1 233.5 25.9 240.9 147.4 444.5 145.6 305.7 0.0 128.2 148.1 205.4
2335.2 235.5 37.4 104.7 291.3 58.7 170.6 381.0 219.7 207.9 227.3 305.2 192.2 53.3 128.1 163.0 214.9 176.6 188.7 264.1 303.2 260.1 46.2 249.1 226.8 54.8 153.2 330.7 151.0 106.4 268.6 109.7 133.9 205.4 131.8 224.6 276.8 134.7 94.8 256.8 157.7 89.4 175.5 180.7 89.7 133.2 258.6 175.2 190.3 135.3 91.2 114.3 279.1 93.4 174.2 101.1 75.8 93.1 316.8 149.3 158.4 10.8 278.2 132.4 218.2 235.2 277.4 329.8 123.3 152.2 214.6 297.3 289.4 265.1 226.2 130.9 57.2 248.7 263.6 115.8 108.1 163.3 33.0 132.9 163.7 140.4 192.9 243.9 341.1 192.6 160.1 113.5 0.0 84.9 158.6
2366.7 220.4 83.4 82.8 298.5 91.5 146.3 352.0 195.4 183.6 287.6 280.9 166.5 114.7 153.4 137.3 245.2 206.4 159.5 267.0 273.3 320.4 41.0 224.8 202.2 89.1 181.2 309.1 129.4 122.3 247.0 122.1 109.6 236.2 165.6 257.4 288.9 152.1 61.3 232.5 211.3 91.8 217.9 241.0 67.8 111.6 234.3 153.6 250.6 113.4 152.6 92.7 257.5 118.7 174.0 72.0 109.8 71.2 295.2 176.7 136.5 72.1 338.5 166.2 278.5 295.5 337.9 259.9 145.4 212.5 190.3 302.3 349.7 325.4 191.0 158.3 83.4 224.4 274.7 91.5 133.8 205.7 94.4 156.9 141.2 200.7 220.7 304.2 319.5 217.9 138.3 178.8 64.0 0.0 129.5
2381.0 149.5 169.6 99.4 378.4 163.1 81.1 303.0 181.8 170.0 314.4 228.8 123.6 158.4 226.6 169.4 286.9 154.3 112.3 214.9 390.3 347.2 91.4 193.4 43.9 140.6 271.1 292.8 120.5 178.9 211.6 182.2 57.5 277.9 218.9 297.1 268.1 76.3 140.0 218.9 244.8 136.6 260.5 267.8 108.5 129.4 182.2 118.2 277.4 77.1 163.7 37.9 241.2 197.8 121.9 105.9 101.6 118.9 278.9 136.8 54.8 121.3 365.3 219.5 305.3 322.3 364.5 291.6 93.3 239.3 138.2 240.3 376.5 352.2 169.2 137.3 131.1 162.7 225.7 57.4 195.2 250.4 138.1 117.7 92.2 227.5 177.0 331.0 303.2 310.5 156.3 200.6 132.1 107.3 0.0
