Name		2739_BED-Amazon_n95_m202_bt28
Number_of_Customers	95
Number_of_Items		202
Number_of_ItemTypes	28
Number_of_Vehicles	1
TimeWindows		0
Dist_type	manual

VEHICLE
Mass_Capacity	1693
CargoSpace_Length	160
CargoSpace_Width	70
CargoSpace_Height	72

CUSTOMERS
i	x	y	Demand	ReadyTime	DueDate	ServiceTime	DemandedMass	DemandedVolume
0	33.918699	-118.324843	0	0	0	0	0	0
1	33.76412	-118.137218	1	0	0	0	1.75	4608
2	33.756711	-118.131574	1	0	0	0	4.7	1380
3	33.749028	-118.124826	2	0	0	0	3.2	6618
4	33.750065	-118.126443	2	0	0	0	11.15	7368
5	33.761765	-118.136137	1	0	0	0	4.7	1380
6	33.755003	-118.133033	3	0	0	0	9.45	12860
7	33.759633	-118.130079	2	0	0	0	9.8	7618
8	33.760572	-118.131092	2	0	0	0	13.8	30690
9	33.751076	-118.127613	3	0	0	0	17.63	25739
10	33.760906	-118.128535	1	0	0	0	4.7	1380
11	33.754128	-118.131955	1	0	0	0	4.7	1380
12	33.747571	-118.120271	3	0	0	0	7.85	11268
13	33.766446	-118.136138	1	0	0	0	4.7	1380
14	33.764616	-118.138308	1	0	0	0	5.29	8075
15	33.762699	-118.135535	1	0	0	0	4.7	1380
16	33.750581	-118.126068	2	0	0	0	5.4	4020
17	33.75736	-118.132345	1	0	0	0	1.75	4608
18	33.749391	-118.125357	2	0	0	0	8.96	11820
19	33.761519	-118.133633	1	0	0	0	0.7	2640
20	33.760693	-118.134155	2	0	0	0	3.2	6618
21	33.757931	-118.131183	1	0	0	0	5.29	8075
22	33.748601	-118.123042	1	0	0	0	0.7	2640
23	33.761474	-118.139794	2	0	0	0	3.2	6618
24	33.762295	-118.133994	1	0	0	0	0.7	2640
25	33.760405	-118.140486	1	0	0	0	1.9	1176
26	33.761091	-118.140043	1	0	0	0	4.7	1380
27	33.768071	-118.135774	1	0	0	0	4.7	1380
28	33.766431	-118.138308	2	0	0	0	5.4	4020
29	33.749599	-118.124408	2	0	0	0	7.04	12683
30	33.758976	-118.13034	1	0	0	0	0.7	2640
31	33.761321	-118.139457	1	0	0	0	0.7	2640
32	33.764758	-118.136134	2	0	0	0	4.76	10152
33	33.747763	-118.122529	2	0	0	0	24.91	16464
34	33.760983	-118.129719	3	0	0	0	14.9	11600
35	33.746344	-118.118558	2	0	0	0	3.3	13040
36	33.763459	-118.13791	1	0	0	0	0.7	2640
37	33.745847	-118.118361	5	0	0	0	30.6	19330
38	33.76037	-118.132773	1	0	0	0	4.7	1380
39	33.76625	-118.138249	1	0	0	0	1.75	4608
40	33.763459	-118.140409	2	0	0	0	3.2	6618
41	33.747666	-118.12204	3	0	0	0	11.25	12188
42	33.751628	-118.128487	1	0	0	0	2.5	3978
43	33.750282	-118.125482	2	0	0	0	11.15	7368
44	33.748666	-118.121055	5	0	0	0	25.85	21712
45	33.746281	-118.119678	2	0	0	0	11.15	7368
46	33.754067	-118.13325	3	0	0	0	13.05	8544
47	33.746581	-118.120202	1	0	0	0	4.7	1380
48	33.760867	-118.131677	1	0	0	0	0.7	2640
49	33.762419	-118.139947	1	0	0	0	1.9	1176
50	33.761151	-118.135656	3	0	0	0	7.3	5196
51	33.749565	-118.122766	2	0	0	0	10.1	5400
52	33.748645	-118.123525	1	0	0	0	14.1	4140
53	33.765536	-118.136136	1	0	0	0	3.37	12844
54	33.761213	-118.139097	2	0	0	0	4.35	15008
55	33.766305	-118.138843	2	0	0	0	6.1	6660
56	33.75442	-118.132613	3	0	0	0	5.24	9184
57	33.749317	-118.123812	1	0	0	0	5.29	8075
58	33.755932	-118.132457	3	0	0	0	19.67	37960
59	33.760871	-118.135148	1	0	0	0	2.5	3978
60	33.762076	-118.133276	1	0	0	0	2.6	10400
61	33.76543	-118.140491	1	0	0	0	1.9	1176
62	33.765635	-118.137209	1	0	0	0	1.75	4608
63	33.756412	-118.132164	1	0	0	0	4.7	1380
64	33.762532	-118.134745	1	0	0	0	2.5	3978
65	33.751306	-118.128244	2	0	0	0	6.85	2460
66	33.762885	-118.137759	1	0	0	0	4.7	1380
67	33.760347	-118.129393	1	0	0	0	2.5	3978
68	33.763714	-118.138851	1	0	0	0	1.75	4608
69	33.756871	-118.132656	1	0	0	0	5.29	8075
70	33.764764	-118.137208	1	0	0	0	3.44	17100
71	33.763715	-118.139392	5	0	0	0	24.3	18172
72	33.757539	-118.132235	1	0	0	0	0.7	2640
73	33.756865	-118.131874	1	0	0	0	2.91	13520
74	33.74842	-118.122031	1	0	0	0	1.75	4608
75	33.761585	-118.130091	1	0	0	0	9.4	2760
76	33.764439	-118.139038	1	0	0	0	0.7	2640
77	33.767516	-118.136136	1	0	0	0	2.5	3978
78	33.75376	-118.132176	1	0	0	0	1.9	1176
79	33.763874	-118.136137	2	0	0	0	12.27	29500
80	33.759175	-118.129476	1	0	0	0	0.7	2640
81	33.749009	-118.122416	7	0	0	0	33.1	40254
82	33.75026	-118.127119	2	0	0	0	5.4	4020
83	33.757706	-118.130559	1	0	0	0	2.91	13520
84	33.746819	-118.120833	3	0	0	0	11.39	11018
85	33.764067	-118.138308	2	0	0	0	13.2	5112
86	33.765274	-118.138311	1	0	0	0	0.7	2640
87	33.76001	-118.131438	1	0	0	0	3.44	17100
88	33.761459	-118.132067	1	0	0	0	4.7	1380
89	33.766732	-118.136136	1	0	0	0	3.82	7600
90	33.74829	-118.120519	7	0	0	0	28.07	53532
91	33.74951	-118.122031	3	0	0	0	21.63	47648
92	33.760426	-118.131959	3	0	0	0	9.75	12118
93	33.75106	-118.126519	4	0	0	0	24.62	18664
94	33.763272	-118.133849	1	0	0	0	0.7	2640
95	33.76723	-118.136136	2	0	0	0	6.6	2556

ITEMS
Type	Length	Width	Height	Mass	Fragility	LoadBearingStrength
Bt1	10	10	10	14.15	1	0
Bt2	18	12	5	2.15	1	0
Bt3	21	14	4	1.9	1	0
Bt4	23	15	4	4.7	1	0
Bt5	20	18	7	1.8	1	0
Bt6	15	11	16	0.7	1	0
Bt7	34	10	10	1.59	1	0
Bt8	20	14	13	7.3	1	0
Bt9	17	13	18	2.5	1	0
Bt10	24	12	16	1.75	1	0
Bt11	28	22	9	3.01	1	0
Bt12	31	20	10	4.8	1	0
Bt13	26	20	13	2.55	1	0
Bt14	40	19	10	3.82	1	0
Bt15	25	19	17	5.29	1	0
Bt16	28	18	18	2.75	1	0
Bt17	40	20	13	2.6	1	0
Bt18	29	24	15	4.26	1	0
Bt19	28	20	22	2.5	1	0
Bt20	26	19	26	3.37	1	0
Bt21	26	20	26	2.91	1	0
Bt22	27	23	24	2.94	1	0
Bt23	39	27	16	7.63	1	0
Bt24	57	15	20	3.44	1	0
Bt25	58	25	13	4.25	1	0
Bt26	55	22	21	12.4	1	0
Bt27	58	40	11	12.6	1	0
Bt28	38	37	20	7.568	1	0

DEMANDS PER CUSTOMER
i	Type Quantity
1	Bt10 1	
2	Bt4 1	
3	Bt6 1	Bt9 1	
4	Bt10 1	Bt4 2	
5	Bt4 1	
6	Bt4 1	Bt17 1	Bt2 1	
7	Bt8 1	Bt9 1	
8	Bt26 1	Bt6 2	
9	Bt15 1	Bt4 2	Bt22 1	
10	Bt4 1	
11	Bt4 1	
12	Bt6 2	Bt4 1	Bt10 1	
13	Bt4 1	
14	Bt15 1	
15	Bt4 1	
16	Bt6 1	Bt4 1	
17	Bt10 1	
18	Bt18 1	Bt4 1	
19	Bt6 1	
20	Bt9 1	Bt6 1	
21	Bt15 1	
22	Bt6 1	
23	Bt6 1	Bt9 1	
24	Bt6 1	
25	Bt3 1	
26	Bt4 1	
27	Bt4 1	
28	Bt4 1	Bt6 1	
29	Bt15 1	Bt10 1	
30	Bt6 1	
31	Bt6 1	
32	Bt11 1	Bt10 1	
33	Bt11 1	Bt8 3	
34	Bt12 1	Bt4 2	Bt6 1	
35	Bt17 1	Bt6 1	
36	Bt6 1	
37	Bt4 2	Bt16 1	Bt5 1	Bt9 1	Bt1 1	
38	Bt4 1	
39	Bt10 1	
40	Bt6 1	Bt9 1	
41	Bt4 1	Bt12 1	Bt10 1	
42	Bt9 1	
43	Bt10 1	Bt4 2	
44	Bt10 1	Bt11 1	Bt4 4	Bt6 1	Bt7 1	
45	Bt4 2	Bt10 1	
46	Bt10 1	Bt4 2	Bt3 1	
47	Bt4 1	
48	Bt6 1	
49	Bt3 1	
50	Bt6 1	Bt4 1	Bt3 1	
51	Bt4 2	Bt6 1	
52	Bt4 3	
53	Bt20 1	
54	Bt17 1	Bt10 1	
55	Bt6 2	Bt4 1	
56	Bt10 1	Bt3 1	Bt7 1	
57	Bt15 1	
58	Bt28 1	Bt12 1	Bt8 1	
59	Bt9 1	
60	Bt17 1	
61	Bt3 1	
62	Bt10 1	
63	Bt4 1	
64	Bt9 1	
65	Bt4 1	Bt2 1	
66	Bt4 1	
67	Bt9 1	
68	Bt10 1	
69	Bt15 1	
70	Bt24 1	
71	Bt9 2	Bt4 2	Bt3 1	Bt6 1	Bt8 1	
72	Bt6 1	
73	Bt21 1	
74	Bt10 1	
75	Bt4 2	
76	Bt6 1	
77	Bt9 1	
78	Bt3 1	
79	Bt28 1	Bt4 1	
80	Bt6 1	
81	Bt3 1	Bt9 1	Bt19 1	Bt6 3	Bt4 1	Bt8 2	Bt12 1	
82	Bt4 1	Bt6 1	
83	Bt21 1	
84	Bt8 1	Bt9 1	Bt7 1	
85	Bt3 2	Bt4 2	
86	Bt6 1	
87	Bt24 1	
88	Bt4 1	
89	Bt14 1	
90	Bt25 1	Bt4 2	Bt11 2	Bt6 2	Bt3 1	Bt9 1	Bt17 1	
91	Bt27 1	Bt6 2	Bt23 1	
92	Bt13 1	Bt9 1	Bt4 1	
93	Bt11 2	Bt8 1	Bt4 2	Bt3 1	
94	Bt6 1	
95	Bt4 1	Bt3 1	

DISTANCE MATRIX
0.0 2312.7 2521.1 2661.0 2633.8 2422.4 2513.8 2414.3 2456.2 2637.6 2453.3 2490.8 2738.9 2326.2 2321.5 2397.5 2651.8 2450.9 2655.2 2496.9 2479.2 2526.0 2664.4 2370.5 2428.8 2394.7 2379.2 2290.5 2286.0 2702.2 2394.6 2455.0 2338.3 2711.0 2439.4 2777.8 2340.6 2755.0 2461.1 2289.8 2297.1 2683.5 2606.6 2692.6 2754.6 2748.5 2489.7 2743.0 2477.6 2342.7 2447.0 2771.3 2670.1 2325.9 2467.8 2297.4 2463.1 2677.7 2483.6 2461.9 2508.9 2270.9 2288.1 2494.3 2417.8 2592.2 2354.7 2431.3 2339.8 2462.6 2301.4 2304.3 2447.1 2505.0 2746.5 2452.5 2291.6 2302.5 2502.6 2349.6 2395.9 2717.7 2635.1 2402.9 2732.8 2313.4 2309.1 2438.1 2490.1 2319.9 2795.5 2751.6 2487.6 2700.8 2399.1 2308.8
2397.6 0.0 353.9 467.8 440.6 113.7 360.0 198.2 307.0 444.4 180.5 337.0 545.7 75.4 42.0 88.8 458.6 283.7 462.0 263.8 246.1 365.0 471.2 132.0 128.7 156.2 140.7 86.9 74.8 509.0 258.8 142.9 47.6 517.8 172.4 584.6 27.8 561.8 276.3 65.6 73.3 490.3 413.4 499.4 561.4 555.3 347.0 549.8 189.8 85.6 146.9 578.1 476.9 72.6 216.9 84.9 309.3 484.5 329.8 149.1 275.8 78.9 24.5 340.5 117.7 399.0 41.9 180.0 63.4 295.4 11.2 75.6 279.9 344.0 553.3 161.6 42.3 98.9 348.8 40.9 211.0 524.5 441.9 249.1 539.6 53.7 54.4 288.9 305.3 81.7 602.3 558.4 199.8 499.2 99.0 92.8
2505.4 305.6 0.0 266.6 239.4 332.9 126.3 122.9 184.6 243.2 161.9 103.3 344.5 344.1 346.7 308.0 257.4 129.3 260.8 215.5 197.8 125.1 270.0 313.0 256.8 337.2 321.7 370.7 382.2 307.8 98.4 399.4 314.0 316.6 166.0 383.4 324.0 360.6 212.7 383.9 333.7 289.1 212.2 298.2 360.2 354.1 113.3 348.6 204.2 296.6 221.1 376.9 275.7 326.9 302.2 410.3 75.6 283.3 82.7 242.9 227.5 383.6 347.2 93.4 246.7 197.8 318.8 139.9 359.6 141.0 333.9 371.8 125.5 104.1 352.1 179.1 347.0 367.8 115.1 302.3 115.3 323.3 240.7 81.3 338.4 349.9 359.1 166.5 241.7 350.4 401.1 357.2 214.2 298.0 228.8 361.5
2759.3 526.8 310.8 0.0 133.6 540.5 232.1 361.4 384.3 126.1 400.4 214.6 112.9 533.9 562.8 515.6 123.8 398.8 123.3 413.7 401.5 303.9 52.3 514.3 486.2 538.5 523.0 579.3 590.5 90.1 348.3 464.0 503.8 98.9 393.1 165.7 523.8 142.9 389.1 581.3 536.5 115.8 149.2 115.3 142.5 136.4 208.0 130.9 431.3 546.7 400.4 130.4 58.0 516.7 408.0 600.6 258.2 65.6 261.5 422.2 425.7 591.4 551.4 272.2 426.0 204.2 516.9 378.4 559.4 323.0 538.1 563.4 395.0 282.9 134.4 417.2 564.8 557.6 204.4 481.0 336.8 105.6 186.4 303.3 120.7 549.7 575.2 372.3 418.1 540.2 183.4 139.5 441.3 146.4 456.5 549.3
2690.8 458.3 242.3 64.5 0.0 472.0 163.6 292.9 320.1 57.6 331.9 146.1 128.5 465.4 494.3 447.1 48.3 330.3 58.7 345.2 333.0 235.4 67.9 445.8 417.7 470.0 454.5 510.8 522.0 105.7 279.8 395.5 435.3 114.5 324.6 181.3 455.3 158.5 320.6 512.8 468.0 131.4 80.7 96.1 158.1 142.0 139.5 146.5 362.8 478.2 331.9 174.8 73.6 448.2 339.5 532.1 193.5 81.2 193.0 353.7 357.2 522.9 482.9 203.7 357.5 135.7 448.4 309.9 490.9 254.5 469.6 494.9 326.5 214.4 150.0 352.8 496.3 489.1 135.9 412.5 268.3 121.2 98.7 234.8 136.3 481.2 506.7 303.8 349.6 471.7 199.0 155.1 372.8 77.9 388.0 480.8
2488.9 118.8 287.9 396.4 369.2 0.0 288.4 296.8 286.6 373.0 279.1 306.1 474.3 165.9 160.9 147.6 387.2 191.2 390.6 141.7 124.0 299.0 399.8 126.2 181.3 150.4 134.9 205.8 193.7 437.6 207.6 159.2 135.8 446.4 271.0 513.2 133.8 490.4 156.4 184.5 146.9 418.9 342.0 428.0 490.0 483.9 275.4 478.4 237.2 109.8 91.0 506.7 405.5 148.7 218.1 203.8 250.7 413.1 271.2 71.3 153.7 183.8 143.4 281.9 170.3 327.6 124.7 278.6 185.9 247.4 130.1 161.8 187.4 278.0 481.9 260.2 161.2 189.6 295.9 116.1 210.1 453.1 370.5 190.5 468.2 159.7 173.3 182.7 185.4 172.2 530.9 487.0 247.2 436.2 151.6 183.3
2542.0 305.7 72.4 293.6 266.4 333.0 0.0 120.9 188.2 270.2 162.0 134.1 373.6 344.2 346.8 308.1 286.5 198.4 289.9 249.7 232.0 65.5 299.1 389.9 256.9 414.1 398.6 370.8 380.2 336.9 135.0 339.6 320.3 345.7 164.0 418.7 324.1 387.6 207.9 384.0 331.7 340.8 241.3 325.2 387.2 383.2 130.9 377.7 204.3 296.7 252.9 406.0 302.7 327.0 283.6 416.6 110.2 312.4 21.0 276.8 261.7 383.7 347.3 33.8 280.6 226.9 318.9 140.0 359.7 122.6 334.0 363.7 194.6 44.5 381.2 179.2 347.1 367.9 145.9 302.4 146.1 352.4 269.8 117.9 373.8 356.2 359.2 171.9 236.9 350.5 410.6 392.5 212.2 325.0 228.9 361.6
2512.3 218.4 149.2 376.7 349.5 224.3 242.6 0.0 114.0 353.3 38.9 213.4 440.7 221.1 223.7 199.4 378.5 110.5 370.9 156.5 144.3 191.8 380.1 256.1 148.2 278.2 262.7 247.7 259.2 417.9 135.2 282.9 191.0 426.7 57.4 493.5 215.4 470.7 120.7 260.9 274.7 443.6 322.3 408.3 470.3 464.2 212.3 458.7 95.6 237.6 162.1 458.2 385.8 203.9 352.8 287.3 185.7 393.4 206.2 183.9 168.5 260.6 224.2 216.9 159.0 331.9 210.2 16.9 251.0 122.2 210.9 255.0 106.7 170.8 462.2 74.6 224.0 244.8 225.2 193.7 87.4 433.4 331.6 125.5 448.5 241.3 236.1 97.7 149.7 227.4 511.2 467.3 105.6 408.1 120.2 236.5
2541.6 198.7 188.4 392.4 360.9 204.6 277.1 80.4 0.0 364.7 98.3 250.1 470.3 220.0 222.6 179.7 383.2 118.2 386.6 182.2 164.5 199.5 395.8 279.7 128.5 303.9 288.4 246.6 258.1 433.6 176.6 308.6 193.8 442.4 85.9 504.9 195.7 482.1 146.4 259.8 241.2 437.5 338.0 419.7 481.7 479.0 260.1 474.4 75.9 263.3 183.5 502.7 397.2 202.8 380.3 290.1 222.4 409.1 238.6 209.6 194.2 259.5 223.1 253.6 139.3 323.6 190.5 97.8 231.3 129.9 209.8 239.2 114.4 178.5 477.9 32.8 222.9 243.7 261.9 174.0 128.8 449.1 366.5 166.9 470.5 225.5 235.0 123.4 175.4 226.3 522.6 483.0 81.6 419.5 100.5 237.4
2633.1 400.6 184.6 122.8 95.6 414.3 105.9 235.2 258.1 0.0 274.2 88.4 200.7 407.7 436.6 389.4 124.6 272.6 105.4 287.5 275.3 177.7 126.2 388.1 360.0 412.3 396.8 453.1 464.3 161.3 222.1 337.8 377.6 172.8 266.9 239.6 397.6 216.8 262.9 455.1 410.3 167.9 23.0 154.4 216.4 200.3 81.8 204.8 305.1 420.5 274.2 233.1 131.9 390.5 281.8 474.4 132.0 139.5 135.3 296.0 299.5 465.2 425.2 146.0 299.8 78.0 390.7 252.2 433.2 196.8 411.9 437.2 268.8 156.7 208.3 291.0 438.6 431.4 78.2 354.8 210.6 179.5 96.9 177.1 194.6 423.5 449.0 246.1 291.9 414.0 257.3 213.4 315.1 162.6 330.3 425.1
2504.3 183.1 187.5 358.3 331.1 219.1 218.0 38.2 154.1 334.9 0.0 195.0 436.2 182.7 185.3 194.2 349.1 161.6 352.5 194.8 177.1 230.2 361.7 292.3 186.5 316.5 301.0 209.3 220.8 399.5 116.8 326.1 152.6 408.3 50.3 475.1 210.5 452.3 159.0 222.5 252.6 380.8 303.9 389.9 451.9 445.8 193.9 440.3 113.5 249.0 200.4 468.6 367.4 165.5 393.9 248.9 167.3 375.0 187.8 222.2 206.8 222.2 185.8 198.5 197.3 289.5 205.3 20.0 239.5 173.3 172.5 215.8 157.8 209.2 443.8 62.1 185.6 206.4 206.8 188.8 69.0 415.0 332.4 107.1 430.1 200.7 197.7 136.0 188.0 189.0 492.8 448.9 123.5 398.1 158.5 200.1
2544.6 357.8 110.9 163.2 136.0 371.5 63.1 153.3 221.4 139.8 176.6 0.0 241.1 340.8 343.4 346.6 154.0 229.8 157.4 244.7 227.0 134.9 166.6 345.3 269.2 369.5 354.0 367.4 378.9 204.4 133.6 295.0 310.7 213.2 178.4 280.0 354.8 257.2 220.1 380.6 367.5 185.7 108.8 194.8 256.8 250.7 50.1 245.2 216.6 322.2 231.4 273.5 172.3 323.6 239.0 407.0 43.5 179.9 92.5 253.2 256.7 380.3 343.9 103.2 257.0 94.4 331.2 170.3 390.4 154.0 330.6 402.6 226.0 113.9 248.7 191.5 343.7 364.5 11.7 315.1 122.1 219.9 137.3 88.6 235.0 380.7 355.8 203.3 249.1 347.1 297.7 253.8 226.6 194.6 241.2 358.2
2773.8 541.3 325.3 161.6 160.2 555.0 254.9 362.0 403.1 140.6 414.9 229.1 0.0 548.4 577.3 530.1 149.3 413.3 126.2 428.2 416.0 318.4 130.1 530.9 500.7 553.0 537.5 593.8 616.8 101.9 362.8 478.5 504.4 136.4 407.6 106.7 538.3 96.0 403.6 595.8 537.1 72.7 163.7 129.8 80.3 67.4 233.6 71.9 445.8 561.2 401.0 105.1 135.8 531.2 424.0 615.1 276.5 98.1 288.1 436.7 440.2 605.9 565.9 286.7 440.5 218.7 531.4 392.9 573.9 337.5 552.6 577.9 409.5 297.4 68.1 435.8 579.3 572.1 218.9 495.5 351.3 98.3 181.7 317.8 55.8 576.0 589.7 386.8 432.6 554.7 65.5 144.0 455.8 160.9 471.0 563.8
2396.8 77.4 369.9 513.7 486.5 146.2 385.1 223.3 323.0 490.3 205.6 362.1 591.6 0.0 79.6 121.3 504.5 299.7 507.9 290.1 272.4 381.0 517.1 232.4 155.0 256.6 241.1 45.3 56.0 554.9 283.9 220.4 29.0 563.7 197.5 630.5 95.7 607.7 297.4 46.8 141.2 536.2 459.3 545.3 607.3 601.2 361.0 595.7 210.9 146.1 173.2 624.0 522.8 16.6 294.4 66.1 334.4 530.4 354.9 207.9 302.1 116.5 54.0 365.6 144.0 444.9 102.4 205.1 133.8 311.4 66.8 110.1 295.9 360.0 599.2 186.7 79.9 23.7 373.9 48.0 236.1 570.4 487.8 274.2 585.5 107.1 81.6 304.9 326.4 6.3 648.2 604.3 220.9 545.1 125.3 17.3
2372.0 46.1 383.0 525.2 498.0 140.0 386.3 224.5 336.1 501.8 206.8 363.3 603.1 92.8 0.0 115.1 516.0 312.8 519.4 303.2 285.5 394.1 528.6 168.4 168.1 192.6 177.1 110.6 35.4 566.4 285.1 200.3 102.4 575.2 198.7 642.0 48.9 619.2 310.5 37.1 70.1 547.7 470.8 556.8 618.8 612.7 362.2 607.2 224.0 91.5 186.3 635.5 534.3 90.0 274.3 63.5 335.6 541.9 356.1 206.5 315.2 52.5 70.2 366.8 157.1 456.4 77.0 206.3 69.8 324.5 83.5 46.1 309.0 373.1 610.7 187.9 15.9 116.5 375.1 67.2 237.3 581.9 499.3 275.4 597.0 13.0 12.4 318.0 339.5 99.1 659.7 615.8 234.0 565.0 138.4 110.2
2513.8 143.7 312.8 421.3 394.1 24.9 313.3 321.7 311.5 397.9 304.0 331.0 499.2 190.8 185.8 0.0 412.1 216.1 415.5 166.6 148.9 323.9 424.7 151.1 206.2 175.3 159.8 230.7 218.6 462.5 232.5 184.1 160.7 471.3 295.9 538.1 158.7 515.3 181.3 209.4 171.8 443.8 366.9 452.9 514.9 508.8 300.3 503.3 262.1 134.7 115.9 531.6 430.4 173.6 243.0 228.7 275.6 438.0 296.1 96.2 178.6 208.7 168.3 306.8 195.2 352.5 149.6 303.5 210.8 272.3 155.0 186.7 212.3 302.9 506.8 285.1 186.1 214.5 320.8 141.0 235.0 478.0 395.4 215.4 493.1 184.6 198.2 207.6 210.3 197.1 555.8 511.9 272.1 461.1 176.5 208.2
2676.4 443.9 227.9 90.7 32.7 457.6 157.5 291.3 305.7 56.0 317.5 131.7 167.9 451.0 479.9 432.7 0.0 315.9 60.5 330.8 318.6 221.0 81.3 433.5 403.3 455.6 440.1 496.4 520.4 116.4 265.4 381.1 433.7 140.7 323.0 194.7 440.9 171.9 306.2 498.4 466.4 123.0 66.3 109.5 171.5 155.4 136.2 159.9 348.4 463.8 330.3 159.4 99.8 433.8 326.6 530.5 179.1 94.6 178.6 339.3 342.8 508.5 468.5 189.3 343.1 121.3 434.0 295.5 476.5 240.1 455.2 480.5 312.1 200.0 163.4 338.4 481.9 474.7 121.5 398.1 253.9 134.6 84.3 220.4 161.8 466.8 492.3 289.4 335.2 457.3 225.2 168.5 371.2 71.9 373.6 466.4
2557.7 321.4 70.1 274.1 246.9 348.7 154.8 138.7 186.4 250.7 177.7 131.8 352.0 359.9 362.5 323.8 264.9 0.0 268.3 246.1 228.4 81.2 277.5 368.3 272.6 392.5 377.0 386.5 398.0 315.3 155.3 318.0 329.8 324.1 181.8 390.9 339.8 368.1 204.3 399.7 390.5 296.6 219.7 305.7 367.7 361.6 130.7 356.1 220.0 312.4 251.4 384.4 283.2 342.7 262.0 426.1 104.1 290.8 124.6 273.2 258.1 399.4 363.0 135.3 277.0 205.3 334.6 155.7 375.4 11.6 349.7 387.6 191.0 60.2 359.6 194.9 362.8 383.6 143.6 338.1 143.8 330.8 248.2 110.3 345.9 365.7 374.9 168.3 233.3 366.2 408.6 364.7 230.0 305.5 244.6 377.3
2708.0 475.5 259.5 50.4 82.3 489.2 189.1 298.5 337.3 74.8 349.1 163.3 140.4 482.6 511.5 464.3 83.5 347.5 0.0 362.4 350.2 252.6 53.8 465.1 434.9 487.2 471.7 528.0 539.2 88.9 297.0 412.7 440.9 88.8 330.2 155.6 472.5 132.8 337.8 530.0 473.6 95.5 97.9 64.0 132.4 127.9 145.1 132.4 380.0 495.4 337.5 131.9 59.5 465.4 358.2 537.7 210.7 67.1 210.2 370.9 374.4 540.1 500.1 220.9 374.7 152.9 465.6 327.1 508.1 271.7 486.8 512.1 343.7 231.6 135.9 370.0 513.5 506.3 153.1 429.7 285.5 107.1 115.9 252.0 134.3 486.8 523.9 321.0 366.8 488.9 173.3 129.4 378.4 103.5 405.2 498.0
2525.7 165.2 260.2 464.2 437.0 171.1 344.9 148.3 213.3 440.8 187.3 321.9 542.1 190.3 201.2 146.2 455.0 190.0 458.4 0.0 162.7 271.3 467.6 277.9 95.0 302.1 286.6 230.7 236.7 505.4 256.6 276.0 160.2 514.2 170.2 581.0 162.2 558.2 187.7 237.7 207.7 486.7 409.8 495.8 557.8 551.7 320.8 546.2 101.2 200.7 135.0 574.5 473.3 173.1 354.4 257.0 294.2 480.9 314.7 169.7 11.9 255.7 189.8 325.4 105.8 395.4 157.0 165.3 197.8 201.7 176.5 210.0 186.2 250.3 549.7 122.6 221.0 214.0 333.7 140.5 208.8 520.9 438.3 202.2 536.0 188.1 213.6 195.2 216.7 196.6 598.7 554.8 111.2 504.0 67.0 207.7
2543.4 182.9 277.9 481.9 449.2 188.8 370.9 160.5 229.2 458.5 205.0 339.6 571.9 208.0 218.9 163.9 483.7 207.7 464.5 17.7 0.0 289.0 485.3 297.7 112.7 319.8 304.3 248.4 248.9 520.4 274.3 293.7 177.9 531.9 182.4 593.2 179.9 570.4 205.4 255.4 225.4 527.0 427.5 513.5 570.0 559.4 344.1 563.9 118.9 218.4 152.7 563.4 491.0 190.8 373.6 274.7 315.7 498.6 332.4 187.4 29.7 273.4 207.5 343.1 123.5 437.1 174.7 183.0 215.5 219.4 194.2 219.5 203.9 268.0 567.4 144.4 238.7 231.7 351.4 155.1 226.5 533.1 436.8 219.9 565.8 200.3 231.3 212.9 234.4 214.3 610.9 572.5 128.9 513.3 84.7 223.4
2476.4 240.1 113.3 303.5 276.3 267.4 163.2 57.4 109.3 280.1 96.4 140.2 381.4 278.6 281.2 242.5 294.3 104.0 297.7 150.0 132.3 0.0 306.9 247.5 191.3 271.7 256.2 305.2 316.7 344.7 69.4 351.9 248.5 353.5 100.5 420.3 258.5 397.5 114.2 318.4 268.2 326.0 249.1 335.1 397.1 391.0 139.1 385.5 138.7 231.1 155.6 413.8 312.6 261.4 339.1 344.8 112.5 320.2 133.0 177.4 162.0 318.1 281.7 143.7 181.2 234.7 253.3 74.4 294.1 115.7 268.4 306.3 100.2 154.4 389.0 113.6 281.5 302.3 152.0 236.8 71.9 360.2 277.6 52.3 375.3 284.4 293.6 91.2 143.2 284.9 438.0 394.1 148.7 343.3 163.3 296.0
2746.7 514.2 298.2 134.5 121.0 527.9 219.5 348.8 377.8 113.5 387.8 202.0 74.4 521.3 550.2 503.0 111.2 386.2 110.7 401.1 383.4 291.3 0.0 501.7 473.6 525.9 510.4 566.7 577.9 77.5 335.7 451.4 491.2 46.5 380.5 113.3 511.2 90.5 376.5 568.7 523.9 19.0 136.6 102.7 90.1 84.0 195.4 78.5 418.7 534.1 387.8 106.8 108.7 504.1 395.4 588.0 245.6 71.0 248.9 409.6 413.1 578.8 538.8 259.6 413.4 167.6 504.3 365.8 546.8 310.4 525.5 559.0 382.4 270.3 82.0 404.6 552.2 545.0 191.8 471.5 324.2 53.2 173.8 290.7 68.3 537.1 562.6 359.7 405.5 527.6 131.0 87.1 428.7 142.2 443.9 538.7
2578.0 210.3 309.8 393.7 364.4 287.1 291.9 329.0 352.9 368.2 393.7 303.4 483.7 280.5 309.4 262.2 395.5 308.7 376.3 275.6 263.4 320.9 397.1 0.0 295.9 24.2 8.7 325.9 337.1 432.2 325.1 96.2 248.3 441.6 385.6 508.4 270.4 485.6 302.6 327.9 265.8 438.8 339.3 425.3 485.2 471.2 272.7 475.7 351.8 276.0 208.5 475.2 400.7 263.3 98.7 345.1 347.6 410.4 313.0 230.3 287.6 320.7 234.9 325.8 234.1 348.9 278.6 348.1 312.8 269.3 221.6 280.5 304.9 299.9 479.2 370.7 294.1 304.2 293.2 227.6 327.6 448.3 348.6 308.0 477.6 294.2 321.8 336.6 331.6 286.8 508.6 482.2 361.8 423.0 266.2 295.9
2539.4 169.3 273.3 420.2 393.0 223.0 294.3 273.6 255.0 396.8 312.6 271.3 498.1 216.4 211.4 198.1 411.0 184.1 414.4 134.6 116.9 284.4 423.6 176.7 0.0 200.9 185.4 256.3 244.2 461.4 200.5 237.0 186.3 470.2 291.7 537.0 184.3 514.2 149.3 235.0 197.4 442.7 365.8 451.8 513.8 507.7 281.3 502.2 226.5 160.3 84.8 530.5 429.3 199.2 281.1 254.3 243.6 436.9 264.1 106.6 146.6 234.3 193.9 274.8 110.4 351.4 175.2 290.6 236.4 232.8 180.6 212.3 180.3 263.4 505.7 247.9 211.7 240.1 283.1 166.6 203.0 476.9 394.3 183.4 492.0 210.2 223.8 175.6 178.3 222.7 554.7 510.8 236.5 460.0 140.9 233.8
2553.8 186.1 285.6 369.5 342.3 262.9 261.5 306.9 330.5 346.1 369.5 279.2 447.4 256.3 285.2 238.0 360.3 284.5 363.7 251.4 233.7 296.7 372.9 219.4 271.7 0.0 228.1 301.7 312.9 410.7 300.9 72.0 226.2 419.5 361.4 486.3 246.2 463.5 278.4 303.7 241.6 392.0 315.1 401.1 463.1 457.0 248.5 451.5 327.6 251.8 184.3 479.8 378.6 239.1 73.0 323.0 319.6 386.2 290.9 206.1 263.4 296.5 210.7 301.6 209.9 300.7 254.4 323.9 288.6 245.1 197.4 264.5 280.7 275.7 455.0 350.6 269.9 280.0 269.0 206.5 303.4 426.2 343.6 283.8 441.3 272.1 297.6 312.4 307.4 262.6 504.0 460.1 337.6 400.9 242.0 273.7
2569.3 201.6 301.1 385.0 357.8 278.4 277.0 322.4 346.0 361.6 385.0 294.7 462.9 271.8 300.7 253.5 375.8 300.0 379.2 266.9 249.2 312.2 388.4 234.9 287.2 15.5 0.0 317.2 328.4 426.2 316.4 87.5 241.7 435.0 376.9 501.8 261.7 479.0 293.9 319.2 257.1 407.5 330.6 416.6 478.6 472.5 264.0 467.0 343.1 267.3 199.8 495.3 394.1 254.6 88.5 338.5 335.1 401.7 306.4 221.6 278.9 312.0 226.2 317.1 225.4 316.2 269.9 339.4 304.1 260.6 212.9 280.0 296.2 291.2 470.5 366.1 285.4 295.5 284.5 222.0 318.9 441.7 359.1 299.3 456.8 287.6 313.1 327.9 322.9 278.1 519.5 475.6 353.1 416.4 257.5 289.2
2352.4 99.3 398.6 553.4 526.2 156.9 405.5 243.7 351.7 530.0 226.0 382.5 631.3 55.9 119.5 132.0 544.2 328.4 547.6 318.8 301.1 409.7 556.8 274.6 183.7 298.8 283.3 0.0 87.0 594.6 304.3 242.3 85.0 603.4 217.9 670.2 127.2 647.4 321.8 85.5 172.7 575.9 499.0 585.0 647.0 640.9 392.5 635.4 235.3 185.0 201.9 663.7 562.5 72.6 316.3 104.8 354.8 570.1 375.3 228.3 330.8 132.6 74.7 386.0 172.7 484.6 141.3 225.5 162.8 340.1 88.0 153.8 324.6 388.7 638.9 207.1 119.8 32.2 394.3 104.0 256.5 610.1 527.5 294.6 625.2 135.6 110.1 333.6 350.8 49.6 687.9 644.0 245.3 584.8 154.0 38.5
2362.4 76.8 418.5 544.7 517.5 186.4 428.0 260.0 369.8 521.3 242.3 398.8 608.7 74.8 35.4 161.5 546.5 348.3 538.9 338.7 321.0 429.6 548.1 218.4 203.6 242.6 227.1 75.1 0.0 585.9 320.6 219.8 84.4 594.7 234.2 661.5 84.4 638.7 346.0 19.1 105.6 611.6 490.3 576.3 638.3 632.2 408.8 626.7 259.5 127.0 221.8 626.2 553.8 72.0 293.8 25.5 371.1 561.4 391.6 226.0 350.7 76.4 52.2 402.3 192.6 475.9 112.5 241.8 105.3 360.0 65.5 99.4 344.5 408.6 630.2 219.3 51.4 87.1 410.6 106.3 272.8 601.4 499.6 310.9 616.5 48.5 23.0 353.5 375.0 81.1 679.2 635.3 269.5 576.1 173.9 90.2
2695.4 462.9 246.9 80.1 66.6 476.6 176.5 297.5 324.7 59.1 336.5 150.7 173.2 470.0 498.9 451.7 70.9 334.9 47.8 349.8 337.6 240.0 86.6 452.5 422.3 474.6 459.1 515.4 523.5 0.0 284.4 400.1 436.8 130.1 326.1 200.0 459.9 174.1 325.2 517.4 472.6 128.3 85.3 48.3 173.7 160.7 144.1 165.2 367.4 482.8 336.5 164.7 89.2 452.8 345.6 536.7 198.1 99.9 194.5 358.3 361.8 527.5 487.5 208.3 362.1 140.3 453.0 314.5 495.5 259.1 474.2 496.4 331.1 219.0 168.7 357.4 500.9 493.7 140.5 417.1 272.9 136.8 103.3 239.4 167.1 482.7 511.3 308.4 354.2 476.3 214.6 170.7 377.4 79.4 392.6 485.4
2517.6 205.7 154.5 344.7 317.5 211.6 204.4 19.6 121.1 321.3 58.6 181.4 422.6 230.8 241.7 186.7 335.5 115.8 338.9 161.8 144.1 197.1 348.1 259.3 135.5 283.5 268.0 271.2 277.2 385.9 0.0 288.2 200.7 394.7 44.7 461.5 202.7 438.7 126.0 278.2 248.2 367.2 290.3 376.3 438.3 432.2 180.3 426.7 82.9 242.9 167.4 455.0 353.8 213.6 356.6 297.5 153.7 361.4 174.2 189.2 173.8 280.3 230.3 184.9 146.3 275.9 197.5 36.6 238.3 127.5 217.0 250.5 112.0 176.1 430.2 57.8 243.7 254.5 193.2 181.0 107.1 401.4 318.8 93.5 416.5 228.6 254.1 103.0 155.0 237.1 479.2 435.3 92.9 376.1 107.5 248.2
2543.7 146.0 586.1 416.5 389.3 211.2 308.5 266.8 254.0 393.1 305.8 331.6 494.4 218.8 188.1 186.3 407.3 244.4 410.7 194.9 177.2 319.1 419.9 58.3 220.0 82.5 67.0 233.0 220.9 457.7 260.8 0.0 188.7 466.5 305.6 533.3 161.0 510.5 209.6 211.7 206.5 439.0 362.1 448.1 510.1 504.0 330.5 498.5 275.9 155.0 144.2 526.8 425.6 201.6 95.4 231.0 303.9 433.2 324.4 166.0 206.9 225.0 170.6 335.1 169.8 347.7 151.9 283.8 196.6 256.1 157.3 208.8 240.6 298.1 502.0 280.8 188.4 242.5 316.0 169.0 263.3 473.2 390.6 243.7 488.3 186.9 200.5 235.9 238.6 225.1 551.0 507.1 285.9 456.3 190.3 236.2
2406.9 48.3 340.8 484.6 457.4 117.1 364.3 194.2 292.1 461.2 176.5 333.0 574.6 30.0 50.5 92.2 475.4 270.6 467.2 261.0 248.8 351.9 488.0 203.3 125.9 227.5 212.0 75.4 86.0 523.1 254.8 191.3 0.0 534.6 168.4 601.4 66.6 578.6 268.3 77.4 112.1 529.7 430.2 516.2 578.2 562.1 331.9 566.6 181.8 117.0 144.1 601.0 493.7 12.9 265.3 96.7 305.3 501.3 325.8 178.8 273.0 87.4 51.0 336.5 114.9 439.8 73.3 176.0 104.7 282.3 37.7 89.8 266.8 330.9 570.1 153.5 50.8 53.7 344.8 18.9 207.0 541.3 458.7 245.1 568.5 65.9 62.9 275.8 297.3 36.3 619.1 575.2 191.8 524.4 96.2 45.4
2804.8 572.3 356.3 192.6 179.1 586.0 285.9 406.9 434.1 171.6 445.9 260.1 91.5 579.4 608.3 561.1 169.3 444.3 168.8 459.2 441.5 349.4 161.1 561.9 531.7 584.0 568.5 624.8 636.0 132.9 393.8 509.5 549.3 0.0 438.6 130.4 569.3 107.6 434.6 626.8 582.0 80.5 194.7 160.8 107.2 104.5 264.6 95.6 476.8 592.2 445.9 136.1 166.8 562.2 453.5 646.1 307.5 129.1 307.0 467.7 471.2 636.9 596.9 317.7 471.5 225.7 562.4 423.9 604.9 368.5 583.6 608.9 440.5 328.4 99.1 466.8 610.3 603.1 249.9 529.6 382.3 129.3 212.7 348.8 97.5 595.2 620.7 417.8 463.6 585.7 148.1 163.2 486.8 200.3 502.0 594.8
2519.9 198.7 181.4 373.8 346.6 234.7 233.5 71.7 128.4 350.4 54.0 210.5 451.7 198.3 200.9 209.8 364.6 111.2 356.4 175.2 163.0 192.5 377.2 272.7 220.0 296.9 281.4 224.9 236.4 415.0 132.3 301.6 168.2 423.8 0.0 490.6 226.1 467.8 139.4 238.1 293.4 418.9 319.4 405.4 467.4 451.3 209.4 455.8 129.1 256.3 180.8 484.1 382.9 181.1 373.3 264.5 187.1 390.5 203.3 202.6 187.2 237.8 201.4 214.0 206.4 329.0 220.9 53.5 255.1 122.9 188.1 240.2 107.4 171.5 459.3 73.6 201.2 222.0 222.3 201.3 84.5 430.5 328.7 122.6 451.9 216.3 213.3 116.4 168.4 204.6 508.3 464.4 139.1 405.2 192.0 213.7
2783.0 550.5 334.5 170.8 157.3 564.2 264.1 385.1 408.0 149.8 424.1 238.3 50.0 557.6 586.5 539.3 147.5 422.5 147.0 437.4 425.2 327.6 139.3 538.0 509.9 562.2 546.7 603.0 614.2 113.8 372.0 487.7 527.5 145.6 416.8 0.0 547.5 75.7 412.8 605.0 560.2 81.9 172.9 139.0 103.4 41.2 242.8 99.1 455.0 570.4 424.1 114.3 145.0 540.4 433.2 624.3 281.9 107.3 285.2 445.9 449.4 615.1 575.1 295.9 449.7 203.9 540.6 402.1 583.1 346.7 561.8 587.1 418.7 306.6 77.3 440.9 588.5 581.3 228.1 504.7 360.5 107.5 210.1 327.0 83.0 573.4 598.9 396.0 441.8 563.9 88.6 141.4 465.0 178.5 480.2 573.0
2407.7 41.2 334.0 476.2 449.0 110.3 396.4 234.6 287.1 452.8 216.9 373.4 554.1 107.9 38.9 85.4 467.0 263.8 470.4 254.2 236.5 345.1 479.6 162.0 119.1 186.2 170.7 128.2 74.4 517.4 295.2 151.3 77.8 526.2 208.8 593.0 0.0 570.2 261.5 76.1 45.4 498.7 421.8 507.8 569.8 563.7 372.3 558.2 175.0 84.8 137.3 586.5 485.3 90.7 225.3 102.5 345.7 492.9 366.2 157.5 266.2 93.4 65.8 376.9 108.1 407.4 28.0 216.4 35.5 275.5 52.5 47.7 260.0 324.1 561.7 198.0 67.1 131.6 385.2 58.1 247.4 532.9 450.3 285.5 548.0 25.8 51.3 269.0 290.5 114.2 610.7 566.8 185.0 507.6 89.4 125.3
2819.4 586.9 370.9 207.2 193.7 600.6 292.2 421.5 448.7 186.2 460.5 274.7 98.2 594.0 622.9 575.7 194.9 458.9 171.8 473.8 456.1 364.0 175.7 576.5 546.3 598.6 583.1 639.4 650.6 147.5 408.4 524.1 563.9 182.0 453.2 36.3 583.9 0.0 449.2 641.4 596.6 140.1 209.3 175.4 139.8 77.6 268.1 135.5 491.4 606.8 460.5 179.5 181.4 576.8 468.1 660.7 322.6 143.7 321.6 482.3 485.8 651.5 611.5 332.3 486.1 264.3 577.0 438.5 619.5 383.1 598.2 623.5 455.1 343.0 113.7 481.4 624.9 617.7 264.5 544.2 396.9 143.9 227.3 363.4 107.3 609.8 635.3 432.4 478.2 600.3 125.0 177.8 501.4 206.5 516.6 609.4
2571.3 210.8 250.8 454.8 427.6 216.7 335.5 138.9 203.9 431.4 177.9 312.5 532.7 235.9 246.8 191.8 445.6 180.6 449.0 214.1 196.4 261.9 458.2 311.6 140.6 335.8 320.3 276.3 282.3 496.0 256.3 321.6 205.8 504.8 169.9 571.6 207.8 548.8 0.0 283.3 253.3 477.3 400.4 486.4 548.4 542.3 322.5 536.8 91.8 246.3 180.6 565.1 463.9 218.7 424.9 302.6 284.8 471.5 305.3 215.3 226.1 296.6 235.4 316.0 151.4 386.0 202.6 155.9 243.4 192.3 222.1 255.6 176.8 240.9 540.3 113.2 260.0 259.6 324.3 186.1 208.5 511.5 428.9 192.8 526.6 233.7 259.2 185.8 29.0 242.2 589.3 545.4 101.8 494.6 112.6 253.3
2356.1 57.6 406.1 525.5 498.3 167.2 415.8 254.0 359.2 502.1 236.3 392.8 603.4 55.6 47.1 142.3 516.3 335.9 519.7 326.3 308.6 417.2 528.9 212.1 191.2 236.3 220.8 84.3 9.1 566.7 314.6 200.6 65.2 575.5 228.2 642.3 85.5 619.5 333.6 0.0 117.3 548.0 471.1 557.1 619.1 613.0 402.8 607.5 247.1 138.7 209.4 635.8 534.6 52.8 274.6 19.2 365.1 542.2 385.6 206.8 338.3 70.1 33.0 396.3 180.2 456.7 99.6 235.8 117.0 347.6 46.3 84.3 332.1 396.2 611.0 217.4 63.1 79.3 404.6 84.2 266.8 582.2 499.6 304.9 597.3 60.2 34.7 341.1 362.6 61.9 660.0 616.1 257.1 565.3 161.5 73.0
2362.2 87.7 361.5 487.3 460.1 155.0 401.5 266.1 330.0 463.9 248.4 378.5 577.3 152.6 79.3 130.1 489.1 291.3 481.5 241.8 224.1 372.6 490.7 116.5 163.8 140.7 125.2 168.9 114.8 528.5 326.7 196.0 122.5 537.3 240.3 604.1 44.6 581.3 256.5 105.4 0.0 554.2 432.9 518.9 580.9 578.2 377.4 569.3 219.7 63.3 182.0 568.8 496.4 135.4 213.8 113.0 354.6 504.0 371.3 202.2 253.8 47.9 110.4 382.0 152.8 442.5 72.7 247.9 56.7 303.0 97.1 40.1 287.5 351.6 572.8 225.4 50.8 176.3 390.3 99.7 278.9 544.0 442.2 290.6 571.2 66.2 91.7 313.7 285.5 158.9 621.8 577.9 229.7 527.1 134.1 168.0
2768.6 536.1 320.1 156.4 135.5 549.8 247.6 370.7 397.9 128.0 409.7 223.9 82.9 543.2 572.1 524.9 142.7 408.1 142.2 423.0 414.9 313.2 124.9 533.2 495.5 547.8 532.3 588.6 592.4 109.0 357.6 473.3 513.1 123.8 395.0 104.8 533.1 99.0 398.4 590.6 545.8 0.0 158.5 134.2 71.0 75.5 226.9 70.0 440.6 556.0 409.7 127.4 130.6 526.0 426.9 609.9 271.3 92.9 263.4 431.5 435.0 600.7 560.7 281.5 435.3 199.1 526.2 387.7 568.7 332.3 547.4 582.3 404.3 292.2 62.9 436.1 574.1 566.9 213.7 503.0 346.1 102.7 205.3 312.6 66.1 551.6 584.5 381.6 427.4 549.5 102.9 136.6 450.6 164.1 465.8 570.2
2623.5 391.0 175.0 95.2 68.0 404.7 96.3 225.6 254.6 71.8 264.6 78.8 173.1 398.1 427.0 379.8 86.0 263.0 89.4 277.9 260.2 168.1 98.6 378.5 350.4 402.7 387.2 443.5 454.7 136.4 212.5 328.2 368.0 145.2 257.3 212.0 388.0 189.2 253.3 445.5 400.7 117.7 0.0 126.8 188.8 182.7 72.2 177.2 295.5 410.9 264.6 205.5 104.3 380.9 272.2 464.8 122.4 111.9 125.7 286.4 289.9 455.6 415.6 136.4 290.2 26.4 381.1 242.6 423.6 187.2 402.3 435.8 259.2 147.1 180.7 281.4 429.0 421.8 68.6 348.3 201.0 151.9 69.3 167.5 167.0 413.9 439.4 236.5 282.3 404.4 229.7 185.8 305.5 135.0 320.7 415.5
2681.3 448.8 232.8 100.8 55.6 462.5 160.3 283.4 306.3 48.1 322.4 136.6 164.8 455.9 484.8 437.6 56.8 320.8 83.4 335.7 323.5 225.9 104.2 436.3 408.2 460.5 445.0 501.3 512.5 139.3 270.3 386.0 425.8 150.8 315.1 217.6 445.8 194.8 311.1 503.3 458.5 167.7 71.2 0.0 194.4 178.3 130.0 182.8 353.3 468.7 322.4 211.1 109.9 438.7 330.0 522.6 180.2 117.5 183.5 344.2 347.7 513.4 473.4 194.2 348.0 126.2 438.9 300.4 481.4 245.0 460.1 485.4 317.0 204.9 186.3 339.2 486.8 479.6 126.4 403.0 258.8 157.5 89.2 225.3 172.6 471.7 497.2 294.3 340.1 462.2 235.3 191.4 363.3 68.4 378.5 473.3
2780.4 547.9 331.9 168.2 154.7 561.6 259.4 382.5 405.4 147.2 421.5 235.7 98.2 555.0 583.9 536.7 144.9 419.9 132.8 434.8 417.1 325.0 136.7 535.4 507.3 559.6 544.1 600.4 611.6 108.5 369.4 485.1 524.9 143.0 414.2 151.0 544.9 128.2 410.2 602.4 557.6 83.1 170.3 136.4 0.0 121.7 229.1 116.2 452.4 567.8 421.5 140.5 142.4 537.8 429.1 621.7 283.1 104.7 282.6 443.3 446.8 612.5 572.5 293.3 447.1 225.3 538.0 399.5 580.5 344.1 559.2 584.5 416.1 304.0 74.7 438.3 585.9 578.7 225.5 502.1 357.9 104.9 207.5 324.4 106.0 570.8 596.3 393.4 439.2 561.3 168.7 138.8 462.4 167.5 477.6 570.4
2812.0 579.5 363.5 203.2 176.3 593.2 288.2 417.5 440.4 168.8 453.1 267.3 82.4 586.6 615.5 568.3 179.9 451.5 179.4 466.4 452.1 356.6 168.3 570.4 538.9 591.2 575.7 632.0 633.2 146.2 401.0 516.7 546.5 178.0 449.2 72.1 576.5 49.3 441.8 634.0 592.6 132.7 201.9 168.0 122.4 0.0 260.7 128.1 484.0 599.4 456.5 168.2 164.0 569.4 464.1 643.3 314.3 136.3 304.2 474.9 478.4 644.1 604.1 324.9 478.7 236.3 569.6 431.1 612.1 375.7 590.8 616.1 447.7 335.6 106.3 473.3 617.5 610.3 257.1 540.2 389.5 136.5 242.5 356.0 103.3 592.4 627.9 425.0 470.8 592.9 103.5 160.4 484.0 197.5 509.2 607.4
2561.2 324.9 91.6 314.9 152.8 352.2 32.3 153.3 203.1 291.5 192.3 89.7 257.9 363.4 354.7 307.5 305.7 217.6 297.5 268.9 256.7 84.7 318.3 409.1 276.1 433.3 417.8 371.2 401.5 353.4 154.2 358.8 333.3 364.9 196.4 296.8 315.7 274.0 227.1 403.2 328.4 225.1 260.5 346.5 273.6 257.5 0.0 396.9 234.6 338.6 192.3 290.3 324.0 346.2 304.3 392.5 129.9 331.6 42.3 296.0 280.9 402.9 366.5 64.1 217.9 135.2 338.1 170.3 378.9 114.9 353.2 355.3 186.9 74.8 400.4 209.1 356.7 387.1 165.1 272.9 176.4 236.7 289.0 137.1 258.1 369.2 378.4 164.2 256.1 369.7 449.4 405.5 233.5 354.7 248.4 378.8
2846.1 613.6 397.6 233.9 220.4 627.3 318.9 448.2 477.2 212.9 487.2 301.4 113.1 620.7 649.6 602.4 210.6 485.6 210.1 500.5 482.8 390.7 202.4 601.1 573.0 625.3 609.8 666.1 677.3 176.9 435.1 550.8 590.6 208.7 479.9 98.2 610.6 75.4 475.9 668.1 623.3 181.2 236.0 202.1 166.5 68.9 305.9 0.0 518.1 633.5 487.2 206.2 208.1 603.5 494.8 687.4 345.0 170.4 348.3 509.0 512.5 678.2 638.2 359.0 512.8 267.0 603.7 465.2 646.2 409.8 624.9 658.4 481.8 369.7 140.4 504.0 651.6 644.4 291.2 570.9 423.6 170.6 273.2 390.1 134.0 636.5 662.0 459.1 504.9 627.0 151.7 204.5 528.1 233.2 543.3 638.1
2582.4 212.3 193.8 374.1 346.9 266.0 278.5 146.6 147.7 350.7 185.6 255.5 452.0 259.4 254.4 241.1 364.9 124.2 368.3 122.2 104.5 204.9 377.5 219.7 213.6 243.9 228.4 299.3 287.2 415.3 140.6 248.6 229.3 424.1 256.4 490.9 227.3 468.1 86.4 278.0 240.4 396.6 319.7 405.7 467.7 461.6 265.5 456.1 0.0 203.3 127.8 484.4 383.2 242.2 333.0 297.3 227.8 390.8 248.3 149.6 134.2 277.3 236.9 259.0 153.4 305.3 218.2 163.6 279.4 153.3 223.6 255.3 120.4 183.9 459.6 199.7 254.7 283.1 267.3 209.6 143.1 430.8 348.2 123.5 445.9 253.2 266.8 115.7 115.4 265.7 508.6 464.7 9.9 405.5 183.9 276.8
2391.3 126.0 305.0 430.8 403.6 169.7 345.0 257.2 244.4 407.4 286.7 322.0 508.7 191.2 117.9 144.8 421.6 234.8 425.0 185.3 167.6 316.1 434.2 60.0 178.5 84.2 68.7 207.2 153.4 472.0 251.2 144.5 161.1 480.8 278.6 547.6 83.2 524.8 200.0 143.7 49.3 453.3 376.4 462.4 524.4 518.3 320.9 512.8 234.4 0.0 134.6 541.1 439.9 174.0 157.3 151.3 294.3 447.5 314.8 156.4 197.3 86.2 148.7 325.5 167.5 362.0 90.5 286.2 95.3 246.5 135.4 86.9 231.0 295.1 516.3 267.8 89.1 214.9 333.8 141.4 253.7 487.5 404.9 234.1 502.6 104.8 130.3 226.3 229.0 197.5 565.3 521.4 244.4 470.6 148.8 208.6
2489.4 119.3 249.9 340.4 313.2 173.0 232.4 188.7 249.9 317.0 227.7 250.1 418.3 166.4 161.4 148.1 331.2 162.4 323.0 112.9 100.7 261.0 343.8 128.8 85.7 150.9 135.4 206.3 194.2 378.9 178.8 174.2 136.3 390.4 206.8 457.2 134.3 434.4 127.6 185.0 147.4 385.5 286.0 372.0 434.0 417.9 248.5 422.4 141.6 110.3 0.0 456.8 349.5 149.2 219.3 204.3 225.7 357.1 242.4 34.6 124.9 184.3 143.9 253.1 25.5 295.6 125.2 205.7 186.4 174.1 130.6 154.1 158.6 240.0 425.9 163.0 161.7 190.1 239.9 113.5 245.4 397.1 314.5 161.7 424.3 160.2 173.8 235.6 156.6 172.7 474.9 431.0 151.6 380.2 56.0 181.8
2759.9 527.4 311.4 153.8 134.2 541.1 238.8 368.1 391.0 97.9 401.0 215.2 196.8 534.5 563.4 516.2 130.5 399.4 130.0 414.3 402.7 304.5 116.2 521.0 486.8 539.1 523.6 579.9 562.3 96.8 348.9 464.6 504.4 168.9 393.7 200.8 524.4 206.8 389.7 581.9 537.1 150.9 149.8 115.9 206.4 196.4 225.8 194.8 431.9 547.3 401.0 0.0 128.0 517.3 414.7 601.2 262.6 84.2 262.1 422.8 426.3 592.0 552.0 272.8 426.6 186.9 517.5 379.0 560.0 323.6 538.7 535.2 395.6 283.5 198.3 423.9 565.4 558.2 205.0 490.8 337.4 169.5 193.1 303.9 190.7 550.3 575.8 372.9 418.7 540.8 247.3 209.5 448.0 161.5 457.1 558.0
2765.1 532.6 316.6 152.9 139.4 546.3 237.9 367.2 390.1 131.9 406.2 220.4 104.6 539.7 568.6 521.4 129.6 404.6 129.1 419.5 401.8 309.7 18.3 520.1 492.0 544.3 528.8 585.1 596.3 93.2 354.1 469.8 509.6 64.9 398.9 131.7 529.6 108.9 394.9 587.1 542.3 37.4 155.0 121.1 108.5 102.4 224.9 96.9 437.1 552.5 406.2 96.4 0.0 522.5 413.8 606.4 264.0 89.4 267.3 428.0 431.5 597.2 557.2 278.0 431.8 210.0 522.7 384.2 565.2 328.8 543.9 569.2 400.8 288.7 100.4 427.1 570.6 563.4 210.2 489.9 342.6 71.6 192.2 309.1 98.8 555.5 581.0 378.1 423.9 546.0 149.4 105.5 447.1 160.6 462.3 555.1
2414.5 60.7 353.2 497.0 469.8 129.5 368.4 206.6 306.3 473.6 188.9 345.4 574.9 17.1 62.9 104.6 487.8 283.0 491.2 273.4 255.7 364.3 500.4 215.7 138.3 239.9 224.4 62.5 73.7 538.2 267.2 203.7 12.4 547.0 180.8 613.8 79.0 591.0 280.7 64.5 124.5 519.5 442.6 528.6 590.6 584.5 344.3 579.0 194.2 129.4 156.5 607.3 506.1 0.0 277.7 83.8 317.7 513.7 338.2 191.2 285.4 99.8 63.4 348.9 127.3 428.2 85.7 188.4 117.1 294.7 50.1 93.4 279.2 343.3 582.5 170.0 63.2 40.8 357.2 31.3 219.4 553.7 471.1 257.5 568.8 78.3 75.3 288.2 309.7 23.4 631.5 587.6 204.2 528.4 108.6 34.5
2510.7 113.0 281.6 405.9 378.7 178.2 329.9 232.3 219.2 384.0 272.8 298.6 497.4 185.8 155.1 153.3 409.2 211.4 390.0 161.9 149.7 292.7 410.8 140.5 187.0 162.6 147.1 200.0 186.4 445.9 227.8 55.9 154.2 457.4 271.1 522.7 128.0 499.9 176.6 178.7 172.0 452.5 353.0 437.5 499.5 484.9 296.0 489.4 242.9 122.0 109.7 488.9 416.5 168.6 0.0 196.5 274.7 424.1 289.9 133.0 173.9 192.0 137.6 302.1 136.8 362.6 118.9 250.8 163.6 223.1 124.3 167.6 207.6 271.7 492.9 251.9 155.4 209.5 310.4 132.9 230.3 462.6 362.3 210.7 491.3 152.4 167.5 202.9 205.6 192.1 540.4 496.5 251.4 437.3 157.3 201.2
2353.3 86.5 435.0 554.4 527.2 196.1 450.9 282.9 386.3 531.0 265.2 421.7 644.4 84.5 63.1 171.2 545.2 364.8 537.0 355.2 337.5 446.1 557.8 209.3 220.1 233.5 218.0 111.9 45.1 592.9 343.5 229.5 94.1 604.4 257.1 671.2 112.1 648.4 362.5 28.8 119.4 576.9 500.0 586.0 648.0 641.9 420.6 636.4 276.0 154.7 238.3 664.7 563.5 81.7 303.5 0.0 394.0 571.1 414.5 235.7 367.2 67.3 61.9 425.2 209.1 509.6 128.5 264.7 107.6 376.5 75.2 90.3 361.0 425.1 639.9 242.2 71.7 108.2 433.5 113.1 295.7 611.1 528.5 333.8 626.2 76.2 50.7 370.0 391.5 90.8 688.9 645.0 286.0 585.8 190.4 99.9
2595.1 341.5 125.5 202.8 175.6 355.2 53.0 176.1 202.8 178.9 215.1 112.5 280.2 348.6 377.5 330.3 193.1 213.5 196.5 228.4 210.2 118.6 206.2 328.5 300.9 353.2 337.7 394.0 409.0 243.5 188.1 278.7 318.5 256.6 218.7 323.4 338.5 296.3 203.8 396.0 355.0 247.9 148.4 233.9 295.9 290.3 33.3 284.8 257.4 361.4 218.9 313.1 211.4 331.4 222.2 419.1 0.0 219.5 80.0 236.9 240.4 406.1 366.1 86.9 240.7 133.5 331.6 193.1 374.1 137.7 352.8 377.6 209.7 97.6 288.3 231.4 379.5 372.3 102.3 298.3 199.2 259.0 176.4 171.0 280.9 363.9 389.9 187.0 232.8 354.9 336.8 297.2 266.9 233.7 271.2 365.5
2705.9 473.4 257.4 93.7 80.2 487.1 178.7 308.0 337.0 72.7 347.0 161.2 118.7 480.5 509.4 462.2 70.4 345.4 69.9 360.3 342.6 250.5 44.2 460.9 432.8 485.1 469.6 525.9 537.1 36.7 294.9 410.6 450.4 90.8 339.7 157.6 470.4 134.8 335.7 527.9 483.1 63.3 95.8 61.9 134.4 128.3 154.6 122.8 377.9 493.3 347.0 151.1 49.9 463.3 354.6 547.2 204.8 0.0 208.1 368.8 372.3 538.0 498.0 218.8 372.6 126.8 463.5 325.0 506.0 269.6 484.7 518.2 341.6 229.5 126.3 363.8 511.4 504.2 151.0 430.7 283.4 97.5 133.0 249.9 112.6 496.3 521.8 318.9 364.7 486.8 175.3 131.4 387.9 101.4 403.1 497.9
2518.8 282.5 49.2 274.2 247.0 309.8 133.9 99.8 145.6 250.8 138.8 110.9 352.1 321.0 323.6 284.9 265.0 146.4 256.8 192.4 180.2 42.3 277.6 289.9 233.7 314.1 298.6 347.6 359.1 312.7 111.8 365.8 290.9 324.2 142.9 391.0 300.9 368.2 156.6 360.8 310.6 296.7 219.8 305.8 367.8 361.7 120.9 356.2 181.1 273.5 198.0 384.5 283.3 303.8 309.8 387.2 83.2 290.9 0.0 219.8 204.4 360.5 324.1 10.7 223.6 229.4 295.7 116.8 336.5 185.2 310.8 340.5 142.6 21.3 359.7 160.1 323.9 344.7 122.7 276.1 122.9 330.9 248.3 94.7 352.3 326.8 336.0 133.6 185.6 327.3 408.7 364.8 191.1 305.6 205.7 336.4
2517.6 147.5 251.5 398.4 371.2 201.2 272.5 218.1 215.2 375.0 257.1 249.5 476.3 194.6 189.6 176.3 389.2 162.3 392.6 69.5 51.8 262.6 401.8 154.9 148.8 179.1 163.6 234.5 222.4 439.6 178.7 215.2 164.5 448.4 239.8 515.2 162.5 492.4 109.8 213.2 175.6 420.9 344.0 430.0 492.0 485.9 248.4 480.4 170.8 138.5 63.0 508.7 407.5 177.4 259.3 232.5 221.8 415.1 242.3 0.0 81.5 212.5 172.1 253.0 88.6 329.6 153.4 235.1 214.6 211.0 158.8 190.5 158.5 241.6 483.9 206.0 189.9 218.3 261.3 144.8 181.2 455.1 372.5 161.6 470.2 188.4 202.0 161.1 138.8 200.9 532.9 489.0 180.8 438.2 119.1 212.0
2513.7 153.2 248.2 452.2 425.0 159.1 332.9 136.3 201.3 428.8 175.3 309.9 530.1 178.3 189.2 134.2 443.0 178.0 446.4 168.4 150.7 259.3 455.6 265.9 83.0 290.1 274.6 218.7 224.7 493.4 244.6 264.0 148.2 502.2 158.2 569.0 150.2 546.2 175.7 225.7 195.7 474.7 397.8 483.8 545.8 539.7 308.8 534.2 89.2 188.7 123.0 562.5 461.3 161.1 342.4 245.0 282.2 468.9 302.7 157.7 0.0 243.7 177.8 313.4 93.8 383.4 145.0 153.3 185.8 189.7 164.5 198.0 174.2 238.3 537.7 110.6 209.0 202.0 321.7 128.5 196.8 508.9 426.3 190.2 524.0 176.1 201.6 183.2 204.7 184.6 586.7 542.8 99.2 483.6 55.0 195.7
2344.5 85.8 386.9 512.7 485.5 179.7 426.9 264.2 326.3 489.3 246.5 403.9 590.6 113.1 91.7 154.8 503.5 316.7 506.9 267.2 249.5 398.0 516.1 141.9 220.3 166.1 150.6 120.9 73.7 553.9 324.8 226.4 122.7 562.7 238.4 629.5 101.1 606.7 281.9 57.4 56.4 535.2 458.3 544.3 606.3 600.2 402.8 594.7 255.8 114.1 238.5 623.0 521.8 110.3 239.2 65.0 376.2 529.4 396.7 235.0 279.2 0.0 90.5 407.4 209.3 443.9 129.2 246.0 113.2 328.4 103.8 61.6 312.9 377.0 598.2 227.6 48.9 132.9 415.7 106.9 277.0 569.4 486.8 316.0 584.5 70.7 79.3 308.2 310.9 119.4 647.2 603.3 265.8 544.1 190.6 130.5
2373.0 24.5 368.2 492.4 465.2 136.4 382.7 220.9 321.3 469.0 203.2 359.7 570.3 50.8 44.7 111.5 483.2 298.0 486.6 288.4 270.7 379.3 495.8 156.6 153.3 180.8 165.3 62.3 50.2 533.6 281.5 167.5 60.4 542.4 195.1 609.2 52.4 586.4 295.7 41.0 97.9 514.9 438.0 524.0 586.0 579.9 369.7 574.4 209.2 110.2 171.5 602.7 501.5 48.0 241.5 60.3 332.0 509.1 352.5 173.7 300.4 81.6 0.0 363.2 142.3 423.6 66.5 202.7 88.0 309.7 13.3 75.2 294.2 358.3 577.9 184.3 45.0 74.3 371.5 63.6 233.7 549.1 466.5 271.8 564.2 60.1 57.1 303.2 324.7 57.1 626.9 583.0 219.2 523.8 123.6 68.2
2508.1 271.8 38.5 263.5 236.3 299.1 123.2 89.1 141.0 240.1 128.1 100.2 341.4 310.3 312.9 274.2 254.3 135.7 257.7 181.7 164.0 31.6 266.9 279.2 223.0 303.4 287.9 336.9 348.4 304.7 101.1 355.1 280.2 313.5 132.2 380.3 290.2 357.5 145.9 350.1 299.9 286.0 209.1 295.1 357.1 351.0 99.1 345.5 170.4 262.8 187.3 373.8 272.6 293.1 299.1 376.5 72.5 280.2 93.0 209.1 193.7 349.8 313.4 0.0 212.9 194.7 285.0 106.1 325.8 174.5 300.1 338.0 131.9 10.6 349.0 145.3 313.2 334.0 112.0 268.5 112.2 320.2 237.6 84.0 335.3 316.1 325.3 122.9 174.9 316.6 398.0 354.1 180.4 303.3 195.0 327.7
2518.6 148.5 275.0 369.6 342.4 134.4 261.6 163.1 228.1 346.2 202.1 279.3 447.5 153.6 164.5 109.5 360.4 204.8 363.8 195.2 177.5 286.1 373.0 155.9 60.1 180.1 164.6 194.0 200.0 410.8 267.6 203.4 123.5 419.6 181.2 486.4 125.5 463.6 202.5 214.2 176.6 392.1 315.2 401.2 463.2 457.1 248.6 451.6 116.0 139.5 29.1 479.9 378.7 136.4 248.5 233.5 251.1 386.3 271.6 63.8 207.2 213.5 173.1 282.3 0.0 300.8 120.3 180.1 161.1 216.5 159.8 173.3 201.0 265.1 455.1 137.4 190.9 177.3 269.1 103.8 219.8 426.3 343.7 190.9 441.4 151.4 176.9 210.0 231.5 159.9 504.1 460.2 126.0 401.0 30.4 171.0
2678.5 446.0 230.0 68.7 41.5 459.7 159.6 280.6 307.8 56.1 319.6 133.8 158.7 453.1 482.0 434.8 70.5 318.0 51.3 332.9 320.7 223.1 72.1 435.6 405.4 457.7 442.2 498.5 520.5 107.2 267.5 383.2 433.8 129.5 323.1 185.5 443.0 162.7 308.3 500.5 466.5 113.8 68.4 100.3 162.3 146.2 138.3 150.7 350.5 465.9 330.4 150.2 88.6 435.9 328.7 530.6 181.2 85.4 180.7 341.4 344.9 510.6 470.6 191.4 345.2 0.0 436.1 297.6 478.6 242.2 457.3 482.6 314.2 202.1 154.2 340.5 484.0 476.8 123.6 400.2 256.0 136.2 23.6 222.5 152.6 468.9 494.4 291.5 337.3 459.4 203.2 170.1 360.5 100.1 375.7 468.5
2434.3 63.4 336.5 477.4 450.2 112.8 398.9 237.1 289.6 454.0 219.4 375.9 555.3 130.1 64.9 87.9 468.2 266.3 471.6 256.7 239.0 347.6 480.8 160.1 121.6 184.3 168.8 150.4 100.4 518.6 297.7 152.5 100.0 527.4 211.3 594.2 38.0 571.4 264.0 102.1 83.5 499.9 423.0 509.0 571.0 564.9 385.9 559.4 177.5 57.3 139.8 587.7 486.5 112.9 226.5 128.5 348.2 494.1 368.7 158.7 268.7 131.3 88.0 379.4 110.6 408.6 0.0 218.9 73.6 278.0 74.7 80.8 262.5 326.6 562.9 200.5 83.2 153.8 387.7 80.3 249.9 534.1 451.5 288.0 549.2 51.8 77.3 271.5 293.0 136.4 611.9 568.0 187.5 517.2 91.9 147.5
2554.0 204.5 167.4 359.7 332.5 240.5 219.4 18.1 134.0 336.3 21.9 196.4 437.6 204.1 206.7 215.6 350.5 128.7 353.9 174.7 157.0 231.6 363.1 272.2 166.4 296.4 280.9 230.7 242.2 400.9 118.2 301.1 174.0 409.7 75.6 476.5 233.6 453.7 138.9 243.9 292.9 382.2 305.3 391.3 453.3 447.2 195.3 441.7 113.8 255.8 180.3 470.0 368.8 186.9 395.3 270.3 168.7 376.4 189.2 202.1 186.7 243.6 207.2 199.9 177.2 290.9 228.4 0.0 260.9 140.4 193.9 237.2 124.9 210.6 445.2 88.7 207.0 227.8 208.2 211.9 70.4 416.4 333.8 108.5 431.5 222.1 219.1 115.9 167.9 210.4 494.2 450.3 123.8 399.5 138.4 221.5
2409.8 80.7 379.6 519.9 492.7 155.9 420.9 259.1 332.7 496.5 241.4 397.9 597.8 153.5 80.2 131.0 510.7 309.4 514.1 299.8 282.1 390.7 523.3 164.1 164.7 188.3 172.8 165.8 115.7 561.1 319.7 196.9 123.4 569.9 233.3 636.7 45.5 613.9 307.1 117.4 47.5 542.4 465.5 551.5 613.5 607.4 396.8 601.9 220.6 80.9 182.9 630.2 529.0 136.3 261.4 107.6 370.2 536.6 390.7 203.1 311.8 95.5 103.4 401.4 153.7 451.1 73.6 240.9 0.0 321.1 90.1 49.8 305.6 369.7 605.4 222.5 69.2 177.2 409.7 101.8 271.9 576.6 494.0 310.0 591.7 65.6 92.6 314.6 336.1 159.8 654.4 610.5 230.6 559.7 135.0 170.9
2606.5 323.5 147.8 262.4 235.2 382.8 154.4 216.4 174.7 239.0 255.4 172.1 340.3 376.2 405.1 357.9 253.2 183.1 256.6 234.4 216.7 158.9 265.8 356.6 325.5 380.8 365.3 421.6 432.8 303.6 199.5 306.3 346.1 312.4 258.9 379.2 366.1 356.4 192.6 423.6 378.8 284.9 208.0 294.0 356.0 349.9 208.4 344.4 244.6 314.5 239.7 372.7 271.5 359.0 250.3 442.9 181.8 279.1 202.3 261.5 246.4 388.5 348.1 213.0 265.3 193.6 359.2 233.4 401.7 0.0 334.8 413.9 179.3 137.9 347.9 201.5 391.6 399.9 161.9 326.4 221.5 319.1 236.5 182.4 334.2 392.0 417.5 156.6 221.6 382.5 396.9 353.0 254.6 302.2 269.2 393.6
2386.3 11.2 354.9 479.1 451.9 123.1 369.4 207.6 308.0 455.7 189.9 346.4 557.0 64.1 31.4 98.2 469.9 284.7 473.3 275.1 257.4 366.0 482.5 143.3 140.0 167.5 152.0 75.6 66.9 520.3 268.2 154.2 73.7 529.1 181.8 595.9 39.1 573.1 282.4 68.6 84.6 501.6 424.7 510.7 572.7 566.6 345.3 561.1 195.9 96.9 158.2 589.4 488.2 61.3 228.2 73.6 318.7 495.8 339.2 160.4 287.1 68.3 13.3 349.9 129.0 410.3 53.2 189.4 74.7 296.4 0.0 61.9 280.9 345.0 564.6 171.0 31.7 87.6 358.2 50.3 220.4 535.8 453.2 258.5 550.9 46.8 43.8 289.9 311.4 70.4 613.6 569.7 205.9 518.9 110.3 81.5
2391.3 64.4 381.7 516.4 489.2 158.0 410.8 242.8 328.7 493.0 225.1 381.6 580.4 134.9 53.9 133.1 518.2 311.5 510.6 301.9 289.7 392.8 519.8 145.6 166.8 169.8 154.3 145.3 95.5 554.9 303.4 199.0 92.2 566.4 217.0 633.2 47.6 610.4 309.2 79.2 29.0 583.3 462.0 548.0 610.0 603.9 391.6 598.4 222.7 87.9 185.0 632.8 525.5 105.1 242.9 86.8 353.9 533.1 374.4 205.2 313.9 77.0 87.1 385.1 155.8 471.6 75.7 224.6 59.7 323.2 73.8 0.0 307.7 371.8 601.9 202.1 27.5 157.3 393.4 85.5 255.6 573.1 471.3 293.7 588.2 49.3 66.3 316.7 338.2 141.2 650.9 607.0 232.7 547.8 137.1 150.3
2561.5 325.2 73.9 277.9 250.7 352.5 158.6 142.5 190.2 254.5 181.5 135.6 355.8 363.7 366.3 327.6 268.7 3.8 272.1 249.9 232.2 85.0 281.3 372.1 276.4 396.3 380.8 390.3 401.8 319.1 159.1 321.8 333.6 327.9 185.6 394.7 343.6 371.9 208.1 403.5 394.3 300.4 223.5 309.5 371.5 365.4 145.6 359.9 223.8 316.2 255.2 388.2 287.0 346.5 265.8 429.9 107.9 294.6 128.4 277.0 261.9 403.2 366.8 139.1 280.8 209.1 338.4 159.5 379.2 15.4 353.5 391.4 0.0 64.0 363.4 198.7 366.6 387.4 147.4 341.9 147.6 334.6 252.0 114.1 349.7 369.5 378.7 172.1 237.1 370.0 412.4 368.5 233.8 317.7 248.4 381.1
2497.4 261.1 134.3 324.5 297.3 288.4 184.2 78.4 130.3 301.1 117.4 161.2 402.4 299.6 302.2 263.5 315.3 125.0 318.7 171.0 153.3 20.9 327.9 268.5 212.3 292.7 277.2 326.2 337.7 365.7 90.4 372.9 269.5 374.5 121.5 441.3 279.5 418.5 135.2 339.4 289.2 347.0 270.1 356.1 418.1 412.0 160.1 406.5 159.7 252.1 176.6 434.8 333.6 282.4 360.1 365.8 133.5 341.2 154.0 198.4 183.0 339.1 302.7 164.7 202.2 255.7 274.3 95.4 315.1 136.7 289.4 327.3 121.2 0.0 410.0 134.6 302.5 323.3 173.0 257.8 92.9 381.2 298.6 73.3 396.3 305.4 314.6 112.2 164.2 305.9 459.0 415.1 169.7 364.3 184.3 317.0
2741.6 509.1 293.1 129.4 115.9 522.8 214.4 343.7 372.7 108.4 382.7 196.9 132.1 516.2 545.1 497.9 106.1 381.1 105.6 396.0 378.3 286.2 97.9 496.6 468.5 520.8 505.3 561.6 572.8 72.4 330.6 446.3 486.1 104.2 375.4 171.0 506.1 148.2 371.4 563.6 518.8 76.7 131.5 97.6 147.8 141.7 201.4 136.2 413.6 529.0 382.7 101.7 103.6 499.0 390.3 582.9 240.5 65.9 243.8 404.5 408.0 573.7 533.7 254.5 408.3 162.5 499.2 360.7 541.7 305.3 520.4 553.9 377.3 265.2 0.0 399.5 547.1 539.9 186.7 466.4 319.1 66.1 168.7 285.6 126.0 532.0 557.5 354.6 400.4 522.5 188.7 100.0 423.6 128.7 438.8 533.6
2508.7 194.4 204.1 385.2 353.9 200.3 253.2 83.1 155.4 361.8 65.4 221.9 475.2 187.1 189.7 175.4 387.0 133.9 367.8 193.9 181.7 215.2 388.6 334.8 124.2 356.9 341.4 213.7 225.2 423.7 143.7 305.2 152.9 435.2 53.2 497.9 191.4 475.1 158.1 226.9 241.0 430.3 330.8 416.8 474.7 462.7 216.7 467.2 71.6 229.9 168.3 466.7 394.3 169.9 385.1 249.2 198.0 401.9 210.6 198.9 205.9 226.6 190.2 225.4 135.0 340.4 186.2 64.9 227.0 145.6 176.9 231.0 130.1 194.2 470.7 0.0 190.0 210.8 233.7 166.6 95.9 437.8 340.1 134.0 469.1 201.0 202.1 139.1 187.1 193.4 515.6 475.8 81.6 416.6 96.2 202.5
2356.0 36.8 370.9 504.7 477.5 130.7 377.0 215.2 324.0 481.3 197.5 354.0 582.6 94.7 26.3 105.8 495.5 300.7 498.9 300.0 282.3 382.0 508.1 152.4 164.9 176.6 161.1 133.2 61.8 545.9 275.8 179.8 64.6 554.7 189.4 621.5 57.6 598.7 293.3 67.1 78.8 527.2 450.3 536.3 598.3 592.2 352.9 586.7 206.8 100.2 183.1 615.0 513.8 77.5 253.8 74.7 326.3 521.4 346.8 186.0 312.0 36.5 59.5 357.5 153.9 435.9 78.8 197.0 48.1 312.4 46.2 30.1 296.9 361.0 590.2 178.6 0.0 118.4 365.8 57.9 228.0 561.4 478.8 266.1 576.5 21.7 38.7 305.9 322.3 101.0 639.2 595.3 216.8 536.1 135.2 112.1
2376.7 101.1 393.6 537.4 510.2 169.9 408.8 247.0 346.7 514.0 229.3 385.8 615.3 23.7 103.3 145.0 528.2 323.4 531.6 313.8 296.1 404.7 540.8 256.1 178.7 280.3 264.8 21.6 79.7 578.6 307.6 244.1 52.7 587.4 221.2 654.2 119.4 631.4 321.1 70.5 164.9 559.9 483.0 569.0 631.0 624.9 384.7 619.4 234.6 169.8 196.9 647.7 546.5 40.3 318.1 89.8 358.1 554.1 378.6 231.6 325.8 140.2 77.7 389.3 167.7 468.6 126.1 228.8 157.5 335.1 90.5 133.8 319.6 383.7 622.9 210.4 103.6 0.0 397.6 71.7 259.8 594.1 511.5 297.9 609.2 130.8 105.3 328.6 350.1 17.3 671.9 628.0 244.6 568.8 149.0 6.3
2554.8 346.0 130.0 151.4 124.2 359.7 51.3 163.5 209.6 128.0 186.8 10.1 229.3 353.1 353.6 334.8 142.2 218.0 145.6 232.9 215.2 123.1 154.8 333.5 305.4 357.7 342.2 398.5 389.1 192.6 143.8 283.2 323.0 201.4 188.6 268.2 343.0 245.4 208.3 400.5 355.7 173.9 97.0 183.0 245.0 238.9 27.2 233.4 226.8 365.9 219.6 261.7 160.5 335.9 227.2 419.8 53.7 168.1 80.7 241.4 244.9 390.5 354.1 91.4 245.2 82.6 336.1 180.5 378.6 142.2 340.8 390.8 214.2 102.1 236.9 201.7 353.9 376.8 0.0 303.3 132.3 208.1 125.5 98.8 223.2 368.9 366.0 191.5 237.3 359.4 285.9 242.0 236.8 191.2 251.4 370.5
2426.7 50.6 321.8 465.6 435.5 98.1 358.3 188.2 273.1 442.2 170.5 327.0 555.6 49.7 70.3 73.2 467.4 251.6 448.2 242.0 229.8 332.9 469.0 202.9 106.9 225.0 209.5 95.1 106.3 504.1 248.8 173.3 19.6 512.7 162.4 579.5 47.6 556.7 249.3 97.1 90.2 510.7 411.2 497.2 556.3 543.1 329.0 547.6 162.8 98.0 122.2 547.1 474.7 32.5 248.8 116.4 303.1 482.3 322.9 159.8 254.0 107.2 75.2 330.5 95.9 420.8 54.3 170.0 83.2 263.3 61.9 84.3 247.8 311.9 551.1 147.5 70.6 73.4 338.8 0.0 201.0 519.4 420.5 239.1 549.5 70.6 82.7 256.8 278.3 56.0 597.2 553.3 169.9 494.1 77.2 65.1
2515.5 240.1 152.0 289.2 262.0 255.0 148.9 67.4 109.3 265.8 54.4 125.9 367.1 218.6 221.2 230.1 280.0 104.0 283.4 150.0 132.3 161.1 292.6 247.5 183.3 271.7 256.2 245.2 256.7 330.4 47.7 276.4 188.5 339.2 92.5 406.0 250.5 383.2 114.2 258.4 268.2 311.7 234.8 320.8 382.8 376.7 124.8 371.2 130.7 231.1 155.6 399.5 298.3 201.4 324.8 284.8 98.2 305.9 118.7 177.4 162.0 258.1 221.7 129.4 181.2 220.4 245.3 84.4 275.4 115.7 208.4 251.7 100.2 140.1 374.7 105.6 221.5 242.3 137.7 237.4 0.0 345.9 263.3 38.0 361.0 236.6 233.6 91.2 143.2 224.9 423.7 379.8 140.7 320.6 155.3 236.0
2739.6 507.1 291.1 127.4 113.9 520.8 212.4 341.7 364.6 106.4 380.7 194.9 98.2 514.2 543.1 495.9 104.1 379.1 103.6 394.0 376.3 284.2 95.9 494.6 466.5 518.8 503.3 559.6 570.8 67.7 328.6 444.3 484.1 84.2 373.4 151.0 504.1 128.2 369.4 561.6 516.8 101.1 129.5 95.6 127.8 111.7 199.4 116.2 411.6 527.0 380.7 99.7 101.6 497.0 388.3 580.9 238.5 63.9 241.8 402.5 406.0 571.7 531.7 252.5 406.3 160.5 497.2 358.7 539.7 303.3 518.4 543.7 375.3 263.2 119.7 397.5 545.1 537.9 184.7 461.3 317.1 0.0 166.7 283.6 106.0 530.0 555.5 352.6 398.4 520.5 168.7 33.9 421.6 126.7 436.8 529.6
2725.9 493.4 277.4 81.6 17.8 507.1 207.0 328.0 355.2 56.1 367.0 181.2 171.6 500.5 529.4 482.2 83.4 365.4 64.2 380.3 368.1 270.5 85.0 483.0 452.8 505.1 489.6 545.9 520.5 120.1 314.9 430.6 433.8 131.6 323.1 161.8 490.4 139.0 355.7 547.9 466.5 126.7 115.8 113.2 138.6 159.1 185.7 163.6 397.9 513.3 330.4 163.1 90.7 483.3 376.1 530.6 228.6 98.3 191.5 388.8 392.3 558.0 518.0 238.8 392.6 170.8 483.5 345.0 526.0 289.6 504.7 493.4 361.6 249.5 167.1 387.9 531.4 524.2 171.0 447.6 303.4 101.7 0.0 269.9 165.5 516.3 541.8 338.9 384.7 506.8 179.5 172.2 371.3 76.4 423.1 515.9
2455.9 250.7 113.9 251.1 223.9 256.6 110.8 64.6 111.7 227.7 87.9 87.8 329.0 252.1 254.7 231.7 241.9 106.4 245.3 152.4 134.7 123.0 254.5 249.9 180.5 274.1 258.6 278.7 290.2 292.3 44.9 342.7 222.0 301.1 89.7 367.9 247.7 345.1 116.6 291.9 270.6 273.6 196.7 282.7 344.7 338.6 97.8 333.1 127.9 233.5 158.0 361.4 260.2 234.9 286.7 318.3 60.1 267.8 80.6 179.8 164.4 291.6 255.2 91.3 191.3 182.3 242.5 81.6 283.3 162.1 241.9 285.2 102.6 102.0 336.6 102.8 255.0 275.8 99.6 226.0 33.4 307.8 225.2 0.0 322.9 270.1 267.1 93.6 145.6 258.4 385.6 341.7 137.9 282.5 152.5 269.5
2801.2 568.7 352.7 194.8 169.2 582.4 279.8 409.1 430.5 161.7 442.3 256.5 56.0 575.8 604.7 557.5 165.7 440.7 165.2 455.6 437.9 345.8 157.5 556.2 528.1 580.4 564.9 621.2 632.4 132.0 390.2 505.9 545.7 169.6 428.7 112.9 565.7 78.0 431.0 623.2 584.2 121.9 191.1 163.0 115.3 74.9 261.0 72.3 473.2 588.6 448.1 161.1 163.2 558.6 449.9 642.5 303.9 125.5 297.1 464.1 467.6 633.3 593.3 314.1 467.9 222.1 558.8 420.3 601.3 364.9 580.0 605.3 436.9 324.8 95.5 459.1 606.7 599.5 246.3 526.0 378.7 131.5 228.3 345.2 0.0 585.3 617.1 414.2 460.0 582.1 100.5 153.3 483.2 194.1 498.4 593.2
2387.4 41.5 369.9 509.4 482.2 135.4 387.9 219.9 321.2 486.0 202.2 358.7 599.1 105.9 13.0 110.5 500.2 299.7 492.0 290.1 272.4 381.0 512.8 173.6 155.0 197.8 182.3 123.7 48.5 547.9 280.5 184.5 69.3 559.4 194.1 626.2 35.8 603.4 297.4 50.2 57.0 576.3 455.0 541.0 603.0 586.9 357.6 591.4 210.9 78.4 173.2 619.7 518.5 82.2 258.5 76.6 331.0 526.1 351.5 190.7 302.1 67.9 64.2 362.2 144.0 464.6 63.9 201.7 47.1 311.4 50.9 51.1 295.9 360.0 594.9 179.2 31.3 129.6 370.5 65.5 232.7 566.1 483.5 270.8 581.2 0.0 25.4 304.9 326.4 112.2 643.9 600.0 220.9 549.2 125.3 121.3
2384.4 58.5 395.4 537.6 510.4 152.4 398.7 236.9 348.5 514.2 219.2 375.7 615.5 80.4 12.4 127.5 528.4 325.2 531.8 315.6 297.9 406.5 541.0 180.8 180.5 205.0 189.5 98.2 23.0 578.8 297.5 212.7 90.0 587.6 211.1 654.4 61.3 631.6 322.9 24.7 82.5 560.1 483.2 569.2 631.2 625.1 385.7 619.6 236.4 103.9 198.7 647.9 546.7 77.6 286.7 51.1 348.0 554.3 368.5 218.9 327.6 64.9 57.8 379.2 169.5 468.8 89.4 218.7 82.2 336.9 71.1 58.5 321.4 385.5 623.1 200.3 28.3 104.1 387.5 79.6 249.7 594.3 511.7 287.8 609.4 25.4 0.0 330.4 351.9 86.7 672.1 628.2 246.4 577.4 150.8 97.8
2553.6 210.7 200.4 404.4 377.2 216.6 285.1 88.5 18.0 381.0 110.3 262.1 482.3 232.0 234.6 191.7 395.2 130.2 398.6 194.2 176.5 211.5 407.8 291.7 140.5 315.9 300.4 258.6 270.1 445.6 188.6 320.6 201.9 454.4 102.2 521.2 207.7 498.4 158.4 271.8 253.2 426.9 350.0 436.0 498.0 491.9 272.1 486.4 87.9 275.3 199.8 514.7 413.5 214.8 392.3 298.2 234.4 421.1 254.9 221.6 206.2 271.5 235.1 265.6 151.3 335.6 202.5 109.8 243.3 141.9 221.8 255.5 126.4 190.5 489.9 44.8 234.9 255.7 273.9 186.0 140.8 461.1 378.5 178.9 476.2 233.6 247.0 0.0 187.4 238.3 538.9 495.0 97.9 444.2 112.5 249.4
2542.3 181.8 221.8 425.8 398.6 187.7 306.5 109.9 174.9 402.4 148.9 283.5 503.7 206.9 217.8 162.8 416.6 151.6 420.0 185.1 167.4 232.9 429.2 282.6 111.6 306.8 291.3 247.3 253.3 467.0 227.3 292.6 176.8 475.8 140.9 542.6 178.8 519.8 149.3 254.3 224.3 448.3 371.4 457.4 519.4 513.3 282.4 507.8 62.8 217.3 151.6 536.1 434.9 189.7 395.9 273.6 255.8 442.5 276.3 186.3 197.1 267.6 206.4 287.0 122.4 357.0 173.6 126.9 214.4 163.3 193.1 226.6 147.8 211.9 511.3 84.2 231.0 230.6 295.3 157.1 179.5 482.5 399.9 163.8 497.6 204.7 230.2 156.8 0.0 213.2 560.3 516.4 72.8 457.2 83.6 224.3
2394.1 83.7 376.2 520.0 492.8 152.5 391.4 229.6 329.3 496.6 211.9 368.4 597.9 6.3 85.9 127.6 510.8 306.0 514.2 296.4 278.7 387.3 523.4 238.7 161.3 262.9 247.4 39.0 62.3 561.2 290.2 226.7 35.3 570.0 203.8 636.8 102.0 614.0 303.7 53.1 147.5 542.5 465.6 551.6 613.6 607.5 378.4 602.0 217.2 152.4 179.5 630.3 529.1 22.9 300.7 72.4 340.7 536.7 361.2 214.2 308.4 122.8 60.3 371.9 150.3 451.2 108.7 211.4 140.1 317.7 73.1 116.4 302.2 366.3 605.5 193.0 86.2 17.3 380.2 54.3 242.4 576.7 494.1 280.5 591.8 113.4 87.9 311.2 332.7 0.0 654.5 610.6 227.2 559.8 131.6 11.0
2782.1 549.6 333.6 169.9 156.4 563.3 261.1 384.2 407.1 148.9 423.2 237.4 131.8 556.7 585.6 538.4 146.6 421.6 134.5 436.5 418.8 326.7 138.4 537.1 509.0 561.3 545.8 602.1 613.3 110.2 371.1 486.8 526.6 144.7 415.9 170.7 546.6 147.9 411.9 604.1 559.3 102.8 172.0 138.1 102.5 131.4 230.8 135.9 454.1 569.5 423.2 142.2 144.1 539.5 430.8 623.4 281.0 106.4 284.3 445.0 448.5 614.2 574.2 295.0 448.8 227.0 539.7 401.2 582.2 345.8 560.9 586.2 417.8 305.7 76.4 440.0 587.6 580.4 227.2 503.8 359.6 106.6 209.2 326.1 132.0 572.5 598.0 395.1 440.9 563.0 0.0 140.5 464.1 169.2 479.3 572.1
2766.0 533.5 317.5 153.8 140.3 547.2 245.0 368.1 395.3 132.8 407.1 221.3 138.5 540.6 569.5 522.3 130.5 405.5 130.0 420.4 408.2 310.6 122.3 521.0 492.9 545.2 529.7 586.0 597.2 96.8 355.0 470.7 510.5 110.6 399.8 177.4 530.5 154.6 395.8 588.0 543.2 105.7 155.9 122.0 154.2 138.1 225.8 142.6 438.0 553.4 407.1 97.3 128.0 523.4 416.2 607.3 264.9 90.3 268.2 428.9 432.4 598.1 558.1 278.9 432.7 210.9 523.6 385.1 566.1 329.7 544.8 570.1 401.7 289.6 146.1 428.0 571.5 564.3 211.1 490.8 343.5 26.3 193.1 310.0 144.5 556.4 581.9 379.0 424.8 546.9 195.1 0.0 448.0 153.1 463.2 556.0
2572.4 202.3 183.8 364.1 336.9 256.0 268.5 136.6 137.7 340.7 175.6 245.5 453.8 249.4 244.4 231.1 354.9 114.2 346.7 112.2 100.0 194.9 367.5 209.7 203.6 233.9 218.4 289.3 277.2 402.6 130.6 238.6 219.3 414.1 246.4 480.9 217.3 458.1 76.4 268.0 230.4 386.6 309.7 395.7 457.7 451.6 244.4 446.1 168.3 193.3 117.8 480.5 373.2 232.2 323.0 287.3 217.8 380.8 238.3 139.6 124.2 267.3 226.9 249.0 143.4 319.3 208.2 153.6 269.4 143.3 213.6 237.1 110.4 173.9 449.6 193.8 244.7 273.1 257.3 196.5 133.1 420.8 338.2 113.5 448.0 243.2 256.8 105.7 105.4 255.7 498.6 454.7 0.0 395.5 173.9 264.8
2687.5 455.0 239.0 140.5 104.9 468.7 160.2 281.2 304.1 45.9 320.2 142.8 196.1 462.1 482.6 435.4 131.3 327.0 134.7 341.9 321.3 232.1 143.9 434.1 414.4 466.7 442.8 499.1 518.7 170.6 276.5 392.2 432.0 190.5 321.3 248.9 452.0 226.1 317.3 509.5 456.3 163.0 77.4 163.7 225.7 228.0 136.2 222.5 359.5 474.9 320.2 256.9 141.2 444.9 327.8 520.4 178.0 148.8 181.3 342.0 345.5 519.6 479.6 200.4 345.8 100.0 436.7 298.2 487.6 242.8 457.9 483.2 314.8 202.7 217.6 337.0 493.0 485.8 132.6 400.8 256.6 197.2 106.2 231.5 224.4 469.5 503.4 292.1 337.9 468.4 266.6 231.1 361.1 0.0 376.3 469.1
2458.6 98.1 244.5 408.4 381.2 104.0 329.2 132.6 197.6 385.0 169.0 306.2 486.3 123.2 134.1 79.1 399.2 174.3 402.6 164.7 147.0 255.6 411.8 206.4 29.6 230.6 215.1 163.6 169.6 449.6 247.3 208.9 93.1 458.4 160.9 525.2 95.1 502.4 172.0 170.6 140.6 430.9 354.0 440.0 502.0 495.9 305.1 490.4 85.5 133.6 67.9 518.7 417.5 106.0 287.3 189.9 278.5 425.1 299.0 102.6 176.7 188.6 122.7 309.7 38.7 339.6 89.9 149.6 130.7 186.0 109.4 142.9 170.5 234.6 493.9 106.9 153.9 146.9 318.0 73.4 199.5 465.1 382.5 186.5 480.2 121.0 146.5 179.5 201.0 129.5 542.9 499.0 95.5 448.2 0.0 140.6
2383.0 94.8 387.3 529.1 501.9 163.6 410.8 240.7 338.6 505.7 223.0 379.5 621.1 17.3 97.0 138.7 532.9 317.1 513.7 307.5 295.3 398.4 534.5 251.9 172.4 274.0 258.5 27.9 73.4 569.6 301.3 237.8 44.4 579.1 212.9 645.9 113.1 623.1 314.8 64.2 156.6 576.2 476.7 560.7 622.7 608.6 376.4 613.1 228.3 163.5 188.6 612.6 538.2 34.0 313.3 81.5 355.6 547.8 370.3 225.3 319.5 133.9 71.4 383.0 161.4 486.3 119.8 222.5 151.2 328.8 84.2 134.3 313.3 377.4 616.6 200.0 97.3 6.3 391.3 68.3 253.5 585.8 486.0 291.6 615.0 122.5 99.0 322.3 343.8 11.0 663.6 619.7 236.3 560.5 142.7 0.0
