Name		2790_BED-Amazon_n99_m167_bt29
Number_of_Customers	99
Number_of_Items		167
Number_of_ItemTypes	29
Number_of_Vehicles	1
TimeWindows		0
Dist_type	manual

VEHICLE
Mass_Capacity	1693
CargoSpace_Length	160
CargoSpace_Width	70
CargoSpace_Height	72

CUSTOMERS
i	x	y	Demand	ReadyTime	DueDate	ServiceTime	DemandedMass	DemandedVolume
0	41.840375	-87.683736	0	0	0	0	0	0
1	41.888079	-87.776819	1	0	0	0	4.7	1380
2	41.911646	-87.763076	1	0	0	0	4.7	1380
3	41.920825	-87.784118	1	0	0	0	2.5	9044
4	41.892066	-87.77991	2	0	0	0	3.2	6618
5	41.88906	-87.774944	1	0	0	0	14.1	4140
6	41.913225	-87.75086	1	0	0	0	4.7	1380
7	41.894635	-87.779716	1	0	0	0	4.7	1380
8	41.888771	-87.776562	2	0	0	0	11.15	7368
9	41.911743	-87.755738	3	0	0	0	7.9	7998
10	41.912054	-87.765599	1	0	0	0	4.7	1380
11	41.888184	-87.780365	1	0	0	0	9.4	2760
12	41.884429	-87.775113	3	0	0	0	11.94	19620
13	41.921531	-87.783008	2	0	0	0	6.83	13144
14	41.921744	-87.782054	1	0	0	0	1.59	3400
15	41.919586	-87.78287	1	0	0	0	1.8	2520
16	41.885497	-87.774828	1	0	0	0	0.7	2640
17	41.893753	-87.778338	1	0	0	0	14.1	4140
18	41.89658	-87.771125	1	0	0	0	2.15	1080
19	41.913055	-87.759458	1	0	0	0	0.7	2640
20	41.910659	-87.756925	2	0	0	0	11.9	6738
21	41.891429	-87.779892	2	0	0	0	3.65	5784
22	41.913812	-87.772863	1	0	0	0	2.15	1080
23	41.910675	-87.759371	1	0	0	0	4.7	1380
24	41.91011	-87.778894	2	0	0	0	11.15	7368
25	41.89064	-87.781498	4	0	0	0	9.05	9804
26	41.88667	-87.774866	2	0	0	0	3.65	5784
27	41.922905	-87.784198	1	0	0	0	4.7	1380
28	41.913184	-87.754671	2	0	0	0	6.6	2556
29	41.915104	-87.760446	1	0	0	0	4.7	1380
30	41.892406	-87.778298	5	0	0	0	22.0	17368
31	41.912289	-87.753504	2	0	0	0	3.3	13040
32	41.913766	-87.761936	1	0	0	0	2.15	1080
33	41.891484	-87.78153	1	0	0	0	4.7	1380
34	41.914918	-87.758684	1	0	0	0	2.5	3978
35	41.889074	-87.775776	1	0	0	0	3.57	15456
36	41.911639	-87.744714	1	0	0	0	3.82	8580
37	41.877607	-87.750816	1	0	0	0	1.9	1176
38	41.921801	-87.782328	1	0	0	0	0.7	2640
39	41.92042	-87.7837	1	0	0	0	4.7	1380
40	41.878378	-87.77459	1	0	0	0	1.9	1176
41	41.91177	-87.770353	2	0	0	0	6.6	2556
42	41.911437	-87.748168	1	0	0	0	1.9	1176
43	41.88139	-87.774699	1	0	0	0	4.7	1380
44	41.883319	-87.757615	1	0	0	0	3.01	5544
45	41.889664	-87.776589	1	0	0	0	1.9	1176
46	41.912428	-87.771557	1	0	0	0	0.7	2640
47	41.911817	-87.771544	1	0	0	0	4.7	1380
48	41.91313	-87.757651	1	0	0	0	5.29	8075
49	41.894214	-87.779981	2	0	0	0	7.3	11780
50	41.893154	-87.748761	1	0	0	0	1.9	1176
51	41.912291	-87.777747	1	0	0	0	4.7	1380
52	41.912578	-87.772819	1	0	0	0	2.15	1080
53	41.919659	-87.784096	1	0	0	0	7.57	28120
54	41.883815	-87.774776	1	0	0	0	4.7	1380
55	41.890214	-87.774984	1	0	0	0	4.7	1380
56	41.911727	-87.777726	1	0	0	0	4.7	1380
57	41.911971	-87.766832	1	0	0	0	2.15	1080
58	41.91471	-87.756744	6	0	0	0	33.43	32312
59	41.911594	-87.767994	1	0	0	0	7.3	3640
60	41.889484	-87.778218	4	0	0	0	53.7	132280
61	41.910242	-87.781751	3	0	0	0	11.85	21036
62	41.91482	-87.757716	1	0	0	0	4.7	1380
63	41.890352	-87.77661	1	0	0	0	4.66	4350
64	41.890162	-87.778233	2	0	0	0	3.2	6618
65	41.911595	-87.780183	2	0	0	0	5.1	14378
66	41.893384	-87.778326	1	0	0	0	1.9	1176
67	41.912322	-87.750628	1	0	0	0	2.15	1080
68	41.889515	-87.781467	2	0	0	0	15.3	9920
69	41.913143	-87.774098	1	0	0	0	1.9	1176
70	41.896166	-87.775174	1	0	0	0	0.7	2640
71	41.889998	-87.779859	2	0	0	0	7.79	12053
72	41.915328	-87.75773	1	0	0	0	4.7	1380
73	41.910227	-87.772741	1	0	0	0	9.4	2760
74	41.896056	-87.77679	3	0	0	0	25.01	13784
75	41.915454	-87.758714	1	0	0	0	5.29	8075
76	41.912446	-87.761886	1	0	0	0	4.7	1380
77	41.911943	-87.781458	1	0	0	0	7.3	3640
78	41.912345	-87.748513	1	0	0	0	0.7	2640
79	41.892335	-87.781557	1	0	0	0	7.3	3640
80	41.910381	-87.760587	1	0	0	0	4.7	1380
81	41.911384	-87.752537	1	0	0	0	4.7	1380
82	41.920565	-87.781686	1	0	0	0	1.75	4608
83	41.912717	-87.752759	1	0	0	0	7.3	3640
84	41.911385	-87.751348	1	0	0	0	4.7	1380
85	41.910614	-87.752654	1	0	0	0	4.8	6200
86	41.918716	-87.781609	1	0	0	0	2.91	13520
87	41.910456	-87.773996	2	0	0	0	7.71	6924
88	41.91409	-87.781198	1	0	0	0	14.15	1000
89	41.897221	-87.77521	2	0	0	0	5.51	6660
90	41.879296	-87.774625	1	0	0	0	1.91	14280
91	41.913239	-87.749838	1	0	0	0	2.15	1080
92	41.911455	-87.746898	2	0	0	0	5.4	4020
93	41.912276	-87.754558	3	0	0	0	12.94	24680
94	41.912214	-87.775283	1	0	0	0	3.01	5544
95	41.914251	-87.774556	1	0	0	0	2.5	3978
96	41.888966	-87.779834	2	0	0	0	9.2	4816
97	41.91189	-87.776517	2	0	0	0	11.3	3936
98	41.913275	-87.782448	2	0	0	0	7.45	10452
99	41.919855	-87.785315	1	0	0	0	3.82	8580

ITEMS
Type	Length	Width	Height	Mass	Fragility	LoadBearingStrength
Bt1	10	10	10	14.15	1	0
Bt2	18	12	5	2.15	1	0
Bt3	21	14	4	1.9	1	0
Bt4	23	15	4	4.7	1	0
Bt5	20	18	7	1.8	1	0
Bt6	15	11	16	0.7	1	0
Bt7	34	10	10	1.59	1	0
Bt8	20	14	13	7.3	1	0
Bt9	17	13	18	2.5	1	0
Bt10	29	15	10	4.66	1	0
Bt11	24	12	16	1.75	1	0
Bt12	30	11	16	0.81	1	0
Bt13	28	22	9	3.01	1	0
Bt14	31	20	10	4.8	1	0
Bt15	40	19	10	3.82	1	0
Bt16	20	20	20	21.36	1	0
Bt17	25	19	17	5.29	1	0
Bt18	22	15	26	3.816	1	0
Bt19	28	19	17	2.5	1	0
Bt20	28	18	18	2.75	1	0
Bt21	40	20	13	2.6	1	0
Bt22	26	20	26	2.91	1	0
Bt23	35	17	24	1.908	1	0
Bt24	40	34	11	5.56	1	0
Bt25	28	23	24	3.57	1	0
Bt26	57	15	20	3.44	1	0
Bt27	30	22	26	5.088	1	0
Bt28	33	20	28	5.25	1	0
Bt29	38	37	20	7.568	1	0

DEMANDS PER CUSTOMER
i	Type Quantity
1	Bt4 1	
2	Bt4 1	
3	Bt19 1	
4	Bt9 1	Bt6 1	
5	Bt4 3	
6	Bt4 1	
7	Bt4 1	
8	Bt4 2	Bt11 1	
9	Bt9 1	Bt4 1	Bt6 1	
10	Bt4 1	
11	Bt4 2	
12	Bt2 1	Bt4 1	Bt27 1	
13	Bt13 1	Bt15 1	
14	Bt7 1	
15	Bt5 1	
16	Bt6 1	
17	Bt4 3	
18	Bt2 1	
19	Bt6 1	
20	Bt9 1	Bt4 2	
21	Bt3 1	Bt11 1	
22	Bt2 1	
23	Bt4 1	
24	Bt11 1	Bt4 2	
25	Bt3 1	Bt4 1	Bt6 1	Bt11 1	
26	Bt11 1	Bt3 1	
27	Bt4 1	
28	Bt4 1	Bt3 1	
29	Bt4 1	
30	Bt11 1	Bt6 2	Bt8 1	Bt4 2	Bt2 1	
31	Bt6 1	Bt21 1	
32	Bt2 1	
33	Bt4 1	
34	Bt9 1	
35	Bt25 1	
36	Bt18 1	
37	Bt3 1	
38	Bt6 1	
39	Bt4 1	
40	Bt3 1	
41	Bt4 1	Bt3 1	
42	Bt3 1	
43	Bt4 1	
44	Bt13 1	
45	Bt3 1	
46	Bt6 1	
47	Bt4 1	
48	Bt17 1	
49	Bt21 1	Bt4 1	
50	Bt3 1	
51	Bt4 1	
52	Bt2 1	
53	Bt29 1	
54	Bt4 1	
55	Bt4 1	
56	Bt4 1	
57	Bt2 1	
58	Bt9 1	Bt17 2	Bt11 1	Bt4 2	Bt8 1	Bt3 1	
59	Bt8 1	
60	Bt4 1	Bt6 1	Bt24 8	Bt18 1	
61	Bt3 1	Bt4 1	Bt28 1	
62	Bt4 1	
63	Bt10 1	
64	Bt6 1	Bt9 1	
65	Bt9 1	Bt21 1	
66	Bt3 1	
67	Bt2 1	
68	Bt8 2	Bt6 1	
69	Bt3 1	
70	Bt6 1	
71	Bt17 1	Bt9 1	
72	Bt4 1	
73	Bt4 2	
74	Bt3 1	Bt16 1	Bt11 1	
75	Bt17 1	
76	Bt4 1	
77	Bt8 1	
78	Bt6 1	
79	Bt8 1	
80	Bt4 1	
81	Bt4 1	
82	Bt11 1	
83	Bt8 1	
84	Bt4 1	
85	Bt14 1	
86	Bt22 1	
87	Bt4 1	Bt13 1	
88	Bt1 1	
89	Bt4 1	Bt12 1	
90	Bt23 1	
91	Bt2 1	
92	Bt6 1	Bt4 1	
93	Bt26 1	Bt4 1	Bt14 1	
94	Bt13 1	
95	Bt9 1	
96	Bt3 1	Bt8 1	
97	Bt3 1	Bt4 2	
98	Bt4 1	Bt20 1	
99	Bt18 1	

DISTANCE MATRIX
0.0 1483.2 1933.6 2245.5 1585.2 1465.6 1951.8 1641.0 1504.3 1831.2 1866.3 1528.9 1378.2 2166.6 2122.4 2258.0 1384.5 1597.5 1692.9 1937.0 1881.1 1574.6 1990.4 1925.0 1905.1 1603.7 1408.3 2248.6 1984.4 1994.9 1570.8 1941.8 2022.1 1618.4 1965.1 1513.0 1862.0 1241.4 2126.9 2229.0 1253.6 1992.3 1949.9 1316.6 1334.2 1529.7 1995.3 2008.8 1893.1 1624.5 1621.2 1984.1 1973.2 2271.3 1361.7 1484.4 1998.2 1920.2 1921.8 1926.5 1519.6 1934.4 1947.5 1549.4 1536.9 2042.6 1591.1 1987.3 1584.4 2077.5 1612.1 1551.6 1961.4 1909.0 1700.9 1979.9 1975.8 1986.0 1896.6 1632.9 1881.4 1882.8 2171.7 1924.2 1906.7 1903.1 2118.9 1916.8 2052.0 1627.1 1269.5 1933.8 1969.9 1962.8 1890.7 2044.3 1535.8 1922.7 2145.9 2133.5
1439.6 0.0 675.4 784.0 101.9 72.5 926.6 157.7 37.4 764.9 622.8 45.6 93.5 784.8 729.3 829.8 87.8 114.2 299.8 762.3 779.7 91.3 597.3 742.0 507.3 120.4 70.8 788.9 898.6 803.4 87.5 856.0 778.6 135.1 831.6 86.4 946.3 602.4 733.8 835.9 211.4 599.2 867.5 155.3 402.3 62.8 602.2 615.7 783.8 141.2 590.7 591.0 580.1 816.5 109.4 91.3 605.1 667.5 873.4 636.4 36.3 498.7 872.4 82.5 53.6 649.5 107.8 904.9 101.1 684.4 219.0 68.3 886.3 515.9 217.6 898.5 732.3 550.3 925.3 149.6 677.0 816.5 778.6 838.4 840.4 788.2 725.8 523.7 613.5 234.0 201.0 908.6 887.5 877.0 497.6 651.2 52.5 529.6 677.0 672.0
1977.9 731.9 0.0 528.7 674.1 684.5 452.9 612.8 753.0 196.1 132.4 759.0 755.6 492.7 448.5 537.7 749.9 633.3 584.2 111.0 202.9 684.7 287.7 170.5 402.5 731.4 732.9 574.7 390.8 165.3 662.5 348.2 109.3 716.7 193.5 734.0 471.2 955.2 453.0 510.0 873.5 265.8 375.8 817.4 826.0 778.4 234.4 247.9 132.5 637.8 703.9 381.1 329.2 552.3 771.5 662.2 395.2 213.5 235.3 225.8 714.5 431.8 234.3 798.1 696.6 439.6 641.3 431.2 752.7 367.9 538.8 707.2 248.2 335.5 579.4 260.4 81.0 481.8 503.5 700.0 254.3 289.2 586.7 330.6 313.1 309.5 533.9 341.5 449.0 523.3 863.1 434.9 395.8 369.2 362.0 334.7 721.9 376.0 542.9 630.9
2172.0 802.5 614.0 0.0 652.2 741.8 720.1 623.1 823.6 591.6 484.4 713.9 825.9 157.9 150.6 202.9 820.2 667.6 673.9 599.4 657.7 662.8 420.6 701.6 403.7 664.4 803.2 162.0 695.9 655.3 692.2 693.3 615.7 649.7 625.5 791.3 731.3 1334.8 147.2 191.9 943.8 480.3 777.4 887.7 1151.3 849.0 425.5 439.0 603.8 615.9 1085.0 320.4 461.2 32.4 841.8 719.5 334.5 548.0 582.2 517.5 740.8 379.4 607.9 868.7 722.9 297.4 675.6 755.3 680.5 507.7 592.9 685.3 621.8 421.7 647.6 640.3 569.4 298.4 763.6 647.5 582.8 714.7 213.3 666.8 738.6 717.0 160.5 404.8 233.0 577.4 933.4 702.1 797.4 714.3 333.0 474.5 700.0 390.7 236.2 61.3
1549.2 113.7 606.6 682.0 0.0 148.0 857.8 55.7 151.2 678.0 548.4 84.8 226.7 682.8 660.5 727.8 197.4 66.8 236.4 687.9 710.9 10.5 528.5 673.2 405.3 54.7 180.4 686.9 833.5 745.7 59.8 792.8 704.2 50.7 773.9 148.6 871.6 711.1 665.0 716.8 321.0 530.4 798.7 264.9 495.4 176.6 533.4 546.9 709.4 41.5 566.1 502.4 511.3 714.5 219.0 125.7 516.5 598.7 815.7 567.6 81.0 402.7 814.7 196.3 69.5 530.1 60.6 836.1 88.6 615.6 163.5 33.0 828.6 447.1 152.6 840.8 657.9 448.3 850.6 47.1 608.2 733.8 709.8 775.2 757.7 719.4 657.0 459.4 511.5 178.5 310.6 839.8 818.7 813.8 428.8 582.4 59.0 472.1 575.0 570.0
1430.1 60.6 602.8 779.8 138.9 0.0 854.0 189.4 81.7 687.8 553.5 106.3 107.6 700.9 656.7 792.3 78.3 147.3 227.2 691.0 707.1 128.3 524.7 669.4 439.4 139.4 64.0 782.9 824.1 730.8 121.2 783.4 709.3 154.1 759.0 55.1 885.8 592.9 661.2 763.3 201.9 526.6 794.9 145.8 413.9 107.1 529.6 543.1 712.5 178.2 567.0 518.4 507.5 805.6 99.9 18.7 532.5 594.9 800.8 563.8 104.3 474.7 799.8 126.8 114.3 576.9 140.9 832.3 160.3 611.8 146.4 129.0 813.7 443.3 256.4 825.9 663.0 520.3 864.8 170.8 604.4 742.4 706.0 765.8 766.3 715.6 653.2 451.1 586.3 161.4 191.5 836.0 814.7 804.4 425.0 578.6 128.2 468.3 680.2 667.8
1962.4 868.9 288.4 621.6 806.5 808.2 0.0 754.5 890.0 126.9 336.7 891.4 885.5 585.6 541.4 630.6 879.8 763.1 717.4 165.0 181.3 817.1 452.3 224.5 514.7 867.9 862.8 667.6 70.4 242.1 792.3 85.8 271.5 857.3 211.1 857.7 274.4 886.0 545.9 602.9 1003.4 424.9 193.8 947.3 756.8 915.4 399.0 412.5 121.1 770.2 634.7 545.7 488.3 645.2 901.4 785.9 559.8 372.6 167.8 384.9 844.3 544.0 193.5 935.1 826.4 604.2 771.1 249.2 890.1 532.5 659.3 839.6 207.4 447.7 705.4 225.9 220.7 595.6 306.7 844.2 280.3 107.2 683.2 59.3 131.1 109.5 630.4 500.6 613.6 643.8 993.0 245.2 213.8 106.8 510.8 499.3 854.3 518.5 748.1 743.1
1614.6 172.7 564.1 640.0 61.2 184.4 815.3 0.0 210.2 640.2 499.5 146.1 268.5 640.8 618.0 685.8 262.8 40.1 180.6 639.0 668.4 71.8 486.0 630.7 363.3 118.5 245.8 644.9 793.4 696.8 69.3 750.8 655.3 103.8 725.0 199.4 829.6 776.2 622.5 674.8 386.4 487.9 756.2 330.3 556.7 235.6 490.9 504.4 660.5 24.9 510.3 460.4 468.8 672.5 284.4 162.1 474.5 556.2 766.8 525.1 121.3 354.7 765.8 255.3 103.4 491.5 48.1 793.6 139.8 573.1 107.7 94.3 779.7 404.6 104.9 791.9 609.0 406.3 808.6 87.1 565.7 691.8 667.3 733.2 715.7 676.9 614.5 412.4 469.5 122.7 376.0 797.3 776.2 771.8 386.3 539.9 109.0 418.3 533.0 528.0
1539.2 169.7 670.6 847.6 271.7 109.0 921.8 257.2 0.0 755.6 621.3 215.4 216.7 768.7 724.5 860.1 187.4 283.8 295.0 758.8 774.9 259.1 592.5 737.2 507.2 297.9 170.4 850.7 891.9 798.6 257.9 851.2 777.1 304.9 826.8 109.6 953.6 702.0 729.0 831.1 311.0 594.4 862.7 254.9 523.0 25.4 597.4 610.9 780.3 313.3 634.8 586.2 575.3 873.4 209.0 86.7 600.3 662.7 868.6 631.6 213.4 542.5 867.6 45.0 224.5 641.3 277.6 900.1 265.8 679.6 214.2 232.0 881.5 511.1 325.5 893.7 730.8 588.1 932.6 319.4 672.2 810.2 773.8 833.6 834.1 783.4 721.0 523.4 654.1 229.2 300.6 903.8 882.7 872.2 492.8 646.4 237.3 536.1 748.0 735.6
1830.2 736.7 152.4 548.5 674.3 676.0 246.2 622.3 757.8 0.0 200.7 759.2 776.9 512.5 468.3 557.5 747.6 631.3 585.2 109.9 60.8 684.9 381.7 104.7 370.9 736.6 730.6 594.5 184.1 205.7 656.5 141.5 235.1 725.1 138.0 725.5 308.9 753.8 472.8 529.8 871.2 288.9 169.1 815.1 624.6 783.2 362.9 376.4 66.0 636.0 502.5 468.0 352.3 572.1 769.2 653.7 482.1 236.6 94.7 248.9 704.6 406.2 120.4 802.9 693.1 506.5 638.9 224.5 757.9 468.8 527.1 713.1 134.3 303.9 578.9 152.8 202.3 451.8 341.2 712.0 136.5 82.5 648.0 123.9 106.4 102.8 595.2 364.6 515.0 511.6 860.8 228.2 188.9 162.5 367.0 435.6 722.1 386.0 604.3 599.3
1845.4 599.4 154.0 440.7 541.6 552.0 453.7 480.3 620.5 224.5 0.0 626.5 623.1 404.7 360.5 449.7 617.4 500.8 451.7 139.4 231.3 552.2 208.6 198.9 229.0 598.9 600.4 486.7 416.6 197.2 530.0 374.0 155.7 584.2 225.4 601.5 464.9 880.5 365.0 422.0 741.0 115.8 401.6 684.9 669.4 645.9 134.4 147.9 160.9 505.3 632.6 320.0 179.2 464.3 639.0 529.7 334.1 63.5 267.2 75.8 582.0 258.3 266.2 665.6 564.1 364.6 508.8 457.0 620.2 295.7 406.3 574.7 280.1 162.0 446.9 292.3 109.4 309.9 497.2 567.5 162.4 315.0 493.0 356.4 338.9 335.3 440.2 191.5 373.1 390.8 730.6 435.7 421.6 395.0 212.0 262.5 589.4 226.0 462.4 457.4
1477.1 37.4 691.5 776.6 84.8 110.0 942.7 140.6 74.9 762.9 633.3 0.0 154.6 777.4 745.4 822.4 125.3 133.5 321.3 772.8 795.8 72.2 613.4 758.1 490.2 76.7 108.3 781.5 920.3 830.6 107.4 877.7 789.1 91.4 858.8 123.9 956.5 639.9 749.9 811.4 248.9 615.3 883.6 192.8 437.1 100.3 618.3 631.8 794.3 124.1 625.5 587.3 596.2 809.1 146.9 128.8 601.4 683.6 900.6 652.5 62.9 487.6 899.6 120.0 72.9 618.4 127.1 921.0 50.3 700.5 256.5 51.2 913.5 532.0 229.0 925.7 742.8 533.2 935.5 108.1 693.1 818.7 794.7 860.1 842.6 804.3 741.9 544.3 596.4 271.5 238.5 924.7 903.4 898.7 513.7 667.3 50.4 557.0 669.6 664.6
1356.7 143.6 728.9 905.9 245.6 126.0 980.1 301.4 164.7 797.2 673.5 189.3 0.0 827.0 782.8 918.4 44.9 257.9 353.3 813.0 833.2 233.0 650.8 795.5 565.5 264.1 64.8 909.0 952.1 856.9 231.8 909.5 829.3 278.8 885.1 173.4 1000.6 519.5 787.3 889.4 128.5 652.7 921.0 72.4 329.4 190.1 655.7 669.2 834.5 284.9 595.0 644.5 633.6 931.7 26.5 144.8 658.6 721.0 926.9 689.9 187.3 600.8 925.9 209.8 198.4 699.6 251.5 958.4 239.7 737.9 272.5 205.9 939.8 569.4 358.5 952.0 783.0 646.4 979.6 293.3 730.5 853.0 832.1 891.9 876.9 841.7 779.3 577.2 712.4 287.5 118.1 962.1 940.8 930.5 551.1 704.7 196.2 594.4 806.3 793.9
2168.1 798.6 651.9 65.6 690.1 737.9 758.0 684.2 819.7 634.7 522.3 751.8 845.6 0.0 188.5 57.0 816.3 701.8 670.0 637.3 695.6 700.7 416.7 739.5 444.2 691.6 802.0 199.9 731.9 693.2 727.0 731.2 653.6 687.6 663.4 787.4 769.2 1330.9 185.1 46.0 939.9 476.4 815.3 883.8 1147.4 845.1 421.6 435.1 641.7 651.8 1081.1 358.3 457.3 88.3 837.9 715.6 372.4 544.7 620.1 513.6 775.1 423.3 645.8 864.8 763.6 331.9 709.4 793.2 723.5 503.8 589.0 728.9 659.7 522.9 640.9 678.2 607.3 336.3 801.5 685.4 629.2 752.6 209.4 704.7 776.5 754.9 156.6 400.9 270.9 573.5 929.5 740.0 835.1 752.2 329.1 470.6 737.9 398.1 274.1 99.2
2067.5 698.0 463.3 80.1 644.9 637.3 569.4 583.6 719.1 440.9 333.7 743.7 721.4 44.1 0.0 122.8 715.7 600.8 569.4 448.7 507.0 655.5 316.1 550.9 343.6 715.5 698.7 126.1 545.2 504.6 630.0 542.6 465.0 687.5 474.8 686.8 580.6 1200.0 4.4 93.8 839.3 375.8 626.7 783.2 1003.2 744.5 321.0 334.5 453.1 608.6 948.7 289.8 356.7 136.1 737.3 615.0 303.9 397.3 431.5 409.6 682.0 372.9 457.2 764.2 664.1 348.3 608.8 604.6 737.7 403.2 488.4 678.0 471.1 422.3 543.1 489.6 418.7 392.0 612.9 670.8 582.7 564.0 197.5 516.1 587.9 566.3 144.7 300.3 318.7 472.9 828.9 551.4 646.7 563.6 228.5 370.0 692.7 286.2 321.9 147.0
2111.0 741.5 570.5 227.8 688.4 680.8 729.4 627.1 762.6 600.9 493.7 787.2 764.9 171.6 221.3 0.0 759.2 644.3 612.9 608.7 667.0 699.0 359.6 710.9 387.1 682.3 742.2 232.7 705.2 664.6 673.5 702.6 625.0 667.6 634.8 730.3 740.6 1273.8 217.9 209.6 882.8 419.3 786.7 826.7 1090.3 788.0 364.5 378.0 613.1 652.1 1024.0 333.3 400.2 251.9 780.8 658.5 347.4 487.6 591.5 456.5 725.5 416.4 617.2 807.7 707.6 315.3 652.3 764.6 698.4 446.7 531.9 721.5 631.1 465.8 586.6 649.6 578.7 316.3 772.9 665.4 572.1 724.0 152.3 676.1 747.9 726.3 99.5 343.8 250.9 516.4 872.4 711.4 806.7 723.6 272.0 413.5 736.2 329.7 254.1 115.8
1351.7 98.6 683.9 860.9 200.6 81.0 935.1 256.4 119.7 756.4 628.5 144.3 5.7 782.0 737.8 873.4 0.0 212.9 308.3 768.0 788.2 190.0 605.8 750.5 520.5 219.1 23.7 864.0 907.1 811.9 186.2 864.5 784.3 233.8 840.1 128.4 955.6 514.5 742.3 844.4 123.5 607.7 876.0 67.4 361.6 145.1 610.7 624.2 789.5 239.9 550.0 599.5 588.6 886.7 21.5 99.8 613.6 676.0 881.9 644.9 135.0 549.8 880.9 164.8 152.3 658.0 206.5 913.4 199.8 692.9 227.5 167.0 894.8 524.4 316.3 907.0 738.0 601.4 934.6 248.3 685.5 808.0 787.1 846.9 831.9 796.7 734.3 532.2 667.4 242.5 113.1 917.1 896.0 885.5 506.1 659.7 151.2 538.1 761.3 748.9
1571.9 132.2 567.2 700.3 69.1 158.2 818.4 50.4 169.7 646.6 509.0 139.7 249.4 700.9 621.1 756.7 220.1 0.0 191.4 648.5 671.6 79.8 489.1 633.8 403.6 114.1 203.1 705.2 804.0 706.3 25.1 761.2 664.8 102.7 734.5 158.9 832.2 734.7 625.6 727.7 343.7 490.8 759.3 287.6 534.6 195.1 494.0 507.5 670.0 65.0 521.1 482.8 471.9 732.8 241.7 136.0 496.9 559.3 776.1 528.2 73.2 420.8 775.3 214.8 62.9 541.3 7.7 796.7 137.8 576.2 118.5 102.3 789.2 407.7 103.5 801.4 618.5 466.6 811.2 88.9 568.8 702.4 670.4 743.8 726.3 680.0 617.6 415.5 529.8 133.3 333.3 800.4 779.1 782.5 389.4 543.0 117.0 432.5 593.3 588.3
1679.6 316.6 442.4 782.0 245.5 255.9 693.6 184.2 337.7 532.6 375.1 330.4 340.0 703.1 658.9 794.5 334.3 204.7 0.0 514.6 546.7 256.1 526.9 509.0 441.6 302.8 317.3 785.1 685.8 572.4 233.9 643.2 530.9 288.1 600.6 305.4 714.0 714.7 663.4 765.5 457.9 446.6 670.8 401.8 531.3 363.1 531.8 545.3 536.1 209.2 463.1 520.6 509.7 807.8 355.9 233.6 534.7 429.0 642.4 450.8 285.9 470.9 641.4 382.8 268.0 579.1 212.7 671.9 324.1 614.0 148.6 278.6 655.3 440.2 255.3 667.5 484.6 522.5 693.0 271.4 444.0 584.2 708.2 625.6 608.1 555.2 655.4 453.3 588.5 163.6 447.5 675.6 690.8 664.2 427.2 580.8 293.3 459.2 682.4 670.0
1949.1 750.0 125.1 614.2 696.9 689.3 347.1 635.6 771.1 149.8 173.4 795.7 773.4 578.2 534.0 623.2 767.7 652.8 615.5 0.0 115.1 707.5 354.4 59.4 377.6 767.5 750.7 660.2 285.0 178.4 682.0 242.4 207.8 739.5 206.6 738.8 471.0 872.7 538.5 595.5 891.3 261.6 270.0 835.2 743.5 796.5 335.6 349.1 153.7 660.6 621.4 465.8 325.0 637.8 789.3 667.0 479.9 209.3 248.4 221.6 734.0 406.9 247.4 816.2 716.1 513.2 660.8 325.4 789.7 441.5 540.4 730.0 261.3 310.6 595.1 273.5 175.0 458.5 411.9 722.8 143.2 183.4 638.8 224.8 207.3 203.7 586.0 337.3 521.7 524.9 880.9 329.1 290.0 263.4 357.8 408.3 744.7 371.8 611.0 606.0
1857.6 712.1 163.3 680.1 659.0 651.4 295.7 597.7 733.2 129.5 202.2 757.8 759.1 680.9 562.8 703.1 729.8 614.9 580.4 191.9 0.0 669.6 360.5 170.3 339.7 705.6 712.8 685.0 265.8 231.7 640.5 225.1 261.1 701.6 259.9 700.9 357.8 781.2 567.3 674.1 853.4 279.1 236.6 797.3 652.0 758.6 353.1 366.6 213.4 620.7 529.9 436.8 331.1 712.6 751.4 629.1 450.9 265.5 301.7 244.4 688.6 375.0 300.7 778.3 677.1 475.3 622.9 274.0 751.8 447.6 502.5 697.8 314.6 272.7 554.4 326.8 228.3 420.6 336.8 684.9 105.3 184.1 616.8 207.5 208.0 157.3 564.0 361.4 483.8 487.0 843.0 277.7 256.6 246.1 335.8 414.4 706.8 354.8 573.1 568.1
1538.6 103.1 617.2 692.6 10.5 137.4 868.4 66.3 138.6 688.6 559.0 72.2 214.1 693.4 671.1 738.4 186.8 77.3 247.0 698.5 721.5 0.0 539.1 683.8 417.9 61.4 172.5 697.5 844.1 756.3 54.6 803.4 714.8 61.8 784.5 138.0 882.2 700.5 675.6 727.4 310.4 541.0 809.3 254.3 484.8 166.0 544.0 557.5 720.0 52.1 576.7 513.0 521.9 725.1 208.4 115.1 527.1 609.3 826.3 578.2 68.4 415.3 825.3 185.7 58.9 540.7 71.2 846.7 78.0 626.2 174.1 28.1 839.2 457.7 154.7 851.4 668.5 458.9 861.2 58.2 618.8 744.4 720.4 785.8 768.3 730.0 667.6 470.0 522.1 189.1 300.0 850.4 829.1 824.4 439.4 593.0 48.4 482.7 585.6 580.6
1958.9 589.4 427.2 357.4 536.3 528.7 648.3 475.0 610.5 519.8 285.6 635.1 612.8 321.4 277.2 412.8 607.1 492.2 460.8 412.6 504.5 546.9 0.0 472.1 235.0 606.9 590.1 403.4 624.1 470.4 521.4 621.5 428.9 578.9 498.6 578.2 659.5 1121.7 281.7 383.8 730.7 247.4 605.1 674.6 938.2 635.9 167.1 180.6 434.1 500.0 871.9 192.4 228.3 426.1 628.7 506.4 206.5 315.7 510.4 284.6 573.4 264.3 536.1 655.6 555.5 250.9 500.2 683.5 629.1 87.0 379.8 569.4 550.0 287.3 434.5 568.5 382.6 283.4 691.8 562.2 414.6 588.2 326.5 595.0 612.1 525.8 273.7 153.9 260.3 364.3 720.3 630.3 625.1 642.5 119.9 53.8 584.1 177.6 354.2 353.9
1886.6 690.5 141.7 658.5 637.4 629.8 324.7 576.1 711.6 162.7 180.6 736.2 713.9 659.3 541.2 681.5 708.2 593.3 558.8 170.3 186.4 648.0 338.9 0.0 318.1 708.0 691.2 663.4 356.3 210.1 622.5 313.7 239.5 680.0 238.3 679.3 386.8 810.2 545.7 652.5 831.8 257.5 341.3 775.7 681.0 737.0 331.5 345.0 191.8 601.1 558.9 415.2 309.5 691.0 729.8 607.5 429.3 243.9 280.1 222.8 674.5 347.4 279.1 756.7 656.6 453.7 601.3 303.0 730.2 426.0 480.9 670.5 293.0 251.1 535.6 305.2 206.7 399.0 365.8 663.3 83.7 254.7 595.2 296.1 278.6 275.0 542.4 339.8 462.2 465.4 821.4 306.7 361.3 334.7 314.2 392.8 685.2 321.9 551.5 546.5
1906.9 537.4 356.3 383.9 484.3 476.7 607.5 423.0 558.5 441.3 308.9 583.1 584.4 384.7 377.4 429.7 555.1 440.5 408.8 422.8 460.6 496.9 207.5 422.9 0.0 554.9 538.1 388.8 577.6 480.6 465.8 536.9 439.1 526.9 508.8 526.2 727.6 1069.7 374.0 418.7 678.7 197.2 548.4 622.6 886.2 583.9 217.7 231.2 444.3 448.0 819.9 97.0 178.1 416.4 576.7 454.4 111.1 265.5 578.5 234.4 513.9 156.2 549.6 603.6 502.4 132.1 448.2 585.8 577.1 294.6 327.8 523.1 563.5 243.7 388.2 575.7 392.8 109.7 759.9 510.2 357.9 495.9 403.0 519.3 519.8 469.1 350.2 121.7 144.9 312.3 668.3 589.5 568.4 557.9 113.6 261.4 532.1 91.3 238.8 271.9
1578.5 124.5 669.5 733.2 64.0 156.0 920.7 105.3 172.7 741.2 604.9 94.7 256.9 734.2 723.4 779.0 226.7 113.9 286.0 744.4 772.9 57.1 591.4 736.1 458.7 0.0 212.4 738.1 897.6 802.2 80.4 856.0 760.7 14.6 830.4 148.9 935.7 741.3 723.3 768.0 350.3 592.4 861.6 294.2 513.7 187.4 596.3 609.8 765.9 105.6 615.7 566.5 574.2 765.7 248.3 126.0 580.6 661.6 861.5 630.5 89.0 456.1 871.2 207.1 69.8 594.2 107.8 899.0 26.3 678.5 213.1 57.0 885.1 499.3 208.2 897.3 714.4 512.4 914.7 31.3 671.1 797.9 772.7 839.3 821.8 782.3 719.9 522.3 575.6 220.4 339.9 902.7 881.4 877.9 491.7 645.3 81.7 524.3 626.2 621.2
1368.7 74.8 660.1 837.1 176.8 57.2 911.3 232.6 99.8 728.4 604.7 120.5 46.2 762.1 714.0 849.6 16.9 188.8 284.5 744.2 768.3 164.2 582.0 726.7 496.7 206.0 0.0 840.2 881.4 788.1 163.0 840.7 760.5 210.0 816.3 104.6 931.8 531.5 718.5 820.6 140.5 587.8 852.2 84.4 337.8 121.3 586.9 600.4 765.7 218.4 526.2 575.7 564.8 862.9 38.5 76.0 589.8 652.2 858.1 621.1 118.5 532.0 857.1 141.0 129.6 630.8 182.7 889.6 170.9 669.1 203.7 137.1 871.0 504.5 289.7 883.2 714.2 577.6 910.8 224.5 661.7 784.2 763.3 823.1 808.1 772.9 710.5 512.9 643.6 218.7 130.1 893.3 872.0 865.6 482.3 635.9 142.4 529.5 737.5 725.1
2133.9 764.4 529.7 54.8 707.1 703.7 635.8 650.0 785.5 507.3 400.1 768.8 787.8 80.8 66.3 118.6 782.1 667.2 635.8 515.1 573.4 717.7 382.5 617.3 410.0 719.3 765.1 0.0 611.6 571.0 696.4 609.0 531.4 704.6 541.2 753.2 647.0 1266.4 62.9 107.6 905.7 442.2 693.1 849.6 1069.6 810.9 387.4 400.9 519.5 670.8 1015.1 356.2 423.1 87.3 803.7 681.4 370.3 463.7 497.9 476.0 748.4 434.3 523.6 830.6 730.5 352.3 675.2 671.0 735.4 469.6 554.8 740.2 537.5 488.7 609.5 556.0 485.1 353.3 679.3 702.4 649.1 630.4 268.2 582.5 654.3 632.7 215.4 366.7 287.9 539.3 895.3 617.8 713.1 630.0 294.9 436.4 754.9 352.6 291.1 116.2
1891.9 798.4 217.9 551.1 736.0 737.7 300.3 684.0 819.5 61.6 266.2 820.9 840.5 515.1 470.9 560.1 809.3 693.0 646.9 94.5 112.7 748.6 381.8 154.0 450.6 790.8 795.0 597.1 0.0 171.6 718.2 256.1 201.0 786.8 140.6 787.2 311.5 815.5 475.4 532.4 932.9 354.4 283.7 876.8 686.3 844.9 328.5 342.0 50.6 697.7 564.2 475.2 417.8 574.7 830.9 715.4 489.3 302.1 97.3 314.4 768.2 487.8 123.0 864.6 754.8 530.3 700.6 335.5 824.7 462.0 588.8 774.8 136.9 385.5 632.1 155.4 150.2 531.5 343.8 773.7 216.2 197.1 612.7 238.5 221.0 217.4 559.9 434.6 543.1 573.3 922.5 282.3 303.5 277.1 446.7 428.8 795.1 465.7 637.0 588.3
1991.3 810.6 201.2 607.4 752.8 763.2 369.4 691.5 831.7 155.8 249.5 837.7 834.3 571.4 527.2 616.4 828.6 712.0 662.9 118.4 210.3 763.4 366.4 177.9 467.2 810.1 811.6 653.4 345.2 0.0 741.2 302.6 102.4 795.4 28.1 812.7 380.6 914.9 531.7 588.7 952.2 337.7 330.2 896.1 785.7 857.1 313.1 326.6 139.9 716.5 663.6 459.8 401.1 631.0 850.2 740.9 473.9 285.4 69.9 297.7 793.2 496.5 68.9 876.8 775.3 518.3 720.0 385.6 831.4 446.6 630.0 785.9 82.8 400.2 658.1 96.0 133.5 548.1 412.9 778.7 261.7 243.6 665.4 285.0 267.5 263.9 612.6 413.4 527.7 614.5 941.8 351.4 350.2 323.6 433.9 413.4 800.6 447.9 621.6 695.6
1543.6 103.9 590.1 718.4 41.1 130.0 841.3 73.3 144.4 672.5 531.9 111.4 224.1 719.2 644.0 779.6 194.8 26.0 217.3 674.4 694.4 54.2 512.0 656.7 426.7 81.4 174.8 723.3 828.0 729.2 0.0 784.3 687.7 74.4 757.4 130.6 855.1 706.4 648.5 750.6 315.4 513.9 782.2 259.3 506.3 166.8 516.9 530.4 692.9 75.6 544.0 505.7 494.8 750.9 213.4 107.7 519.8 582.2 799.2 551.1 45.0 439.1 801.2 186.5 33.5 560.8 16.6 819.6 112.5 602.1 141.4 74.7 812.1 430.6 129.4 824.3 641.4 484.7 834.1 70.8 591.7 728.3 696.3 769.7 749.2 705.9 640.5 442.9 547.9 156.4 305.0 823.3 802.2 805.3 412.3 565.9 100.7 455.6 611.4 609.4
1898.7 805.2 220.9 590.2 742.8 744.5 339.4 690.8 826.3 68.4 269.2 827.7 845.4 554.2 510.0 599.2 816.1 699.8 653.7 151.6 129.3 753.4 450.2 173.2 439.4 800.6 801.8 636.2 313.3 209.5 728.0 0.0 258.1 793.6 179.7 794.0 350.6 822.3 514.5 571.5 939.7 357.4 237.6 883.6 693.1 851.7 385.6 399.1 107.7 704.5 571.0 536.5 420.8 613.8 837.7 722.2 550.6 305.1 136.4 317.4 773.1 474.7 162.1 871.4 761.6 571.6 707.4 374.6 826.4 537.3 595.6 781.6 176.0 372.4 641.7 194.5 207.3 520.3 382.9 780.5 205.0 151.0 651.8 192.4 174.9 171.3 599.0 433.1 583.5 580.1 929.3 321.4 257.6 20.9 435.5 504.1 801.9 454.5 672.8 667.8
1999.6 724.8 98.7 521.6 667.0 676.4 403.1 605.7 745.9 164.1 147.0 751.9 760.5 485.6 441.4 530.6 754.8 626.2 577.1 79.0 170.9 677.6 280.6 133.4 364.7 724.3 737.8 567.6 341.0 136.8 655.4 298.4 0.0 709.6 165.0 725.9 439.2 923.2 445.9 502.9 878.4 235.2 326.0 822.3 794.0 771.3 227.3 240.8 100.5 630.7 671.9 374.0 298.6 545.2 776.4 654.1 388.1 182.9 206.8 195.2 707.4 394.0 205.8 791.0 689.5 432.5 634.2 381.4 745.6 360.8 527.5 700.1 219.7 297.7 572.3 231.9 31.0 445.6 471.5 692.9 217.2 239.4 612.4 280.8 263.3 259.7 559.6 310.9 441.9 512.0 868.0 385.1 346.0 319.4 331.4 327.6 714.8 345.4 535.8 593.1
1593.2 139.2 654.8 726.4 49.3 163.0 906.0 90.6 176.7 731.6 590.2 114.7 247.1 727.2 708.7 772.2 241.4 99.5 271.3 729.7 759.1 40.4 576.7 721.4 454.7 14.6 224.4 731.3 884.8 787.5 72.8 842.2 746.0 0.0 815.7 163.6 921.0 741.0 713.2 761.2 365.0 578.6 846.9 308.9 525.3 202.1 581.6 595.1 751.2 88.6 601.0 551.8 559.5 758.9 263.0 140.7 565.9 646.9 857.5 615.8 101.7 446.1 856.5 221.8 83.8 582.9 93.1 884.3 35.9 663.8 198.4 62.9 870.4 495.3 196.3 882.6 699.7 497.7 900.0 16.6 656.4 783.2 758.0 824.6 807.1 767.6 705.2 503.1 560.9 213.4 354.6 888.0 866.9 863.2 477.0 630.6 77.6 509.0 619.4 614.4
1963.1 869.6 231.0 592.0 807.2 808.9 341.2 721.3 890.7 127.6 279.3 892.1 886.2 556.0 511.8 601.0 880.5 763.8 718.1 148.2 193.7 817.8 396.2 207.7 497.0 868.6 863.5 638.0 317.0 29.7 793.0 274.4 132.2 858.0 0.0 858.4 352.4 886.7 516.3 573.3 1004.1 367.5 302.0 948.0 757.5 916.1 342.9 356.4 139.8 770.9 635.4 489.6 430.9 615.6 902.1 786.6 503.7 315.2 41.7 327.5 845.0 526.3 40.7 935.8 827.1 548.1 771.8 357.4 890.8 476.4 660.0 840.3 54.6 430.0 706.1 73.1 163.3 577.9 384.7 844.9 269.4 215.4 695.2 256.8 239.3 235.7 642.4 443.2 557.5 644.5 993.7 323.2 322.0 295.4 463.7 443.2 855.0 477.7 651.4 725.4
1478.9 83.8 660.2 829.5 147.4 76.5 911.4 203.2 51.8 749.4 610.9 129.5 132.8 758.3 714.1 849.7 127.1 155.8 284.6 748.4 764.5 136.8 582.1 726.8 496.8 147.9 110.1 834.4 883.4 788.2 129.1 840.8 766.7 162.6 816.4 0.0 943.2 641.7 718.6 820.7 250.7 584.0 852.3 194.6 471.8 77.2 587.0 600.5 769.9 186.7 624.4 575.8 564.9 863.0 148.7 76.3 589.9 652.3 858.2 621.2 120.2 526.1 857.2 96.9 114.7 634.3 149.4 889.7 170.1 669.2 203.8 137.6 871.1 500.7 259.2 883.3 720.4 577.7 922.2 179.3 661.8 799.8 763.4 823.2 823.7 773.0 710.6 508.5 643.7 218.8 240.3 893.4 872.3 861.8 482.4 636.0 136.4 514.4 737.6 717.5
1889.5 906.0 357.2 874.0 832.8 845.3 250.5 791.6 927.1 267.0 396.1 917.7 913.0 757.1 712.9 802.1 907.3 786.9 741.2 385.8 316.9 843.4 554.4 364.2 533.6 894.2 890.3 878.9 312.7 425.6 816.1 270.1 455.0 883.6 400.9 894.8 0.0 898.0 717.4 774.4 1030.9 473.0 191.4 974.8 795.5 952.5 547.0 560.5 363.4 796.5 583.9 630.7 525.0 906.5 928.9 823.0 644.8 459.4 357.6 438.3 868.1 562.9 383.3 972.2 850.2 669.2 794.9 228.8 916.4 641.5 696.4 865.9 397.2 466.6 729.2 415.7 422.2 614.5 200.1 870.5 299.2 229.1 810.7 252.5 253.0 202.3 757.9 555.3 677.7 680.9 1020.5 232.5 211.4 291.1 529.7 608.3 880.6 537.4 767.0 762.0
1256.0 611.7 933.4 1374.0 713.7 594.1 901.3 769.5 632.8 825.2 930.1 657.4 506.7 1295.1 1250.9 1386.5 513.0 726.0 821.4 931.0 875.1 703.1 1118.9 919.0 1033.6 732.2 536.8 1377.1 978.4 988.9 699.3 935.8 1031.2 746.9 959.1 641.5 880.6 0.0 1255.4 1357.5 382.1 1025.0 868.9 445.1 328.2 658.2 1064.6 1078.1 887.1 753.0 645.4 1112.6 1101.7 1399.8 490.2 612.9 1126.7 984.0 915.8 990.3 648.1 1062.9 941.5 677.9 665.4 1171.1 719.6 903.3 712.9 1206.0 740.6 680.1 955.4 1018.6 829.4 973.9 986.7 1114.5 859.6 761.4 875.4 876.8 1300.2 918.2 900.7 897.1 1247.4 1045.3 1180.5 755.6 398.0 883.3 888.9 956.8 1019.2 1172.8 664.3 1051.2 1274.4 1262.0
2070.9 701.4 466.7 75.6 648.3 640.7 572.8 587.0 722.5 444.3 337.1 747.1 724.8 39.6 3.3 126.2 719.1 604.2 572.8 452.1 510.4 658.9 319.5 554.3 347.0 718.9 702.1 121.6 548.6 508.0 633.4 546.0 468.4 690.9 478.2 690.2 584.0 1203.4 0.0 97.2 842.7 379.2 630.1 786.6 1006.6 747.9 324.4 337.9 456.5 612.0 952.1 293.2 360.1 139.5 740.7 618.4 307.3 400.7 434.9 413.0 685.4 376.3 460.6 767.6 667.5 351.7 612.2 608.0 741.1 406.6 491.8 681.4 474.5 425.7 546.5 493.0 422.1 395.4 616.3 674.2 586.1 567.4 200.9 519.5 591.3 569.7 148.1 303.7 284.5 476.3 832.3 554.8 650.1 567.0 231.9 373.4 696.1 289.6 287.7 112.8
2147.2 743.2 605.8 148.9 644.0 751.6 711.9 614.9 833.4 583.4 476.2 705.7 835.7 149.7 142.4 194.7 830.0 659.4 683.7 591.2 649.5 654.6 430.4 693.4 395.5 656.2 813.0 153.8 687.7 647.1 684.0 685.1 607.5 641.5 617.3 801.1 723.1 1342.5 139.0 0.0 953.6 471.8 769.2 897.5 1125.0 858.8 435.3 448.8 595.6 607.7 1094.8 312.2 452.7 42.2 851.6 729.3 326.3 539.8 574.0 509.0 732.6 371.2 599.7 878.5 714.7 289.2 667.4 747.1 672.3 517.5 602.7 677.1 613.6 413.5 657.4 632.1 561.2 290.2 755.4 639.3 574.6 706.5 223.1 658.6 730.4 708.8 170.3 396.3 224.8 587.2 943.2 693.9 789.2 706.1 342.8 484.3 691.8 354.6 228.0 53.1
1228.1 229.5 814.8 991.8 331.5 211.9 1066.0 387.3 250.6 887.3 759.4 275.2 124.5 912.9 868.7 1004.3 130.8 343.8 439.2 898.9 919.1 320.9 736.7 881.4 651.4 350.0 154.6 994.9 1038.0 942.8 317.1 995.4 915.2 364.7 971.0 259.3 1086.5 443.1 873.2 975.3 0.0 738.6 1006.9 62.9 344.1 276.0 741.6 755.1 920.4 370.8 680.9 730.4 719.5 1017.6 108.0 230.7 744.5 806.9 1012.8 775.8 265.9 680.7 1011.8 295.7 283.2 788.9 337.4 1044.3 330.7 823.8 358.4 297.9 1025.7 655.3 447.2 1037.9 868.9 732.3 1065.5 379.2 816.4 938.9 918.0 977.8 962.8 927.6 865.2 663.1 798.3 373.4 15.9 1048.0 1026.9 1016.4 637.0 790.6 282.1 669.0 892.2 879.8
1957.1 646.4 253.2 539.0 593.3 585.7 552.9 532.0 667.5 328.9 111.6 692.1 693.4 421.1 376.9 512.5 664.1 549.6 517.8 238.6 330.5 603.9 127.2 298.1 261.1 649.7 649.8 543.9 513.9 296.4 577.8 473.2 254.9 635.9 324.6 635.2 564.1 992.2 381.4 483.5 787.7 0.0 500.8 731.6 781.1 692.9 73.9 87.4 260.1 555.0 744.3 220.6 169.8 525.8 685.7 563.4 234.7 175.2 366.4 187.5 622.9 296.4 365.4 712.6 611.4 275.7 557.2 502.0 691.2 207.4 436.8 632.1 379.3 194.1 488.7 391.5 208.6 322.4 596.4 619.2 274.1 414.2 426.2 455.6 438.1 385.3 373.4 186.6 288.5 421.3 777.3 534.9 520.8 494.2 177.3 174.2 641.1 227.9 382.4 427.0
1841.4 888.8 361.9 734.8 819.5 828.1 255.2 771.1 909.9 271.7 400.8 904.4 899.7 698.8 654.6 743.8 894.0 773.6 727.9 390.5 321.6 830.1 559.1 368.9 538.3 880.9 877.0 780.8 317.4 430.3 802.8 274.8 459.7 870.3 405.6 877.6 162.8 884.7 659.1 716.1 1017.6 477.7 0.0 961.5 782.2 935.3 551.7 565.2 368.1 783.2 570.6 635.4 529.7 758.4 915.6 805.8 649.5 464.1 362.3 443.0 854.8 567.6 388.0 955.0 836.9 673.9 781.6 233.5 903.1 646.2 679.2 852.6 401.9 471.3 715.9 420.4 426.9 619.2 141.8 857.2 303.9 233.8 815.4 257.2 257.7 207.0 762.6 560.0 682.4 663.7 1007.2 237.2 19.9 295.8 534.4 613.0 867.3 542.1 771.7 766.7
1284.2 166.5 751.8 928.8 268.5 148.9 1003.0 324.3 187.6 824.3 696.4 212.2 61.5 849.9 805.7 941.3 67.8 280.8 376.2 835.9 856.1 257.9 673.7 818.4 588.4 287.0 91.6 931.9 975.0 879.8 254.1 932.4 852.2 301.7 908.0 196.3 1023.5 447.0 810.2 912.3 56.0 675.6 943.9 0.0 281.1 213.0 678.6 692.1 857.4 307.8 617.9 667.4 656.5 954.6 45.0 167.7 681.5 743.9 949.8 712.8 202.9 617.7 948.8 232.7 220.2 725.9 274.4 981.3 267.7 760.8 295.4 234.9 962.7 592.3 384.2 974.9 805.9 669.3 1002.5 316.2 753.4 875.9 855.0 914.8 899.8 864.6 802.2 600.1 735.3 310.4 45.6 985.0 963.9 953.4 574.0 727.6 219.1 606.0 829.2 816.8
1344.0 395.5 743.7 1117.2 497.5 385.1 826.9 553.3 416.6 611.6 676.4 441.2 297.7 1081.2 1037.0 1177.5 304.0 509.8 549.4 717.4 661.5 486.9 852.7 705.4 824.6 516.0 327.8 1163.2 764.8 775.3 483.1 722.2 832.2 530.7 745.5 432.5 810.8 267.6 1041.5 1148.5 336.4 771.3 749.8 280.3 0.0 442.0 810.9 824.4 673.5 536.8 405.2 903.6 823.3 1190.8 281.2 403.9 917.7 730.3 702.2 736.6 431.9 853.9 727.9 461.7 449.2 962.1 503.4 805.2 496.7 939.8 531.6 463.9 741.8 764.9 613.2 760.3 785.9 905.5 789.8 545.2 661.8 663.2 1091.2 704.6 687.1 683.5 1038.4 836.3 971.5 546.6 326.0 808.9 769.8 743.2 810.2 906.6 448.1 842.2 1065.4 1053.0
1513.8 144.3 645.2 822.2 246.3 83.6 896.4 231.8 165.4 734.4 595.9 190.0 167.7 743.3 699.1 834.7 162.0 258.6 269.6 733.4 749.5 235.7 567.1 711.8 481.8 264.8 145.0 825.3 868.4 773.2 231.9 825.8 751.7 279.5 801.4 84.2 928.2 676.6 703.6 805.7 285.6 569.0 837.3 229.5 497.6 0.0 572.0 585.5 754.9 285.6 609.4 560.8 549.9 848.0 183.6 61.3 574.9 637.3 843.2 606.2 180.7 511.1 842.2 19.6 198.0 619.3 252.2 874.7 245.5 654.2 188.8 212.7 856.1 485.7 302.9 868.3 705.4 562.7 907.2 294.0 646.8 784.8 748.4 808.2 808.7 758.0 695.6 493.5 628.7 203.8 275.2 878.4 857.3 846.8 467.4 621.0 196.9 499.4 722.6 710.2
1941.9 572.4 271.7 522.6 519.3 511.7 522.9 458.0 593.5 402.3 203.3 618.1 595.8 404.5 360.3 495.9 590.1 475.2 443.8 317.2 409.1 529.9 125.2 376.7 187.1 589.9 573.1 527.5 494.9 375.0 504.4 452.3 333.5 561.9 403.2 561.2 585.0 1028.6 364.8 466.9 713.7 91.6 463.8 657.6 817.5 618.9 0.0 13.5 338.7 483.0 780.7 236.6 95.8 509.2 611.7 489.4 250.7 159.9 445.0 128.8 556.4 216.4 444.0 638.6 538.5 292.2 483.2 501.2 612.1 212.3 362.8 552.4 457.9 120.1 417.5 470.1 287.2 248.4 564.0 545.2 273.3 411.3 409.6 434.7 435.2 384.5 356.8 108.1 301.6 347.3 703.3 504.9 483.8 473.3 128.6 179.1 567.1 142.6 395.5 410.6
1928.4 558.9 258.2 509.1 505.8 498.2 509.4 444.5 580.0 388.8 189.8 604.6 582.3 391.0 346.8 482.4 576.6 461.7 430.3 303.7 395.6 516.4 111.7 363.2 173.6 576.4 559.6 514.0 481.4 361.5 490.9 438.8 320.0 548.4 389.7 547.7 571.5 1015.1 351.3 453.4 700.2 78.1 450.3 644.1 804.0 605.4 134.6 0.0 325.2 469.5 767.2 223.1 82.3 495.7 598.2 475.9 237.2 146.4 431.5 115.3 542.9 202.9 430.5 625.1 525.0 278.7 469.7 487.7 598.6 198.8 349.3 538.9 444.4 106.6 404.0 456.6 273.7 234.9 550.5 531.7 259.8 397.8 396.1 421.2 421.7 371.0 343.3 94.6 288.1 333.8 689.8 491.4 470.3 459.8 115.1 165.6 553.6 129.1 382.0 397.1
1899.0 775.3 167.2 572.1 743.1 744.8 320.3 656.2 796.4 63.5 215.5 828.0 822.1 536.1 491.9 581.1 816.4 699.7 654.0 43.8 70.3 753.7 331.1 103.3 410.1 804.5 799.4 618.1 258.2 120.9 728.9 215.6 150.3 793.9 149.1 794.3 338.6 822.6 496.4 553.4 940.0 303.7 243.2 883.9 693.4 821.8 277.8 291.3 0.0 706.8 571.3 424.5 367.1 595.7 838.0 722.5 438.6 251.4 190.9 263.7 780.9 439.4 189.9 841.5 763.0 483.0 707.7 298.6 826.7 411.3 595.9 776.2 203.8 343.1 642.0 216.0 99.5 491.0 370.9 780.8 175.7 156.6 630.1 198.0 180.5 176.9 577.3 379.4 492.4 580.4 929.6 302.3 263.2 236.6 399.9 378.1 790.9 413.9 586.3 638.5
1585.5 150.0 567.3 642.7 36.2 184.3 818.5 16.4 187.5 636.4 509.1 121.1 263.0 641.2 621.2 688.5 233.7 57.0 197.1 648.6 669.3 48.8 489.2 633.9 363.7 91.0 219.4 647.6 794.2 706.4 75.6 753.5 664.9 87.0 734.6 184.9 832.3 747.4 625.7 677.5 357.3 488.8 759.4 301.2 531.7 212.9 494.1 507.6 670.1 0.0 526.8 463.1 472.0 675.2 255.3 162.0 477.2 559.4 774.1 528.3 117.3 361.1 775.4 232.6 105.8 490.8 64.6 796.8 124.9 576.3 124.2 75.0 789.3 405.5 104.8 801.5 618.6 409.0 811.3 73.9 568.9 694.5 670.5 735.9 718.4 680.1 617.7 420.1 472.2 136.9 346.9 800.5 779.2 772.2 389.5 543.1 95.3 432.8 533.4 530.7
1529.5 564.4 654.5 1072.4 666.4 564.8 521.1 575.4 585.5 578.9 696.9 610.1 570.6 1036.4 992.2 1081.4 564.9 595.9 546.8 683.1 628.8 655.8 851.7 661.5 830.9 684.9 547.9 1118.4 591.6 722.9 652.0 567.4 752.3 699.6 712.8 612.2 500.4 572.8 996.7 1053.7 688.5 770.3 488.7 632.4 438.9 610.9 831.4 844.9 640.8 600.4 0.0 922.4 822.3 1096.0 586.5 583.6 936.5 750.8 669.5 735.6 600.8 860.2 695.2 630.6 618.1 980.9 603.9 523.1 665.6 938.8 550.4 632.8 709.1 763.9 646.5 727.6 719.5 911.8 479.4 714.1 596.5 526.4 1110.0 549.8 550.3 499.6 1057.2 855.1 990.3 565.4 678.1 503.1 508.7 588.4 829.0 905.6 617.0 861.0 1084.2 1059.3
1913.0 543.5 344.4 406.8 490.4 482.8 595.6 429.1 564.6 433.6 315.0 589.2 566.9 407.6 400.3 452.6 561.2 446.3 414.9 428.9 448.7 501.0 213.6 411.0 109.0 561.0 544.2 411.7 567.6 486.7 475.5 525.0 445.2 533.0 514.9 532.3 657.7 1075.8 396.9 441.6 684.8 203.3 536.5 628.7 892.3 590.0 236.5 250.0 450.4 454.1 826.0 0.0 184.2 439.3 582.8 460.5 14.0 271.6 584.6 240.5 527.5 138.3 555.7 609.7 509.6 176.4 454.3 573.9 583.2 300.7 333.9 523.5 569.6 249.8 388.6 581.8 398.9 132.6 636.7 516.3 346.0 484.0 425.9 507.4 507.9 457.2 373.1 127.8 185.8 318.4 674.4 577.6 556.5 546.0 119.7 267.5 538.2 86.1 279.7 294.8
1936.4 566.9 312.3 459.1 513.8 506.2 612.0 452.5 588.0 382.8 170.7 612.6 590.3 341.2 297.0 432.6 584.6 469.7 438.3 297.7 389.6 524.4 29.3 357.2 212.5 584.4 567.6 464.0 574.9 355.5 498.9 532.3 314.0 556.4 383.7 555.7 623.2 1051.3 301.5 403.6 708.2 143.9 559.9 652.1 840.2 613.4 52.2 65.7 319.2 477.5 803.4 140.7 0.0 445.9 606.2 483.9 154.8 212.2 425.5 181.1 550.9 241.8 424.5 633.1 533.0 199.2 477.7 553.5 606.6 116.4 357.3 546.9 438.4 172.4 412.0 450.6 267.7 273.4 655.5 539.7 325.6 473.3 346.3 514.7 497.2 436.8 293.5 120.2 208.6 341.8 697.8 594.0 579.9 553.3 97.4 83.2 561.6 155.1 302.5 347.1
2139.5 770.0 599.0 216.9 659.2 709.3 757.9 655.6 791.1 629.4 522.2 720.9 793.4 198.6 210.4 262.7 787.7 672.8 641.4 637.2 695.5 669.8 388.1 739.4 415.6 671.4 770.7 221.8 733.7 693.1 702.0 731.1 653.5 656.7 663.3 758.8 769.1 1302.3 207.0 238.1 911.3 447.8 815.2 855.2 1118.8 816.5 393.0 406.5 641.6 622.9 1052.5 327.4 428.7 0.0 809.3 687.0 341.5 516.1 620.0 485.0 754.0 386.4 645.7 836.2 736.1 304.4 680.8 793.1 687.5 475.2 560.4 692.3 659.6 494.3 615.1 678.1 607.2 305.4 801.4 654.5 600.6 752.5 180.8 704.6 776.4 754.8 128.0 372.3 240.0 544.9 900.9 739.9 835.2 752.1 300.5 442.0 707.0 358.2 243.2 104.9
1330.1 121.4 706.7 883.7 223.4 103.8 957.9 279.2 142.5 779.2 651.3 167.1 16.4 804.8 760.6 896.2 22.7 235.7 331.1 790.8 811.0 212.8 628.6 773.3 543.3 241.9 46.5 886.8 929.9 834.7 209.0 887.3 807.1 256.6 862.9 151.2 978.4 492.9 765.1 867.2 101.9 630.5 898.8 45.8 384.4 167.9 633.5 647.0 812.3 262.7 572.8 622.3 611.4 909.5 0.0 122.6 636.4 698.8 904.7 667.7 157.8 572.6 903.7 187.6 175.1 680.8 229.3 936.2 222.6 715.7 250.3 189.8 917.6 547.2 339.1 929.8 760.8 624.2 957.4 271.1 708.3 830.8 809.9 869.7 854.7 819.5 757.1 555.0 690.2 265.3 91.5 939.9 918.8 908.3 528.9 682.5 174.0 560.9 784.1 771.7
1452.4 82.9 584.0 761.0 120.1 22.2 835.2 170.6 104.0 673.2 534.7 128.6 106.3 682.1 637.9 773.5 100.6 128.5 208.4 672.2 688.3 109.5 505.9 650.6 420.6 120.6 83.6 764.1 807.2 712.0 101.8 764.6 690.5 135.3 740.2 77.4 867.0 615.2 642.4 744.5 224.2 507.8 776.1 168.1 436.2 129.4 510.8 524.3 693.7 159.4 548.2 499.6 488.7 786.8 122.2 0.0 513.7 576.1 782.0 545.0 119.3 449.9 781.0 149.1 87.4 558.1 122.1 813.5 142.8 593.0 127.6 110.3 794.9 424.5 231.9 807.1 644.2 501.5 846.0 152.0 585.6 723.6 687.2 747.0 747.5 696.8 634.4 432.3 567.5 142.6 213.8 817.2 796.1 785.6 406.2 559.8 135.5 438.2 661.4 649.0
1898.9 529.4 330.3 392.7 476.3 468.7 581.5 415.0 550.5 419.5 300.9 575.1 552.8 393.5 386.2 438.5 547.1 432.2 400.8 414.8 434.6 486.9 199.5 396.9 94.9 546.9 530.1 397.6 553.5 472.6 461.4 510.9 431.1 518.9 500.8 518.2 643.6 1061.7 382.8 427.5 670.7 189.2 522.4 614.6 878.2 575.9 222.4 235.9 436.3 440.0 811.9 123.8 170.1 425.2 568.7 446.4 0.0 257.5 570.5 226.4 513.4 124.2 541.6 595.6 495.5 162.3 440.2 559.8 569.1 286.6 319.8 509.4 555.5 235.7 374.5 567.7 384.8 118.5 622.6 502.2 331.9 469.9 411.8 493.3 493.8 443.1 359.0 113.7 171.7 304.3 660.3 563.5 542.4 531.9 105.6 253.4 524.1 72.0 265.6 280.7
1908.9 647.6 247.2 592.4 605.1 586.9 469.8 543.8 668.7 317.7 93.1 690.0 671.0 479.7 435.5 571.1 665.3 564.3 515.2 232.6 324.5 615.7 200.4 292.1 252.0 662.4 648.3 597.3 441.8 290.4 593.5 399.2 248.9 647.7 318.6 636.4 558.1 944.0 440.0 542.1 788.9 107.6 410.7 732.8 732.9 694.1 181.6 195.1 254.1 568.8 696.1 311.8 171.0 584.4 686.9 564.6 325.9 0.0 360.4 67.6 645.5 281.3 359.4 713.8 627.6 367.4 572.3 448.1 683.7 287.5 438.0 638.2 373.3 185.0 492.7 385.5 202.6 323.6 590.4 631.0 220.2 358.2 484.8 381.6 382.1 331.4 432.0 183.3 376.8 422.5 778.5 451.8 430.7 420.2 203.8 254.3 652.9 217.8 470.7 480.4
1921.3 827.8 243.5 550.2 765.4 767.1 299.4 713.4 848.9 91.0 291.8 850.3 868.0 514.2 470.0 559.2 838.7 722.3 676.3 141.9 151.9 776.0 472.8 195.8 462.0 820.2 821.7 596.2 273.3 73.0 747.6 232.6 175.5 816.2 43.2 816.6 310.6 844.9 474.5 531.5 962.3 380.0 260.2 906.2 715.7 874.3 375.9 389.4 98.0 727.1 593.6 559.1 443.4 573.8 860.3 744.8 573.2 327.7 0.0 340.0 795.7 497.3 25.6 894.0 784.2 594.2 730.0 315.6 849.0 509.4 618.2 804.2 39.5 395.0 661.5 58.0 197.6 542.9 342.9 803.1 227.6 173.6 611.8 215.0 197.5 193.9 559.0 455.7 606.1 602.7 951.9 281.4 280.0 253.6 458.1 476.2 813.2 477.1 695.4 690.4
1919.5 614.8 257.8 565.0 561.7 554.1 486.1 500.4 635.9 328.3 103.7 660.5 638.2 446.9 402.7 538.3 632.5 517.6 486.2 243.2 335.1 572.3 167.6 302.7 239.2 632.3 615.5 569.9 458.1 301.0 546.8 415.5 259.5 604.3 329.2 603.6 568.7 954.6 407.2 509.3 756.1 74.8 427.0 700.0 743.5 661.3 148.8 162.3 264.7 525.4 706.7 279.0 138.2 551.6 654.1 531.8 293.1 85.9 371.0 0.0 598.8 268.5 370.0 681.0 580.9 334.6 525.6 464.4 654.5 254.7 405.2 594.8 383.9 172.2 459.9 396.1 213.2 290.8 601.0 587.6 236.5 418.8 452.0 397.9 442.7 347.7 399.2 150.5 344.0 389.7 745.7 468.1 447.0 436.5 171.0 221.5 609.5 185.0 437.9 453.0
1498.5 58.8 637.6 762.2 80.1 104.8 888.8 120.8 96.3 717.0 579.4 66.3 176.0 763.0 691.5 827.1 146.7 70.2 261.8 718.9 741.9 67.5 559.5 704.2 485.5 91.3 129.7 767.1 872.5 776.7 44.4 831.8 735.2 95.3 804.9 105.4 902.6 661.3 696.0 798.1 270.3 561.4 829.7 214.2 461.2 121.7 564.4 577.9 740.4 119.4 591.5 553.2 542.3 794.7 168.3 82.5 567.3 629.7 846.7 598.6 0.0 482.9 845.7 141.4 10.0 608.3 64.1 867.1 102.8 646.6 188.9 70.3 859.6 478.1 171.1 871.8 688.9 528.5 881.6 111.0 639.2 772.8 740.8 814.2 796.7 750.4 688.0 485.9 591.7 203.9 259.9 870.8 849.7 852.8 459.8 613.4 73.2 503.1 655.2 650.2
1954.8 585.3 395.9 337.7 483.5 524.6 647.1 470.9 606.4 480.9 356.8 545.2 632.3 338.5 331.2 383.5 603.0 488.1 456.7 470.7 500.2 496.1 255.4 462.5 168.8 485.0 588.7 342.6 619.1 528.5 513.7 576.5 487.0 481.0 556.7 574.1 775.5 1117.6 327.8 372.5 726.6 245.1 588.0 670.5 934.1 631.8 274.4 287.9 492.2 445.2 867.8 153.7 226.0 370.2 624.6 502.3 167.8 313.4 626.4 282.3 561.8 0.0 597.5 651.5 550.3 130.7 496.1 625.4 513.3 342.5 375.7 522.3 611.4 291.6 427.6 623.6 440.7 45.5 807.8 478.8 397.5 535.5 356.8 558.9 559.4 508.7 304.0 169.6 108.7 360.2 716.2 629.1 608.0 597.5 161.5 309.3 531.3 139.2 202.6 225.7
1956.2 862.7 262.5 585.1 800.3 802.0 334.3 748.3 883.8 120.7 310.8 885.2 879.3 549.1 504.9 594.1 873.6 756.9 711.2 176.8 186.8 810.9 427.7 230.7 496.9 861.7 856.6 631.1 310.1 61.2 786.1 267.5 163.7 851.1 31.4 851.5 345.5 879.8 509.4 566.4 997.2 399.0 295.1 941.1 750.6 909.2 374.4 387.9 132.9 764.0 628.5 521.1 462.4 608.7 895.2 779.7 535.2 346.7 34.8 359.0 838.1 526.2 0.0 928.9 820.2 579.6 764.9 350.5 883.9 507.9 653.1 833.4 13.8 429.9 699.2 32.3 194.8 577.8 377.8 838.0 262.5 208.5 646.7 249.9 232.4 228.8 593.9 474.7 589.0 637.6 986.8 316.3 315.1 288.5 493.0 474.7 848.1 500.7 682.9 725.3
1494.1 124.6 625.5 802.5 226.6 63.9 876.7 212.1 145.7 714.7 576.2 170.3 148.0 723.6 679.4 815.0 142.3 238.9 249.9 713.7 729.8 216.0 547.4 692.1 462.1 245.1 125.3 805.6 848.7 753.5 212.2 806.1 732.0 259.8 781.7 64.5 908.5 656.9 683.9 786.0 265.9 549.3 817.6 209.8 477.9 171.1 552.3 565.8 735.2 265.9 589.7 541.1 530.2 828.3 163.9 41.6 555.2 617.6 823.5 586.5 161.0 491.4 822.5 0.0 178.3 599.6 232.5 855.0 225.8 634.5 169.1 193.0 836.4 466.0 283.2 848.6 685.7 543.0 887.5 274.3 627.1 765.1 728.7 788.5 789.0 738.3 675.9 473.8 609.0 184.1 255.5 858.7 837.6 827.1 447.7 601.3 177.2 479.7 702.9 690.5
1508.9 69.2 627.6 752.2 69.0 93.7 878.8 110.8 106.7 705.9 569.4 76.7 186.4 753.0 681.5 817.1 157.1 60.2 251.8 708.9 730.8 57.5 549.5 694.2 474.4 81.3 142.8 757.1 862.5 766.7 34.4 820.7 725.2 85.3 794.9 95.4 892.6 671.7 686.0 788.1 280.7 550.3 819.7 224.6 471.6 132.1 554.4 567.9 730.4 111.7 581.5 543.2 532.3 784.7 178.7 72.5 557.3 619.7 835.6 588.6 10.4 472.9 835.7 151.8 0.0 598.3 54.1 857.1 97.9 636.6 178.9 66.0 849.6 467.0 161.1 861.8 678.9 518.5 871.6 101.0 629.2 762.8 730.8 804.2 786.7 740.4 678.0 480.4 581.7 192.8 270.3 860.8 839.5 841.7 449.8 603.4 86.3 492.0 644.1 640.2
1934.8 565.3 357.9 354.1 432.1 504.6 609.1 450.9 586.4 442.9 336.8 520.4 612.3 354.9 347.6 399.9 583.0 468.5 436.7 450.7 465.6 444.7 235.4 424.5 152.2 501.4 568.7 359.0 579.2 508.5 493.7 538.5 467.0 497.4 536.7 554.1 671.2 1097.6 344.2 388.9 706.6 225.1 550.0 650.5 914.1 611.8 258.3 271.8 472.2 393.8 847.8 142.9 206.0 386.6 604.6 482.3 157.0 293.4 609.8 262.3 545.2 112.5 577.5 631.5 530.3 0.0 476.1 587.4 533.3 322.5 355.7 470.9 591.4 275.0 407.6 603.6 420.7 79.9 650.2 469.8 359.5 497.5 373.2 520.9 521.4 470.7 320.4 154.1 143.1 340.2 696.2 591.1 569.8 562.9 141.5 289.3 491.2 122.6 240.4 242.1
1564.2 124.5 573.4 700.1 61.5 150.6 824.6 56.6 162.0 657.0 515.2 132.0 218.1 700.9 627.3 762.9 212.4 6.4 197.6 654.7 677.7 72.1 495.3 640.0 423.4 106.4 195.4 705.0 810.2 712.5 21.1 767.6 671.0 95.0 740.7 151.2 838.4 727.0 631.8 733.9 336.0 497.2 765.5 279.9 526.9 187.4 500.2 513.7 676.2 57.3 527.3 489.0 478.1 732.6 234.0 128.3 503.1 565.5 782.5 534.4 73.1 414.8 781.5 207.1 55.2 547.5 0.0 802.9 128.6 582.4 124.7 94.6 795.4 413.9 109.7 807.6 624.7 466.4 817.4 81.2 575.0 708.6 676.6 750.0 732.5 686.2 623.8 421.7 529.6 139.7 325.6 806.6 785.5 788.6 395.6 549.2 109.3 427.6 593.1 588.1
1951.4 871.9 273.6 642.9 795.5 811.2 255.7 757.5 893.0 115.9 362.0 880.4 874.5 606.9 562.7 651.9 868.8 752.1 706.4 207.8 224.1 806.1 520.3 267.3 499.5 856.9 851.8 688.9 113.2 284.9 781.3 52.6 314.3 846.3 232.4 860.7 299.2 875.0 567.2 624.2 992.4 438.9 178.6 936.3 745.8 918.4 441.8 455.3 163.9 759.2 623.7 596.6 490.9 666.5 890.4 788.9 610.7 357.8 189.1 404.2 833.3 528.8 214.8 938.1 815.4 635.1 760.1 0.0 879.1 607.4 662.3 828.6 228.7 432.5 694.4 247.2 263.5 580.4 331.5 833.2 265.1 92.0 776.6 53.0 115.9 94.3 723.8 521.2 643.6 646.8 982.0 237.7 198.6 73.6 495.6 574.2 843.3 503.3 732.9 727.9
1541.4 101.7 691.5 756.9 88.4 152.0 942.7 128.1 135.6 761.4 627.7 64.2 215.3 761.3 745.4 802.7 189.6 135.5 308.8 767.2 794.3 74.2 613.4 758.1 488.7 22.7 172.6 761.8 920.3 825.0 112.6 881.3 783.5 37.4 853.2 152.6 956.5 704.2 747.0 791.7 313.2 618.9 883.6 257.1 501.4 164.6 618.3 631.8 788.7 124.1 638.5 587.3 596.2 789.4 211.2 129.7 601.4 683.6 898.6 652.5 83.5 486.1 894.0 184.3 74.6 618.4 129.3 921.0 0.0 700.5 235.9 55.0 907.9 530.5 232.6 920.1 737.2 533.2 935.5 54.1 693.1 818.7 794.7 860.1 842.6 804.3 741.9 539.8 596.4 249.4 302.8 924.7 903.6 897.2 513.7 667.3 69.7 555.5 648.4 644.9
1901.0 531.5 340.1 423.7 478.4 470.8 632.7 417.1 552.6 410.6 198.5 577.2 554.9 305.8 261.6 397.2 549.2 434.3 402.9 325.5 417.4 489.0 75.1 385.0 184.3 549.0 532.2 428.6 608.5 383.3 463.5 506.5 341.8 521.0 411.5 520.3 643.9 1063.8 266.1 368.2 672.8 160.3 518.0 616.7 868.0 578.0 80.0 93.5 347.0 442.1 814.0 105.3 141.2 410.5 570.8 448.5 119.4 228.6 494.8 197.5 515.5 213.6 452.3 597.7 497.6 163.8 442.3 555.4 571.2 0.0 321.9 511.5 466.2 200.2 376.6 478.4 295.5 225.1 676.2 504.3 327.5 501.1 310.9 488.9 525.0 438.7 258.1 66.8 173.2 306.4 662.4 614.7 538.0 527.5 62.0 129.0 526.2 119.3 267.1 311.7
1579.0 209.5 456.3 633.3 156.4 148.8 707.5 95.1 230.6 545.5 407.0 255.2 232.9 554.4 510.2 645.8 227.2 115.6 80.7 544.5 560.6 167.0 378.2 522.9 292.9 227.0 210.2 636.4 679.5 584.3 144.8 636.9 562.8 199.0 612.5 198.3 739.3 741.8 514.7 616.8 350.8 380.1 648.4 294.7 558.3 256.0 383.1 396.6 566.0 120.1 492.7 371.9 361.0 659.1 248.8 126.5 386.0 448.4 654.3 417.3 211.7 322.2 653.3 275.7 193.8 430.4 123.6 685.8 249.2 465.3 0.0 189.5 667.2 296.8 166.2 679.4 516.5 373.8 718.3 182.3 457.9 595.9 559.5 619.3 619.8 569.1 506.7 304.6 439.8 14.9 340.4 689.5 668.4 657.9 278.5 432.1 204.2 310.5 533.7 521.3
1516.1 80.6 640.2 715.6 33.5 124.8 891.4 89.3 112.4 717.7 582.0 51.7 193.6 722.5 694.1 761.4 164.3 100.3 270.0 721.5 744.5 20.9 562.1 706.8 445.0 62.7 150.0 720.5 867.1 779.3 75.6 832.5 737.8 66.7 807.5 119.3 905.2 678.0 698.6 750.4 287.9 570.1 832.3 231.8 462.3 143.5 567.0 580.5 743.0 75.1 599.7 536.0 544.9 748.1 185.9 96.4 550.1 632.3 849.3 601.2 51.7 442.4 848.3 163.2 40.2 563.7 94.2 869.7 79.3 649.2 197.1 0.0 862.2 480.7 177.7 874.4 691.5 481.9 884.2 81.2 641.8 767.4 743.4 808.8 791.3 753.0 690.6 493.0 545.1 218.2 277.5 873.4 852.1 853.5 462.4 616.0 25.9 505.7 608.6 603.6
1972.1 878.6 278.4 601.0 816.2 817.9 350.2 764.2 899.7 136.6 326.7 901.1 895.2 565.0 520.8 610.0 889.5 772.8 727.1 192.7 202.7 826.8 443.6 246.6 512.8 877.6 872.5 647.0 326.0 77.1 802.0 283.4 179.6 867.0 47.3 867.4 361.4 895.7 525.3 582.3 1013.1 414.9 311.0 957.0 766.5 925.1 390.3 403.8 148.8 779.9 644.4 537.0 478.3 624.6 911.1 795.6 551.1 362.6 50.7 374.9 854.0 542.1 15.8 944.8 836.1 595.5 780.8 366.4 899.8 523.8 669.0 849.3 0.0 445.8 715.1 18.4 210.7 593.7 393.7 853.9 278.4 224.4 662.6 265.8 248.3 244.7 609.8 490.6 604.9 653.5 1002.7 332.2 331.0 304.4 508.9 490.6 864.0 516.6 698.8 741.2
1922.4 552.9 335.6 503.1 499.8 492.2 544.7 438.5 574.0 411.3 207.1 598.6 599.9 385.0 340.8 476.4 570.6 456.0 424.3 321.0 412.9 512.4 87.7 380.5 206.1 570.4 553.6 508.0 514.8 378.8 481.3 474.1 337.3 542.4 407.0 541.7 646.5 1032.4 345.3 447.4 694.2 95.4 485.6 638.1 821.3 599.4 110.6 124.1 342.5 461.5 784.5 199.1 58.3 489.7 592.2 469.9 213.2 163.7 448.8 132.6 529.4 241.4 447.8 619.1 517.9 257.6 463.7 523.0 592.6 174.8 343.3 538.6 461.7 0.0 403.7 473.9 291.0 228.9 585.8 525.7 295.1 433.1 390.1 456.5 457.0 406.3 337.3 88.6 267.0 327.8 683.8 526.7 505.6 495.1 109.1 141.6 547.6 134.4 360.9 391.1
1707.0 258.6 513.8 681.7 169.5 282.5 765.0 123.5 293.3 590.4 455.6 257.2 384.5 617.6 567.7 703.3 355.2 126.3 208.9 595.1 615.3 188.6 435.7 580.4 356.1 239.4 343.9 686.6 756.3 652.9 160.3 713.7 611.4 223.1 681.1 285.3 778.8 849.1 572.2 674.3 478.8 434.8 705.9 422.7 667.8 321.5 440.6 454.1 616.6 141.7 602.0 429.4 418.5 716.6 376.8 254.5 443.5 505.9 720.1 474.8 205.4 385.7 721.9 341.2 195.0 493.6 134.0 743.3 258.2 522.8 127.9 211.1 735.8 360.0 0.0 748.0 565.1 431.3 757.8 210.0 515.4 649.0 617.0 690.4 672.9 626.6 564.2 367.8 497.3 112.4 468.4 747.0 731.6 729.0 336.0 489.6 225.8 385.0 596.9 569.7
1994.2 900.7 296.4 623.1 838.3 840.0 372.3 786.3 921.8 158.7 344.7 923.2 917.3 587.1 542.9 632.1 911.6 794.9 749.2 213.6 224.8 848.9 461.6 268.7 534.9 899.7 894.6 669.1 348.1 99.2 824.1 305.5 197.6 889.1 69.4 889.5 383.5 917.8 547.4 604.4 1035.2 432.9 333.1 979.1 788.6 947.2 408.3 421.8 170.9 802.0 666.5 555.0 496.3 646.7 933.2 817.7 569.1 380.6 72.8 392.9 876.1 564.2 37.9 966.9 858.2 613.5 802.9 388.5 921.9 541.8 691.1 871.4 22.0 467.9 737.2 0.0 228.7 615.8 415.8 876.0 300.5 246.5 684.7 287.9 270.4 266.8 631.9 508.6 622.9 675.6 1024.8 354.3 353.1 326.5 529.1 508.6 886.1 538.7 716.8 763.3
1974.0 705.7 67.6 556.7 647.9 645.3 372.0 586.6 726.8 174.7 115.9 732.8 729.4 520.7 476.5 565.7 723.7 607.1 558.0 141.9 140.0 658.5 296.9 102.3 333.6 705.2 706.7 602.7 309.9 181.7 636.3 267.3 177.0 690.5 209.9 694.8 495.9 897.6 481.0 538.0 847.3 204.1 294.9 791.2 768.4 752.2 278.1 291.6 163.4 611.6 646.3 408.3 267.5 580.3 745.3 623.0 422.4 151.8 251.7 164.1 688.3 362.9 250.7 771.9 670.4 463.9 615.1 350.3 726.5 384.0 496.4 681.0 264.6 266.6 551.1 276.8 0.0 414.5 436.8 673.8 186.1 208.3 581.3 249.7 232.2 228.6 528.5 279.8 473.3 480.9 836.9 354.0 314.9 288.3 300.3 350.8 695.7 314.3 567.0 562.0
1993.3 623.8 443.1 331.6 529.9 563.1 745.0 509.4 644.9 559.4 347.3 591.6 647.2 332.4 325.1 377.4 641.5 526.6 495.2 474.3 566.2 540.5 223.9 533.8 217.2 542.1 624.5 336.5 720.8 532.1 555.8 623.7 490.6 527.4 560.3 612.6 756.2 1156.1 321.7 366.4 765.1 310.3 635.2 709.0 972.6 670.3 228.8 242.3 495.8 493.6 906.3 108.1 291.2 364.1 663.1 540.8 122.2 378.6 607.1 347.5 607.8 191.7 601.1 690.0 589.9 85.1 534.6 672.6 558.2 311.0 414.2 563.0 615.0 349.0 468.9 627.2 444.3 0.0 788.5 525.2 444.7 582.7 350.7 606.1 606.6 555.9 297.9 233.6 63.1 398.7 754.7 727.0 655.2 644.7 154.3 277.8 577.7 193.1 157.0 219.6
1925.2 887.3 338.5 686.6 834.2 826.6 83.3 772.9 908.4 159.6 377.4 933.0 910.7 650.6 606.4 695.6 905.0 790.1 755.6 248.4 264.7 844.8 535.7 307.9 514.9 904.8 888.0 732.6 153.8 325.5 819.3 96.3 354.9 876.8 276.1 876.1 246.6 968.5 610.9 667.9 1028.6 454.3 83.7 972.5 786.6 933.8 482.4 495.9 204.5 797.9 654.4 612.0 506.3 710.2 926.6 804.3 626.1 440.7 232.8 419.6 871.3 544.2 258.5 953.5 853.4 650.5 798.1 43.6 927.0 622.8 677.7 867.3 272.4 447.9 732.4 290.9 304.1 595.8 0.0 860.1 280.5 135.7 792.0 96.7 159.6 138.0 739.2 536.6 659.0 662.2 1018.2 65.3 103.7 117.3 511.0 589.6 882.0 518.7 748.3 743.3
1609.9 155.9 638.1 718.0 62.4 179.7 889.3 73.9 193.4 721.2 573.5 131.1 263.8 718.8 692.0 763.8 258.1 88.0 254.6 713.0 742.4 56.8 560.0 704.7 444.3 31.3 241.1 722.9 874.4 770.8 84.4 831.8 729.3 16.6 799.0 180.3 910.6 757.4 696.5 752.8 381.7 561.9 830.2 325.6 541.7 218.8 564.9 578.4 734.5 78.2 584.3 553.7 542.8 750.5 279.7 157.4 567.8 630.2 840.8 599.1 118.1 435.7 839.8 238.5 100.2 572.5 81.6 867.6 52.6 647.1 181.7 79.3 853.7 478.6 182.3 865.9 683.0 487.3 889.6 0.0 639.7 772.8 741.3 814.2 796.7 750.9 688.5 486.4 550.5 196.7 371.3 871.3 850.2 852.8 460.3 613.9 94.0 492.3 611.0 606.0
1936.6 729.1 91.0 580.1 671.3 706.8 334.6 610.0 750.2 171.6 139.3 756.2 790.9 544.1 499.9 589.1 785.2 630.5 581.4 86.5 102.6 681.9 320.3 64.9 375.0 728.6 768.2 626.1 272.5 126.3 659.7 229.9 155.7 713.9 154.5 756.3 458.5 860.2 504.4 561.4 908.8 227.5 257.5 852.7 731.0 775.6 301.5 315.0 108.0 635.0 608.9 431.7 290.9 603.7 806.8 684.5 445.8 175.2 196.3 187.5 711.7 404.3 195.3 795.3 693.8 487.3 638.5 312.9 749.9 407.4 557.9 704.4 209.2 308.0 576.6 221.4 122.9 443.5 399.4 697.2 0.0 170.9 604.7 212.3 194.8 191.2 551.9 303.2 496.7 542.4 898.4 316.6 277.5 250.9 323.7 374.2 719.1 337.7 590.6 603.4
1928.0 908.1 359.3 784.9 855.0 847.4 163.6 793.7 929.2 265.7 398.2 953.8 931.5 748.9 704.7 793.9 925.8 810.9 776.4 328.7 345.0 865.6 556.5 366.3 535.7 925.6 908.8 830.9 234.1 405.8 840.1 194.6 435.2 897.6 374.4 896.9 249.4 971.3 709.2 766.2 1049.4 475.1 86.5 993.3 807.4 954.6 549.1 562.6 284.8 818.7 657.2 632.8 527.1 808.5 947.4 825.1 646.9 461.5 331.1 440.4 892.1 565.0 356.8 974.3 874.2 671.3 818.9 141.9 947.8 643.6 698.5 888.1 370.7 468.7 753.2 389.2 384.4 616.6 228.4 880.9 301.3 0.0 812.8 195.0 23.8 174.9 760.0 557.4 679.8 683.0 1039.0 145.6 106.5 215.6 531.8 610.4 902.8 539.5 769.1 764.1
2103.0 733.5 498.8 206.2 680.4 672.8 604.9 619.1 754.6 476.4 369.2 779.2 756.9 114.3 55.8 86.2 751.2 636.3 604.9 484.2 542.5 691.0 351.6 586.4 379.1 751.0 734.2 211.1 580.7 540.1 665.5 578.1 500.5 723.0 510.3 722.3 616.1 1235.5 60.3 57.2 874.8 411.3 662.2 818.7 1038.7 780.0 356.5 370.0 488.6 644.1 984.2 325.3 392.2 99.5 772.8 650.5 339.4 432.8 467.0 445.1 717.5 408.4 492.7 799.7 699.6 346.5 644.3 640.1 773.2 438.7 523.9 713.5 506.6 457.8 578.6 525.1 454.2 347.5 648.4 706.3 618.2 599.5 0.0 551.6 623.4 601.8 180.2 335.8 282.1 508.4 864.4 586.9 682.2 599.1 264.0 405.5 728.2 321.7 285.3 110.4
1925.2 827.7 278.1 606.5 769.3 767.0 211.5 713.3 848.8 89.7 317.8 854.2 851.1 570.5 526.3 615.5 845.4 725.9 680.2 154.7 171.0 779.9 476.1 214.2 455.3 845.2 828.4 652.5 60.1 231.8 755.1 26.4 261.2 817.2 200.8 816.5 246.1 848.8 530.8 587.8 969.0 394.7 134.4 912.9 719.6 874.2 388.7 402.2 110.8 733.0 597.5 552.4 446.7 630.1 867.0 744.7 566.5 362.3 157.5 360.0 807.1 484.6 183.2 893.9 789.2 590.9 733.9 189.8 867.4 563.2 618.1 802.4 197.1 388.3 668.2 215.6 210.4 536.2 278.4 800.5 220.9 47.8 732.4 0.0 71.7 50.1 679.6 477.0 599.4 602.6 958.6 193.5 154.4 47.4 451.4 530.0 817.1 459.1 688.7 683.7
1904.1 884.2 335.4 761.0 831.1 823.5 139.7 769.8 905.3 241.8 374.3 929.9 907.6 725.0 680.8 770.0 901.9 787.0 752.5 304.8 321.1 841.7 532.6 342.4 511.8 901.7 884.9 807.0 210.2 381.9 816.2 170.7 411.3 873.7 350.5 873.0 225.5 947.4 685.3 742.3 1025.5 451.2 62.6 969.4 783.5 930.7 525.2 538.7 260.9 794.8 633.3 608.9 503.2 784.6 923.5 801.2 623.0 437.6 307.2 416.5 868.2 541.1 332.9 950.4 850.3 647.4 795.0 118.0 923.9 619.7 674.6 864.2 346.8 444.8 729.3 365.3 360.5 592.7 204.5 857.0 277.4 177.8 788.9 171.1 0.0 151.0 736.1 533.5 655.9 659.1 1015.1 121.7 82.6 191.7 507.9 586.5 878.9 515.6 745.2 740.2
1882.4 777.5 228.7 652.0 724.4 716.8 190.4 663.1 798.6 107.6 267.6 823.2 800.9 616.0 571.8 661.0 795.2 680.3 645.8 204.9 157.5 735.0 425.9 235.7 405.1 795.0 778.2 698.0 110.3 282.0 709.5 67.7 311.4 767.0 241.5 766.3 296.3 806.0 576.3 633.3 918.8 344.5 113.3 862.7 676.8 824.0 418.5 432.0 161.0 688.1 554.7 502.2 396.5 675.6 816.8 694.5 516.3 330.9 198.2 309.8 761.5 434.4 223.9 843.7 743.6 540.7 688.3 168.7 817.2 513.0 567.9 757.5 237.8 338.1 622.6 256.3 260.6 486.0 328.6 750.3 170.7 26.7 682.2 50.1 50.6 0.0 629.4 426.8 549.2 552.4 908.4 172.4 133.3 88.7 401.2 479.8 772.2 408.9 638.5 633.5
2155.8 786.3 551.6 259.0 733.2 725.6 657.7 671.9 807.4 529.2 422.0 832.0 809.7 167.1 108.6 139.0 804.0 689.1 657.7 537.0 595.3 743.8 404.4 639.2 431.9 803.8 787.0 263.9 633.5 592.9 718.3 630.9 553.3 775.8 563.1 775.1 668.9 1288.3 113.1 110.0 927.6 464.1 715.0 871.5 1091.5 832.8 409.3 422.8 541.4 696.9 1037.0 378.1 445.0 152.3 825.6 703.3 392.2 485.6 519.8 497.9 770.3 461.2 545.5 852.5 752.4 399.3 697.1 692.9 826.0 491.5 576.7 766.3 559.4 510.6 631.4 577.9 507.0 400.3 701.2 759.1 671.0 652.3 52.7 604.4 676.2 654.6 0.0 388.6 334.9 561.2 917.2 639.7 735.0 651.9 316.8 458.3 781.0 374.5 338.1 163.2
1859.3 489.8 259.0 457.8 432.2 424.6 510.2 375.4 506.4 344.0 209.7 531.0 536.8 458.6 345.2 480.8 507.5 393.0 361.2 347.2 363.3 449.3 213.2 325.6 112.9 483.3 493.2 462.7 480.3 387.0 416.7 435.1 365.5 479.3 415.2 478.6 572.3 995.7 349.7 451.8 631.1 210.6 451.1 575.0 785.6 536.3 218.1 231.6 368.7 398.4 772.3 214.5 196.0 490.3 529.1 406.8 228.6 283.4 452.5 252.3 461.8 152.7 456.0 556.0 454.8 249.6 400.6 488.5 534.6 300.3 280.2 475.5 469.9 99.5 332.1 482.1 319.2 198.3 551.3 462.6 260.6 398.6 394.5 422.0 422.5 371.8 341.7 0.0 261.5 264.7 620.7 492.2 470.9 456.1 113.5 267.1 495.8 132.5 346.3 345.8
2010.6 641.1 460.4 288.8 527.2 580.4 762.3 526.7 662.2 576.7 364.6 588.9 664.5 289.6 282.3 334.6 658.8 542.6 512.5 491.6 583.5 537.8 241.2 551.1 234.5 539.4 641.8 293.7 738.1 549.4 567.2 641.0 507.9 524.7 577.6 629.9 773.5 1173.4 278.9 323.6 782.4 327.6 652.5 726.3 989.9 687.6 246.1 259.6 513.1 490.9 923.6 125.4 308.5 321.3 680.4 558.1 139.5 395.9 624.4 364.8 615.8 209.0 618.4 707.3 597.9 102.4 550.6 689.9 555.5 328.3 431.5 560.3 632.3 366.3 486.2 644.5 461.6 182.4 805.8 522.5 462.0 600.0 307.9 623.4 623.9 573.2 255.1 250.9 0.0 416.0 772.0 744.3 672.5 662.0 171.6 295.1 575.0 210.4 93.8 176.8
1594.5 225.0 441.3 618.3 171.9 164.3 692.5 110.6 246.1 526.3 392.0 270.7 272.0 539.4 495.2 630.8 242.7 131.1 96.4 529.5 545.6 184.5 363.2 507.9 277.9 218.5 225.7 621.4 664.5 569.3 156.7 621.9 547.8 214.5 597.5 213.8 724.3 757.3 499.7 601.8 366.3 365.1 633.4 310.2 573.8 271.5 368.1 381.6 551.0 133.6 508.2 356.9 346.0 644.1 264.3 142.0 371.0 433.4 639.3 402.3 219.7 313.2 638.3 291.2 208.2 412.0 139.1 670.8 264.7 450.3 15.4 210.7 652.2 281.8 130.1 664.4 501.5 358.8 703.3 197.8 442.9 580.9 544.5 604.3 604.8 554.1 491.7 289.6 424.8 0.0 355.9 674.5 653.4 642.9 263.5 417.1 219.7 306.8 518.7 506.3
1238.5 213.6 798.9 975.9 315.6 196.0 1050.1 371.4 234.7 871.4 743.5 259.3 108.6 897.0 852.8 988.4 114.9 327.9 423.3 883.0 903.2 305.0 720.8 865.5 635.5 334.1 138.7 979.0 1022.1 926.9 301.2 979.5 899.3 348.8 955.1 243.4 1070.6 427.2 857.3 959.4 10.4 722.7 991.0 47.0 328.2 260.1 725.7 739.2 904.5 354.9 665.0 714.5 703.6 1001.7 92.1 214.8 728.6 791.0 996.9 759.9 250.0 664.8 995.9 279.8 267.3 773.0 321.5 1028.4 314.8 807.9 342.5 282.0 1009.8 639.4 431.3 1022.0 853.0 716.4 1049.6 363.3 800.5 923.0 902.1 961.9 946.9 911.7 849.3 647.2 782.4 357.5 0.0 1032.1 1011.0 1000.5 621.1 774.7 266.2 653.1 876.3 863.9
1980.4 886.9 306.4 639.6 824.5 826.2 17.9 772.5 908.0 144.9 354.7 909.4 903.5 603.6 559.4 648.6 897.8 781.1 735.4 183.0 199.3 835.1 470.3 242.5 532.7 885.9 880.8 685.6 88.4 260.1 810.3 103.8 289.5 875.3 229.1 875.7 292.4 904.0 563.9 620.9 1021.4 442.9 211.8 965.3 774.8 933.4 417.0 430.5 139.1 788.2 652.7 563.7 506.3 663.2 919.4 803.9 577.8 390.6 185.8 402.9 862.3 562.0 211.5 953.1 844.4 622.2 789.1 267.2 908.1 550.5 677.3 857.6 225.4 465.7 723.4 243.9 238.7 613.6 324.7 862.2 298.3 125.2 701.2 77.3 149.1 127.5 648.4 518.6 631.6 661.8 1011.0 0.0 231.8 124.8 528.8 517.3 872.3 536.5 766.1 761.1
1821.4 868.8 341.9 714.8 799.7 808.1 235.2 751.1 889.9 247.7 380.8 884.6 903.3 678.8 634.6 723.8 874.0 754.0 707.9 370.5 301.8 812.1 539.1 348.9 518.3 854.3 859.7 760.8 295.5 410.3 779.2 254.8 439.7 850.3 385.6 857.6 142.8 864.7 639.1 696.1 997.6 457.7 176.1 941.5 762.2 915.3 531.7 545.2 348.1 761.2 550.6 615.4 509.7 738.4 895.6 785.8 629.5 444.1 342.3 423.0 827.5 553.6 368.0 935.0 815.8 650.5 761.6 213.5 888.2 626.2 659.2 838.3 381.9 451.3 693.1 400.4 406.9 599.2 121.8 837.2 283.9 213.8 795.4 237.2 237.7 187.0 742.6 544.5 662.4 643.7 987.2 217.2 0.0 275.8 514.4 593.0 858.6 533.6 751.9 746.7
1877.7 784.2 199.9 569.2 721.8 723.5 318.4 669.8 805.3 47.4 248.2 806.7 824.4 533.2 489.0 578.2 795.1 678.7 632.7 130.6 108.3 732.4 429.2 152.2 418.4 784.1 778.1 615.2 292.3 188.5 704.0 189.0 237.1 772.6 158.7 773.0 329.6 801.3 493.5 550.5 918.7 336.4 216.6 862.6 672.1 830.7 364.6 378.1 86.7 683.5 550.0 515.5 399.8 592.8 816.7 701.2 529.6 284.1 115.4 296.4 752.1 453.7 141.1 850.4 740.6 554.0 686.4 353.6 810.5 516.3 574.6 760.6 155.0 351.4 617.9 173.5 186.3 499.3 361.9 759.5 184.0 130.0 630.8 171.4 153.9 150.3 578.0 416.6 562.5 559.1 908.3 300.4 236.6 0.0 414.5 483.1 769.6 433.5 651.8 646.8
1838.9 469.4 298.4 311.8 416.3 408.7 602.7 355.0 490.5 474.2 223.0 515.1 492.8 275.8 231.6 367.2 487.1 372.2 340.8 350.0 441.9 426.9 99.6 409.5 115.0 486.9 470.1 357.8 578.5 407.8 401.4 479.0 366.3 458.9 436.0 458.2 613.9 1001.7 236.1 338.2 610.7 147.2 490.5 554.6 818.2 515.9 104.5 118.0 371.5 380.0 751.9 93.3 128.1 380.5 508.7 386.4 107.4 215.5 464.8 184.4 453.4 144.3 490.5 535.6 435.5 151.8 380.2 527.9 509.1 186.7 259.8 449.4 504.4 193.7 314.5 522.9 320.0 163.4 646.2 442.2 300.0 438.0 280.9 549.4 461.9 411.2 228.1 71.7 161.2 244.3 600.3 584.7 510.5 500.0 0.0 153.5 464.1 57.6 255.1 299.7
1905.0 535.5 364.5 303.5 482.4 474.8 594.4 421.1 556.6 465.9 277.0 581.2 558.9 267.5 223.3 358.9 553.2 438.3 406.9 404.0 532.0 493.0 153.6 431.1 181.1 553.0 536.2 349.5 570.2 529.6 467.5 567.6 420.3 525.0 499.8 524.3 605.6 1067.8 227.8 329.9 676.8 213.3 651.7 620.7 884.3 582.0 158.5 172.0 478.1 446.1 818.0 127.3 194.2 372.2 574.8 452.5 141.4 281.6 456.5 250.5 519.5 210.4 482.2 601.7 501.6 185.8 446.3 629.6 575.2 240.7 325.9 515.5 496.1 259.8 380.6 514.6 374.0 229.5 637.9 508.3 366.1 589.0 272.6 541.1 612.9 477.3 219.8 137.8 195.2 310.4 666.4 576.4 671.7 588.6 66.0 0.0 530.2 123.7 289.1 300.0
1501.4 65.9 656.0 731.4 49.3 156.8 907.2 105.1 109.4 749.7 597.8 43.0 184.9 754.5 709.9 777.2 149.6 116.1 285.8 737.3 760.3 36.7 577.9 722.6 477.0 75.5 135.3 736.3 882.9 795.1 113.7 864.5 753.6 82.5 823.3 135.1 921.0 663.3 714.4 766.2 273.2 602.1 848.1 217.1 447.6 128.8 582.8 596.3 758.8 90.9 615.5 551.8 560.7 763.9 171.2 112.2 565.9 648.1 865.1 617.0 67.5 474.4 864.1 148.5 56.0 579.5 110.0 885.5 87.4 665.0 212.9 9.6 878.0 496.5 193.5 890.2 707.3 497.7 900.0 97.0 657.6 783.2 759.2 824.6 807.1 768.8 706.4 508.8 560.9 250.2 262.8 889.2 867.9 885.5 478.2 631.8 0.0 521.5 624.4 619.4
1909.9 540.4 405.5 404.7 487.3 479.7 661.6 426.0 561.5 481.2 263.9 586.1 587.4 405.5 290.5 450.5 558.1 443.2 411.8 390.9 482.8 497.9 140.5 450.4 186.0 557.9 541.1 409.6 635.5 448.7 468.8 550.0 407.2 529.9 476.9 529.2 672.8 1072.7 295.0 397.1 681.7 218.2 561.5 625.6 889.2 586.9 145.4 158.9 412.4 449.0 822.9 86.3 199.1 437.2 579.7 457.4 100.4 286.5 523.7 255.4 516.9 221.3 517.7 606.6 505.4 144.8 451.2 598.9 580.1 227.6 330.8 520.4 531.6 265.6 385.5 543.8 360.9 219.0 705.1 513.2 371.0 509.0 339.8 532.4 532.9 482.2 287.0 154.7 154.2 315.3 671.3 643.6 581.3 571.0 70.9 194.4 546.4 0.0 248.1 292.7
1970.0 566.0 430.1 286.5 466.8 579.2 681.3 437.7 603.5 515.1 363.4 528.5 686.9 287.3 280.0 332.3 657.6 482.6 511.3 490.4 534.4 477.4 240.0 496.7 233.3 471.3 640.6 291.4 651.4 548.2 506.2 610.7 506.7 464.3 576.4 628.7 772.3 1150.0 276.6 321.3 781.2 312.6 622.2 725.1 947.8 628.9 244.9 258.4 511.9 428.5 922.4 124.2 293.5 319.0 679.2 556.9 138.3 380.9 623.2 349.8 547.9 213.8 617.2 648.6 536.4 97.8 490.2 659.6 496.6 327.1 430.3 505.6 631.1 359.1 458.3 643.3 460.4 131.0 804.6 462.1 431.7 569.7 305.6 593.1 593.6 542.9 252.8 241.6 97.2 414.8 770.8 663.3 642.2 631.7 170.4 293.9 514.6 206.7 0.0 174.5
2094.0 690.0 519.8 111.9 590.8 648.1 674.9 561.7 729.9 546.4 439.2 652.5 732.2 112.7 105.4 157.7 726.5 606.2 580.2 554.2 612.5 601.4 374.8 656.4 342.3 603.0 709.5 116.8 650.7 610.1 630.8 648.1 570.5 588.3 580.3 697.6 686.1 1241.1 102.0 146.7 850.1 418.6 732.2 794.0 1071.8 755.3 379.7 393.2 558.6 554.5 991.3 259.0 399.5 144.4 748.1 625.8 273.1 486.9 537.0 455.8 679.4 318.0 562.7 775.0 661.5 236.0 614.2 710.1 619.1 461.9 499.2 623.9 576.6 360.3 553.9 595.1 524.2 237.0 718.4 586.1 521.4 669.5 187.6 621.6 693.4 671.8 134.8 343.1 171.6 483.7 839.7 656.9 752.2 669.1 305.2 428.7 638.6 301.4 174.8 0.0
