Name		2799_BED-Amazon_n116_m241_bt31
Number_of_Customers	116
Number_of_Items		241
Number_of_ItemTypes	31
Number_of_Vehicles	1
TimeWindows		0
Dist_type	manual

VEHICLE
Mass_Capacity	1024
CargoSpace_Length	212
CargoSpace_Width	111
CargoSpace_Height	105

CUSTOMERS
i	x	y	Demand	ReadyTime	DueDate	ServiceTime	DemandedMass	DemandedVolume
0	30.445236	-97.709418	0	0	0	0	0	0
1	30.291897	-97.703103	1	0	0	0	7.3	3640
2	30.295249	-97.710659	1	0	0	0	4.25	9744
3	30.302035	-97.700112	7	0	0	0	25.64	51760
4	30.290914	-97.70419	4	0	0	0	15.31	34411
5	30.290793	-97.703389	1	0	0	0	0.7	2640
6	30.289914	-97.713438	1	0	0	0	7.3	3640
7	30.299219	-97.70023	2	0	0	0	9.36	5730
8	30.296187	-97.700314	1	0	0	0	9.4	2760
9	30.293606	-97.703521	1	0	0	0	3.01	5544
10	30.289894	-97.709688	1	0	0	0	7.3	3640
11	30.293217	-97.711458	1	0	0	0	4.7	1380
12	30.29164	-97.713365	3	0	0	0	10.32	11500
13	30.294916	-97.70992	2	0	0	0	12.1	9840
14	30.294586	-97.700268	1	0	0	0	4.7	1380
15	30.295108	-97.702742	3	0	0	0	10.27	13588
16	30.292421	-97.713149	1	0	0	0	3.5	9216
17	30.291762	-97.70505	1	0	0	0	1.4	5280
18	30.292148	-97.715441	2	0	0	0	6.6	2556
19	30.298243	-97.716044	1	0	0	0	4.7	1380
20	30.292128	-97.703907	4	0	0	0	16.52	15260
21	30.303129	-97.701832	10	0	0	0	65.31	101967
22	30.295021	-97.712717	1	0	0	0	4.7	1380
23	30.299459	-97.713365	2	0	0	0	5.4	4020
24	30.291564	-97.710296	1	0	0	0	9.4	2760
25	30.292565	-97.707007	1	0	0	0	3.01	5544
26	30.294258	-97.702459	1	0	0	0	9.4	2760
27	30.294409	-97.701074	4	0	0	0	26.05	21224
28	30.288079	-97.710179	1	0	0	0	3.01	5544
29	30.291375	-97.706041	1	0	0	0	4.7	1380
30	30.292069	-97.706286	2	0	0	0	11.15	7368
31	30.291013	-97.712036	1	0	0	0	0.7	2640
32	30.298916	-97.714796	1	0	0	0	7.3	3640
33	30.296083	-97.702772	2	0	0	0	5.4	4020
34	30.294761	-97.701904	1	0	0	0	7.3	3640
35	30.293917	-97.714571	1	0	0	0	2.5	3978
36	30.297416	-97.699104	1	0	0	0	9.4	2760
37	30.290743	-97.713388	1	0	0	0	9.4	2760
38	30.298098	-97.702843	1	0	0	0	3.82	7600
39	30.294748	-97.704298	2	0	0	0	5.4	4020
40	30.291105	-97.706686	1	0	0	0	4.7	1380
41	30.294186	-97.715109	1	0	0	0	1.9	1176
42	30.29564	-97.715911	2	0	0	0	2.6	3816
43	30.290158	-97.703821	1	0	0	0	4.7	1380
44	30.294239	-97.703021	3	0	0	0	9.0	7878
45	30.294266	-97.709687	1	0	0	0	3.82	8580
46	30.29589	-97.700306	1	0	0	0	7.3	3640
47	30.298263	-97.70122	4	0	0	0	28.49	17323
48	30.290943	-97.709496	2	0	0	0	12.33	18228
49	30.296384	-97.701565	4	0	0	0	12.35	11300
50	30.299988	-97.700816	1	0	0	0	4.7	1380
51	30.299427	-97.70206	2	0	0	0	2.45	7248
52	30.292934	-97.711938	1	0	0	0	2.6	10400
53	30.299965	-97.701841	2	0	0	0	5.4	4020
54	30.302035	-97.700112	4	0	0	0	13.53	42658
55	30.295804	-97.698778	1	0	0	0	4.7	1380
56	30.300997	-97.702113	1	0	0	0	4.7	1380
57	30.298579	-97.704783	1	0	0	0	3.01	5544
58	30.299347	-97.715713	1	0	0	0	1.85	9135
59	30.293637	-97.701863	1	0	0	0	0.7	2640
60	30.292819	-97.70385	1	0	0	0	0.7	2640
61	30.297979	-97.715039	1	0	0	0	4.7	1380
62	30.294618	-97.71185	3	0	0	0	15.8	7372
63	30.293636	-97.712017	1	0	0	0	4.8	6200
64	30.300623	-97.70131	1	0	0	0	4.7	1380
65	30.292757	-97.705986	1	0	0	0	14.1	4140
66	30.293004	-97.708961	1	0	0	0	2.6	10400
67	30.293984	-97.710797	2	0	0	0	3.13	10588
68	30.29653	-97.715559	2	0	0	0	8.7	8920
69	30.303605	-97.710978	4	0	0	0	18.62	20752
70	30.291558	-97.711175	2	0	0	0	7.2	5358
71	30.298644	-97.701624	3	0	0	0	8.75	3636
72	30.298697	-97.699477	2	0	0	0	6.47	10805
73	30.297287	-97.701889	4	0	0	0	27.6	19260
74	30.288073	-97.71134	1	0	0	0	7.3	3640
75	30.292845	-97.714104	1	0	0	0	4.7	1380
76	30.29246	-97.710061	1	0	0	0	3.82	7600
77	30.298888	-97.698224	2	0	0	0	3.3	13040
78	30.295288	-97.704833	3	0	0	0	9.32	17420
79	30.299747	-97.714037	1	0	0	0	1.4	5280
80	30.295684	-97.699284	1	0	0	0	2.5	3978
81	30.295229	-97.700287	1	0	0	0	1.9	1176
82	30.29277	-97.712919	2	0	0	0	2.6	3816
83	30.300468	-97.714346	1	0	0	0	1.8	2520
84	30.298636	-97.702089	1	0	0	0	9.4	2760
85	30.295642	-97.701398	3	0	0	0	13.11	10944
86	30.29862	-97.702784	3	0	0	0	16.8	11220
87	30.301242	-97.700692	1	0	0	0	1.4	5280
88	30.300994	-97.713785	2	0	0	0	6.45	5988
89	30.292087	-97.705586	2	0	0	0	6.45	5988
90	30.295024	-97.701092	3	0	0	0	11.59	13904
91	30.296589	-97.701286	1	0	0	0	0.7	2640
92	30.289646	-97.712974	2	0	0	0	5.4	4020
93	30.296789	-97.700337	2	0	0	0	7.2	5358
94	30.29418	-97.70572	1	0	0	0	0.7	2640
95	30.295571	-97.704204	1	0	0	0	4.7	1380
96	30.298373	-97.711265	1	0	0	0	5.29	8075
97	30.29268	-97.70781	4	0	0	0	22.28	55656
98	30.295295	-97.700079	1	0	0	0	7.3	3640
99	30.290701	-97.706122	1	0	0	0	7.3	3640
100	30.297796	-97.699335	1	0	0	0	1.8	2520
101	30.299951	-97.70235	2	0	0	0	6.45	5988
102	30.296518	-97.702135	1	0	0	0	9.4	2760
103	30.293643	-97.709007	1	0	0	0	4.7	1380
104	30.29559	-97.703598	1	0	0	0	4.7	1380
105	30.294855	-97.714355	1	0	0	0	2.5	3978
106	30.290591	-97.713824	1	0	0	0	0.7	2640
107	30.294387	-97.713089	2	0	0	0	5.4	4020
108	30.299462	-97.701268	2	0	0	0	6.08	6480
109	30.302272	-97.710326	3	0	0	0	7.9	7998
110	30.299946	-97.702646	1	0	0	0	4.8	6200
111	30.29934	-97.699334	2	0	0	0	10.1	5400
112	30.293632	-97.702582	1	0	0	0	7.3	3640
113	30.291798	-97.706909	1	0	0	0	4.7	1380
114	30.303073	-97.710489	2	0	0	0	6.85	2460
115	30.293159	-97.703503	1	0	0	0	1.9	1176
116	30.298824	-97.698758	2	0	0	0	12.0	5020

ITEMS
Type	Length	Width	Height	Mass	Fragility	LoadBearingStrength
Bt1	10	10	10	14.15	1	0
Bt2	18	12	5	2.15	1	0
Bt3	21	14	4	1.9	1	0
Bt4	23	15	4	4.7	1	0
Bt5	20	18	7	1.8	1	0
Bt6	15	11	16	0.7	1	0
Bt7	20	14	13	7.3	1	0
Bt8	17	13	18	2.5	1	0
Bt9	29	15	10	4.66	1	0
Bt10	24	12	16	1.75	1	0
Bt11	30	17	10	1.38	1	0
Bt12	28	22	9	3.01	1	0
Bt13	23	20	13	1.38	1	0
Bt14	31	20	10	4.8	1	0
Bt15	31	17	12	2.09	1	0
Bt16	30	24	10	2.155	1	0
Bt17	40	19	10	3.82	1	0
Bt18	25	19	17	5.29	1	0
Bt19	22	15	26	3.816	1	0
Bt20	29	21	15	1.85	1	0
Bt21	29	25	13	1.77	1	0
Bt22	29	24	14	4.25	1	0
Bt23	40	20	13	2.6	1	0
Bt24	29	27	15	2.11	1	0
Bt25	26	20	26	2.91	1	0
Bt26	27	23	24	2.94	1	0
Bt27	39	27	16	7.63	1	0
Bt28	57	15	20	3.44	1	0
Bt29	33	20	28	5.25	1	0
Bt30	41	20	29	3.42	1	0
Bt31	39	39	17	6.53	1	0

DEMANDS PER CUSTOMER
i	Type Quantity
1	Bt7 1	
2	Bt22 1	
3	Bt6 1	Bt31 1	Bt4 1	Bt24 1	Bt8 1	Bt7 1	Bt5 1	
4	Bt30 1	Bt4 1	Bt3 1	Bt18 1	
5	Bt6 1	
6	Bt7 1	
7	Bt4 1	Bt9 1	
8	Bt4 2	
9	Bt12 1	
10	Bt7 1	
11	Bt4 1	
12	Bt17 1	Bt5 1	Bt4 1	
13	Bt7 1	Bt14 1	
14	Bt4 1	
15	Bt4 1	Bt17 1	Bt10 1	
16	Bt10 2	
17	Bt6 2	
18	Bt3 1	Bt4 1	
19	Bt4 1	
20	Bt4 1	Bt17 1	Bt6 1	Bt7 1	
21	Bt4 8	Bt26 1	Bt25 2	Bt28 1	Bt10 1	Bt16 1	Bt12 1	Bt6 2	Bt3 1	Bt18 1	
22	Bt4 1	
23	Bt4 1	Bt6 1	
24	Bt4 2	
25	Bt12 1	
26	Bt4 2	
27	Bt8 2	Bt7 2	Bt10 1	Bt4 1	
28	Bt12 1	
29	Bt4 1	
30	Bt4 2	Bt10 1	
31	Bt6 1	
32	Bt7 1	
33	Bt6 1	Bt4 1	
34	Bt7 1	
35	Bt8 1	
36	Bt4 2	
37	Bt4 2	
38	Bt17 1	
39	Bt6 1	Bt4 1	
40	Bt4 1	
41	Bt3 1	
42	Bt3 1	Bt6 1	
43	Bt4 1	
44	Bt4 1	Bt8 1	Bt5 1	
45	Bt19 1	
46	Bt7 1	
47	Bt18 1	Bt1 1	Bt7 1	Bt10 1	
48	Bt4 1	Bt27 1	
49	Bt4 1	Bt14 1	Bt2 1	Bt6 1	
50	Bt4 1	
51	Bt6 1	Bt10 1	
52	Bt23 1	
53	Bt6 1	Bt4 1	
54	Bt4 1	Bt30 1	Bt25 1	Bt8 1	
55	Bt4 1	
56	Bt4 1	
57	Bt12 1	
58	Bt20 1	
59	Bt6 1	
60	Bt6 1	
61	Bt4 1	
62	Bt3 2	Bt7 1	Bt4 1	
63	Bt14 1	
64	Bt4 1	
65	Bt4 3	
66	Bt23 1	
67	Bt10 1	Bt13 1	
68	Bt7 1	Bt6 2	
69	Bt4 2	Bt10 2	Bt3 1	Bt17 1	
70	Bt4 1	Bt8 1	
71	Bt3 1	Bt2 1	Bt4 1	
72	Bt21 1	Bt4 1	
73	Bt4 3	Bt14 1	Bt7 1	Bt6 2	
74	Bt7 1	
75	Bt4 1	
76	Bt17 1	
77	Bt23 1	Bt6 1	
78	Bt6 1	Bt19 1	Bt14 1	
79	Bt6 2	
80	Bt8 1	
81	Bt3 1	
82	Bt6 1	Bt3 1	
83	Bt5 1	
84	Bt4 2	
85	Bt6 1	Bt4 2	Bt12 1	
86	Bt7 1	Bt14 1	Bt4 1	
87	Bt6 2	
88	Bt10 1	Bt4 1	
89	Bt4 1	Bt10 1	
90	Bt14 1	Bt4 1	Bt15 1	
91	Bt6 1	
92	Bt4 1	Bt6 1	
93	Bt4 1	Bt8 1	
94	Bt6 1	
95	Bt4 1	
96	Bt18 1	
97	Bt4 2	Bt26 2	Bt10 1	Bt29 1	
98	Bt7 1	
99	Bt7 1	
100	Bt5 1	
101	Bt10 1	Bt4 1	
102	Bt4 2	
103	Bt4 1	
104	Bt4 1	
105	Bt8 1	
106	Bt6 1	
107	Bt6 1	Bt4 1	
108	Bt4 1	Bt11 1	
109	Bt4 1	Bt6 1	Bt8 1	
110	Bt14 1	
111	Bt4 2	Bt6 1	
112	Bt7 1	
113	Bt4 1	
114	Bt4 1	Bt2 1	
115	Bt3 1	
116	Bt4 1	Bt7 1	

DISTANCE MATRIX
0.0 1359.2 1250.5 1263.2 1352.0 1372.8 1271.1 1350.3 1342.7 1295.7 1264.5 1281.6 1208.3 1238.3 1366.1 1338.2 1230.4 1312.3 1186.7 1168.4 1342.0 1256.7 1267.9 1148.2 1307.5 1255.4 1295.6 1332.3 1311.0 1308.4 1292.7 1228.6 1165.4 1316.2 1331.1 1262.3 1398.6 1248.6 1312.0 1291.4 1286.0 1275.0 1256.4 1366.8 1280.5 1253.8 1346.0 1337.7 1319.3 1326.7 1300.6 1331.0 1268.9 1316.6 1261.1 1399.2 1328.9 1247.4 1146.3 1323.1 1323.3 1183.2 1264.4 1269.9 1321.9 1280.7 1258.2 1299.2 1204.0 1204.3 1330.0 1317.3 1340.5 1316.3 1349.1 1213.9 1281.7 1389.3 1283.5 1160.0 1389.9 1356.3 1237.7 1187.7 1308.7 1368.1 1300.2 1282.5 1185.4 1304.8 1356.9 1354.1 1281.3 1333.1 1241.4 1305.5 1166.1 1216.2 1364.3 1297.6 1369.6 1308.7 1364.7 1246.9 1317.1 1289.7 1254.6 1249.1 1335.0 1214.2 1304.9 1338.9 1382.4 1270.7 1217.8 1305.0 1375.5
1312.9 0.0 349.6 316.4 59.3 51.0 439.1 216.7 207.2 63.4 317.9 290.9 377.7 337.4 196.0 119.7 404.6 61.3 446.5 377.7 36.1 344.8 380.6 268.5 292.6 104.9 103.2 120.6 376.7 63.2 81.5 354.2 336.3 144.7 117.4 470.4 215.6 409.1 188.5 115.7 96.9 483.1 439.1 82.8 88.1 352.9 210.5 248.3 300.2 176.9 271.1 255.2 409.2 249.0 314.3 195.8 282.7 243.7 355.6 85.9 50.1 354.1 328.1 302.6 289.0 95.8 267.4 327.9 413.3 318.4 334.4 227.4 224.9 203.2 442.8 422.0 262.6 273.7 131.8 280.3 186.5 186.2 344.8 308.0 218.8 150.5 210.3 268.5 229.6 69.4 145.2 215.0 428.9 241.0 125.0 153.8 278.8 197.1 160.9 108.5 237.5 241.1 225.6 277.7 160.6 431.4 435.4 394.9 267.7 289.6 237.3 260.1 75.2 90.4 304.9 54.1 283.1
1269.7 313.5 0.0 440.9 214.7 235.5 182.9 374.4 366.3 250.0 158.2 91.1 138.1 12.1 361.0 278.8 104.1 266.6 182.1 153.8 296.3 395.5 89.0 221.5 85.6 209.7 249.9 286.6 190.9 171.1 247.0 149.6 137.3 303.8 285.4 148.8 373.3 160.4 360.3 245.7 240.3 161.5 147.5 321.1 234.8 31.9 369.6 386.5 109.6 336.0 387.0 379.3 112.5 364.9 438.8 353.5 387.9 295.7 177.0 277.4 277.6 119.5 58.1 92.9 404.9 235.0 59.5 47.5 132.5 321.0 148.2 365.6 382.6 364.6 238.2 138.1 83.7 431.4 237.8 233.3 344.2 351.2 96.8 233.1 357.0 314.8 348.5 408.5 202.6 259.1 311.2 372.7 193.1 402.4 195.7 259.8 106.2 72.5 318.6 251.9 395.2 357.0 383.3 48.2 271.4 139.8 166.4 103.3 392.5 262.6 353.2 430.7 336.7 225.0 277.9 259.3 440.8
1370.2 231.0 310.7 0.0 264.6 256.3 488.4 89.1 81.5 193.1 367.2 370.2 429.9 298.5 104.9 163.8 414.9 260.9 485.8 464.6 245.5 125.1 399.8 325.8 367.7 259.6 145.5 134.1 426.0 268.5 280.6 403.5 393.6 155.2 154.8 459.6 137.4 458.4 117.6 192.3 299.9 472.3 453.0 281.8 156.0 314.0 84.8 90.5 379.5 169.1 39.4 87.7 423.3 50.5 0.0 182.2 67.7 136.8 412.9 166.8 209.1 430.3 368.9 381.9 60.7 256.5 318.4 359.4 443.3 375.7 408.3 71.2 79.3 96.5 492.1 448.9 341.9 128.1 175.0 337.6 191.5 95.1 407.6 365.3 79.0 105.2 89.9 21.3 287.5 268.5 137.3 92.9 476.1 71.3 194.8 163.1 336.1 276.4 156.0 288.8 108.4 64.3 103.5 307.1 153.1 450.6 484.7 410.0 73.8 341.4 66.8 84.1 208.9 274.9 361.9 213.1 114.3
1305.0 61.2 341.7 327.9 0.0 52.2 448.1 230.3 268.5 124.7 326.9 282.7 389.6 329.5 247.5 181.0 403.1 51.9 455.5 369.8 91.4 342.4 372.7 260.6 284.4 89.3 163.7 172.1 385.7 55.3 98.1 363.2 328.4 206.0 172.9 432.5 229.2 418.1 249.8 166.5 61.0 445.2 431.2 39.2 153.7 345.0 271.8 309.6 292.0 238.2 265.6 316.5 352.3 276.7 327.9 209.4 334.8 242.6 347.7 141.4 107.6 346.2 319.9 294.4 292.4 110.4 259.2 318.0 405.4 310.5 322.3 287.9 238.5 258.9 451.8 431.0 254.4 287.3 141.7 272.4 200.1 237.7 336.6 300.1 280.1 199.1 269.2 291.6 221.7 87.3 186.3 228.6 435.8 301.7 147.6 155.6 270.9 188.9 174.5 49.9 251.1 301.2 239.2 269.5 167.2 423.5 444.4 387.0 278.9 276.2 298.6 270.9 136.5 74.8 296.7 115.4 296.7
1323.9 51.0 360.6 319.8 70.3 0.0 433.2 220.1 258.3 114.5 312.0 308.6 371.8 348.4 237.3 170.8 398.7 72.3 440.6 388.7 87.2 361.3 391.6 279.5 310.3 115.2 154.3 161.9 370.8 74.2 118.3 348.3 347.3 195.8 162.7 464.5 219.0 403.2 239.6 166.8 86.9 477.2 450.1 31.7 139.2 363.9 261.6 298.9 368.4 228.0 255.4 306.3 403.3 300.1 317.7 199.2 303.0 261.5 366.6 131.2 101.2 365.1 345.8 320.3 282.2 134.5 285.1 345.6 424.3 329.4 388.6 278.5 228.3 254.3 436.9 416.1 280.3 277.1 152.5 291.3 189.9 227.5 406.0 319.0 269.9 195.8 261.4 271.9 240.6 106.2 186.5 218.4 423.0 292.1 169.1 174.5 289.8 214.8 164.3 75.8 240.9 292.2 229.0 295.4 186.1 442.4 429.5 405.9 270.0 300.6 288.4 263.5 126.3 100.7 315.9 105.2 286.5
1345.5 289.7 182.2 487.1 259.9 280.7 0.0 428.2 420.1 303.8 104.8 139.2 83.9 194.4 414.8 332.6 88.0 254.1 132.7 290.8 292.1 441.7 172.9 324.2 154.6 239.9 303.7 340.4 151.3 216.3 248.7 104.2 274.3 357.6 339.2 171.8 427.1 32.7 406.5 299.5 211.9 184.5 250.5 299.2 288.6 210.4 423.4 432.7 150.1 389.8 433.2 425.5 126.5 411.1 485.0 407.3 434.1 341.9 295.1 331.2 308.3 256.5 134.7 127.5 451.1 262.3 168.6 229.8 269.5 396.8 170.3 411.8 436.4 410.8 70.9 123.4 169.5 485.2 291.6 312.4 398.0 405.0 95.3 308.9 403.2 368.6 394.7 454.7 321.0 260.8 365.0 426.5 10.2 448.6 249.5 313.6 234.6 236.9 372.4 223.5 449.0 403.2 437.1 178.9 325.2 199.2 16.4 158.6 438.7 406.7 399.4 476.9 365.0 225.4 410.3 313.1 494.6
1366.0 244.8 306.5 97.5 275.0 270.1 479.1 0.0 91.9 206.9 357.9 366.0 417.2 290.9 118.7 184.6 421.2 276.0 476.5 460.4 259.3 152.1 395.6 321.6 360.1 273.4 159.3 144.5 416.7 282.3 291.0 394.2 389.4 162.6 168.6 455.4 115.9 449.1 122.4 202.7 313.7 468.1 448.8 295.6 172.0 309.8 98.6 105.8 376.1 194.5 35.2 80.1 419.1 46.3 97.5 172.5 82.8 132.6 408.7 180.6 222.9 426.1 361.3 377.7 62.0 270.3 314.2 355.9 435.7 368.1 404.1 110.4 74.5 106.9 482.8 444.7 337.7 105.1 185.4 330.0 181.8 108.9 400.0 361.1 121.6 137.5 129.1 61.2 283.3 282.3 147.7 106.7 466.8 85.1 208.6 176.9 331.9 272.2 169.8 302.6 90.3 60.1 113.9 302.9 166.9 446.4 473.0 405.8 71.3 337.2 62.6 49.7 222.7 288.7 357.7 226.9 84.5
1346.7 149.4 346.2 227.8 183.0 174.7 406.8 130.2 0.0 111.5 285.6 279.1 348.3 334.0 23.3 82.2 361.8 179.3 404.2 411.5 163.9 273.7 439.2 302.3 280.8 178.0 65.6 52.5 344.4 186.9 199.0 321.9 370.1 73.6 73.2 438.1 129.1 376.8 117.4 110.7 218.3 450.8 488.5 200.2 74.4 292.6 3.3 176.7 288.4 105.8 200.0 184.1 376.9 177.9 227.8 109.3 211.6 172.6 389.4 85.2 127.5 387.9 316.3 290.8 217.9 168.0 255.6 314.4 447.1 352.2 362.2 155.5 138.4 126.5 410.5 389.7 250.8 187.2 93.4 314.1 100.0 13.5 333.0 341.8 147.7 42.1 136.8 182.0 264.0 186.9 55.7 128.5 394.5 169.9 113.2 81.5 312.6 185.3 74.4 207.2 151.0 168.8 139.1 265.9 71.5 465.5 403.1 424.9 195.3 317.9 166.2 170.8 127.3 193.3 338.7 131.5 196.6
1295.0 63.4 271.5 263.9 122.8 114.5 340.5 164.2 156.1 0.0 219.3 227.4 279.1 259.3 151.8 68.6 288.6 92.3 347.9 359.8 77.9 293.7 355.9 250.6 229.1 108.4 39.7 76.4 278.1 119.6 112.0 255.6 318.4 93.6 75.2 371.8 163.1 310.5 137.4 59.0 139.0 384.5 414.4 146.3 24.6 240.9 159.4 196.7 236.7 125.8 199.5 204.1 297.0 197.9 261.8 143.3 231.6 192.6 337.7 67.2 28.1 336.2 264.6 239.1 237.9 73.8 203.9 264.4 395.4 300.5 270.9 176.3 172.4 152.1 344.2 323.4 199.1 221.2 77.3 262.4 134.0 142.0 281.3 290.1 167.7 108.3 159.2 216.0 211.7 99.9 101.0 162.5 330.3 189.9 61.5 99.3 260.9 133.6 108.4 150.6 185.0 190.0 173.1 214.2 109.5 399.2 336.8 358.6 216.6 271.7 186.2 207.6 86.6 123.7 287.0 9.3 230.6
1326.1 184.8 142.4 382.2 155.0 175.8 121.1 323.3 315.2 198.9 0.0 116.3 59.7 130.2 309.9 227.7 86.6 149.2 128.5 275.0 187.2 336.8 153.5 304.8 60.8 135.0 198.8 235.5 41.8 111.4 143.8 36.2 267.3 252.7 234.3 152.4 322.2 91.1 301.6 194.6 107.0 165.1 231.1 194.3 183.7 114.5 318.5 327.3 56.3 284.9 328.3 320.6 91.2 306.2 380.1 302.4 329.2 237.0 275.7 226.3 203.4 249.5 133.3 126.1 346.2 157.4 74.8 138.0 251.5 304.9 76.5 306.9 331.5 305.9 124.8 104.0 88.0 380.3 186.7 293.0 293.1 300.1 93.9 289.5 298.3 263.7 289.8 349.8 216.1 155.9 260.1 321.6 110.9 343.7 144.6 208.7 233.2 143.1 267.5 118.6 344.1 298.3 332.2 85.1 220.3 179.8 117.4 139.2 333.8 276.1 294.5 372.0 260.1 120.5 291.4 208.2 389.7
1309.1 344.3 84.6 471.7 227.8 248.6 139.9 405.2 397.1 280.8 109.5 0.0 95.1 96.8 391.8 309.6 61.1 297.4 139.1 193.2 327.1 426.3 128.4 260.9 50.1 240.5 280.7 317.4 156.0 184.2 277.8 114.7 176.7 334.6 316.2 163.0 404.1 117.4 391.1 276.5 179.8 175.7 186.9 267.1 265.6 71.1 400.4 416.8 74.1 366.8 417.8 410.1 69.5 395.7 469.6 384.3 418.7 326.5 216.4 308.2 308.4 158.9 37.1 11.7 435.7 265.8 78.7 94.6 171.9 360.4 51.7 396.4 413.4 395.4 203.3 114.6 30.2 462.2 268.6 272.7 375.0 382.0 53.8 272.5 387.8 345.6 379.3 439.3 233.4 289.9 342.0 403.5 150.1 433.2 226.5 290.6 137.0 137.0 349.4 191.4 426.0 387.8 414.1 89.0 302.2 179.2 123.4 142.7 423.3 293.4 384.0 461.5 367.5 255.8 308.7 290.1 471.6
1263.4 242.9 118.1 453.3 213.1 233.9 84.6 384.8 373.3 257.0 58.0 75.1 0.0 130.3 368.0 285.8 13.4 205.8 65.8 212.3 245.3 410.0 90.8 242.1 107.8 193.1 256.9 293.6 104.5 169.5 201.9 22.1 204.6 310.8 292.4 89.7 380.3 62.1 359.7 252.7 165.1 102.4 168.4 252.4 241.8 146.3 376.6 385.9 102.5 343.0 386.4 378.7 62.4 369.4 453.3 360.5 387.3 295.1 213.0 284.4 261.5 186.8 70.6 63.4 404.3 213.8 121.8 165.7 188.8 314.7 130.8 364.2 389.6 358.5 142.6 41.3 105.4 438.4 252.9 230.3 351.2 358.2 31.2 226.8 356.4 321.8 345.5 394.6 266.9 214.0 307.8 379.7 94.8 401.8 202.7 266.8 170.5 190.7 325.6 176.7 402.2 355.2 390.3 132.1 278.4 117.1 68.1 80.6 391.9 319.1 352.6 436.5 318.2 178.6 328.2 266.3 394.9
1281.9 232.3 12.1 451.0 202.5 223.3 195.1 386.6 378.5 262.2 146.0 78.9 148.4 0.0 373.2 291.0 116.3 280.1 184.3 166.0 308.5 407.7 101.2 233.7 73.4 221.9 262.1 298.8 178.7 158.9 259.2 137.4 149.5 316.0 297.6 161.0 385.5 172.6 372.5 257.9 154.5 173.7 154.4 241.8 249.3 19.7 381.8 398.2 96.6 348.2 399.2 391.5 124.7 377.1 451.0 365.7 400.1 307.9 189.2 289.6 289.8 131.7 70.3 90.6 417.1 252.4 47.3 60.8 144.7 333.2 136.0 377.0 394.8 371.2 226.0 150.3 71.5 443.6 258.1 245.5 356.4 363.4 109.0 245.3 369.2 321.9 358.3 420.7 214.8 271.3 313.0 384.9 205.3 414.0 207.9 272.0 118.4 60.3 330.8 166.1 407.4 368.0 395.5 36.0 283.6 152.0 178.6 115.5 404.7 269.3 365.4 427.2 348.9 237.2 289.8 271.5 400.1
1323.3 126.0 299.8 206.5 159.6 151.3 383.4 106.8 157.3 88.1 262.2 255.7 322.0 287.6 0.0 69.8 348.9 161.6 390.8 388.1 140.5 294.9 415.8 278.9 257.4 154.6 42.2 29.1 321.0 163.5 185.9 298.5 346.7 94.8 49.8 414.7 105.7 353.4 138.6 87.3 194.9 427.4 442.7 176.8 54.9 269.2 160.6 197.9 265.0 127.0 142.1 205.3 353.5 199.1 204.4 85.9 232.8 193.8 366.0 61.8 104.1 364.5 292.9 267.4 168.9 149.8 232.2 292.7 423.7 328.8 338.8 177.5 115.0 153.3 387.1 366.3 227.4 163.8 105.6 290.7 76.6 94.7 309.6 318.4 168.9 77.8 160.4 158.6 240.0 173.8 53.7 105.1 373.2 191.1 89.8 120.7 289.2 161.9 51.0 183.8 127.6 191.2 115.7 242.5 110.7 442.1 379.7 401.5 156.7 300.0 187.4 150.2 103.9 169.9 315.3 108.1 173.2
1303.6 109.7 297.5 264.9 169.1 160.8 349.1 140.3 87.4 68.4 227.9 236.0 290.6 285.3 89.6 0.0 304.1 148.3 346.5 368.4 124.2 225.0 386.6 259.2 237.7 134.9 41.2 83.8 286.7 173.0 168.0 264.2 327.0 24.9 59.0 380.4 139.2 319.1 68.7 37.6 165.5 393.1 445.1 192.6 33.5 249.5 90.7 128.5 245.3 57.1 151.3 135.4 305.6 129.2 264.9 170.1 162.9 123.9 346.3 68.7 87.8 344.8 273.2 247.7 169.2 129.8 212.5 273.0 430.1 309.1 275.6 106.8 147.5 77.8 352.8 332.0 207.7 196.3 62.7 271.0 135.5 79.8 289.9 298.7 99.0 50.5 88.1 202.9 220.9 155.9 67.9 142.2 336.8 120.6 70.1 50.8 269.5 142.2 109.9 177.1 161.1 120.1 152.8 222.8 40.8 437.4 345.4 396.8 146.6 274.8 117.5 179.9 116.6 150.2 295.3 91.8 152.8
1275.5 275.0 94.1 454.9 234.7 266.0 78.7 418.1 417.1 290.3 90.1 51.1 32.0 106.3 401.3 329.6 0.0 237.9 67.9 202.7 266.9 411.6 102.9 243.7 101.3 250.0 291.9 326.9 136.6 201.6 223.5 54.2 186.2 344.1 325.7 101.8 424.1 56.2 400.6 296.5 197.2 114.5 175.2 284.5 277.4 122.3 409.9 426.3 124.5 376.3 427.3 419.6 38.4 410.3 465.4 393.8 428.2 336.0 225.1 317.7 317.9 168.4 46.6 39.4 445.2 273.6 129.9 143.4 181.4 326.8 106.8 405.1 433.4 409.8 149.7 53.4 81.4 482.2 296.7 242.4 384.5 391.5 17.8 238.9 397.3 343.6 396.9 435.5 243.5 299.4 341.1 413.0 91.0 442.1 236.0 300.1 146.5 177.2 358.9 208.8 435.5 396.1 434.1 140.2 311.7 129.2 62.2 92.7 434.5 331.2 393.5 455.3 377.0 265.3 340.6 299.6 428.2
1276.9 67.3 313.6 356.3 49.8 71.9 361.3 238.1 219.1 92.3 240.1 248.2 304.3 300.1 203.3 145.2 316.3 0.0 358.7 341.7 37.9 313.0 344.6 232.5 249.9 68.9 111.9 146.9 298.9 27.2 45.9 276.4 300.3 156.6 159.7 404.4 233.6 331.3 200.4 113.0 60.9 417.1 397.8 90.4 97.4 316.9 222.4 261.2 258.3 188.8 283.0 267.1 317.8 266.0 356.3 213.8 294.6 214.5 319.6 128.2 54.1 318.1 285.4 259.9 300.9 63.8 224.7 283.5 376.0 281.1 287.8 240.0 242.9 209.6 365.0 344.2 219.9 291.7 88.2 243.0 204.5 193.5 302.1 272.0 232.2 145.6 219.8 314.0 194.2 33.8 161.1 233.0 349.0 252.3 82.3 102.1 242.8 154.4 178.9 72.5 255.5 251.8 243.6 235.0 113.7 395.4 357.6 354.8 278.3 248.1 249.2 275.3 117.5 54.4 268.6 83.0 248.2
1253.8 298.9 174.1 433.7 259.1 289.9 117.3 440.8 464.7 313.0 114.0 131.1 45.9 176.3 424.0 331.8 69.4 261.8 0.0 202.7 291.3 400.4 112.9 232.5 153.8 249.1 314.6 339.6 160.5 225.5 257.9 78.1 222.5 356.8 348.4 111.8 426.3 88.1 419.7 298.7 221.1 124.5 185.2 308.4 300.1 202.3 468.0 435.4 158.5 424.4 446.4 428.7 118.4 429.4 433.7 416.5 447.3 355.1 203.4 340.4 317.5 208.9 116.6 119.4 464.3 269.8 177.8 223.4 187.5 295.1 175.6 424.2 464.9 418.4 198.6 63.4 161.4 513.7 298.9 210.7 407.2 414.2 77.2 217.2 416.4 366.3 395.5 454.6 334.3 260.0 353.8 482.8 129.6 461.2 258.7 322.8 216.2 236.1 381.6 232.7 494.0 415.2 483.4 188.1 334.4 139.2 100.8 102.7 453.6 309.5 412.6 496.5 374.2 234.6 318.9 322.3 470.2
1137.0 350.1 140.1 329.0 342.9 363.7 267.2 357.9 347.9 286.6 292.8 188.9 222.4 152.3 371.3 329.1 188.4 303.2 233.5 0.0 332.9 283.6 118.1 115.7 225.8 246.3 286.5 323.2 325.1 299.3 283.6 242.7 58.3 307.1 322.0 127.9 406.2 244.7 302.9 282.3 276.9 114.5 87.9 357.7 271.4 172.1 351.2 328.6 249.8 317.6 329.6 321.9 196.8 307.5 326.9 390.1 330.5 238.3 23.1 314.0 314.2 68.5 142.4 177.2 347.5 271.6 199.7 187.7 35.5 188.3 240.7 308.2 348.1 307.2 338.2 167.2 219.2 396.9 274.4 103.9 380.8 361.5 181.1 100.4 299.6 359.0 291.1 348.3 216.9 295.7 347.8 366.0 277.4 345.0 232.3 296.4 157.0 207.1 355.2 288.5 377.2 299.6 376.6 188.4 308.0 117.8 250.7 132.4 335.1 198.2 295.8 373.3 373.3 261.6 201.8 295.9 406.3
1320.6 29.3 357.3 343.7 88.7 80.4 378.7 246.1 234.9 91.1 257.5 265.6 320.2 345.1 220.7 147.4 326.8 43.6 386.1 385.4 0.0 358.0 388.3 276.2 267.3 75.9 129.3 148.3 316.3 70.9 45.3 293.8 344.0 172.4 145.1 410.0 245.0 348.7 216.2 130.4 98.0 422.7 441.5 112.2 112.5 279.1 238.2 275.5 274.9 204.6 298.8 282.9 335.2 276.7 343.7 225.2 310.4 258.2 363.3 113.6 71.5 361.8 302.8 277.3 316.7 74.3 242.1 300.9 421.0 326.1 305.2 254.3 254.3 225.4 382.4 361.6 237.3 303.1 105.6 288.0 215.9 210.9 319.5 315.7 246.5 163.0 235.6 297.9 237.9 33.2 162.5 244.4 366.4 268.7 99.7 119.5 286.5 171.8 190.3 109.6 266.9 267.6 255.0 252.4 131.1 439.1 375.0 398.5 294.1 291.8 265.0 286.7 102.9 82.7 312.3 81.8 259.6
1379.2 274.3 354.0 43.2 307.9 299.6 531.7 132.4 124.8 236.4 410.5 413.5 473.2 341.8 148.2 207.1 458.2 304.2 529.1 507.9 288.8 0.0 443.1 369.1 411.0 302.9 188.8 177.4 469.3 311.8 323.9 446.8 436.9 198.5 198.1 502.9 180.7 501.7 160.9 235.6 343.2 515.6 496.3 325.1 201.5 357.3 128.1 133.8 422.8 212.4 82.7 131.0 466.6 98.7 43.2 225.5 111.0 180.1 456.2 210.1 252.4 473.6 412.2 425.2 92.5 298.1 361.7 402.7 486.6 419.0 451.6 114.5 122.6 139.8 535.4 492.2 385.2 171.4 218.3 380.9 234.8 138.4 450.9 408.6 122.3 160.7 133.2 64.6 330.2 311.8 180.6 136.2 521.5 114.6 238.1 206.4 379.4 319.7 199.3 332.1 151.7 106.5 146.8 350.4 196.4 493.9 528.0 457.4 117.1 384.7 110.1 127.4 252.2 318.2 405.5 256.4 157.6
1246.1 310.5 67.4 437.9 303.3 324.1 168.0 371.4 363.3 247.0 161.4 116.2 105.2 79.6 358.0 275.8 115.7 263.6 115.3 130.2 293.3 392.5 0.0 197.9 153.1 206.7 246.9 283.6 207.9 259.7 244.0 125.5 113.7 300.8 282.4 59.7 370.3 145.5 357.3 242.7 237.3 72.4 110.2 318.1 231.8 99.4 366.6 383.0 177.1 333.0 384.0 376.3 124.1 361.9 435.8 350.5 384.9 292.7 153.4 274.4 274.6 95.9 69.7 104.5 401.9 232.0 127.0 115.0 108.9 297.4 168.0 362.6 379.6 361.6 246.0 49.0 146.5 428.4 234.8 209.7 341.2 348.2 108.4 209.5 354.0 311.8 345.5 405.5 199.6 256.1 308.2 369.7 178.2 399.4 192.7 256.8 103.2 140.0 315.6 248.9 392.2 354.0 380.3 115.7 268.4 50.7 151.5 14.2 389.5 288.6 350.2 427.7 333.7 222.0 303.9 256.3 437.8
1186.5 301.8 193.1 333.1 294.6 315.4 321.2 313.0 299.6 238.3 244.5 242.9 274.5 180.9 323.0 280.8 242.4 256.2 277.5 130.8 284.6 289.8 172.1 0.0 250.1 198.0 238.2 274.9 303.3 251.0 235.3 280.8 89.4 258.8 273.7 231.9 357.9 298.7 254.6 234.0 228.6 232.5 200.6 309.4 225.4 196.4 302.9 280.8 261.9 269.3 281.3 273.6 250.8 264.3 333.1 341.8 282.2 190.0 108.7 265.7 265.9 107.2 196.4 231.2 299.2 228.5 200.8 241.7 166.4 161.1 290.7 259.1 299.8 253.3 369.4 221.2 224.3 348.6 234.2 11.8 332.5 313.2 235.1 78.5 251.3 305.6 240.4 289.5 90.3 247.4 289.1 317.7 331.4 296.7 184.0 248.1 108.7 158.8 306.9 240.2 328.9 250.1 328.3 189.5 259.7 222.9 304.7 186.4 288.5 126.8 247.5 331.4 325.0 213.3 147.6 247.6 305.1
1354.4 244.2 95.6 439.5 214.4 235.2 149.4 386.1 374.6 258.3 59.3 58.1 90.9 83.4 369.3 287.1 104.4 208.6 146.8 249.5 246.6 396.2 181.8 317.2 0.0 194.4 258.2 294.9 105.8 170.8 203.2 64.5 233.0 312.1 293.7 180.7 381.6 119.4 361.0 254.0 166.4 193.4 243.2 253.7 248.2 53.6 377.9 386.7 23.1 344.3 387.7 380.0 119.5 370.7 439.5 361.8 388.6 296.4 272.7 285.7 262.8 215.2 95.3 69.8 405.6 216.8 60.4 75.4 228.2 405.7 64.3 365.5 390.9 359.7 153.1 132.3 30.7 439.7 254.2 321.3 352.5 359.5 112.0 317.8 357.7 330.2 346.8 409.2 275.5 215.3 309.1 381.0 137.1 402.5 204.0 268.1 195.2 119.5 326.9 178.0 403.5 356.5 391.6 70.7 279.7 208.1 145.7 171.6 393.2 330.0 353.9 437.8 319.5 179.9 350.5 267.6 449.1
1264.5 108.6 237.4 347.3 96.5 117.3 306.4 236.9 228.8 106.6 185.2 193.3 245.0 225.2 234.8 141.3 254.5 72.8 313.8 329.3 86.5 301.9 332.2 220.1 195.0 0.0 112.4 149.1 244.0 52.9 37.2 221.5 287.9 166.3 147.9 337.7 235.8 276.4 210.1 108.2 30.5 350.4 390.7 111.3 97.3 206.8 232.1 269.4 202.6 198.5 293.4 285.7 262.9 271.3 345.2 216.0 294.3 202.1 307.2 139.9 68.4 305.7 230.5 205.0 311.3 22.3 169.8 230.3 364.9 270.0 236.8 249.0 245.1 224.8 310.1 289.3 165.0 293.9 111.6 231.9 206.7 225.0 247.2 259.6 240.4 188.6 231.9 314.9 181.2 49.3 173.7 235.2 296.2 262.6 58.2 133.6 230.4 99.5 181.1 42.1 257.7 263.4 245.8 180.1 145.2 365.1 302.7 324.5 298.9 241.2 259.6 280.3 131.8 15.2 256.5 97.3 303.3
1281.0 114.1 257.5 222.0 165.7 159.1 326.5 127.8 115.0 45.8 205.3 213.4 268.0 245.3 117.2 27.5 281.5 113.4 323.9 345.8 128.6 252.6 341.9 236.6 216.8 112.3 0.0 34.9 264.1 139.4 131.8 241.6 304.4 52.5 35.4 357.8 121.6 296.5 96.3 45.0 142.9 370.5 395.1 190.9 12.6 226.9 118.3 155.6 223.5 84.7 178.9 163.0 283.0 161.9 220.3 103.5 190.5 151.5 323.7 27.4 74.0 322.2 250.6 225.1 196.8 113.3 189.9 250.4 381.4 288.2 253.0 136.1 130.9 105.5 330.2 309.4 185.1 179.7 73.1 248.4 94.2 107.4 267.3 276.1 128.3 59.5 115.7 185.7 198.3 121.4 49.1 122.7 314.2 148.2 47.5 78.4 246.9 121.3 68.6 154.5 145.2 147.7 131.6 200.2 68.4 385.2 322.8 348.7 174.2 252.2 145.1 163.3 92.0 127.6 272.7 55.1 137.9
1309.7 125.0 286.2 220.9 173.9 165.6 355.2 123.3 143.7 74.5 234.0 242.1 296.7 274.0 75.3 56.2 303.3 140.8 352.6 374.5 139.5 281.3 370.6 265.3 243.8 141.0 26.9 0.0 292.8 177.8 160.5 270.3 333.1 81.2 36.2 386.5 122.2 325.2 125.0 73.7 171.6 399.2 423.8 203.5 37.4 255.6 147.0 184.8 251.4 113.4 158.6 191.7 311.7 185.5 220.9 102.4 219.2 180.2 352.4 48.2 103.1 350.9 279.3 253.8 225.5 143.6 218.6 277.4 410.1 315.2 281.7 163.1 131.5 134.1 358.9 338.1 213.8 180.3 100.1 277.1 93.1 65.5 296.0 304.8 155.3 36.2 144.4 175.1 226.4 148.4 14.1 121.6 342.9 176.9 76.2 99.4 275.6 148.3 67.5 183.2 144.1 176.4 132.2 228.9 89.4 413.9 351.5 373.3 202.9 280.9 173.8 163.9 102.9 156.3 301.4 83.8 136.8
1353.6 239.0 204.3 436.4 209.2 230.0 183.0 377.5 369.4 253.1 47.1 178.2 121.6 192.1 364.1 281.9 148.5 203.4 190.4 336.9 241.4 391.0 215.4 366.7 122.7 189.2 253.0 289.7 0.0 165.6 198.0 98.1 329.2 306.9 288.5 214.3 376.4 153.0 355.8 248.8 161.2 227.0 293.0 248.5 237.9 176.4 372.7 381.5 118.2 339.1 382.5 374.8 153.1 360.4 434.3 356.6 383.4 291.2 337.6 280.5 257.6 311.4 195.2 188.0 400.4 211.6 136.7 199.9 313.4 359.1 138.4 361.1 385.7 360.1 186.7 165.9 149.9 434.5 240.9 354.9 347.3 354.3 155.8 351.4 352.5 317.9 344.0 404.0 270.3 210.1 314.3 375.8 172.8 397.9 198.8 262.9 295.1 205.0 321.7 172.8 398.3 352.5 386.4 147.0 274.5 241.7 179.3 201.1 388.0 330.3 348.7 426.2 314.3 174.7 345.6 262.4 443.9
1249.6 73.3 286.3 332.4 43.5 64.3 348.1 242.4 256.9 130.1 226.9 235.0 286.7 274.1 241.1 183.0 296.2 37.7 355.5 314.4 75.7 287.0 317.3 205.2 236.7 41.6 148.0 184.2 285.7 0.0 50.4 263.2 273.0 194.4 185.0 377.1 241.3 318.1 238.2 150.8 33.6 389.8 375.8 82.8 132.9 289.6 260.2 277.5 244.3 226.6 278.5 270.8 304.6 256.4 330.3 221.5 279.4 187.2 292.3 153.5 91.9 290.8 272.2 246.7 296.4 64.0 211.5 272.0 350.0 255.1 278.5 257.1 250.6 252.9 351.8 331.0 206.7 299.4 117.9 217.0 212.2 231.3 288.9 244.7 248.5 194.9 240.0 300.0 166.3 62.5 208.8 240.7 337.9 290.7 94.8 139.9 215.5 141.2 186.6 45.2 263.2 248.5 251.3 221.8 151.5 368.1 344.4 331.6 284.0 226.3 244.7 285.8 148.6 27.1 241.6 120.8 308.8
1286.6 78.6 323.3 367.3 86.7 107.5 337.0 264.0 248.4 121.6 215.8 223.9 278.5 311.1 232.6 174.5 292.0 35.5 344.4 351.4 49.2 324.0 354.3 242.2 225.6 30.5 139.5 176.2 274.6 62.8 0.0 252.1 310.0 185.9 189.0 368.3 262.9 307.0 229.7 142.3 52.6 381.0 412.8 126.0 129.5 237.4 251.7 289.5 233.2 218.1 312.3 296.4 293.5 290.2 367.3 243.1 316.4 224.2 329.3 157.5 83.4 327.8 261.1 235.6 330.2 58.1 200.4 259.2 387.0 292.1 267.4 267.8 272.2 238.9 340.7 319.9 195.6 321.0 117.5 254.0 233.8 222.8 277.8 281.7 260.0 193.5 249.1 337.0 203.3 12.0 190.4 262.3 324.7 281.6 88.8 131.4 252.5 130.1 208.2 64.2 284.8 281.1 272.9 210.7 143.0 405.1 333.3 368.6 307.6 257.8 278.5 304.6 146.8 37.3 278.6 112.3 330.4
1289.8 220.7 144.5 418.1 190.9 211.7 116.7 359.2 351.1 234.8 35.8 101.5 23.4 156.7 345.8 263.6 50.3 185.1 92.2 238.7 223.1 372.7 117.2 268.5 85.6 170.9 234.7 271.4 82.3 147.3 179.7 0.0 231.0 288.6 270.2 116.1 358.1 86.7 337.5 230.5 142.9 128.8 194.8 230.2 219.6 139.3 354.4 363.2 81.1 320.8 364.2 356.5 71.5 342.1 416.0 338.3 365.1 272.9 239.4 262.2 239.3 213.2 97.0 89.8 382.1 193.3 99.6 162.8 215.2 341.1 101.3 342.8 367.4 341.8 120.4 67.7 112.8 416.2 222.6 256.7 329.0 336.0 57.6 253.2 334.2 299.6 325.7 385.7 252.0 191.8 296.0 357.5 106.5 379.6 180.5 244.6 196.9 167.9 303.4 154.5 380.0 334.2 368.1 109.9 256.2 143.5 113.0 102.9 369.7 351.0 330.4 407.9 296.0 156.4 354.6 244.1 425.6
1132.3 345.4 135.4 324.3 338.2 359.0 262.5 353.2 343.2 281.9 288.1 184.2 217.7 147.6 366.6 324.4 183.7 298.5 228.8 68.1 328.2 278.9 113.4 109.4 221.1 241.6 281.8 318.5 320.4 294.6 278.9 238.0 0.0 302.4 317.3 156.4 401.5 240.0 298.2 277.6 272.2 143.0 116.4 353.0 266.7 167.4 346.5 323.9 245.1 312.9 324.9 317.2 192.1 302.8 322.2 385.4 325.8 233.6 54.5 309.3 309.5 17.7 137.7 172.5 342.8 266.9 195.0 183.0 82.9 183.6 236.0 303.5 343.4 302.5 333.5 162.5 214.5 392.2 269.7 99.2 376.1 356.8 176.4 95.7 294.9 354.3 286.4 343.6 158.1 291.0 343.1 361.3 272.7 340.3 227.6 291.7 152.3 202.4 350.5 283.8 372.5 294.9 371.9 183.7 303.3 146.3 246.0 127.7 330.4 193.5 291.1 368.6 368.6 256.9 197.1 291.2 401.6
1323.9 131.7 272.5 239.9 188.2 182.8 369.4 115.3 62.4 90.4 248.2 256.3 310.9 260.3 85.8 21.9 324.4 137.0 376.8 388.7 146.2 200.0 361.6 279.5 258.0 169.8 64.9 92.2 307.0 164.3 156.7 284.5 347.3 0.0 67.4 421.4 114.2 339.4 43.7 59.6 198.0 434.1 420.1 214.6 57.2 275.8 65.7 103.0 265.6 32.1 126.3 110.4 325.9 104.2 239.9 145.1 137.9 98.9 366.6 98.1 109.8 392.1 293.5 268.0 144.2 136.5 232.8 321.2 405.1 329.4 299.8 81.8 122.5 52.9 373.1 352.3 228.0 171.3 51.1 291.3 154.4 76.0 310.2 319.0 74.0 40.3 63.1 177.9 240.6 144.6 76.3 117.2 357.1 96.2 90.4 39.2 289.8 162.5 131.9 209.6 136.1 96.3 127.8 268.9 29.2 412.4 365.7 371.8 121.6 295.1 92.5 154.9 138.6 185.1 315.6 113.8 180.7
1310.1 117.3 286.6 245.3 170.6 162.3 355.6 145.6 130.3 74.9 234.4 242.5 294.2 274.4 79.2 56.6 303.7 141.2 363.0 374.9 131.8 267.9 371.0 265.7 244.2 141.4 29.0 73.4 293.2 174.5 160.9 270.7 333.5 67.8 0.0 386.9 144.5 325.6 111.6 74.1 172.0 399.6 429.5 194.1 41.7 256.0 133.6 170.9 251.8 100.0 194.2 178.3 312.1 172.1 243.2 124.7 205.8 166.8 352.8 30.6 95.4 351.3 279.7 254.2 212.1 141.1 219.0 279.5 410.5 315.6 286.0 150.5 153.8 126.3 359.3 338.5 214.2 202.6 92.4 277.5 115.4 69.4 296.4 305.2 141.9 33.0 133.4 197.4 226.8 148.8 47.1 185.1 345.4 164.1 76.6 75.7 276.0 148.7 89.8 183.6 166.4 164.2 195.7 229.3 65.7 414.3 351.9 373.7 190.8 286.8 160.4 189.0 95.2 156.7 302.1 84.2 212.0
1274.3 381.6 138.5 466.3 306.7 327.5 158.2 442.5 434.4 318.1 151.6 187.3 95.4 150.7 429.1 346.9 117.5 334.7 105.5 137.2 364.4 420.9 71.0 253.0 224.2 277.8 318.0 354.7 198.1 263.1 315.1 115.7 151.8 371.9 353.5 0.0 441.4 135.7 428.4 313.8 308.4 12.6 78.6 389.2 302.9 170.5 437.7 454.1 196.9 404.1 455.1 447.4 156.0 433.0 464.2 421.6 456.0 363.8 160.4 345.5 345.7 134.0 140.8 175.6 473.0 303.1 198.1 186.1 99.0 325.6 239.1 433.7 450.7 432.7 236.2 39.2 217.6 499.5 305.9 241.2 412.3 419.3 124.8 237.7 425.1 382.9 416.6 476.6 270.7 327.2 379.3 440.8 168.4 470.5 263.8 327.9 174.3 211.1 386.7 320.0 463.3 425.1 451.4 186.8 339.5 84.5 141.7 56.7 460.6 335.5 421.3 498.8 404.8 293.1 339.1 327.4 508.9
1409.0 267.5 349.5 152.6 301.1 292.8 522.1 58.4 118.0 226.7 400.9 409.0 463.6 337.3 141.4 183.3 464.2 293.0 529.5 503.4 282.0 210.6 438.6 364.6 406.5 293.2 179.1 167.7 459.7 305.0 312.7 437.2 432.4 161.3 188.4 498.4 0.0 492.1 145.5 225.9 323.8 511.1 497.1 331.8 193.5 352.8 121.3 118.4 418.3 187.6 90.3 130.6 462.1 106.3 152.6 90.1 137.9 175.6 451.7 200.4 245.6 469.1 407.7 420.7 117.1 291.3 357.2 398.9 482.1 414.5 451.0 99.1 59.8 142.5 525.8 487.7 380.7 85.8 211.5 376.4 99.4 131.6 446.4 404.1 106.9 160.2 117.8 106.8 325.7 300.6 181.9 111.4 509.8 117.2 228.4 199.6 374.9 315.2 160.0 338.8 18.9 114.1 122.0 345.9 189.6 489.4 516.0 448.8 117.0 380.2 117.7 58.9 245.4 308.5 400.7 236.0 49.8
1313.0 279.7 149.7 502.9 249.9 270.7 42.7 418.2 410.1 293.8 94.8 106.7 49.5 161.9 404.8 322.6 45.0 242.6 100.2 258.3 282.1 459.6 140.4 291.7 156.9 229.9 293.7 330.4 141.3 206.3 238.7 71.7 241.8 347.6 329.2 139.3 417.1 0.0 396.5 289.5 201.9 152.0 218.0 289.2 280.9 177.9 413.4 422.2 139.3 379.8 423.2 415.5 94.0 401.1 502.9 397.3 424.1 331.9 262.6 321.2 298.3 224.0 102.2 95.0 441.1 257.5 158.6 197.3 237.0 364.3 162.4 401.0 426.4 395.3 106.5 90.9 137.0 475.2 289.7 279.9 388.0 395.0 62.8 276.4 393.2 353.5 382.3 444.7 298.5 250.8 344.6 416.5 52.9 438.0 239.5 303.6 202.1 222.3 362.4 213.5 439.0 392.0 427.1 168.9 315.2 166.7 26.2 130.2 428.7 368.7 389.4 473.3 355.0 215.4 377.8 303.1 484.6
1307.5 175.3 248.0 198.2 231.8 226.4 420.6 88.5 98.9 134.0 299.4 307.5 359.2 235.8 122.3 65.5 352.2 180.6 428.0 401.9 189.8 156.2 337.1 263.1 305.0 213.4 106.8 135.8 358.2 207.9 200.3 335.7 330.9 43.5 111.0 396.9 136.8 390.6 0.0 103.2 241.6 409.6 395.6 258.2 100.8 251.3 102.2 59.2 316.8 72.0 82.5 66.6 360.6 60.4 196.1 185.0 94.1 74.4 350.2 141.7 153.4 367.6 306.2 319.2 100.4 180.1 255.7 296.7 380.6 313.0 349.5 38.8 78.7 53.9 424.3 386.2 279.2 127.5 101.6 274.9 194.3 112.5 344.9 302.6 30.2 95.4 21.7 134.1 224.2 188.2 109.5 110.3 410.4 89.3 134.0 82.8 273.4 213.7 173.4 253.2 107.8 52.5 120.9 244.4 72.8 387.9 414.5 351.4 79.1 284.2 48.7 116.8 182.2 228.7 299.5 157.4 136.9
1275.2 113.3 251.7 318.2 161.8 164.4 320.7 193.6 140.7 63.5 199.5 207.6 262.2 239.5 142.9 53.2 275.7 110.6 328.1 340.0 127.8 278.3 336.1 230.8 209.3 106.5 65.1 100.1 258.3 137.9 130.3 235.8 298.6 78.2 112.3 352.0 192.5 290.7 122.0 0.0 137.1 364.7 394.6 201.1 48.3 221.1 144.0 181.8 216.9 110.4 204.6 188.7 277.2 187.6 318.2 167.0 216.2 177.2 317.9 90.9 73.1 316.4 244.8 219.3 222.5 92.1 184.1 242.9 375.6 280.7 251.1 160.1 200.8 131.2 324.4 303.6 179.3 249.6 65.6 242.6 157.7 133.1 261.5 270.3 152.3 96.7 141.4 256.2 192.5 118.2 121.2 195.5 308.4 173.9 41.7 79.5 241.1 113.8 132.1 148.7 214.4 173.4 206.1 194.4 91.1 379.4 317.0 338.8 201.2 246.4 170.8 233.2 136.5 121.8 266.9 72.8 259.0
1254.2 96.0 290.9 337.0 66.2 87.0 334.7 265.1 257.1 134.9 213.5 221.6 273.3 278.7 263.1 169.6 282.8 60.4 342.1 319.0 86.3 291.6 321.9 209.8 223.3 28.2 140.7 177.4 272.3 22.6 37.0 249.8 277.6 194.6 176.2 366.0 264.0 304.7 238.4 136.5 0.0 378.7 380.4 80.7 125.6 294.2 260.4 282.6 230.9 226.8 283.1 275.4 291.2 261.0 334.9 244.2 284.0 191.8 296.9 168.2 96.7 295.4 258.8 233.3 301.0 50.6 198.1 258.6 354.6 259.7 265.1 261.7 273.3 260.7 338.4 317.6 193.3 322.1 139.9 221.6 234.9 253.3 275.5 249.3 253.1 216.9 244.6 304.6 170.9 49.1 202.0 263.4 324.5 298.5 86.5 161.9 220.1 127.8 209.3 11.6 285.9 253.1 274.0 208.4 173.5 372.7 331.0 336.2 288.6 230.9 249.3 308.5 160.1 13.7 246.2 125.6 331.5
1261.6 391.4 148.3 453.6 320.1 340.9 171.6 452.3 444.2 327.9 165.0 197.1 108.8 160.5 438.9 356.7 130.9 344.5 118.9 124.5 374.2 408.2 84.4 240.3 234.0 287.6 327.8 364.5 211.5 276.5 324.9 129.1 139.1 381.7 363.3 13.4 451.2 149.1 427.5 323.6 318.2 0.0 65.9 399.0 312.7 180.3 447.5 453.2 210.3 413.9 454.2 446.5 169.4 432.1 451.5 431.4 455.1 362.9 147.7 355.3 355.5 121.3 150.6 185.4 472.1 312.9 207.9 195.9 86.3 312.9 248.9 432.8 472.7 431.8 249.6 52.6 227.4 521.5 315.7 228.5 422.1 429.1 138.2 225.0 424.2 392.7 415.7 472.9 280.5 337.0 389.1 450.6 181.8 469.6 273.6 337.7 184.1 220.9 396.5 329.8 473.1 424.2 461.2 196.6 349.3 71.8 155.1 70.1 459.7 322.8 420.4 497.9 414.6 302.9 326.4 337.2 530.9
1236.1 365.9 122.8 421.2 353.9 379.5 228.7 430.2 418.7 302.4 222.1 171.6 164.0 130.2 413.4 331.2 181.6 320.3 166.0 99.0 343.9 377.9 100.8 210.0 208.5 262.1 304.0 334.2 268.6 315.1 299.4 186.2 113.6 356.2 337.8 70.4 425.7 201.4 402.0 298.1 292.7 57.0 0.0 373.5 289.5 154.8 422.0 427.7 231.7 388.4 428.7 416.2 179.5 411.7 426.0 405.9 429.6 337.4 122.2 329.8 330.0 95.8 120.3 159.9 446.6 285.7 182.4 172.1 56.0 282.6 227.3 401.7 442.4 395.9 306.7 109.7 201.9 496.0 293.5 203.0 396.6 403.6 163.8 199.5 393.9 355.7 387.8 436.9 255.6 306.7 353.2 425.1 241.0 443.5 248.1 312.2 158.6 195.4 371.0 304.3 447.6 397.5 435.7 171.1 323.8 46.3 212.2 95.2 435.9 291.8 394.9 474.0 389.1 277.4 301.2 311.7 452.5
1337.7 83.8 374.4 352.6 33.0 40.1 433.1 252.9 291.1 147.3 311.9 305.1 371.7 362.2 270.1 203.6 398.6 86.5 440.5 402.5 120.0 375.1 405.4 293.3 306.8 111.7 187.1 194.7 370.7 88.4 120.5 348.2 361.1 228.6 195.5 464.4 251.8 403.1 272.4 199.6 83.4 477.1 463.9 0.0 172.0 377.7 294.4 331.7 368.3 260.8 288.2 339.1 403.2 332.9 350.5 232.0 335.8 275.3 380.4 164.0 134.0 378.9 342.3 316.8 315.0 134.1 281.6 342.1 438.1 343.2 388.5 311.3 261.1 287.1 436.8 416.0 276.8 309.9 166.7 305.1 222.7 260.3 405.9 332.8 302.7 228.6 294.2 304.7 254.4 120.4 219.3 251.2 422.9 324.9 170.0 188.7 303.6 211.3 197.1 72.3 273.7 325.0 261.8 291.9 200.3 491.8 429.4 451.2 302.8 314.4 321.2 296.3 159.1 97.2 329.7 138.0 319.3
1270.0 95.2 246.5 232.0 151.8 146.3 315.5 134.4 129.1 34.8 194.3 202.4 257.0 232.6 124.8 41.6 265.8 103.3 325.1 334.8 106.9 266.7 330.9 225.6 202.4 101.3 9.9 46.6 253.1 128.4 120.8 230.6 293.4 66.6 48.2 346.8 136.1 283.8 110.4 32.3 131.9 359.5 391.6 178.1 0.0 215.9 132.4 166.9 213.9 96.0 172.5 177.1 272.0 173.2 232.0 116.3 204.6 165.6 312.7 40.2 73.3 311.2 237.9 214.1 210.9 100.6 178.9 237.7 368.7 273.8 244.2 145.7 145.4 121.8 319.2 298.4 174.1 194.2 58.7 235.7 107.0 115.0 256.3 265.1 137.9 78.5 129.8 186.2 188.9 107.0 65.9 135.5 307.5 160.1 36.5 74.3 235.9 106.9 81.4 143.5 158.0 160.2 146.1 189.2 85.9 374.2 311.8 335.8 186.8 239.5 159.2 177.8 102.1 116.6 264.2 44.1 200.8
1311.7 237.8 41.9 482.9 208.0 228.8 199.1 416.4 408.3 292.0 113.0 59.1 141.7 29.7 403.0 320.8 120.3 202.2 198.3 195.8 240.2 437.5 131.0 263.5 53.6 251.7 291.9 328.6 159.5 164.4 196.8 118.2 179.3 345.8 327.4 190.8 415.3 173.1 402.3 287.7 160.0 203.5 189.5 247.3 276.8 0.0 411.6 428.0 77.6 378.0 429.0 421.3 128.7 406.9 480.8 395.5 429.9 337.7 219.0 319.4 319.6 161.5 96.3 70.8 446.9 277.0 52.8 47.7 174.5 363.0 116.2 407.6 424.6 406.6 206.8 173.8 51.7 473.4 279.8 275.3 386.2 393.2 113.0 275.1 399.0 356.8 390.5 450.5 244.6 208.9 353.2 414.7 192.9 444.4 237.7 301.8 148.2 65.8 360.6 171.6 437.2 399.0 425.3 41.5 313.4 181.8 182.6 145.3 434.5 304.6 395.2 472.7 378.7 173.5 319.9 301.3 482.8
1343.4 146.1 342.9 226.6 179.7 171.4 403.5 126.9 132.8 108.2 282.3 275.8 342.1 330.7 20.0 78.9 369.0 176.0 410.9 408.2 160.6 270.4 435.9 299.0 277.5 174.7 62.3 49.2 341.1 183.6 195.7 318.6 366.8 70.3 69.9 434.8 125.8 373.5 114.1 107.4 215.0 447.5 490.5 196.9 75.0 289.3 0.0 173.9 285.1 102.5 196.7 180.8 373.6 174.6 224.5 106.0 208.3 169.3 386.1 81.9 124.2 384.6 313.0 287.5 214.6 169.9 252.3 312.8 443.8 348.9 358.9 153.0 135.1 128.8 407.2 386.4 247.5 183.9 97.0 310.8 96.7 10.2 329.7 338.5 144.4 27.4 135.9 178.7 260.1 183.6 42.0 125.2 393.3 166.6 109.9 78.2 309.3 182.0 71.1 203.9 147.7 166.7 135.8 262.6 68.2 462.2 399.8 421.6 193.3 320.1 162.9 170.3 124.0 190.0 335.4 128.2 193.3
1342.8 221.4 283.3 160.9 255.0 246.7 456.4 64.9 72.4 184.0 334.7 342.8 397.9 271.1 95.3 127.7 398.0 242.3 453.3 437.7 235.9 185.8 372.4 298.9 340.8 250.5 136.4 125.0 393.5 258.9 262.0 371.0 366.2 105.2 145.7 432.7 109.8 425.9 79.3 164.9 290.8 444.9 425.6 272.7 146.9 286.6 75.2 0.0 352.6 133.7 64.8 64.9 395.9 72.4 160.9 186.1 101.9 118.6 385.5 157.7 200.0 402.9 341.5 354.5 64.7 236.6 291.0 332.7 416.4 348.3 384.8 33.4 51.7 42.6 459.6 421.5 314.5 100.5 156.9 310.2 195.9 85.5 380.2 337.9 40.7 96.1 51.6 100.5 260.1 249.9 128.2 83.3 443.6 62.2 185.7 144.5 308.7 249.5 146.9 279.2 80.8 80.2 93.9 280.2 134.5 423.2 449.8 386.7 32.8 314.5 83.3 84.6 199.3 265.8 334.8 203.5 57.5
1369.9 259.7 119.6 454.2 229.9 250.7 164.9 401.6 389.3 273.8 74.8 82.1 105.6 106.6 384.8 301.8 119.9 222.6 162.3 273.5 261.3 410.9 197.3 340.4 23.1 209.9 275.4 309.6 121.3 186.3 217.9 80.0 257.0 326.8 309.2 196.2 396.3 134.1 376.5 268.7 181.9 208.9 261.9 269.2 260.9 77.6 393.4 401.9 0.0 359.0 403.2 394.7 135.0 386.2 454.2 377.3 404.1 311.9 296.7 301.2 278.3 239.2 118.5 93.8 421.1 230.6 55.9 99.4 251.4 420.4 79.8 381.0 405.6 374.5 168.6 147.8 54.7 454.4 269.7 336.8 368.0 375.0 136.0 333.3 372.4 327.1 361.5 411.4 291.6 230.8 323.8 396.5 152.6 418.0 219.5 283.6 219.2 123.4 342.4 193.5 419.0 372.0 406.3 66.2 295.2 223.6 161.2 187.1 410.4 344.7 369.4 452.5 335.0 195.4 366.0 283.1 411.7
1377.0 179.7 376.5 180.7 213.3 205.0 437.1 83.1 30.2 141.8 315.9 309.4 378.6 364.3 53.6 112.5 392.1 209.6 434.5 441.8 194.2 238.7 469.5 332.6 311.1 208.3 94.2 82.8 374.7 217.2 229.3 352.2 400.4 103.9 103.5 468.4 82.0 407.1 147.7 141.0 248.6 481.1 524.1 230.5 104.7 322.9 33.5 133.6 318.7 0.0 118.4 145.3 407.2 129.5 180.7 112.9 166.0 202.9 419.7 115.5 157.8 418.2 346.6 321.1 145.2 203.5 285.9 344.7 477.4 382.5 392.5 113.8 91.3 156.8 440.8 420.0 281.1 140.1 123.7 344.4 122.2 43.8 363.3 372.1 121.6 72.4 132.5 144.4 293.7 217.2 86.0 81.4 424.8 131.9 143.5 111.8 342.9 215.6 104.7 237.5 103.9 142.2 92.0 296.2 101.8 495.8 433.4 459.3 131.7 348.2 145.8 123.7 157.6 223.6 368.7 161.8 96.6
1330.7 214.9 271.2 124.5 248.5 240.2 443.8 101.4 65.4 177.0 322.6 330.7 382.4 259.0 88.8 147.7 375.4 244.8 451.2 425.1 229.4 132.4 360.3 286.3 328.2 243.5 131.1 118.0 381.4 252.4 264.5 358.9 354.1 130.7 138.7 420.1 119.6 413.8 87.1 176.2 283.8 432.8 418.8 265.7 143.8 274.5 68.7 70.5 340.0 153.0 0.0 48.2 383.8 15.9 122.4 172.8 47.5 97.3 373.4 150.7 193.0 390.8 329.4 342.4 26.7 238.7 278.9 319.9 403.8 336.2 372.7 54.3 74.8 74.9 447.5 409.4 302.4 105.4 165.8 298.1 182.1 79.0 368.1 325.8 62.9 96.2 71.4 62.5 247.4 252.4 110.8 76.8 433.6 55.8 178.7 147.0 296.6 236.9 139.9 272.7 90.6 23.7 87.4 267.6 137.0 411.1 437.7 374.6 34.3 307.4 27.3 43.6 192.8 258.8 322.7 197.0 80.2
1331.2 243.1 271.7 155.3 288.2 279.9 444.3 98.1 105.1 201.8 323.1 331.2 385.8 259.5 128.5 133.3 386.4 248.4 441.7 425.6 257.6 134.2 360.8 286.8 328.7 281.2 169.1 157.7 381.9 275.7 268.1 359.4 354.6 111.3 178.4 420.6 143.0 414.3 67.7 171.0 309.4 433.3 419.3 305.4 168.6 275.0 108.4 65.4 340.5 139.8 43.8 0.0 384.3 26.8 155.3 216.7 37.4 97.8 373.9 190.4 221.2 391.3 329.9 342.9 61.7 249.6 279.4 320.4 404.3 336.7 369.3 44.2 84.9 73.9 448.0 409.9 302.9 133.7 162.5 298.6 226.0 118.7 368.6 326.3 29.1 128.8 40.0 64.1 248.5 256.0 160.9 116.5 432.0 94.9 201.8 150.6 297.1 237.4 179.6 312.4 114.0 32.7 127.1 268.1 140.6 411.6 438.2 371.0 49.3 302.4 35.2 93.9 232.5 296.5 322.9 225.2 90.2
1317.0 280.8 92.5 479.6 251.0 271.8 127.2 413.1 405.0 288.7 95.9 49.5 55.5 104.7 399.7 317.5 48.4 245.2 124.3 201.1 335.0 434.2 136.3 268.8 99.7 248.4 288.6 325.3 142.4 207.4 285.7 63.3 184.6 342.5 324.1 148.2 412.0 104.7 399.0 284.4 203.0 160.9 194.8 290.3 273.5 120.7 408.3 424.7 123.7 374.7 425.7 418.0 0.0 403.6 477.5 392.2 426.6 334.4 224.3 316.1 316.3 166.8 45.0 37.8 443.6 273.7 128.3 140.1 179.8 368.3 101.3 404.3 421.3 403.3 180.5 99.8 79.8 470.1 276.5 280.6 382.9 389.9 41.1 280.4 395.7 353.5 387.2 447.2 241.3 297.8 349.9 411.4 137.4 441.1 234.4 298.5 144.9 165.1 357.3 214.6 433.9 395.7 422.0 138.6 310.1 175.6 110.7 135.0 431.2 301.3 391.9 469.4 375.4 263.7 316.6 298.0 479.5
1314.7 237.0 255.2 130.5 265.5 262.3 427.8 126.9 82.4 199.1 306.6 314.7 369.3 243.0 110.9 136.7 369.9 253.1 425.2 409.1 246.4 121.3 344.3 275.2 312.2 260.1 151.5 135.0 365.4 274.5 276.4 342.9 338.1 114.7 160.8 404.1 136.6 402.7 71.1 179.3 290.7 416.8 397.5 287.8 164.2 258.5 90.8 64.2 324.8 148.1 22.0 32.2 367.8 0.0 130.5 194.9 31.5 81.3 357.4 172.8 215.1 374.8 313.4 326.4 39.9 253.0 262.9 304.6 392.7 320.2 352.8 57.3 96.9 97.4 431.5 393.4 286.4 122.4 170.8 282.1 204.2 101.1 352.1 309.8 65.1 118.3 72.3 58.2 232.0 264.3 138.2 98.9 415.5 77.3 200.8 154.0 280.6 225.8 162.0 294.8 112.7 8.8 104.4 251.6 144.0 395.1 421.7 354.5 29.2 290.8 11.3 72.1 214.9 275.4 306.4 219.1 90.6
1370.2 231.0 310.7 0.0 264.6 256.3 488.4 89.1 81.5 193.1 367.2 370.2 429.9 298.5 104.9 163.8 425.4 260.9 485.8 464.6 245.5 125.1 399.8 325.8 367.7 259.6 145.5 134.1 426.0 268.5 280.6 403.5 393.6 155.2 154.8 459.6 137.4 458.4 117.6 192.3 299.9 472.3 458.3 281.8 156.0 314.0 84.8 90.5 379.5 169.1 39.4 87.7 423.3 50.5 0.0 182.2 67.7 136.8 412.9 166.8 209.1 430.3 368.9 381.9 60.7 256.5 318.4 360.1 443.3 375.7 408.3 71.2 79.3 96.5 492.1 448.9 341.9 128.1 175.0 337.6 191.5 95.1 407.6 365.3 79.0 105.2 89.9 21.3 286.9 268.5 137.3 92.9 476.1 71.3 194.8 163.1 336.1 276.4 156.0 288.8 108.4 64.3 103.5 307.1 153.1 450.6 484.7 410.0 73.8 341.4 66.8 84.1 208.9 274.9 361.9 213.1 114.3
1398.9 219.0 352.6 182.6 253.2 244.9 444.4 82.9 87.8 163.7 323.2 331.3 383.0 340.4 111.2 145.4 392.5 230.0 451.8 463.7 233.5 238.5 441.7 354.5 333.0 230.2 117.8 104.7 382.0 257.1 249.7 359.5 422.3 131.1 125.4 475.7 81.8 414.4 140.0 162.9 260.8 488.4 500.2 270.4 130.5 355.9 91.1 132.9 340.6 157.4 118.2 145.1 400.9 134.2 180.5 0.0 165.8 195.2 441.6 137.4 191.9 440.1 368.5 343.0 145.0 229.5 307.8 368.3 485.2 404.4 374.8 112.8 91.1 154.7 448.1 427.3 303.0 131.6 181.2 366.3 9.2 101.4 385.2 394.0 121.4 118.6 129.9 134.7 315.6 237.6 129.3 81.2 434.2 132.3 165.4 196.3 364.8 237.5 97.0 272.4 103.7 142.0 91.8 318.1 186.3 492.5 440.7 456.0 132.8 375.6 145.6 126.3 197.5 245.5 390.9 173.0 141.0
1343.1 271.0 283.6 119.9 304.6 296.3 456.2 137.4 121.5 233.1 335.0 343.1 394.8 271.4 144.9 165.1 387.8 280.2 463.6 437.5 285.5 96.7 372.7 298.7 340.6 288.5 187.2 174.1 393.8 307.5 299.9 371.3 366.5 143.1 194.8 432.5 185.7 426.2 99.5 202.8 319.1 445.2 431.2 321.8 199.9 286.9 124.8 108.1 352.4 171.6 68.3 42.6 396.2 46.2 117.8 222.2 0.0 109.7 385.8 206.8 249.1 403.2 341.8 354.8 43.2 279.7 291.3 332.3 416.2 348.6 385.1 87.7 127.6 122.2 459.9 421.8 314.8 173.8 201.2 310.5 231.5 135.1 380.5 338.2 71.8 152.3 80.3 39.9 259.8 287.8 166.9 132.9 446.0 111.9 233.6 182.4 309.0 249.3 196.0 328.8 156.7 36.1 143.5 280.0 172.4 423.5 450.1 387.0 73.8 319.8 39.7 112.0 248.9 303.8 335.1 253.1 148.6
1233.3 239.9 173.8 159.7 275.3 291.0 346.4 119.5 129.9 198.6 225.2 233.3 285.0 161.6 153.3 130.1 278.0 235.6 353.8 327.7 254.4 114.3 262.9 188.9 230.8 178.7 171.4 182.5 284.0 231.7 216.0 261.5 256.7 108.1 175.6 322.7 167.8 316.4 64.5 167.8 209.3 335.4 321.4 290.1 165.4 177.1 133.2 90.7 242.6 126.9 91.2 83.5 286.4 69.1 157.6 244.1 92.1 0.0 276.0 206.3 218.0 293.4 232.0 245.0 109.1 204.0 181.5 222.5 306.4 238.8 275.3 69.8 109.7 89.1 350.1 312.0 205.0 158.5 166.2 200.7 253.4 143.5 270.7 228.4 61.2 160.0 52.7 112.7 150.0 228.1 174.1 141.3 336.2 120.3 164.7 147.4 199.2 139.5 204.4 220.9 138.8 61.2 151.9 170.2 137.4 313.7 340.3 277.2 96.7 210.0 57.4 134.9 246.8 194.0 225.3 222.0 167.9
1113.8 326.9 162.2 305.8 319.7 340.5 289.3 334.7 324.7 263.4 269.6 211.0 244.5 174.4 348.1 305.9 210.5 280.0 255.6 22.0 309.7 260.4 140.2 92.5 247.9 223.1 263.3 300.0 328.4 276.1 260.4 264.8 35.1 283.9 298.8 150.0 383.0 266.8 279.7 259.1 253.7 136.6 110.0 334.5 248.2 194.2 328.0 305.9 271.9 294.4 306.4 298.7 218.9 284.3 303.7 366.9 307.3 215.1 0.0 290.8 291.0 52.9 164.5 199.3 324.3 248.4 221.8 209.8 57.6 165.1 262.8 285.0 324.9 284.0 360.3 189.3 241.3 373.7 251.2 80.7 357.6 338.3 203.2 77.2 276.4 335.8 267.9 325.1 193.7 272.5 324.6 342.8 299.5 321.8 209.1 273.2 133.8 183.9 332.0 265.3 354.0 276.4 353.4 210.5 284.8 139.9 272.8 154.5 311.9 175.0 272.6 350.1 350.1 238.4 178.6 272.7 383.1
1322.9 86.6 299.4 238.1 139.9 131.6 368.4 138.4 161.8 78.0 247.2 255.3 307.0 287.2 110.7 69.4 316.5 128.9 375.8 387.7 101.1 299.4 383.8 278.5 257.0 145.0 41.8 50.6 306.0 143.8 146.5 283.5 346.3 99.3 31.4 399.7 137.3 338.4 143.1 86.9 175.6 412.4 442.3 163.4 54.5 268.8 165.1 202.4 264.6 131.5 173.7 209.8 324.9 203.6 236.0 117.5 237.3 198.3 365.6 0.0 64.7 364.1 292.5 267.0 200.5 110.4 231.8 292.3 423.3 328.4 298.8 182.0 146.6 157.8 372.1 351.3 227.0 195.4 105.2 290.3 108.2 100.9 309.2 318.0 173.4 64.5 164.9 190.2 239.6 134.4 78.6 136.7 358.2 195.6 89.4 107.2 288.8 161.5 82.6 187.2 159.2 195.7 147.3 242.1 97.2 427.1 364.7 386.5 188.3 299.6 191.9 181.8 64.5 160.3 314.9 68.7 204.8
1317.3 40.1 293.8 302.1 99.5 91.2 362.8 202.4 195.3 38.1 241.6 249.7 301.4 281.6 184.1 107.8 310.9 64.1 370.2 382.1 54.6 332.9 378.2 272.9 251.4 80.2 77.9 108.7 300.4 91.4 83.8 277.9 340.7 132.8 105.5 394.1 201.3 332.8 176.6 65.5 110.8 406.8 436.7 123.0 62.8 263.2 198.6 235.9 259.0 165.0 259.2 243.3 319.3 237.1 300.0 181.5 270.8 231.8 360.0 74.0 0.0 358.5 286.9 261.4 277.1 45.6 226.2 286.7 417.7 322.8 293.2 215.5 210.6 191.3 366.5 345.7 221.4 259.4 81.6 284.7 172.2 174.3 303.6 312.4 206.9 138.6 198.4 254.2 234.0 71.7 133.3 200.7 352.6 229.1 83.8 103.6 283.2 155.9 146.6 122.4 223.2 229.2 211.3 236.5 115.2 421.5 359.1 380.9 255.8 294.0 225.4 245.8 63.3 95.5 309.3 28.8 268.8
1150.1 360.7 117.6 342.1 353.5 374.3 244.7 371.0 361.0 297.2 256.1 166.4 199.9 129.8 384.4 326.0 165.9 313.8 211.0 50.3 343.5 296.7 95.6 127.2 203.3 256.9 297.1 333.8 302.6 309.9 294.2 220.2 17.7 320.2 332.6 138.6 419.3 222.2 316.0 292.9 287.5 125.2 98.6 368.3 282.0 149.6 364.3 341.7 227.3 330.7 342.7 335.0 174.3 320.6 340.0 400.7 343.6 251.4 72.3 324.6 324.8 0.0 119.9 154.7 360.6 282.2 177.2 165.2 65.1 201.4 218.2 321.3 361.2 320.3 315.7 144.7 196.7 410.0 285.0 117.0 391.4 374.6 158.6 113.5 312.7 372.1 304.2 361.4 175.9 306.3 358.4 379.1 254.9 358.1 242.9 307.0 153.4 190.2 365.8 299.1 390.3 312.7 389.7 165.9 318.6 128.5 228.2 109.9 348.2 211.3 308.9 386.4 383.9 272.2 214.9 306.5 419.4
1271.9 307.1 47.4 432.4 299.9 320.7 124.7 368.0 359.9 243.6 136.1 46.4 78.0 59.6 354.6 272.4 56.4 260.2 113.9 156.0 289.9 389.1 91.2 223.7 96.6 203.3 243.5 280.2 182.6 256.3 240.6 100.2 139.5 297.4 279.0 147.8 366.9 102.2 353.9 239.3 233.9 160.5 144.4 314.7 228.4 79.4 363.2 379.6 119.8 329.6 380.6 372.9 54.3 358.5 432.4 347.1 381.5 289.3 179.2 271.0 271.2 121.7 0.0 34.7 398.5 226.9 107.0 96.7 134.7 323.2 98.2 358.4 376.2 352.7 195.7 99.4 76.7 425.0 239.5 235.5 337.8 344.8 38.6 235.3 350.6 296.9 339.7 388.8 196.2 252.7 294.4 366.3 134.9 395.4 189.3 253.4 99.8 120.0 312.2 245.5 388.8 349.4 376.9 95.7 265.0 142.0 108.2 101.4 386.1 250.7 346.8 408.6 330.3 218.6 271.5 252.9 434.4
1297.4 332.6 72.9 460.0 325.4 346.2 128.2 393.5 385.4 269.1 121.2 11.7 83.4 85.1 380.1 297.9 49.4 285.7 127.4 181.5 315.4 414.6 116.7 249.2 61.8 228.8 269.0 305.7 167.7 281.8 266.1 103.7 165.0 322.9 304.5 151.3 392.4 105.7 379.4 264.8 259.4 164.0 175.2 340.2 253.9 82.8 388.7 405.6 85.8 355.1 406.1 398.4 57.8 384.0 457.9 372.6 407.0 314.8 204.7 296.5 296.7 147.2 25.4 0.0 424.0 254.1 90.4 106.3 160.2 348.7 63.4 384.7 401.7 383.7 199.2 102.9 41.9 450.5 256.9 261.0 363.3 370.3 42.1 260.8 376.1 333.9 367.6 427.6 221.7 278.2 330.3 391.8 138.4 421.5 214.8 278.9 125.3 145.5 337.7 271.0 414.3 376.1 402.4 100.7 290.5 167.5 111.7 131.0 411.6 281.7 372.3 449.8 355.8 244.1 297.0 278.4 459.9
1346.1 259.2 286.6 97.7 292.8 284.5 459.2 115.2 109.7 221.3 338.0 346.1 397.8 274.4 133.1 168.1 390.8 283.2 466.6 440.5 273.7 123.4 375.7 301.7 343.6 287.8 175.4 162.3 396.8 296.7 302.9 374.3 369.5 146.1 183.0 435.5 163.5 429.2 102.5 205.8 328.1 448.2 434.2 310.0 188.1 289.9 113.0 67.9 355.4 174.6 44.2 63.6 399.2 31.3 95.6 217.1 62.9 112.7 388.8 195.0 237.3 406.2 344.8 357.8 0.0 282.7 294.3 335.3 419.2 351.6 388.1 65.8 105.4 105.1 462.9 424.8 317.8 149.7 204.2 313.5 226.4 123.3 383.5 341.2 74.4 140.5 82.9 35.7 262.8 290.8 155.1 121.1 449.0 100.1 223.0 185.4 312.0 252.3 184.2 317.0 134.5 39.1 131.7 283.0 175.4 426.5 453.1 390.0 31.7 322.8 42.7 87.9 237.1 303.1 338.1 241.3 124.5
1278.4 86.2 254.9 357.4 98.5 124.5 323.9 239.4 229.0 84.2 202.7 210.8 263.7 241.0 213.2 153.9 277.2 47.3 336.5 343.2 79.0 321.0 339.3 232.3 217.7 34.5 121.8 156.5 261.5 79.8 67.0 239.0 301.8 168.2 151.6 355.2 243.5 299.1 210.3 104.9 65.1 367.9 403.0 143.0 106.7 224.3 232.3 264.9 225.3 200.4 292.9 277.0 280.4 265.6 357.4 223.7 304.5 216.0 321.1 120.1 46.0 319.6 246.3 222.5 310.8 0.0 187.3 246.1 384.0 289.1 259.5 250.1 252.8 219.4 327.6 306.8 182.5 296.4 98.1 251.0 214.4 203.4 264.7 273.5 240.6 161.8 224.5 291.2 200.3 60.1 163.8 242.9 318.9 257.6 75.7 112.0 244.3 115.3 188.8 76.7 265.4 257.7 248.3 197.6 123.6 382.6 320.2 347.2 284.3 247.9 259.1 280.0 109.4 49.8 275.6 74.9 305.8
1337.3 269.7 67.5 508.5 239.9 260.7 174.9 442.0 433.9 317.6 84.8 68.2 113.5 55.3 428.6 346.4 129.4 234.1 182.3 221.4 272.1 463.1 156.6 289.1 51.9 277.3 317.5 354.2 131.3 196.3 228.7 90.0 204.9 371.4 353.0 206.2 440.9 144.9 427.9 313.3 191.9 218.9 215.1 279.2 302.4 70.8 437.2 453.6 67.4 403.6 454.6 446.9 137.8 432.5 506.4 421.1 455.5 363.3 244.6 345.0 345.2 187.1 105.4 79.9 472.5 242.3 0.0 105.2 200.1 388.6 93.7 433.2 450.2 432.2 178.6 157.8 39.9 499.0 305.4 300.9 411.8 418.8 122.1 300.7 424.6 382.4 416.1 476.1 270.2 240.8 378.8 440.3 164.7 470.0 263.3 327.4 173.8 68.2 386.2 203.5 462.8 424.6 450.9 10.3 339.0 207.4 171.2 170.9 460.1 330.2 420.8 498.3 404.3 205.4 345.5 326.9 508.4
1327.3 371.1 57.5 496.4 279.9 302.4 212.6 435.4 425.6 307.6 126.5 72.6 156.4 50.8 418.6 336.4 144.3 325.5 201.8 211.4 353.9 453.1 146.6 280.8 65.4 267.3 309.2 344.2 173.0 238.0 304.6 131.7 194.9 361.4 343.0 206.4 432.6 184.9 417.9 305.0 233.6 219.1 199.8 320.9 294.7 57.7 427.2 443.6 90.3 393.6 444.6 436.9 142.2 427.6 496.4 411.1 445.5 353.3 234.6 335.0 335.2 177.1 109.8 84.3 462.5 292.6 98.2 0.0 190.1 378.6 131.5 424.1 440.2 416.7 220.3 187.3 65.2 489.0 305.2 290.9 401.8 408.8 124.8 290.7 416.3 360.9 403.7 452.8 260.8 316.7 360.1 430.3 204.3 459.4 253.3 317.4 163.8 112.9 376.2 245.2 452.8 413.4 440.9 86.9 329.0 197.4 196.1 156.8 451.8 314.7 410.8 474.3 394.3 282.6 335.2 316.9 445.5
1175.2 362.4 119.3 365.1 355.2 376.0 246.4 396.1 386.1 298.9 244.0 168.1 185.9 131.5 409.5 327.7 178.1 315.5 187.9 38.1 345.2 321.8 97.3 153.9 205.0 258.6 298.8 335.5 290.5 311.6 295.9 208.1 83.7 345.3 334.3 92.3 422.2 223.9 341.1 294.6 289.2 78.9 52.3 370.0 288.8 151.3 389.4 366.8 228.2 355.8 367.8 360.1 176.0 345.7 365.1 402.4 368.7 276.5 61.3 326.3 326.5 65.9 121.6 156.4 385.7 289.1 178.9 168.6 0.0 226.5 219.9 345.6 386.3 339.8 317.4 131.6 198.4 435.1 294.8 142.1 393.1 399.7 160.3 138.6 337.8 352.2 326.9 376.0 255.7 308.0 349.7 404.2 256.6 382.6 244.6 308.7 155.1 191.9 367.5 300.8 415.4 336.6 414.8 167.6 320.3 82.2 229.9 107.5 373.3 230.9 334.0 417.9 385.6 273.9 240.0 308.2 444.5
1124.9 375.1 266.4 314.8 367.9 388.7 445.7 404.0 396.4 311.6 317.8 367.4 399.0 254.2 419.8 354.1 366.9 328.2 402.0 255.3 357.9 271.5 296.6 146.1 323.4 271.3 311.5 348.2 376.6 324.3 308.6 354.1 213.9 332.1 347.0 356.4 452.3 423.2 327.9 307.3 301.9 357.0 325.1 382.7 296.4 269.7 399.7 353.6 335.2 342.6 354.3 346.9 375.3 365.4 314.8 415.1 356.8 263.3 233.2 339.0 339.2 231.7 320.9 355.7 364.1 294.9 274.1 315.8 290.9 0.0 364.0 332.4 394.2 326.7 442.7 345.7 297.6 443.0 307.5 157.9 405.8 410.0 359.6 185.6 324.6 420.1 313.7 336.2 125.8 320.7 362.4 407.8 455.9 386.8 257.3 321.4 182.0 232.1 380.2 313.5 423.3 323.4 418.4 262.8 333.0 347.4 429.2 306.8 388.7 33.2 320.8 399.0 398.3 286.6 13.5 320.9 429.2
1370.9 261.4 146.4 452.8 227.7 252.4 166.6 403.3 387.9 275.5 76.5 61.7 104.2 148.0 386.5 304.3 121.6 224.3 164.0 255.0 259.9 409.5 190.2 322.7 89.7 211.6 277.1 308.2 123.0 188.0 216.5 81.7 238.5 329.3 310.9 197.9 394.9 136.6 378.2 267.3 183.6 210.6 243.4 270.9 262.6 118.2 395.1 400.5 84.4 361.5 404.9 393.3 131.3 387.9 456.7 379.0 405.8 313.6 278.2 302.9 280.0 220.7 98.9 73.4 422.8 232.3 103.7 140.0 233.7 419.0 0.0 378.8 408.1 373.1 170.3 149.5 77.3 456.9 267.5 334.6 369.7 376.7 115.6 334.3 371.0 328.8 360.1 413.1 295.8 232.5 322.4 398.2 154.3 419.7 221.2 285.3 198.8 168.1 344.1 195.2 420.7 373.7 408.8 114.0 296.9 225.3 162.9 188.8 412.1 353.6 371.1 451.1 336.7 197.1 370.2 284.8 413.4
1309.8 210.3 250.3 167.3 243.9 235.6 422.9 50.4 60.8 172.4 301.7 309.8 364.4 238.1 84.2 111.9 365.0 228.3 420.3 404.2 224.8 152.3 339.4 265.4 307.3 238.9 124.8 113.4 360.5 247.8 246.7 338.0 333.2 89.9 134.1 399.2 98.7 392.9 46.3 149.6 279.2 411.9 392.6 261.1 135.3 253.6 64.1 21.6 319.9 118.4 71.7 31.4 362.9 58.3 167.3 175.0 68.9 76.4 352.5 146.1 188.4 369.9 308.5 321.5 71.6 226.5 258.0 299.0 382.9 315.3 347.9 0.0 40.6 63.9 426.6 388.5 281.5 89.4 141.1 277.2 184.3 74.4 347.2 304.9 7.7 96.7 18.6 107.4 226.5 234.6 116.6 72.2 410.6 51.2 174.1 129.2 275.7 216.0 135.3 268.1 69.7 62.1 82.8 246.7 119.2 390.2 416.8 353.7 41.0 281.0 59.5 73.0 188.2 254.2 301.5 192.4 45.9
1349.1 217.0 289.6 124.1 250.6 242.3 462.2 26.5 67.5 179.1 341.0 349.1 403.7 277.4 90.9 151.2 393.8 248.2 459.6 443.5 231.5 191.6 378.7 304.7 346.6 245.6 131.5 120.1 399.8 254.5 266.6 377.3 372.5 129.2 140.8 438.5 58.0 432.2 85.6 188.9 285.9 451.2 437.2 267.8 144.2 292.9 70.8 58.5 358.4 157.7 61.8 70.7 402.2 72.9 124.1 134.3 108.2 115.7 391.8 152.8 195.1 409.2 347.8 360.8 89.0 240.8 297.3 338.3 422.2 354.6 387.2 39.2 0.0 82.5 465.9 427.8 320.8 48.7 161.0 316.5 143.6 81.1 386.5 344.2 47.0 98.3 57.9 78.3 265.8 254.5 123.3 78.9 449.9 57.9 180.8 149.1 315.0 255.3 142.0 274.8 29.0 101.4 89.5 286.0 139.1 429.5 456.1 393.0 57.1 320.3 98.8 32.3 194.9 260.9 340.8 199.1 58.1
1308.9 194.7 249.5 213.1 235.9 227.6 422.0 103.3 52.8 153.5 300.9 308.9 363.6 237.2 76.2 84.9 353.6 200.1 419.5 403.4 209.3 190.2 338.6 264.6 306.5 232.9 116.8 105.4 359.6 227.4 219.8 337.1 332.4 62.9 126.2 398.3 151.6 392.1 38.6 122.7 261.0 411.1 391.8 253.2 120.2 252.8 56.1 52.2 318.3 91.4 107.4 63.4 362.1 90.4 213.2 153.5 100.9 75.8 351.6 138.1 172.8 369.1 307.7 320.7 117.5 194.4 257.2 298.2 382.0 314.4 347.0 52.9 93.5 0.0 425.8 387.7 280.7 142.3 114.2 276.4 162.9 66.4 346.4 304.1 57.8 76.5 58.0 140.9 225.7 207.6 108.6 64.2 409.7 42.6 153.5 102.2 274.9 215.2 127.4 260.1 122.7 90.0 74.8 245.8 92.3 389.4 416.0 352.9 85.5 280.1 87.4 125.9 180.3 248.2 300.7 176.9 98.9
1411.2 290.2 236.7 487.6 260.4 281.2 87.7 428.7 420.6 304.3 105.3 210.1 154.8 224.5 415.3 333.1 158.9 254.6 203.6 361.7 292.6 442.2 238.6 389.9 155.1 240.4 304.2 340.9 151.8 216.8 249.2 121.3 345.2 358.1 339.7 237.5 427.6 103.3 407.0 300.0 212.4 250.2 316.2 299.7 289.1 208.8 423.9 432.7 150.6 390.3 433.7 426.0 176.3 411.6 485.5 407.8 434.6 342.4 360.8 331.7 308.8 327.4 205.6 198.4 451.6 262.8 169.1 232.3 340.4 410.3 170.8 412.3 436.9 411.3 0.0 189.1 182.3 485.7 292.1 378.1 398.5 405.5 166.2 374.6 403.7 369.1 395.2 455.2 321.5 261.3 365.5 427.0 77.5 449.1 250.0 314.1 305.5 237.4 372.9 224.0 449.5 403.7 437.6 179.4 325.7 264.9 104.2 224.3 439.2 381.5 399.9 477.4 365.5 225.9 396.8 313.6 495.1
1263.8 297.2 116.9 455.8 267.4 288.2 118.9 420.9 412.8 296.5 112.3 129.4 56.1 129.1 407.5 325.3 78.2 313.1 66.2 179.7 342.8 410.4 49.4 242.5 162.1 256.2 296.4 333.1 158.8 223.8 293.5 76.4 163.2 350.3 331.9 48.3 419.8 96.4 406.8 292.2 219.4 61.0 127.0 306.7 281.3 148.9 416.1 432.5 157.6 382.5 433.5 425.8 116.7 411.4 453.7 400.0 434.4 342.2 202.9 323.9 324.1 145.4 119.2 117.7 451.4 281.5 176.5 164.5 147.4 315.1 177.8 412.1 429.1 411.1 196.9 0.0 159.7 477.9 284.3 230.7 390.7 397.7 85.5 227.2 403.5 361.3 395.0 455.0 249.1 305.6 357.7 419.2 129.1 448.9 242.2 306.3 152.7 189.5 365.1 231.0 441.7 403.5 429.8 165.2 317.9 75.7 102.4 35.1 439.0 325.0 399.7 477.2 383.2 271.5 328.6 305.8 487.3
1337.4 227.3 83.7 500.0 197.5 218.3 168.2 433.5 425.4 309.1 86.5 28.2 115.2 71.5 420.1 337.9 89.4 191.7 167.4 221.5 229.7 454.6 156.7 289.2 40.7 177.5 309.0 345.7 133.0 153.9 186.3 91.7 205.0 362.9 344.5 191.3 432.4 145.7 419.4 304.8 149.5 204.0 215.2 236.8 293.9 41.7 428.7 445.6 64.7 395.1 446.1 438.4 97.8 424.0 497.9 412.6 447.0 354.8 244.7 336.5 245.9 187.2 65.4 39.9 464.0 199.9 48.4 65.2 200.2 388.7 85.3 424.7 441.7 423.7 180.3 142.9 0.0 490.5 296.9 301.0 403.3 410.3 82.1 300.8 416.1 373.9 407.6 467.6 261.7 198.4 370.3 431.8 166.4 461.5 254.8 318.9 165.3 107.6 377.7 161.1 454.3 416.1 442.4 58.7 330.5 207.5 151.7 171.0 451.6 321.7 412.3 489.8 302.6 163.0 337.0 318.4 499.9
1377.1 245.0 317.6 152.1 278.6 270.3 490.2 57.9 95.5 207.1 369.0 377.1 431.7 305.4 118.9 179.2 432.3 274.9 497.6 471.5 259.5 219.6 406.7 332.7 374.6 273.6 161.2 148.1 427.8 282.5 294.6 405.3 400.5 157.2 168.8 466.5 72.7 460.2 113.6 216.9 313.9 479.2 465.2 295.8 170.0 320.9 98.8 86.5 386.4 185.7 94.5 98.7 430.2 105.6 152.1 137.4 136.2 143.7 419.8 180.8 223.1 437.2 375.8 388.8 117.0 268.8 325.3 366.3 450.2 382.6 419.1 67.2 27.9 110.6 493.9 455.8 348.8 0.0 189.0 344.5 146.7 109.1 414.5 372.2 75.0 137.7 85.9 106.3 293.8 282.5 151.3 106.9 480.0 85.3 208.8 177.1 343.0 283.3 207.3 302.8 61.7 118.3 117.5 314.0 167.1 457.5 484.1 416.9 85.1 348.3 121.9 45.0 222.9 288.9 368.8 227.1 9.3
1272.7 137.5 249.2 308.3 137.0 157.8 318.2 183.7 130.8 87.2 197.0 205.1 259.7 237.0 115.0 56.9 266.3 85.8 315.6 337.5 117.5 268.4 333.6 228.3 206.8 118.6 88.8 109.2 255.8 113.1 105.5 233.3 296.1 68.3 84.4 349.5 182.6 288.2 112.1 94.6 146.8 362.2 392.1 176.3 72.0 218.6 134.1 171.4 215.2 100.5 194.7 178.8 274.7 172.6 308.3 213.5 206.3 167.3 315.4 115.1 97.3 313.9 242.3 216.8 212.6 80.1 181.6 240.4 373.1 278.2 248.6 150.2 190.9 121.2 321.9 301.1 176.8 239.7 0.0 240.1 181.4 105.2 259.0 267.8 142.4 68.8 131.5 233.0 190.0 93.4 93.3 185.6 305.9 164.0 39.2 13.8 238.6 111.3 155.8 158.4 204.5 164.7 196.2 191.9 25.5 376.9 314.5 336.3 191.3 243.9 160.9 223.3 160.7 133.9 264.7 96.5 196.2
1198.3 313.6 204.9 344.9 306.4 327.2 333.0 321.4 311.4 250.1 256.3 254.7 286.3 192.7 334.8 292.6 264.7 266.7 289.3 142.6 296.4 301.6 183.9 11.8 261.9 209.8 250.0 286.7 315.1 262.8 247.1 292.6 101.2 270.6 285.5 243.7 369.7 310.5 266.4 245.8 240.4 244.3 217.7 321.2 240.0 208.2 314.7 292.6 273.7 281.1 293.1 285.4 262.6 276.1 344.9 353.6 294.0 201.8 120.5 277.5 277.7 119.0 208.2 243.0 311.0 240.3 212.6 253.5 178.2 172.9 306.4 270.9 311.6 265.2 381.2 233.0 236.1 360.4 246.0 0.0 344.3 325.0 246.9 66.7 263.1 329.6 252.2 314.6 102.7 259.2 300.9 329.5 345.3 307.9 195.8 259.9 120.5 170.6 318.7 252.0 340.7 261.9 340.1 201.3 271.5 234.7 316.5 194.1 298.6 138.6 259.3 343.2 336.8 225.1 159.1 259.4 369.8
1384.0 204.1 343.3 173.3 238.3 230.0 429.5 73.6 78.5 148.8 308.3 316.4 368.1 331.1 101.9 130.5 377.6 215.1 436.9 448.8 218.6 229.2 432.4 339.6 318.1 215.3 102.9 89.8 367.1 242.2 234.8 344.6 407.4 121.8 110.5 460.8 72.5 399.5 130.7 148.0 245.9 473.5 490.9 255.5 115.6 329.9 81.8 123.6 325.7 148.1 108.9 135.8 386.0 124.9 171.2 9.2 156.5 185.9 426.7 122.5 177.0 425.2 353.6 328.1 135.7 214.6 292.9 353.4 475.9 389.5 359.9 103.5 81.8 145.4 433.2 412.4 288.1 130.6 166.3 351.4 0.0 92.1 370.3 379.1 112.1 138.5 120.6 125.4 300.7 222.7 114.4 71.9 419.3 123.0 150.5 181.4 349.9 222.6 82.1 257.5 94.4 132.7 82.5 303.2 171.4 483.2 425.8 446.7 123.5 360.7 136.3 117.0 182.6 230.6 376.0 158.1 140.0
1333.1 135.8 309.6 216.3 169.4 161.1 393.2 116.6 167.1 97.9 272.0 265.5 331.8 297.4 9.8 79.6 358.7 171.4 400.6 397.9 150.3 304.7 425.6 288.7 267.2 164.4 52.0 38.9 330.8 173.3 195.7 308.3 356.5 104.6 59.6 424.5 115.5 363.2 148.4 97.1 204.7 437.2 452.5 186.6 64.7 279.0 170.4 208.2 274.8 136.8 151.9 215.1 363.3 208.9 214.2 95.7 242.6 203.6 375.8 71.6 113.9 374.3 302.7 277.2 178.7 159.6 242.0 302.5 433.5 338.6 348.6 187.3 124.8 163.1 396.9 376.1 237.2 173.6 115.4 300.5 86.4 0.0 319.4 328.2 178.7 87.6 170.2 168.4 249.8 183.6 63.5 114.9 383.0 200.9 99.6 130.5 299.0 171.7 60.8 193.6 137.4 201.0 125.5 252.3 120.5 451.9 389.5 411.3 166.5 309.8 197.2 160.0 113.7 179.7 325.1 117.9 183.0
1282.8 282.3 86.8 471.8 252.5 273.3 86.0 410.8 399.3 283.0 97.4 43.8 39.3 99.0 394.0 311.8 17.8 299.6 75.2 195.4 329.3 428.5 110.2 261.5 94.0 242.7 282.9 319.6 143.9 208.9 280.0 61.5 178.9 336.8 318.4 109.1 406.3 63.5 393.3 278.7 204.5 121.8 187.8 291.8 272.9 115.0 402.6 419.5 117.2 369.0 420.0 412.3 31.1 403.0 471.8 386.5 420.9 328.7 218.6 310.4 310.6 161.1 39.3 32.1 437.9 273.2 122.6 136.1 174.1 334.1 99.5 397.8 415.6 392.1 157.0 60.7 74.1 464.4 278.9 249.7 377.2 384.2 0.0 246.2 390.0 336.3 379.1 441.5 235.6 292.1 333.8 405.7 96.2 434.8 228.7 292.8 139.2 159.4 351.6 216.1 428.2 388.8 416.3 132.9 304.4 136.5 69.5 100.0 425.5 290.1 386.2 448.0 369.7 258.0 347.9 292.3 473.8
1232.0 294.8 186.1 328.2 287.6 308.4 324.8 302.6 292.6 231.3 237.5 245.6 280.0 173.9 316.0 273.8 246.0 247.9 318.9 178.4 277.6 282.8 203.5 69.2 243.1 191.0 231.2 267.9 296.3 244.0 228.3 273.8 137.0 251.8 266.7 263.3 350.9 302.3 247.6 227.0 221.6 276.0 253.5 302.4 216.1 189.4 295.9 273.8 254.9 262.3 274.3 266.6 254.4 252.2 326.1 334.8 275.2 183.0 156.3 258.7 258.9 154.8 200.0 234.8 292.2 216.3 193.8 234.8 214.0 190.8 287.6 252.9 292.8 251.9 362.4 252.6 217.3 341.6 219.1 81.0 325.5 306.2 238.7 0.0 244.3 303.7 235.8 295.8 120.0 240.4 292.5 310.7 335.0 289.7 177.0 241.1 101.7 151.8 299.9 233.2 321.9 244.3 321.3 182.5 252.7 254.3 308.3 217.8 279.8 162.0 240.5 318.0 318.0 206.3 177.3 240.6 351.0
1302.0 213.9 242.5 175.1 251.7 243.4 415.1 58.2 68.6 172.6 293.9 302.0 356.6 230.3 92.0 104.1 346.7 219.2 412.5 396.4 228.4 144.5 331.6 257.6 299.5 252.0 132.6 121.2 352.7 246.5 238.9 330.2 325.4 82.1 141.9 391.4 106.5 385.1 38.5 141.8 280.2 404.1 384.8 268.9 137.7 245.8 71.9 28.9 312.1 110.6 79.5 36.3 355.1 58.1 175.1 182.8 73.8 68.6 344.7 153.9 192.0 362.1 300.7 313.7 79.4 218.7 250.2 291.9 375.1 307.5 344.0 7.7 48.4 55.4 418.8 380.7 273.7 97.2 133.3 269.4 192.1 82.2 339.4 297.1 0.0 104.5 10.8 113.8 218.7 226.8 124.4 80.0 402.8 58.4 172.6 121.4 267.9 208.2 143.1 275.9 77.5 54.3 90.6 238.9 111.4 382.4 409.0 345.9 48.8 273.2 51.7 80.8 196.0 267.3 293.7 196.0 106.6
1335.4 161.0 315.4 289.9 194.6 197.5 380.9 161.6 112.4 114.9 259.7 267.8 322.4 298.1 46.1 40.0 335.9 149.8 378.3 400.2 170.4 250.0 404.5 298.1 264.4 181.3 67.3 40.3 318.5 175.8 168.2 296.0 358.8 49.9 43.6 412.2 144.8 392.5 86.6 96.2 209.5 424.9 457.7 223.0 80.0 281.3 108.6 153.0 277.9 82.1 169.2 160.4 337.4 147.1 289.9 132.1 180.8 141.8 378.1 74.3 139.1 376.6 293.6 279.5 187.1 149.7 244.3 303.1 448.0 329.5 307.4 131.8 160.3 102.8 384.6 363.8 239.5 209.1 69.7 297.7 122.8 36.3 328.8 330.5 116.9 0.0 100.9 207.5 252.7 144.7 32.0 160.1 368.6 138.5 101.9 50.7 301.3 162.6 97.2 221.1 179.0 138.0 177.8 254.6 40.7 455.3 377.2 414.7 164.5 295.2 135.4 192.7 138.9 196.6 327.1 124.2 170.7
1291.1 203.0 231.6 176.9 259.5 254.1 404.2 72.5 79.5 161.7 283.0 291.1 345.7 219.4 102.9 93.2 346.3 208.3 401.6 385.5 217.5 133.6 320.7 246.7 288.6 241.1 145.2 132.1 341.8 235.6 228.0 319.3 314.5 71.2 138.7 380.5 117.4 374.2 27.6 130.9 269.3 393.2 373.9 279.8 128.5 234.9 82.8 40.3 300.4 99.7 74.6 47.2 344.2 57.6 176.9 193.7 84.7 57.7 333.8 169.4 181.1 351.2 289.8 302.8 90.3 202.6 239.3 280.3 364.2 296.6 329.2 18.6 59.3 66.4 407.9 369.8 262.8 108.1 122.4 258.5 203.0 93.1 328.5 286.2 10.8 103.2 0.0 124.7 208.4 215.9 135.3 90.9 391.9 69.3 161.7 110.5 257.0 197.3 154.0 280.9 88.4 43.4 101.5 228.0 100.5 371.5 398.1 330.9 58.4 262.3 40.8 91.7 206.9 256.4 282.8 185.1 64.6
1355.4 231.0 295.9 84.4 264.6 256.3 468.5 92.5 81.5 193.1 347.3 355.4 400.5 274.2 104.9 177.1 410.6 262.2 465.9 449.8 258.8 94.2 385.0 301.5 352.9 259.6 145.5 134.1 406.1 268.5 280.6 383.6 378.8 168.5 154.8 444.8 137.4 429.0 117.6 192.3 299.9 457.5 438.2 281.8 158.2 299.2 84.8 97.8 365.5 169.1 39.4 79.5 408.5 50.5 84.4 182.2 46.3 122.0 398.1 166.8 209.1 415.5 344.6 367.1 39.3 256.5 303.6 345.3 419.0 360.9 393.5 84.5 92.6 96.5 472.2 434.1 327.1 128.1 188.3 313.3 191.5 95.1 392.8 350.5 92.3 123.7 89.9 0.0 272.7 281.8 137.3 92.9 456.2 71.3 194.8 163.1 321.3 252.1 156.0 288.8 108.4 64.3 116.8 292.3 153.1 435.8 462.4 395.2 72.8 317.1 66.8 97.4 208.9 274.9 347.1 213.1 84.6
1083.2 365.5 256.8 272.5 357.7 379.1 436.1 365.7 354.7 302.0 308.2 357.8 302.6 244.6 378.1 344.5 367.8 319.9 273.5 245.7 347.7 229.2 287.0 136.5 313.8 261.7 303.6 338.6 367.0 314.7 298.4 344.5 204.3 321.9 337.4 346.8 410.6 413.6 318.3 297.7 292.3 347.4 315.5 373.1 289.1 260.1 358.0 363.6 326.4 332.4 312.6 360.9 365.7 323.7 272.5 405.5 315.1 253.7 223.6 329.4 329.6 222.1 310.7 346.1 322.4 285.3 264.5 306.2 280.7 133.9 354.4 344.4 352.5 316.4 433.1 336.1 288.0 400.7 297.3 147.7 396.2 368.3 349.4 176.0 352.2 396.9 304.1 304.0 0.0 310.5 409.9 366.1 448.4 344.5 247.7 311.8 172.4 221.9 370.6 303.9 381.6 337.5 376.7 253.2 323.4 337.8 419.6 297.2 348.7 138.9 321.9 356.7 388.7 277.0 148.3 311.3 357.8
1298.7 66.5 335.4 379.4 74.6 95.4 349.1 251.9 236.3 109.5 227.9 236.0 290.6 323.2 220.5 162.4 304.1 24.7 346.5 363.5 37.1 336.1 366.4 254.3 237.7 42.6 129.1 164.1 286.7 50.7 12.0 264.2 322.1 173.8 176.9 380.4 250.8 319.1 217.6 130.2 64.7 393.1 424.9 113.9 112.3 249.5 239.6 276.9 245.3 206.0 300.2 284.3 305.6 283.2 379.4 231.0 311.8 236.3 341.4 145.4 71.3 339.9 273.2 247.7 318.1 65.0 212.5 273.0 399.1 304.2 275.6 255.7 260.1 226.8 352.8 332.0 207.7 308.9 105.4 266.1 221.7 210.7 289.9 293.8 247.9 169.2 237.0 335.8 216.0 0.0 178.3 250.2 336.8 269.5 100.9 119.3 264.6 142.2 196.1 76.3 272.7 269.0 260.8 222.8 130.9 417.2 345.4 376.6 296.8 269.9 266.4 292.5 134.7 49.4 290.7 100.2 265.4
1325.6 140.9 302.1 236.8 189.8 181.5 371.1 139.2 139.8 90.4 249.9 258.0 312.6 289.9 61.1 72.1 326.1 156.7 368.5 390.4 155.4 277.4 386.5 281.2 259.7 156.9 42.8 15.8 308.7 193.7 176.4 286.2 349.0 77.3 52.1 402.4 138.1 341.1 121.1 89.6 187.5 415.1 439.7 219.4 53.3 271.5 143.1 180.4 267.3 109.5 203.7 187.8 327.6 186.7 236.8 118.3 215.3 176.3 368.3 64.1 119.0 366.8 295.2 269.7 221.6 164.7 234.5 293.3 426.0 331.1 297.6 159.2 147.4 130.3 374.8 354.0 229.7 196.2 97.1 293.0 109.0 51.3 311.9 320.7 151.4 34.4 140.5 191.0 242.3 164.3 0.0 137.5 360.9 173.6 92.1 85.2 291.5 164.2 83.4 199.1 160.0 172.5 148.1 244.8 75.2 429.8 367.4 393.3 200.3 296.8 169.9 179.8 118.8 172.2 317.3 99.7 152.7
1330.8 181.6 271.3 257.0 238.1 232.7 443.9 147.3 120.8 140.3 322.7 330.8 382.5 259.1 144.2 71.8 375.5 186.9 451.3 425.2 196.1 215.0 360.4 286.4 328.3 219.7 113.1 142.1 381.5 214.2 206.6 359.0 354.2 49.8 117.3 420.2 158.2 413.9 58.7 109.5 247.9 432.9 418.9 264.5 107.1 274.6 124.1 118.0 340.1 76.1 141.3 125.4 383.9 119.2 254.9 189.1 152.9 113.9 373.5 148.0 159.7 390.9 329.5 342.5 159.2 186.4 279.0 320.0 403.9 336.3 372.8 97.6 137.5 73.4 447.6 409.5 302.5 186.3 107.9 298.2 198.4 134.4 368.2 325.9 89.0 101.7 80.5 192.9 247.5 194.5 115.8 0.0 433.7 111.2 140.3 89.1 296.7 237.0 195.3 259.5 166.6 111.3 10.5 267.7 79.1 411.2 437.8 374.7 137.9 307.5 107.5 175.6 188.5 235.0 322.8 163.7 195.7
1355.7 279.5 192.4 474.8 247.6 270.5 10.2 421.4 409.9 293.6 94.6 149.4 94.3 204.6 404.6 320.3 87.7 242.4 152.9 301.0 279.8 429.4 183.1 336.5 144.4 229.7 295.2 328.1 141.1 206.1 236.4 114.4 284.5 345.3 329.0 182.0 416.9 42.9 396.3 289.3 201.7 194.7 255.4 289.0 280.7 198.1 413.2 420.4 139.1 377.5 423.0 413.2 136.7 406.0 472.7 397.1 423.9 331.7 305.3 321.0 298.1 266.7 144.9 137.7 440.9 250.4 158.4 219.9 281.8 407.0 156.2 400.8 424.1 392.9 60.7 133.6 179.7 472.9 287.4 322.6 387.8 394.8 105.5 319.1 393.0 346.9 380.0 431.2 311.4 248.5 344.4 416.3 0.0 437.8 239.3 303.4 244.8 224.6 362.2 213.3 438.8 391.8 424.8 168.7 315.0 209.4 26.7 172.9 430.2 363.2 389.2 473.1 354.8 215.2 385.8 302.9 431.5
1356.3 159.0 292.3 178.0 192.6 184.3 416.4 83.8 9.5 121.1 295.2 288.7 357.9 280.1 32.9 91.8 371.4 190.2 413.8 446.2 173.5 236.0 381.4 312.5 290.4 187.6 73.5 62.1 354.0 196.5 208.6 331.5 379.7 83.8 82.8 447.7 79.9 386.4 79.7 120.3 227.9 460.4 434.6 209.8 86.2 295.6 12.8 140.1 298.8 97.1 115.7 146.4 386.5 145.3 178.6 110.2 173.9 134.9 399.0 94.8 137.1 411.9 350.5 300.4 180.2 184.5 265.2 341.7 424.9 361.8 367.9 118.4 88.6 89.4 420.1 399.3 260.4 137.4 103.6 323.7 119.5 23.1 342.6 351.4 110.6 51.7 99.7 141.7 273.6 196.5 65.9 20.9 404.1 0.0 122.8 91.1 322.2 194.9 84.0 216.8 101.2 131.1 32.1 288.7 81.1 432.2 412.7 391.6 157.6 328.1 128.5 121.0 136.9 202.9 348.0 141.1 93.9
1233.4 117.7 209.9 316.2 122.0 142.8 278.9 178.6 170.5 54.2 157.7 165.8 217.5 197.7 165.2 83.0 227.0 70.8 286.3 298.2 102.5 270.8 294.3 189.0 167.5 64.7 54.1 90.8 216.5 98.1 90.5 194.0 256.8 108.0 89.6 310.2 177.5 248.9 151.8 49.9 95.3 322.9 352.8 161.3 39.0 179.3 173.8 211.6 175.1 140.2 213.9 218.5 235.4 212.3 314.1 157.7 246.0 171.0 276.1 81.6 81.8 274.6 203.0 177.5 252.3 70.3 142.3 202.8 333.8 238.9 209.3 190.7 186.8 166.5 282.6 261.8 137.5 235.6 42.0 200.8 148.4 155.4 219.7 228.5 182.1 119.0 173.6 230.4 150.1 78.4 115.4 176.9 268.7 204.3 0.0 64.0 199.3 72.0 122.8 106.9 199.4 204.4 187.5 152.6 75.6 337.6 275.2 297.0 231.0 210.1 200.6 222.0 140.9 80.0 225.4 63.5 245.0
1284.6 149.4 261.1 296.5 148.9 169.7 330.1 169.8 116.9 99.1 208.9 217.0 268.7 248.9 101.1 43.0 278.2 97.7 337.5 349.4 129.4 254.5 345.5 240.2 218.7 130.5 84.3 95.3 267.7 125.0 117.4 245.2 308.0 54.4 70.5 361.4 168.7 300.1 98.2 80.7 158.7 374.1 404.0 188.2 78.3 230.5 120.2 157.5 226.3 86.6 180.8 164.9 286.6 158.7 294.4 199.6 192.4 153.4 327.3 101.2 109.2 325.8 254.2 228.7 198.7 97.2 193.5 254.0 385.0 290.1 260.5 137.1 177.0 112.9 333.8 313.0 188.7 225.8 18.8 252.0 177.8 91.3 270.9 279.7 128.5 54.9 120.0 232.4 201.3 105.3 69.0 171.7 319.9 150.7 51.1 0.0 250.5 123.2 152.2 170.3 190.6 150.8 182.3 203.8 11.6 388.8 326.4 348.2 177.4 261.3 147.0 215.1 159.7 145.8 276.6 108.4 235.2
1179.6 265.8 110.3 334.6 258.6 279.4 223.0 309.0 299.0 202.3 208.5 144.7 178.2 122.5 322.4 231.1 144.2 218.9 217.1 166.5 248.6 289.2 101.7 135.2 194.9 162.0 202.2 238.9 267.3 215.0 199.3 198.5 150.0 258.2 237.7 161.5 325.6 200.5 254.0 198.0 192.6 174.2 160.2 273.4 187.1 142.3 302.3 280.2 218.9 268.7 280.7 273.0 152.6 258.6 332.5 305.8 281.6 189.4 189.7 229.7 229.9 132.2 98.2 133.0 298.6 187.3 164.8 157.9 145.2 185.1 196.5 259.3 299.2 258.3 294.0 150.8 175.0 348.0 190.1 147.0 296.5 312.6 136.9 245.8 250.7 267.1 242.2 302.2 96.3 211.4 263.5 317.1 233.2 296.1 148.0 212.1 0.0 122.8 270.9 204.2 328.3 250.7 327.7 153.5 223.7 152.5 206.5 116.0 286.2 156.3 246.9 324.4 289.0 177.3 171.6 211.6 357.4
1286.5 171.9 137.8 367.2 142.1 162.9 206.8 313.8 302.3 186.0 85.6 93.7 148.3 125.6 297.0 214.8 161.8 136.3 204.2 287.0 174.3 323.9 222.2 354.7 95.4 122.1 185.9 222.6 144.4 98.5 130.9 121.9 270.5 239.8 221.4 238.1 309.3 176.8 288.7 181.7 94.1 250.8 280.7 181.4 170.8 107.2 305.6 314.9 103.8 272.0 315.4 307.7 163.3 298.4 367.2 289.5 316.3 224.1 310.2 213.4 190.5 252.7 130.9 105.4 333.3 142.8 70.2 129.0 265.7 292.0 137.2 293.2 318.6 287.4 210.5 189.7 65.4 367.4 181.9 366.5 280.2 287.2 147.6 366.3 285.4 257.9 274.5 336.9 203.2 143.0 236.8 308.7 194.5 330.8 131.7 195.8 230.8 0.0 254.6 105.7 331.2 285.4 319.3 80.5 207.4 265.5 203.1 224.9 320.9 257.7 281.6 365.5 247.2 107.6 278.2 195.3 376.8
1409.6 210.1 325.4 155.4 243.7 235.4 467.5 55.7 60.6 174.4 346.3 342.0 406.1 313.2 84.0 125.9 403.2 240.7 474.9 479.3 224.6 211.3 414.5 365.2 343.7 240.9 128.5 115.4 405.1 247.6 260.4 382.6 433.0 103.9 136.1 474.3 54.6 437.5 112.8 173.6 271.5 487.0 473.0 260.9 141.2 328.7 63.9 105.7 351.3 130.2 91.0 117.9 411.6 107.0 153.3 34.8 138.6 168.0 452.3 148.1 202.6 445.0 383.6 353.7 117.8 240.2 333.1 374.1 458.0 415.1 385.5 85.6 63.9 127.5 471.2 450.4 313.7 112.7 161.0 377.0 25.5 74.2 395.9 404.7 94.2 91.4 102.7 107.5 326.3 248.3 106.0 54.0 457.3 105.1 176.1 142.2 375.5 248.2 0.0 267.9 76.5 114.8 64.6 321.8 132.2 465.3 463.8 428.8 105.6 386.3 118.4 99.1 188.0 256.2 401.6 183.7 122.1
1265.3 107.1 302.0 348.1 60.5 84.8 345.8 269.7 268.2 146.0 224.6 232.7 284.4 289.8 274.2 180.7 293.9 71.5 353.2 330.1 97.4 302.7 333.0 220.9 234.4 39.3 151.8 188.5 283.4 33.7 48.1 260.9 288.7 205.7 187.3 377.1 268.6 315.8 249.5 147.6 11.1 389.8 391.5 69.1 136.7 305.3 271.5 293.2 242.0 237.9 294.2 286.5 302.3 272.1 346.0 248.8 295.1 202.9 308.0 179.3 107.8 306.5 269.9 244.4 312.1 61.7 209.2 269.7 365.7 270.8 276.2 272.8 277.9 271.8 349.5 328.7 204.4 326.7 151.0 232.7 239.5 264.4 286.6 260.4 264.2 228.0 255.7 315.7 182.0 60.2 213.1 268.0 335.6 309.6 97.6 173.0 231.2 138.9 213.9 0.0 290.5 264.2 278.6 219.5 184.6 383.8 342.1 347.3 299.7 242.0 260.4 313.1 171.2 24.8 257.3 136.7 336.1
1390.0 257.9 330.5 166.6 291.5 283.2 503.1 66.9 108.4 220.0 381.9 390.0 441.7 318.3 131.8 192.1 434.7 287.8 510.5 484.4 272.4 232.5 419.6 345.6 387.5 286.5 174.1 161.0 440.7 295.4 307.5 418.2 413.4 170.1 181.7 479.4 28.9 473.1 126.5 229.8 326.8 492.1 478.1 308.7 186.8 333.8 111.7 99.4 399.3 198.6 100.9 111.6 443.1 116.9 164.5 119.1 148.5 156.6 432.7 193.7 236.0 450.1 388.7 401.7 127.7 281.7 338.2 379.2 463.1 395.5 432.0 79.3 40.8 117.9 506.8 468.7 361.7 74.3 208.8 357.4 128.4 122.0 427.4 385.1 87.9 139.2 96.4 118.7 306.7 295.4 153.8 119.8 492.9 98.8 221.7 190.0 355.9 296.2 189.0 315.7 0.0 124.7 130.4 326.9 180.0 470.4 497.0 433.9 99.3 366.7 128.3 45.6 235.8 301.8 382.0 240.0 83.7
1306.9 238.7 247.4 143.5 278.5 270.2 420.0 134.8 96.6 197.4 298.8 306.9 360.4 234.1 118.8 128.9 362.1 245.3 417.4 401.3 252.1 107.5 336.5 261.4 304.4 252.3 159.4 148.0 357.6 271.3 262.6 335.1 330.3 105.8 168.7 396.3 149.6 388.9 63.3 165.5 282.9 409.0 389.7 295.7 162.5 250.7 98.7 72.1 317.0 134.3 29.9 22.2 360.0 12.9 144.7 202.8 41.5 73.5 349.6 180.7 216.8 367.0 304.5 318.6 47.8 245.2 255.1 296.8 378.9 311.3 345.0 66.5 104.8 96.3 423.7 385.6 278.6 136.6 158.1 273.2 212.1 109.0 344.3 302.0 51.4 137.6 62.3 68.2 224.2 250.5 152.4 106.8 407.7 85.2 197.4 146.2 272.8 212.0 169.9 302.7 120.6 0.0 117.4 243.8 136.2 387.3 413.9 346.7 37.1 277.0 3.6 80.0 222.8 267.6 298.6 220.8 112.5
1320.2 171.0 260.7 244.3 227.5 222.1 433.3 136.7 110.2 129.7 312.1 320.2 374.8 248.5 133.6 61.2 364.9 176.3 440.7 414.6 185.5 204.4 349.8 275.8 317.7 209.1 104.2 131.5 370.9 203.6 196.0 348.4 343.6 39.2 106.7 409.6 147.6 403.3 48.1 98.9 237.3 422.3 408.3 253.9 96.5 264.0 113.5 107.4 329.5 65.5 130.7 114.8 373.3 113.7 244.3 178.5 142.3 103.3 362.9 137.4 149.1 380.3 318.9 331.9 148.6 177.5 268.4 309.4 393.3 325.7 362.2 86.2 126.9 57.3 437.0 398.9 291.9 175.7 90.4 287.6 187.8 123.8 357.6 315.3 78.4 98.2 67.5 169.0 236.9 183.9 115.6 121.6 421.0 100.0 129.7 78.5 286.1 226.4 184.7 248.9 156.0 99.5 0.0 257.1 68.5 400.6 427.2 360.0 126.0 291.4 96.9 159.3 177.9 224.4 312.2 153.1 185.1
1327.0 229.9 57.2 498.2 200.1 220.9 186.2 431.7 423.6 307.3 96.1 79.5 124.8 45.0 418.3 336.1 140.7 194.3 193.6 211.1 232.3 452.8 146.3 278.8 63.2 267.0 307.2 343.9 142.6 156.5 188.9 101.3 194.6 361.1 342.7 206.1 430.6 156.2 417.6 303.0 152.1 218.8 204.8 239.4 292.1 60.5 426.9 443.8 78.7 393.3 444.3 436.6 149.1 422.2 496.1 410.8 445.2 353.0 234.3 334.7 334.9 176.8 115.4 91.2 462.2 292.3 11.2 105.9 189.8 378.3 105.0 422.9 439.9 421.9 189.9 169.1 51.2 488.7 295.1 290.6 401.5 408.5 133.4 290.4 414.3 372.1 405.8 465.8 259.9 201.0 368.5 430.0 176.0 459.7 253.0 317.1 163.5 57.9 375.9 163.7 452.5 414.3 440.6 0.0 328.7 197.1 182.5 160.6 449.8 319.9 410.5 488.0 394.0 165.6 335.2 316.6 498.1
1294.6 141.2 271.1 284.9 158.9 179.7 340.1 158.2 105.3 99.9 218.9 227.0 278.7 258.9 89.5 31.4 288.2 107.7 347.5 359.4 139.4 242.9 355.5 250.2 228.7 140.5 72.7 83.7 277.7 135.0 127.4 255.2 318.0 42.8 58.9 371.4 157.1 310.1 86.6 69.1 168.7 384.1 414.0 198.2 66.7 240.5 108.6 145.9 236.3 75.0 169.2 153.3 296.6 147.1 282.8 188.0 180.8 141.8 337.3 89.6 119.2 335.8 264.2 238.7 187.1 107.2 203.5 264.0 395.0 300.1 270.5 125.5 165.4 101.3 343.8 323.0 198.7 214.2 28.8 262.0 166.2 79.7 280.9 289.7 116.9 43.3 108.4 220.8 211.3 115.3 57.4 160.1 329.9 139.1 61.1 9.9 260.5 133.2 140.6 180.3 179.0 139.2 170.7 213.8 0.0 398.8 336.4 358.2 165.8 271.3 135.4 203.5 148.1 155.8 286.6 123.3 223.6
1259.1 369.6 126.5 451.1 362.4 383.2 182.6 430.5 422.4 306.1 176.0 175.3 119.8 138.7 417.1 334.9 141.9 322.7 129.9 122.0 352.4 405.7 59.0 237.8 212.2 265.8 306.0 342.7 222.5 318.8 303.1 140.1 136.6 359.9 341.5 74.3 429.4 160.1 416.4 301.8 296.4 86.0 59.4 377.2 290.9 158.5 425.7 442.1 236.2 392.1 443.1 435.4 183.2 421.0 449.0 409.6 444.0 351.8 145.2 333.5 333.7 118.8 128.8 163.6 461.0 291.1 186.1 174.1 83.8 310.4 227.1 421.7 438.7 420.7 260.6 63.6 205.6 487.5 293.9 226.0 400.3 407.3 167.5 222.5 413.1 370.9 404.6 464.6 258.7 315.2 367.3 428.8 192.8 458.5 251.8 315.9 162.3 199.1 374.7 308.0 451.3 413.1 439.4 174.8 327.5 0.0 166.1 44.7 448.6 320.3 409.3 486.8 392.8 281.1 323.9 315.4 496.9
1329.0 296.0 165.7 521.0 266.2 287.0 16.4 434.5 426.4 310.1 111.1 122.7 67.4 177.9 421.1 338.9 71.5 260.4 116.2 274.3 298.4 475.6 156.4 307.7 172.9 246.2 310.0 346.7 157.6 222.6 255.0 87.7 257.8 363.9 345.5 155.3 433.4 16.2 412.8 305.8 218.2 168.0 234.0 305.5 294.9 193.9 429.7 438.5 156.4 396.1 439.5 431.8 110.0 417.4 518.9 413.6 440.4 348.2 278.6 337.5 314.6 240.0 118.2 111.0 457.4 268.6 174.9 213.3 253.0 380.3 174.5 418.1 442.7 417.1 87.4 106.9 153.0 491.5 297.9 295.9 404.3 411.3 78.8 292.4 409.5 374.9 401.0 461.0 314.5 267.1 371.3 432.8 26.7 454.9 255.8 319.9 218.1 238.3 378.7 229.8 455.3 409.5 443.4 185.2 331.5 182.7 0.0 142.1 445.0 390.2 405.7 483.2 371.3 231.7 393.8 319.4 500.9
1260.4 324.8 81.7 450.1 313.5 338.4 153.7 389.1 377.6 261.3 147.1 130.5 89.0 89.8 372.3 290.1 102.5 279.2 91.0 144.5 303.5 402.7 14.2 208.1 163.3 221.0 262.9 293.8 193.6 274.0 258.3 111.2 128.0 315.1 296.7 45.4 384.6 131.2 371.6 257.0 251.6 58.1 90.6 332.4 248.4 113.7 380.9 393.7 190.6 347.3 398.3 386.5 138.4 381.3 450.1 364.8 399.2 307.0 167.7 288.7 288.9 110.2 79.9 118.8 416.2 244.6 141.3 131.0 120.3 307.6 186.2 376.1 393.9 366.3 231.7 34.7 160.8 442.7 253.1 224.0 355.5 362.5 122.7 223.8 368.3 314.6 353.3 406.5 214.5 266.3 312.1 384.0 166.0 413.1 207.0 271.1 117.5 154.3 329.9 263.2 406.5 367.1 394.6 130.0 282.7 36.4 137.2 0.0 405.5 297.4 364.5 426.3 348.0 236.3 317.9 270.6 399.2
1344.7 243.3 285.2 126.2 275.2 268.6 457.8 86.8 92.1 205.4 336.6 344.7 397.6 273.0 117.2 145.1 399.9 263.2 455.2 439.1 256.1 154.0 374.3 298.6 340.5 271.9 157.8 144.7 395.4 280.8 281.6 372.9 368.1 123.1 167.1 434.1 130.0 426.1 81.2 184.5 312.2 446.8 427.5 294.1 170.5 288.5 97.1 34.9 354.8 153.3 30.6 64.6 397.8 32.8 126.2 203.5 69.3 111.3 387.4 179.1 221.4 404.8 341.7 356.4 30.5 261.4 292.9 334.6 416.1 348.5 382.8 33.1 73.6 77.1 461.5 423.4 316.4 120.7 176.0 312.1 212.8 107.4 380.4 339.8 40.9 136.0 53.5 53.0 262.0 267.8 147.9 105.2 445.5 83.6 207.1 164.1 310.6 250.9 168.3 301.1 102.7 46.6 114.1 281.6 154.1 425.1 451.7 384.5 0.0 314.2 49.1 80.7 221.2 287.2 336.4 225.4 78.9
1132.0 341.8 233.1 321.9 334.6 355.4 412.4 353.0 339.6 278.3 284.5 334.1 365.7 220.9 363.0 320.8 344.1 296.2 368.7 222.0 324.6 278.6 263.3 112.8 290.1 238.0 278.2 314.9 343.3 291.0 275.3 320.8 180.6 298.8 313.7 323.1 397.9 389.9 294.6 274.0 268.6 323.7 297.1 349.4 263.1 236.4 342.9 320.8 301.9 309.3 361.4 313.6 342.0 304.3 321.9 381.8 322.2 230.0 199.9 305.7 305.9 198.4 287.6 322.4 371.2 261.6 240.8 281.8 257.6 34.2 330.7 299.1 339.8 293.4 409.4 312.4 264.3 388.6 274.2 124.6 372.5 353.2 326.3 152.3 291.3 350.7 280.4 352.8 91.9 287.4 329.1 357.7 424.7 336.7 224.0 288.1 148.7 198.8 346.9 280.2 368.9 290.1 368.3 229.5 299.7 314.1 395.9 273.5 328.5 0.0 287.5 371.4 365.0 253.3 20.7 287.6 345.1
1303.3 235.1 243.8 149.4 282.3 274.0 416.4 135.2 99.2 193.8 295.2 303.3 355.0 231.6 122.6 125.3 348.0 240.4 423.8 397.7 249.6 105.0 332.9 258.9 300.8 248.7 164.9 151.8 354.0 267.7 260.1 331.5 326.7 103.3 170.8 392.7 153.4 386.4 59.7 163.0 279.3 405.4 391.4 299.5 160.6 247.1 102.5 75.4 312.6 131.8 33.7 26.0 356.4 11.6 147.3 206.6 45.3 69.9 346.0 184.5 213.2 363.4 302.0 315.0 51.6 239.9 251.5 292.5 376.4 308.8 345.3 71.1 108.6 105.6 420.1 382.0 275.0 139.2 161.4 270.7 215.9 112.8 340.7 298.4 55.2 130.0 63.7 85.3 220.0 248.0 144.6 110.6 406.2 89.6 193.8 142.6 269.2 209.5 173.7 290.9 124.4 3.7 121.2 240.2 132.6 383.7 410.3 347.2 39.2 280.0 0.0 77.4 226.6 264.0 295.3 217.2 114.0
1373.9 241.8 314.4 141.2 275.4 267.1 487.0 51.3 92.3 203.9 365.8 373.9 428.5 302.2 115.7 176.0 418.6 273.0 484.4 468.3 256.3 193.4 403.5 329.5 371.4 270.4 156.3 144.9 424.6 279.3 291.4 402.1 397.3 154.0 165.6 463.3 69.5 457.0 110.4 213.7 310.7 476.0 456.7 292.6 166.8 317.7 95.6 83.8 384.0 182.5 60.9 95.5 427.0 72.0 141.2 159.7 108.5 140.5 416.6 177.6 219.9 434.0 372.6 385.6 87.7 260.4 322.1 363.8 447.0 379.4 412.0 64.0 24.7 107.3 490.7 452.6 345.6 78.2 185.8 341.3 169.0 105.9 411.3 369.0 71.8 128.2 82.7 110.2 290.6 279.3 148.1 103.7 474.7 82.7 205.6 173.9 339.8 280.1 166.8 299.6 40.5 84.7 114.3 310.8 163.9 454.3 480.9 417.8 83.2 345.1 88.3 0.0 219.7 285.7 365.6 223.9 72.9
1311.9 118.0 288.4 253.7 177.4 169.1 357.4 154.0 131.9 76.7 236.2 244.3 296.0 276.2 134.1 44.4 305.5 160.3 364.8 376.7 132.5 269.5 372.8 267.5 246.0 143.2 29.5 66.2 295.0 181.3 177.9 272.5 335.3 69.4 65.0 388.7 152.9 327.4 113.2 84.6 173.8 401.4 431.3 200.9 43.5 257.8 135.2 172.5 253.6 101.6 195.8 179.9 313.9 173.7 251.6 133.1 207.4 168.4 354.6 57.0 96.1 353.1 281.5 256.0 213.7 141.8 220.8 281.3 412.3 317.4 287.8 152.1 162.2 127.9 361.1 340.3 216.0 211.0 94.2 279.3 123.8 124.3 298.2 307.0 143.5 87.9 135.0 205.8 228.6 165.8 102.0 152.3 347.2 165.7 78.4 95.3 277.8 150.5 98.2 185.4 174.8 165.8 162.9 231.1 85.3 416.1 353.7 375.5 192.4 288.6 162.0 197.4 0.0 158.5 303.9 100.1 220.4
1249.2 101.9 285.9 332.0 81.2 102.0 320.9 251.4 243.3 121.1 199.7 207.8 259.5 273.7 249.3 155.8 269.0 58.8 328.3 314.0 72.5 286.6 316.9 204.8 209.5 14.4 126.9 163.6 258.5 37.6 23.2 236.0 272.6 180.8 162.4 352.2 250.3 290.9 224.6 122.7 15.2 364.9 375.4 96.0 111.8 221.3 246.6 277.1 217.1 213.0 278.1 270.4 277.4 256.0 329.9 230.5 279.0 186.8 291.9 154.4 82.9 290.4 245.0 219.5 296.0 36.8 184.3 244.8 349.6 254.7 251.3 256.7 259.6 239.3 324.6 303.8 179.5 308.4 126.1 216.6 221.2 239.5 261.7 244.3 248.1 203.1 239.6 299.6 165.9 35.3 188.2 249.7 310.7 277.1 72.7 148.1 215.1 114.0 195.6 26.8 272.2 248.1 260.3 194.6 159.7 367.7 317.2 331.2 283.6 225.9 244.3 294.8 146.3 0.0 241.2 111.8 317.8
1138.4 361.6 252.9 328.3 354.4 375.2 432.2 372.8 359.1 298.1 304.3 353.9 385.5 240.7 382.8 340.6 363.9 316.0 388.5 241.8 344.1 285.3 283.1 132.3 309.6 257.8 299.7 334.7 363.1 310.8 294.8 340.6 200.4 318.3 333.5 342.9 417.7 409.7 314.4 293.5 288.4 343.5 311.6 369.2 285.2 256.2 362.7 340.3 322.5 328.8 367.8 333.1 361.8 324.1 328.3 401.6 370.3 249.8 219.7 325.5 325.7 218.2 307.4 342.2 377.6 281.4 260.6 302.3 277.1 13.5 350.5 318.6 359.3 312.8 429.2 332.2 284.1 408.4 293.7 144.4 392.3 373.0 345.8 172.1 310.8 359.0 299.9 359.2 112.3 306.9 348.6 421.3 444.5 399.7 243.8 307.9 168.5 218.3 366.7 300.0 388.7 309.9 432.2 249.3 319.5 333.9 415.7 293.3 348.3 19.4 307.3 412.8 384.8 273.1 0.0 307.4 364.9
1304.3 54.1 280.8 273.2 113.5 105.2 349.8 173.5 165.4 9.3 228.6 236.7 288.4 268.6 161.1 77.9 297.9 83.0 357.2 369.1 68.6 303.0 365.2 259.9 238.4 99.1 49.0 85.7 287.4 110.3 102.7 264.9 327.7 102.9 84.5 381.1 172.4 319.8 146.7 68.3 129.7 393.8 423.7 137.0 33.9 250.2 168.7 206.0 246.0 135.1 208.8 213.4 306.3 207.2 271.1 152.6 240.9 201.9 347.0 76.5 18.8 345.5 273.9 248.4 247.2 64.5 213.2 273.7 404.7 309.8 280.2 185.6 181.7 161.4 353.5 332.7 208.4 230.5 100.5 271.7 143.3 151.3 290.6 299.4 177.0 117.6 168.5 225.3 221.0 90.6 110.3 171.8 339.6 199.2 70.8 122.5 270.2 142.9 117.7 141.3 194.3 199.3 182.4 223.5 118.8 408.5 346.1 367.9 225.9 281.0 195.5 216.9 77.3 114.4 296.3 0.0 239.9
1367.7 235.6 308.2 129.9 256.4 260.9 480.8 48.5 73.3 197.7 359.6 367.7 409.5 296.0 109.5 169.8 422.9 266.8 478.2 462.1 237.3 210.2 397.3 323.3 352.4 264.2 150.1 138.7 418.4 273.1 272.4 395.9 391.1 147.8 159.4 457.1 64.3 450.8 104.2 194.7 304.5 469.8 450.5 286.4 162.8 311.5 89.4 64.8 377.8 176.3 80.4 89.3 420.8 91.5 129.9 128.0 126.8 134.3 410.4 171.4 213.7 427.8 353.6 379.4 107.6 261.1 315.9 357.6 440.8 360.4 405.8 45.0 18.5 101.2 484.5 446.4 339.4 42.4 179.6 322.3 137.3 99.7 392.3 362.8 65.6 128.3 76.5 106.4 285.0 273.1 129.1 97.5 468.5 75.9 199.4 167.7 333.6 273.9 197.9 293.4 52.3 120.0 108.1 304.6 157.7 448.1 474.7 407.5 75.7 338.9 117.4 35.6 213.5 279.5 359.4 217.7 0.0
