Name		2842_BED-Amazon_n116_m223_bt33
Number_of_Customers	116
Number_of_Items		223
Number_of_ItemTypes	33
Number_of_Vehicles	1
TimeWindows		0
Dist_type	manual

VEHICLE
Mass_Capacity	2071
CargoSpace_Length	174
CargoSpace_Width	61
CargoSpace_Height	84

CUSTOMERS
i	x	y	Demand	ReadyTime	DueDate	ServiceTime	DemandedMass	DemandedVolume
0	34.23485	-118.58421	0	0	0	0	0	0
1	34.159554	-118.494537	1	0	0	0	2.5	3978
2	34.164091	-118.504116	1	0	0	0	2.5	3978
3	34.164955	-118.495938	1	0	0	0	3.82	8580
4	34.160046	-118.497288	1	0	0	0	4.7	1380
5	34.158019	-118.486132	1	0	0	0	0.7	2640
6	34.162626	-118.491209	1	0	0	0	2.91	13520
7	34.160391	-118.506565	1	0	0	0	4.7	1380
8	34.159834	-118.503578	2	0	0	0	9.0	15030
9	34.163928	-118.503262	1	0	0	0	2.91	13520
10	34.174028	-118.507564	1	0	0	0	1.9	1176
11	34.172248	-118.507434	2	0	0	0	4.2	11856
12	34.172222	-118.508894	4	0	0	0	25.8	12934
13	34.159519	-118.486516	1	0	0	0	0.7	2640
14	34.157039	-118.48845	1	0	0	0	3.42	23780
15	34.162994	-118.502306	2	0	0	0	5.4	4020
16	34.164965	-118.498086	1	0	0	0	3.5	9216
17	34.160234	-118.487996	3	0	0	0	7.15	8628
18	34.163932	-118.499752	1	0	0	0	1.9	1176
19	34.16006	-118.505941	2	0	0	0	3.2	7800
20	34.171653	-118.501183	2	0	0	0	5.92	19064
21	34.163193	-118.499732	1	0	0	0	3.01	5544
22	34.158827	-118.488006	2	0	0	0	12.27	29500
23	34.160105	-118.504774	1	0	0	0	2.5	3978
24	34.171843	-118.500048	1	0	0	0	4.7	1380
25	34.158871	-118.494536	1	0	0	0	1.75	4608
26	34.17224	-118.502365	1	0	0	0	0.7	2640
27	34.159109	-118.490105	1	0	0	0	0.7	2640
28	34.161819	-118.503474	1	0	0	0	7.3	3640
29	34.164071	-118.482498	1	0	0	0	4.7	1380
30	34.164666	-118.494535	1	0	0	0	1.9	1176
31	34.164896	-118.484555	1	0	0	0	0.7	2640
32	34.161326	-118.49235	1	0	0	0	10.07	37120
33	34.16698	-118.501095	5	0	0	0	20.2	34112
34	34.161517	-118.504928	1	0	0	0	2.15	1080
35	34.160039	-118.48907	1	0	0	0	2.94	14904
36	34.164691	-118.505447	1	0	0	0	4.7	1380
37	34.164556	-118.483631	2	0	0	0	12.33	18228
38	34.162499	-118.497009	1	0	0	0	1.9	1176
39	34.168368	-118.501095	4	0	0	0	13.14	19343
40	34.159544	-118.501535	1	0	0	0	1.75	4608
41	34.163894	-118.495729	1	0	0	0	7.3	3640
42	34.159984	-118.495721	1	0	0	0	9.4	2760
43	34.166039	-118.501092	5	0	0	0	23.98	36876
44	34.163679	-118.506829	4	0	0	0	12.71	29278
45	34.160765	-118.492345	1	0	0	0	1.75	4608
46	34.1582	-118.487892	2	0	0	0	2.45	7248
47	34.162945	-118.498147	1	0	0	0	1.75	4608
48	34.169433	-118.501097	1	0	0	0	1.75	4608
49	34.162655	-118.493004	1	0	0	0	2.5	3978
50	34.159126	-118.48487	1	0	0	0	4.7	1380
51	34.163364	-118.485809	1	0	0	0	4.7	1380
52	34.158779	-118.492347	1	0	0	0	0.7	2640
53	34.158261	-118.499495	4	0	0	0	27.92	49458
54	34.158255	-118.502648	1	0	0	0	0.7	2640
55	34.163018	-118.500357	1	0	0	0	4.7	1380
56	34.168038	-118.500116	1	0	0	0	4.7	1380
57	34.162623	-118.49028	1	0	0	0	0.7	2640
58	34.158708	-118.491404	2	0	0	0	7.79	12053
59	34.162652	-118.493245	1	0	0	0	4.8	6200
60	34.175596	-118.508849	1	0	0	0	9.4	2760
61	34.172844	-118.506705	1	0	0	0	0.7	2640
62	34.163653	-118.483627	1	0	0	0	2.6	10400
63	34.160267	-118.494535	1	0	0	0	4.7	1380
64	34.163983	-118.484469	3	0	0	0	8.31	17540
65	34.162319	-118.505439	4	0	0	0	14.94	29024
66	34.165856	-118.499593	4	0	0	0	18.2	26900
67	34.159107	-118.485744	4	0	0	0	19.71	18482
68	34.160912	-118.502184	10	0	0	0	73.5	70063
69	34.160018	-118.501077	2	0	0	0	3.9	5688
70	34.15935	-118.491156	2	0	0	0	6.5	3900
71	34.162572	-118.486881	3	0	0	0	8.74	17288
72	34.16141	-118.503273	4	0	0	0	8.9	29892
73	34.162099	-118.499571	1	0	0	0	4.7	1380
74	34.160124	-118.49006	1	0	0	0	5.29	8075
75	34.160184	-118.505223	1	0	0	0	5.31	28275
76	34.163981	-118.485164	1	0	0	0	0.7	2640
77	34.16192	-118.486328	1	0	0	0	4.7	1380
78	34.167317	-118.499749	1	0	0	0	1.75	4608
79	34.163231	-118.508057	1	0	0	0	3.8	2352
80	34.163982	-118.484643	1	0	0	0	1.59	3400
81	34.16551	-118.505444	2	0	0	0	7.64	16284
82	34.166588	-118.500163	4	0	0	0	22.64	27478
83	34.167313	-118.500763	1	0	0	0	1.75	4608
84	34.16357	-118.508057	1	0	0	0	1.4	5280
85	34.172248	-118.504557	4	0	0	0	19.3	10216
86	34.160214	-118.483625	3	0	0	0	21.05	13268
87	34.162272	-118.491062	1	0	0	0	0.7	2640
88	34.158612	-118.490686	1	0	0	0	2.87	7524
89	34.164733	-118.486012	2	0	0	0	3.2	6618
90	34.163569	-118.493146	1	0	0	0	4.7	1380
91	34.158901	-118.48907	2	0	0	0	4.6	8944
92	34.158473	-118.488	1	0	0	0	4.8	6200
93	34.160067	-118.504584	1	0	0	0	0.7	2640
94	34.168039	-118.499706	1	0	0	0	0.7	2640
95	34.162996	-118.50397	1	0	0	0	3.42	23780
96	34.16368	-118.507145	1	0	0	0	4.7	1380
97	34.161363	-118.483618	1	0	0	0	0.7	2640
98	34.1687	-118.499138	1	0	0	0	0.7	2640
99	34.168828	-118.501099	1	0	0	0	4.7	1380
100	34.159961	-118.492349	1	0	0	0	5.29	8075
101	34.160382	-118.484755	2	0	0	0	12.0	5020
102	34.164197	-118.498334	1	0	0	0	1.75	4608
103	34.160823	-118.497548	1	0	0	0	0.7	2640
104	34.160676	-118.49871	1	0	0	0	4.8	6200
105	34.159566	-118.502448	1	0	0	0	0.7	2640
106	34.167315	-118.499339	1	0	0	0	7.3	3640
107	34.159368	-118.503277	3	0	0	0	11.57	17043
108	34.162541	-118.495729	1	0	0	0	0.7	2640
109	34.163624	-118.482502	1	0	0	0	9.4	2760
110	34.16204	-118.489895	1	0	0	0	1.62	6944
111	34.158875	-118.483638	1	0	0	0	2.5	3978
112	34.174692	-118.508419	3	0	0	0	11.25	12188
113	34.15849	-118.489786	1	0	0	0	2.5	3978
114	34.160384	-118.486193	1	0	0	0	4.7	1380
115	34.166203	-118.498236	1	0	0	0	4.8	6200
116	34.162429	-118.503277	2	0	0	0	8.85	15420

ITEMS
Type	Length	Width	Height	Mass	Fragility	LoadBearingStrength
Bt1	10	10	10	14.15	1	0
Bt2	18	12	5	2.15	1	0
Bt3	21	14	4	1.9	1	0
Bt4	23	15	4	4.7	1	0
Bt5	20	18	7	1.8	1	0
Bt6	15	11	16	0.7	1	0
Bt7	34	10	10	1.59	1	0
Bt8	20	14	13	7.3	1	0
Bt9	17	13	18	2.5	1	0
Bt10	24	12	16	1.75	1	0
Bt11	28	22	9	3.01	1	0
Bt12	31	20	10	4.8	1	0
Bt13	31	16	14	1.62	1	0
Bt14	36	19	11	2.87	1	0
Bt15	40	19	10	3.82	1	0
Bt16	25	19	17	5.29	1	0
Bt17	44	16	12	3.24	1	0
Bt18	22	15	26	3.816	1	0
Bt19	28	18	18	2.75	1	0
Bt20	29	25	13	1.77	1	0
Bt21	61	42	4	5.95	1	0
Bt22	40	20	13	2.6	1	0
Bt23	26	20	26	2.91	1	0
Bt24	25	21	26	4.3	1	0
Bt25	39	24	15	4.15	1	0
Bt26	27	23	24	2.94	1	0
Bt27	39	27	16	7.63	1	0
Bt28	57	15	20	3.44	1	0
Bt29	35	26	19	10.65	1	0
Bt30	40	29	16	5.037	1	0
Bt31	40	33	17	6.77	1	0
Bt32	41	20	29	3.42	1	0
Bt33	38	37	20	7.568	1	0

DEMANDS PER CUSTOMER
i	Type Quantity
1	Bt9 1	
2	Bt9 1	
3	Bt18 1	
4	Bt4 1	
5	Bt6 1	
6	Bt23 1	
7	Bt4 1	
8	Bt4 1	Bt24 1	
9	Bt23 1	
10	Bt3 1	
11	Bt10 2	Bt6 1	
12	Bt3 1	Bt8 1	Bt9 1	Bt4 3	
13	Bt6 1	
14	Bt32 1	
15	Bt4 1	Bt6 1	
16	Bt10 2	
17	Bt10 1	Bt6 1	Bt4 1	
18	Bt3 1	
19	Bt6 2	Bt5 1	
20	Bt23 1	Bt11 1	
21	Bt11 1	
22	Bt33 1	Bt4 1	
23	Bt9 1	
24	Bt4 1	
25	Bt10 1	
26	Bt6 1	
27	Bt6 1	
28	Bt8 1	
29	Bt4 1	
30	Bt3 1	
31	Bt6 1	
32	Bt30 2	
33	Bt6 4	Bt22 1	Bt10 2	Bt4 2	Bt3 1	
34	Bt2 1	
35	Bt26 1	
36	Bt4 1	
37	Bt27 1	Bt4 1	
38	Bt3 1	
39	Bt6 2	Bt10 1	Bt16 1	Bt4 1	
40	Bt10 1	
41	Bt8 1	
42	Bt4 2	
43	Bt4 1	Bt10 1	Bt27 1	Bt22 1	Bt8 1	
44	Bt22 1	Bt9 1	Bt23 1	Bt4 1	
45	Bt10 1	
46	Bt6 1	Bt10 1	
47	Bt10 1	
48	Bt10 1	
49	Bt9 1	
50	Bt4 1	
51	Bt4 1	
52	Bt6 1	
53	Bt12 1	Bt31 1	Bt3 3	Bt29 1	
54	Bt6 1	
55	Bt4 1	
56	Bt4 1	
57	Bt6 1	
58	Bt9 1	Bt16 1	
59	Bt12 1	
60	Bt4 2	
61	Bt6 1	
62	Bt22 1	
63	Bt4 1	
64	Bt6 1	Bt23 1	Bt4 1	
65	Bt7 1	Bt27 1	Bt15 1	Bt3 1	
66	Bt19 1	Bt4 1	Bt12 1	Bt21 1	
67	Bt4 2	Bt9 1	Bt11 1	Bt12 1	
68	Bt28 1	Bt9 2	Bt8 1	Bt4 6	Bt2 1	Bt1 1	Bt6 2	Bt18 1	Bt19 1	Bt16 1	
69	Bt2 1	Bt10 1	
70	Bt4 1	Bt5 1	
71	Bt17 1	Bt6 1	Bt12 1	
72	Bt28 1	Bt11 1	Bt10 1	Bt6 1	
73	Bt4 1	
74	Bt16 1	
75	Bt20 3	
76	Bt6 1	
77	Bt4 1	
78	Bt10 1	
79	Bt3 2	
80	Bt7 1	
81	Bt26 1	Bt4 1	
82	Bt4 2	Bt8 1	Bt9 1	Bt28 1	
83	Bt10 1	
84	Bt6 2	
85	Bt8 1	Bt3 1	Bt6 1	Bt4 2	
86	Bt8 2	Bt10 1	Bt4 1	
87	Bt6 1	
88	Bt14 1	
89	Bt6 1	Bt9 1	
90	Bt4 1	
91	Bt11 1	Bt7 1	
92	Bt12 1	
93	Bt6 1	
94	Bt6 1	
95	Bt32 1	
96	Bt4 1	
97	Bt6 1	
98	Bt6 1	
99	Bt4 1	
100	Bt16 1	
101	Bt8 1	Bt4 1	
102	Bt10 1	
103	Bt6 1	
104	Bt12 1	
105	Bt6 1	
106	Bt8 1	
107	Bt9 1	Bt20 1	Bt8 1	
108	Bt6 1	
109	Bt4 2	
110	Bt13 1	
111	Bt9 1	
112	Bt10 1	Bt12 1	Bt4 1	
113	Bt9 1	
114	Bt4 1	
115	Bt12 1	
116	Bt25 1	Bt4 1	

DISTANCE MATRIX
0.0 1534.2 1447.5 1420.0 1480.4 1731.9 1525.3 1528.6 1488.6 1430.0 1503.6 1396.0 1378.7 1708.3 1639.1 1410.7 1402.9 1627.2 1465.1 1593.7 1525.9 1422.7 1647.2 1503.5 1395.4 1545.7 1438.0 1613.4 1449.2 1548.1 1442.4 1530.6 1507.6 1336.1 1521.8 1726.1 1444.4 1540.6 1481.7 1324.3 1470.4 1444.8 1505.7 1345.3 1480.6 1514.3 1689.4 1474.3 1306.7 1508.4 1729.0 1610.3 1535.7 1513.2 1478.6 1412.8 1400.4 1540.4 1562.0 1512.2 1500.3 1560.5 1554.5 1522.8 1655.3 1484.8 1382.8 1696.0 1457.7 1421.6 1597.9 1663.0 1467.4 1443.7 1635.1 1509.8 1641.1 1640.4 1403.2 1523.8 1653.4 1437.2 1422.2 1422.3 1517.3 1413.3 1626.6 1541.5 1571.6 1682.7 1498.1 1694.8 1652.9 1500.8 1391.9 1437.5 1487.7 1597.4 1366.1 1316.8 1521.6 1658.1 1423.9 1493.2 1458.3 1473.5 1395.3 1513.1 1465.5 1562.9 1570.9 1647.0 1501.0 1583.7 1663.5 1429.4 1451.5
1662.9 0.0 294.8 124.5 134.4 316.2 158.0 218.0 178.0 261.8 379.4 342.5 362.8 292.6 142.0 266.6 143.2 216.8 263.1 283.1 318.1 220.7 195.0 192.9 370.0 11.4 304.3 188.6 237.4 383.8 91.7 366.3 140.3 242.3 248.5 229.4 284.7 376.3 128.8 253.1 159.8 109.8 105.3 233.5 298.2 147.0 192.3 203.8 270.6 141.1 313.3 311.2 168.4 145.4 186.0 210.8 271.2 173.1 137.2 144.9 558.5 408.0 390.2 10.1 356.2 244.8 209.5 280.3 198.4 159.4 173.1 288.6 206.8 214.9 222.4 199.2 342.0 266.0 251.6 341.4 354.3 246.2 248.8 270.7 334.9 328.1 280.8 174.2 146.8 363.7 98.5 198.1 190.0 190.2 262.7 271.5 305.3 310.3 247.5 260.3 154.3 271.7 248.1 112.2 136.5 162.9 243.7 196.6 89.6 398.6 203.6 259.0 431.4 158.9 247.8 201.8 231.9
1550.1 248.6 0.0 134.4 189.1 466.8 239.7 164.5 124.5 25.1 350.5 311.4 294.1 443.2 341.0 72.3 117.3 367.4 155.8 229.6 387.5 113.4 345.6 139.4 257.2 260.1 263.9 327.8 79.2 429.2 156.8 411.7 222.0 129.5 143.5 368.6 111.0 421.7 196.1 140.3 179.1 159.2 220.1 120.7 124.5 228.7 391.3 188.1 157.8 222.8 463.9 491.4 250.1 215.1 175.1 103.5 219.2 254.8 276.4 226.6 375.2 379.1 435.6 237.2 536.4 106.5 143.9 430.9 125.8 130.3 312.3 439.2 79.4 157.5 349.5 145.7 522.2 416.6 214.3 167.7 534.5 99.5 211.5 233.4 161.2 328.7 450.3 255.9 286.0 514.3 212.5 337.3 340.6 136.7 210.7 57.2 131.6 478.5 184.9 147.5 236.0 422.3 138.3 228.8 167.0 180.9 206.4 125.1 179.9 444.0 285.3 470.7 375.9 298.1 398.4 212.9 53.2
1500.1 114.1 131.9 0.0 118.1 332.3 105.2 225.5 213.8 114.4 289.0 252.1 272.4 308.7 216.0 113.1 18.6 232.9 88.1 290.6 274.3 74.9 211.1 228.7 207.2 125.6 213.9 193.3 168.5 294.7 22.3 277.2 87.5 79.5 206.2 234.1 128.8 287.2 61.6 90.3 172.8 24.7 85.6 70.7 168.0 94.2 266.3 106.6 107.8 88.3 329.4 356.9 115.6 204.5 181.0 87.7 146.6 120.3 141.9 92.1 397.3 317.6 301.1 102.7 401.9 169.2 84.9 296.4 160.1 124.0 177.8 304.7 168.7 155.1 215.0 235.0 387.7 282.1 127.0 208.2 400.0 121.6 124.2 146.1 201.7 237.7 315.8 121.4 151.5 379.8 78.0 202.8 206.1 226.0 138.1 146.5 172.1 344.0 122.9 97.5 101.5 287.8 45.2 94.3 118.6 175.9 119.1 214.4 45.4 309.5 150.8 336.2 341.0 163.6 263.9 77.2 142.5
1558.7 128.1 192.6 161.0 0.0 365.2 206.7 197.0 157.0 159.6 347.6 310.7 331.0 341.6 191.0 124.5 143.9 265.8 158.9 262.1 332.9 116.5 244.0 171.9 265.8 139.6 272.5 237.6 136.2 420.7 140.4 403.2 189.0 138.1 227.5 278.4 205.1 413.2 73.7 148.9 138.8 105.0 44.5 129.3 218.6 195.7 241.3 141.3 166.4 189.8 362.3 360.2 217.1 124.4 141.0 106.6 227.8 221.8 186.2 193.6 440.3 376.2 427.1 116.7 405.2 223.8 152.5 329.3 177.4 84.0 222.1 337.6 185.8 110.7 271.4 178.2 391.0 315.0 222.9 261.8 403.3 198.2 220.1 242.0 255.3 296.3 329.8 222.9 195.8 412.7 147.2 247.1 239.0 169.2 219.3 151.3 225.7 359.3 193.5 156.1 203.0 320.7 143.9 26.5 20.5 141.9 215.0 175.6 84.8 435.5 252.3 308.0 399.6 207.9 296.8 199.1 148.7
1865.5 316.8 486.5 354.5 371.4 0.0 296.6 455.0 415.0 498.8 541.6 504.7 525.0 83.7 200.0 503.6 373.2 134.2 500.1 520.1 480.3 457.7 154.2 429.9 457.9 305.0 466.5 220.5 474.4 269.3 357.1 214.9 265.4 434.1 485.5 233.1 521.7 207.8 422.2 444.9 396.8 403.2 342.3 425.3 538.2 258.9 278.0 482.5 462.4 302.5 65.7 213.9 273.5 382.4 423.0 447.8 501.2 311.7 213.8 306.3 634.3 570.2 193.9 326.9 258.9 481.8 439.5 46.6 435.4 396.4 233.4 191.3 443.8 451.9 254.3 436.2 244.7 168.7 481.6 578.4 257.0 476.2 478.8 500.7 571.9 490.3 120.1 311.3 204.2 266.4 313.0 201.8 159.9 427.2 492.7 508.5 542.3 151.4 477.5 452.1 251.6 92.1 485.1 385.6 392.0 399.9 473.7 433.6 383.0 284.1 318.5 140.5 593.6 192.1 93.2 431.8 468.9
1591.3 168.4 237.9 105.9 218.7 314.0 0.0 317.0 277.0 220.4 293.0 256.1 276.4 290.4 210.3 219.1 124.6 214.6 194.1 382.1 231.7 180.9 192.8 291.9 209.3 167.0 217.9 143.5 274.5 312.0 108.5 294.5 50.3 185.5 312.2 215.8 234.8 304.5 197.8 196.3 258.8 178.8 190.5 176.7 274.0 57.0 229.1 218.3 213.8 53.9 311.1 309.0 78.4 244.4 285.0 193.7 252.6 15.0 119.9 57.7 385.7 321.6 318.4 157.0 354.0 275.2 190.9 278.1 297.4 258.4 94.0 286.4 274.7 295.7 109.7 298.2 339.8 263.8 233.0 314.2 352.1 227.6 230.2 252.1 307.7 241.7 297.5 16.1 133.2 361.5 64.4 184.5 187.8 289.2 244.1 252.5 278.1 328.8 228.9 203.5 64.3 269.5 151.2 181.2 205.5 261.9 225.1 320.4 158.6 326.8 45.5 317.9 345.0 145.3 245.6 183.2 248.5
1599.6 217.0 179.5 255.3 217.1 433.4 295.8 0.0 43.9 146.5 315.7 276.6 259.3 409.8 259.2 136.2 238.2 334.0 253.2 66.5 352.7 210.8 312.2 27.4 360.1 205.2 318.6 305.8 122.1 483.8 277.7 429.4 264.6 232.4 74.7 346.6 110.9 448.5 243.0 243.2 96.7 280.1 196.1 223.6 178.1 258.1 309.5 235.6 260.7 343.7 430.5 428.4 235.9 133.3 99.5 200.9 322.1 310.9 254.4 347.5 340.4 344.3 462.4 227.1 473.4 71.0 246.8 397.5 112.9 149.5 290.3 405.8 91.5 205.0 339.6 22.6 459.2 383.2 317.2 147.1 471.5 125.2 314.4 336.3 153.6 293.9 398.0 312.0 264.0 480.9 333.4 315.3 307.2 29.4 313.6 109.9 173.7 427.5 287.8 250.4 250.8 388.9 238.2 170.9 195.0 60.1 309.3 61.3 272.7 498.6 341.4 376.2 341.1 276.1 365.0 293.4 116.6
1609.0 173.0 178.1 211.3 173.1 389.4 251.8 39.9 0.0 145.1 355.7 320.6 299.3 365.8 215.2 131.9 194.2 290.0 209.2 105.0 392.7 166.8 268.2 14.8 316.1 161.2 358.6 261.8 78.1 439.8 233.7 385.4 220.6 188.4 70.4 302.6 106.6 402.3 199.0 199.2 52.7 236.1 152.1 179.6 120.1 214.1 265.5 191.6 216.7 299.7 386.5 384.4 191.9 89.3 55.5 156.9 278.1 266.9 210.4 303.5 385.9 384.3 418.4 183.1 429.4 66.7 202.8 353.5 68.9 105.5 246.3 361.8 47.5 161.0 295.6 21.1 415.2 339.2 273.2 163.3 427.5 120.9 270.4 292.3 156.8 337.8 354.0 268.0 220.0 435.3 289.4 267.7 263.2 12.1 269.6 105.6 127.2 383.5 243.8 206.4 206.8 344.9 194.2 126.9 151.0 16.1 265.3 17.3 228.7 454.6 297.4 332.2 387.5 232.1 321.0 249.4 72.6
1520.4 218.9 32.9 104.7 163.9 437.1 210.0 139.3 99.3 0.0 320.8 281.7 264.4 413.5 315.8 47.1 87.6 337.7 130.6 204.4 357.8 88.2 315.9 114.2 227.5 230.4 234.2 298.1 54.0 399.5 127.1 382.0 192.3 99.8 118.3 338.9 85.8 392.0 166.4 110.6 153.9 129.5 190.4 91.0 99.3 199.0 366.1 162.9 128.1 193.1 434.2 461.7 220.4 189.9 149.9 78.3 189.5 225.1 246.7 196.9 345.5 349.4 405.9 207.5 506.7 81.3 114.2 401.2 100.6 105.1 282.6 409.5 54.2 132.3 319.8 120.5 492.5 386.9 184.6 142.5 504.8 69.8 181.8 203.7 136.0 299.0 420.6 226.2 256.3 484.6 182.8 307.6 310.9 111.5 181.0 32.0 106.4 448.8 155.2 117.8 206.3 392.6 108.6 199.1 141.8 155.7 176.7 99.9 150.2 414.3 255.6 441.0 346.2 268.4 368.7 187.7 28.0
1464.2 385.5 316.5 290.1 349.4 535.8 308.7 330.4 357.6 299.0 0.0 53.6 56.1 512.2 419.5 279.7 308.8 436.4 334.1 433.7 129.7 291.7 414.6 372.5 141.6 397.0 95.6 396.8 318.2 474.4 325.6 456.9 291.0 205.1 349.3 437.6 271.9 466.9 350.7 193.3 339.4 313.8 407.6 214.3 308.1 297.7 469.8 343.3 175.7 291.8 532.9 530.8 319.1 382.2 347.6 281.8 269.4 323.8 345.4 295.6 90.8 56.8 480.8 374.1 575.8 312.3 251.8 499.9 326.7 290.6 381.3 508.2 336.4 312.7 418.5 378.8 561.6 485.6 272.2 338.0 573.9 257.8 291.2 291.3 344.5 70.9 519.3 324.9 355.0 583.3 281.5 406.3 409.6 369.8 260.9 306.5 315.2 523.7 235.1 185.8 305.0 491.3 292.9 398.3 327.3 342.5 264.3 382.1 375.7 489.2 354.3 539.7 51.9 367.1 467.4 298.4 320.5
1435.6 331.8 262.8 236.4 295.7 482.1 255.0 343.9 306.4 245.3 36.8 0.0 18.1 458.5 365.8 228.5 257.6 385.2 280.4 409.0 72.0 238.0 360.9 318.8 87.9 343.3 41.9 343.1 264.5 420.7 271.9 403.2 233.3 153.9 337.1 383.9 259.7 415.7 297.0 139.6 285.7 260.1 356.4 160.6 291.9 244.0 416.1 289.6 122.0 238.1 479.2 477.1 265.4 324.5 293.9 228.1 215.7 270.1 291.7 241.9 127.4 65.4 427.1 320.4 522.1 296.1 194.1 448.7 273.0 232.9 330.1 457.0 278.7 259.0 364.8 321.1 507.9 431.9 218.5 341.6 520.2 248.5 233.5 237.6 328.6 17.1 461.6 271.2 301.3 532.1 227.8 355.1 355.9 316.1 207.2 252.8 303.0 470.0 181.4 132.1 251.3 440.1 239.2 344.6 273.6 288.8 210.6 328.4 322.0 435.5 300.6 486.0 82.4 313.4 413.7 244.7 266.8
1452.9 349.1 280.1 253.7 313.0 499.4 272.3 361.2 321.2 262.6 56.3 17.2 0.0 475.8 383.1 250.9 272.4 400.0 297.7 426.3 93.3 255.3 378.2 336.1 105.2 360.6 59.2 360.4 281.8 438.0 289.2 420.5 254.6 168.7 293.1 401.2 215.7 428.3 314.3 156.9 303.0 277.4 371.2 177.9 251.9 261.3 433.4 306.9 139.3 255.4 496.5 494.4 282.7 345.8 311.2 245.4 233.0 287.4 309.0 259.2 114.7 84.9 444.4 337.7 539.4 256.1 215.4 464.9 290.3 254.2 344.9 471.8 300.0 276.3 382.1 342.4 525.2 449.2 235.8 281.8 537.5 201.6 254.8 254.9 288.3 38.4 482.9 288.5 318.6 545.3 245.1 369.9 373.2 333.4 224.5 270.1 259.0 487.3 198.7 149.4 268.6 459.0 256.5 361.9 290.9 306.1 227.9 345.7 339.3 452.8 317.9 503.3 120.7 330.7 431.0 262.0 284.1
1838.6 289.9 459.6 327.6 344.5 60.4 269.7 428.1 388.1 471.9 514.7 477.8 498.1 0.0 173.1 476.7 346.3 107.3 473.2 493.2 453.4 430.8 127.3 403.0 431.0 278.1 439.6 193.6 447.5 242.4 330.2 188.0 238.5 407.2 458.6 206.2 494.8 180.9 395.3 418.0 369.9 376.3 315.4 398.4 508.3 232.0 251.1 455.6 435.5 275.6 39.5 187.0 246.6 355.5 396.1 420.9 474.3 284.8 186.9 279.4 607.4 543.3 167.0 300.0 232.0 454.9 412.6 24.5 408.5 369.5 206.5 164.4 416.9 425.0 227.4 409.3 217.8 141.8 454.7 551.5 230.1 449.3 451.9 473.8 545.0 463.4 93.2 284.4 177.3 239.5 286.1 174.9 133.0 400.3 465.8 481.6 515.4 124.5 450.6 425.2 224.7 65.2 458.2 358.7 365.1 373.0 446.8 406.7 356.1 257.2 291.6 113.6 566.7 165.2 66.3 404.9 442.0
1699.8 116.7 331.7 191.2 171.3 174.1 133.3 254.9 214.9 298.7 378.3 341.4 361.7 150.5 0.0 303.5 209.9 74.7 300.0 320.0 317.0 257.6 52.9 229.8 294.6 104.9 303.2 143.3 274.3 224.5 208.5 170.1 102.1 279.2 285.4 123.5 321.6 189.2 222.1 290.0 196.7 203.1 142.2 270.4 338.1 95.6 50.2 282.4 307.5 139.2 171.2 169.1 73.4 182.3 222.9 247.7 368.9 148.4 91.9 143.0 471.0 406.9 203.1 126.8 214.1 281.7 293.6 138.2 235.3 196.3 127.8 146.5 243.7 251.8 177.1 236.1 199.9 123.9 318.3 378.3 212.2 335.9 315.5 337.4 371.8 327.0 138.7 149.5 101.5 221.6 149.7 92.2 47.9 227.1 360.4 308.4 342.2 168.2 334.6 297.2 88.3 129.6 285.0 185.5 191.9 199.8 310.4 233.5 182.9 239.3 178.9 116.9 430.3 113.6 105.7 268.5 268.8
1501.2 216.8 68.0 102.6 116.7 435.0 207.9 132.3 112.0 35.0 290.1 310.7 289.4 411.4 275.4 0.0 119.5 343.2 83.4 197.4 382.8 41.0 321.4 126.9 208.3 228.3 215.0 296.0 66.7 397.4 125.0 379.9 197.8 80.6 113.0 336.8 80.5 387.7 164.3 99.0 106.7 127.4 191.3 79.4 89.4 196.9 333.3 110.6 108.9 191.0 432.1 459.6 218.3 149.5 114.9 31.1 209.9 223.0 244.6 194.8 376.0 318.7 403.8 205.4 504.6 76.0 102.6 399.1 101.6 65.5 280.5 415.0 66.9 80.0 317.7 125.6 490.4 384.8 190.3 141.5 502.7 94.8 195.1 209.4 130.7 234.9 426.1 224.1 254.2 480.9 180.7 301.9 308.8 124.2 201.4 26.7 101.1 446.7 136.0 98.6 204.2 394.6 68.4 129.5 94.6 109.8 182.4 112.6 148.1 419.8 253.5 392.4 382.0 266.3 366.6 140.5 40.7
1481.4 131.2 113.2 17.0 135.2 349.4 122.3 206.8 195.1 95.7 270.3 230.2 249.3 325.8 233.1 105.5 0.0 250.0 63.8 267.5 251.2 50.6 228.2 210.0 188.5 142.7 195.2 210.4 149.8 311.8 39.4 294.3 104.6 56.4 187.5 251.2 110.1 302.1 78.7 67.2 154.1 41.8 105.7 52.0 144.9 111.3 283.4 123.7 89.1 105.4 346.5 374.0 132.7 224.8 162.3 63.4 150.5 137.4 162.2 109.2 384.1 298.9 318.2 119.8 419.0 146.1 70.8 313.5 137.0 105.3 194.9 321.8 145.6 172.2 232.1 216.3 404.8 299.2 145.6 193.8 417.1 98.5 138.4 164.7 178.6 210.7 336.1 138.5 168.6 395.3 95.1 216.3 223.2 207.3 142.0 124.7 153.4 361.1 116.2 78.8 118.6 309.0 20.9 111.4 135.7 157.2 137.7 195.7 62.5 329.8 167.9 353.3 311.5 180.7 281.0 72.9 123.8
1745.9 182.5 352.2 220.2 237.1 99.3 162.3 320.7 280.7 364.5 407.3 370.4 390.7 75.7 65.7 369.3 243.3 0.0 365.8 385.8 346.0 323.4 19.9 295.6 323.6 170.7 332.2 86.2 340.1 149.7 222.8 95.3 131.1 299.8 351.2 98.8 387.4 112.2 287.9 310.6 262.5 268.9 208.0 291.0 400.9 124.6 240.7 348.2 328.1 168.2 96.4 94.3 139.2 248.1 288.7 313.5 366.9 177.4 79.5 172.0 500.0 435.9 128.3 192.6 139.3 347.5 305.2 64.8 301.1 262.1 99.1 71.7 309.5 317.6 120.0 301.9 125.1 49.1 347.3 448.4 137.4 341.9 344.5 366.4 437.6 352.1 82.8 177.0 69.9 145.2 178.7 67.5 25.6 292.9 358.4 374.2 408.0 114.1 343.2 317.8 117.3 58.9 350.8 251.3 257.7 265.6 339.4 299.3 248.7 164.5 184.2 103.2 448.5 57.8 30.9 297.5 334.6
1534.1 201.2 150.0 87.0 205.2 419.4 192.3 214.3 194.0 117.0 323.0 286.1 306.4 395.8 303.1 81.9 119.3 320.0 0.0 279.4 308.3 34.6 298.2 208.9 241.2 212.7 247.9 280.4 148.7 381.8 109.4 364.3 174.6 113.5 195.0 321.2 162.5 374.3 148.7 124.3 159.6 111.8 172.7 104.7 176.0 181.3 353.4 193.7 141.8 175.4 416.5 444.0 202.7 202.4 167.8 47.4 194.3 207.4 229.0 179.2 415.7 351.6 388.2 189.8 489.0 158.0 127.9 383.5 146.9 110.8 264.9 391.8 148.9 132.9 302.1 215.2 474.8 369.2 174.7 219.2 487.1 176.8 171.9 193.8 212.7 271.7 402.9 208.5 238.6 466.9 165.1 289.9 293.2 206.2 185.8 108.7 183.1 431.1 168.9 131.5 188.6 374.9 52.8 181.4 205.7 162.7 166.8 194.6 132.5 396.6 237.9 423.3 375.0 250.7 351.0 124.9 122.7
1660.3 224.3 186.8 262.6 224.4 440.7 303.1 36.1 51.2 153.8 351.9 312.8 295.5 417.1 266.5 135.9 242.3 341.3 260.5 0.0 388.9 218.1 319.5 34.7 367.4 212.5 354.8 313.1 129.4 491.1 285.0 436.7 271.9 239.7 82.0 353.9 118.2 453.6 250.3 250.5 104.0 287.4 200.2 230.9 131.7 265.4 316.8 242.9 268.0 351.0 437.8 435.7 243.2 140.6 106.8 208.2 329.4 318.2 261.7 354.8 376.6 380.5 469.7 234.4 480.7 78.3 254.1 404.8 120.2 156.8 297.6 413.1 98.8 212.3 346.9 29.9 466.5 390.5 324.5 179.0 478.8 132.5 321.7 343.6 168.4 334.0 405.3 319.3 271.3 488.2 340.7 322.6 314.5 36.7 320.9 117.2 138.8 434.8 295.1 257.7 258.1 400.3 245.5 178.2 202.3 67.4 316.6 68.6 280.0 505.9 348.7 383.5 377.3 283.4 372.3 300.7 123.9
1359.5 273.4 186.7 159.2 219.6 528.4 260.7 267.8 227.8 169.2 168.4 128.3 151.8 504.8 378.3 149.9 138.9 423.7 204.3 332.9 0.0 161.9 366.6 242.7 86.6 284.9 93.3 348.8 188.4 344.6 181.6 327.1 243.0 75.3 261.0 389.6 183.6 337.1 220.9 63.5 209.6 184.0 244.9 84.5 219.8 249.7 428.6 213.5 45.9 243.8 525.5 406.8 271.1 252.4 217.8 152.0 139.6 275.8 297.4 247.6 245.5 197.0 351.0 262.0 451.8 224.0 122.0 492.5 196.9 160.8 333.3 459.5 206.6 182.9 370.5 249.0 437.6 436.9 142.4 267.3 449.9 176.4 161.4 161.5 256.5 113.2 423.1 276.9 307.0 477.6 233.5 354.7 361.6 240.0 131.1 176.7 226.9 393.9 105.3 56.0 257.0 448.2 163.1 232.4 197.5 212.7 134.5 252.3 204.7 359.4 306.3 443.5 209.6 319.1 460.0 168.6 190.7
1499.4 175.7 115.3 61.5 179.7 393.9 166.8 179.6 159.3 82.3 288.3 251.4 271.7 370.3 277.6 47.2 84.6 294.5 42.3 244.7 273.6 0.0 272.7 174.2 206.5 187.2 213.2 254.9 114.0 356.3 83.9 338.8 149.1 78.8 160.3 295.7 127.8 348.8 123.2 89.6 124.9 86.3 147.2 70.0 144.3 155.8 327.9 168.2 107.1 149.9 391.0 418.5 177.2 167.7 133.1 12.8 168.5 181.9 203.5 153.7 381.0 316.9 362.7 164.3 463.5 123.3 93.2 358.0 112.2 76.1 239.4 366.3 114.2 98.2 276.6 180.5 449.3 343.7 149.2 184.5 461.6 142.1 146.4 168.3 178.0 237.0 377.4 183.0 213.1 441.4 139.6 264.4 267.7 171.5 160.0 74.0 148.4 405.6 134.2 96.8 163.1 349.4 27.3 155.9 180.2 128.0 141.3 159.9 107.0 371.1 212.4 397.8 340.3 225.2 325.5 99.4 88.0
1684.6 161.5 331.2 199.2 216.1 120.1 141.3 299.7 259.7 343.5 386.3 346.2 369.7 96.5 44.7 348.3 217.9 20.7 344.8 364.8 325.0 302.4 0.0 274.6 302.6 149.7 311.2 65.2 319.1 170.5 201.8 116.1 110.1 278.8 330.2 77.8 366.4 133.0 266.9 289.6 241.5 247.9 187.0 270.0 379.9 103.6 200.4 327.2 307.1 147.2 117.2 115.1 118.2 227.1 267.7 292.5 345.9 156.4 58.5 151.0 463.4 414.9 149.1 171.6 160.1 326.5 284.2 84.2 280.1 241.1 78.1 92.5 288.5 296.6 99.0 280.9 145.9 69.9 326.3 427.4 158.2 320.9 323.5 345.4 416.6 331.1 103.6 156.0 48.9 166.0 157.7 42.9 4.6 271.9 337.4 353.2 387.0 134.9 322.2 296.8 96.3 75.6 329.8 230.3 236.7 244.6 318.4 278.3 227.7 185.3 163.2 124.0 427.5 36.8 51.7 276.5 313.6
1624.7 189.5 163.2 211.1 189.6 405.9 268.3 25.0 16.4 130.2 340.8 301.7 284.4 382.3 231.7 117.0 194.0 306.5 200.5 90.1 377.8 158.1 284.7 0.0 332.6 177.7 343.7 278.3 94.6 456.3 233.5 401.9 237.1 204.9 55.5 319.1 91.7 421.0 215.5 215.7 69.2 235.9 168.6 196.1 105.2 230.6 282.0 208.1 233.2 299.5 403.0 400.9 208.4 105.8 72.0 148.2 294.6 283.4 226.9 303.3 365.5 369.4 434.9 199.6 445.9 51.8 219.3 370.0 85.4 122.0 262.8 378.3 64.0 177.5 312.1 6.3 431.7 355.7 289.7 148.4 444.0 106.0 286.9 308.8 141.9 319.0 370.5 284.5 236.5 453.4 289.2 287.8 279.7 2.0 286.1 90.7 112.3 400.0 260.3 222.9 223.3 361.4 185.5 143.4 167.5 32.6 281.8 33.8 245.2 471.1 313.9 348.7 366.2 248.6 337.5 257.6 115.9
1426.6 268.5 305.1 173.1 318.8 418.8 191.7 398.7 294.9 287.6 128.3 91.4 111.7 395.2 302.5 217.0 191.8 319.4 261.3 463.8 67.0 248.1 297.6 309.8 0.0 280.0 53.2 279.8 341.7 399.2 208.6 381.7 174.0 142.4 379.4 320.6 302.0 391.7 240.5 130.6 276.7 203.6 290.6 151.6 338.2 180.7 352.8 285.5 113.0 174.8 415.9 413.8 202.1 368.1 284.9 260.9 319.8 206.8 228.4 178.6 221.0 156.9 405.6 257.1 458.8 342.4 258.1 382.9 264.0 227.9 264.3 391.2 341.9 334.0 301.5 316.1 444.6 368.6 300.2 381.4 456.9 294.8 297.4 319.3 374.9 77.0 402.3 207.9 238.0 466.3 164.5 289.3 292.6 307.1 311.3 319.7 345.3 448.5 296.1 123.1 188.0 374.3 218.4 281.3 305.6 279.8 292.3 387.6 258.7 414.0 237.3 422.7 180.3 250.1 350.4 250.4 315.7
1650.3 10.6 282.2 135.2 121.8 303.6 168.7 205.4 165.4 249.2 390.1 353.2 373.5 280.0 129.4 254.0 153.9 204.2 250.5 270.5 328.8 208.1 182.4 180.3 357.4 0.0 315.0 176.0 224.8 394.5 102.4 377.0 151.0 229.7 235.9 216.8 272.1 387.0 139.5 240.5 147.2 120.5 92.7 220.9 288.6 157.7 179.7 214.5 258.0 151.8 300.7 298.6 179.1 132.8 173.4 198.2 319.4 183.8 124.6 155.6 545.9 418.7 400.9 20.7 343.6 232.2 244.1 267.7 185.8 146.8 160.5 276.0 194.2 202.3 209.8 186.6 329.4 253.4 262.3 328.8 341.7 286.4 259.5 281.4 322.3 338.8 268.2 184.9 134.2 351.1 109.2 185.5 177.4 177.6 310.9 258.9 292.7 297.7 285.1 247.7 165.0 259.1 235.5 122.9 142.4 150.3 254.4 184.0 100.3 409.3 214.3 246.4 546.6 146.3 235.2 212.5 219.3
1393.6 289.8 220.8 194.4 253.7 440.1 213.0 301.9 261.9 203.3 75.0 38.1 58.4 416.5 323.8 184.0 213.1 340.7 238.4 367.0 34.0 196.0 318.9 276.8 45.9 301.3 0.0 301.1 222.5 378.7 229.9 361.2 195.3 109.4 295.1 341.9 217.7 371.2 255.0 97.6 243.7 218.1 311.9 118.6 256.9 202.0 374.1 247.6 80.0 196.1 437.2 435.1 223.4 286.5 251.9 186.1 173.7 228.1 249.7 199.9 167.7 103.6 385.1 278.4 480.1 258.1 156.1 404.2 231.0 194.9 285.6 412.5 240.7 217.0 322.8 283.1 465.9 389.9 176.5 297.1 478.2 210.5 195.5 195.6 290.6 23.7 423.6 229.2 259.3 487.6 185.8 310.6 313.9 274.1 165.2 210.8 261.0 428.0 139.4 90.1 209.3 395.6 197.2 302.6 231.6 246.8 168.6 286.4 280.0 393.5 258.6 444.0 127.0 271.4 371.7 202.7 224.8
1667.4 220.1 314.0 182.0 274.7 207.0 124.1 358.3 318.3 296.5 369.1 332.2 352.5 183.4 103.3 295.2 200.7 107.6 270.2 423.4 307.8 257.0 85.8 333.2 285.4 208.3 294.0 0.0 377.7 257.4 184.6 203.0 92.9 261.6 388.8 108.8 310.9 222.1 273.9 272.4 300.1 254.9 245.6 252.8 347.1 86.4 259.0 294.4 289.9 130.0 204.1 202.0 76.4 285.7 326.3 351.1 328.7 137.6 41.3 133.8 461.8 397.7 236.0 230.2 247.0 385.1 267.0 171.1 338.7 299.7 60.9 179.4 347.1 355.2 33.7 339.5 232.8 156.8 309.1 390.3 245.1 303.7 306.3 328.2 383.8 317.8 190.5 138.8 31.7 254.5 140.5 77.5 80.8 330.5 320.2 328.6 354.2 221.8 305.0 279.6 79.1 162.5 227.3 288.9 295.3 303.2 301.2 336.9 234.7 272.2 97.9 210.9 421.1 38.3 138.6 259.3 324.6
1544.8 274.8 95.9 167.7 133.5 454.5 273.0 103.8 63.8 62.9 333.7 344.7 327.4 430.9 280.3 67.7 150.6 355.1 151.2 168.9 420.8 108.8 333.3 78.7 251.9 286.3 258.6 361.1 0.0 462.5 190.1 445.0 255.3 124.2 134.3 401.9 126.4 455.0 201.4 135.0 128.0 164.5 178.1 115.4 139.9 262.0 330.6 109.4 152.5 256.1 451.6 449.5 283.4 154.4 114.4 98.9 213.9 288.1 309.7 259.9 408.5 362.3 468.9 263.4 494.5 130.6 138.6 418.6 47.1 74.7 345.6 426.9 18.7 78.8 382.8 85.0 480.3 404.3 209.0 183.1 492.6 132.8 206.2 228.1 176.6 282.4 419.1 289.2 319.3 502.0 245.8 370.6 328.3 76.0 205.4 72.6 147.0 511.8 179.6 142.2 269.3 410.0 136.2 146.3 111.4 102.2 201.1 64.4 185.2 477.3 318.6 397.3 409.2 331.4 386.1 208.3 33.0
1653.7 339.2 508.9 376.9 393.8 261.3 319.0 477.4 437.4 521.2 495.1 458.2 478.5 237.7 222.4 526.0 395.6 156.6 522.5 542.5 460.0 480.1 176.6 452.3 413.3 327.4 420.0 242.9 496.8 0.0 379.5 60.0 287.8 426.0 507.9 255.5 544.1 70.0 444.6 414.2 419.2 425.6 364.7 447.7 560.6 281.3 335.2 504.9 396.6 324.9 258.4 139.7 295.9 404.8 445.4 470.2 523.6 334.1 236.2 328.7 587.8 523.7 83.9 349.3 184.7 504.2 461.9 225.4 457.8 418.8 255.8 192.4 466.2 474.3 276.7 458.6 170.5 169.8 504.0 600.8 182.8 498.6 501.2 523.1 594.3 443.8 156.0 333.7 226.6 212.1 335.4 224.2 182.3 449.6 515.1 530.9 564.7 126.8 499.9 406.7 274.0 187.5 507.5 408.0 414.4 422.3 496.1 456.0 405.4 14.8 340.9 176.4 547.1 214.5 192.9 454.2 491.3
1532.9 91.7 164.7 32.7 142.0 329.6 102.5 287.3 247.3 147.2 291.0 254.1 274.4 306.0 213.3 145.9 51.4 230.2 120.9 352.4 229.7 107.7 208.4 262.2 240.0 103.2 215.9 190.6 201.3 292.0 0.0 274.5 84.8 112.3 239.0 231.4 161.6 284.5 121.1 123.1 229.1 102.1 113.8 103.5 200.8 91.5 263.6 196.1 140.6 85.6 326.7 354.2 112.9 214.7 249.3 120.5 179.4 117.6 139.2 89.4 383.7 319.6 298.4 80.3 399.2 202.0 117.7 293.7 267.7 228.7 175.1 302.0 201.5 219.0 212.3 268.5 385.0 279.4 159.8 241.0 397.3 154.4 157.0 178.9 234.5 239.7 313.1 118.7 148.8 377.1 58.6 200.1 203.4 259.5 170.9 179.3 204.9 341.3 155.7 130.3 98.8 285.1 78.0 104.5 128.8 232.2 151.9 247.2 81.9 306.8 148.1 333.5 343.0 160.9 261.2 110.0 175.3
1650.5 279.1 448.8 316.8 333.7 201.2 258.9 417.3 377.3 461.1 503.9 467.0 487.3 177.6 162.3 465.9 335.5 96.5 462.4 482.4 442.6 420.0 116.5 392.2 410.1 267.3 428.8 182.8 436.7 54.3 319.4 0.0 227.7 396.4 447.8 195.4 484.0 19.0 384.5 407.2 359.1 365.5 304.6 387.6 497.5 221.2 262.9 444.8 424.7 264.8 198.3 88.7 235.8 344.7 385.3 410.1 463.5 274.0 176.1 268.6 596.6 532.5 32.9 289.2 133.7 444.1 401.8 165.3 397.7 358.7 195.7 132.3 406.1 414.2 216.6 398.5 119.5 123.6 443.9 540.7 131.8 438.5 441.1 463.0 534.2 452.6 105.0 273.6 166.5 152.0 275.3 164.1 122.2 389.5 455.0 470.8 504.6 75.8 439.8 414.4 213.9 136.5 447.4 347.9 354.3 362.2 436.0 395.9 345.3 69.1 280.8 125.4 555.9 154.4 132.8 394.1 431.2
1574.4 128.4 221.0 89.0 183.0 244.7 31.1 266.6 226.6 203.5 276.1 241.3 259.5 221.1 128.4 202.2 112.1 145.3 177.2 331.7 214.8 164.0 123.5 241.5 192.4 116.6 201.0 105.7 286.0 295.1 91.6 277.6 0.0 168.6 297.1 146.5 217.9 285.4 180.9 179.4 208.4 161.9 153.9 159.8 257.1 6.6 178.7 201.4 196.9 37.0 241.8 239.7 28.0 194.0 234.6 259.4 235.7 46.2 54.3 40.8 368.8 304.7 301.5 138.5 284.7 293.4 174.0 208.8 247.0 208.0 125.2 217.1 255.4 263.5 140.9 247.8 270.5 194.5 216.1 297.3 282.8 210.7 213.3 235.2 290.8 220.9 228.2 47.3 63.9 290.6 47.5 115.2 118.5 238.8 227.2 235.6 261.2 259.5 212.0 186.6 13.9 200.2 134.3 197.2 203.6 211.5 208.2 245.2 141.7 309.9 76.7 248.6 328.1 76.0 176.3 166.3 231.6
1420.5 198.0 111.3 83.8 144.2 416.2 189.1 192.4 152.4 93.8 209.4 169.3 192.8 392.6 302.9 74.5 66.7 416.7 128.9 257.5 194.7 86.5 295.0 167.3 127.6 209.5 134.3 277.2 113.0 337.6 106.2 320.1 171.4 0.0 185.6 318.0 108.2 330.1 145.5 10.8 134.2 108.6 169.5 9.1 144.4 178.1 353.2 138.1 28.2 172.2 413.3 399.8 199.5 177.0 142.4 76.6 89.6 204.2 225.8 176.0 302.1 238.0 344.0 186.6 444.8 148.6 46.6 380.3 121.5 85.4 261.7 452.5 131.2 107.5 298.9 173.6 430.6 429.9 92.4 187.6 442.9 101.0 111.4 111.5 181.1 154.2 416.1 205.3 235.4 472.2 161.9 283.1 290.0 164.6 81.1 101.3 151.5 386.9 55.3 17.9 185.4 441.2 87.7 157.0 122.1 137.3 84.5 176.9 129.3 352.4 234.7 436.5 250.6 247.5 347.8 93.2 115.3
1595.9 302.9 140.8 188.7 211.4 521.1 294.0 72.4 92.1 107.8 334.6 295.5 278.2 497.5 307.4 94.6 171.6 421.7 178.1 137.5 371.6 135.7 399.9 75.6 303.0 314.4 337.5 382.1 119.5 483.5 211.1 466.0 276.3 175.3 0.0 422.9 69.3 476.0 250.4 186.1 144.9 213.5 274.4 166.5 82.8 283.0 357.7 228.4 203.6 277.1 518.2 545.7 304.4 181.5 147.7 125.8 304.6 309.1 330.7 280.9 359.3 363.2 489.9 291.5 590.7 29.4 189.7 485.2 166.1 152.6 366.6 493.5 119.7 197.8 403.8 70.8 576.5 470.9 285.0 126.0 588.8 83.6 282.2 304.1 119.5 312.8 446.2 310.2 340.3 568.6 266.8 391.6 394.9 77.6 296.1 68.3 89.9 532.8 230.7 193.3 290.3 476.6 163.1 224.2 189.3 108.3 277.1 165.4 234.2 498.3 339.6 424.4 360.0 352.4 452.7 235.2 93.5
1708.2 232.7 354.8 222.8 287.3 219.6 164.9 370.9 330.9 337.3 409.9 373.0 393.3 196.0 115.9 419.5 241.5 120.2 311.0 436.0 348.6 373.6 98.4 345.8 326.2 220.9 334.8 88.8 390.3 270.0 225.4 215.6 133.7 302.4 401.4 0.0 351.7 234.7 338.1 313.2 312.7 319.1 258.2 293.6 387.9 127.2 271.6 398.4 330.7 170.8 216.7 214.6 117.2 298.3 338.9 363.7 369.5 180.0 82.1 174.6 502.6 438.5 248.6 242.8 259.6 397.7 307.8 183.7 351.3 312.3 101.7 192.0 359.7 367.8 122.6 352.1 245.4 169.4 349.9 431.1 257.7 344.5 347.1 369.0 424.6 358.6 203.1 179.6 72.5 267.1 181.3 31.2 93.4 343.1 361.0 369.4 395.0 234.4 345.8 320.4 119.9 175.1 268.1 301.5 307.9 315.8 342.0 349.5 298.9 284.8 186.8 223.5 461.9 60.4 151.2 300.1 384.8
1535.0 233.5 74.7 119.3 237.5 451.7 224.6 96.6 156.6 57.2 265.2 226.1 208.8 428.1 331.6 104.4 102.2 352.3 166.1 161.7 302.2 145.5 330.5 99.8 242.1 245.0 268.1 312.7 111.3 414.1 141.7 396.6 206.9 114.4 77.3 353.5 0.0 406.6 181.0 125.2 187.7 144.1 205.0 105.6 36.1 213.6 381.9 220.2 142.7 207.7 448.8 476.3 235.0 205.7 195.9 135.6 204.1 239.7 261.3 211.5 289.9 293.8 420.5 222.1 521.3 40.3 128.8 415.8 157.9 138.9 297.2 424.1 111.5 189.6 334.4 95.0 507.1 401.5 199.2 79.3 519.4 14.2 196.4 218.3 72.8 243.4 435.2 240.8 270.9 499.2 197.4 322.2 325.5 101.8 195.6 63.8 43.2 463.4 169.8 132.4 220.9 407.2 123.2 213.7 175.6 132.5 191.3 157.2 164.8 428.9 270.2 455.6 290.6 283.0 383.3 175.2 85.3
1649.9 307.6 477.3 345.3 362.2 217.3 287.4 445.8 403.6 489.6 491.3 451.2 472.5 193.7 190.8 486.8 368.4 122.8 490.9 508.7 468.9 448.5 145.0 420.7 409.5 295.8 416.2 211.3 465.2 53.7 347.9 28.4 256.2 424.9 476.3 223.9 512.5 0.0 413.0 433.5 387.6 394.0 329.9 416.1 529.0 249.7 243.8 473.3 392.8 293.3 214.4 69.6 264.3 371.0 413.8 438.6 492.0 302.5 202.4 297.1 568.4 519.9 13.8 317.7 114.6 472.6 428.1 185.0 424.0 385.0 224.2 132.0 432.4 442.7 245.1 424.8 100.4 104.5 472.4 573.5 112.7 464.8 467.4 491.5 560.5 433.9 88.1 302.1 195.0 178.9 303.8 189.0 150.7 418.0 483.5 499.3 533.1 56.7 468.3 402.9 242.4 111.0 475.9 376.4 382.8 390.7 464.5 424.4 373.8 66.3 309.3 106.3 532.5 182.9 153.9 422.6 457.5
1576.6 119.2 210.5 82.0 85.7 400.1 173.0 249.0 209.0 177.5 365.5 328.6 348.9 376.5 239.7 142.4 100.7 300.7 176.8 314.1 300.2 134.4 278.9 223.9 283.7 130.7 290.4 261.1 154.1 362.5 90.1 345.0 155.3 156.0 279.5 301.9 223.0 355.0 0.0 166.8 190.8 46.8 69.8 147.2 236.5 162.0 290.0 140.8 184.3 156.1 397.2 424.7 183.4 176.4 158.9 124.5 245.7 188.1 209.7 159.9 458.2 394.1 368.9 107.8 469.7 275.8 170.4 364.2 162.6 101.9 245.6 372.5 172.3 128.6 282.8 230.2 455.5 349.9 240.8 279.7 467.8 203.7 238.0 259.9 273.2 314.2 383.6 189.2 219.3 447.6 138.3 270.6 273.9 221.2 237.2 169.2 243.6 411.8 211.4 174.0 169.3 355.6 161.8 78.5 63.6 193.9 232.9 204.8 29.6 377.3 218.6 356.7 417.5 231.4 331.7 159.3 166.6
1409.7 209.8 123.1 95.6 156.0 510.6 200.9 204.2 164.2 105.6 198.6 161.7 182.0 487.0 314.7 93.9 75.3 405.9 140.7 269.3 183.9 98.3 306.8 179.1 116.8 221.3 123.5 289.0 124.8 326.8 118.0 309.3 183.2 11.7 197.4 329.8 120.0 317.1 157.3 0.0 146.0 120.4 184.3 20.9 156.2 189.9 365.0 149.9 17.4 184.0 507.7 389.0 211.3 188.8 154.2 88.4 78.8 216.0 237.6 187.8 275.7 227.2 333.2 198.4 434.0 160.4 58.4 474.7 133.3 97.2 273.5 441.7 143.0 119.3 310.7 185.4 419.8 419.1 81.6 203.7 432.1 112.8 100.6 100.7 192.9 143.4 405.3 217.1 247.2 459.8 173.7 298.5 301.8 176.4 70.3 113.1 163.3 376.1 44.5 7.1 197.2 436.8 99.5 168.8 133.9 149.1 73.7 188.7 141.1 341.6 246.5 425.7 250.6 259.3 442.2 143.2 127.1
1561.2 165.5 160.2 163.5 125.3 381.9 244.3 83.4 43.4 127.2 350.1 360.1 342.8 358.3 207.7 132.0 146.4 282.5 161.4 148.5 436.2 119.0 260.7 58.3 268.3 153.7 275.0 254.3 102.8 458.3 185.9 377.9 251.1 140.6 113.9 295.1 150.1 397.0 151.2 151.4 0.0 225.8 169.9 131.8 163.6 206.6 258.0 170.7 168.9 251.9 379.0 376.9 184.4 81.8 94.8 109.1 230.3 259.4 202.9 255.7 423.9 378.7 410.9 175.6 421.9 110.2 155.0 346.0 63.8 57.7 238.8 354.3 72.2 140.1 288.1 64.6 407.7 331.7 225.4 206.8 420.0 164.4 222.6 244.5 200.3 377.4 346.5 260.5 212.5 429.4 241.6 263.8 255.7 55.6 221.8 136.9 170.7 376.0 196.0 158.6 199.3 337.4 146.4 138.1 103.2 28.3 217.5 62.0 180.9 473.1 289.9 324.7 424.6 224.6 313.5 201.6 97.3
1535.3 110.2 167.1 35.1 93.3 353.2 126.1 252.3 212.3 149.6 314.6 277.7 298.0 329.6 230.7 179.3 53.8 253.8 123.3 317.4 253.3 171.3 232.0 227.2 242.4 121.7 239.5 214.2 232.9 315.6 43.2 298.1 108.4 114.7 282.8 255.0 164.0 308.1 36.8 125.5 194.1 0.0 60.8 105.9 200.2 115.1 281.0 93.9 143.0 109.2 350.3 377.8 136.5 179.7 195.8 161.4 181.8 141.2 162.8 113.0 432.5 343.2 322.0 98.8 422.8 204.4 120.1 317.3 232.7 138.8 198.7 325.6 241.1 142.4 235.9 233.5 408.6 303.0 162.2 243.4 420.9 156.8 159.4 181.3 236.9 263.3 336.7 142.3 172.4 400.7 98.9 223.7 227.0 224.5 173.3 181.7 207.3 364.9 158.1 132.7 122.4 308.7 80.4 69.5 93.8 197.2 154.3 230.9 20.6 330.4 171.7 357.1 366.6 184.5 284.8 112.4 177.7
1591.2 101.9 225.1 96.0 32.4 344.0 180.5 199.4 156.4 192.1 380.1 340.0 360.5 320.4 169.8 164.6 119.1 241.6 191.4 264.5 314.2 149.0 219.8 174.3 298.3 113.4 305.0 216.4 168.7 376.5 104.1 359.0 162.8 170.6 229.9 257.2 266.1 366.8 79.8 178.4 141.2 60.8 0.0 161.8 279.6 169.5 217.1 154.8 198.9 163.6 341.1 339.0 190.9 123.8 167.4 139.1 260.3 195.6 162.0 167.4 457.2 408.7 382.9 90.5 384.0 226.2 182.0 305.1 176.8 137.8 200.9 313.4 185.2 143.2 290.3 177.6 369.8 293.8 255.4 327.1 382.1 217.7 249.6 274.5 313.3 321.9 305.6 196.7 174.6 389.9 121.0 222.3 217.8 171.6 251.8 183.8 286.7 338.1 226.0 188.6 176.8 303.6 176.4 59.0 53.0 144.3 247.5 178.0 40.6 394.5 226.1 286.8 421.3 186.7 275.6 173.3 210.3
1429.3 188.8 102.1 74.6 135.0 407.0 179.9 183.2 143.2 84.6 218.2 178.1 201.6 383.4 293.7 72.9 57.5 307.6 119.7 248.3 203.5 77.3 285.8 158.1 136.4 200.3 143.1 268.0 103.8 346.4 97.0 328.9 162.2 8.7 176.4 308.8 99.0 336.7 136.3 19.5 125.0 99.4 160.3 0.0 138.2 168.9 344.0 128.9 37.0 163.0 404.1 408.6 190.3 167.8 133.2 67.4 98.4 195.0 216.6 166.8 310.9 246.8 352.8 177.4 453.6 139.4 37.4 371.1 112.3 76.2 252.5 461.3 122.0 98.3 289.7 164.4 439.4 438.7 101.2 178.4 451.7 91.8 120.2 120.3 171.9 163.0 424.9 196.1 226.2 481.0 152.7 273.9 280.8 155.4 89.9 92.1 142.3 395.7 64.1 26.7 176.2 450.0 78.5 147.8 112.9 128.1 93.3 167.7 120.1 361.2 225.5 445.3 259.4 238.3 338.6 84.0 106.1
1584.7 280.2 121.4 169.0 210.9 498.4 274.3 100.6 120.3 106.9 314.9 270.3 258.5 474.8 338.6 89.5 148.9 402.0 177.6 168.7 348.9 138.2 377.2 106.8 288.8 291.7 314.8 362.4 122.0 460.8 188.4 443.3 256.6 161.1 81.3 400.2 49.6 456.3 227.7 171.9 176.1 193.8 254.7 152.3 0.0 260.3 385.9 227.9 192.4 257.4 498.5 523.0 281.7 209.7 178.9 128.3 250.8 289.4 308.0 258.2 336.6 340.5 467.2 268.8 568.0 44.3 175.5 462.5 168.6 152.1 346.9 473.8 122.2 200.3 384.1 99.0 553.8 448.2 284.5 40.1 569.1 60.9 281.7 306.6 33.6 297.0 481.9 290.5 320.6 544.3 244.1 368.3 372.2 105.8 242.3 67.8 4.1 513.1 216.5 179.1 267.6 456.9 162.6 260.4 188.8 136.5 276.6 164.9 211.5 475.6 316.9 452.6 337.3 329.7 433.0 234.7 96.0
1580.9 121.7 227.5 95.5 176.3 238.0 37.6 259.9 219.9 210.0 282.6 245.7 266.0 214.4 121.7 208.7 114.2 138.6 183.7 325.0 221.3 170.5 116.8 234.8 198.9 109.9 207.5 99.0 279.3 301.6 98.1 284.1 6.4 175.1 290.4 139.8 224.4 294.1 227.1 185.9 201.7 208.1 147.2 166.3 260.6 0.0 172.0 287.4 203.4 43.5 235.1 233.0 21.3 187.3 227.9 252.7 242.2 52.7 47.6 47.3 375.3 311.2 308.0 131.8 278.0 286.7 180.5 202.1 240.3 201.3 83.5 210.4 248.7 256.8 147.4 241.1 263.8 187.8 222.6 303.8 276.1 217.2 219.8 241.7 297.3 231.3 221.5 53.8 57.2 285.5 54.0 108.5 111.8 232.1 233.7 242.1 267.7 252.8 218.5 193.1 7.2 193.5 140.8 190.5 196.9 204.8 214.7 238.5 187.9 316.4 83.2 241.9 334.6 69.3 169.6 172.8 273.8
1697.9 207.3 344.5 212.5 261.9 141.7 154.6 345.5 305.5 327.0 399.6 362.7 383.0 118.1 173.2 325.7 235.6 42.3 300.7 410.6 338.3 287.5 20.5 320.4 315.9 195.5 324.5 78.5 364.9 192.1 215.1 137.7 123.4 292.1 376.0 91.1 341.4 154.6 304.4 302.9 287.3 285.4 232.8 283.3 377.6 116.9 0.0 324.9 320.4 160.5 138.8 136.7 106.9 272.9 313.5 338.3 359.2 169.7 71.8 164.3 476.7 428.2 170.7 217.4 181.7 372.3 297.5 105.8 325.9 286.9 91.4 114.1 334.3 342.4 112.3 326.7 167.5 91.5 339.6 425.1 179.8 334.2 336.8 358.7 414.3 344.4 125.2 169.3 62.2 187.6 171.0 56.2 15.5 317.7 350.7 359.1 384.7 156.5 335.5 310.1 109.6 97.2 257.8 276.1 282.5 290.4 331.7 324.1 265.2 206.9 176.5 145.6 440.8 50.1 73.3 289.8 355.1
1579.4 165.3 214.3 98.1 148.4 416.2 189.1 242.2 202.2 181.3 368.3 331.4 351.7 392.6 285.8 186.1 116.8 316.8 179.6 307.3 353.6 137.2 295.0 217.1 286.5 176.8 293.2 277.2 138.9 378.6 106.2 361.1 171.4 158.8 272.7 318.0 244.8 371.1 91.9 169.6 228.3 55.0 115.9 150.0 258.3 178.1 336.1 0.0 187.1 172.2 413.3 440.8 199.5 234.8 226.6 127.3 248.5 204.2 225.8 176.0 461.0 396.9 385.0 153.9 485.8 240.3 173.2 380.3 147.4 129.3 261.7 388.6 157.1 48.4 298.9 223.4 471.6 366.0 243.6 301.5 483.9 251.2 240.8 262.7 295.0 317.0 399.7 205.3 235.4 463.7 161.9 286.7 290.0 214.4 240.0 191.0 265.4 427.9 214.2 176.8 185.4 371.7 164.6 124.6 148.9 202.5 235.7 202.8 75.7 393.4 234.7 420.1 420.3 247.5 347.8 219.8 151.4
1392.2 227.4 140.7 113.2 173.6 493.1 218.5 221.8 181.8 123.2 181.1 144.2 164.5 469.5 332.3 103.9 96.1 388.4 158.3 286.9 166.4 115.9 408.4 196.7 99.3 238.9 106.0 306.6 142.4 309.3 135.6 291.8 200.8 29.3 215.0 347.4 137.6 301.8 174.9 17.5 163.6 138.0 198.9 38.5 176.8 207.5 382.6 167.5 0.0 201.6 490.2 371.5 228.9 206.4 171.8 106.0 93.6 233.6 255.2 205.4 273.8 209.7 315.7 216.0 416.5 178.0 76.0 457.2 150.9 114.8 291.1 424.2 160.6 136.9 328.3 203.0 402.3 401.6 96.4 217.0 414.6 130.4 115.4 115.5 210.5 129.8 387.8 234.7 264.8 443.9 191.3 316.1 414.1 194.0 85.1 130.7 180.9 358.6 59.3 10.0 214.8 419.3 117.1 186.4 151.5 166.7 88.5 206.3 158.7 324.1 264.1 408.2 233.1 276.9 424.7 122.6 144.7
1588.1 158.4 234.7 102.7 213.0 274.7 47.6 296.6 256.6 217.2 289.8 252.9 273.2 251.1 158.4 345.2 121.4 175.3 190.9 361.7 228.5 299.3 153.5 271.5 206.1 146.6 214.7 135.7 316.0 308.8 105.3 270.7 29.9 182.3 327.1 176.5 231.6 289.8 263.8 193.1 238.4 244.8 183.9 173.5 267.8 36.6 208.7 324.1 210.6 0.0 271.8 269.7 58.0 224.0 264.6 289.4 249.4 62.7 84.3 3.7 382.5 318.4 303.7 168.5 314.7 323.4 187.7 238.8 277.0 238.0 120.2 247.1 285.4 293.5 157.4 277.8 300.5 224.5 229.8 311.0 312.8 224.4 227.0 248.9 304.5 238.5 258.2 63.8 93.9 322.2 61.2 145.2 148.5 268.8 240.9 249.3 274.9 289.5 225.7 200.3 43.9 230.2 148.0 227.2 233.6 241.5 221.9 275.2 224.6 323.6 93.2 278.6 341.8 106.0 206.3 180.0 310.5
1841.5 292.8 462.5 330.5 347.4 63.8 272.6 431.0 391.0 474.8 517.6 480.7 501.0 41.7 176.0 479.6 349.2 110.2 476.1 496.1 456.3 433.7 130.2 405.9 433.9 281.0 442.5 196.5 450.4 245.3 333.1 190.9 241.4 410.1 461.5 209.1 497.7 183.8 398.2 420.9 372.8 379.2 318.3 401.3 514.2 234.9 254.0 458.5 438.4 278.5 0.0 189.9 249.5 358.4 399.0 423.8 477.2 287.7 189.8 282.3 610.3 546.2 169.9 302.9 234.9 457.8 415.5 47.4 411.4 372.4 209.4 167.3 419.8 427.9 230.3 412.2 220.7 144.7 457.6 554.4 233.0 452.2 454.8 476.7 547.9 466.3 96.1 287.3 180.2 242.4 289.0 177.8 135.9 403.2 468.7 484.5 518.3 127.4 453.5 428.1 227.6 68.1 461.1 361.6 368.0 375.9 449.7 409.6 359.0 260.1 294.5 116.5 569.6 168.1 69.2 407.8 444.9
1742.8 280.8 450.5 318.5 335.4 202.9 260.6 419.0 379.0 462.8 505.6 468.7 489.0 179.3 164.0 467.6 337.2 98.2 464.1 484.1 444.3 421.7 118.2 393.9 421.9 269.0 430.5 184.5 438.4 146.6 321.1 137.6 229.4 398.1 449.5 197.1 485.7 92.8 386.2 408.9 360.8 367.2 306.3 389.3 499.2 222.9 280.4 446.5 426.4 266.5 200.0 0.0 237.5 346.4 387.0 411.8 465.2 275.7 177.8 270.3 598.3 534.2 78.9 290.9 44.9 445.8 403.5 167.0 399.4 360.4 197.4 62.6 407.8 415.9 218.3 400.2 30.7 35.1 445.6 542.4 43.0 440.2 442.8 464.7 535.9 454.3 122.5 275.3 168.2 189.1 277.0 165.8 123.9 391.2 456.7 472.5 506.3 93.3 441.5 416.1 215.6 154.0 449.1 349.6 356.0 363.9 437.7 397.6 347.0 161.4 282.5 142.9 557.6 156.1 134.5 395.8 432.9
1603.1 100.3 249.7 117.7 154.9 208.8 59.8 238.5 198.5 232.2 304.8 267.9 288.2 185.2 105.1 287.1 136.4 109.4 283.6 303.6 243.5 241.2 87.6 213.4 221.1 88.5 229.7 69.8 257.9 259.2 120.3 204.8 28.6 197.3 269.0 110.6 305.2 223.9 205.7 208.1 180.3 186.7 125.8 188.5 321.7 22.1 150.6 266.0 225.6 65.7 205.9 203.8 0.0 165.9 206.5 231.3 264.4 74.9 18.4 69.5 397.5 333.4 237.8 110.4 248.8 265.3 202.7 172.9 218.9 179.9 54.3 181.2 227.3 235.4 103.6 219.7 234.6 158.6 244.8 361.9 246.9 239.4 242.0 263.9 355.4 253.5 192.3 76.0 28.0 256.3 76.2 79.3 82.6 210.7 255.9 292.0 325.8 223.6 240.7 215.3 14.8 164.3 163.0 169.1 175.5 183.4 236.9 217.1 166.5 274.0 105.4 212.7 356.8 40.1 140.4 195.0 252.4
1598.2 144.4 230.1 200.5 103.5 360.8 223.2 153.3 113.3 197.1 387.1 352.3 412.7 337.2 186.6 194.3 180.2 261.4 198.4 218.4 372.4 156.0 239.6 128.2 305.3 132.6 312.0 233.2 172.7 411.2 212.2 356.8 192.0 177.6 183.8 274.0 220.0 373.7 163.5 188.4 95.1 176.8 120.3 168.8 233.5 185.5 236.9 180.8 205.9 261.6 357.9 355.8 163.3 0.0 121.3 146.1 267.3 238.3 181.8 265.4 493.8 415.7 389.8 154.5 400.8 180.1 192.0 324.9 133.7 94.7 217.7 333.2 142.1 150.2 267.0 134.5 386.6 310.6 262.4 276.7 398.9 234.3 259.6 281.5 270.2 331.9 325.4 239.4 191.4 406.7 219.0 239.1 234.6 125.5 258.8 206.8 240.6 354.9 233.0 195.6 178.2 320.4 183.4 98.3 110.3 98.2 254.5 131.9 156.6 426.0 268.8 303.6 428.3 203.5 292.4 238.6 167.2
1558.3 179.7 178.6 160.6 122.4 396.1 258.5 119.8 121.1 145.6 347.2 310.3 330.6 372.5 221.9 150.4 143.5 296.7 158.5 184.9 332.5 116.1 274.9 94.7 265.4 167.9 272.1 268.5 121.2 455.4 183.0 392.1 248.2 137.7 150.3 309.3 209.1 411.2 148.3 148.5 87.9 185.4 167.0 128.9 225.6 254.9 272.2 140.9 166.0 249.0 393.2 391.1 198.6 96.0 0.0 106.2 227.4 273.6 217.1 252.8 439.9 375.8 425.1 225.4 436.1 146.6 152.1 360.2 86.1 54.8 253.0 368.5 90.6 110.3 302.3 101.0 421.9 345.9 222.5 265.8 434.2 215.5 219.7 241.6 259.3 295.9 360.7 274.7 226.7 443.6 238.7 278.0 269.9 92.0 218.9 155.3 229.7 390.2 193.1 155.7 213.5 351.6 143.5 135.2 100.3 77.2 214.6 45.8 178.0 470.2 304.1 338.9 399.2 238.8 327.7 198.7 115.7
1486.6 185.6 102.5 71.4 189.6 403.8 176.7 166.8 146.5 69.5 275.5 238.6 258.9 380.2 287.5 34.4 71.8 304.4 52.2 231.9 260.8 9.9 282.6 161.4 193.7 197.1 200.4 264.8 101.2 366.2 93.8 348.7 159.0 66.0 147.5 305.6 115.0 358.7 133.1 76.8 112.1 96.2 157.1 57.2 128.5 165.7 337.8 178.1 94.3 159.8 400.9 428.4 187.1 154.9 120.3 0.0 155.7 191.8 213.4 163.6 368.2 304.1 372.6 174.2 473.4 110.5 80.4 367.9 99.4 63.3 249.3 376.2 101.4 85.4 286.5 167.7 459.2 353.6 150.8 171.7 471.5 129.3 148.0 169.9 165.2 224.2 387.3 192.9 223.0 451.3 149.5 274.3 277.6 158.7 147.2 61.2 135.6 415.5 121.4 84.0 173.0 359.3 37.2 165.8 100.0 115.2 142.9 147.1 116.9 381.0 222.3 407.7 327.5 235.1 335.4 109.3 75.2
1504.0 262.4 238.8 148.2 266.4 480.6 253.5 332.4 268.0 221.3 292.9 256.0 276.3 457.0 364.3 211.1 125.5 381.2 177.0 397.5 278.2 163.8 359.4 282.9 211.1 273.9 217.8 341.6 228.6 421.1 170.6 403.6 235.8 127.8 313.1 382.4 235.7 413.6 209.9 138.6 249.8 173.0 233.9 119.0 274.9 242.5 414.6 254.9 111.7 236.6 477.7 483.3 263.9 292.6 258.0 176.6 0.0 268.6 290.2 240.4 385.6 321.5 427.5 251.0 528.3 276.1 73.9 444.7 237.1 201.0 326.1 536.0 275.6 223.1 363.3 289.2 514.1 513.4 50.6 315.1 526.4 228.5 69.6 69.7 308.6 241.6 499.6 269.7 299.8 555.7 226.3 351.1 354.4 280.2 7.9 237.9 279.0 470.4 44.1 101.4 249.8 436.1 134.1 242.6 266.9 252.9 42.7 321.3 193.7 435.9 299.1 520.0 344.9 311.9 412.2 112.2 249.4
1605.1 182.2 251.7 119.7 232.5 333.3 13.7 330.8 290.8 234.2 306.8 269.9 290.2 309.7 229.6 232.9 138.4 233.9 207.9 395.9 245.5 194.7 212.1 305.7 223.1 180.8 231.7 128.4 288.3 325.8 122.3 308.3 64.1 199.3 326.0 235.1 248.6 318.3 211.6 210.1 272.6 192.6 204.3 190.5 284.8 70.8 242.9 232.1 227.6 67.7 330.4 328.3 92.2 258.2 298.8 207.5 266.4 0.0 139.2 71.5 399.5 335.4 332.2 170.8 373.3 289.0 204.7 297.4 311.2 272.2 113.3 305.7 288.5 309.5 94.6 312.0 359.1 283.1 246.8 328.0 371.4 241.4 244.0 265.9 321.5 255.5 316.8 35.4 152.5 380.8 78.2 203.8 207.1 303.0 257.9 266.3 291.9 348.1 242.7 217.3 78.1 288.8 165.0 195.0 219.3 275.7 238.9 334.2 172.4 340.6 30.4 337.2 358.8 164.6 264.9 197.0 262.3
1626.0 135.4 272.6 140.6 190.0 190.3 82.7 273.6 233.6 255.1 327.7 290.8 311.1 166.7 86.6 253.8 163.7 90.9 228.8 338.7 266.4 215.6 69.1 248.5 244.0 123.6 252.6 51.3 293.0 240.7 143.2 186.3 51.5 220.2 304.1 92.1 269.5 203.2 232.5 231.0 215.4 213.5 160.9 211.4 305.7 45.0 242.3 253.0 248.5 88.6 187.4 185.3 35.0 201.0 241.6 266.4 287.3 97.8 0.0 92.4 404.8 356.3 219.3 145.5 230.3 300.4 225.6 154.4 254.0 215.0 35.8 162.7 262.4 270.5 85.1 254.8 216.1 140.1 267.7 353.2 228.4 262.3 264.9 286.8 342.4 272.5 173.8 98.9 9.5 236.2 99.1 57.2 64.1 245.8 278.8 287.2 312.8 205.1 263.6 238.2 37.7 145.8 185.9 204.2 210.6 218.5 259.8 252.2 193.3 255.5 128.3 194.2 368.9 21.6 121.9 217.9 283.2
1592.5 162.8 239.1 107.1 217.4 279.1 52.0 301.0 261.0 221.6 294.2 257.3 277.6 255.5 162.8 349.6 125.8 179.7 195.3 366.1 232.9 303.7 157.9 275.9 210.5 151.0 219.1 140.1 320.4 313.2 109.7 275.1 34.3 186.7 331.5 180.9 236.0 294.2 268.2 197.5 242.8 249.2 188.3 177.9 272.2 41.0 213.1 328.5 215.0 4.4 276.2 274.1 62.4 228.4 269.0 293.8 253.8 67.1 88.7 0.0 386.9 322.8 308.1 172.9 319.1 327.8 192.1 243.2 281.4 242.4 124.6 251.5 289.8 297.9 161.8 282.2 304.9 228.9 234.2 315.4 317.2 228.8 231.4 253.3 308.9 242.9 262.6 68.2 98.3 326.6 65.6 149.6 152.9 273.2 245.3 253.7 279.3 293.9 230.1 204.7 48.3 234.6 152.4 231.6 238.0 245.9 226.3 279.6 229.0 328.0 97.6 283.0 346.2 110.4 210.7 184.4 314.9
1539.0 460.3 391.3 364.9 424.2 610.6 383.5 384.8 432.4 373.8 79.7 132.4 130.9 587.0 494.3 362.1 388.0 505.7 408.9 488.1 204.5 366.5 489.4 447.3 216.4 471.8 170.4 471.6 393.0 549.2 400.4 531.7 360.3 274.4 403.7 512.4 326.3 539.5 425.5 268.1 414.2 388.6 485.4 289.1 368.0 372.5 544.6 418.1 250.5 366.6 607.7 605.6 393.9 451.5 422.4 356.6 344.2 398.6 420.2 370.4 0.0 113.6 555.6 448.9 650.6 372.2 321.1 576.1 401.5 365.4 456.1 577.5 411.2 387.5 493.3 448.1 636.4 560.4 347.0 388.1 648.7 312.2 360.5 366.1 404.4 144.1 594.1 399.7 429.8 656.5 356.3 477.5 484.4 444.6 335.7 381.3 369.6 598.5 309.9 260.6 379.8 570.2 367.7 473.1 402.1 417.3 339.1 456.9 450.5 564.0 429.1 614.5 36.7 441.9 542.2 373.2 395.3
1512.1 433.4 364.4 338.0 397.3 583.7 356.6 378.3 405.5 346.9 56.1 101.5 104.0 560.1 467.4 327.6 356.7 484.3 382.0 481.6 177.6 339.6 462.5 420.4 189.5 444.9 143.5 444.7 366.1 522.3 373.5 504.8 338.9 253.0 397.2 485.5 319.8 514.8 398.6 241.2 387.3 361.7 455.5 262.2 356.0 345.6 517.7 391.2 223.6 339.7 580.8 578.7 367.0 430.1 395.5 329.7 317.3 371.7 393.3 343.5 120.7 0.0 528.7 422.0 623.7 360.2 299.7 547.8 374.6 338.5 429.2 556.1 384.3 360.6 466.4 426.7 609.5 533.5 320.1 385.9 621.8 305.7 339.1 339.2 392.4 118.8 567.2 372.8 402.9 631.2 329.4 454.2 457.5 417.7 308.8 354.4 363.1 571.6 283.0 233.7 352.9 539.2 340.8 446.2 375.2 390.4 312.2 430.0 423.6 537.1 402.2 587.6 108.1 415.0 515.3 346.3 368.4
1663.8 319.4 534.4 359.2 374.0 203.4 301.3 457.6 417.6 501.4 505.2 468.3 488.6 179.8 202.6 506.2 377.9 138.9 502.7 522.7 485.0 460.3 158.9 432.5 423.4 307.6 430.1 225.2 477.0 67.6 411.2 42.3 270.1 481.9 488.1 237.8 524.3 13.8 424.8 492.7 399.4 405.8 344.9 473.1 537.8 263.6 229.9 485.1 406.7 307.2 200.5 55.7 276.1 385.0 425.6 450.4 505.9 316.4 218.5 311.0 597.9 533.8 0.0 329.5 100.7 484.4 496.3 167.5 438.0 399.0 238.1 118.1 446.4 454.5 259.0 438.8 86.5 90.6 486.3 581.0 98.8 538.6 483.5 505.4 574.5 453.9 72.0 316.0 208.9 194.4 317.7 206.5 164.6 429.8 497.4 511.1 544.9 42.8 537.3 499.9 256.3 103.5 487.7 388.2 394.6 402.5 478.4 436.2 385.6 82.4 323.2 92.4 557.2 196.8 140.0 436.5 471.5
1614.6 11.3 246.4 114.4 139.6 327.6 147.9 229.4 189.4 273.2 369.3 332.4 352.7 304.0 153.4 230.4 133.1 228.2 264.8 294.5 308.0 222.4 206.4 204.3 321.7 22.8 294.2 236.0 248.8 373.7 81.6 356.2 130.2 194.0 259.9 276.8 296.1 366.2 118.7 204.8 171.2 99.7 111.4 185.2 312.6 136.9 203.7 193.7 222.3 131.0 324.7 322.6 158.3 156.8 197.4 212.5 261.1 163.0 184.6 134.8 462.0 397.9 380.1 0.0 367.6 256.2 199.4 291.7 209.8 170.8 220.5 300.0 218.2 216.6 257.7 210.6 353.4 277.4 241.5 352.8 365.7 236.1 238.7 260.6 346.3 318.0 292.2 164.1 194.2 375.1 88.4 245.5 201.4 201.6 252.6 282.9 316.7 321.7 237.4 212.0 144.2 283.1 159.7 102.1 126.4 174.3 233.6 208.0 79.5 388.5 193.5 270.4 421.3 206.3 259.2 191.7 243.3
1794.1 332.1 501.8 369.8 386.7 254.2 311.9 470.3 430.3 514.1 556.9 520.0 540.3 230.6 215.3 518.9 392.9 149.5 515.4 535.4 495.6 473.0 169.5 445.2 473.2 320.3 481.8 235.8 489.7 197.9 372.4 188.9 280.7 449.4 500.8 248.4 537.0 144.1 437.5 460.2 412.1 418.5 354.4 440.6 553.5 274.2 331.7 497.8 477.7 317.8 251.3 51.2 288.8 397.7 438.3 463.1 516.5 327.0 229.1 321.6 649.6 585.5 130.2 342.2 0.0 497.1 454.8 218.3 450.7 411.7 248.7 81.0 459.1 467.2 269.6 451.5 12.3 86.4 496.9 593.7 1.6 491.5 494.1 516.0 587.2 501.7 173.8 326.6 219.5 240.4 328.3 217.1 175.2 442.5 508.0 523.8 557.6 144.6 492.8 467.4 266.9 205.3 500.4 400.9 407.3 415.2 489.0 448.9 398.3 212.7 333.8 194.2 608.9 207.4 185.8 447.1 484.2
1566.4 273.4 111.3 159.2 181.9 491.6 264.5 56.2 75.9 78.3 305.1 266.0 248.7 468.0 291.2 65.1 138.9 392.2 148.6 121.3 342.1 106.2 370.4 59.4 273.5 284.9 308.0 352.6 90.0 454.0 181.6 436.5 246.8 145.8 36.9 393.4 39.8 444.3 220.9 156.6 128.7 184.0 244.9 137.0 56.3 253.5 341.5 198.9 174.1 247.6 488.7 516.2 274.9 165.3 131.5 96.3 275.1 279.6 301.2 251.4 329.8 333.7 460.4 262.0 561.2 0.0 160.2 457.1 136.6 123.1 337.1 464.0 90.2 168.3 374.3 54.6 547.0 441.4 255.5 96.5 559.3 54.1 252.7 274.6 90.0 287.2 430.0 280.7 310.8 537.5 237.3 362.1 365.4 61.4 266.6 38.8 60.4 503.3 201.2 163.8 260.8 451.2 133.6 194.7 159.8 92.1 247.6 135.9 204.7 468.8 310.1 408.2 336.9 322.9 423.2 205.7 64.0
1474.4 196.7 173.1 82.5 200.7 414.9 187.8 234.0 194.0 155.6 263.3 226.4 246.7 391.3 298.6 145.4 64.2 315.5 111.3 299.1 248.6 98.1 293.7 208.9 181.5 208.2 188.2 275.9 154.6 391.5 104.9 374.0 170.1 53.8 247.4 316.7 170.0 384.0 144.2 64.6 175.8 107.3 168.2 45.0 206.2 176.8 348.9 189.2 82.1 170.9 412.0 453.7 198.2 218.6 184.0 110.9 89.9 202.9 224.5 174.7 356.0 291.9 397.9 185.3 498.7 210.4 0.0 379.0 163.1 127.0 260.4 387.3 209.9 149.1 297.6 215.2 484.5 364.7 70.3 249.4 496.8 162.8 67.5 89.4 242.9 208.1 470.0 204.0 234.1 524.5 160.6 281.8 288.7 206.2 81.4 172.2 213.3 440.8 66.2 71.8 184.1 370.4 68.4 176.9 201.2 178.9 62.4 255.6 128.0 406.3 233.4 490.4 304.5 246.2 346.5 46.5 183.7
1818.8 270.1 441.2 307.8 324.7 34.4 249.9 408.3 368.3 452.1 496.3 454.8 478.3 37.0 153.3 449.3 326.5 88.9 453.4 473.4 433.6 411.0 107.5 384.6 411.2 258.3 419.8 173.8 427.7 224.0 310.4 168.2 218.7 387.4 440.2 186.4 475.0 161.1 376.9 398.2 350.1 356.5 292.4 378.6 488.5 212.2 232.7 435.8 417.1 257.2 37.7 168.6 226.8 335.7 376.3 401.1 454.5 265.0 168.5 259.6 587.6 523.5 147.2 280.2 212.2 435.1 392.8 0.0 388.7 349.7 186.7 144.6 397.1 405.2 209.0 389.5 198.0 122.0 434.9 536.0 210.3 429.5 432.1 454.0 525.2 439.7 73.4 264.6 157.5 219.5 266.3 151.5 113.2 380.5 446.0 461.8 497.0 104.7 432.2 405.4 204.9 45.4 438.4 338.9 345.3 353.2 427.0 386.9 336.3 237.4 273.2 93.8 546.9 145.4 46.5 385.1 422.2
1542.2 272.2 131.4 144.5 130.9 470.4 249.8 110.1 70.1 98.4 331.1 384.3 369.5 446.8 296.2 95.6 124.2 371.0 186.7 175.2 316.4 144.3 349.2 85.0 249.3 283.7 256.0 342.8 56.0 439.3 166.9 421.8 232.1 121.6 140.6 383.6 161.9 429.6 198.8 132.4 80.8 161.9 172.3 112.8 178.4 238.8 346.5 106.8 149.9 232.9 467.5 465.4 260.2 170.3 79.1 134.4 211.3 264.9 291.4 236.7 456.1 359.7 445.7 260.8 510.4 136.9 136.0 434.5 0.0 72.1 327.3 442.8 74.2 76.2 376.6 91.3 496.2 420.2 206.4 218.6 508.5 168.3 203.6 225.5 212.1 275.9 435.0 266.0 301.0 516.3 222.6 352.3 344.2 82.3 202.8 108.1 182.5 464.5 177.0 139.6 246.1 425.9 171.7 143.7 108.8 55.0 198.5 119.9 182.6 454.1 295.4 413.2 457.7 313.1 402.0 182.6 68.5
1503.4 181.9 137.3 105.7 67.5 391.6 211.0 106.9 66.9 104.3 292.3 257.5 275.7 368.0 217.4 76.8 88.6 292.2 103.6 172.0 277.6 61.2 270.4 81.8 210.5 193.4 217.2 299.1 80.9 400.5 128.1 383.0 193.3 82.8 137.4 339.9 173.6 393.0 93.4 93.6 48.7 130.5 112.1 74.0 187.1 200.0 267.7 86.0 111.1 194.1 388.7 386.6 221.4 91.5 56.9 51.3 172.5 226.1 247.7 197.9 385.0 320.9 406.9 170.5 431.6 133.7 97.2 355.7 87.3 0.0 283.6 364.0 95.7 55.4 320.8 88.1 417.4 341.4 167.6 234.6 429.7 142.9 164.8 186.7 223.8 237.1 356.2 227.2 257.3 437.5 183.8 305.0 265.4 79.1 164.0 96.0 194.2 449.8 138.2 100.8 207.3 347.1 88.6 80.3 45.4 51.8 159.7 102.8 123.1 415.3 256.6 334.4 344.3 269.4 323.2 143.8 120.8
1651.9 161.3 298.5 166.5 215.9 219.9 104.2 299.5 259.5 281.0 353.6 313.5 337.0 196.3 116.2 320.6 185.2 120.5 254.7 364.6 292.3 241.5 98.7 274.4 269.9 149.5 278.5 80.9 318.9 270.3 169.1 215.9 77.4 246.1 330.0 121.7 295.4 232.8 258.4 256.9 241.3 239.4 186.8 237.3 331.6 70.9 271.9 278.9 274.4 114.5 217.0 214.9 60.9 226.9 267.5 292.3 313.2 104.8 25.8 118.3 430.7 382.2 248.9 171.4 259.9 326.3 251.5 184.0 279.9 240.9 0.0 192.3 288.3 296.4 114.7 280.7 245.7 169.7 293.6 379.1 258.0 288.2 290.8 312.7 368.3 298.4 203.4 77.9 39.1 265.8 125.0 90.4 93.7 271.7 304.7 313.1 338.7 234.7 289.5 264.1 63.6 179.5 211.8 230.1 236.5 244.4 285.7 278.1 219.2 285.1 135.3 223.8 394.8 51.2 151.5 243.8 309.1
1762.0 254.6 424.3 292.3 309.2 176.7 234.4 392.8 352.8 436.6 479.4 442.5 462.8 153.1 137.8 441.4 315.4 72.0 437.9 457.9 418.1 395.5 92.0 367.7 395.7 242.8 404.3 158.3 412.2 165.8 294.9 111.4 203.2 371.9 423.3 170.9 459.5 128.3 360.0 382.7 334.6 341.0 280.1 363.1 473.0 196.7 339.2 420.3 400.2 240.3 173.8 72.5 211.3 320.2 360.8 385.6 439.0 249.5 151.6 244.1 572.1 508.0 144.4 264.7 87.6 419.6 377.3 140.8 373.2 334.2 171.2 0.0 381.6 389.7 192.1 374.0 73.4 33.8 419.4 520.5 85.7 414.0 416.6 438.5 509.7 424.2 181.3 249.1 142.0 161.3 250.8 136.0 97.7 365.0 430.5 446.3 480.1 152.1 415.3 389.9 189.4 136.3 422.9 323.4 329.8 337.7 411.5 371.4 320.8 180.6 256.3 201.7 520.6 129.9 108.3 369.6 406.7
1554.8 273.9 87.9 159.7 143.5 435.7 265.0 85.0 45.0 54.9 343.7 334.2 319.4 412.1 261.5 59.7 139.4 336.3 143.2 150.1 412.8 100.8 314.5 59.9 261.9 285.4 268.6 308.1 30.5 454.5 182.1 437.0 247.3 134.2 115.5 348.9 118.4 447.0 211.4 145.0 138.0 174.5 184.9 125.4 131.9 254.0 311.8 119.4 162.5 248.1 432.8 430.7 275.4 135.6 95.6 90.9 223.9 280.1 256.7 251.9 400.5 372.3 460.9 262.5 475.7 111.8 148.6 399.8 57.1 84.7 292.6 408.1 0.0 88.8 374.8 66.2 461.5 385.5 250.1 175.1 473.8 124.8 247.3 269.2 168.6 357.9 400.3 281.2 266.3 481.6 237.8 314.0 309.5 57.2 215.4 64.6 139.0 503.8 189.6 152.2 261.3 391.2 128.2 156.3 121.4 62.4 242.2 45.6 195.2 469.3 310.6 378.5 401.2 278.4 367.3 200.3 25.0
1530.9 195.9 165.8 133.2 179.0 446.8 219.7 193.7 153.7 132.8 319.8 282.9 303.2 423.2 316.4 137.6 116.1 347.4 131.1 258.8 305.1 88.7 325.6 168.6 238.0 207.4 244.7 307.8 90.4 409.2 136.8 391.7 202.0 110.3 224.2 348.6 196.3 401.7 122.5 121.1 179.8 85.6 146.5 101.5 209.8 208.7 366.7 30.5 138.6 202.8 443.9 471.4 230.1 172.4 178.1 78.8 200.0 234.8 256.4 206.6 412.5 348.4 415.6 184.5 516.4 191.8 124.7 410.9 98.9 80.8 292.3 419.2 108.6 0.0 329.5 174.9 502.2 396.6 195.1 253.0 514.5 202.7 192.3 214.2 246.5 268.5 430.3 235.9 266.0 494.3 192.5 317.3 320.6 165.9 191.5 142.5 216.9 458.5 165.7 128.3 216.0 402.3 116.1 155.2 179.5 154.0 187.2 154.3 106.3 424.0 265.3 450.7 371.8 278.1 378.4 171.3 102.9
1701.2 253.9 347.8 215.8 308.5 240.8 117.6 392.1 352.1 330.3 402.9 366.0 386.3 217.2 137.1 329.0 234.5 141.4 304.0 457.2 341.6 290.8 119.6 367.0 319.2 242.1 327.8 33.7 411.5 291.2 218.4 236.8 126.7 295.4 422.6 142.6 344.7 255.9 307.7 306.2 333.9 288.7 279.4 286.6 380.9 120.2 292.8 328.2 323.7 163.8 237.9 235.8 110.2 319.5 360.1 384.9 362.5 103.8 75.1 167.6 495.6 431.5 269.8 264.0 280.8 418.9 300.8 204.9 372.5 333.5 94.7 213.2 380.9 389.0 0.0 373.3 266.6 190.6 342.9 424.1 278.9 337.5 340.1 362.0 417.6 351.6 224.3 139.3 65.5 288.3 174.3 111.3 114.6 364.3 354.0 362.4 388.0 255.6 338.8 313.4 112.9 196.3 261.1 322.7 329.1 337.0 335.0 370.7 268.5 306.0 64.2 244.7 454.9 72.1 172.4 293.1 358.4
1618.4 194.3 156.9 204.8 194.4 410.7 273.1 18.7 21.2 123.9 334.5 299.4 278.1 387.1 236.5 110.7 184.5 311.3 194.2 83.8 371.5 151.8 289.5 4.7 337.4 182.5 337.4 283.1 135.6 461.1 227.2 406.7 241.9 209.7 49.2 323.9 85.4 425.8 220.3 220.5 74.0 229.6 170.2 200.9 98.9 235.4 286.8 212.9 238.0 293.2 407.8 405.7 213.2 110.6 76.8 141.9 299.4 288.2 231.7 297.0 364.7 363.1 439.7 204.4 450.7 45.5 224.1 376.2 90.2 126.8 267.6 383.1 68.8 182.3 316.9 0.0 436.5 360.5 294.5 146.4 448.8 99.7 291.7 313.6 135.6 316.6 375.3 289.3 241.3 456.6 282.9 289.0 284.5 6.7 290.9 84.4 106.0 404.8 265.1 227.7 228.1 370.3 179.2 148.2 172.3 37.4 286.6 38.6 250.0 475.9 318.7 353.5 370.7 253.4 342.3 251.3 109.6
1781.7 319.7 489.4 357.4 374.3 241.8 299.5 457.9 417.9 501.7 544.5 507.6 527.9 218.2 202.9 506.5 376.1 137.1 503.0 523.0 483.2 460.6 157.1 432.8 460.8 307.9 469.4 223.4 477.3 185.5 360.0 176.5 268.3 437.0 488.4 236.0 524.6 131.7 425.1 447.8 399.7 406.1 345.2 428.2 538.1 261.8 319.3 485.4 465.3 305.4 238.9 38.8 276.4 385.3 425.9 450.7 504.1 314.6 216.7 309.2 637.2 573.1 117.8 329.8 14.1 484.7 442.4 205.9 438.3 399.3 236.3 68.6 446.7 454.8 257.2 439.1 0.0 74.0 484.5 581.3 12.3 479.1 481.7 503.6 574.8 493.2 161.4 314.2 207.1 228.0 315.9 204.7 162.8 430.1 495.6 511.4 545.2 132.2 480.4 455.0 254.5 192.9 488.0 388.5 394.9 402.8 476.6 436.5 385.9 200.3 321.4 181.8 596.5 195.0 173.4 434.7 471.8
1753.0 245.6 415.3 283.3 300.2 167.7 225.4 383.8 343.8 427.6 470.4 433.5 453.8 144.1 128.8 432.4 302.0 63.0 428.9 448.9 409.1 386.5 83.0 358.7 386.7 233.8 395.3 149.3 403.2 156.8 285.9 102.4 194.2 362.9 414.3 161.9 450.5 121.5 351.0 373.7 325.6 332.0 271.1 354.1 464.0 187.7 305.3 411.3 391.2 231.3 164.8 45.1 202.3 311.2 351.8 376.6 430.0 240.5 142.6 235.1 563.1 499.0 103.8 255.7 90.1 410.6 368.3 131.8 364.2 325.2 162.2 27.4 372.6 380.7 183.1 365.0 75.9 0.0 410.4 507.2 88.2 405.0 407.6 429.5 500.7 419.1 147.4 240.1 133.0 153.9 241.8 130.6 88.7 356.0 421.5 437.3 471.1 118.2 406.3 380.9 180.4 123.2 413.9 314.4 320.8 328.7 402.5 362.4 311.8 171.6 247.3 167.8 522.4 120.9 99.3 360.6 397.7
1508.0 244.0 220.4 129.8 248.0 462.2 235.1 314.0 249.6 202.9 296.9 260.0 280.3 438.6 345.9 192.7 107.1 362.8 158.6 379.1 282.2 145.4 341.0 264.5 215.1 255.5 221.8 323.2 210.2 425.1 152.2 407.6 217.4 109.4 294.7 364.0 217.3 417.6 191.5 120.2 231.4 154.6 215.5 100.6 256.5 224.1 396.2 236.5 115.7 218.2 459.3 487.3 245.5 274.2 239.6 158.2 71.8 250.2 271.8 222.0 389.6 325.5 431.5 232.6 532.3 257.7 55.5 426.3 218.7 182.6 307.7 434.6 257.2 204.7 344.9 270.8 518.1 412.0 0.0 296.7 530.4 210.1 51.2 19.0 290.2 245.6 503.6 251.3 281.4 559.7 207.9 332.7 336.0 261.8 63.3 219.5 260.6 474.4 48.1 105.4 231.4 417.7 115.7 224.2 248.5 234.5 7.9 302.9 175.3 439.9 280.7 524.0 348.9 293.5 393.8 93.8 231.0
1709.3 314.2 155.4 200.0 244.9 532.4 305.3 134.6 154.3 137.9 312.7 277.6 256.3 508.8 369.6 120.5 179.7 433.0 211.6 204.0 345.4 169.2 411.2 137.8 361.6 325.7 315.6 393.4 153.0 494.8 222.4 477.3 291.9 195.1 115.3 434.2 80.6 485.1 261.7 210.2 207.1 224.8 288.7 186.3 38.2 294.3 424.2 261.9 223.4 288.4 529.5 557.0 315.7 243.7 209.9 159.3 284.8 320.4 346.3 292.2 342.9 341.3 501.2 302.8 602.0 82.6 209.5 496.5 203.9 186.1 377.9 504.8 153.2 231.3 415.1 137.3 587.8 482.2 318.5 0.0 600.1 99.2 320.0 337.6 10.7 290.5 520.2 321.5 351.6 578.3 278.1 399.3 406.2 139.8 276.3 101.8 26.5 544.1 250.5 213.1 301.6 492.0 196.6 294.4 222.8 170.5 310.6 203.2 245.5 513.9 350.9 486.6 348.9 363.7 464.0 268.7 131.3
1792.4 330.4 500.1 368.1 385.0 252.5 310.2 468.6 428.6 512.4 555.2 518.3 538.6 228.9 213.6 517.2 386.8 147.8 513.7 533.7 493.9 471.3 167.8 443.5 471.5 318.6 480.1 234.1 488.0 196.2 370.7 187.2 279.0 447.7 499.1 246.7 535.3 142.4 435.8 458.5 410.4 416.8 355.9 438.9 548.8 272.5 330.0 496.1 476.0 316.1 249.6 49.5 287.1 396.0 436.6 461.4 514.8 325.3 227.4 319.9 647.9 583.8 128.5 340.5 1.8 495.4 453.1 216.6 449.0 410.0 247.0 79.3 457.4 465.5 267.9 449.8 10.7 84.7 495.2 592.0 0.0 489.8 492.4 514.3 585.5 503.9 172.1 324.9 217.8 238.7 326.6 215.4 173.5 440.8 506.3 522.1 555.9 142.9 491.1 465.7 265.2 203.6 498.7 399.2 405.6 413.5 487.3 447.2 396.6 211.0 332.1 192.5 607.2 205.7 184.1 445.4 482.5
1547.6 246.1 87.3 131.9 250.1 464.3 237.2 110.7 130.4 69.8 250.9 209.3 194.5 440.7 345.7 104.2 114.8 364.9 178.7 175.8 287.9 145.3 343.1 113.9 254.7 257.6 253.8 325.3 123.9 426.7 154.3 409.2 219.5 127.0 91.4 366.1 14.0 417.0 193.6 137.8 200.3 156.7 217.6 118.2 50.2 226.2 396.0 232.8 155.3 220.3 461.4 488.9 247.6 219.8 208.5 135.4 216.7 252.3 273.9 224.1 281.1 279.5 433.1 234.7 533.9 54.4 141.4 428.4 170.5 151.5 309.8 436.7 124.1 202.2 347.0 109.1 519.7 414.1 211.8 97.7 532.0 0.0 209.0 230.9 86.9 233.0 447.8 253.4 283.5 510.2 210.0 331.2 338.1 115.9 208.2 77.9 57.3 476.0 182.4 145.0 233.5 419.8 135.8 226.3 188.2 146.6 203.9 169.8 177.4 441.5 282.8 468.2 282.7 295.6 395.9 187.8 97.9
1525.9 240.1 216.5 125.9 244.1 458.3 231.2 310.1 245.7 199.0 314.8 274.7 298.2 434.7 342.0 196.4 103.2 358.9 154.7 375.2 300.1 141.5 337.1 260.6 233.0 251.6 239.7 319.3 206.3 443.0 148.3 425.5 213.5 105.5 290.8 360.1 213.4 433.3 187.6 116.3 227.5 150.7 211.6 96.7 249.6 220.2 392.3 232.6 133.6 214.3 455.4 505.2 241.6 270.3 235.7 154.3 89.7 246.3 267.9 218.1 391.9 343.4 449.4 228.7 550.2 253.8 51.6 422.4 214.8 178.7 303.8 430.7 253.3 200.8 341.0 266.9 536.0 408.1 70.1 292.8 548.3 206.2 0.0 89.2 286.3 259.6 521.5 247.4 277.5 576.0 204.0 325.2 332.1 257.9 81.2 215.6 256.7 492.3 66.0 123.3 227.5 417.9 111.8 220.3 244.6 230.6 62.2 299.0 171.4 457.8 276.8 541.9 356.0 289.6 389.9 89.9 227.1
1527.1 263.1 239.5 148.9 267.1 481.3 254.2 333.1 268.7 222.0 316.0 279.1 299.4 457.7 365.0 211.8 126.2 381.9 177.7 398.2 301.3 164.5 360.1 283.6 234.2 274.6 240.9 342.3 229.3 444.2 171.3 426.7 236.5 128.5 313.8 383.1 236.4 436.7 210.6 139.3 250.5 173.7 234.6 119.7 272.6 243.2 415.3 255.6 134.8 237.3 478.4 506.4 264.6 293.3 258.7 177.3 90.9 269.3 290.9 241.1 408.7 344.6 450.6 251.7 551.4 276.8 74.6 445.4 237.8 201.7 326.8 453.7 276.3 223.8 364.0 289.9 537.2 431.1 19.0 315.8 549.5 229.2 70.3 0.0 309.3 264.7 522.7 270.4 300.5 578.8 227.0 351.8 355.1 280.9 82.4 238.6 279.7 493.5 67.2 124.5 250.5 436.8 134.8 243.3 267.6 253.6 26.9 322.0 194.4 459.0 299.8 543.1 368.0 312.6 412.9 112.9 250.1
1609.2 307.7 148.9 193.5 238.4 525.9 298.8 128.1 147.8 131.4 319.2 280.1 262.8 502.3 363.1 121.6 176.4 426.5 205.1 193.2 356.2 162.7 404.7 131.3 368.1 319.2 322.1 386.9 146.5 488.3 215.9 470.8 281.1 188.6 108.8 427.7 74.1 480.8 255.2 199.4 200.6 218.3 282.2 179.8 24.4 287.8 413.4 255.4 216.9 281.9 523.0 550.5 309.2 237.2 203.4 152.8 278.3 313.9 335.5 285.7 349.4 347.8 494.7 296.3 595.5 71.8 203.0 490.0 193.1 179.6 371.4 498.3 146.7 224.8 408.6 126.5 581.3 475.7 312.0 10.7 593.6 88.4 309.2 331.1 0.0 301.3 509.4 315.0 345.1 571.8 271.6 392.8 399.7 133.3 269.8 95.3 20.0 537.6 244.0 206.6 295.1 481.4 190.1 287.9 216.3 164.0 304.1 192.4 239.0 503.1 344.4 480.1 344.6 357.2 457.5 262.2 120.5
1414.4 310.6 241.6 215.2 274.5 460.9 233.8 322.7 282.7 224.1 55.1 15.0 38.5 437.3 344.6 212.4 233.9 361.5 259.2 387.8 54.8 216.8 339.7 297.6 66.7 322.1 20.7 321.9 243.3 399.5 250.7 382.0 216.1 130.2 315.9 362.7 238.5 392.0 275.8 118.4 264.5 238.9 332.7 139.4 274.7 222.8 394.9 268.4 100.8 216.9 458.0 455.9 244.2 307.3 272.7 206.9 194.5 248.9 270.5 220.7 147.8 83.7 405.9 299.2 500.9 278.9 176.9 425.0 251.8 215.7 306.4 433.3 261.5 237.8 343.6 303.9 486.7 410.7 197.3 322.2 499.0 231.3 216.3 216.4 311.4 0.0 444.4 250.0 280.1 506.8 206.6 331.4 334.7 294.9 186.0 231.6 281.8 448.8 160.2 110.9 230.1 420.5 218.0 323.4 252.4 267.6 189.4 307.2 300.8 414.3 279.4 464.8 96.3 292.2 392.5 223.5 245.6
1735.8 247.3 462.3 321.8 301.9 149.5 263.9 385.5 345.5 429.3 508.9 468.8 492.3 125.9 130.5 426.5 344.9 127.1 430.6 450.6 447.6 388.2 160.5 360.4 425.2 235.5 433.8 218.5 404.9 139.6 339.1 114.3 232.7 409.8 416.0 231.1 452.2 88.0 352.7 420.6 327.3 333.7 272.8 401.0 465.7 226.2 157.8 413.0 438.1 269.8 146.6 119.2 204.0 312.9 353.5 378.3 499.5 279.0 222.5 273.6 601.6 537.5 71.9 257.4 164.2 412.3 424.2 113.6 365.9 326.9 231.4 181.6 374.3 382.4 252.3 366.7 150.0 154.1 448.9 513.2 162.3 466.5 446.1 468.0 502.4 453.7 0.0 280.1 202.2 257.7 280.3 196.2 155.5 357.7 491.0 439.0 472.8 29.4 465.2 427.8 218.9 49.6 415.6 316.1 322.5 330.4 441.0 364.1 313.5 154.4 309.5 20.3 550.1 190.1 86.1 399.1 399.4
1617.7 194.8 264.3 132.3 245.1 297.8 26.3 343.4 303.4 246.8 319.4 282.5 302.8 274.2 194.1 245.5 151.0 198.4 220.5 408.5 258.1 207.3 176.6 318.3 235.7 193.4 244.3 155.4 300.9 338.4 134.9 293.8 76.7 211.9 338.6 199.6 261.2 312.9 224.2 222.7 285.2 205.2 216.9 203.1 297.4 83.4 349.8 244.7 240.2 80.3 294.9 292.8 104.8 270.8 311.4 220.1 279.0 26.9 103.7 84.1 412.1 348.0 326.8 183.4 337.8 301.6 217.3 261.9 323.8 284.8 77.9 270.2 301.1 322.1 121.6 324.6 323.6 247.6 259.4 340.6 335.9 254.0 256.6 278.5 334.1 268.1 281.3 0.0 117.0 345.3 90.8 168.3 171.6 315.6 270.5 278.9 304.5 312.6 255.3 229.9 90.7 253.3 177.6 207.6 231.9 288.3 251.5 346.8 185.0 353.2 57.4 301.7 371.4 129.1 229.4 209.6 274.9
1635.6 145.0 282.2 150.2 199.6 180.7 92.3 283.2 243.2 264.7 337.3 300.4 320.7 157.1 77.0 263.4 168.9 81.3 238.4 348.3 276.0 225.2 59.5 258.1 253.6 133.2 262.2 41.7 302.6 231.1 152.8 176.7 61.1 229.8 313.7 82.5 279.1 195.8 242.1 240.6 225.0 223.1 170.5 221.0 315.3 54.6 232.7 262.6 258.1 98.2 177.8 175.7 44.6 210.6 251.2 276.0 296.9 107.4 9.5 102.0 430.0 365.9 209.7 155.1 220.7 310.0 235.2 144.8 263.6 224.6 29.1 153.1 272.0 280.1 75.5 264.4 206.5 130.5 277.3 358.5 218.8 271.9 274.5 296.4 352.0 286.0 164.2 107.0 0.0 228.2 108.7 51.2 54.5 255.4 288.4 296.8 322.4 195.5 273.2 247.8 47.3 136.2 195.5 213.8 220.2 228.1 269.4 261.8 202.9 245.9 137.9 184.6 389.3 12.0 112.3 227.5 292.8
1752.7 300.7 470.4 338.4 355.3 222.8 280.5 438.9 398.0 482.7 525.5 485.4 508.9 199.2 183.9 479.9 361.5 117.2 484.0 504.0 464.2 441.6 137.2 413.8 441.8 288.9 450.4 204.4 458.3 156.5 341.0 102.1 248.4 417.1 469.4 217.0 505.6 119.0 406.1 427.9 380.7 387.1 323.0 408.3 521.2 242.8 364.2 466.4 446.3 286.4 219.9 190.9 257.4 365.4 406.9 431.7 485.1 295.6 196.8 290.2 602.6 554.1 135.1 310.8 235.9 464.8 422.5 186.9 418.4 379.4 216.4 153.9 426.8 435.8 238.2 419.2 221.7 131.3 465.5 566.6 234.0 459.2 461.8 484.6 554.9 469.4 206.3 295.2 188.1 0.0 296.9 182.1 143.8 411.1 476.6 492.4 526.2 178.0 461.4 436.0 235.5 182.4 469.0 369.5 375.9 383.8 457.6 416.6 366.9 170.4 302.4 227.6 566.7 176.0 154.4 415.7 451.9
1577.0 103.9 208.8 76.8 154.2 286.5 59.4 299.5 259.5 191.3 280.8 243.9 264.2 262.9 170.2 190.0 95.5 187.1 165.0 364.6 219.5 237.0 165.3 274.4 284.1 115.4 205.7 147.5 245.4 336.1 44.0 318.6 41.7 156.4 330.0 188.3 205.7 328.6 133.3 167.2 241.3 114.3 126.0 147.6 241.9 48.4 220.5 208.3 184.7 42.5 283.6 281.5 69.8 226.9 261.5 227.1 223.5 74.5 96.1 46.3 373.5 309.4 342.5 92.5 326.5 246.1 161.8 250.6 279.9 240.9 132.0 258.9 288.3 231.2 169.2 280.7 312.3 236.3 203.9 285.1 324.6 198.5 201.1 223.0 278.6 229.5 270.0 75.6 105.7 334.0 0.0 157.0 160.3 271.7 215.0 223.4 249.0 301.3 199.8 174.4 55.7 242.0 122.1 116.7 141.0 244.4 196.0 278.1 94.1 350.9 105.0 290.4 332.8 117.8 218.1 154.1 219.4
1676.9 201.4 323.5 191.5 256.0 188.3 133.6 339.6 296.0 306.0 378.6 338.5 362.0 164.7 84.6 380.6 214.6 88.9 279.7 401.1 313.7 342.3 67.1 314.5 294.9 189.6 303.5 57.5 359.0 238.7 194.1 184.3 98.8 267.5 370.1 31.2 320.4 201.2 306.8 281.9 281.4 287.8 223.7 258.7 356.0 95.9 240.3 367.1 299.4 139.5 185.4 183.3 85.9 263.4 307.6 332.4 338.2 148.7 50.8 143.3 455.7 407.2 217.3 211.5 224.7 362.8 272.9 148.8 320.0 281.0 66.8 160.7 328.4 336.5 91.3 320.8 214.1 138.1 318.6 404.1 226.4 313.2 312.2 337.7 393.3 323.4 168.2 148.3 41.2 234.2 150.0 0.0 62.1 311.8 329.7 338.1 363.7 203.1 314.5 289.1 88.6 147.9 236.8 270.2 276.6 284.5 310.7 314.6 267.6 249.9 155.5 192.2 419.8 29.1 119.9 268.8 353.5
1679.9 156.8 326.5 194.5 211.4 126.1 136.6 295.0 255.0 338.8 381.6 344.7 365.0 102.5 40.0 343.6 213.2 26.7 340.1 360.1 320.3 297.7 5.0 269.9 297.9 145.0 306.5 60.5 314.4 176.5 197.1 122.1 105.4 274.1 325.5 73.1 361.7 141.2 262.2 284.9 236.8 243.2 182.3 265.3 378.2 98.9 195.7 322.5 302.4 142.5 123.2 121.1 113.5 222.4 263.0 287.8 341.2 151.7 53.8 146.3 474.3 410.2 155.1 166.9 166.1 321.8 279.5 90.2 275.4 236.4 73.4 98.5 283.8 291.9 94.3 276.2 151.9 75.9 321.6 418.4 164.2 316.2 318.8 340.7 411.9 330.3 109.6 151.3 44.2 173.6 153.0 41.8 0.0 267.2 332.7 348.5 382.3 140.9 317.5 292.1 91.6 81.6 325.1 225.6 232.0 239.9 313.7 273.6 223.0 191.3 158.5 130.0 433.6 32.1 57.7 271.8 308.9
1623.5 187.5 165.9 213.8 187.6 403.9 266.3 27.7 14.4 132.9 343.5 304.4 287.1 380.3 229.7 119.7 196.7 304.5 203.2 92.8 380.5 160.8 282.7 2.7 330.6 175.7 346.4 276.3 92.6 454.3 236.2 399.9 235.1 202.9 58.2 317.1 94.4 419.0 213.5 213.7 67.2 238.6 166.6 194.1 107.9 228.6 280.0 206.1 231.2 302.2 401.0 398.9 206.4 103.8 70.0 150.9 292.6 281.4 224.9 306.0 368.2 372.1 432.9 197.6 443.9 54.5 217.3 368.0 83.4 120.0 260.8 376.3 62.0 175.5 310.1 9.0 429.7 353.7 287.7 151.1 442.0 108.7 284.9 306.8 144.6 321.7 368.5 282.5 234.5 451.4 291.9 285.8 277.7 0.0 284.1 93.4 115.0 398.0 258.3 220.9 221.3 359.4 188.2 141.4 165.5 30.6 279.8 31.8 243.2 469.1 311.9 346.7 368.9 246.6 335.5 260.3 118.6
1496.0 254.4 230.8 140.2 258.4 472.6 245.5 324.4 260.0 213.3 284.9 248.0 268.3 449.0 356.3 203.1 117.5 373.2 169.0 389.5 270.2 155.8 351.4 274.9 203.1 265.9 209.8 333.6 220.6 413.1 162.6 395.6 227.8 119.8 305.1 374.4 227.7 405.6 201.9 130.6 241.8 165.0 225.9 111.0 266.9 234.5 406.6 246.9 103.7 228.6 469.7 475.3 255.9 284.6 250.0 168.6 8.4 260.6 282.2 232.4 377.6 313.5 419.5 243.0 520.3 268.1 65.9 436.7 229.1 193.0 318.1 528.0 267.6 215.1 355.3 281.2 506.1 505.4 42.6 307.1 518.4 220.5 61.6 61.7 300.6 233.6 491.6 261.7 291.8 547.7 218.3 343.1 346.4 272.2 0.0 229.9 271.0 462.4 36.1 93.4 241.8 428.1 126.1 234.6 258.9 244.9 34.7 313.3 185.7 427.9 291.1 512.0 336.9 303.9 404.2 104.2 241.4
1527.5 243.1 72.4 128.9 143.0 461.3 234.2 105.5 96.4 39.4 319.0 279.9 262.6 437.7 301.7 26.2 127.1 361.9 109.7 170.6 356.0 67.3 340.1 111.3 234.6 254.6 241.3 322.3 51.1 423.7 151.3 406.2 216.5 106.9 86.2 363.1 53.7 416.2 190.6 117.7 133.0 153.7 214.6 98.1 67.2 223.2 352.0 160.0 135.2 217.3 458.4 485.9 244.6 175.8 141.2 57.4 236.2 249.3 270.9 221.1 343.7 347.6 430.1 231.7 530.9 49.2 121.3 425.4 97.7 84.2 306.8 433.7 51.3 129.4 344.0 117.6 516.7 411.1 216.6 110.4 529.0 68.0 213.8 235.7 103.9 297.2 444.8 250.4 280.5 508.8 207.0 331.8 335.1 108.6 227.7 0.0 74.3 473.0 162.3 124.9 230.5 416.8 94.7 155.8 120.9 136.1 208.7 97.0 174.4 438.5 279.8 418.7 344.4 292.6 392.9 166.8 25.1
1589.1 287.6 128.8 173.4 218.3 505.8 278.7 108.0 127.7 111.3 348.8 309.7 292.4 482.2 343.0 101.5 156.3 406.4 185.0 173.1 385.8 142.6 384.6 111.2 296.2 299.1 351.7 366.8 126.4 468.2 195.8 450.7 261.0 168.5 88.7 407.6 54.0 460.7 235.1 179.3 180.5 198.2 259.1 159.7 4.3 267.7 393.3 235.3 196.8 261.8 502.9 530.4 289.1 217.1 183.3 132.7 258.2 293.8 315.4 265.6 373.5 377.4 474.6 276.2 575.4 51.7 182.9 469.9 173.0 159.5 351.3 478.2 126.6 204.7 388.5 106.4 561.2 455.6 291.9 36.0 573.5 68.3 289.1 311.0 29.5 327.0 489.3 294.9 325.0 553.3 251.5 376.3 379.6 113.2 249.7 75.2 0.0 517.5 223.9 186.5 275.0 461.3 170.0 267.8 196.2 143.9 284.0 172.3 218.9 483.0 324.3 460.0 374.2 337.1 437.4 242.1 100.4
1706.3 276.5 491.5 351.0 331.1 160.5 293.1 414.7 374.7 458.5 538.1 501.2 521.5 136.9 159.7 463.3 369.7 138.1 459.8 479.8 476.8 417.4 158.1 389.6 465.9 264.7 463.0 224.4 434.1 110.1 368.3 84.8 261.9 439.0 445.2 237.0 481.4 56.3 381.9 449.8 356.5 362.9 302.0 430.2 497.9 255.4 187.0 442.2 467.3 299.0 157.6 89.7 233.2 342.1 382.7 407.5 528.7 308.2 217.7 302.8 630.8 566.7 42.4 286.6 134.7 441.5 453.4 124.6 395.1 356.1 237.3 152.1 403.5 411.6 258.2 395.9 120.5 124.6 478.1 538.1 132.8 495.7 475.3 497.2 531.6 486.8 29.1 309.3 208.1 236.9 309.5 205.7 163.8 386.9 520.2 468.2 502.0 0.0 494.4 457.0 248.1 60.6 444.8 345.3 351.7 359.6 470.2 393.3 342.7 124.9 322.4 49.5 590.1 196.0 97.1 428.3 428.6
1459.8 248.8 225.2 134.6 252.8 467.0 239.9 277.1 237.1 207.7 248.7 211.8 232.1 443.4 350.7 197.5 111.9 456.0 163.4 342.2 234.0 150.2 345.8 252.0 166.9 260.3 173.6 328.0 197.7 376.9 157.0 359.4 222.2 114.2 299.5 368.8 222.1 369.4 196.3 72.8 218.9 159.4 220.3 105.4 258.3 228.9 401.0 241.3 67.5 223.0 464.1 439.1 250.3 261.7 227.1 163.0 34.2 255.0 276.6 226.8 341.4 277.3 383.3 237.4 484.1 262.5 60.3 431.1 206.2 170.1 312.5 491.8 215.9 192.2 349.7 258.3 469.9 469.2 37.0 301.5 482.2 214.9 56.0 56.1 295.0 197.4 455.4 256.1 286.2 511.5 212.7 337.5 340.8 249.3 25.7 224.3 265.4 426.2 0.0 57.2 236.2 486.9 120.5 229.0 206.8 222.0 29.1 261.6 180.1 391.7 285.5 475.8 300.7 298.3 398.6 98.6 235.8
1402.5 217.3 130.6 103.1 163.5 503.4 208.4 211.7 171.7 113.1 191.4 154.5 174.8 479.8 322.2 93.8 86.0 398.7 148.2 276.8 176.7 105.8 418.7 186.6 109.6 228.8 116.3 296.5 132.3 319.6 125.5 302.1 190.7 19.2 204.9 337.3 127.5 312.1 164.8 7.4 153.5 127.9 188.8 28.4 163.7 197.4 372.5 157.4 10.2 191.5 500.5 381.8 218.8 196.3 161.7 95.9 83.5 223.5 245.1 195.3 284.1 220.0 326.0 205.9 426.8 167.9 65.9 467.5 140.8 104.7 281.0 434.5 150.5 126.8 318.2 192.9 412.6 411.9 86.3 206.9 424.9 120.3 105.3 105.4 200.4 140.1 398.1 224.6 254.7 454.2 181.2 306.0 309.3 183.9 75.0 120.6 170.8 368.9 49.2 0.0 204.7 429.6 107.0 176.3 141.4 156.6 78.4 196.2 148.6 334.4 254.0 418.5 243.4 266.8 435.0 112.5 134.6
1588.2 114.4 234.8 102.8 169.0 230.7 44.9 252.6 212.6 217.3 289.9 253.0 273.3 207.1 114.4 301.2 121.5 131.3 191.0 317.7 228.6 255.3 109.5 227.5 206.2 102.6 214.8 91.7 272.0 308.9 105.4 226.7 13.7 182.4 283.1 132.5 231.7 245.8 219.8 193.2 194.4 200.8 139.9 173.6 267.9 7.2 164.7 280.1 210.7 50.8 227.8 225.7 14.0 180.0 220.6 245.4 249.5 60.0 40.3 54.6 382.6 318.5 259.7 124.5 270.7 279.4 187.8 194.8 233.0 194.0 76.2 203.1 241.4 249.5 154.7 233.8 256.5 180.5 229.9 311.1 268.8 224.5 227.1 249.0 304.6 238.6 214.2 61.1 49.9 278.2 61.3 101.2 104.5 224.8 241.0 249.4 275.0 245.5 225.8 200.4 0.0 186.2 148.1 183.2 189.6 197.5 222.0 231.2 180.6 323.7 90.5 234.6 341.9 62.0 162.3 180.1 266.5
1765.6 260.0 429.7 297.7 314.6 99.8 239.8 398.2 369.4 442.0 484.8 444.7 474.6 76.2 143.2 439.2 320.8 83.8 443.3 474.5 429.9 400.9 97.4 373.1 401.1 248.2 409.7 163.7 417.6 169.4 300.3 158.1 208.6 377.3 428.7 176.3 464.9 117.8 365.4 444.5 340.0 346.4 282.3 368.5 481.4 202.1 185.8 425.7 405.6 245.7 96.9 157.1 216.7 325.6 366.2 391.0 444.4 254.9 163.4 249.5 561.9 513.4 101.7 270.1 208.5 425.0 448.1 65.3 378.6 339.6 176.6 140.9 398.2 395.1 197.5 379.4 187.9 111.9 424.8 525.9 200.2 425.8 422.0 443.9 515.1 436.0 27.9 254.5 147.4 208.0 256.2 141.4 103.1 370.4 435.9 451.7 485.5 59.2 420.7 395.3 194.8 0.0 428.3 328.8 335.2 343.1 416.9 376.8 326.2 184.2 261.7 48.3 536.8 135.3 36.4 375.0 412.1
1529.1 148.3 145.0 34.1 152.3 366.5 139.4 209.3 189.0 112.0 318.0 281.1 301.4 342.9 250.2 76.9 31.4 267.1 42.8 274.4 303.3 29.6 245.3 203.9 236.2 159.8 242.9 227.5 143.7 328.9 56.5 311.4 121.7 108.5 190.0 268.3 157.5 321.4 95.8 119.3 154.6 58.9 119.8 99.7 171.0 128.4 300.5 140.8 136.8 122.5 363.6 391.1 149.8 238.7 162.8 42.4 141.4 154.5 176.1 126.3 410.7 346.6 335.3 136.9 436.1 153.0 79.7 330.6 141.9 105.8 212.0 338.9 143.9 189.3 249.2 210.2 421.9 316.3 121.8 214.2 434.2 171.8 119.0 140.9 207.7 266.7 350.0 155.6 185.7 414.0 112.2 237.0 240.3 201.2 132.9 103.7 178.1 378.2 117.7 126.5 135.7 322.0 0.0 128.5 152.8 157.7 113.9 189.6 79.6 343.7 185.0 370.4 370.0 197.8 298.1 72.0 117.7
1562.4 101.5 196.3 113.6 37.4 407.2 180.1 182.7 142.7 163.3 351.3 314.4 334.7 383.6 221.6 128.2 147.6 307.8 162.6 247.8 336.6 120.2 286.0 157.6 269.5 113.0 276.2 268.2 139.9 394.1 113.8 376.6 162.4 141.8 213.2 309.0 249.4 386.6 77.4 152.6 124.5 78.4 70.1 133.0 265.9 169.1 271.9 145.0 170.1 163.2 404.3 402.2 190.5 110.1 144.7 110.3 231.5 195.2 216.8 167.0 444.0 379.9 400.5 90.1 447.2 209.5 156.2 371.3 163.1 124.1 252.7 379.6 171.5 114.4 289.9 163.9 433.0 357.0 226.6 306.1 445.3 201.9 223.8 245.7 299.6 300.0 360.4 196.3 226.4 454.7 120.6 277.7 281.0 154.9 223.0 155.0 270.0 443.4 197.2 159.8 176.4 362.7 147.6 0.0 24.2 127.6 218.7 161.3 58.2 408.9 225.7 338.6 403.3 238.5 338.8 202.8 196.6
1538.1 136.4 172.0 140.4 22.0 387.3 215.0 185.3 145.3 139.0 327.0 290.1 310.4 363.7 213.1 103.9 123.3 287.9 138.3 250.4 312.3 95.9 266.1 160.2 245.2 147.9 251.9 303.1 115.6 415.7 143.3 398.2 197.3 117.5 215.8 343.9 184.5 408.2 53.1 128.3 127.1 100.0 66.6 108.7 201.0 204.0 263.4 120.7 145.8 198.1 384.4 382.3 225.4 112.7 120.4 86.0 207.2 230.1 251.7 201.9 419.7 355.6 422.1 125.0 427.3 212.1 131.9 351.4 165.7 63.4 287.6 359.7 174.1 90.1 324.8 166.5 413.1 337.1 202.3 241.2 425.4 177.6 199.5 221.4 234.7 275.7 351.9 231.2 261.3 434.8 155.5 312.6 261.1 157.5 198.7 130.7 205.1 381.4 172.9 135.5 211.3 342.8 123.3 34.8 0.0 130.2 194.4 163.9 82.8 430.5 260.6 330.1 379.0 273.4 318.9 178.5 128.1
1592.8 156.8 131.8 195.1 156.9 373.2 235.6 55.0 15.0 98.8 370.8 331.7 314.4 349.6 199.0 103.6 178.0 273.8 187.1 120.1 407.8 144.7 252.0 29.9 299.9 145.0 306.6 245.6 74.4 423.6 217.5 369.2 204.4 172.2 85.5 286.4 121.7 388.3 182.8 183.0 36.5 218.4 135.9 163.4 138.2 197.9 249.3 163.3 200.5 283.5 370.3 368.2 175.7 73.1 39.3 134.8 261.9 250.7 194.2 287.3 395.5 399.4 402.2 166.9 413.2 81.8 186.6 337.3 52.7 89.3 230.1 345.6 43.8 132.7 279.4 36.2 399.0 323.0 257.0 178.4 411.3 136.0 254.2 276.1 171.9 349.0 337.8 251.8 203.8 420.7 273.2 255.1 247.0 27.2 253.4 108.5 142.3 367.3 227.6 190.2 190.6 328.7 172.1 110.7 134.8 0.0 249.1 33.6 212.5 438.4 281.2 316.0 396.2 215.9 304.8 233.2 68.9
1500.1 236.1 212.5 121.9 240.1 454.3 227.2 306.1 241.7 195.0 289.0 252.1 272.4 430.7 338.0 184.8 99.2 354.9 150.7 371.2 274.3 137.5 333.1 256.6 207.2 247.6 213.9 315.3 202.3 417.2 144.3 399.7 209.5 101.5 286.8 356.1 209.4 409.7 183.6 112.3 223.5 146.7 207.6 92.7 248.6 216.2 388.3 228.6 107.8 210.3 451.4 479.4 237.6 266.3 231.7 150.3 63.9 242.3 263.9 214.1 381.7 317.6 423.6 224.7 524.4 249.8 47.6 418.4 210.8 174.7 299.8 426.7 249.3 196.8 337.0 262.9 510.2 404.1 7.9 288.8 522.5 202.2 43.3 26.9 282.3 237.7 495.7 243.4 273.5 551.8 200.0 324.8 328.1 253.9 55.4 211.6 252.7 466.5 40.2 97.5 223.5 409.8 107.8 216.3 240.6 226.6 0.0 295.0 167.4 432.0 272.8 516.1 341.0 285.6 385.9 85.9 223.1
1608.3 188.2 132.7 204.5 172.4 404.6 267.0 73.9 33.9 99.7 397.2 354.6 333.3 381.0 230.4 104.5 184.2 305.2 188.0 139.0 426.7 145.6 283.4 48.8 315.4 176.4 322.1 277.0 75.3 455.0 226.9 400.6 235.8 187.7 104.4 317.8 163.2 417.5 198.3 198.5 67.9 219.3 164.1 178.9 176.7 229.3 280.7 164.2 216.0 292.9 401.7 399.6 207.1 104.5 49.9 135.7 277.4 282.1 225.6 296.7 419.9 425.8 433.6 198.3 444.6 100.7 202.1 368.7 101.9 104.8 261.5 377.0 44.7 133.6 310.8 55.1 430.4 354.4 272.5 224.2 442.7 169.6 269.7 291.6 213.4 342.0 369.2 283.2 235.2 450.5 282.6 282.9 278.4 46.1 268.9 109.4 183.8 398.7 243.1 205.7 222.0 360.1 173.0 185.2 150.3 31.3 264.6 0.0 228.0 469.8 312.6 347.4 425.9 247.3 336.2 245.1 69.8
1555.5 89.5 187.3 55.3 72.6 373.4 146.3 231.6 191.6 169.8 334.8 297.9 318.2 349.8 210.0 177.1 74.0 274.0 211.5 296.7 273.5 169.1 252.2 206.5 262.6 101.0 259.7 234.4 188.8 335.8 63.4 318.3 128.6 134.9 262.1 275.2 184.2 328.3 39.1 145.7 173.4 20.1 40.1 126.1 220.4 135.3 260.3 114.1 163.2 129.4 370.5 398.0 156.7 159.0 193.6 159.2 202.0 161.4 183.0 133.2 452.7 363.4 342.2 78.1 443.0 258.4 140.3 337.5 212.0 173.0 218.9 345.8 220.4 162.6 256.1 212.8 428.8 323.2 182.4 263.6 441.1 177.0 179.6 201.5 257.1 283.5 356.9 162.5 192.6 420.9 108.6 243.9 247.2 203.8 193.5 201.9 227.5 385.1 178.3 152.9 142.6 328.9 100.6 48.8 73.1 176.5 174.5 210.2 0.0 350.6 191.9 327.0 386.8 204.7 305.0 132.6 197.9
1666.4 351.9 521.6 389.6 406.5 274.0 331.7 490.1 450.1 533.9 507.8 473.0 491.2 250.4 235.1 538.7 408.3 169.3 535.2 555.2 472.7 492.8 189.3 465.0 426.0 340.1 432.7 255.6 509.5 12.7 392.2 72.7 300.5 438.7 520.6 268.2 556.8 80.5 457.3 426.9 431.9 438.3 377.4 460.4 570.3 294.0 347.9 517.6 409.3 337.6 271.1 152.4 308.6 417.5 458.1 482.9 536.3 346.8 248.9 341.4 600.5 536.4 96.6 362.0 197.4 516.9 474.6 238.1 470.5 431.5 268.5 205.1 478.9 487.0 289.4 471.3 183.2 182.5 516.7 617.8 195.5 511.3 513.9 535.8 607.0 452.6 168.7 346.4 239.3 224.8 348.1 233.3 195.0 462.3 527.8 543.6 577.4 139.5 512.6 419.4 286.7 200.2 520.2 420.7 427.1 435.0 508.8 468.7 418.1 0.0 353.6 189.1 553.4 227.2 205.6 466.9 504.0
1644.8 221.9 291.4 159.4 272.2 305.0 53.4 370.5 330.5 273.9 346.5 309.6 329.9 281.4 201.3 272.6 178.1 205.6 247.6 435.6 285.2 234.4 183.8 345.4 262.8 220.5 271.4 97.9 328.0 355.4 162.0 301.0 103.8 239.0 365.7 206.8 288.3 320.1 251.3 249.8 312.3 232.3 244.0 230.2 324.5 110.5 357.0 271.8 267.3 107.4 302.1 300.0 131.9 297.9 338.5 247.2 306.1 39.6 139.3 111.2 439.2 375.1 334.0 210.5 345.0 328.7 244.4 269.1 350.9 311.9 153.0 277.4 328.2 349.2 64.2 351.7 330.8 254.8 286.5 367.7 343.1 281.1 283.7 305.6 361.2 295.2 288.5 75.1 129.7 352.5 117.9 175.5 178.8 342.7 297.6 306.0 331.6 319.8 282.4 257.0 117.8 260.5 204.7 234.7 259.0 315.4 278.6 373.9 212.1 370.2 0.0 308.9 398.5 136.3 236.6 236.7 302.0
1757.6 226.9 441.9 301.4 281.5 171.3 243.5 365.1 325.1 408.9 488.5 451.6 471.9 147.7 110.1 413.7 320.1 161.9 410.2 430.2 427.2 367.8 140.1 340.0 404.8 215.1 413.4 198.1 384.5 161.4 318.7 136.1 212.3 389.4 395.6 210.7 431.8 107.6 332.3 400.2 306.9 313.3 252.4 380.6 448.3 205.8 137.4 392.6 417.7 249.4 168.4 141.0 183.6 292.5 333.1 357.9 479.1 258.6 202.1 253.2 581.2 517.1 93.7 237.0 186.0 391.9 403.8 135.4 345.5 306.5 211.0 203.4 353.9 362.0 231.9 346.3 171.8 175.9 428.5 488.5 184.1 446.1 425.7 447.6 482.0 437.2 21.7 259.7 181.8 281.1 259.9 179.4 135.1 337.3 470.6 418.6 452.4 51.2 444.8 407.4 198.5 71.4 395.2 295.7 302.1 310.0 420.6 343.7 293.1 176.2 289.1 0.0 540.5 169.7 107.9 378.7 379.0
1511.6 432.9 363.9 337.5 396.8 583.2 356.1 375.5 400.6 346.4 47.3 101.0 99.1 559.6 466.9 327.1 356.2 490.2 381.5 481.1 177.1 339.1 457.6 419.9 189.0 444.4 143.0 444.2 365.6 521.8 373.0 504.3 344.8 248.1 394.4 485.0 317.0 514.3 398.1 240.7 386.8 361.2 455.0 257.3 353.2 345.1 512.8 390.7 223.1 339.2 580.3 578.2 366.5 425.2 395.0 329.2 316.8 371.2 392.8 343.0 42.3 104.2 528.2 421.5 618.8 355.3 294.8 544.3 369.7 344.4 424.3 562.0 390.2 360.1 465.9 432.6 609.0 533.0 319.6 385.4 621.3 305.2 334.2 338.7 387.5 128.6 562.3 372.3 402.4 630.7 328.9 453.7 457.0 417.2 308.3 353.9 360.3 571.1 282.5 233.2 352.4 538.7 340.3 445.7 374.7 389.9 311.7 425.1 423.1 536.6 401.7 587.1 0.0 414.5 514.8 345.8 363.5
1647.7 181.7 294.3 162.3 236.3 168.6 104.4 319.9 279.9 276.8 349.4 312.5 332.8 145.0 64.9 275.5 181.0 69.2 250.5 385.0 288.1 322.6 47.4 294.8 265.7 169.9 274.3 28.3 339.3 219.0 164.9 164.6 73.2 241.9 350.4 70.4 291.2 183.7 287.1 252.7 261.7 268.1 207.2 233.1 330.4 66.7 220.6 347.4 270.2 110.3 165.7 163.6 56.7 247.3 287.9 312.7 309.0 119.5 21.6 114.1 442.1 378.0 197.6 191.8 208.6 346.7 247.3 132.7 300.3 261.3 41.2 141.0 308.7 316.8 62.1 301.1 194.4 118.4 289.4 370.6 206.7 284.0 286.6 308.5 364.1 298.1 152.1 119.1 12.0 216.1 120.8 39.1 42.4 292.1 300.5 308.9 334.5 183.4 285.3 259.9 59.4 124.1 207.6 250.5 256.9 264.8 281.5 298.5 247.9 233.8 126.3 172.5 401.4 0.0 100.2 239.6 333.8
1772.2 223.5 393.2 261.2 278.1 68.3 203.3 361.7 321.7 405.5 448.3 411.4 431.7 44.7 106.7 410.3 279.9 40.9 406.8 426.8 387.0 364.4 60.9 336.6 364.6 211.7 373.2 127.2 381.1 176.0 263.8 121.6 172.1 340.8 392.2 139.8 428.4 140.7 328.9 351.6 303.5 309.9 249.0 332.0 441.9 165.6 209.7 389.2 369.1 209.2 65.4 120.6 180.2 289.1 329.7 354.5 407.9 218.4 120.5 213.0 541.0 476.9 125.6 233.6 165.6 388.5 346.2 32.4 342.1 303.1 140.1 98.0 350.5 358.6 161.0 342.9 151.4 75.4 388.3 485.1 163.7 382.9 385.5 407.4 478.6 397.0 51.8 218.0 110.9 173.1 219.7 108.5 66.6 333.9 399.4 415.2 449.0 83.1 384.2 358.8 158.3 23.8 391.8 292.3 298.7 306.6 380.4 340.3 289.7 190.8 225.2 72.2 500.3 98.8 0.0 338.5 375.6
1515.1 203.1 179.5 88.9 207.1 421.3 194.2 273.1 261.4 162.0 304.0 267.1 287.4 397.7 305.0 151.8 66.2 321.9 117.7 338.2 289.3 104.5 300.1 276.3 222.2 214.6 228.9 282.3 216.1 383.7 111.3 366.2 176.5 94.5 253.8 323.1 176.4 376.2 150.6 105.3 216.5 113.7 174.6 85.7 212.6 183.2 355.3 195.6 122.8 177.3 418.4 445.9 204.6 259.3 224.7 117.3 102.3 209.3 230.9 181.1 396.7 332.6 390.1 191.7 490.9 216.8 40.6 385.4 203.8 167.7 266.8 393.7 216.3 189.8 304.0 282.6 476.7 371.1 82.7 255.8 489.0 169.2 79.9 101.8 249.3 252.7 404.8 210.4 240.5 468.8 167.0 291.8 295.1 273.6 93.8 178.6 219.7 433.0 78.6 112.5 190.5 376.8 74.8 183.3 207.6 219.6 74.8 262.0 134.4 398.5 239.8 425.2 356.0 252.6 352.9 0.0 190.1
1535.9 248.8 62.8 134.6 151.4 467.0 239.9 111.2 71.2 29.8 350.7 315.6 294.3 443.4 287.7 34.6 114.3 367.6 118.1 176.3 387.7 75.7 345.8 86.1 243.0 260.3 249.7 328.0 25.9 429.4 157.0 411.9 222.2 115.3 141.7 368.8 93.3 419.7 196.3 126.1 141.4 159.4 220.3 106.5 106.8 228.9 338.0 134.8 143.6 223.0 464.1 491.6 250.3 161.8 121.8 65.8 244.6 255.0 276.6 226.8 380.9 379.3 435.8 237.4 536.6 88.8 129.7 432.5 72.5 92.6 312.5 439.4 26.1 104.2 349.7 92.4 522.4 416.8 225.0 154.3 534.7 99.7 222.2 244.1 143.5 332.8 450.5 256.1 286.2 512.9 212.7 337.5 340.8 83.4 236.1 39.5 113.9 478.7 170.7 133.3 236.2 426.6 103.1 164.2 129.3 127.6 217.1 71.8 180.1 444.2 285.5 404.7 376.1 298.3 398.6 175.2 0.0
