Name		2845_BED-Amazon_n113_m232_bt34
Number_of_Customers	113
Number_of_Items		232
Number_of_ItemTypes	34
Number_of_Vehicles	1
TimeWindows		0
Dist_type	manual

VEHICLE
Mass_Capacity	1693
CargoSpace_Length	160
CargoSpace_Width	70
CargoSpace_Height	72

CUSTOMERS
i	x	y	Demand	ReadyTime	DueDate	ServiceTime	DemandedMass	DemandedVolume
0	33.918699	-118.324843	0	0	0	0	0	0
1	33.882846	-118.400676	3	0	0	0	12.7	7660
2	33.881398	-118.398219	3	0	0	0	9.96	17444
3	33.880204	-118.401552	1	0	0	0	4.7	1380
4	33.877702	-118.405476	2	0	0	0	5.4	4020
5	33.880365	-118.403941	1	0	0	0	4.7	1380
6	33.878599	-118.397267	2	0	0	0	9.11	16655
7	33.882863	-118.39928	1	0	0	0	3.01	5544
8	33.876959	-118.398226	1	0	0	0	7.3	3640
9	33.88104	-118.397107	1	0	0	0	2.5	3978
10	33.875779	-118.403121	5	0	0	0	32.37	60248
11	33.878672	-118.402391	1	0	0	0	1.9	1176
12	33.877121	-118.397478	1	0	0	0	4.7	1380
13	33.879671	-118.403667	1	0	0	0	14.1	4140
14	33.879	-118.403919	1	0	0	0	4.7	1380
15	33.879824	-118.396051	3	0	0	0	9.74	24100
16	33.882258	-118.402088	1	0	0	0	0.7	2640
17	33.879355	-118.397327	1	0	0	0	0.7	2640
18	33.877346	-118.405001	3	0	0	0	13.8	7540
19	33.876001	-118.398144	1	0	0	0	3.01	5544
20	33.878898	-118.405993	4	0	0	0	9.64	16499
21	33.875895	-118.39937	1	0	0	0	3.82	7600
22	33.878393	-118.401815	3	0	0	0	12.7	7660
23	33.872151	-118.402403	1	0	0	0	4.7	1380
24	33.88377	-118.399566	2	0	0	0	7.3	10178
25	33.88148	-118.395917	1	0	0	0	4.7	1380
26	33.880789	-118.398225	2	0	0	0	9.5	7580
27	33.883479	-118.399286	2	0	0	0	2.45	7248
28	33.87935	-118.39631	1	0	0	0	1.9	1176
29	33.882901	-118.405829	3	0	0	0	11.42	24396
30	33.879895	-118.405317	2	0	0	0	4.35	15008
31	33.883432	-118.398229	1	0	0	0	4.7	1380
32	33.880884	-118.400347	1	0	0	0	2.5	3978
33	33.879887	-118.403204	4	0	0	0	24.4	36638
34	33.879715	-118.405993	1	0	0	0	0.7	2640
35	33.880254	-118.406393	2	0	0	0	9.5	7580
36	33.879246	-118.407401	1	0	0	0	14.6	7280
37	33.880922	-118.404479	3	0	0	0	7.3	5196
38	33.882861	-118.403685	1	0	0	0	14.15	1000
39	33.880023	-118.405096	5	0	0	0	14.99	29822
40	33.881791	-118.397116	2	0	0	0	12.0	5020
41	33.876646	-118.4039	1	0	0	0	0.7	2640
42	33.87434	-118.401694	1	0	0	0	3.8	8140
43	33.881349	-118.396755	2	0	0	0	2.6	3816
44	33.882615	-118.404823	2	0	0	0	6.1	6660
45	33.878604	-118.398872	3	0	0	0	6.27	15828
46	33.875253	-118.402797	4	0	0	0	18.7	20536
47	33.879296	-118.404866	1	0	0	0	2.15	1080
48	33.879214	-118.403195	1	0	0	0	1.4	5280
49	33.873791	-118.403143	3	0	0	0	7.85	11268
50	33.878241	-118.400337	1	0	0	0	4.7	1380
51	33.876719	-118.396566	1	0	0	0	3.82	7600
52	33.87598	-118.399879	1	0	0	0	2.91	13520
53	33.877602	-118.4033	2	0	0	0	12.03	13640
54	33.873072	-118.403261	2	0	0	0	2.45	7248
55	33.871762	-118.402167	1	0	0	0	7.57	28120
56	33.877871	-118.398	1	0	0	0	4.7	1380
57	33.882958	-118.405172	1	0	0	0	7.3	3640
58	33.883043	-118.39714	2	0	0	0	12.0	5020
59	33.877927	-118.404761	1	0	0	0	0.7	2640
60	33.874848	-118.403851	1	0	0	0	14.1	4140
61	33.882095	-118.397122	1	0	0	0	7.3	3640
62	33.876712	-118.400759	1	0	0	0	2.6	10400
63	33.88197	-118.400652	1	0	0	0	4.7	1380
64	33.875958	-118.402146	1	0	0	0	0.7	2640
65	33.881895	-118.398314	1	0	0	0	7.63	16848
66	33.880138	-118.396806	1	0	0	0	1.9	1176
67	33.880269	-118.407426	3	0	0	0	8.93	25619
68	33.883031	-118.39823	1	0	0	0	3.01	5544
69	33.8784	-118.406402	1	0	0	0	1.75	4608
70	33.875517	-118.403675	1	0	0	0	2.5	3978
71	33.881513	-118.406963	7	0	0	0	24.36	26944
72	33.878434	-118.405122	1	0	0	0	2.11	11745
73	33.877289	-118.399727	2	0	0	0	3.2	6618
74	33.877456	-118.400337	1	0	0	0	0.7	2640
75	33.88029	-118.407203	1	0	0	0	1.4	5280
76	33.876728	-118.404353	1	0	0	0	7.3	3640
77	33.882512	-118.402083	1	0	0	0	1.9	1176
78	33.87542	-118.402355	1	0	0	0	2.91	13520
79	33.873455	-118.404052	1	0	0	0	4.7	1380
80	33.877143	-118.402438	2	0	0	0	5.19	21708
81	33.874914	-118.403885	1	0	0	0	4.7	1380
82	33.879365	-118.401381	1	0	0	0	0.7	2640
83	33.87955	-118.406308	3	0	0	0	12.05	23124
84	33.87689	-118.403278	2	0	0	0	5.1	14378
85	33.879308	-118.402729	1	0	0	0	0.7	2640
86	33.876003	-118.3968	1	0	0	0	3.01	5544
87	33.875979	-118.401029	1	0	0	0	3.01	5544
88	33.874098	-118.404046	1	0	0	0	0.7	2640
89	33.881967	-118.402808	1	0	0	0	2.5	3978
90	33.876133	-118.403719	2	0	0	0	14.8	6780
91	33.876719	-118.399279	2	0	0	0	6.1	6660
92	33.881395	-118.405216	7	0	0	0	51.96	34598
93	33.882177	-118.404368	1	0	0	0	4.7	1380
94	33.881806	-118.406805	1	0	0	0	3.01	5544
95	33.874442	-118.404906	2	0	0	0	2.45	7248
96	33.878836	-118.40034	2	0	0	0	12.1	9840
97	33.88086	-118.39711	2	0	0	0	5.34	18276
98	33.878384	-118.406978	2	0	0	0	6.45	5988
99	33.875076	-118.3982	1	0	0	0	0.7	2640
100	33.873183	-118.404421	2	0	0	0	5.72	9756
101	33.882121	-118.406846	4	0	0	0	26.9	16620
102	33.877392	-118.403899	1	0	0	0	4.7	1380
103	33.882282	-118.39606	3	0	0	0	8.53	29745
104	33.876583	-118.402603	3	0	0	0	22.58	21170
105	33.87672	-118.397016	2	0	0	0	7.54	13260
106	33.87699	-118.403028	1	0	0	0	4.7	1380
107	33.883512	-118.397148	1	0	0	0	0.7	2640
108	33.877864	-118.399972	4	0	0	0	13.63	36138
109	33.8786	-118.397059	1	0	0	0	2.91	13520
110	33.881927	-118.399582	3	0	0	0	10.85	16018
111	33.880508	-118.403537	3	0	0	0	22.1	10420
112	33.880771	-118.395908	2	0	0	0	2.45	7248
113	33.881845	-118.404199	3	0	0	0	11.25	12188

ITEMS
Type	Length	Width	Height	Mass	Fragility	LoadBearingStrength
Bt1	10	10	10	14.15	1	0
Bt2	18	12	5	2.15	1	0
Bt3	21	14	4	1.9	1	0
Bt4	23	15	4	4.7	1	0
Bt5	20	18	7	1.8	1	0
Bt6	15	11	16	0.7	1	0
Bt7	20	14	13	7.3	1	0
Bt8	17	13	18	2.5	1	0
Bt9	24	12	16	1.75	1	0
Bt10	28	22	9	3.01	1	0
Bt11	30	19	10	2.15	1	0
Bt12	31	20	10	4.8	1	0
Bt13	21	13	26	3.816	1	0
Bt14	29	20	13	2.33	1	0
Bt15	40	19	10	3.82	1	0
Bt16	20	20	20	21.36	1	0
Bt17	25	19	17	5.29	1	0
Bt18	37	20	11	3.8	1	0
Bt19	22	15	26	3.816	1	0
Bt20	28	18	18	2.75	1	0
Bt21	50	20	10	4.73	1	0
Bt22	40	20	13	2.6	1	0
Bt23	29	27	15	2.11	1	0
Bt24	54	20	11	2.84	1	0
Bt25	38	29	11	5.088	1	0
Bt26	24	24	22	2.8	1	0
Bt27	26	20	26	2.91	1	0
Bt28	27	23	24	2.94	1	0
Bt29	39	27	16	7.63	1	0
Bt30	57	15	20	3.44	1	0
Bt31	40	26	21	4.82	1	0
Bt32	41	20	29	3.42	1	0
Bt33	38	30	22	12.4	1	0
Bt34	38	37	20	7.568	1	0

DEMANDS PER CUSTOMER
i	Type Quantity
1	Bt7 1	Bt6 1	Bt4 1	
2	Bt11 1	Bt12 1	Bt10 1	
3	Bt4 1	
4	Bt6 1	Bt4 1	
5	Bt4 1	
6	Bt17 1	Bt19 1	
7	Bt10 1	
8	Bt7 1	
9	Bt8 1	
10	Bt4 3	Bt9 1	Bt32 1	Bt33 1	Bt6 1	
11	Bt3 1	
12	Bt4 1	
13	Bt4 3	
14	Bt4 1	
15	Bt19 1	Bt6 3	Bt15 1	
16	Bt6 1	
17	Bt6 1	
18	Bt7 1	Bt4 1	Bt5 1	
19	Bt10 1	
20	Bt17 1	Bt9 1	Bt6 1	Bt3 1	
21	Bt15 1	
22	Bt6 1	Bt4 1	Bt7 1	
23	Bt4 1	
24	Bt8 1	Bt12 1	
25	Bt4 1	
26	Bt4 1	Bt12 1	
27	Bt6 1	Bt9 1	
28	Bt3 1	
29	Bt4 1	Bt3 1	Bt31 1	
30	Bt22 1	Bt9 1	
31	Bt4 1	
32	Bt8 1	
33	Bt4 1	Bt8 1	Bt33 1	Bt12 1	
34	Bt6 1	
35	Bt4 1	Bt12 1	
36	Bt7 2	
37	Bt3 1	Bt6 1	Bt4 1	
38	Bt1 1	
39	Bt9 1	Bt20 1	Bt4 1	Bt25 1	Bt6 1	
40	Bt4 1	Bt7 1	
41	Bt6 1	
42	Bt18 1	
43	Bt6 1	Bt3 1	
44	Bt6 2	Bt4 1	
45	Bt9 1	Bt19 1	Bt6 1	
46	Bt4 2	Bt12 1	Bt22 1	Bt3 1	
47	Bt2 1	
48	Bt6 2	
49	Bt4 1	Bt6 2	Bt9 1	
50	Bt4 1	
51	Bt15 1	
52	Bt27 1	
53	Bt21 1	Bt7 1	
54	Bt9 1	Bt6 1	
55	Bt34 1	
56	Bt4 1	
57	Bt7 1	
58	Bt4 1	Bt7 1	
59	Bt6 1	
60	Bt4 3	
61	Bt7 1	
62	Bt22 1	
63	Bt4 1	
64	Bt6 1	
65	Bt29 1	
66	Bt3 1	
67	Bt28 1	Bt17 1	Bt6 1	
68	Bt10 1	
69	Bt9 1	
70	Bt8 1	
71	Bt6 1	Bt7 1	Bt10 1	Bt9 1	Bt8 2	Bt3 1	Bt4 1	
72	Bt23 1	
73	Bt8 1	Bt6 1	
74	Bt6 1	
75	Bt6 2	
76	Bt7 1	
77	Bt3 1	
78	Bt27 1	
79	Bt4 1	
80	Bt30 1	Bt9 1	
81	Bt4 1	
82	Bt6 1	
83	Bt6 3	Bt9 3	Bt4 1	
84	Bt22 1	Bt8 1	
85	Bt6 1	
86	Bt10 1	
87	Bt10 1	
88	Bt6 1	
89	Bt8 1	
90	Bt4 3	Bt6 1	
91	Bt6 2	Bt4 1	
92	Bt4 1	Bt15 1	Bt6 1	Bt16 1	Bt1 1	Bt21 1	Bt8 1	
93	Bt4 1	
94	Bt10 1	
95	Bt6 1	Bt9 1	
96	Bt12 1	Bt7 1	
97	Bt3 1	Bt30 1	
98	Bt4 1	Bt9 1	
99	Bt6 1	
100	Bt3 1	Bt19 1	
101	Bt4 3	Bt7 1	Bt6 1	Bt12 1	
102	Bt4 1	
103	Bt15 1	Bt22 1	Bt23 1	
104	Bt17 2	Bt4 1	Bt7 1	
105	Bt24 1	Bt4 1	
106	Bt4 1	
107	Bt6 1	
108	Bt8 1	Bt26 1	Bt29 1	Bt6 1	
109	Bt27 1	
110	Bt13 1	Bt14 1	Bt4 1	
111	Bt4 3	Bt7 1	Bt6 1	
112	Bt6 1	Bt9 1	
113	Bt12 1	Bt9 1	Bt4 1	

DISTANCE MATRIX
0.0 1326.9 1340.8 1400.4 1537.6 1434.8 1359.6 1356.6 1416.7 1337.5 1494.5 1453.2 1389.7 1436.8 1470.5 1316.0 1353.3 1347.6 1541.2 1401.9 1492.3 1437.9 1455.3 1566.6 1337.8 1337.9 1361.0 1353.7 1331.5 1383.8 1466.7 1281.4 1346.2 1432.8 1482.1 1511.6 1521.4 1425.1 1357.6 1461.4 1331.4 1499.8 1420.0 1309.5 1380.6 1382.5 1509.1 1467.1 1451.3 1449.4 1433.5 1370.3 1431.6 1482.1 1501.6 1578.2 1387.8 1372.6 1325.0 1538.6 1507.5 1332.9 1447.8 1335.4 1460.4 1349.8 1331.5 1473.5 1288.7 1504.0 1496.9 1480.2 1488.8 1448.2 1444.8 1463.8 1517.4 1348.5 1494.4 1465.1 1475.6 1509.2 1410.9 1486.2 1489.9 1443.6 1380.0 1427.1 1500.9 1377.8 1526.4 1422.5 1452.5 1387.8 1440.0 1538.8 1420.3 1341.8 1546.3 1455.0 1491.8 1438.4 1491.1 1347.7 1477.1 1379.7 1485.9 1317.3 1416.5 1355.7 1372.4 1425.7 1329.0 1392.6
1451.2 0.0 93.3 80.0 217.7 160.0 175.6 68.6 177.4 120.9 224.9 147.3 201.2 166.7 150.6 147.6 53.0 143.6 223.2 221.5 215.2 244.2 134.1 366.5 51.6 153.9 105.4 66.7 163.1 244.7 191.9 85.5 45.5 158.0 207.3 236.5 253.2 154.1 60.7 180.3 113.2 193.9 235.6 115.6 105.8 133.8 258.7 196.7 131.4 265.0 100.4 201.9 237.9 176.2 317.2 378.1 158.1 266.2 114.4 218.7 279.5 102.3 187.8 34.7 210.0 84.3 122.4 255.3 90.8 221.1 247.9 202.2 168.9 153.4 118.4 236.9 211.5 48.2 244.0 280.7 169.7 279.7 95.8 213.6 184.0 123.7 211.6 194.8 306.2 77.5 229.4 205.7 179.0 113.0 147.2 315.4 87.2 125.2 226.4 243.3 307.4 145.6 185.2 115.7 188.4 211.3 180.0 104.6 127.6 182.0 66.1 150.9 161.7 117.8
1432.8 93.9 0.0 75.8 208.8 206.5 103.3 64.2 98.3 46.5 223.3 143.1 123.2 184.7 146.4 86.5 116.4 79.0 219.0 142.4 211.0 165.1 144.3 362.3 77.2 79.5 13.0 73.1 101.6 319.4 213.0 37.8 65.9 196.2 229.0 258.1 249.0 223.4 154.7 210.0 57.1 189.7 233.7 41.2 180.5 83.0 254.5 192.5 127.2 263.1 114.2 140.8 158.8 172.3 315.3 373.9 93.5 340.9 72.1 214.5 275.3 60.0 151.9 77.9 205.8 9.0 61.3 254.9 30.5 216.9 243.7 259.1 164.7 136.5 132.2 232.7 207.3 121.2 239.8 278.8 165.5 275.5 97.4 232.9 179.8 119.5 150.5 181.8 302.0 120.8 200.9 126.6 231.7 187.7 221.9 305.1 101.0 50.8 222.0 164.2 305.5 220.3 181.0 73.4 184.2 150.1 175.8 77.4 104.5 109.7 42.4 216.3 100.6 192.5
1515.0 110.0 89.8 0.0 224.7 217.7 130.5 104.0 125.5 98.2 192.8 154.3 150.4 202.1 157.6 95.7 86.7 106.2 230.2 169.6 222.2 192.3 114.0 348.0 115.4 118.7 76.7 117.6 111.2 330.3 224.2 127.7 47.3 207.4 240.2 257.7 260.2 238.4 146.3 221.2 117.0 200.9 201.7 115.8 191.4 96.1 227.6 203.7 138.4 231.1 66.5 150.0 186.0 183.2 283.3 359.6 120.7 351.8 151.0 225.7 256.5 124.6 179.1 87.3 181.0 98.8 70.5 266.1 120.4 228.1 226.4 270.3 175.9 119.5 84.5 243.9 218.5 91.5 212.9 246.8 176.7 258.2 61.9 244.3 191.0 130.7 159.7 160.9 282.0 109.1 229.8 153.8 259.6 198.6 232.8 287.8 53.3 94.2 233.4 191.4 273.5 231.2 192.2 128.5 195.4 159.4 187.0 164.3 93.7 135.4 82.2 227.5 109.8 203.4
1652.9 232.0 233.7 224.1 0.0 134.1 274.4 241.9 263.4 236.1 144.1 114.3 288.3 106.5 83.3 233.6 190.3 224.7 34.1 259.0 65.7 245.1 171.1 270.3 255.6 256.6 220.6 250.8 249.1 211.4 96.3 265.6 185.2 123.0 84.3 97.7 121.7 164.1 204.4 101.6 251.6 99.2 198.1 259.7 228.7 231.4 213.3 76.1 80.2 173.9 204.4 287.9 227.7 94.8 208.1 281.9 226.9 233.8 288.9 77.3 145.1 262.5 198.9 216.7 166.7 236.7 208.4 102.8 258.3 65.7 113.5 107.9 39.8 225.9 205.2 80.6 71.6 195.1 198.6 189.6 97.8 145.3 155.8 75.7 108.9 89.1 297.6 205.9 171.8 188.7 134.0 224.5 168.6 236.8 168.1 181.0 197.2 229.6 79.6 298.8 205.6 168.8 86.1 307.2 148.6 273.0 113.1 302.2 202.4 273.3 226.1 139.0 253.7 216.1
1604.0 177.0 178.8 175.2 144.4 0.0 219.5 193.0 214.5 187.2 146.9 64.9 239.4 48.5 82.2 184.7 141.4 175.8 139.5 209.5 92.7 195.6 98.9 284.1 204.4 207.7 165.7 206.6 200.2 218.5 31.8 216.7 136.3 44.5 47.2 82.3 126.6 61.7 159.6 26.5 206.0 111.5 155.5 204.8 134.4 185.1 176.3 78.8 63.0 184.9 155.5 239.0 178.2 93.8 237.1 295.7 178.0 240.0 240.0 135.0 195.6 213.6 150.0 167.8 127.6 187.8 159.5 109.9 209.4 105.8 165.5 128.3 100.5 177.0 156.3 87.7 129.1 146.2 161.6 200.6 87.3 197.3 106.9 51.3 101.6 55.3 248.7 156.4 223.8 139.8 140.4 175.6 82.9 141.6 144.8 226.9 142.3 183.2 134.0 249.3 227.3 143.2 102.8 217.5 106.0 230.9 97.6 253.3 147.5 224.4 171.2 9.7 198.8 117.9
1515.0 164.2 82.1 115.3 248.3 246.0 0.0 142.6 70.2 108.5 202.7 182.6 95.1 224.2 185.9 106.0 171.4 61.5 258.5 110.7 250.5 137.0 82.4 362.5 162.1 129.0 69.0 156.2 84.1 355.5 252.5 120.0 108.2 235.7 268.5 297.6 288.5 262.9 194.3 249.5 124.0 229.2 215.9 110.5 216.6 36.9 239.3 232.0 166.7 245.3 80.2 79.1 130.7 211.5 297.5 374.1 65.4 377.0 154.3 254.0 269.7 134.9 123.8 148.2 192.7 91.1 80.8 294.4 112.7 256.4 238.1 298.6 204.2 108.4 98.2 272.2 246.8 176.2 224.6 261.0 205.0 269.9 99.9 272.4 219.3 159.0 88.8 153.7 296.8 178.6 247.2 98.5 271.2 223.8 258.0 305.6 67.1 104.5 261.5 136.1 287.7 256.4 220.5 155.6 213.4 88.5 215.3 159.6 76.4 6.3 120.8 255.8 120.1 228.6
1446.5 65.0 66.9 94.3 232.0 225.0 168.1 0.0 163.1 99.9 243.6 161.6 188.0 209.4 164.9 124.5 101.6 143.8 237.5 207.2 229.5 229.9 156.5 380.8 39.3 132.9 80.0 13.6 140.0 303.1 231.5 54.0 73.9 214.7 247.5 265.0 267.5 208.7 119.1 228.5 83.5 208.2 252.2 94.6 164.2 133.7 273.0 211.0 145.7 281.6 128.8 178.8 223.6 190.5 333.8 392.4 158.3 324.6 86.4 233.0 292.3 75.9 216.7 63.1 224.3 57.9 108.1 273.4 61.3 235.4 262.2 246.7 183.2 181.8 146.8 251.2 225.8 106.4 258.3 297.3 184.0 294.0 124.2 251.6 198.3 138.0 188.5 214.6 320.5 106.0 237.1 191.4 236.1 171.4 205.6 323.6 115.6 104.2 240.7 229.0 324.0 204.0 199.5 142.7 202.7 188.2 194.3 73.1 156.0 164.2 21.7 209.3 147.4 176.2
1531.2 193.4 98.3 131.5 269.2 262.2 71.4 158.8 0.0 124.7 146.3 157.3 24.7 246.6 202.1 122.2 187.6 77.7 227.5 44.0 266.7 66.7 94.6 301.5 178.3 134.6 85.2 172.4 100.3 354.4 268.7 136.2 130.7 251.9 284.7 302.2 304.7 282.9 193.2 265.7 143.5 167.9 155.2 126.7 215.5 57.0 181.1 248.2 182.9 184.6 78.4 72.1 60.4 168.4 236.8 313.1 30.2 375.9 170.5 223.1 210.0 151.1 53.5 170.7 134.5 107.3 97.0 310.6 128.9 272.6 179.9 314.8 220.4 58.0 85.5 288.4 185.5 192.4 166.4 200.3 143.7 211.7 116.1 288.8 158.0 175.2 71.5 83.4 235.5 177.5 189.6 28.2 304.1 222.7 256.9 241.3 91.6 120.7 277.9 65.8 227.0 255.3 177.4 144.4 155.2 58.5 154.0 175.8 61.2 77.8 137.0 272.0 125.7 227.5
1418.5 135.9 46.1 87.7 225.4 218.4 107.8 99.5 128.2 0.0 237.0 155.0 137.9 202.8 158.3 64.2 143.8 95.8 230.9 150.1 222.9 186.1 149.9 374.2 126.1 55.8 59.4 113.1 79.7 331.3 224.9 84.0 86.9 208.1 240.9 258.4 260.9 239.1 170.1 221.9 18.7 201.6 255.3 17.5 192.4 98.8 266.4 204.4 139.1 284.7 126.1 118.5 179.8 183.9 336.9 385.8 123.4 352.8 52.7 226.4 285.7 26.3 181.8 113.2 217.7 55.1 42.3 266.8 76.7 228.8 255.6 271.0 176.6 166.4 144.1 244.6 219.2 148.6 251.7 300.4 177.4 287.4 121.5 245.0 191.7 131.4 128.2 202.8 313.9 154.4 230.5 156.5 260.3 199.6 233.8 317.0 112.9 4.2 234.1 194.1 327.1 232.2 192.9 65.6 196.1 127.9 187.7 66.0 134.4 103.9 77.7 228.2 81.6 204.4
1651.9 231.0 226.7 206.3 132.4 202.6 213.0 240.9 154.0 235.1 0.0 107.9 176.0 184.9 162.7 232.6 189.3 196.7 108.9 139.5 159.0 125.6 96.4 220.0 254.6 255.6 213.6 249.8 219.3 310.6 169.7 264.6 184.2 196.4 173.2 193.6 211.2 237.5 195.0 175.0 250.6 66.7 103.5 252.7 217.3 167.9 84.1 154.4 127.4 95.7 141.0 183.7 108.2 106.5 129.9 231.6 153.8 332.1 287.9 104.5 66.9 261.5 89.2 215.7 37.5 235.7 207.4 202.0 257.3 164.0 35.3 206.2 112.9 128.2 132.1 179.8 64.6 194.1 69.4 111.4 91.4 67.1 127.8 179.5 76.6 119.7 167.0 86.4 93.6 179.3 67.8 114.8 245.8 224.5 266.4 96.7 154.2 228.6 184.4 179.3 138.1 268.0 97.5 300.2 78.2 163.3 80.6 301.2 123.3 219.4 219.1 212.4 246.7 229.3
1579.3 152.3 154.1 150.5 126.8 134.1 194.8 168.3 174.4 162.5 97.3 0.0 196.4 118.5 74.0 160.0 116.7 151.1 103.3 159.9 153.4 146.0 74.2 234.5 179.7 183.0 141.0 181.9 175.5 307.5 164.1 192.0 111.6 123.8 167.6 190.5 205.6 154.8 130.8 137.6 181.3 61.9 105.9 180.1 153.1 160.4 126.7 148.8 54.8 135.3 130.8 214.3 128.6 44.2 187.5 246.1 153.3 329.0 215.3 98.9 146.0 188.9 109.6 143.1 78.0 163.1 134.8 198.9 184.7 160.9 115.9 203.1 107.3 148.6 131.6 176.7 79.5 121.5 112.0 151.0 37.7 147.7 82.2 171.7 52.0 47.1 187.4 106.8 174.2 115.1 90.8 135.2 176.0 160.3 194.5 177.3 117.6 158.5 178.8 199.7 177.7 192.9 53.2 192.8 56.4 190.5 48.0 228.6 122.8 199.7 146.5 143.9 174.1 165.1
1549.6 211.8 116.7 149.9 287.6 280.6 89.8 177.2 38.2 143.1 184.6 195.6 0.0 265.0 220.5 140.6 206.0 96.1 293.1 82.3 285.1 105.0 119.4 344.8 196.7 153.0 103.6 190.8 118.7 379.2 287.1 154.6 149.1 270.3 303.1 320.6 323.1 301.3 218.0 284.1 161.9 206.2 198.2 145.1 240.3 75.4 219.4 266.6 201.3 227.6 96.8 61.4 98.7 206.7 279.8 356.4 48.6 400.7 188.9 288.6 248.3 169.5 91.8 189.1 172.8 125.7 115.4 329.0 147.3 291.0 218.2 333.2 238.8 58.4 85.9 306.8 223.8 210.8 204.7 243.3 182.0 250.0 134.5 307.2 196.3 193.6 71.1 121.7 279.1 202.3 227.9 66.5 322.5 247.5 281.7 279.6 110.0 139.1 296.3 104.1 270.0 280.1 215.7 162.8 193.5 70.8 192.3 194.2 79.6 96.2 155.4 290.4 144.1 252.3
1596.7 169.6 171.6 167.9 113.0 57.5 212.3 185.7 207.2 179.9 131.6 57.6 232.1 0.0 74.9 177.5 134.1 168.5 115.5 202.2 50.7 188.3 91.6 276.8 197.1 200.4 152.2 199.3 192.9 228.9 64.4 209.4 129.0 11.6 81.7 104.5 125.9 74.4 176.1 54.7 198.7 104.2 148.2 197.6 150.9 175.4 162.8 25.5 49.5 177.6 148.2 231.7 170.9 86.5 229.9 288.4 170.7 250.4 232.7 111.0 189.9 206.3 142.7 160.5 120.3 180.5 152.2 120.3 202.1 94.1 158.2 138.7 77.5 169.8 149.0 98.1 121.8 138.9 154.3 193.3 80.0 190.0 99.6 86.9 94.3 48.0 241.4 149.1 216.5 132.5 133.1 162.1 82.7 158.1 161.3 219.6 128.8 175.9 136.7 242.0 220.1 159.7 95.5 238.8 98.7 223.6 90.3 246.0 134.0 217.1 163.9 67.3 185.3 134.4
1635.0 208.0 209.8 206.2 131.4 60.0 250.5 224.0 245.5 218.2 177.9 95.9 270.4 44.4 0.0 215.7 172.4 206.8 136.0 240.5 71.2 226.6 129.9 315.1 235.4 238.7 196.7 237.6 231.2 249.4 68.8 247.7 167.3 49.7 84.2 119.3 146.4 80.7 178.6 63.5 237.0 142.5 186.5 235.8 153.4 216.1 207.3 46.0 94.0 215.9 186.5 270.0 209.2 124.8 268.1 326.7 209.0 270.9 271.0 131.5 219.1 244.6 181.0 198.8 158.6 218.8 190.5 140.8 240.4 114.6 189.0 159.2 82.6 208.0 187.3 118.6 147.1 177.2 192.6 231.6 118.3 220.8 137.9 88.3 132.6 86.3 279.7 187.4 247.3 170.8 171.4 206.6 101.9 160.6 163.8 250.4 173.3 214.2 140.1 280.3 258.3 162.2 133.8 248.5 137.0 261.9 128.6 284.3 178.5 255.4 202.2 69.8 229.8 136.9
1429.2 169.4 95.0 128.2 265.9 258.9 43.5 155.5 100.6 121.4 222.7 195.5 73.6 237.0 198.8 0.0 184.3 31.5 271.4 85.8 263.4 121.8 126.0 337.6 172.3 66.5 81.9 169.1 15.4 352.1 265.4 132.9 113.4 248.6 281.4 298.9 301.4 275.8 190.9 256.1 136.9 242.1 191.0 123.4 213.2 80.5 259.3 244.9 179.6 220.4 117.4 54.2 115.5 224.4 272.6 349.2 71.7 373.6 167.2 266.9 280.0 147.8 131.7 153.4 212.7 104.0 93.7 307.3 125.6 269.3 267.9 311.5 217.1 132.1 128.7 285.1 259.7 189.1 244.6 236.1 217.9 280.2 94.8 285.3 232.2 171.9 63.9 138.5 271.9 175.2 267.2 106.4 284.1 220.4 254.6 315.9 104.2 114.9 274.6 138.9 262.8 253.0 233.4 168.5 233.4 68.2 228.2 172.5 100.4 39.6 133.7 268.7 57.6 225.2
1465.3 35.5 135.0 93.6 177.8 170.8 194.3 103.3 189.3 153.9 189.4 107.4 214.2 155.2 110.7 159.5 0.0 170.0 183.3 233.4 175.3 199.6 102.3 326.6 74.6 182.5 138.4 89.7 175.0 243.5 177.3 108.5 78.5 160.5 193.3 210.8 213.3 149.1 59.5 174.3 151.6 154.0 198.0 148.6 104.6 159.9 218.8 156.8 91.5 227.4 130.3 213.8 182.2 136.3 279.6 338.2 184.5 265.0 140.9 178.8 238.1 144.0 153.4 48.4 170.1 126.0 134.3 219.2 115.8 181.2 208.0 187.1 129.0 183.3 148.3 197.0 171.6 4.8 204.1 243.1 129.8 239.8 125.7 197.4 144.1 83.8 223.5 160.4 266.3 24.4 182.9 179.0 176.5 111.8 146.0 269.4 117.1 158.0 186.5 255.2 269.8 144.4 145.3 192.3 148.5 223.2 140.1 127.6 157.5 199.2 107.8 149.7 173.6 116.6
1437.1 144.5 63.4 96.6 234.3 227.3 69.4 123.9 82.1 89.8 194.1 163.9 99.5 211.7 167.2 87.3 152.7 0.0 239.8 111.7 231.8 147.7 104.1 363.5 143.4 74.4 50.3 137.5 22.5 320.5 233.8 101.3 81.8 217.0 249.8 267.3 269.8 248.0 159.3 230.8 108.6 210.5 216.9 91.8 181.6 52.7 228.9 213.3 148.0 246.3 85.8 80.1 141.4 192.8 298.5 375.1 77.3 342.0 135.6 235.3 257.8 116.2 135.7 121.8 182.3 72.4 62.1 275.7 94.0 237.7 227.7 279.9 185.5 120.3 103.8 253.5 228.1 157.5 214.2 262.0 186.3 259.5 63.2 253.9 200.6 140.3 89.8 164.4 297.8 143.6 237.4 110.4 269.2 188.8 223.0 289.1 72.6 85.8 243.0 148.0 288.7 221.4 201.8 84.2 203.0 89.5 196.6 140.9 88.3 65.5 102.1 237.1 65.5 193.6
1661.4 247.4 243.1 239.5 37.4 138.6 283.8 257.3 262.6 251.5 108.5 129.7 284.6 120.9 98.7 249.0 205.7 240.1 0.0 248.1 78.3 234.2 160.6 262.6 268.7 272.0 230.0 266.2 264.5 219.8 105.7 281.0 200.6 132.4 97.8 120.0 116.8 173.5 219.8 117.3 267.0 63.6 162.5 269.1 237.1 249.4 177.7 90.4 95.6 138.3 219.8 303.3 216.8 59.2 172.5 274.2 242.3 241.3 304.3 40.5 109.5 277.9 197.8 232.1 131.1 252.1 223.8 111.2 273.7 73.2 77.9 129.6 48.9 236.8 220.6 89.0 36.0 210.5 163.0 154.0 88.6 109.7 171.2 89.2 73.3 104.5 275.6 195.0 136.2 204.1 82.1 223.4 181.8 244.3 175.6 145.4 206.6 245.0 108.7 287.9 180.7 177.2 50.5 316.6 113.0 278.7 77.5 317.6 211.8 288.7 235.5 148.4 263.1 224.8
1500.0 226.9 131.8 165.0 248.7 263.3 104.9 192.3 33.4 158.2 144.0 155.0 58.2 247.7 203.2 155.7 204.6 111.2 225.2 0.0 267.8 35.9 102.1 281.3 211.8 137.3 118.7 205.9 133.8 361.9 269.8 169.7 164.2 253.0 285.8 303.3 305.8 267.5 200.7 266.8 177.0 165.6 134.7 160.2 223.0 90.5 178.8 249.3 184.0 164.1 111.9 81.1 29.6 166.1 216.3 292.9 63.7 383.4 204.0 220.8 207.7 184.6 82.5 204.2 132.2 140.8 130.5 311.7 162.4 273.7 177.6 305.5 221.5 91.5 119.0 289.5 183.2 209.4 164.1 179.8 141.4 209.4 133.5 289.9 155.7 176.3 27.4 52.6 215.6 185.0 187.3 57.2 305.2 230.2 264.4 239.0 125.1 154.2 279.0 53.0 206.5 262.8 175.1 147.1 152.9 67.5 151.7 209.3 94.7 111.3 170.5 273.1 128.4 235.0
1619.7 243.0 238.7 235.1 64.6 91.6 279.4 252.9 274.4 247.1 158.4 113.6 299.3 55.8 94.3 244.6 201.3 235.7 74.8 270.0 0.0 256.1 182.1 301.7 264.3 267.6 225.6 261.8 260.1 178.1 58.7 276.6 196.2 67.4 44.7 58.1 75.1 112.6 214.3 64.0 262.6 113.5 204.2 264.7 189.1 242.4 225.0 25.4 91.2 188.2 215.4 298.9 238.7 109.4 222.4 313.3 237.9 199.6 299.9 70.3 159.4 273.5 209.9 227.7 176.3 247.7 219.4 69.5 269.3 43.3 127.8 73.7 36.8 236.9 216.2 47.3 85.9 206.1 210.3 203.9 136.0 159.6 166.8 36.1 123.2 100.1 308.6 216.9 186.1 199.7 132.0 235.5 120.9 196.3 133.9 195.3 202.2 240.6 71.5 309.8 230.6 135.5 100.4 312.2 154.7 290.8 127.4 313.2 207.4 284.3 231.1 101.4 258.7 172.6
1527.6 237.9 166.1 199.3 246.4 261.0 139.2 226.6 67.7 192.5 141.7 152.7 92.5 245.4 200.9 190.0 202.3 145.5 222.9 27.5 265.5 0.0 99.8 279.0 246.1 164.9 153.0 240.2 168.1 359.6 267.5 204.0 190.9 250.7 283.5 301.0 303.5 265.2 198.4 264.5 211.3 163.3 132.4 194.5 220.7 124.8 176.5 247.0 181.7 161.8 144.4 115.4 27.3 163.8 214.0 290.6 98.0 381.1 238.3 218.5 205.4 218.9 92.6 225.6 129.9 175.1 164.8 309.4 196.7 271.4 175.3 303.2 219.2 125.8 135.5 287.2 180.9 207.1 161.8 177.5 139.1 207.1 131.2 287.6 153.4 174.0 55.0 50.3 213.3 182.7 185.0 91.5 302.9 227.9 262.1 236.7 157.6 188.5 276.7 67.3 204.2 260.5 172.8 174.7 150.6 101.8 149.4 243.6 126.7 145.6 204.8 270.8 156.0 232.7
1556.0 140.4 136.2 107.2 165.5 161.1 93.6 154.0 104.4 148.2 124.1 103.5 128.4 142.9 101.0 145.7 102.4 100.2 186.9 113.7 163.0 99.8 0.0 247.7 156.5 168.7 125.4 167.6 122.8 257.1 180.9 176.4 88.4 164.1 183.6 198.5 216.9 175.4 98.5 162.0 164.4 114.1 101.4 162.5 120.8 71.4 160.7 147.1 81.8 128.2 59.8 148.1 82.4 114.6 216.4 259.3 81.6 281.2 201.0 169.1 155.1 174.6 53.6 124.4 80.7 147.5 120.5 206.9 169.1 171.5 126.1 200.7 119.3 80.6 57.3 184.7 131.7 107.2 112.6 146.5 89.9 157.9 31.3 200.8 104.2 74.1 141.2 60.6 181.7 82.8 135.8 134.9 199.6 128.0 162.2 187.5 43.3 141.6 174.2 153.5 170.6 160.6 123.6 206.2 98.8 134.5 100.2 209.5 48.5 123.4 129.6 168.3 164.9 130.2
1755.3 364.9 366.7 363.1 262.0 343.8 371.0 380.9 312.0 375.1 209.7 247.9 334.0 336.7 310.8 372.6 329.3 354.7 247.2 304.4 274.5 290.5 254.4 0.0 392.3 406.3 353.6 394.5 388.1 430.6 310.9 404.6 324.2 342.0 294.0 299.0 286.7 391.6 343.4 316.2 393.9 214.7 161.8 392.7 365.7 340.0 270.8 300.0 267.4 134.4 299.0 341.7 273.1 272.0 81.4 11.5 311.8 452.1 427.9 270.0 198.1 401.5 247.2 355.7 241.8 375.7 347.4 310.3 397.3 276.8 187.5 300.9 267.3 286.2 290.1 285.2 230.1 334.1 256.1 117.8 239.7 199.8 285.8 288.4 224.6 259.7 331.9 251.3 141.1 327.7 217.0 272.8 364.9 372.9 371.2 229.4 312.2 371.1 259.9 344.2 100.8 372.8 263.0 416.1 248.7 328.1 228.6 441.2 281.3 377.4 359.1 353.6 397.4 410.3
1426.3 52.2 69.4 112.7 245.7 208.8 168.3 28.6 170.1 118.3 257.6 180.0 195.0 221.5 183.3 124.7 86.6 150.8 258.6 212.9 250.6 236.9 153.3 399.2 0.0 151.3 82.5 19.7 142.5 296.2 249.9 33.8 78.2 209.5 265.9 285.3 288.6 202.9 109.5 240.6 103.5 226.6 268.3 113.0 154.6 154.8 291.4 229.4 164.1 297.7 133.1 181.3 230.6 209.2 352.6 410.8 165.3 315.0 66.2 251.4 312.2 92.6 223.7 67.4 242.7 62.7 133.1 291.8 41.1 253.8 280.6 251.0 201.6 186.1 151.1 272.3 244.2 81.8 276.7 313.4 202.4 312.4 128.5 269.8 216.9 156.4 191.0 253.6 338.9 110.3 237.8 196.1 227.8 161.8 196.0 348.1 122.6 125.2 258.9 236.0 340.1 194.4 217.9 89.5 223.8 195.3 212.7 52.9 160.3 166.7 48.1 199.7 170.1 169.3
1362.6 148.2 109.5 220.9 358.6 351.6 126.4 105.4 207.9 108.5 370.2 288.2 156.5 336.0 291.5 82.8 184.8 114.4 364.1 168.7 356.1 204.7 283.1 507.4 136.4 0.0 122.6 119.0 98.3 314.4 358.1 94.3 157.1 341.3 374.1 391.6 394.1 291.9 202.3 355.1 89.3 334.8 273.9 121.2 247.4 178.5 399.6 337.6 272.3 303.3 212.0 137.1 198.4 317.1 355.5 519.0 154.6 303.2 73.8 359.6 418.9 81.7 214.6 146.3 350.9 100.5 152.0 400.0 87.0 362.0 388.8 329.9 309.8 246.1 230.0 377.8 352.4 189.6 384.9 319.0 310.6 420.6 207.0 378.2 324.9 264.6 146.8 221.4 354.8 189.2 363.7 189.3 319.3 254.6 288.8 450.2 198.8 112.8 367.3 221.8 345.7 287.2 326.1 9.7 329.3 146.5 320.9 87.1 214.1 122.5 122.9 292.5 142.4 259.4
1445.9 114.1 13.0 62.7 200.4 193.4 90.2 80.0 85.2 46.7 210.2 130.0 110.1 177.8 133.3 73.4 118.8 65.9 205.9 129.3 197.9 152.0 115.4 349.2 90.3 79.7 0.0 88.9 88.5 306.3 199.9 50.9 61.9 183.1 215.9 233.4 235.9 210.3 145.1 196.9 57.3 176.6 220.6 41.4 167.4 69.9 241.4 179.4 114.1 250.0 101.1 127.7 145.7 158.9 302.2 360.8 80.4 327.8 85.2 201.4 262.2 68.2 138.8 98.1 192.7 22.0 48.2 241.8 43.6 203.8 230.6 260.2 151.6 123.4 119.1 219.6 194.2 123.6 226.7 265.7 152.4 262.4 84.3 219.8 166.9 106.4 137.4 168.7 288.9 129.4 187.8 113.5 218.6 174.6 208.8 298.1 87.9 51.0 208.9 151.1 292.4 207.2 167.9 86.5 171.1 137.1 162.7 90.5 91.4 96.6 62.6 203.2 87.5 179.4
1432.9 67.2 75.8 107.9 240.9 238.6 177.2 13.6 176.7 113.5 250.7 175.2 201.6 216.7 178.5 133.6 112.4 157.4 251.1 219.5 238.4 243.5 162.6 394.4 23.0 146.5 88.9 0.0 149.1 312.0 240.4 40.4 87.5 228.3 261.1 290.2 281.1 226.1 132.7 231.1 100.4 221.8 265.8 108.2 177.8 161.4 281.9 224.6 154.6 290.5 142.4 187.9 237.2 204.4 347.4 406.0 171.9 338.2 72.8 246.6 307.4 89.5 230.3 76.7 237.9 69.3 121.7 282.3 47.7 249.0 275.8 255.6 196.8 195.4 160.4 264.8 239.4 107.6 271.9 310.9 192.9 307.6 137.8 260.3 212.1 151.6 197.6 228.2 334.1 119.6 233.0 200.3 259.1 185.0 219.2 343.3 129.2 120.4 254.1 242.6 337.6 212.9 213.1 98.4 216.3 201.9 207.9 59.5 169.6 173.3 35.3 218.2 161.0 185.1
1414.5 160.6 79.5 112.7 250.4 243.4 46.8 140.0 98.2 105.9 210.2 180.0 76.9 227.8 183.3 103.4 168.8 16.1 255.9 89.1 247.9 125.1 120.2 340.9 159.5 51.8 66.4 153.6 0.0 336.6 249.9 117.4 97.9 233.1 265.9 283.4 285.9 264.1 175.4 246.9 124.7 226.6 194.3 107.9 197.7 68.8 245.0 229.4 164.1 223.7 101.9 57.5 118.8 208.9 275.9 352.5 75.0 358.1 151.7 251.4 281.8 132.3 135.0 137.9 198.4 88.5 78.2 291.8 110.1 253.8 243.8 296.0 201.6 135.4 119.9 269.6 244.2 173.6 230.3 239.4 202.4 283.5 79.3 270.0 216.7 156.4 67.2 141.8 275.2 159.7 253.5 109.7 285.3 204.9 239.1 313.1 88.7 101.9 259.1 142.2 266.1 237.5 217.9 61.6 219.1 66.9 212.7 157.0 103.7 42.9 118.2 253.2 42.9 209.7
1561.3 131.5 215.9 211.6 186.4 83.6 256.6 200.2 251.6 224.3 182.2 102.0 276.5 90.3 119.3 221.8 121.7 212.9 190.0 246.6 141.1 232.7 136.0 321.2 179.7 244.8 202.8 194.8 237.3 0.0 115.5 213.6 173.4 81.6 130.9 152.3 214.3 77.7 72.6 110.2 241.5 148.6 192.6 241.9 29.4 226.0 213.4 115.9 100.1 222.0 192.6 276.1 215.3 130.9 274.2 332.8 215.1 21.4 246.0 187.4 234.2 233.9 187.1 166.3 164.7 215.9 196.6 154.7 220.9 184.5 202.6 128.4 137.6 214.1 193.4 145.0 166.2 116.9 198.7 237.7 124.4 234.4 144.0 137.2 138.7 92.4 285.8 193.5 260.9 130.8 184.1 212.7 102.6 36.6 88.8 264.0 179.4 217.8 194.9 286.4 264.4 87.2 139.9 247.3 143.1 268.0 134.7 232.7 184.6 261.5 197.7 74.5 235.9 41.4
1628.2 228.3 211.7 208.1 112.5 32.8 252.4 225.9 247.4 220.1 178.0 97.8 272.3 86.1 113.3 217.6 174.3 208.7 107.6 242.4 60.8 228.5 129.2 317.0 237.3 240.6 198.6 234.8 233.1 186.6 0.0 249.6 169.2 77.4 15.3 50.4 94.7 67.7 169.4 11.5 235.6 144.4 188.4 237.7 144.2 218.0 209.2 60.7 95.9 217.8 188.4 271.9 211.1 126.7 255.2 328.6 210.9 208.1 272.9 103.1 192.2 246.5 182.9 200.7 160.5 220.7 192.4 78.0 242.3 73.9 160.6 96.4 69.6 209.9 189.2 55.8 118.7 179.1 194.5 233.5 120.2 192.4 139.8 21.6 134.7 88.2 281.6 189.3 218.9 172.7 155.6 208.5 76.0 151.4 134.1 228.1 175.2 216.1 101.9 282.2 260.2 135.7 133.2 285.2 138.9 257.0 130.5 286.2 180.4 257.3 204.1 42.6 231.7 127.7
1394.9 94.5 37.8 113.7 251.4 244.4 141.2 51.7 136.2 84.4 263.0 181.0 161.1 228.8 184.3 113.4 128.7 116.9 256.9 180.3 248.9 203.0 182.2 400.2 42.0 117.4 50.9 57.9 128.9 332.6 250.9 0.0 103.4 234.1 266.9 284.4 286.9 238.2 148.6 247.9 72.4 227.6 271.6 79.1 193.7 106.8 292.4 230.4 165.1 301.0 152.1 167.7 196.7 209.9 353.2 411.8 131.4 354.1 52.8 252.4 311.7 64.8 189.8 92.6 243.7 28.8 99.2 292.8 7.2 254.8 281.6 276.2 202.6 174.4 170.1 270.6 245.2 123.9 277.7 316.7 203.4 313.4 135.3 271.0 217.7 157.4 177.4 219.7 339.9 135.5 256.5 164.5 265.6 200.9 235.1 343.0 138.9 88.7 260.1 202.1 343.4 233.5 218.9 127.2 222.1 177.1 213.7 39.5 142.4 147.6 69.2 238.8 138.5 205.7
1467.6 62.6 67.6 34.4 172.1 165.1 130.0 74.6 131.8 83.3 181.1 101.7 155.6 149.5 105.0 102.0 78.4 98.0 177.6 175.9 169.6 198.6 102.3 320.9 68.0 116.3 67.8 83.1 117.5 278.0 171.6 101.9 0.0 154.8 187.6 205.1 207.6 185.8 116.7 168.6 97.2 148.3 190.0 78.0 139.1 95.9 213.1 151.1 85.8 219.4 54.8 156.3 192.3 130.6 271.6 332.5 112.5 299.5 120.4 173.1 232.4 104.8 142.2 39.9 164.4 76.6 76.8 213.5 96.8 175.5 202.3 231.9 123.3 107.8 72.8 191.3 165.9 83.2 198.4 235.1 124.1 234.1 50.2 191.7 138.4 78.1 166.0 149.2 260.6 82.8 177.2 160.1 207.0 146.3 180.5 263.7 41.6 87.6 180.8 197.7 261.8 178.9 139.6 126.1 142.8 165.7 134.4 121.0 82.0 136.4 59.8 174.9 116.1 151.1
1585.2 164.3 160.0 156.4 121.7 66.2 200.7 174.2 195.7 168.4 126.3 46.1 220.6 8.6 63.4 165.9 122.6 157.0 124.2 190.7 59.4 176.8 80.1 265.3 185.6 188.9 146.9 187.8 181.4 237.6 73.1 197.9 117.5 0.0 90.4 113.2 134.6 83.1 136.7 69.7 187.2 92.7 136.7 186.0 159.6 170.1 157.5 34.2 44.2 166.1 136.7 220.2 159.4 75.3 218.3 276.9 159.2 259.1 221.2 119.7 178.3 194.8 131.2 149.0 108.8 169.0 140.7 129.0 190.6 102.8 146.7 147.4 81.7 158.2 137.5 106.8 110.3 127.4 142.8 181.8 68.5 178.5 88.1 95.6 82.8 36.5 229.9 137.6 205.0 121.0 128.2 156.8 91.4 166.8 170.0 208.1 123.5 161.9 139.2 230.5 208.5 168.4 84.0 233.5 87.2 212.1 78.8 234.5 128.7 205.6 152.4 76.0 180.0 143.1
1612.8 239.1 228.6 225.0 97.5 49.7 269.3 242.8 264.3 237.0 174.5 114.7 289.2 97.9 112.1 234.5 191.2 225.6 92.6 259.3 45.8 245.4 148.7 305.7 254.2 257.5 215.5 256.4 250.0 171.2 16.8 266.5 186.1 94.3 0.0 35.0 79.3 88.4 186.3 22.1 255.8 131.3 205.3 254.6 161.1 234.9 226.1 61.2 109.0 206.0 205.3 288.8 228.0 127.2 240.2 317.3 227.8 192.7 289.8 88.1 175.7 263.4 199.8 217.6 177.4 237.6 209.3 62.6 259.2 58.5 145.6 81.0 54.6 226.8 206.1 40.4 103.7 196.0 211.4 221.7 137.1 177.4 156.7 4.0 141.2 105.1 298.5 206.2 203.9 189.6 149.8 225.4 86.2 168.3 118.7 207.0 192.1 233.0 86.7 299.1 248.4 120.3 118.2 267.3 155.8 280.7 145.2 303.1 197.3 274.2 221.0 59.5 248.6 144.6
1596.6 224.8 269.6 268.3 131.1 98.4 312.6 295.8 307.6 280.3 224.9 158.0 332.5 131.9 157.4 275.5 217.3 268.9 145.7 302.6 80.4 288.7 215.3 312.5 275.3 300.8 256.5 295.1 293.3 138.6 65.5 309.2 229.4 137.6 48.6 0.0 89.9 123.3 168.2 70.8 295.8 180.0 248.6 297.9 140.7 275.6 267.1 101.5 153.8 259.1 248.6 332.1 271.3 175.6 288.9 324.1 271.1 162.4 339.3 136.8 225.9 306.7 243.1 261.9 220.7 280.9 252.6 53.6 316.5 65.3 194.3 36.5 103.3 267.8 249.4 24.2 152.4 212.5 254.7 247.7 178.1 226.1 200.0 40.0 189.7 148.4 341.8 249.5 236.5 226.4 214.8 266.4 83.9 150.2 81.5 261.8 233.1 273.8 93.3 342.4 255.0 80.8 166.9 342.9 196.8 317.2 190.7 328.3 240.6 317.5 264.3 108.2 289.6 120.6
1632.2 288.7 284.6 281.0 128.5 130.0 325.3 298.8 320.3 293.0 222.3 171.2 345.2 137.5 140.2 290.5 247.2 281.6 138.7 315.9 81.5 302.0 202.1 282.1 312.5 313.5 271.5 312.4 306.0 202.5 97.1 322.5 242.1 149.0 80.2 73.6 0.0 164.9 229.8 108.7 308.5 156.3 261.3 310.6 204.6 288.3 282.6 107.0 137.1 233.9 261.3 344.8 284.6 173.3 251.8 293.7 283.8 224.0 345.8 134.2 223.3 319.4 255.8 273.6 233.9 293.6 265.3 49.3 315.2 64.9 191.7 72.8 96.7 282.8 262.1 63.0 149.8 252.0 267.9 217.3 193.6 223.5 212.7 71.6 166.0 146.0 354.5 262.8 206.1 245.6 212.2 281.4 174.0 211.8 143.1 259.2 248.1 289.0 26.7 355.7 217.4 144.7 164.3 358.1 212.3 336.7 170.2 359.1 253.3 330.2 277.0 139.8 304.6 182.2
1619.4 189.6 189.4 185.8 159.9 57.1 230.1 203.6 225.1 197.8 155.7 75.5 250.0 63.8 92.8 195.3 152.0 186.4 163.5 220.1 114.6 206.2 132.8 294.7 217.3 218.3 176.3 217.2 210.8 212.9 89.0 227.3 146.9 55.1 104.4 113.1 195.4 0.0 130.7 77.4 216.6 122.1 166.1 215.4 105.5 195.7 186.9 89.4 73.6 195.5 166.1 249.6 188.8 104.4 247.7 306.3 188.6 234.4 250.6 160.9 207.7 224.2 160.6 178.4 138.2 198.4 170.1 161.9 220.0 158.0 176.1 99.4 111.1 187.6 166.9 142.3 139.7 156.8 172.2 211.2 97.9 207.9 117.5 110.7 112.4 65.9 259.3 167.0 234.4 150.4 133.3 186.2 37.3 112.7 115.9 243.6 152.9 193.8 168.6 259.9 237.9 114.3 113.4 262.9 116.6 241.5 108.2 263.9 158.1 235.0 181.8 48.0 209.4 89.0
1488.6 52.7 152.2 138.9 202.0 99.2 234.5 127.5 236.3 179.8 199.6 117.6 260.1 101.2 134.9 206.5 49.0 202.5 205.6 280.4 156.7 248.7 151.4 336.8 107.0 212.8 164.3 122.1 222.0 183.9 131.1 140.9 104.4 97.2 146.5 178.0 237.7 89.5 0.0 125.8 168.8 164.2 208.2 174.5 45.0 200.4 229.0 131.5 115.7 237.6 159.3 260.8 231.3 146.5 289.8 348.4 217.0 205.4 173.3 203.0 248.3 161.2 202.5 93.6 180.3 143.2 181.3 194.5 148.2 200.1 218.2 127.5 153.2 212.3 177.3 184.8 181.8 44.2 214.3 253.3 140.0 250.0 154.7 150.6 154.3 108.0 270.5 209.5 276.5 58.1 193.1 228.1 116.9 52.2 86.4 279.6 146.1 184.1 210.7 302.2 280.0 84.8 155.5 222.6 158.7 270.2 150.3 160.0 186.5 240.9 125.0 90.1 220.6 57.0
1633.5 223.0 200.1 202.8 102.7 27.5 240.8 220.6 242.1 208.5 166.4 92.5 267.0 74.5 109.8 212.3 169.0 203.4 112.9 237.1 66.1 216.9 143.5 305.4 225.7 235.3 193.3 227.9 227.8 198.2 11.5 244.3 163.9 72.1 26.9 66.4 106.3 56.1 164.1 0.0 224.0 139.1 176.8 232.4 138.9 203.8 197.6 72.3 90.6 206.2 176.8 266.6 205.8 121.7 258.4 323.3 205.6 219.7 267.6 114.7 197.5 241.2 177.6 195.4 155.2 209.1 187.1 83.3 237.0 85.5 172.2 101.7 81.2 204.6 177.6 67.4 130.3 173.8 189.2 228.2 114.9 204.0 128.2 33.2 129.2 82.9 276.3 184.0 224.2 161.1 161.7 196.9 64.4 146.1 139.4 227.3 169.9 202.0 107.2 276.9 248.6 141.0 130.4 273.6 133.6 258.5 125.2 280.9 168.8 252.0 192.5 37.3 226.4 116.1
1413.7 120.2 40.4 106.9 239.9 237.6 122.1 83.5 145.9 19.1 251.1 174.2 152.2 215.7 177.5 75.2 146.0 110.1 250.1 164.4 238.8 200.4 165.5 393.4 107.5 70.1 57.3 92.4 94.0 347.2 240.8 72.4 95.5 224.0 260.1 289.2 280.1 251.2 180.4 231.5 0.0 220.8 269.6 28.5 208.3 130.6 282.3 223.6 155.0 295.7 145.3 132.8 194.1 203.4 347.9 405.0 141.1 385.9 33.9 245.6 306.4 7.5 199.5 107.5 236.9 49.4 61.5 282.7 65.1 248.0 274.8 290.2 195.8 184.1 163.3 260.5 238.4 150.8 270.9 314.7 193.3 306.6 140.7 260.7 211.1 150.6 142.5 217.1 333.1 150.4 232.0 170.9 259.5 232.7 266.9 342.3 128.8 26.0 253.1 211.8 338.1 265.3 212.1 56.5 212.0 146.8 206.9 47.2 152.1 118.2 72.0 244.1 97.5 220.3
1625.7 198.7 200.5 196.9 85.3 155.5 241.2 214.7 184.8 208.9 82.8 81.7 206.8 144.0 115.6 206.4 163.1 197.5 61.8 170.3 104.0 156.4 120.6 223.3 226.1 229.4 187.4 228.3 221.9 245.5 122.6 238.4 158.0 149.3 123.5 128.5 142.5 194.2 177.2 127.9 227.7 0.0 116.3 226.5 199.5 206.8 114.0 107.3 112.5 114.3 177.2 214.5 139.0 59.4 148.5 234.9 184.6 267.0 261.7 57.4 84.0 235.3 120.0 189.5 67.4 209.5 181.2 136.9 231.1 98.9 53.9 141.1 65.8 159.0 162.9 114.7 17.5 167.9 99.3 130.0 24.9 85.7 128.6 117.9 9.9 121.4 197.8 117.2 112.2 161.5 58.1 145.6 192.5 206.7 201.3 115.3 164.0 204.9 122.2 210.1 156.7 202.9 50.4 239.2 49.3 200.9 13.9 275.0 154.1 246.1 192.9 165.3 220.5 250.4
1593.4 231.5 233.3 227.5 187.2 213.3 234.2 247.5 175.2 241.7 99.0 114.5 197.2 197.7 153.2 239.2 195.9 217.9 163.7 142.5 213.8 128.6 117.6 171.6 258.9 244.4 220.2 261.1 240.5 365.4 224.5 271.2 190.8 203.0 228.0 248.4 254.0 234.0 216.2 229.8 260.5 121.5 0.0 259.3 238.5 203.2 160.1 209.2 134.0 29.3 162.2 204.9 111.2 125.6 81.5 183.2 175.0 386.9 294.5 159.3 87.4 268.1 110.4 222.3 87.4 242.3 214.0 256.8 263.9 218.8 76.8 261.0 167.7 149.4 153.3 234.6 119.4 200.7 145.4 45.0 100.9 89.1 149.0 232.1 131.4 126.3 170.0 89.4 80.8 200.5 106.3 136.0 255.2 245.7 279.9 118.7 175.4 237.7 227.2 182.3 71.7 278.3 152.3 254.2 104.1 191.3 135.4 307.8 144.5 240.6 225.7 223.1 235.5 250.5
1400.9 114.3 31.2 114.2 251.9 244.9 90.2 84.6 136.7 27.9 261.7 181.5 120.3 223.0 184.8 46.6 136.8 78.2 257.4 132.5 249.4 168.5 185.3 384.3 108.5 38.2 51.4 98.2 62.1 359.1 251.4 69.1 86.3 234.6 267.4 296.5 287.4 261.8 175.1 248.4 18.5 228.1 237.7 0.0 220.2 115.0 292.9 230.9 165.6 267.1 141.2 100.9 162.2 210.7 319.3 395.9 118.4 380.6 55.8 252.9 326.7 29.4 178.4 98.3 244.2 40.2 62.1 293.3 61.8 255.3 282.1 297.5 203.1 174.9 159.2 271.1 245.7 141.6 278.2 282.8 203.9 326.9 135.8 271.3 218.4 157.9 110.6 185.2 318.6 141.2 256.4 153.1 270.1 227.4 261.6 362.6 128.0 32.2 260.6 185.6 309.5 260.0 219.4 75.1 222.6 114.9 214.2 69.1 142.9 86.3 62.8 254.7 109.6 232.2
1615.7 185.9 186.4 182.8 152.2 54.1 227.1 200.6 222.1 194.8 152.7 72.5 247.0 60.8 89.8 192.3 149.0 183.4 160.5 217.1 111.6 203.2 129.8 291.7 212.0 215.3 173.3 209.5 207.8 191.2 86.0 224.3 143.9 52.1 101.4 128.6 192.4 48.2 127.0 80.7 210.3 119.1 163.1 212.4 0.0 192.7 183.9 86.4 70.6 192.5 163.1 246.6 185.8 101.7 244.7 303.3 185.6 212.7 247.6 157.9 204.7 221.2 157.6 175.4 135.2 195.4 167.1 158.7 217.0 155.0 173.1 97.7 108.1 184.6 163.9 141.9 136.7 153.8 169.2 208.2 94.9 204.9 114.5 107.7 109.4 62.9 256.3 164.0 231.4 147.4 154.6 183.2 73.1 7.1 112.2 240.6 149.9 188.3 165.6 256.9 234.9 110.6 110.4 259.9 113.6 238.5 105.2 260.9 155.1 232.0 178.8 45.0 206.4 11.9
1519.5 133.6 86.6 96.4 234.1 227.1 48.1 145.9 54.7 113.0 176.0 163.7 79.6 205.3 167.0 110.5 152.5 66.0 233.2 98.8 225.2 121.5 93.0 333.0 145.7 133.5 73.5 160.7 88.6 332.6 241.3 124.5 77.6 224.5 249.6 267.1 269.6 237.6 163.7 224.3 131.8 203.9 186.7 115.0 193.7 0.0 206.2 213.1 155.5 219.6 49.6 120.9 115.2 192.6 268.3 344.6 49.9 346.4 165.2 235.1 236.6 139.4 108.3 117.6 166.0 95.6 85.3 269.1 117.2 237.5 211.4 273.3 185.3 96.2 67.6 253.3 221.5 157.3 197.9 231.8 186.1 243.2 77.0 261.2 200.4 140.1 126.3 138.2 267.0 148.0 221.1 89.4 260.0 193.2 227.4 272.8 44.2 109.0 242.8 120.6 258.5 225.8 201.6 160.1 180.3 113.3 190.0 164.1 67.3 48.1 125.3 230.5 124.6 198.0
1710.1 289.2 284.9 269.9 134.9 220.2 276.6 299.1 217.6 293.3 63.5 166.1 239.6 202.4 180.3 290.8 247.5 260.3 126.5 203.1 176.6 189.2 160.0 204.8 310.5 313.8 271.8 308.0 282.9 328.2 187.3 322.8 242.4 214.0 190.8 228.4 228.8 255.1 258.6 192.6 308.8 84.3 104.7 310.9 280.9 231.5 0.0 172.0 177.2 80.5 204.6 247.3 171.8 123.8 114.7 216.4 217.4 349.7 346.1 122.1 33.7 319.7 152.8 273.9 97.2 293.9 265.6 219.6 315.5 181.6 39.6 223.8 130.5 191.8 195.7 197.4 82.2 252.3 111.2 96.2 109.3 33.9 191.4 197.1 94.2 186.1 230.6 150.0 78.4 242.9 69.7 178.4 263.4 288.1 284.0 69.6 217.8 289.3 201.8 242.9 122.9 285.6 115.1 358.4 100.8 226.9 98.2 359.4 186.9 283.0 277.3 230.0 304.9 315.1
1627.2 200.2 202.0 198.4 87.4 70.2 242.7 216.2 237.7 210.4 170.1 88.1 262.6 36.6 90.9 207.9 164.6 199.0 89.9 232.7 25.1 218.8 122.1 307.3 227.6 230.9 188.9 229.8 223.4 203.3 38.8 239.9 159.5 41.9 57.3 78.9 100.3 90.9 188.8 44.1 229.2 128.6 178.7 228.0 163.6 208.3 199.5 0.0 86.2 203.3 178.7 262.2 201.4 117.0 237.5 318.9 201.2 224.8 263.2 85.4 173.0 236.8 173.2 191.0 150.8 211.0 182.7 94.7 232.6 68.5 142.9 98.9 51.9 200.2 179.5 72.5 101.0 169.4 184.8 219.0 110.5 174.7 130.1 61.4 124.8 78.5 271.9 179.6 201.2 163.0 147.1 198.8 112.1 170.8 159.1 204.3 165.5 206.4 111.1 272.5 245.7 160.7 115.5 240.7 129.2 254.1 120.8 276.5 170.7 247.6 194.4 80.0 222.0 147.1
1572.6 151.7 147.4 143.8 81.5 79.2 188.1 161.6 183.1 155.8 114.2 34.0 208.0 57.4 19.1 153.3 110.0 144.4 91.7 178.7 83.7 164.8 64.9 253.2 173.0 176.3 134.3 170.5 168.8 236.2 85.7 185.3 104.9 68.9 101.7 130.8 121.7 96.1 124.1 82.7 171.3 80.6 124.6 173.4 172.6 153.7 145.4 65.2 0.0 154.0 124.1 207.6 147.4 62.9 206.2 264.8 146.6 257.7 208.6 87.2 166.2 182.2 118.6 136.4 96.7 156.4 128.1 127.6 178.0 89.6 134.6 131.8 37.4 145.6 124.9 105.4 98.2 114.8 130.7 169.7 56.4 166.4 75.5 105.6 70.9 8.8 217.3 125.6 192.9 108.4 108.9 144.2 104.4 179.8 183.0 202.1 110.9 149.3 94.7 218.5 196.4 181.4 71.9 220.9 75.1 192.7 66.7 221.9 116.1 193.0 139.8 89.0 167.4 156.1
1620.8 265.0 260.7 254.9 165.9 251.2 261.6 274.9 202.6 269.1 94.5 141.9 224.6 233.4 180.6 266.6 223.3 245.3 157.5 169.9 207.6 156.0 171.0 144.8 288.6 271.8 247.6 288.5 267.9 359.2 218.3 298.6 218.2 245.0 221.8 259.4 224.6 286.1 243.6 223.6 284.6 115.3 27.3 286.7 265.9 230.6 153.9 203.0 161.4 0.0 189.6 232.3 138.6 154.8 55.3 156.4 202.4 380.7 321.9 153.1 82.7 295.5 137.8 249.7 124.9 269.7 241.4 248.2 291.3 214.7 70.6 269.0 161.5 176.8 180.7 228.4 113.2 228.1 139.2 15.7 140.3 82.9 176.4 228.1 125.0 153.7 197.4 116.8 74.6 227.9 89.3 163.4 294.4 273.1 309.1 112.5 202.8 262.6 197.8 209.7 42.3 310.7 146.1 334.2 131.8 211.9 129.2 335.2 171.9 268.0 253.1 261.0 262.9 277.9
1521.9 116.9 114.7 73.0 210.7 203.7 81.4 128.9 80.4 123.1 135.7 140.3 100.7 188.1 143.6 120.6 129.1 81.4 216.2 124.5 208.2 147.2 47.4 290.9 122.3 143.6 101.6 137.4 104.0 307.2 210.2 152.6 54.2 193.4 226.2 243.7 246.2 224.4 146.0 207.2 141.9 157.3 144.6 132.3 168.3 47.3 170.5 189.7 124.4 174.0 0.0 134.0 140.9 169.2 226.2 302.5 57.6 328.7 174.7 211.7 199.4 149.5 96.8 94.2 123.9 123.7 95.4 252.1 145.3 214.1 169.3 256.3 161.9 52.9 17.9 229.9 174.9 133.9 155.8 189.7 133.1 201.1 53.6 230.3 147.4 116.7 143.7 103.8 224.9 130.3 179.0 108.7 245.6 175.5 209.7 230.7 13.1 119.1 219.4 146.3 216.4 208.1 178.2 153.4 144.6 139.0 143.4 175.3 27.1 87.8 107.1 213.5 134.7 180.3
1452.8 239.8 144.7 177.9 286.7 279.7 117.8 205.2 46.3 171.1 170.2 181.2 71.1 264.1 219.6 168.6 221.0 124.1 251.4 67.4 284.2 103.4 118.5 319.2 224.7 90.1 131.6 218.8 146.7 378.3 286.2 182.6 177.1 269.4 302.2 319.7 322.2 283.9 217.1 283.2 189.9 191.8 172.6 173.1 239.4 103.4 205.0 265.7 200.4 202.0 124.8 0.0 97.1 192.3 254.2 330.8 76.6 399.8 216.9 247.0 233.9 197.5 77.4 217.1 158.4 153.7 143.4 328.1 175.3 290.1 203.8 321.9 237.9 104.4 131.9 305.9 209.4 225.8 190.3 217.7 167.6 235.6 149.9 306.3 181.9 192.7 45.5 120.1 253.5 201.4 213.5 52.1 321.6 246.6 280.8 265.2 138.0 167.1 295.4 107.7 244.4 279.2 201.3 99.9 179.1 9.3 177.9 222.2 107.6 124.2 183.4 289.5 81.2 251.4
1531.3 210.5 169.8 182.3 219.0 233.6 142.9 226.5 71.4 196.2 114.3 125.3 96.2 218.0 173.5 193.7 174.9 149.2 195.5 31.2 238.1 17.3 72.4 251.6 231.6 168.6 156.7 240.1 171.8 332.2 240.1 207.7 163.5 223.3 256.1 273.6 276.1 237.8 171.0 237.1 215.0 135.9 105.0 198.2 193.3 128.5 149.1 219.6 154.3 134.4 117.0 119.1 0.0 136.4 186.6 263.2 101.7 353.7 242.0 191.1 178.0 222.6 65.2 198.2 102.5 178.8 168.5 282.0 200.4 244.0 147.9 275.8 191.8 104.2 108.1 259.8 153.5 179.7 134.4 150.1 111.7 179.7 103.8 260.2 126.0 146.6 58.7 22.9 185.9 155.3 157.6 90.8 275.5 200.5 234.7 209.3 130.2 192.2 249.3 71.0 176.8 233.1 145.4 178.4 123.2 105.5 122.0 247.3 99.3 149.3 204.7 243.4 159.7 205.3
1611.1 190.5 185.9 182.3 67.4 152.7 226.6 200.1 188.4 194.3 102.8 67.1 210.4 134.9 112.8 192.1 148.5 182.9 58.7 173.9 108.8 160.0 129.3 248.5 213.8 214.8 172.8 209.0 207.3 275.5 119.5 223.8 143.4 146.5 123.3 162.8 161.3 187.6 162.6 131.1 209.8 51.5 119.9 211.9 184.9 189.6 121.4 104.5 109.4 149.3 162.6 218.1 142.6 0.0 189.6 260.1 185.1 297.3 247.4 54.6 126.3 220.7 123.6 174.9 74.5 194.9 166.6 166.9 216.5 129.2 95.0 185.3 63.0 162.9 163.4 144.7 53.1 153.3 106.4 165.0 50.0 126.8 114.0 129.6 41.8 78.9 201.4 120.8 153.3 146.9 73.1 149.2 195.9 192.1 231.6 162.5 149.4 187.8 134.3 213.7 192.0 232.9 8.9 259.7 56.4 197.7 37.6 260.4 154.6 231.5 178.6 162.2 205.9 247.3
1674.2 318.4 314.1 308.3 216.4 286.6 315.0 328.3 256.0 322.5 129.9 195.3 278.0 275.1 246.7 320.0 276.7 298.7 192.9 223.3 243.0 209.4 224.4 90.0 339.7 325.2 301.0 337.2 321.3 390.3 253.7 352.0 271.6 280.4 257.2 288.5 246.4 321.5 297.0 265.3 338.0 150.7 80.7 340.1 319.3 269.9 189.3 238.4 243.6 76.5 243.0 285.7 192.0 190.2 0.0 101.6 255.8 411.8 375.3 188.5 118.1 348.9 191.2 303.1 160.3 323.1 294.8 270.0 344.7 236.5 106.0 260.6 196.9 230.2 234.1 244.9 148.6 281.5 174.6 62.2 175.7 118.3 229.8 245.1 160.6 207.1 250.8 170.2 100.8 281.3 136.1 216.8 329.8 326.5 330.9 154.0 256.2 316.0 219.6 263.1 45.2 332.5 181.5 387.6 167.2 272.1 164.6 388.6 225.3 321.4 306.5 296.4 316.3 370.0
1766.9 376.5 378.3 374.7 273.6 355.4 382.6 392.5 323.6 386.7 221.3 259.5 345.6 348.3 322.4 384.2 340.9 366.3 258.8 316.0 286.1 302.1 266.0 11.5 403.9 417.9 365.2 406.1 399.7 442.2 322.5 416.2 335.8 353.6 305.6 310.6 298.3 403.2 355.0 327.8 405.5 226.3 173.4 404.3 377.3 351.6 282.4 311.6 279.0 146.0 310.6 353.3 284.7 283.6 93.0 0.0 323.4 463.7 439.5 281.6 209.7 413.1 258.8 367.3 253.4 387.3 359.0 321.9 408.9 288.4 199.1 312.5 278.9 297.8 301.7 296.8 241.7 345.7 267.7 129.4 251.3 211.4 297.4 300.0 236.2 271.3 343.5 262.9 152.7 339.3 228.6 284.4 376.5 384.5 382.8 241.0 323.8 382.7 271.5 355.8 112.4 384.4 274.6 427.7 260.3 339.7 240.2 452.8 292.9 389.0 370.7 365.2 409.0 421.9
1467.0 162.8 83.7 116.9 236.6 229.6 56.8 144.2 40.4 110.1 156.7 166.2 65.3 214.0 169.5 107.6 170.9 63.1 242.1 84.5 234.1 107.2 68.4 311.9 163.7 104.3 70.6 157.8 85.7 328.2 236.1 121.6 100.1 219.3 252.1 269.6 272.1 233.8 167.0 233.1 128.9 178.3 165.6 112.1 189.3 42.4 191.5 215.6 150.3 195.0 45.8 76.3 100.9 178.8 247.2 323.5 0.0 349.7 155.9 237.6 220.4 136.5 94.0 140.1 144.9 92.7 82.4 278.0 114.3 240.0 190.3 271.8 187.8 78.6 56.9 255.8 195.9 175.7 176.8 210.7 154.1 222.1 99.5 256.2 168.4 142.6 86.0 123.9 245.9 151.3 200.0 68.7 271.5 196.5 230.7 251.7 59.0 106.1 245.3 106.3 237.4 229.1 187.8 114.1 165.6 85.7 164.4 161.2 28.6 63.2 122.4 239.4 95.4 201.3
1539.8 103.9 194.4 190.1 164.9 62.1 235.1 178.7 230.1 202.8 162.5 80.5 255.0 64.1 97.8 200.3 100.2 191.4 168.5 225.1 119.6 211.2 114.5 299.7 158.2 223.3 181.3 173.3 215.8 164.8 94.0 192.1 151.9 60.1 109.4 138.9 200.4 52.4 51.1 88.7 220.0 127.1 171.1 220.4 7.9 200.7 191.9 94.4 78.6 200.5 171.1 254.6 193.8 109.4 252.7 311.3 193.6 0.0 224.5 165.9 211.2 212.4 165.6 144.8 143.2 194.4 175.1 166.7 199.4 163.0 181.1 107.5 116.1 192.6 171.9 149.9 144.7 95.4 177.2 216.2 102.9 212.9 122.5 113.5 117.2 70.9 264.3 172.0 239.4 109.3 156.0 191.2 79.8 15.1 67.3 242.5 157.9 198.8 173.6 264.9 242.9 65.7 118.4 233.1 121.6 246.5 113.2 211.2 163.1 240.0 176.2 53.0 214.4 19.9
1447.1 104.1 72.1 140.9 273.9 271.6 136.5 68.0 170.5 53.1 288.4 208.2 166.6 256.0 211.5 92.9 147.4 124.5 284.1 178.8 276.1 214.8 216.5 427.4 73.5 104.1 85.2 81.6 108.4 348.9 278.1 56.9 119.7 261.3 294.1 323.2 314.1 258.3 164.9 275.1 33.9 254.8 284.0 65.8 210.0 155.2 319.6 257.6 192.3 313.4 174.6 147.2 208.5 237.4 365.6 439.0 164.7 370.4 0.0 279.6 340.4 26.3 224.1 108.9 270.9 63.1 95.5 320.0 49.6 282.0 308.8 291.6 229.8 208.7 192.6 297.8 272.4 152.2 304.9 329.1 230.6 340.6 169.6 298.0 244.9 184.6 156.9 231.5 364.9 151.8 283.1 198.8 296.8 217.2 251.4 376.3 161.4 57.4 287.1 231.9 355.8 249.8 246.1 57.7 249.3 161.2 240.9 13.3 176.7 132.6 85.5 255.1 134.8 222.0
1641.4 214.4 216.2 212.6 54.8 111.7 256.9 230.4 251.9 224.6 124.0 102.8 276.8 100.2 71.8 222.1 178.8 213.2 42.1 247.5 68.1 233.6 136.3 279.8 241.8 245.1 203.1 244.0 237.6 234.8 78.8 254.1 173.7 105.5 82.3 117.4 120.3 150.4 192.9 84.1 243.4 80.8 179.7 242.2 223.1 222.5 194.9 63.5 68.7 155.5 192.9 276.4 216.2 76.7 189.7 291.4 215.4 256.3 277.4 0.0 125.2 251.0 187.4 205.2 148.3 225.2 196.9 126.2 246.8 88.2 95.1 130.4 22.0 214.4 193.7 104.0 53.2 183.6 180.2 171.2 105.8 126.9 144.3 86.4 90.7 77.6 286.1 194.4 153.4 177.2 99.3 213.0 168.6 230.3 190.6 156.5 179.7 220.6 93.5 287.3 197.9 192.2 67.7 254.9 130.2 268.3 94.7 290.7 184.9 261.8 208.6 121.5 236.2 206.6
1760.1 339.2 334.9 331.3 172.0 263.4 370.9 349.1 311.9 343.3 159.6 216.1 333.9 256.3 230.4 340.8 297.5 331.9 166.8 297.4 194.1 283.5 280.3 179.5 360.5 363.8 321.8 362.7 356.3 350.2 230.5 372.8 292.4 261.6 213.6 248.4 206.3 307.4 311.6 235.8 362.1 134.3 158.7 360.9 352.3 325.8 204.0 219.6 227.3 131.3 298.9 341.6 266.1 192.1 149.2 191.1 311.7 371.7 396.1 190.1 0.0 369.7 247.1 323.9 175.3 343.9 315.6 229.9 365.5 196.4 135.7 220.5 186.9 286.1 290.0 204.8 150.2 302.3 189.3 114.7 159.3 0.2 263.0 205.0 144.2 236.2 324.9 244.3 103.5 295.9 165.2 272.7 315.7 359.5 290.8 29.7 298.4 336.8 179.3 337.2 114.8 292.4 183.1 408.4 183.7 328.0 148.2 409.4 281.2 377.3 327.3 273.2 354.9 329.9
1406.1 118.7 48.0 114.5 252.2 245.2 124.4 75.9 153.5 26.7 263.8 181.8 154.5 229.6 185.1 80.8 153.6 112.4 257.7 166.7 249.7 202.7 176.7 401.0 102.6 77.7 68.2 89.5 96.3 356.8 251.7 64.8 103.1 234.9 267.7 285.2 287.7 265.9 172.8 248.7 7.5 228.4 271.9 39.4 217.9 124.1 293.2 231.2 165.9 301.3 152.9 135.1 196.4 210.7 353.5 412.6 148.7 378.3 26.3 253.2 312.5 0.0 207.1 115.1 244.5 57.0 69.1 293.6 57.5 255.6 282.4 297.8 203.4 191.7 170.9 271.4 246.0 158.4 278.5 317.0 204.2 314.2 148.3 271.8 218.5 158.2 144.8 219.4 352.8 158.0 257.3 181.8 287.1 225.1 259.3 343.8 139.7 31.0 260.9 219.4 343.7 257.7 219.7 87.5 222.9 144.5 214.5 39.6 159.7 120.5 79.6 255.0 108.4 229.9
1547.3 179.1 163.1 150.9 209.2 202.2 136.2 195.1 64.7 189.3 92.7 103.7 89.5 186.6 142.1 186.8 143.5 141.3 173.9 84.3 206.7 107.0 41.0 247.9 200.2 184.6 150.0 208.7 163.9 300.8 208.7 201.0 132.1 191.9 224.7 242.2 244.7 206.4 139.6 205.7 208.1 114.3 101.6 191.5 161.9 121.8 127.5 188.2 122.9 131.0 85.6 94.4 100.7 114.8 183.2 259.5 95.0 322.3 235.3 169.5 156.4 215.7 0.0 166.8 80.9 172.1 161.6 250.6 193.7 212.6 126.3 244.4 160.4 72.8 76.7 228.4 131.9 148.3 112.8 146.7 90.1 158.1 72.4 228.8 104.4 115.2 111.8 60.8 181.9 123.9 136.0 25.5 244.1 169.1 203.3 187.7 98.8 185.3 217.9 106.1 173.4 201.7 123.8 194.4 101.6 80.8 100.4 240.6 67.9 142.6 173.3 212.0 175.7 173.9
1466.9 61.9 89.7 64.5 202.2 195.2 160.1 73.9 161.9 105.4 211.2 131.8 185.7 179.6 135.1 132.1 38.4 128.1 207.7 206.0 199.7 228.7 132.4 351.0 67.3 138.4 89.9 82.4 147.6 266.2 201.7 101.2 30.0 184.9 217.7 235.2 237.7 171.8 98.0 198.7 115.2 178.4 220.1 100.1 127.3 126.0 243.2 181.2 115.9 249.5 84.9 186.4 222.4 160.7 301.7 362.6 142.6 287.7 119.7 203.2 262.5 107.6 172.3 0.0 194.5 89.6 106.9 243.6 96.1 205.6 232.4 209.8 153.4 137.9 102.9 221.4 196.0 43.2 228.5 265.2 154.2 264.2 80.3 221.8 168.5 108.2 196.1 179.3 290.7 42.8 207.3 190.2 199.2 134.5 168.7 293.8 71.7 109.7 210.9 227.8 291.9 167.1 169.7 148.2 172.9 195.8 164.5 120.3 112.1 166.5 71.4 172.4 146.2 139.3
1634.4 207.4 209.2 188.8 162.8 189.2 195.5 223.4 136.5 217.6 51.8 90.4 158.5 173.6 129.1 215.1 171.8 179.2 139.3 122.0 181.5 108.1 78.9 214.6 234.8 238.1 196.1 237.0 201.8 323.0 200.1 247.1 166.7 178.9 201.0 206.0 220.0 209.9 177.5 205.4 236.4 77.4 86.0 235.2 199.8 164.5 46.5 184.8 109.9 115.4 123.5 166.2 90.7 81.9 152.1 226.2 136.3 344.5 270.4 134.9 78.8 244.0 71.7 198.2 0.0 218.2 189.9 214.4 239.8 176.4 61.0 232.8 143.3 110.7 114.6 192.2 95.0 176.6 31.8 131.1 55.9 80.5 110.3 195.4 67.5 102.2 149.5 68.9 100.9 161.8 77.1 97.3 231.1 207.0 241.2 110.1 136.7 213.6 199.7 161.8 157.8 239.6 90.9 247.9 42.7 152.6 63.5 283.7 105.8 201.9 201.6 199.0 229.2 211.8
1423.8 100.7 9.0 84.8 222.5 215.5 112.3 57.9 107.3 55.5 234.1 152.1 132.2 199.9 155.4 95.5 125.4 88.0 228.0 151.4 220.0 174.1 153.3 371.3 70.9 88.5 22.0 71.5 110.6 338.8 222.0 28.8 74.9 205.2 238.0 255.5 258.0 236.2 154.8 219.0 58.6 198.7 242.7 50.2 199.9 77.9 263.5 201.5 136.2 272.1 123.2 149.8 167.8 181.0 324.3 382.9 102.5 360.3 63.1 223.5 282.8 51.0 160.9 86.9 214.8 0.0 70.3 263.9 21.5 225.9 252.7 268.1 173.7 145.5 141.2 241.7 216.3 130.2 248.8 287.8 174.5 284.5 106.4 242.1 188.8 128.5 159.5 190.8 311.0 129.8 227.6 135.6 257.4 207.1 241.3 314.1 110.0 59.8 231.2 173.2 314.5 239.7 190.0 98.3 193.2 159.2 184.8 68.4 113.5 118.7 51.4 225.3 109.6 211.9
1410.8 130.7 53.6 68.8 206.5 199.5 68.7 96.1 109.3 31.1 218.1 136.1 98.8 183.9 139.4 25.1 124.9 56.7 212.0 111.0 204.0 147.0 131.0 355.3 133.6 48.1 40.5 109.7 40.6 312.4 206.0 91.5 68.0 189.2 222.0 239.5 242.0 220.2 151.2 203.0 49.9 182.7 216.2 48.7 173.5 79.9 247.5 185.5 120.2 245.6 107.2 79.4 140.7 165.0 297.8 366.9 96.9 333.9 83.9 207.5 266.8 57.5 156.9 108.0 198.8 62.6 0.0 247.9 84.2 209.9 236.7 266.3 157.7 147.5 125.2 225.7 200.3 129.7 232.8 261.3 158.5 268.5 102.6 226.1 172.8 112.5 89.1 163.7 297.1 135.5 211.6 131.6 241.4 180.7 214.9 298.1 94.0 27.1 215.2 164.1 288.0 213.3 174.0 57.9 177.2 88.8 168.8 97.2 115.5 64.8 74.3 209.3 39.2 185.5
1593.5 253.3 281.8 278.2 105.2 114.3 322.5 296.0 317.5 290.2 204.8 168.4 342.4 129.3 137.4 287.7 243.5 278.8 112.5 313.1 67.1 299.2 225.2 301.0 301.5 310.7 268.7 304.9 303.2 151.9 81.4 319.7 239.3 134.6 64.5 46.5 56.5 149.2 194.4 86.7 305.7 141.9 258.3 307.8 169.2 288.1 256.0 92.6 134.3 234.6 258.5 342.0 281.8 170.2 270.7 312.6 281.0 173.4 343.0 131.4 205.8 316.6 253.0 270.8 209.4 290.8 262.5 0.0 312.4 53.8 174.2 60.5 93.9 280.0 259.3 13.6 141.2 238.7 241.3 236.2 166.9 206.0 209.9 55.9 151.6 143.2 351.7 260.0 225.0 252.6 194.7 278.6 161.7 176.4 107.7 241.7 245.3 283.7 81.8 352.9 236.3 109.3 161.5 355.3 191.3 333.9 155.8 354.5 250.5 327.4 274.2 124.1 301.8 169.9
1402.2 87.2 30.5 106.4 244.1 237.1 133.9 44.4 128.9 77.1 255.7 173.7 153.8 221.5 177.0 106.1 123.8 109.6 249.6 173.0 241.6 195.7 174.9 392.9 49.3 110.1 43.6 58.0 121.6 325.3 243.6 7.2 96.1 226.8 259.6 277.1 279.6 230.9 141.3 240.6 65.1 220.3 264.3 71.8 186.4 99.5 285.1 223.1 157.8 293.7 144.8 160.4 189.4 202.6 345.9 404.5 124.1 346.8 60.1 245.1 304.4 57.5 182.5 85.3 236.4 21.5 91.9 285.5 0.0 247.5 274.3 268.9 195.3 167.1 162.8 263.3 237.9 128.6 270.4 309.4 196.1 306.1 128.0 263.7 210.4 150.1 170.1 212.4 332.6 128.2 249.2 157.2 258.3 193.6 227.8 335.7 131.6 81.4 252.8 194.8 336.1 226.2 211.6 119.9 214.8 169.8 206.4 46.8 135.1 140.3 61.9 231.5 131.2 198.4
1623.0 241.0 242.8 239.2 66.2 109.2 283.5 257.0 278.5 251.2 164.1 129.4 303.4 102.1 98.4 248.7 205.4 239.8 73.5 274.1 39.9 260.2 162.9 262.0 268.4 271.7 229.7 270.6 264.2 181.4 76.3 280.7 200.3 107.4 59.4 64.4 54.9 147.9 223.9 81.6 270.0 102.9 219.3 268.8 198.7 249.1 217.0 65.4 95.3 195.6 219.5 303.0 242.8 131.5 231.7 273.6 242.0 202.9 304.0 92.4 165.3 277.6 214.0 231.8 170.4 251.8 223.5 72.8 273.4 0.0 135.2 77.0 54.9 241.0 220.3 50.6 102.2 210.2 202.3 197.2 127.9 167.0 170.9 53.8 112.8 104.2 312.7 221.0 186.0 203.8 139.4 239.6 128.4 205.9 137.2 196.6 206.3 247.2 28.1 313.9 197.3 138.8 122.5 281.5 152.3 294.9 116.8 317.3 211.5 288.4 235.2 119.0 262.8 186.4
1670.4 243.4 245.2 230.2 110.3 180.5 236.9 259.4 177.9 253.6 22.1 126.4 199.9 169.0 140.6 251.1 207.8 220.6 86.8 163.4 136.9 149.5 120.3 184.6 270.8 274.1 232.1 273.0 243.2 288.5 147.6 283.1 202.7 174.3 151.1 171.5 189.1 219.2 218.9 152.9 272.4 44.6 84.5 271.2 241.2 205.9 108.0 132.3 137.5 60.3 164.9 207.6 132.1 84.4 94.5 196.2 177.7 310.0 306.4 82.4 30.0 280.0 113.1 234.2 61.4 254.2 225.9 179.9 275.8 141.9 0.0 198.3 90.8 152.1 156.0 157.7 42.5 212.6 93.3 76.0 69.6 31.7 151.7 155.2 54.5 146.4 190.9 110.3 58.2 203.2 29.4 138.7 235.5 248.4 244.3 61.3 178.1 249.6 162.3 203.2 102.7 245.9 75.4 283.9 61.1 194.0 58.5 319.7 147.2 243.3 237.6 190.3 265.2 275.4
1569.7 200.9 258.5 256.7 160.7 144.4 318.7 245.3 312.4 297.6 208.7 162.8 337.3 121.1 180.1 264.4 166.8 273.7 133.0 307.4 129.6 293.5 220.1 314.4 227.1 305.6 229.3 244.6 298.1 114.7 104.2 258.7 222.2 134.6 98.2 45.1 80.9 130.7 117.7 128.8 289.9 209.4 253.4 291.4 102.4 280.4 256.0 151.1 160.9 284.9 253.4 336.9 276.1 192.0 284.1 326.0 275.9 136.2 290.1 186.4 244.5 279.0 247.9 211.4 225.5 261.0 257.4 43.8 266.0 74.3 212.9 0.0 152.9 256.7 254.2 34.1 202.0 162.0 259.5 249.6 167.0 244.7 204.8 67.2 199.7 153.2 346.6 254.3 238.4 175.9 194.4 265.7 59.9 99.7 55.3 274.3 232.4 278.6 107.7 347.2 249.7 56.9 200.7 316.7 196.1 322.0 195.5 277.8 215.4 322.3 256.7 136.6 288.9 67.9
1613.0 186.0 187.8 184.2 42.8 89.6 228.5 202.0 223.5 196.2 119.8 74.4 248.4 78.1 43.4 193.7 150.4 184.8 37.9 219.1 46.0 205.2 107.9 270.2 213.4 216.7 174.7 215.6 209.2 198.7 56.7 225.7 145.3 83.4 60.2 81.7 84.2 124.2 164.5 62.0 215.0 76.6 165.0 213.8 196.9 194.1 185.8 41.4 40.3 151.3 164.5 248.0 187.8 72.5 185.5 281.8 187.0 220.2 249.0 33.4 121.0 222.6 159.0 176.8 137.1 196.8 168.5 90.1 218.4 52.1 90.9 108.5 0.0 186.0 165.3 67.9 49.0 155.2 171.1 167.0 96.8 122.7 115.9 64.3 86.5 49.2 257.7 166.0 149.2 148.8 95.1 184.6 140.1 204.1 154.5 152.3 151.3 192.2 57.4 258.9 193.7 156.1 63.5 226.5 115.5 239.9 90.5 262.3 156.5 233.4 180.2 99.4 207.8 180.4
1566.9 155.2 139.3 118.0 232.1 229.8 112.4 173.9 40.8 165.7 130.5 143.3 47.7 208.0 169.7 163.2 171.1 118.7 213.5 84.9 234.3 107.6 91.4 287.5 169.6 175.6 126.2 182.8 141.3 328.4 236.3 177.2 99.2 219.5 252.3 281.4 272.3 246.7 167.2 233.3 184.5 153.9 141.2 167.7 189.5 92.3 167.1 215.8 150.5 170.6 44.9 109.2 101.3 154.4 222.8 299.1 71.2 349.9 211.5 209.1 197.5 192.1 94.4 139.2 120.5 148.3 138.0 278.2 169.9 240.2 165.9 263.0 188.0 0.0 27.4 256.0 171.5 175.9 152.4 186.3 129.7 197.7 98.6 256.2 144.0 142.8 112.4 124.3 221.5 151.5 175.0 69.1 255.0 196.7 230.9 233.4 58.1 161.7 245.3 106.7 213.0 229.3 163.4 212.8 141.2 99.4 140.0 216.8 45.2 118.8 152.1 239.6 166.7 201.5
1539.4 134.4 132.2 90.5 228.2 221.2 98.9 146.4 71.0 140.6 128.1 139.1 82.7 205.6 161.1 138.1 146.6 98.9 233.7 115.1 225.7 137.8 58.0 283.3 139.8 152.6 119.1 154.9 121.5 317.8 227.7 170.1 71.7 210.9 243.7 261.2 263.7 241.9 156.6 224.7 159.4 149.7 137.0 149.8 178.9 64.8 162.9 207.2 141.9 166.4 17.4 124.6 131.5 150.2 218.6 294.9 48.2 339.3 192.2 229.2 191.8 167.0 89.2 111.7 116.3 141.2 112.9 269.6 162.8 231.6 161.7 273.8 179.4 34.9 0.0 247.4 167.3 151.4 148.2 182.1 125.5 193.5 71.1 247.8 139.8 134.2 134.3 96.2 217.3 140.9 171.4 99.3 263.1 186.1 220.3 223.1 30.6 136.6 236.9 136.9 208.8 218.7 159.2 162.4 137.0 129.6 135.8 192.8 17.7 105.3 124.6 231.0 143.7 190.9
1572.3 232.1 268.1 264.5 89.4 100.6 308.8 282.3 303.8 276.5 191.1 154.7 328.7 109.3 123.7 274.0 222.3 265.1 98.8 299.4 53.4 285.5 185.6 287.3 280.3 297.0 255.0 300.1 289.5 130.7 67.7 314.2 225.6 120.9 50.8 32.8 57.5 135.5 173.2 73.0 292.0 128.2 244.6 294.1 148.0 274.4 242.3 78.9 120.6 220.9 244.8 328.3 268.1 156.5 257.0 298.9 267.3 152.2 329.3 117.7 192.1 302.9 239.3 266.9 195.7 277.1 248.8 22.1 298.7 40.1 160.5 26.3 80.2 266.3 245.6 0.0 127.5 217.5 227.6 222.5 153.2 192.3 196.2 42.2 137.9 129.5 338.0 246.3 211.3 231.4 164.7 264.9 127.5 155.2 86.5 228.0 231.6 272.5 68.3 339.2 222.6 88.1 147.8 347.9 177.6 320.2 142.1 333.3 236.8 313.7 260.5 110.4 288.1 135.7
1667.6 240.6 242.4 238.8 67.7 137.9 283.1 256.6 226.5 250.8 70.7 129.0 248.5 126.4 98.0 248.3 205.0 239.4 44.2 212.0 94.3 198.1 162.5 226.5 268.0 271.3 229.3 270.2 263.8 251.4 105.0 280.3 199.9 131.7 108.5 134.4 146.5 176.6 219.1 110.3 269.6 27.5 126.4 268.4 249.3 248.7 141.6 89.7 94.9 102.2 219.1 256.2 180.7 41.8 136.4 238.1 226.3 272.9 303.6 39.8 71.9 277.2 161.7 231.4 95.0 251.4 223.1 142.8 273.0 104.8 41.8 161.2 48.2 200.7 204.6 120.6 0.0 209.8 126.9 117.9 52.5 73.6 170.5 112.6 37.4 103.8 239.5 158.9 100.1 203.4 46.0 187.3 194.8 256.5 207.2 103.2 205.9 246.8 119.7 251.8 144.6 208.8 32.8 281.1 76.9 242.6 41.4 316.9 195.8 288.0 234.8 147.7 262.4 232.8
1460.5 30.7 130.2 98.4 182.6 154.0 199.1 98.5 194.1 157.8 194.2 112.2 219.0 160.0 115.5 164.3 4.8 174.8 188.1 238.2 180.1 204.4 107.1 331.4 69.8 187.3 142.3 84.9 179.8 238.7 182.1 103.7 82.4 165.3 198.1 215.6 218.1 144.3 54.7 179.1 146.8 158.8 202.8 152.5 99.8 164.7 223.6 161.6 96.3 232.2 135.1 218.6 187.0 141.1 284.4 343.0 189.3 260.2 136.1 183.6 242.9 139.2 158.2 53.2 174.9 121.2 139.1 224.0 111.0 186.0 212.8 182.3 133.8 188.1 153.1 201.8 176.4 0.0 208.9 247.9 134.6 244.6 130.5 202.2 148.9 88.6 228.3 165.2 271.1 29.2 187.7 183.8 171.7 107.0 141.2 274.2 121.9 162.1 191.3 260.0 274.6 139.6 150.1 197.1 153.3 228.0 144.9 122.8 162.3 204.0 103.0 144.9 178.4 111.8
1724.8 297.8 299.6 284.6 164.7 234.9 291.3 313.8 232.3 308.0 76.5 180.8 254.3 223.4 195.0 305.5 262.2 275.0 141.2 217.8 191.3 203.9 174.7 219.5 325.2 328.5 286.5 327.4 297.6 342.9 202.0 337.5 257.1 228.7 205.5 225.9 243.5 273.6 273.3 207.3 326.8 99.0 119.4 325.6 295.6 260.3 14.6 186.7 191.9 95.2 219.3 262.0 186.5 138.8 129.4 231.1 232.1 364.4 360.8 136.8 46.9 334.4 167.5 288.6 111.9 308.6 280.3 234.3 330.2 196.3 54.3 238.5 145.2 206.5 210.4 212.1 96.9 267.0 0.0 110.9 124.0 48.6 206.1 209.6 108.9 200.8 245.3 164.7 93.1 257.6 83.8 193.1 289.9 302.8 298.7 78.2 232.5 304.0 216.7 257.6 137.6 300.3 129.8 338.3 115.5 248.4 112.9 374.1 201.6 297.7 292.0 244.7 319.6 329.8
1637.4 275.5 277.3 271.5 197.6 267.8 278.2 291.5 219.2 285.7 109.4 158.5 241.2 256.3 197.2 283.2 239.9 261.9 174.1 186.5 196.7 172.6 161.6 129.1 302.9 288.4 264.2 305.1 284.5 352.8 234.9 315.2 234.8 261.6 216.2 221.2 208.9 306.5 260.2 240.2 304.5 131.9 43.9 303.3 282.5 247.2 170.5 219.6 178.0 16.5 206.2 248.9 155.2 171.7 71.9 140.7 219.0 374.3 338.5 169.7 97.8 312.1 154.4 266.3 141.5 286.3 258.0 232.5 307.9 199.0 87.2 223.1 178.1 193.4 197.3 207.4 129.8 244.7 155.8 0.0 156.9 99.5 193.0 210.6 141.8 170.3 214.0 133.4 63.3 244.5 116.7 180.0 287.1 289.7 293.4 129.1 219.4 281.7 182.1 226.3 26.6 295.0 162.7 298.2 148.4 235.3 145.8 351.8 188.5 284.6 269.7 277.6 279.5 332.5
1600.7 179.8 175.5 171.9 109.5 179.7 216.2 189.7 159.8 183.9 80.9 56.7 181.8 168.2 95.4 181.4 138.1 172.5 86.0 145.3 128.2 131.4 93.0 219.9 201.1 204.4 162.4 203.3 196.9 269.7 146.8 213.4 133.0 173.5 147.7 152.7 166.7 172.4 152.2 152.1 202.7 24.1 91.3 201.5 174.5 185.6 111.7 131.5 76.2 120.7 152.2 189.5 114.0 46.9 172.7 231.5 159.6 291.2 236.7 81.6 109.7 210.3 95.0 164.5 63.4 184.5 156.2 161.1 206.1 123.1 78.1 165.3 90.0 134.0 137.9 138.9 41.7 142.9 97.0 136.4 0.0 109.9 103.6 139.1 14.2 68.5 172.8 92.2 136.4 136.5 75.6 120.6 180.7 181.7 225.5 145.6 139.0 177.4 146.4 185.1 163.1 227.1 55.6 249.0 41.8 169.1 10.2 250.0 129.1 221.1 167.9 189.5 195.5 186.5
1759.9 332.9 334.7 331.1 181.4 263.2 370.7 348.9 311.7 343.1 157.7 215.9 333.7 256.1 230.2 340.6 297.3 331.7 166.6 297.2 193.9 283.3 254.1 179.3 360.3 363.6 321.6 362.5 356.1 350.0 230.3 372.6 292.2 261.4 213.4 218.4 206.1 311.0 311.4 235.6 361.9 134.1 158.5 360.7 352.1 339.7 203.8 219.4 227.1 131.1 298.7 341.4 265.9 191.9 149.0 190.9 311.5 371.5 395.9 189.9 142.1 369.5 246.9 323.7 175.1 343.7 315.4 229.7 365.3 196.2 135.5 220.3 186.7 285.9 289.8 204.6 150.0 302.1 189.1 114.5 159.1 0.0 262.8 207.8 144.0 236.0 324.7 244.1 103.3 295.7 165.0 272.5 284.3 359.3 290.6 29.5 298.2 339.1 179.3 337.0 114.6 292.2 182.9 373.4 183.5 327.8 148.0 409.2 281.0 377.1 327.1 273.0 354.7 329.7
1527.3 122.3 107.4 78.4 165.6 158.6 111.1 134.3 106.1 128.5 130.8 95.2 131.0 143.0 98.5 126.0 99.9 68.8 171.1 150.2 163.1 138.1 40.8 286.0 127.7 143.3 94.3 142.8 91.4 257.2 165.1 145.3 59.6 148.3 181.1 198.6 201.1 162.8 96.0 162.1 147.3 141.8 139.7 135.8 118.3 76.7 165.6 144.6 79.3 169.1 43.6 149.0 120.7 124.1 221.3 297.6 101.3 278.7 179.6 166.6 194.5 154.9 91.9 99.6 119.0 116.4 100.8 207.0 138.0 169.0 164.4 200.8 116.8 96.6 61.6 184.8 159.4 104.7 150.9 184.8 117.6 196.2 0.0 185.2 131.9 71.6 158.7 98.9 220.0 80.3 174.1 134.4 200.5 125.5 159.7 225.8 30.4 124.5 174.3 172.0 211.5 158.1 133.1 153.1 139.7 158.4 127.9 180.7 70.8 117.5 112.5 168.4 134.4 130.3
1606.5 253.8 237.2 233.6 98.3 58.3 277.9 251.4 272.9 245.6 184.8 123.3 297.8 100.3 120.7 243.1 199.8 234.2 101.2 267.9 54.4 254.0 154.7 299.4 262.8 266.1 224.1 260.3 258.6 164.9 25.4 275.1 194.7 102.9 8.5 33.1 73.0 93.2 194.9 37.0 261.1 139.9 213.9 263.2 169.7 240.9 234.7 69.8 117.6 214.6 213.9 297.4 236.6 135.5 248.8 311.0 236.4 186.4 298.4 96.7 185.8 272.0 208.4 226.2 186.0 246.2 217.9 56.3 267.8 52.2 154.2 74.7 63.2 235.4 214.7 34.1 112.3 204.6 220.0 230.3 145.7 186.0 165.3 0.0 149.8 113.7 307.1 214.8 212.5 198.2 135.7 234.0 101.5 176.9 112.4 212.6 200.7 239.1 80.4 307.7 234.7 114.0 126.8 310.7 164.4 289.3 153.8 311.7 205.9 282.8 229.6 68.1 257.2 151.5
1615.8 194.9 190.8 187.0 80.1 165.4 231.5 204.8 174.9 199.0 85.7 71.8 196.9 147.6 125.5 196.7 153.2 187.6 71.5 160.4 113.9 146.5 134.0 233.2 218.5 219.5 177.5 213.7 212.0 255.2 132.3 228.5 148.1 159.0 133.4 155.6 152.4 200.3 167.3 137.8 214.5 9.9 106.4 216.6 189.6 194.3 104.1 117.2 91.5 124.0 167.3 204.6 129.1 59.3 158.2 244.8 174.7 276.9 251.8 67.3 95.2 225.4 110.1 179.6 57.5 199.6 171.3 146.8 221.2 108.8 63.8 165.2 75.7 149.1 153.0 124.4 27.4 158.0 89.4 139.9 15.2 95.6 118.7 124.8 0.0 83.6 187.9 107.3 122.1 151.6 56.1 135.9 208.6 196.8 211.2 131.3 154.1 192.5 131.9 200.2 166.4 212.8 60.3 264.1 39.6 184.2 3.9 265.1 144.2 236.2 183.2 175.0 210.8 260.1
1563.7 136.7 138.5 134.9 93.9 86.9 179.2 152.7 174.2 146.9 107.1 25.1 199.1 71.3 26.8 144.4 101.1 135.5 99.4 169.8 91.4 155.9 58.6 244.3 164.1 167.4 125.4 166.3 159.9 243.9 93.4 176.4 96.0 76.6 109.4 126.9 129.4 107.6 115.2 90.4 165.7 71.7 115.7 164.5 180.3 144.8 136.5 72.9 7.6 145.1 115.2 198.7 138.5 54.0 197.3 255.9 137.7 265.4 199.7 94.9 155.8 173.3 109.7 127.5 87.8 147.5 119.2 135.3 169.1 97.3 125.7 139.5 45.1 136.7 116.0 113.1 89.3 105.9 121.8 160.8 47.5 157.5 66.6 113.5 61.8 0.0 208.4 116.7 184.0 99.5 100.6 135.3 128.8 187.5 190.7 187.1 102.0 142.9 102.6 209.6 187.5 189.1 63.0 177.2 66.2 190.6 57.8 213.0 107.2 184.1 130.9 96.7 158.5 163.8
1472.5 248.8 153.7 186.9 270.6 285.2 126.8 214.2 55.3 180.1 165.9 176.9 80.1 269.6 225.1 177.6 226.5 133.1 247.1 21.8 289.7 57.8 124.0 303.2 233.7 109.8 140.6 227.8 155.7 383.8 291.7 191.6 186.1 274.9 307.7 325.2 327.7 289.4 222.6 288.7 198.9 187.5 156.6 182.1 244.9 112.4 200.7 271.2 205.9 186.0 133.8 103.0 51.5 188.0 238.2 314.8 85.6 405.3 225.9 242.7 229.6 206.5 104.4 226.1 154.1 162.7 152.4 333.6 184.3 295.6 199.5 327.4 243.4 113.4 140.9 311.4 205.1 231.3 186.0 201.7 163.3 231.3 155.4 311.8 177.6 198.2 0.0 74.5 237.5 206.9 209.2 79.1 327.1 252.1 286.3 260.9 147.0 176.1 300.9 74.9 228.4 284.7 197.0 119.6 174.8 89.4 173.6 231.2 116.6 133.2 192.4 295.0 100.9 256.9
1553.1 187.5 188.3 159.3 196.0 210.6 164.7 203.5 93.2 197.7 91.3 102.3 118.0 195.0 150.5 195.2 151.9 149.7 172.5 53.0 215.1 39.1 49.4 228.6 208.6 190.4 175.2 217.1 172.3 309.2 217.1 226.2 140.5 200.3 233.1 250.6 253.1 214.8 148.0 214.1 216.5 112.9 82.0 215.3 170.3 135.0 126.1 196.6 131.3 111.4 94.0 136.7 21.7 113.4 163.6 240.2 106.8 330.7 250.5 168.1 155.0 224.1 42.2 175.2 79.5 197.3 170.0 259.0 218.9 221.0 124.9 252.8 168.8 81.2 85.1 236.8 130.5 156.7 111.4 127.1 88.7 156.7 80.8 237.2 103.0 123.6 80.5 0.0 162.9 132.3 134.6 67.8 252.5 177.5 211.7 186.3 107.2 193.7 226.3 92.8 153.8 210.1 122.4 200.2 100.2 123.1 99.0 261.6 76.3 171.1 181.7 220.4 181.5 182.3
1672.0 310.1 311.9 293.4 178.6 248.8 300.1 326.1 241.1 320.3 90.4 193.1 263.1 237.3 208.9 317.8 274.5 283.8 155.1 221.1 186.6 207.2 183.5 149.2 337.5 323.0 298.8 339.7 306.4 342.7 215.9 349.8 269.4 242.6 219.4 211.1 198.8 287.5 282.1 221.2 339.1 112.9 78.5 337.9 344.8 269.1 133.5 200.6 205.8 54.3 228.1 270.8 189.8 152.7 88.5 160.8 240.9 364.2 373.1 150.7 78.8 346.7 176.3 300.9 104.5 320.9 292.6 222.4 342.5 188.9 68.2 213.0 159.1 215.3 219.2 197.3 110.8 279.3 118.8 70.0 137.9 80.5 214.9 200.5 122.8 214.7 248.6 168.0 0.0 266.4 97.7 201.9 277.0 352.0 283.3 110.1 241.3 316.3 172.0 260.9 84.5 284.9 143.7 332.8 129.4 257.2 126.8 386.4 210.4 306.5 304.3 258.6 314.1 322.4
1499.8 70.0 132.6 106.0 190.2 138.6 203.0 116.8 201.7 148.3 201.8 119.8 226.6 167.6 123.1 171.9 34.4 171.0 195.7 245.8 187.7 212.0 114.7 339.0 109.1 181.3 132.8 124.2 187.4 223.3 189.7 143.0 72.9 136.6 205.7 223.2 225.7 128.9 56.6 186.7 158.1 166.4 210.4 143.0 84.4 168.9 231.2 169.2 103.9 239.8 127.8 226.2 194.6 148.7 292.0 350.6 185.5 244.8 162.6 191.2 250.5 150.5 165.8 42.8 182.5 132.5 146.7 231.6 139.0 193.6 220.4 166.9 141.4 180.8 145.8 209.4 184.0 39.2 216.5 255.5 142.2 252.2 123.2 209.8 156.5 96.2 235.9 172.8 278.7 0.0 195.3 191.4 156.3 91.6 125.8 281.8 114.6 152.6 198.9 267.6 282.2 124.2 157.7 191.1 160.9 235.6 152.5 162.1 155.0 209.4 114.3 129.5 186.0 96.4
1653.6 230.8 212.1 224.8 89.8 175.1 257.7 242.6 198.7 236.8 70.4 109.6 220.7 157.3 135.2 232.4 191.0 225.4 81.4 184.2 131.5 170.3 167.1 224.5 256.3 257.3 199.0 251.5 249.8 283.7 128.9 266.3 185.9 168.9 145.7 183.3 184.3 227.7 205.1 165.2 252.3 39.2 124.4 252.5 273.2 212.6 128.2 126.9 112.8 100.2 185.7 228.4 152.9 78.7 152.1 236.1 198.5 304.6 289.6 77.0 71.4 263.2 133.9 217.4 64.2 237.4 209.1 192.2 259.0 136.5 39.8 165.4 85.4 177.3 176.8 152.3 37.1 195.8 96.1 115.9 64.2 71.6 156.5 169.7 48.9 141.0 211.7 131.1 98.1 189.4 0.0 163.9 205.0 293.7 238.9 107.3 175.6 230.3 156.7 224.0 160.3 258.2 70.0 300.0 31.7 208.0 53.1 302.9 167.4 264.1 204.5 185.5 248.4 256.7
1521.7 210.5 137.5 170.7 234.5 227.5 110.6 198.0 39.1 163.9 116.2 129.0 63.9 205.6 167.4 161.4 168.8 116.9 199.2 58.7 232.0 81.4 66.3 273.2 217.5 159.0 124.4 211.6 139.5 326.1 234.0 175.4 157.4 217.2 250.0 267.5 270.0 244.4 164.9 224.7 179.4 139.6 126.9 165.9 187.2 96.2 152.8 213.5 148.2 156.3 110.9 68.8 75.1 140.4 208.5 284.8 69.4 347.6 209.7 194.8 183.2 190.3 25.2 192.1 106.2 146.5 136.2 275.9 168.1 237.9 151.6 260.7 185.7 97.2 102.0 253.7 157.2 173.6 138.1 172.0 115.4 183.4 97.7 253.9 129.7 140.5 86.2 98.1 207.2 149.2 160.7 0.0 252.7 194.4 228.6 219.1 124.1 157.4 243.2 80.5 198.7 227.0 149.1 211.0 126.9 48.4 125.7 215.0 93.2 117.0 176.2 237.3 150.1 199.2
1582.0 152.2 226.1 232.3 191.9 93.8 266.8 220.9 261.8 234.5 192.4 112.2 286.7 100.5 129.5 232.0 142.4 223.1 200.2 256.8 151.3 242.9 169.5 331.4 200.4 255.0 213.0 215.5 247.5 175.5 125.7 234.3 197.8 91.8 141.1 118.1 180.1 87.9 93.3 114.1 250.0 158.8 202.8 252.1 68.1 229.8 223.6 126.1 110.3 232.2 202.8 286.3 225.5 141.1 284.4 343.0 225.3 197.0 266.7 197.6 244.4 254.6 197.3 187.0 174.9 236.6 206.8 143.0 241.6 173.5 212.8 82.0 147.8 224.3 203.6 133.3 176.4 137.6 208.9 247.9 134.6 244.6 154.2 147.4 148.9 102.6 296.0 203.7 271.1 151.5 170.0 222.9 0.0 75.3 78.5 274.2 189.6 230.5 205.3 296.6 274.6 76.9 150.1 268.0 153.3 271.4 144.9 253.4 194.8 271.7 218.4 84.7 246.1 51.6
1608.5 172.6 179.2 175.6 149.7 46.9 219.9 193.4 214.9 187.6 147.3 65.3 239.8 48.9 82.6 185.1 141.8 176.2 153.3 209.9 104.4 196.0 99.3 284.5 204.8 208.1 166.1 207.0 200.6 184.0 78.8 217.1 136.7 44.9 94.2 123.7 185.2 37.2 119.8 73.5 206.4 111.9 155.9 205.2 94.6 185.5 176.7 79.2 63.4 185.3 155.9 239.4 178.6 94.2 237.5 296.1 178.4 205.5 240.4 150.7 196.0 214.0 150.4 168.2 128.0 188.2 159.9 151.5 209.8 147.8 165.9 90.5 100.9 177.4 156.7 134.7 129.5 146.6 162.0 201.0 87.7 197.7 107.3 98.3 102.0 55.7 249.1 156.8 224.2 140.2 140.8 176.0 64.6 0.0 105.0 227.3 142.7 183.6 158.4 249.7 227.7 103.4 103.2 217.9 106.4 231.3 98.0 253.7 147.9 224.8 171.6 37.8 199.2 4.7
1575.3 139.4 238.9 225.6 200.9 115.6 288.6 214.2 283.6 266.5 216.0 134.0 308.5 117.6 151.3 253.8 135.7 244.9 222.0 278.6 169.7 264.7 168.0 353.2 193.7 276.8 234.8 208.8 269.3 97.4 147.5 227.6 191.1 113.6 142.3 91.5 151.2 105.9 86.6 142.2 255.5 180.6 224.6 261.2 61.4 254.2 245.4 147.9 132.1 254.0 224.6 308.1 247.3 162.9 306.2 364.8 247.1 118.9 260.0 219.4 264.7 247.9 219.1 180.3 196.7 229.9 228.6 108.0 234.9 138.5 234.6 65.3 169.6 246.1 225.4 98.3 198.2 130.9 230.7 269.7 156.4 266.4 176.0 136.7 170.7 124.4 317.8 225.5 292.9 144.8 209.5 244.7 125.3 68.6 0.0 296.0 211.4 252.3 178.0 318.4 296.4 1.5 171.9 286.6 175.1 300.0 166.7 246.7 216.6 293.5 211.7 106.5 267.9 73.4
1730.3 303.3 305.1 301.5 142.2 233.6 341.1 319.3 282.1 313.5 129.8 186.3 304.1 220.2 200.6 304.9 267.7 302.1 137.0 267.6 164.3 253.7 250.5 149.7 333.0 334.0 292.0 328.2 326.5 320.4 200.7 343.0 262.6 225.7 183.8 218.6 176.5 277.6 281.8 199.9 329.0 104.5 128.9 331.1 322.5 296.0 168.1 189.8 197.5 101.5 269.1 311.8 236.3 162.0 113.3 161.3 281.9 341.9 360.2 160.3 114.0 339.9 217.3 294.1 145.5 314.1 285.8 200.1 335.7 166.6 105.9 184.6 157.1 256.3 260.2 168.9 120.4 272.5 159.5 84.9 129.5 114.2 233.2 169.1 114.2 206.4 295.1 214.5 73.7 266.1 151.7 242.9 279.8 329.7 261.0 0.0 268.6 307.0 149.5 307.4 85.0 256.5 153.3 378.6 153.9 291.4 118.4 379.6 251.4 347.5 297.5 237.3 325.1 294.0
1508.7 97.0 101.5 59.8 192.8 190.5 88.3 115.7 93.6 109.9 147.1 127.1 113.9 168.7 130.4 107.4 115.9 68.2 203.0 137.7 195.0 160.4 33.3 304.1 109.1 130.4 88.4 124.6 90.8 297.7 197.0 139.4 41.0 180.2 213.0 242.1 233.0 207.4 136.5 194.0 128.7 173.7 157.8 119.1 158.8 46.5 183.7 176.5 111.2 187.2 13.1 147.2 154.1 156.3 239.4 315.7 70.8 319.2 161.5 198.5 214.1 136.3 110.0 81.0 137.1 110.5 82.2 238.9 132.1 200.9 182.5 243.1 148.7 66.1 31.1 216.7 191.3 120.7 169.0 202.9 149.5 214.3 40.4 216.9 163.8 103.5 156.9 117.0 238.1 120.8 192.2 121.9 215.7 166.0 200.2 250.0 0.0 105.9 206.0 159.5 229.6 198.6 165.0 162.8 157.8 152.2 159.8 162.1 40.3 94.7 93.9 200.3 121.5 170.8
1422.5 133.2 50.1 83.4 216.4 214.1 104.2 103.5 123.9 3.9 228.3 150.7 136.9 192.2 154.0 60.6 139.5 94.8 224.0 149.1 216.0 185.1 143.0 369.9 127.4 59.8 52.5 112.4 78.7 324.4 218.0 88.0 82.6 201.2 236.6 265.7 256.6 228.4 165.8 208.7 19.4 197.3 254.3 24.0 185.5 108.6 259.5 200.1 132.2 281.1 121.8 117.5 178.8 179.9 333.3 381.5 119.1 348.5 56.7 222.1 280.3 30.3 177.5 117.2 213.4 59.1 38.0 259.9 80.7 224.5 251.3 264.1 172.3 162.1 139.8 240.3 214.9 144.3 247.4 299.4 170.5 283.1 117.2 237.9 187.6 127.1 127.2 201.8 309.6 150.1 208.5 152.2 236.7 195.3 229.5 318.8 106.0 0.0 229.6 189.8 323.5 225.3 188.6 76.0 191.8 131.5 183.4 70.0 130.1 102.9 81.7 221.3 74.7 200.1
1647.5 261.9 257.8 254.2 101.7 133.7 298.5 272.0 293.5 266.2 195.5 144.4 318.4 131.3 113.4 263.5 220.4 254.8 111.7 289.1 75.4 275.2 201.2 255.3 285.7 286.7 244.7 280.9 279.2 205.9 100.8 295.7 215.3 142.9 83.9 106.1 26.7 168.6 234.5 106.1 281.7 150.6 234.5 283.6 231.6 261.5 255.8 100.9 110.1 207.1 234.5 318.0 257.8 146.2 224.8 266.9 257.0 227.4 318.8 107.4 196.3 292.6 229.0 246.8 207.1 266.8 238.5 76.3 288.4 38.1 164.9 99.6 69.9 256.0 235.3 89.8 123.0 225.2 241.1 190.5 166.6 196.7 185.9 75.5 160.3 119.2 327.7 236.0 179.3 218.8 185.4 254.6 176.9 238.6 169.9 232.4 221.1 259.7 0.0 328.9 190.4 171.5 137.5 331.3 185.5 303.1 164.5 332.3 226.5 303.4 250.2 143.7 277.6 209.0
1534.5 250.1 155.0 188.2 289.9 318.9 128.1 215.5 56.6 181.4 185.2 196.2 81.4 303.3 258.8 178.9 244.3 134.4 266.4 34.4 323.4 77.1 143.3 322.5 235.0 171.8 141.9 229.1 157.0 403.1 325.4 192.9 187.4 308.6 341.4 358.9 361.4 308.7 241.9 322.4 200.2 206.8 175.9 183.4 264.2 113.7 220.0 304.9 239.6 205.3 135.1 104.3 70.8 207.3 257.5 334.1 86.9 424.6 227.2 262.0 248.9 207.8 105.7 227.4 173.4 164.0 153.7 367.3 185.6 329.3 218.8 346.7 277.1 114.7 142.2 345.1 224.4 249.1 205.3 221.0 182.6 250.6 172.8 345.5 196.9 231.9 61.9 93.8 256.8 226.2 228.5 80.4 360.8 271.4 305.6 280.2 148.3 177.4 334.6 0.0 247.7 304.0 216.3 181.6 194.1 90.7 192.9 232.5 117.9 134.5 193.7 328.7 162.9 276.2
1654.4 298.6 294.3 288.5 194.6 284.8 295.2 308.5 236.2 302.7 128.1 175.5 258.2 267.0 243.4 300.2 256.9 278.9 191.1 203.5 207.1 189.6 178.6 102.6 322.2 305.4 281.2 322.1 301.5 363.2 251.9 332.2 251.8 278.6 226.6 261.4 219.3 319.7 277.2 257.2 321.5 147.3 60.9 320.3 299.5 264.2 187.5 236.6 195.0 33.5 223.2 265.9 172.2 188.4 59.9 114.2 236.0 384.7 355.5 186.7 116.3 329.1 171.4 283.3 158.5 303.3 275.0 242.9 324.9 209.4 104.2 233.5 195.1 210.4 214.3 217.8 146.8 261.7 172.8 16.9 172.3 116.5 210.0 218.0 157.2 187.3 231.0 150.4 73.7 261.5 122.9 197.0 328.0 306.7 303.8 152.2 236.4 296.2 192.5 243.3 0.0 305.4 179.7 367.8 165.4 252.3 161.2 368.8 205.5 301.6 286.7 294.6 296.5 342.9
1573.7 143.9 237.3 224.0 202.5 114.0 287.0 212.6 282.0 264.9 212.6 132.4 306.9 120.7 149.7 252.2 134.1 243.3 220.4 277.0 171.3 263.1 166.4 351.6 192.1 275.2 233.2 207.2 267.7 99.0 145.9 226.0 189.5 112.0 143.9 90.8 152.8 108.1 85.0 134.3 257.2 179.0 223.0 259.6 59.8 256.4 243.8 146.3 130.5 252.4 223.0 306.5 245.7 161.3 304.6 363.2 245.5 120.5 258.4 217.8 264.6 246.3 217.5 178.7 195.1 228.3 227.0 109.6 233.3 140.1 233.0 66.9 168.0 244.5 223.8 99.9 196.6 129.3 229.1 268.1 154.8 264.8 174.4 135.3 169.1 122.8 316.2 223.9 291.3 143.2 190.2 243.1 133.0 67.0 1.5 294.4 209.8 248.2 179.6 316.8 294.8 0.0 170.3 259.7 173.5 291.6 165.1 245.1 215.0 291.9 210.1 104.9 266.3 71.8
1620.1 193.1 194.9 191.3 73.5 143.7 235.6 209.1 197.4 203.3 113.3 76.1 219.4 132.2 103.8 200.8 157.5 191.9 50.0 182.9 100.1 169.0 115.0 257.5 220.5 223.8 181.8 222.7 216.3 266.8 110.8 232.8 152.4 137.5 114.3 149.4 152.3 182.4 171.6 116.1 222.1 60.5 128.9 220.9 193.9 201.2 130.1 95.5 100.7 146.4 171.6 227.1 151.6 8.9 180.6 269.1 194.1 288.3 256.1 45.6 116.1 229.7 132.6 183.9 83.5 203.9 175.6 158.2 225.5 120.2 86.0 162.4 54.0 171.6 172.4 136.0 44.1 162.3 115.4 162.1 59.0 117.8 123.0 118.4 50.6 109.6 210.4 129.8 144.3 155.9 90.2 158.2 200.6 201.1 222.6 147.4 158.4 199.3 125.5 222.7 188.8 224.2 0.0 233.6 65.4 213.5 46.6 269.4 163.6 240.5 187.3 153.5 214.9 238.6
1394.9 143.0 59.9 119.5 252.5 250.2 78.7 113.3 135.8 56.6 257.9 186.8 108.8 228.4 190.1 35.1 165.5 66.7 262.7 121.0 254.7 157.0 161.2 372.8 137.2 60.3 80.1 122.2 50.6 363.1 256.7 97.8 115.0 239.9 272.7 301.8 292.7 267.1 201.9 247.4 50.5 233.4 226.2 28.6 224.2 101.6 294.5 236.2 170.9 255.6 152.6 89.4 150.7 215.7 307.8 384.4 106.9 384.6 84.5 258.2 315.2 58.1 166.9 127.0 247.9 68.9 50.6 298.6 90.5 260.6 287.4 302.8 208.4 167.3 163.9 276.4 251.0 170.3 279.8 271.3 209.2 315.4 130.0 276.6 223.5 163.2 99.1 173.7 307.1 169.9 262.3 141.6 275.4 231.4 265.6 345.0 139.4 60.9 265.9 174.1 298.0 264.0 224.7 0.0 227.9 98.8 219.5 97.8 135.6 74.8 91.5 260.0 67.2 236.2
1621.9 201.0 196.7 193.1 124.2 176.7 226.0 210.9 167.0 205.1 60.5 77.9 189.0 161.1 116.6 202.6 159.3 193.7 115.8 152.5 165.9 138.6 135.4 225.6 224.6 225.6 183.6 224.5 218.1 314.7 176.6 234.6 154.2 166.4 180.1 197.7 218.1 193.6 173.4 181.9 223.9 69.1 97.0 222.7 195.7 195.0 79.1 161.3 97.4 126.4 154.0 196.7 121.2 73.9 168.8 237.2 166.8 336.2 257.9 111.4 105.8 231.5 102.2 185.7 32.5 205.7 177.4 206.1 227.3 168.1 74.2 224.5 119.8 141.2 145.1 183.9 71.5 164.1 64.4 142.1 47.6 106.0 124.8 184.1 59.4 89.7 180.0 99.4 132.5 157.7 34.4 127.8 201.9 202.9 270.5 141.7 160.2 201.1 191.1 192.3 168.8 272.1 82.6 270.2 0.0 176.3 55.2 271.2 136.3 232.4 189.1 186.5 216.7 207.7
1466.4 219.1 130.7 168.5 250.4 270.3 108.4 195.8 36.9 161.7 160.8 171.8 61.7 248.4 210.2 154.6 211.6 114.7 242.0 76.5 270.2 99.2 135.1 316.0 212.6 103.7 122.2 204.7 137.3 368.9 272.2 173.2 167.7 260.0 292.8 321.9 312.8 282.6 207.7 262.9 177.2 182.4 169.7 163.7 225.4 108.1 195.6 256.3 186.4 194.5 115.4 13.6 92.9 183.2 251.3 327.6 67.2 390.4 202.9 237.6 226.0 188.1 68.0 207.7 149.0 144.3 134.0 314.1 165.9 280.7 194.4 326.4 228.5 90.4 122.5 296.5 200.0 216.4 180.9 214.8 153.6 226.2 140.5 292.1 172.7 183.3 59.1 115.9 250.0 192.0 186.4 42.7 290.9 237.2 271.4 261.9 128.6 155.2 285.8 98.3 241.5 265.2 191.9 208.8 169.7 0.0 168.5 212.8 98.2 114.8 169.4 275.5 101.6 242.0
1611.8 184.8 186.6 183.0 99.2 169.4 227.3 200.8 170.9 195.0 83.3 67.8 192.9 157.9 129.5 192.5 149.2 183.6 75.7 156.4 117.9 142.5 106.7 231.0 212.2 215.5 173.5 214.4 208.0 259.4 136.5 224.5 144.1 163.2 137.4 142.4 156.4 208.1 163.3 141.8 213.8 13.9 102.4 212.6 185.6 192.9 100.1 121.2 87.3 128.2 163.3 200.6 125.1 55.0 162.4 242.6 170.7 280.9 247.8 71.3 97.9 221.4 106.1 175.6 53.5 195.6 167.3 150.8 217.2 112.8 67.8 169.2 79.7 145.1 149.0 128.6 31.4 154.0 85.4 143.9 11.0 99.6 114.7 131.8 3.9 79.6 183.9 103.3 126.1 147.6 69.8 131.7 206.4 192.8 215.2 129.2 150.1 191.0 136.1 196.2 170.6 216.8 64.0 225.3 35.4 187.0 0.0 261.1 140.2 232.2 179.0 179.2 206.6 197.6
1433.8 121.9 85.4 154.2 291.9 284.9 140.1 81.3 183.8 66.4 303.5 221.5 170.2 269.3 224.8 96.5 149.6 128.1 297.4 182.4 289.4 218.4 229.8 434.2 62.9 117.4 98.5 78.8 112.0 356.5 291.4 61.3 133.0 274.6 307.4 324.9 327.4 262.1 172.5 288.4 47.2 268.1 287.6 79.1 217.6 154.4 332.9 270.9 205.6 317.0 187.9 150.8 212.1 250.4 369.2 445.8 168.3 378.0 13.3 292.9 352.2 39.6 228.3 122.2 284.2 76.4 108.8 333.3 62.9 295.3 322.1 300.1 243.1 222.0 205.9 311.1 285.7 144.8 318.2 332.7 243.9 353.9 182.9 311.5 258.2 197.9 160.5 235.1 368.5 165.1 297.0 203.0 289.5 224.8 259.0 383.5 174.7 70.7 300.6 235.5 359.4 257.4 259.4 127.2 262.6 160.2 254.2 0.0 190.0 136.2 98.8 262.7 148.1 229.6
1539.1 127.4 116.5 90.2 203.2 200.9 89.6 146.1 53.2 140.3 126.2 137.5 78.1 179.1 140.8 137.8 142.2 95.9 213.4 97.3 205.4 120.0 39.7 283.2 139.5 134.8 103.4 154.6 118.5 299.5 207.4 154.4 71.4 190.6 223.4 240.9 243.4 217.8 138.3 198.1 155.8 149.6 136.9 144.9 160.6 64.5 162.8 186.9 121.6 166.3 17.1 106.8 113.7 150.4 218.5 294.8 30.4 321.0 188.7 208.9 193.2 166.7 106.8 111.4 116.2 125.5 112.6 249.3 147.1 211.3 161.6 257.0 159.1 63.2 28.2 227.1 167.2 147.0 148.1 182.0 125.4 193.4 70.8 227.3 139.7 113.9 116.5 96.1 217.2 122.6 167.0 81.5 226.1 167.8 202.0 229.1 30.3 136.3 216.6 119.1 208.7 200.4 159.1 190.0 136.9 105.0 135.7 192.5 0.0 96.0 124.3 210.7 125.9 172.6
1518.9 174.8 86.0 119.2 256.9 249.9 3.8 146.5 74.1 112.4 208.4 186.5 92.1 234.3 189.8 109.9 175.3 65.4 262.4 104.3 254.4 140.3 120.1 356.1 166.0 132.9 72.9 160.1 88.0 359.4 256.4 123.9 112.1 239.6 272.4 289.9 292.4 270.6 198.2 253.4 131.2 233.1 209.5 114.4 220.5 26.7 243.2 235.9 170.6 238.9 84.1 72.7 134.0 215.4 291.1 367.7 69.3 380.9 158.2 257.9 272.1 138.8 127.7 152.1 196.6 95.0 84.7 298.3 116.6 260.3 242.0 302.5 208.1 112.3 102.1 276.1 250.7 180.1 228.5 254.6 208.9 273.8 103.8 276.5 223.2 162.9 82.4 157.0 290.4 182.5 251.7 102.4 291.8 227.7 261.9 303.4 71.0 108.4 265.6 140.0 281.3 260.3 224.4 142.7 217.3 82.1 219.2 163.5 80.3 0.0 124.7 259.7 124.0 232.5
1464.2 75.8 62.4 72.5 210.2 203.2 146.3 21.7 141.3 78.1 220.0 139.8 166.2 187.6 143.1 111.5 108.6 122.0 215.7 185.4 207.7 208.1 131.1 359.0 58.4 111.1 62.6 35.3 127.0 320.6 209.7 69.2 58.1 192.9 225.7 243.2 245.7 220.1 136.6 200.4 81.0 186.4 230.4 72.8 181.7 119.6 251.2 189.2 123.9 259.8 110.9 165.8 201.8 168.7 312.0 370.6 136.5 342.1 85.5 211.2 272.0 73.4 194.9 70.1 202.5 55.4 86.3 251.6 61.9 213.6 240.4 255.8 161.4 163.9 128.9 229.4 204.0 113.4 236.5 275.5 162.2 272.2 106.3 229.6 176.5 116.2 175.5 192.8 298.7 113.0 197.6 169.6 228.4 188.9 223.1 307.9 97.7 82.4 218.7 207.2 302.2 221.5 177.7 86.8 180.9 179.8 172.5 94.9 138.1 151.2 0.0 213.0 125.6 193.7
1594.2 173.3 169.0 165.4 134.8 9.1 209.7 183.2 204.7 177.4 135.3 55.1 229.6 43.4 72.4 174.9 131.6 166.0 143.1 199.7 94.2 185.8 112.4 274.3 194.6 197.9 155.9 192.1 190.4 227.6 40.9 206.9 126.5 34.7 56.3 91.4 135.7 67.0 168.7 35.6 192.9 101.7 145.7 195.0 143.5 172.7 166.5 69.0 53.2 175.1 145.7 229.2 168.4 84.0 227.3 285.9 168.2 249.1 230.2 140.5 187.3 203.8 140.2 158.0 117.8 178.0 149.7 119.0 199.6 114.9 155.7 137.4 90.7 167.2 146.5 96.8 119.3 136.4 151.8 190.8 77.5 187.5 97.1 62.6 91.8 45.5 238.9 146.6 214.0 130.0 130.6 165.8 75.3 150.7 153.9 217.1 132.5 170.9 148.0 239.5 217.5 152.3 93.0 242.5 96.2 214.3 87.8 243.5 137.7 214.6 161.4 0.0 189.0 127.0
1371.5 150.4 118.4 229.8 362.8 360.5 135.3 114.3 216.8 117.4 377.3 297.1 165.4 344.9 300.4 91.7 193.7 123.3 373.0 177.6 365.0 213.6 289.4 516.3 145.3 8.8 131.5 123.2 107.2 323.3 367.0 103.2 166.0 350.2 383.0 400.5 403.0 304.6 211.2 364.0 98.2 343.7 282.8 130.1 256.3 201.5 408.5 346.5 281.2 312.2 220.9 146.0 207.3 326.3 364.4 527.9 163.5 312.1 82.7 368.5 429.3 90.6 223.5 155.2 359.8 109.4 160.9 408.9 95.9 370.9 397.7 352.7 318.7 255.0 238.9 386.7 361.3 198.5 393.8 327.9 319.5 429.5 215.9 386.9 333.8 273.5 155.7 230.3 363.7 198.1 372.0 198.2 385.7 263.5 297.7 465.2 207.7 121.7 376.2 230.7 354.6 296.1 335.0 56.5 338.2 160.0 329.8 96.0 223.0 131.4 131.8 301.4 0.0 268.3
1599.6 178.7 174.4 170.8 144.9 42.1 215.1 188.6 210.1 182.8 140.7 60.5 235.0 48.8 77.8 180.3 137.0 171.4 148.5 205.1 99.6 191.2 117.8 279.7 200.0 203.3 161.3 202.2 195.8 224.6 74.0 212.3 131.9 40.1 89.4 116.6 180.4 36.2 154.5 68.7 201.6 107.1 151.1 200.4 129.3 178.1 171.9 74.4 58.6 180.5 151.1 234.6 173.8 89.7 232.7 291.3 173.6 246.1 235.6 145.9 192.7 209.2 145.6 163.4 123.2 183.4 155.1 152.1 205.0 143.0 161.1 131.1 96.1 172.6 151.9 129.9 124.7 141.8 157.2 196.2 82.9 192.9 102.5 95.7 97.2 50.9 244.3 152.0 219.4 135.4 135.4 171.2 61.1 136.5 139.7 228.6 137.9 176.3 153.6 244.9 222.9 138.1 98.4 247.9 101.6 226.5 93.2 248.9 143.1 220.0 166.8 33.0 194.4 0.0
