Name		2906_BED-Amazon_n123_m193_bt28
Number_of_Customers	123
Number_of_Items		193
Number_of_ItemTypes	28
Number_of_Vehicles	1
TimeWindows		0
Dist_type	manual

VEHICLE
Mass_Capacity	1693
CargoSpace_Length	160
CargoSpace_Width	70
CargoSpace_Height	72

CUSTOMERS
i	x	y	Demand	ReadyTime	DueDate	ServiceTime	DemandedMass	DemandedVolume
0	33.965477	-117.653303	0	0	0	0	0	0
1	34.044254	-117.285057	1	0	0	0	7.3	3640
2	34.057059	-117.288032	1	0	0	0	2.91	13520
3	34.057026	-117.292347	1	0	0	0	4.8	6200
4	34.05533	-117.279398	2	0	0	0	7.64	16284
5	34.051197	-117.289183	1	0	0	0	1.9	1176
6	34.053732	-117.286829	2	0	0	0	5.4	4020
7	34.042942	-117.284826	3	0	0	0	7.3	5196
8	34.031905	-117.275654	1	0	0	0	0.7	2640
9	34.015429	-117.277405	1	0	0	0	4.7	1380
10	34.052903	-117.288033	1	0	0	0	9.4	2760
11	34.012513	-117.264475	1	0	0	0	4.7	1380
12	34.034129	-117.284304	2	0	0	0	12.0	5020
13	34.034954	-117.289802	1	0	0	0	4.7	1380
14	34.030751	-117.27577	2	0	0	0	12.3	38120
15	34.040757	-117.27747	1	0	0	0	4.7	1380
16	34.054823	-117.288062	1	0	0	0	1.9	1176
17	34.056175	-117.296722	2	0	0	0	6.6	2556
18	34.051602	-117.296151	1	0	0	0	4.7	1380
19	34.031901	-117.273589	1	0	0	0	4.7	1380
20	34.056182	-117.294835	1	0	0	0	0.7	2640
21	34.051383	-117.288571	1	0	0	0	7.3	3640
22	34.029463	-117.290684	1	0	0	0	4.7	1380
23	34.014578	-117.271713	1	0	0	0	0.7	2640
24	34.037772	-117.287727	1	0	0	0	2.75	9072
25	34.051251	-117.283457	2	0	0	0	7.52	7780
26	34.058245	-117.2906	1	0	0	0	2.5	3978
27	34.056934	-117.29554	2	0	0	0	5.72	8776
28	33.990591	-117.223756	2	0	0	0	9.5	7580
29	34.041366	-117.283106	2	0	0	0	5.4	4020
30	34.052846	-117.29936	1	0	0	0	1.4	5280
31	33.993023	-117.230678	1	0	0	0	1.8	2520
32	34.031643	-117.272614	1	0	0	0	0.7	2640
33	34.035648	-117.289337	1	0	0	0	4.7	1380
34	34.051532	-117.286835	2	0	0	0	8.52	8980
35	34.053256	-117.288784	1	0	0	0	4.7	1380
36	34.035624	-117.273018	1	0	0	0	2.15	1080
37	34.032626	-117.286958	1	0	0	0	4.7	1380
38	34.052009	-117.280755	1	0	0	0	7.3	3640
39	34.032092	-117.291427	4	0	0	0	15.55	12522
40	34.057292	-117.282953	2	0	0	0	6.1	6660
41	34.054201	-117.275455	1	0	0	0	2.5	3978
42	33.990341	-117.229483	1	0	0	0	1.75	4608
43	34.05097	-117.289951	1	0	0	0	0.7	2640
44	34.053188	-117.290176	2	0	0	0	7.61	14900
45	34.057168	-117.281525	1	0	0	0	0.7	2640
46	34.031324	-117.285256	1	0	0	0	4.7	1380
47	34.031532	-117.275956	1	0	0	0	7.3	3640
48	34.025348	-117.275534	1	0	0	0	4.7	1380
49	34.057786	-117.289752	1	0	0	0	9.4	2760
50	34.057305	-117.288896	2	0	0	0	7.3	11780
51	34.032199	-117.278019	1	0	0	0	4.7	1380
52	34.051933	-117.289542	2	0	0	0	11.45	25428
53	34.029528	-117.289022	2	0	0	0	9.2	4816
54	34.039669	-117.275699	1	0	0	0	3.82	7600
55	34.05475	-117.281388	3	0	0	0	10.25	8340
56	34.056851	-117.286839	1	0	0	0	2.15	1080
57	34.054574	-117.284788	1	0	0	0	0.7	2640
58	34.051101	-117.28952	2	0	0	0	5.4	4020
59	34.053668	-117.280126	1	0	0	0	7.3	3640
60	34.038645	-117.27614	1	0	0	0	1.75	4608
61	34.031949	-117.288109	1	0	0	0	2.15	1080
62	34.037775	-117.287725	1	0	0	0	4.7	1380
63	34.054801	-117.288998	1	0	0	0	3.82	8580
64	33.996711	-117.234786	1	0	0	0	4.8	6200
65	34.029976	-117.271358	4	0	0	0	10.64	12540
66	34.042807	-117.2848	1	0	0	0	1.9	1176
67	34.054116	-117.284636	1	0	0	0	4.7	1380
68	34.035662	-117.28933	4	0	0	0	9.65	12606
69	34.052382	-117.2975	1	0	0	0	4.7	1380
70	34.008824	-117.275043	1	0	0	0	4.7	1380
71	34.042039	-117.280079	1	0	0	0	4.7	1380
72	34.032284	-117.274907	1	0	0	0	4.7	1380
73	34.032315	-117.283978	1	0	0	0	4.7	1380
74	34.052626	-117.28954	1	0	0	0	4.7	1380
75	34.016009	-117.278218	4	0	0	0	9.43	34425
76	34.043077	-117.284113	1	0	0	0	4.7	1380
77	34.053141	-117.297021	1	0	0	0	0.7	2640
78	34.054686	-117.28038	1	0	0	0	3.82	7600
79	34.058043	-117.293926	1	0	0	0	4.7	1380
80	34.039694	-117.277405	4	0	0	0	15.44	28658
81	34.037816	-117.275334	1	0	0	0	3.01	5544
82	34.024188	-117.275853	1	0	0	0	4.21	5400
83	34.022127	-117.270644	1	0	0	0	5.29	8075
84	34.055188	-117.288417	1	0	0	0	14.1	4140
85	34.054511	-117.290648	1	0	0	0	4.7	1380
86	34.057676	-117.286278	1	0	0	0	1.8	2520
87	34.021515	-117.278004	1	0	0	0	9.4	2760
88	34.031674	-117.2899	1	0	0	0	0.7	2640
89	34.036184	-117.271541	1	0	0	0	1.9	1176
90	34.058523	-117.295146	2	0	0	0	15.85	8748
91	34.057125	-117.283995	1	0	0	0	4.7	1380
92	34.024219	-117.2759	2	0	0	0	18.85	2380
93	34.053771	-117.276426	1	0	0	0	4.7	1380
94	34.054323	-117.286839	1	0	0	0	4.7	1380
95	34.02984	-117.284726	1	0	0	0	4.7	1380
96	34.037151	-117.283888	1	0	0	0	4.7	1380
97	34.051006	-117.286039	1	0	0	0	4.7	1380
98	34.052881	-117.298283	2	0	0	0	2.45	7248
99	34.030378	-117.270959	2	0	0	0	3.65	5784
100	34.055768	-117.281544	3	0	0	0	6.31	12000
101	34.057398	-117.289753	3	0	0	0	7.12	21620
102	34.054032	-117.282153	1	0	0	0	0.7	2640
103	34.05226	-117.293585	1	0	0	0	1.9	1176
104	34.056256	-117.293621	1	0	0	0	2.5	3978
105	34.058479	-117.2886	3	0	0	0	23.5	15700
106	34.031284	-117.274435	1	0	0	0	7.3	3640
107	34.021911	-117.26624	1	0	0	0	1.9	1176
108	34.017489	-117.26446	1	0	0	0	0.7	2640
109	34.054553	-117.29714	1	0	0	0	4.7	1380
110	33.999631	-117.231363	4	0	0	0	11.0	12324
111	34.024199	-117.275866	1	0	0	0	4.7	1380
112	34.053154	-117.282689	1	0	0	0	4.7	1380
113	34.056186	-117.294211	1	0	0	0	4.7	1380
114	34.054409	-117.290089	1	0	0	0	1.75	4608
115	34.02539	-117.276516	1	0	0	0	5.11	7680
116	34.03325	-117.28568	2	0	0	0	10.58	33664
117	34.035113	-117.27143	1	0	0	0	1.75	4608
118	34.034389	-117.284285	1	0	0	0	1.9	1176
119	34.053475	-117.296927	1	0	0	0	2.15	1080
120	34.031158	-117.272928	2	0	0	0	4.76	10152
121	34.052922	-117.284488	3	0	0	0	9.1	14300
122	34.040839	-117.275988	2	0	0	0	2.6	3816
123	34.040523	-117.277055	2	0	0	0	2.47	12065

ITEMS
Type	Length	Width	Height	Mass	Fragility	LoadBearingStrength
Bt1	10	10	10	14.15	1	0
Bt2	18	12	5	2.15	1	0
Bt3	21	14	4	1.9	1	0
Bt4	23	15	4	4.7	1	0
Bt5	20	18	7	1.8	1	0
Bt6	15	11	16	0.7	1	0
Bt7	20	14	13	7.3	1	0
Bt8	17	13	18	2.5	1	0
Bt9	24	12	16	1.75	1	0
Bt10	40	15	9	4.21	1	0
Bt11	28	22	9	3.01	1	0
Bt12	31	20	10	4.8	1	0
Bt13	32	20	10	2.82	1	0
Bt14	36	18	11	3.7	1	0
Bt15	34	12	18	3.34	1	0
Bt16	40	19	10	3.82	1	0
Bt17	48	20	8	5.11	1	0
Bt18	25	19	17	5.29	1	0
Bt19	22	15	26	3.816	1	0
Bt20	28	18	18	2.75	1	0
Bt21	29	25	13	1.77	1	0
Bt22	50	20	10	4.73	1	0
Bt23	40	20	13	2.6	1	0
Bt24	26	20	26	2.91	1	0
Bt25	27	23	24	2.94	1	0
Bt26	39	27	16	7.63	1	0
Bt27	57	15	20	3.44	1	0
Bt28	38	37	20	7.568	1	0

DEMANDS PER CUSTOMER
i	Type Quantity
1	Bt7 1	
2	Bt24 1	
3	Bt12 1	
4	Bt4 1	Bt25 1	
5	Bt3 1	
6	Bt6 1	Bt4 1	
7	Bt6 1	Bt3 1	Bt4 1	
8	Bt6 1	
9	Bt4 1	
10	Bt4 2	
11	Bt4 1	
12	Bt7 1	Bt4 1	
13	Bt4 1	
14	Bt28 1	Bt22 1	
15	Bt4 1	
16	Bt3 1	
17	Bt3 1	Bt4 1	
18	Bt4 1	
19	Bt4 1	
20	Bt6 1	
21	Bt7 1	
22	Bt4 1	
23	Bt6 1	
24	Bt20 1	
25	Bt4 1	Bt13 1	
26	Bt8 1	
27	Bt3 1	Bt16 1	
28	Bt12 1	Bt4 1	
29	Bt4 1	Bt6 1	
30	Bt6 2	
31	Bt5 1	
32	Bt6 1	
33	Bt4 1	
34	Bt4 1	Bt16 1	
35	Bt4 1	
36	Bt2 1	
37	Bt4 1	
38	Bt7 1	
39	Bt9 1	Bt4 2	Bt8 1	Bt3 1	
40	Bt6 2	Bt4 1	
41	Bt8 1	
42	Bt9 1	
43	Bt6 1	
44	Bt4 1	Bt24 1	
45	Bt6 1	
46	Bt4 1	
47	Bt7 1	
48	Bt4 1	
49	Bt4 2	
50	Bt23 1	Bt4 1	
51	Bt4 1	
52	Bt19 1	Bt26 1	
53	Bt7 1	Bt3 1	
54	Bt16 1	
55	Bt3 2	Bt4 1	Bt9 1	
56	Bt2 1	
57	Bt6 1	
58	Bt4 1	Bt6 1	
59	Bt7 1	
60	Bt9 1	
61	Bt2 1	
62	Bt4 1	
63	Bt19 1	
64	Bt12 1	
65	Bt15 1	Bt6 1	Bt3 1	Bt4 1	
66	Bt3 1	
67	Bt4 1	
68	Bt4 1	Bt8 1	Bt9 1	Bt6 1	
69	Bt4 1	
70	Bt4 1	
71	Bt4 1	
72	Bt4 1	
73	Bt4 1	
74	Bt4 1	
75	Bt2 1	Bt24 1	Bt23 1	Bt21 1	
76	Bt4 1	
77	Bt6 1	
78	Bt16 1	
79	Bt4 1	
80	Bt4 1	Bt12 1	Bt8 1	Bt27 1	
81	Bt11 1	
82	Bt10 1	
83	Bt18 1	
84	Bt4 3	
85	Bt4 1	
86	Bt5 1	
87	Bt4 2	
88	Bt6 1	
89	Bt3 1	
90	Bt4 3	Bt9 1	
91	Bt4 1	
92	Bt4 1	Bt1 1	
93	Bt4 1	
94	Bt4 1	
95	Bt4 1	
96	Bt4 1	
97	Bt4 1	
98	Bt6 1	Bt9 1	
99	Bt3 1	Bt9 1	
100	Bt3 1	Bt6 2	Bt11 1	
101	Bt19 1	Bt23 1	Bt6 1	
102	Bt6 1	
103	Bt3 1	
104	Bt8 1	
105	Bt4 3	Bt6 3	Bt7 1	
106	Bt7 1	
107	Bt3 1	
108	Bt6 1	
109	Bt4 1	
110	Bt3 1	Bt6 1	Bt4 1	Bt14 1	
111	Bt4 1	
112	Bt4 1	
113	Bt4 1	
114	Bt9 1	
115	Bt17 1	
116	Bt28 1	Bt11 1	
117	Bt9 1	
118	Bt3 1	
119	Bt2 1	
120	Bt11 1	Bt9 1	
121	Bt5 1	Bt23 1	Bt4 1	
122	Bt3 1	Bt6 1	
123	Bt6 1	Bt21 1	

DISTANCE MATRIX
0.0 2949.7 2834.5 2969.6 2921.0 2924.9 2934.1 2973.5 3236.1 3510.6 2879.4 3353.5 3099.3 3159.5 3200.5 3121.8 2886.4 2962.4 2992.7 3275.5 2938.5 2915.5 3281.3 3421.9 3092.1 2972.3 2925.3 3017.5 3530.2 3021.6 3067.7 3519.9 3293.4 3148.4 3006.1 2865.9 3197.1 3204.9 2908.1 3220.9 2893.3 2875.6 3575.5 2936.7 2918.8 2853.7 3165.2 3226.5 3212.8 2835.0 2845.9 3217.7 2934.6 3323.1 3152.3 2875.1 2923.4 2984.0 2930.1 2846.6 3116.5 3222.1 3092.0 2914.3 3750.8 3256.7 2976.2 2984.5 3148.1 3034.1 3486.7 3102.5 3270.4 3095.5 2883.4 3537.4 2996.1 3043.0 2875.5 2967.8 3093.7 3137.8 3186.5 3342.8 2914.7 2897.9 2902.7 3391.8 3210.6 3213.6 2990.4 2913.5 3186.1 2867.6 2951.9 3209.3 3027.5 3037.5 3067.7 3283.2 2896.9 2846.8 2902.9 2943.6 2999.2 2879.9 3246.8 3373.0 3398.5 3018.0 3620.2 3186.4 2872.3 2949.4 2942.1 3197.1 3190.5 3227.9 3092.3 3041.7 3279.8 2930.9 3169.2 3128.5
2828.3 0.0 260.3 305.4 295.6 257.1 194.1 23.7 286.3 560.8 211.6 403.7 149.5 209.7 250.7 172.0 218.6 332.9 328.5 325.7 309.0 247.7 331.5 472.1 142.3 260.1 315.6 353.3 815.4 71.8 403.5 708.8 343.6 198.6 266.1 198.1 247.3 255.1 261.8 271.1 297.0 301.1 781.3 268.9 251.0 266.0 215.4 276.7 263.0 260.8 271.7 267.9 266.8 373.3 202.5 249.7 233.7 253.5 262.3 227.0 166.7 272.3 142.2 246.5 801.0 306.9 26.4 244.5 198.3 369.9 536.9 152.7 320.6 145.7 215.6 587.6 46.3 378.8 250.1 303.6 143.9 188.0 236.7 393.0 246.9 239.0 254.0 442.0 260.8 263.8 326.2 282.3 236.3 293.1 211.9 259.5 77.7 297.5 403.5 333.4 271.5 272.6 242.5 279.4 335.0 305.7 297.0 423.2 448.7 353.8 670.4 236.6 211.9 319.9 277.9 247.3 240.7 278.1 142.5 377.5 330.0 218.7 219.4 178.7
2776.5 260.7 0.0 157.9 209.3 176.3 133.3 284.5 547.1 821.6 130.8 664.5 410.3 470.5 511.5 432.8 137.8 213.8 282.9 586.5 189.9 166.9 592.3 732.9 403.1 199.3 151.4 244.8 1076.2 332.6 290.0 969.6 604.4 459.4 205.3 117.3 508.1 515.9 277.8 531.9 142.6 302.4 1042.1 188.1 170.2 139.6 476.2 537.5 523.8 61.1 72.0 528.7 186.0 634.1 463.3 204.5 111.2 155.2 181.5 220.0 427.5 533.1 403.0 165.7 1061.8 567.7 287.2 164.2 459.1 324.3 797.7 413.5 581.4 406.5 134.8 848.4 307.1 324.3 204.9 202.5 404.7 448.8 497.5 653.8 166.1 149.3 99.6 702.8 521.6 524.6 225.1 159.8 497.1 294.4 151.1 520.3 338.5 236.7 319.6 594.2 223.5 72.9 218.2 233.8 227.3 106.0 557.8 684.0 709.5 251.9 931.2 497.4 187.6 200.8 166.0 508.1 501.5 538.9 403.3 318.2 590.8 157.9 480.2 439.5
2838.0 318.1 155.0 0.0 304.8 233.7 229.7 341.9 604.5 879.0 188.2 721.9 467.7 527.9 568.9 490.2 177.9 157.0 223.7 643.9 128.6 224.3 649.7 790.3 460.5 295.7 63.7 124.0 1133.6 390.0 263.6 1027.0 661.8 516.8 301.7 174.7 565.5 573.3 375.1 589.3 248.7 376.6 1099.5 245.5 166.4 245.7 533.6 594.9 581.2 107.1 142.4 586.1 228.3 691.5 520.7 278.7 185.4 229.4 238.9 294.2 484.9 590.5 460.4 162.2 1119.2 625.1 344.6 280.1 516.5 265.1 855.1 470.9 638.8 463.9 177.1 905.8 364.5 274.0 279.1 74.3 462.1 506.2 554.9 711.2 160.8 122.9 205.7 760.2 579.0 582.0 96.9 234.0 554.5 368.6 247.5 577.7 395.9 333.1 293.2 651.6 300.5 103.5 314.6 174.6 105.7 152.0 615.2 741.4 766.9 225.5 988.6 554.8 284.0 120.0 154.6 565.5 558.9 596.3 460.7 272.7 648.2 254.3 537.6 496.9
2891.7 299.2 224.6 293.1 0.0 272.5 183.6 323.0 585.6 860.1 227.0 703.0 448.8 509.0 550.0 471.3 234.0 320.6 406.3 625.0 296.7 263.1 630.8 771.4 441.6 221.8 286.6 357.0 1114.7 371.1 396.8 1008.1 642.9 497.9 255.6 213.5 546.6 554.4 179.7 575.6 150.5 204.3 1080.6 284.3 264.5 67.4 514.7 576.0 562.3 225.1 240.2 567.2 282.2 672.6 501.8 50.0 154.1 195.3 277.7 121.9 466.0 571.6 441.5 261.9 1100.3 606.2 325.7 204.3 497.6 447.7 836.2 452.0 619.9 445.0 231.0 886.9 345.6 456.6 29.2 309.3 443.2 487.3 536.0 692.3 262.3 254.4 159.9 741.3 560.1 563.1 331.9 124.8 536.4 196.3 201.4 558.8 377.0 287.0 426.4 632.7 71.8 240.2 152.4 357.2 334.1 270.0 596.3 722.5 748.0 358.7 969.7 535.9 121.8 307.6 262.2 546.6 540.0 577.4 441.8 455.3 629.3 180.4 518.7 478.0
2903.5 260.0 198.8 259.1 293.8 0.0 114.6 283.8 546.4 820.9 56.4 663.8 409.6 469.8 510.8 432.1 93.7 271.4 283.6 585.8 247.5 9.4 591.6 732.2 402.4 180.6 252.6 302.4 1075.5 331.9 347.6 968.9 603.7 458.7 186.6 86.2 507.4 515.2 260.0 531.2 235.5 307.6 1041.4 11.7 143.7 232.5 475.5 536.8 523.1 246.1 281.4 528.0 77.5 633.4 462.6 247.9 172.2 174.0 5.1 225.2 426.8 532.4 402.3 139.2 1061.1 567.0 286.5 165.0 458.4 325.0 797.0 412.8 580.7 405.8 68.6 847.7 306.4 333.9 248.3 260.1 404.0 448.1 496.8 653.1 122.0 131.7 192.5 702.1 520.9 523.9 282.7 220.8 496.4 299.6 132.4 519.6 337.8 218.0 358.6 593.5 269.7 242.5 199.5 234.5 284.9 291.0 557.1 683.3 708.8 308.9 930.5 496.7 168.9 258.4 139.5 507.4 500.8 538.2 402.6 332.6 590.1 139.2 479.5 438.8
2801.1 211.7 130.5 218.6 223.3 109.3 0.0 235.5 498.1 772.6 63.8 615.5 361.3 421.5 462.5 383.8 70.8 230.9 243.1 537.5 207.0 99.9 543.3 683.9 354.1 106.4 212.1 267.3 1027.2 283.6 307.1 920.6 555.4 410.4 112.4 50.3 459.1 466.9 185.8 488.1 167.2 233.4 993.1 121.1 101.3 164.2 427.2 488.5 474.8 131.0 146.1 479.7 116.0 585.1 414.3 197.2 103.9 59.3 114.5 151.0 378.5 484.1 354.0 98.7 1012.8 518.7 238.2 50.3 410.1 284.5 748.7 364.5 532.4 357.5 67.8 799.4 258.1 293.4 197.6 219.6 355.7 399.8 448.5 604.8 99.1 91.2 124.2 653.8 472.6 475.6 242.2 152.5 448.1 225.4 17.7 471.3 289.5 143.8 322.5 545.2 219.0 146.1 125.3 194.0 244.4 175.9 508.8 635.0 660.5 268.4 882.2 448.4 94.7 217.9 99.0 459.1 452.5 489.9 354.3 292.1 541.8 65.0 431.2 390.5
2852.0 23.6 284.0 329.1 319.3 280.8 217.8 0.0 262.5 537.0 235.3 379.9 125.7 185.9 226.9 148.2 242.3 356.6 352.2 301.9 332.7 271.4 307.7 448.3 118.5 283.8 339.3 377.0 791.6 48.0 427.2 685.0 319.8 174.8 289.8 221.8 223.5 231.3 285.5 252.5 320.7 324.8 757.5 292.6 272.8 289.7 191.6 252.9 239.2 284.5 299.6 244.1 290.5 349.5 178.7 273.4 257.4 277.2 286.0 250.7 142.9 248.5 118.4 270.2 777.2 283.1 2.6 268.2 174.5 393.6 513.1 128.9 296.8 121.9 239.3 563.8 17.5 402.5 273.8 327.3 120.1 164.2 212.9 369.2 270.6 262.7 277.7 418.2 237.0 240.0 349.9 306.0 212.5 316.8 235.6 235.7 53.9 321.2 427.2 309.6 295.2 299.6 266.2 303.1 358.7 329.4 273.2 399.4 424.9 377.5 646.6 212.8 235.6 343.6 301.6 223.5 216.9 254.3 118.7 401.2 306.2 242.4 195.6 154.9
3096.9 268.5 528.9 574.0 564.2 525.7 462.7 244.8 0.0 507.9 480.2 350.8 224.1 366.0 45.6 351.3 487.2 601.5 597.1 120.6 577.6 516.3 372.4 419.2 298.6 528.7 584.2 621.9 762.5 251.1 672.1 655.9 138.5 354.9 534.7 466.7 426.6 288.1 530.4 415.0 565.6 569.7 728.4 537.5 519.6 534.6 248.4 9.0 210.1 529.4 540.3 88.6 535.4 414.2 381.8 518.3 502.3 522.1 530.9 495.6 346.0 305.3 298.5 515.1 748.1 101.8 241.9 513.1 354.6 638.5 484.0 332.0 141.2 178.7 484.2 534.7 262.4 647.4 518.7 572.2 323.2 367.3 183.8 340.1 515.5 507.6 522.6 389.1 341.6 443.1 594.8 550.9 183.4 561.7 480.5 292.5 191.1 566.1 672.1 128.3 540.1 541.2 511.1 548.0 603.6 574.3 91.9 370.3 395.8 622.4 617.5 183.7 480.5 588.5 546.5 194.4 273.7 457.4 217.1 646.1 124.9 487.3 398.7 358.0
3439.5 611.1 871.5 916.6 906.8 868.3 805.3 587.4 556.0 0.0 822.8 260.2 566.7 708.6 520.4 693.9 829.8 944.1 939.7 595.4 920.2 858.9 715.0 197.9 641.2 871.3 926.8 964.5 671.9 593.7 1014.7 565.3 613.3 697.5 877.3 809.3 769.2 630.7 873.0 757.6 908.2 912.3 637.8 880.1 862.2 877.2 591.0 546.4 417.6 872.0 882.9 537.6 878.0 756.8 724.4 860.9 844.9 864.7 873.5 838.2 688.6 647.9 641.1 857.7 657.5 576.6 584.5 855.7 697.2 981.1 122.5 674.6 590.3 521.3 826.8 26.7 605.0 990.0 861.3 914.8 665.8 709.9 375.8 424.2 858.1 850.2 865.2 434.1 684.2 785.7 937.4 893.5 376.3 904.3 823.1 635.1 533.7 908.7 1014.7 603.1 882.7 883.8 853.7 890.6 946.2 916.9 566.7 454.4 359.5 965.0 526.9 376.0 823.1 931.1 889.1 401.9 616.3 800.0 559.7 988.7 599.7 829.9 741.3 700.6
2847.0 203.5 142.3 203.0 237.3 45.4 58.1 227.3 489.9 764.4 0.0 607.3 353.1 413.3 454.3 375.6 37.2 215.3 227.5 529.3 191.4 36.0 535.1 675.7 345.9 124.1 196.5 251.7 1019.0 275.4 291.5 912.4 547.2 402.2 130.1 34.7 450.9 458.7 203.5 479.9 179.0 251.1 984.9 57.2 85.7 176.0 419.0 480.3 466.6 198.5 225.3 471.5 100.4 576.9 406.1 191.4 115.7 117.5 50.6 168.7 370.3 475.9 345.8 83.1 1004.6 510.5 230.0 108.5 401.9 268.9 740.5 356.3 524.2 349.3 52.2 791.2 249.9 277.8 191.8 204.0 347.5 391.6 440.3 596.6 65.5 75.6 136.0 645.6 464.4 467.4 226.6 164.3 440.7 243.1 75.9 463.1 281.3 161.5 306.9 537.0 213.2 182.8 143.0 178.4 228.8 234.9 500.6 626.8 652.3 252.8 874.0 440.2 112.4 202.3 83.4 450.9 444.3 481.7 346.1 276.5 533.6 82.7 423.0 382.3
3228.4 400.0 660.4 705.5 695.7 657.2 594.2 376.3 344.9 226.2 611.7 0.0 355.6 497.5 309.3 482.8 618.7 733.0 728.6 384.3 709.1 647.8 503.9 137.5 430.1 660.2 715.7 753.4 411.6 382.6 803.6 305.0 402.2 486.4 666.2 598.2 558.1 419.6 661.9 546.5 697.1 701.2 377.5 669.0 651.1 666.1 379.9 335.3 206.5 660.9 671.8 326.5 666.9 545.7 513.3 649.8 633.8 653.6 662.4 627.1 477.5 436.8 430.0 646.6 397.2 365.5 373.4 644.6 486.1 770.0 202.3 463.5 379.2 310.2 615.7 253.0 393.9 778.9 650.2 703.7 454.7 498.8 164.7 213.1 647.0 639.1 654.1 326.0 473.1 574.6 726.3 682.4 165.2 693.2 612.0 424.0 322.6 697.6 803.6 392.0 671.6 672.7 642.6 679.5 735.1 705.8 355.6 243.3 148.4 753.9 266.6 164.9 612.0 720.0 678.0 190.8 405.2 588.9 348.6 777.6 388.6 618.8 530.2 489.5
2982.8 154.4 414.8 459.9 450.1 411.6 348.6 130.7 226.8 501.3 366.1 344.2 0.0 251.9 191.2 237.2 373.1 487.4 483.0 266.2 463.5 402.2 279.9 412.6 184.5 414.6 470.1 507.8 755.9 137.0 558.0 649.3 284.1 240.8 420.6 352.6 312.5 195.6 416.3 317.3 451.5 455.6 721.8 423.4 403.6 420.5 155.9 217.2 203.5 423.8 426.2 208.4 418.3 321.7 267.7 404.2 388.2 408.0 416.8 381.5 231.9 212.8 184.4 401.0 741.5 247.4 127.8 399.0 240.5 524.4 477.4 217.9 261.1 86.2 370.1 528.1 148.3 533.3 404.6 458.1 209.1 253.2 177.2 333.5 401.4 393.5 408.5 382.5 249.1 329.0 480.7 436.8 176.8 447.6 366.4 200.0 77.0 452.0 562.4 273.9 426.0 430.4 397.0 433.9 489.5 460.2 237.5 363.7 389.2 508.3 610.9 177.1 366.4 474.4 432.4 187.8 181.2 343.3 6.9 532.0 270.5 373.2 284.6 243.9
3054.8 226.4 486.8 531.9 522.1 483.6 420.6 202.7 380.5 655.0 438.1 497.9 243.7 0.0 344.9 309.2 445.1 559.4 555.0 419.9 535.5 474.2 121.7 566.3 127.1 486.6 542.1 579.8 909.6 209.0 630.0 803.0 437.8 11.2 492.6 424.6 384.5 114.5 488.3 61.3 523.5 527.6 875.5 495.4 477.5 492.5 161.7 370.9 357.2 487.3 498.2 362.1 493.3 163.5 339.7 476.2 460.2 480.0 488.8 453.5 303.9 97.3 127.0 473.0 895.2 401.1 199.8 471.0 11.5 596.4 631.1 289.9 414.8 226.3 442.1 681.8 220.3 605.3 476.6 530.1 281.1 325.2 330.9 487.2 473.4 465.5 480.5 536.2 51.0 401.0 552.7 508.8 330.5 519.6 438.4 205.8 171.9 524.0 630.0 427.6 498.0 499.1 469.0 505.9 561.5 532.2 391.2 517.4 542.9 580.3 764.6 330.8 438.4 546.4 504.4 341.5 166.6 415.3 236.7 604.0 424.2 445.2 356.6 315.9
3072.9 244.5 504.9 550.0 540.2 501.7 438.7 220.8 37.2 483.9 456.2 326.8 200.1 342.0 0.0 327.3 463.2 577.5 573.1 74.9 553.6 492.3 348.4 395.2 274.6 504.7 560.2 592.5 738.5 227.1 648.1 631.9 92.8 330.9 510.7 442.7 402.6 264.1 506.4 385.8 541.6 545.7 704.4 513.5 493.7 510.6 224.4 27.6 186.1 505.4 520.5 64.6 508.4 390.2 357.8 494.3 478.3 498.1 506.9 471.6 322.0 281.3 274.5 491.1 724.1 56.1 217.9 489.1 330.6 614.5 460.0 308.0 95.5 154.7 460.2 510.7 238.4 623.4 494.7 548.2 299.2 343.3 159.8 316.1 491.5 483.6 498.6 365.1 317.6 419.1 570.8 526.9 160.2 537.7 456.5 268.5 167.1 542.1 648.1 82.6 516.1 520.5 487.1 524.0 579.6 550.3 46.2 346.3 371.8 598.4 593.5 159.7 456.5 564.5 522.5 170.4 249.7 433.4 193.1 622.1 79.2 463.3 374.7 334.0
3003.1 174.7 435.1 480.2 470.4 431.9 368.9 151.0 391.8 666.3 386.4 509.2 255.0 315.2 356.2 0.0 393.4 507.7 503.3 431.2 483.8 422.5 437.0 577.6 247.8 434.9 490.4 528.1 920.9 104.2 578.3 814.3 449.1 304.1 440.9 372.9 156.4 360.6 436.6 376.6 471.8 475.9 886.8 443.7 425.8 440.8 320.9 382.2 368.5 435.6 446.5 373.4 441.6 478.8 30.4 424.5 408.5 428.3 437.1 401.8 78.7 377.8 247.7 421.3 906.5 412.4 148.1 419.3 303.8 544.7 642.4 103.6 426.1 251.2 390.4 693.1 168.6 553.6 424.9 478.4 62.3 100.0 342.2 498.5 421.7 413.8 428.8 547.5 366.3 103.0 501.0 457.1 341.8 467.9 386.7 365.0 183.2 472.3 578.3 438.9 446.3 447.4 417.3 454.2 509.8 480.5 402.5 528.7 554.2 528.6 775.9 342.1 386.7 494.7 452.7 352.8 346.2 149.9 248.0 552.3 435.5 393.5 47.3 6.6
2871.2 227.7 217.6 182.7 261.5 79.9 82.3 251.5 514.1 788.6 34.4 631.5 377.3 437.5 478.5 399.8 0.0 195.0 231.7 553.5 171.1 70.5 559.3 699.9 370.1 148.3 176.2 226.0 1043.2 299.6 271.2 936.6 571.4 426.4 154.3 38.9 475.1 482.9 227.7 498.9 203.2 275.3 1009.1 91.7 91.8 200.2 443.2 504.5 490.8 169.7 205.0 495.7 107.6 601.1 430.3 215.6 139.9 141.7 85.1 192.9 394.5 500.1 370.0 60.5 1028.8 534.7 254.2 132.7 426.1 273.1 764.7 380.5 548.4 373.5 56.4 815.4 274.1 282.0 216.0 183.7 371.7 415.8 464.5 620.8 28.2 79.8 160.2 669.8 488.6 491.6 206.3 188.5 464.1 267.3 100.1 487.3 305.5 185.7 300.8 561.2 237.4 166.1 167.2 182.6 208.5 214.6 524.8 651.0 676.5 233.1 898.2 464.4 136.6 182.0 87.6 475.1 468.5 505.9 370.3 280.7 557.8 106.9 447.2 406.5
2868.1 337.9 238.2 154.2 328.2 253.5 237.9 361.7 624.3 898.8 208.0 741.7 487.5 547.7 588.7 510.0 186.1 0.0 199.1 663.7 29.9 244.1 669.5 810.1 480.3 297.0 164.4 50.2 1153.4 409.8 152.7 1046.8 681.6 536.6 309.9 183.2 585.3 593.1 383.3 614.3 272.1 430.9 1119.3 265.3 172.7 269.1 553.4 614.7 601.0 198.8 225.6 605.9 233.5 711.3 540.5 302.1 208.8 297.3 258.7 348.5 504.7 610.3 480.2 170.4 1139.0 644.9 364.4 288.3 536.3 212.6 874.9 490.7 658.6 483.7 185.3 925.6 384.3 187.0 302.5 100.2 481.9 526.0 574.7 731.0 169.0 131.1 229.1 780.0 598.8 601.8 87.1 257.4 574.3 422.9 255.7 597.5 415.7 341.3 186.7 671.4 323.9 183.1 322.8 150.0 67.3 235.2 635.0 761.2 786.7 114.6 1008.4 574.6 292.2 40.8 162.8 585.3 578.7 616.1 480.5 180.9 668.0 262.5 557.4 516.7
2850.5 320.3 294.1 200.0 384.1 263.2 247.6 344.1 606.7 881.2 217.7 724.1 469.9 530.1 571.1 492.4 227.9 208.0 0.0 646.1 184.1 253.8 651.9 792.5 462.7 313.6 210.2 239.0 1135.8 392.2 74.9 1029.2 664.0 519.0 319.6 192.9 567.7 575.5 393.0 591.5 328.0 440.6 1101.7 275.0 184.3 325.0 535.8 597.1 583.4 246.2 281.5 588.3 246.2 693.7 522.9 380.9 264.7 307.0 268.4 358.2 487.1 592.7 462.6 199.8 1121.4 627.3 346.8 298.0 518.7 41.3 857.3 473.1 641.0 466.1 195.0 908.0 366.7 141.1 381.3 198.2 464.3 508.4 557.1 713.4 210.8 164.7 285.0 762.4 581.2 584.2 220.8 313.3 556.7 432.6 265.4 579.9 398.1 351.0 112.4 653.8 402.7 242.6 332.5 58.4 221.5 291.1 617.4 743.6 769.1 126.5 990.8 557.0 301.9 195.0 154.5 567.7 561.1 598.5 462.9 135.0 650.4 272.2 539.8 499.1
3147.9 319.5 579.9 625.0 615.2 576.7 513.7 295.8 112.2 558.9 531.2 401.8 275.1 417.0 74.9 402.3 538.2 652.5 648.1 0.0 628.6 567.3 423.4 470.2 349.6 579.7 635.2 672.9 813.5 302.1 723.1 706.9 17.8 405.9 585.7 517.7 477.6 339.1 581.4 466.0 616.6 620.7 779.4 588.5 570.6 585.6 299.4 102.6 261.1 580.4 591.3 77.9 586.4 465.2 432.8 569.3 553.3 573.1 581.9 546.6 397.0 356.3 349.5 566.1 799.1 77.9 292.9 564.1 405.6 689.5 535.0 383.0 25.2 229.7 535.2 585.7 313.4 698.4 569.7 623.2 374.2 418.3 234.8 391.1 566.5 558.6 573.6 440.1 392.6 494.1 645.8 601.9 234.4 612.7 531.5 343.5 242.1 617.1 723.1 61.4 591.1 592.2 562.1 599.0 654.6 625.3 38.6 421.3 446.8 673.4 668.5 234.7 531.5 639.5 597.5 245.4 324.7 508.4 268.1 697.1 144.3 538.3 449.7 409.0
2862.6 332.4 232.7 124.2 322.7 248.0 232.4 356.2 618.8 893.3 202.5 736.2 482.0 542.2 583.2 504.5 180.6 28.3 193.6 658.2 0.0 238.6 664.0 804.6 474.8 298.4 134.4 59.3 1147.9 404.3 147.2 1041.3 676.1 531.1 304.4 177.7 579.8 587.6 377.8 603.6 266.6 425.4 1113.8 259.8 169.1 263.6 547.9 609.2 595.5 184.8 220.1 600.4 231.0 705.8 535.0 296.6 203.3 291.8 253.2 343.0 499.2 604.8 474.7 164.9 1133.5 639.4 358.9 282.8 530.8 207.1 869.4 485.2 653.1 478.2 179.8 920.1 378.8 181.5 297.0 70.2 476.4 520.5 569.2 725.5 163.5 125.6 223.6 774.5 593.3 596.3 92.8 251.9 568.8 417.4 250.2 592.0 410.2 335.8 176.8 665.9 318.4 181.2 317.3 144.5 37.3 229.7 629.5 755.7 781.2 109.1 1002.9 569.1 286.7 10.8 157.3 579.8 573.2 610.6 475.0 175.4 662.5 257.0 551.9 511.2
2894.1 250.6 189.4 250.1 284.4 9.4 105.2 274.4 537.0 811.5 47.0 654.4 400.2 460.4 501.4 422.7 84.3 262.4 274.6 576.4 238.5 0.0 582.2 722.8 393.0 171.2 243.6 293.4 1066.1 322.5 338.6 959.5 594.3 449.3 177.2 81.8 498.0 505.8 250.6 521.8 226.1 298.2 1032.0 21.1 134.7 223.1 466.1 527.4 513.7 237.1 272.4 518.6 86.9 624.0 453.2 238.5 162.8 164.6 14.5 215.8 417.4 523.0 392.9 130.2 1051.7 557.6 277.1 155.6 449.0 316.0 787.6 403.4 571.3 396.4 78.0 838.3 297.0 324.9 238.9 251.1 394.6 438.7 487.4 643.7 112.6 122.7 183.1 692.7 511.5 514.5 273.7 211.4 487.0 290.2 123.0 510.2 328.4 208.6 349.6 584.1 260.3 233.5 190.1 225.5 275.9 282.0 547.7 673.9 699.4 299.9 921.1 487.3 159.5 249.4 130.5 498.0 491.4 528.8 393.2 323.6 580.7 129.8 470.1 429.4
3175.1 346.7 607.1 652.2 642.4 603.9 540.9 323.0 379.3 653.8 558.4 496.7 304.1 120.2 343.7 429.5 565.4 679.7 675.3 418.7 655.8 594.5 0.0 565.1 247.4 606.9 662.4 700.1 908.4 329.3 750.3 801.8 436.6 131.5 612.9 544.9 504.8 72.7 608.6 63.7 643.8 647.9 874.3 615.7 597.8 612.8 119.9 369.7 356.0 607.6 618.5 360.9 613.6 41.7 460.0 596.5 580.5 600.3 609.1 573.8 424.2 55.5 247.3 593.3 894.0 399.9 320.1 591.3 131.8 716.7 629.9 410.2 413.6 184.5 562.4 680.6 340.6 725.6 596.9 650.4 401.4 445.5 329.7 486.0 593.7 585.8 600.8 535.0 69.1 521.3 673.0 629.1 329.3 639.9 558.7 164.0 271.1 644.3 750.3 426.4 618.3 619.4 589.3 626.2 681.8 652.5 390.0 516.2 541.7 700.6 763.4 329.6 558.7 666.7 624.7 340.3 124.8 535.6 297.1 724.3 423.0 565.5 476.9 436.2
3350.7 522.3 782.7 827.8 818.0 779.5 716.5 498.6 467.2 177.8 734.0 171.4 477.9 619.8 431.6 605.1 741.0 855.3 850.9 506.6 831.4 770.1 626.2 0.0 552.4 782.5 838.0 875.7 583.1 504.9 925.9 476.5 524.5 608.7 788.5 720.5 680.4 541.9 784.2 668.8 819.4 823.5 549.0 791.3 773.4 788.4 502.2 457.6 328.8 783.2 794.1 448.8 789.2 668.0 635.6 772.1 756.1 775.9 784.7 749.4 599.8 559.1 552.3 768.9 568.7 487.8 495.7 766.9 608.4 892.3 153.9 585.8 501.5 432.5 738.0 204.6 516.2 901.2 772.5 826.0 577.0 621.1 287.0 335.4 769.3 761.4 776.4 236.1 595.4 696.9 848.6 804.7 287.5 815.5 734.3 546.3 444.9 819.9 925.9 514.3 793.9 795.0 764.9 801.8 857.4 828.1 477.9 365.6 270.7 876.2 438.1 287.2 734.3 842.3 800.3 313.1 527.5 711.2 470.9 899.9 510.9 741.1 652.5 611.8
2993.5 165.1 425.5 470.6 460.8 422.3 359.3 141.4 319.2 593.7 376.8 436.6 182.4 153.2 283.6 247.9 383.8 498.1 493.7 358.6 474.2 412.9 275.0 505.0 0.0 425.3 480.8 518.5 848.3 147.7 568.7 741.7 376.5 142.1 431.3 363.3 323.2 267.8 427.0 214.6 462.2 466.3 814.2 434.1 416.2 431.2 248.3 309.6 295.9 426.0 436.9 300.8 432.0 316.8 278.4 414.9 398.9 418.7 427.5 392.2 242.6 250.6 0.0 411.7 833.9 339.8 138.5 409.7 141.8 535.1 569.8 228.6 353.5 178.6 380.8 620.5 159.0 544.0 415.3 468.8 219.8 263.9 269.6 425.9 412.1 404.2 419.2 474.9 204.3 339.7 491.4 447.5 269.2 458.3 377.1 292.4 110.6 462.7 568.7 366.3 436.7 437.8 407.7 444.6 500.2 470.9 329.9 456.1 481.6 519.0 703.3 269.5 377.1 485.1 443.1 280.2 273.6 354.0 175.4 542.7 362.9 383.9 295.3 254.6
2887.1 311.5 216.5 304.6 237.8 195.3 106.4 328.4 597.9 872.4 149.8 715.3 461.1 521.3 562.3 483.6 156.8 316.9 329.1 637.3 293.0 185.9 643.1 783.7 453.9 0.0 298.1 353.3 1120.1 376.5 393.1 1020.4 655.2 510.2 98.6 136.3 558.9 566.7 204.0 581.0 253.2 251.6 1092.9 207.1 187.3 208.2 527.0 588.3 574.6 225.5 232.1 579.5 202.0 684.9 514.1 185.0 189.9 165.8 200.5 169.2 478.3 583.9 453.8 184.7 1112.6 618.5 338.0 156.8 509.9 370.5 848.5 464.3 632.2 457.3 153.8 899.2 357.9 379.4 192.3 305.6 448.6 499.6 548.3 704.6 185.1 177.2 210.2 753.6 572.4 575.4 321.3 238.5 548.7 243.6 124.2 571.1 389.3 67.3 408.5 645.0 206.8 232.1 143.5 280.0 330.4 261.9 608.6 734.8 760.3 354.4 982.0 548.2 112.9 303.9 185.0 558.9 552.3 589.7 454.1 378.1 641.6 41.3 531.0 490.3
2849.3 314.9 151.8 84.5 301.6 230.5 226.5 338.7 601.3 875.8 185.0 718.7 464.5 524.7 565.7 487.0 174.7 168.3 235.0 640.7 139.9 221.1 646.5 787.1 457.3 292.5 0.0 135.3 1130.4 386.8 260.4 1023.8 658.6 513.6 298.5 171.5 562.3 570.1 371.9 586.1 245.5 373.4 1096.3 242.3 163.2 242.5 530.4 591.7 578.0 103.9 139.2 582.9 225.1 688.3 517.5 275.5 182.2 226.2 235.7 291.0 481.7 587.3 457.2 159.0 1116.0 621.9 341.4 276.9 513.3 276.4 851.9 467.7 635.6 460.7 173.9 902.6 361.3 294.7 275.9 85.6 458.9 503.0 551.7 708.0 157.6 119.7 202.5 757.0 575.8 578.8 108.2 230.8 551.3 365.4 244.3 574.5 392.7 329.9 290.0 648.4 297.3 100.3 311.4 185.9 117.0 148.8 612.0 738.2 763.7 222.3 985.4 551.6 280.8 131.3 151.4 562.3 555.7 593.1 457.5 288.6 645.0 251.1 534.4 493.7
2887.9 357.7 269.2 114.1 360.6 304.5 288.9 376.1 644.1 918.6 240.4 761.5 507.3 567.5 608.5 529.8 237.1 50.2 232.9 683.5 64.4 295.1 689.3 829.9 500.1 348.0 124.3 0.0 1173.2 424.2 203.7 1066.6 701.4 556.4 360.9 234.2 605.1 612.9 434.3 628.7 304.5 481.9 1139.1 316.3 223.7 320.1 573.2 634.5 620.8 229.8 260.8 625.7 284.5 731.1 560.3 353.1 259.8 348.3 291.1 399.5 524.5 630.1 500.0 221.4 1158.8 664.7 384.2 339.3 556.1 263.6 894.7 510.5 678.4 503.5 236.3 945.4 404.1 238.0 353.5 60.1 496.3 545.8 594.5 750.8 201.4 182.1 280.1 794.4 618.6 621.6 77.3 308.4 594.9 473.9 306.7 617.3 435.5 392.3 237.7 691.2 356.3 208.7 373.8 183.8 41.5 266.2 654.8 781.0 806.5 165.6 1028.2 594.4 343.2 55.8 213.8 605.1 593.1 635.9 500.3 231.9 682.4 313.5 577.2 536.5
3450.3 805.1 1065.5 1110.6 1100.8 1062.3 999.3 781.4 750.0 631.3 1016.8 405.0 760.7 902.6 714.4 887.9 1023.8 1138.1 1133.7 789.4 1114.2 1052.9 909.0 542.6 835.2 1065.3 1120.8 1153.1 0.0 787.7 1208.7 101.9 807.3 891.5 1071.3 1003.3 963.2 824.7 1067.0 946.4 1102.2 1106.3 157.5 1074.1 1056.2 1071.2 785.0 740.4 611.6 1066.0 1081.1 731.6 1072.0 950.8 918.4 1054.9 1038.9 1058.7 1067.5 1032.2 882.6 841.9 835.1 1051.7 274.2 770.6 778.5 1049.7 891.2 1175.1 607.4 868.6 784.3 715.3 1020.8 658.1 799.0 1184.0 1055.3 1108.8 859.8 903.9 569.8 618.2 1052.1 1044.2 1059.2 731.1 878.2 979.7 1131.4 1087.5 568.5 1098.3 1017.1 829.1 727.7 1102.7 1208.7 797.1 1076.7 1081.1 1047.7 1084.6 1140.2 1110.9 760.7 648.4 553.5 1159.0 167.6 570.0 1017.1 1125.1 1083.1 595.9 810.3 994.0 753.7 1182.7 793.7 1023.9 935.3 894.6
2898.8 70.4 330.8 375.9 366.1 327.6 264.6 46.7 287.5 562.0 282.1 404.9 150.7 210.9 251.9 100.1 289.1 403.4 399.0 326.9 379.5 318.2 332.7 473.3 143.5 330.6 386.1 418.4 816.6 0.0 474.0 710.0 344.8 199.8 336.6 268.6 175.4 256.3 332.3 277.5 367.5 371.6 782.5 339.4 321.5 336.5 216.6 277.9 264.2 339.8 346.4 269.1 337.3 374.5 130.6 320.2 304.2 324.0 332.8 297.5 94.8 273.5 143.4 317.0 802.2 308.1 43.8 315.0 199.5 440.4 538.1 80.8 321.8 146.9 286.1 588.8 64.3 449.3 320.6 374.1 72.0 116.1 237.9 394.2 317.4 309.5 324.5 443.2 262.0 191.9 396.7 352.8 237.5 363.6 282.4 260.7 78.9 368.0 474.0 334.6 342.0 346.4 313.0 349.9 405.5 376.2 298.2 424.4 449.9 424.3 671.6 237.8 282.4 390.4 348.4 248.5 241.9 206.2 143.7 448.0 331.2 289.2 147.5 106.8
2930.2 400.0 300.8 224.7 390.8 316.1 300.5 423.8 686.4 960.9 270.6 803.8 549.6 609.8 650.8 572.1 248.7 159.1 88.9 725.8 135.2 306.7 731.6 872.2 542.4 366.5 234.9 195.5 1215.5 471.9 0.0 1108.9 743.7 598.7 372.5 245.8 647.4 655.2 445.9 676.4 334.7 493.5 1181.4 327.9 235.3 331.7 615.5 676.8 663.1 252.9 288.2 668.0 296.1 773.4 602.6 364.7 271.4 359.9 321.3 411.1 566.8 672.4 542.3 233.0 1201.1 707.0 426.5 350.9 598.4 102.4 937.0 552.8 720.7 545.8 247.9 987.7 446.4 66.1 365.1 205.5 544.0 588.1 636.8 793.1 231.6 193.7 291.7 842.1 660.9 663.9 228.1 320.0 636.4 485.5 318.3 659.6 477.8 403.9 51.6 733.5 386.5 245.7 385.4 147.4 172.6 297.8 697.1 823.3 848.8 51.5 1070.5 636.7 354.8 146.1 225.4 647.4 640.8 678.2 542.6 60.0 730.1 325.1 619.5 578.8
3423.6 702.1 962.5 1007.6 997.8 959.3 896.3 678.4 647.0 528.3 913.8 302.0 657.7 799.6 611.4 784.9 920.8 1035.1 1030.7 686.4 1011.2 949.9 806.0 439.6 732.2 962.3 1017.8 1055.5 105.5 684.7 1105.7 0.0 704.3 788.5 968.3 900.3 860.2 721.7 964.0 848.6 999.2 1003.3 71.4 971.1 953.2 968.2 682.0 637.4 508.6 963.0 973.9 628.6 969.0 847.8 815.4 951.9 935.9 955.7 964.5 929.2 779.6 738.9 732.1 948.7 171.2 667.6 675.5 946.7 788.2 1072.1 504.4 765.6 681.3 612.3 917.8 555.1 696.0 1081.0 952.3 1005.8 756.8 800.9 466.8 515.2 949.1 941.2 956.2 628.1 775.2 876.7 1028.4 984.5 467.3 995.3 914.1 726.1 624.7 999.7 1105.7 694.1 973.7 974.8 944.7 981.6 1037.2 1007.9 657.7 545.4 450.5 1056.0 64.6 467.0 914.1 1022.1 980.1 492.9 707.3 891.0 650.7 1079.7 690.7 920.9 832.3 791.6
3165.8 337.4 597.8 642.9 633.1 594.6 531.6 313.7 130.1 576.8 549.1 419.7 293.0 434.9 92.8 420.2 556.1 670.4 666.0 17.8 646.5 585.2 441.3 488.1 367.5 597.6 653.1 690.8 831.4 320.0 741.0 724.8 0.0 423.8 603.6 535.6 495.5 357.0 599.3 483.9 634.5 638.6 797.3 606.4 588.5 603.5 317.3 120.5 279.0 598.3 609.2 95.8 604.3 483.1 450.7 587.2 571.2 591.0 599.8 564.5 414.9 374.2 367.4 584.0 817.0 60.0 310.8 582.0 423.5 707.4 552.9 400.9 43.1 247.6 553.1 603.6 331.3 716.3 587.6 641.1 392.1 436.2 252.7 409.0 584.4 576.5 591.5 458.0 410.5 512.0 663.7 619.8 252.3 630.6 549.4 361.4 260.0 635.0 741.0 43.6 609.0 610.1 580.0 616.9 672.5 643.2 56.5 439.2 464.7 691.3 686.4 252.6 549.4 657.4 615.4 263.3 342.6 526.3 286.0 715.0 126.4 556.2 467.6 426.9
3043.5 215.1 475.5 520.6 510.8 472.3 409.3 191.4 369.2 643.7 426.8 486.6 232.4 11.0 333.6 297.9 433.8 548.1 543.7 408.6 524.2 462.9 132.8 555.0 115.8 475.3 530.8 568.5 898.3 197.7 618.7 791.7 426.5 0.0 481.3 413.3 373.2 125.6 477.0 72.4 512.2 516.3 864.2 484.1 466.2 481.2 172.8 359.6 345.9 476.0 486.9 350.8 482.0 174.6 328.4 464.9 448.9 468.7 477.5 442.2 292.6 108.4 115.7 461.7 883.9 389.8 188.5 459.7 0.2 585.1 619.8 278.6 403.5 228.6 430.8 670.5 209.0 594.0 465.3 518.8 269.8 313.9 319.6 475.9 462.1 454.2 469.2 524.9 62.1 389.7 541.4 497.5 319.2 508.3 427.1 216.9 160.6 512.7 618.7 416.3 486.7 487.8 457.7 494.6 550.2 520.9 379.9 506.1 531.6 569.0 753.3 319.5 427.1 535.1 493.1 330.2 177.7 404.0 225.4 592.7 412.9 433.9 345.3 304.6
2891.4 343.6 220.8 308.9 269.9 199.6 110.7 367.4 630.0 904.5 154.1 747.4 493.2 553.4 594.4 515.7 161.1 321.2 333.4 669.4 297.3 190.2 675.2 815.8 486.0 88.9 302.4 352.2 1159.1 415.5 397.4 1052.5 687.3 542.3 0.0 140.6 591.0 598.8 236.1 620.0 257.5 283.7 1125.0 211.4 193.5 254.5 559.1 620.4 606.7 229.8 232.2 611.6 209.3 717.0 546.2 224.0 194.2 170.1 204.8 201.3 510.4 616.0 485.9 189.0 1144.7 650.6 370.1 161.1 542.0 374.8 880.6 496.4 664.3 489.4 158.1 931.3 390.0 383.7 224.4 309.9 487.6 531.7 580.4 736.7 189.4 181.5 214.5 785.7 604.5 607.5 332.5 242.8 580.0 275.7 128.5 603.2 421.4 31.3 408.4 677.1 245.8 236.4 175.6 284.3 334.7 266.2 640.7 766.9 792.4 358.7 1014.1 580.3 145.0 308.2 189.3 591.0 584.4 621.8 486.2 382.4 673.7 88.8 563.1 522.4
2843.5 200.0 203.1 168.2 233.8 70.2 54.6 223.8 486.4 760.9 24.7 603.8 349.6 409.8 450.8 372.1 51.7 180.5 192.7 525.8 156.6 60.8 531.6 672.2 342.4 120.6 161.7 211.5 1015.5 271.9 256.7 908.9 543.7 398.7 126.6 0.0 447.4 455.2 200.0 471.2 175.5 247.6 981.4 82.0 52.8 172.5 415.5 476.8 463.1 155.2 190.5 468.0 68.6 573.4 402.6 187.9 112.2 114.0 75.4 165.2 366.8 472.4 342.3 48.3 1001.1 507.0 226.5 105.0 398.4 234.1 737.0 352.8 520.7 345.8 17.4 787.7 246.4 243.0 188.3 169.2 344.0 388.1 436.8 593.1 69.6 40.8 132.5 642.1 460.9 463.9 191.8 160.8 436.4 239.6 72.4 459.6 277.8 158.0 267.7 533.5 209.7 151.6 139.5 143.6 194.0 200.1 497.1 623.3 648.8 218.0 870.5 436.7 108.9 167.5 48.6 447.4 440.8 478.2 342.6 241.7 530.1 79.2 419.5 378.8
3077.8 249.4 509.8 554.9 545.1 506.6 443.6 225.7 466.5 741.0 461.1 583.9 329.7 389.9 430.9 145.1 468.1 582.4 578.0 505.9 558.5 497.2 511.7 652.3 322.5 509.6 565.1 602.8 995.6 178.9 653.0 889.0 523.8 378.8 515.6 447.6 0.0 435.3 511.3 451.3 546.5 550.6 961.5 518.4 500.5 515.5 395.6 456.9 443.2 510.3 521.2 448.1 516.3 553.5 126.0 499.2 483.2 503.0 511.8 476.5 80.6 452.5 322.4 496.0 981.2 487.1 222.8 494.0 378.5 619.4 717.1 178.3 500.8 325.9 465.1 767.8 243.3 628.3 499.6 553.1 103.3 59.3 416.9 573.2 496.4 488.5 503.5 622.2 441.0 73.3 575.7 531.8 416.5 542.6 461.4 439.7 257.9 547.0 653.0 513.6 521.0 522.1 492.0 528.9 584.5 555.2 477.2 603.4 628.9 603.3 850.6 416.8 461.4 569.4 527.4 427.5 420.9 30.7 322.7 627.0 510.2 468.2 172.0 148.3
3104.1 275.7 536.1 581.2 571.4 532.9 469.9 252.0 306.5 581.0 487.4 423.9 231.3 104.5 270.9 358.5 494.4 608.7 604.3 345.9 584.8 523.5 84.2 492.3 231.7 535.9 591.4 629.1 835.6 258.3 679.3 729.0 363.8 115.8 541.9 473.9 433.8 0.0 537.6 126.8 572.8 576.9 801.5 544.7 526.8 541.8 47.1 296.9 283.2 536.6 547.5 288.1 542.6 126.0 389.0 525.5 509.5 529.3 538.1 502.8 353.2 17.1 231.6 522.3 821.2 327.1 249.1 520.3 116.1 645.7 557.1 339.2 340.8 111.7 491.4 607.8 269.6 654.6 525.9 579.4 330.4 374.5 256.9 413.2 522.7 514.8 529.8 462.2 53.4 450.3 602.0 558.1 256.5 568.9 487.7 91.2 198.3 573.3 679.3 353.6 547.3 548.4 518.3 555.2 610.8 581.5 317.2 443.4 468.9 629.6 690.6 256.8 487.7 595.7 553.7 267.5 52.0 464.6 224.3 653.3 350.2 494.5 405.9 365.2
2935.1 291.6 278.2 374.2 185.9 264.9 176.0 315.4 578.0 852.5 219.4 695.4 441.2 501.4 542.4 463.7 226.4 386.5 398.7 617.4 362.6 255.5 623.2 763.8 434.0 214.2 367.7 417.5 1107.1 363.5 462.7 1000.5 635.3 490.3 248.0 205.9 539.0 546.8 0.0 562.8 211.2 197.0 1073.0 276.7 258.8 156.3 507.1 568.4 554.7 278.7 289.6 559.6 274.6 665.0 494.2 140.0 207.7 235.4 270.1 62.1 458.4 564.0 433.9 254.3 1092.7 598.6 318.1 226.4 490.0 440.1 828.6 444.4 612.3 437.4 223.4 879.3 338.0 449.0 140.4 375.2 435.6 479.7 528.4 684.7 254.7 246.8 228.4 733.7 552.5 555.5 397.8 178.4 528.0 189.0 193.8 551.2 369.4 279.4 473.7 625.1 161.8 290.5 144.8 349.6 400.0 323.6 588.7 714.9 740.4 424.0 962.1 528.3 114.2 373.5 254.6 539.0 532.4 569.8 434.2 447.7 621.7 172.8 511.1 470.4
3131.4 303.0 563.4 608.5 598.7 560.2 497.2 279.3 438.2 712.7 514.7 555.6 320.3 76.5 402.6 385.8 521.7 636.0 631.6 477.6 612.1 550.8 60.0 624.0 203.7 556.3 618.7 651.0 967.3 285.6 706.6 860.7 495.5 87.8 569.2 501.2 461.1 131.6 564.9 0.0 600.1 604.2 933.2 572.0 552.2 569.1 178.8 428.6 414.9 563.9 579.0 419.8 566.9 101.8 416.3 552.8 536.8 556.6 565.4 530.1 380.5 114.4 203.6 549.6 952.9 458.8 276.4 547.6 88.1 673.0 688.8 366.5 472.5 243.4 518.7 739.5 296.9 681.9 553.2 606.7 357.7 401.8 388.6 544.9 550.0 542.1 557.1 593.9 73.9 477.6 629.3 585.4 388.2 596.2 515.0 222.9 248.5 600.6 706.6 485.3 574.6 579.0 545.6 582.5 638.1 608.8 448.9 575.1 600.6 656.9 822.3 388.5 515.0 623.0 581.0 399.2 183.7 491.9 313.3 680.6 481.9 521.8 433.2 392.5
2817.2 344.6 152.8 250.1 122.7 243.2 229.0 368.4 631.0 905.5 197.7 748.4 494.2 554.4 595.4 516.7 204.7 280.7 349.8 670.4 256.8 233.8 676.2 816.8 487.0 267.2 243.6 317.1 1160.1 416.5 356.9 1053.5 688.3 543.3 301.0 184.2 592.0 599.8 225.1 621.0 0.0 249.0 1126.0 255.0 235.2 53.0 560.1 621.4 607.7 153.3 168.4 612.6 249.9 718.0 547.2 149.0 106.1 171.2 248.4 167.3 511.4 617.0 486.9 232.6 1145.7 651.6 371.1 180.2 543.0 391.2 881.6 497.4 665.3 490.4 201.7 932.3 391.0 391.2 152.0 269.4 488.6 532.7 581.4 737.7 233.0 216.2 85.4 786.7 605.5 608.5 292.0 42.7 581.8 204.5 236.3 604.2 422.4 332.4 386.5 678.1 136.9 168.4 181.4 300.7 294.2 198.2 641.7 767.9 793.4 318.8 1015.1 581.3 167.2 267.7 232.9 592.0 585.4 622.8 487.2 385.1 674.7 225.8 564.1 523.4
2844.5 313.2 276.8 345.3 184.5 286.5 197.6 337.0 599.6 874.1 241.0 717.0 462.8 523.0 564.0 485.3 248.0 408.1 420.3 639.0 384.2 277.1 644.8 785.4 455.6 235.8 338.8 439.1 1128.7 385.1 484.3 1022.1 656.9 511.9 269.6 227.5 560.6 568.4 171.6 584.4 209.8 0.0 1094.6 298.3 280.4 154.9 528.7 590.0 576.3 277.3 288.2 581.2 296.2 686.6 515.8 138.6 206.3 247.5 291.7 110.1 480.0 585.6 455.5 275.9 1114.3 620.2 339.7 248.0 511.6 461.7 850.2 466.0 633.9 459.0 245.0 900.9 359.6 470.6 139.0 396.8 457.2 501.3 550.0 706.3 276.3 268.4 227.0 755.3 574.1 577.1 419.4 177.0 549.6 55.2 215.4 572.8 391.0 301.0 495.3 646.7 160.4 289.1 166.4 371.2 421.6 322.2 610.3 736.5 762.0 445.6 983.7 549.9 135.8 395.1 276.2 560.6 554.0 591.4 455.8 469.3 643.3 194.4 532.7 492.0
3484.3 799.7 1060.1 1105.2 1095.4 1056.9 993.9 776.0 744.6 625.9 1011.4 399.6 755.3 897.2 709.0 882.5 1018.4 1132.7 1128.3 784.0 1108.8 1047.5 903.6 537.2 829.8 1059.9 1115.4 1153.1 166.2 782.3 1203.3 96.5 801.9 886.1 1065.9 997.9 957.8 819.3 1061.6 946.2 1096.8 1100.9 0.0 1068.7 1050.8 1065.8 779.6 735.0 606.2 1060.6 1071.5 726.2 1066.6 945.4 913.0 1049.5 1033.5 1053.3 1062.1 1026.8 877.2 836.5 829.7 1046.3 268.8 765.2 773.1 1044.3 885.8 1169.7 602.0 863.2 778.9 709.9 1015.4 652.7 793.6 1178.6 1049.9 1103.4 854.4 898.5 564.4 612.8 1046.7 1038.8 1053.8 725.7 872.8 974.3 1126.0 1082.1 564.9 1092.9 1011.7 823.7 722.3 1097.3 1203.3 791.7 1071.3 1072.4 1042.3 1079.2 1134.8 1105.5 755.3 643.0 548.1 1153.6 162.2 564.6 1011.7 1119.7 1077.7 590.5 804.9 988.6 748.3 1177.3 788.3 1018.5 929.9 889.2
2915.3 271.8 282.2 247.3 305.6 11.7 126.4 295.6 558.2 832.7 68.2 675.6 421.4 481.6 522.6 443.9 105.5 259.6 271.8 597.6 235.7 21.1 603.4 744.0 414.2 192.4 240.8 290.6 1087.3 343.7 335.8 980.7 615.5 470.5 198.4 74.4 519.2 527.0 271.8 543.0 247.3 319.4 1053.2 0.0 131.9 244.3 487.3 548.6 534.9 234.3 269.6 539.8 65.7 645.2 474.4 259.7 184.0 185.8 6.6 237.0 438.6 544.2 414.1 127.4 1072.9 578.8 298.3 176.8 470.2 313.2 808.8 424.6 592.5 417.6 56.8 859.5 318.2 322.1 260.1 248.3 415.8 459.9 508.6 664.9 133.8 119.9 204.3 713.9 532.7 535.7 270.9 232.6 508.2 311.4 144.2 531.4 349.6 229.8 346.8 605.3 281.5 230.7 211.3 222.7 273.1 279.2 568.9 695.1 720.6 297.1 942.3 508.5 180.7 246.6 127.7 519.2 512.6 550.0 414.4 320.8 601.9 151.0 491.3 450.6
2877.1 252.9 214.5 179.6 285.0 123.1 105.8 275.0 539.3 813.8 75.9 656.7 400.8 462.7 502.0 425.0 80.1 190.2 204.1 578.7 168.0 113.7 584.5 725.1 395.3 166.6 173.1 228.3 1066.7 323.1 266.4 961.8 596.6 451.6 177.8 52.8 500.3 508.1 252.9 527.6 226.7 300.5 1034.3 134.9 0.0 225.4 468.4 529.7 516.0 175.1 206.1 520.9 103.1 624.6 455.5 239.1 165.1 166.9 128.3 218.1 419.7 525.3 395.2 41.7 1054.0 558.2 279.4 157.9 449.6 245.5 789.9 405.7 573.6 398.7 54.9 840.6 299.3 254.4 241.2 180.6 395.2 441.0 489.7 646.0 61.3 52.2 185.4 693.3 513.8 516.8 201.5 213.7 490.1 292.5 125.3 512.5 330.7 210.9 283.5 584.7 260.9 157.7 192.4 155.0 205.4 209.8 550.0 676.2 701.7 229.4 921.7 489.6 161.8 178.9 60.0 500.3 492.0 531.1 395.5 253.1 581.3 130.4 472.4 430.0
2824.2 291.5 159.8 242.8 69.6 264.8 175.9 315.3 577.9 852.4 219.3 695.3 441.1 501.3 542.3 463.6 226.3 270.3 398.6 617.3 246.4 255.4 623.1 763.7 433.9 214.1 236.3 301.3 1107.0 363.4 346.5 1000.4 635.2 490.2 247.9 205.8 538.9 546.7 172.0 562.7 83.0 196.6 1072.9 276.6 258.7 0.0 507.0 568.3 554.6 160.3 171.2 559.5 274.5 664.9 494.1 95.9 103.8 145.0 270.0 114.2 458.3 563.9 433.8 254.2 1092.6 598.5 318.0 154.0 489.9 440.0 828.5 444.3 612.2 437.3 223.3 879.2 337.9 380.8 98.9 259.0 435.5 479.6 528.3 684.6 254.6 246.7 92.4 733.6 552.4 555.4 281.6 74.5 527.9 188.6 193.7 551.1 369.3 279.3 376.1 625.0 83.8 172.1 144.7 349.5 283.8 205.2 588.6 714.8 740.3 308.4 962.0 528.2 114.1 257.3 254.5 538.9 532.3 569.7 434.1 374.7 621.6 172.7 511.0 470.3
3054.4 226.0 486.4 531.5 521.7 483.2 420.2 202.3 256.8 531.3 437.7 374.2 181.6 161.7 221.2 308.8 444.7 559.0 554.6 296.2 535.1 473.8 141.4 442.6 256.1 486.2 541.7 579.4 785.9 208.6 629.6 679.3 314.1 173.0 492.2 424.2 384.1 57.1 487.9 184.0 523.1 527.2 751.8 495.0 477.1 492.1 0.0 247.2 233.5 486.9 497.8 238.4 492.9 183.2 339.3 475.8 459.8 479.6 488.4 453.1 303.5 74.3 256.0 472.6 771.5 277.4 199.4 470.6 173.3 596.0 507.4 289.5 291.1 62.0 441.7 558.1 219.9 604.9 476.2 529.7 280.7 324.8 207.2 363.5 473.0 465.1 480.1 412.5 110.6 400.6 552.3 508.4 206.8 519.2 438.0 44.0 148.6 523.6 629.6 303.9 497.6 498.7 468.6 505.5 561.1 531.8 267.5 393.7 419.2 579.9 640.9 207.1 438.0 546.0 504.0 217.8 42.7 414.9 174.6 603.6 300.5 444.8 356.2 315.5
3087.8 259.4 519.8 564.9 555.1 516.6 453.6 235.7 9.5 498.8 471.1 341.7 215.0 356.9 36.5 342.2 478.1 592.4 588.0 111.5 568.5 507.2 363.3 410.1 289.5 519.6 575.1 612.8 753.4 242.0 663.0 646.8 129.4 345.8 525.6 457.6 417.5 279.0 521.3 405.9 556.5 560.6 719.3 528.4 510.5 525.5 239.3 0.0 201.0 520.3 531.2 79.5 526.3 405.1 372.7 509.2 493.2 513.0 521.8 486.5 336.9 296.2 289.4 506.0 739.0 92.7 232.8 504.0 345.5 629.4 474.9 322.9 132.1 169.6 475.1 525.6 253.3 638.3 509.6 563.1 314.1 358.2 174.7 331.0 506.4 498.5 513.5 380.0 332.5 434.0 585.7 541.8 174.3 552.6 471.4 283.4 182.0 557.0 663.0 119.2 531.0 532.1 502.0 538.9 594.5 565.2 82.8 361.2 386.7 613.3 608.4 174.6 471.4 579.4 537.4 185.3 264.6 448.3 208.0 637.0 115.8 478.2 389.6 348.9
3079.5 251.1 511.5 556.6 546.8 508.3 445.3 227.4 196.0 375.4 462.8 218.3 206.7 348.6 160.4 333.9 469.8 584.1 579.7 235.4 560.2 498.9 355.0 286.7 281.2 511.3 566.8 604.5 630.0 233.7 654.7 523.4 253.3 337.5 517.3 449.3 409.2 270.7 513.0 397.6 548.2 552.3 595.9 520.1 502.2 517.2 231.0 186.4 0.0 512.0 522.9 177.6 518.0 396.8 364.4 500.9 484.9 504.7 513.5 478.2 328.6 287.9 281.1 497.7 615.6 216.6 224.5 495.7 337.2 621.1 351.5 314.6 230.3 161.3 466.8 402.2 245.0 630.0 501.3 554.8 305.8 349.9 51.3 207.6 498.1 490.2 505.2 256.6 324.2 425.7 577.4 533.5 50.9 544.3 463.1 275.1 173.7 548.7 654.7 243.1 522.7 523.8 493.7 530.6 586.2 556.9 206.7 237.8 263.3 605.0 485.0 51.2 463.1 571.1 529.1 13.8 256.3 440.0 199.7 628.7 239.7 469.9 381.3 340.6
2795.2 279.4 59.3 88.2 228.0 195.0 152.0 311.4 565.8 840.3 149.5 683.2 429.0 489.2 530.2 451.5 156.5 183.7 244.6 605.2 151.6 185.6 611.0 751.6 421.8 211.1 81.7 206.9 1094.9 359.5 259.9 988.3 623.1 478.1 224.0 136.0 526.8 534.6 296.5 555.8 161.3 321.1 1060.8 206.8 152.6 158.3 494.9 556.2 542.5 0.0 50.9 547.4 201.7 652.8 482.0 231.4 129.9 173.9 200.2 238.7 446.2 551.8 421.7 150.3 1080.5 586.4 305.9 182.9 477.8 286.0 816.4 432.2 600.1 425.2 153.5 875.3 325.8 286.0 223.6 162.6 431.6 467.5 516.2 672.5 148.9 111.0 118.3 721.5 540.3 543.3 193.4 178.5 516.6 313.1 169.8 539.0 357.2 255.4 285.7 612.9 242.2 6.5 236.9 195.5 189.0 44.8 576.5 702.7 728.2 213.6 949.9 516.1 206.3 162.5 142.7 526.8 520.2 557.6 422.0 279.9 609.5 176.6 498.9 466.4
2781.6 265.8 45.7 139.0 217.2 181.4 138.4 289.6 552.2 826.7 138.7 669.6 418.2 475.6 516.6 437.9 142.9 218.9 288.0 591.6 195.0 172.0 597.4 738.0 408.2 197.5 132.5 255.3 1081.3 337.7 297.9 974.7 609.5 464.5 210.4 122.4 513.2 521.0 282.9 545.0 147.7 307.5 1047.2 193.2 173.4 144.7 481.3 542.6 528.9 50.7 0.0 533.8 188.1 642.0 468.4 209.6 116.3 160.3 186.6 225.1 432.6 538.2 408.1 170.8 1066.9 572.8 292.3 169.3 464.2 329.4 802.8 418.6 586.5 411.6 139.9 856.3 312.2 329.4 210.0 213.4 409.8 453.9 502.6 658.9 171.2 154.4 104.7 707.9 526.7 529.7 236.0 164.9 503.0 299.5 156.2 525.4 343.6 241.8 329.1 602.1 228.6 57.3 223.3 238.9 232.4 89.9 562.9 689.1 714.6 257.0 936.3 502.5 192.7 205.9 171.1 513.2 506.6 544.0 408.4 323.3 595.9 163.0 488.1 444.6
3080.1 251.7 512.1 557.2 547.4 508.9 445.9 228.0 110.2 491.1 463.4 334.0 207.3 349.2 74.6 334.5 470.4 584.7 580.3 77.9 560.8 499.5 355.6 402.4 281.8 511.9 567.4 605.1 745.7 234.3 655.3 639.1 95.8 338.1 517.9 449.9 409.8 271.3 513.6 398.2 548.8 552.9 711.6 520.7 502.8 517.8 231.6 100.6 193.3 512.6 523.5 0.0 518.6 397.4 365.0 501.5 485.5 505.3 514.1 478.8 329.2 288.5 281.7 498.3 731.3 130.8 225.1 496.3 337.8 621.7 467.2 315.2 52.6 161.9 467.4 517.9 245.6 630.6 501.9 555.4 306.4 350.5 167.0 323.3 498.7 490.8 505.8 372.3 324.8 426.3 578.0 534.1 166.6 544.9 463.7 275.7 174.3 549.3 655.3 139.4 523.3 524.4 494.3 531.2 586.8 557.5 91.9 353.5 379.0 605.6 600.7 166.9 463.7 571.7 529.7 177.6 256.9 440.6 200.3 629.3 153.9 470.5 381.9 341.2
2900.9 257.4 265.1 230.2 288.4 109.7 112.0 281.2 543.8 818.3 82.1 661.2 404.2 467.2 505.4 429.5 109.1 242.5 254.7 583.2 218.6 118.2 589.0 729.6 399.8 171.1 223.7 278.9 1072.9 329.3 315.9 966.3 601.1 456.1 184.0 57.3 504.8 512.6 257.4 531.0 232.9 305.0 1038.8 97.9 112.9 229.9 472.9 534.2 520.5 225.7 256.7 525.4 0.0 628.0 460.0 242.5 169.6 171.4 104.5 222.6 424.2 529.8 399.7 110.3 1058.5 561.6 283.9 162.4 453.0 296.1 794.4 410.2 578.1 403.2 39.7 842.3 303.8 305.0 245.7 231.2 401.4 445.5 494.2 650.5 128.8 102.8 189.9 696.7 518.3 521.3 251.0 218.2 494.6 297.0 129.8 517.0 335.2 215.4 334.1 588.1 264.3 210.0 196.9 205.6 256.0 259.3 554.5 680.7 706.2 280.0 925.1 494.1 166.3 229.5 110.6 504.8 498.2 535.6 400.0 303.7 584.7 136.6 474.1 433.4
3206.5 378.1 638.5 683.6 673.8 635.3 572.3 354.4 410.7 685.2 589.8 528.1 335.5 151.6 375.1 460.9 596.8 711.1 706.7 450.1 687.2 625.9 31.3 596.5 278.8 638.3 693.8 731.5 939.8 360.7 781.7 833.2 468.0 162.9 644.3 576.3 536.2 104.1 640.0 89.9 675.2 679.3 905.7 647.1 627.3 644.2 151.3 401.1 387.4 647.5 649.9 392.3 642.0 0.0 491.4 627.9 611.9 631.7 640.5 605.2 455.6 86.9 278.7 624.7 925.4 431.3 351.5 622.7 163.2 748.1 661.3 441.6 445.0 215.9 593.8 712.0 372.0 757.0 628.3 681.8 432.8 476.9 361.1 517.4 625.1 617.2 632.2 566.4 100.5 552.7 704.4 660.5 360.7 671.3 590.1 195.4 302.5 675.7 786.1 457.8 649.7 654.1 620.7 657.6 713.2 683.9 421.4 547.6 573.1 732.0 794.8 361.0 590.1 698.1 656.1 371.7 156.2 567.0 328.5 755.7 454.4 596.9 508.3 467.6
3027.4 199.0 459.4 504.5 494.7 456.2 393.2 175.3 416.1 690.6 410.7 533.5 279.3 339.5 380.5 29.1 417.7 532.0 527.6 455.5 508.1 446.8 461.3 601.9 272.1 459.2 514.7 552.4 945.2 128.5 602.6 838.6 473.4 328.4 465.2 397.2 125.9 384.9 460.9 400.9 496.1 500.2 911.1 468.0 450.1 465.1 345.2 406.5 392.8 459.9 470.8 397.7 465.9 503.1 0.0 448.8 432.8 452.6 461.4 426.1 48.2 402.1 272.0 445.6 930.8 436.7 172.4 443.6 328.1 569.0 666.7 127.9 450.4 275.5 414.7 717.4 192.9 577.9 449.2 502.7 52.9 69.5 366.5 522.8 446.0 438.1 453.1 571.8 390.6 72.5 525.3 481.4 366.1 492.2 411.0 389.3 207.5 496.6 602.6 463.2 470.6 471.7 441.6 478.5 534.1 504.8 426.8 553.0 578.5 552.9 800.2 366.4 411.0 519.0 477.0 377.1 370.5 119.4 272.3 576.6 459.8 417.8 45.9 22.2
2861.2 265.2 190.6 259.1 63.5 238.5 149.6 289.0 551.6 826.1 193.0 669.0 414.8 475.0 516.0 437.3 200.0 286.6 372.3 591.0 262.7 229.1 596.8 737.4 407.6 180.9 252.6 323.0 1080.7 337.1 362.8 974.1 608.9 463.9 221.6 179.5 512.6 520.4 145.7 541.6 123.6 170.3 1046.6 250.3 230.5 68.7 480.7 542.0 528.3 199.6 202.0 533.2 248.2 638.6 467.8 0.0 120.1 161.3 243.7 87.9 432.0 537.6 407.5 227.9 1066.3 572.2 291.7 170.3 463.6 413.7 802.2 418.0 585.9 411.0 197.0 852.9 311.6 422.6 36.4 275.3 409.2 453.3 502.0 658.3 228.3 220.4 140.8 707.3 526.1 529.1 297.9 90.8 501.6 162.3 167.4 524.8 343.0 253.0 392.4 598.7 21.7 206.2 118.4 323.2 300.1 236.0 562.3 688.5 714.0 324.7 935.7 501.9 87.8 273.6 228.2 512.6 506.0 543.4 407.8 421.3 595.3 146.4 484.7 444.0
2778.3 250.6 107.7 176.2 162.8 166.2 170.6 274.4 537.0 811.5 120.7 654.4 400.2 460.4 501.4 422.7 127.7 203.7 272.8 576.4 179.8 156.8 582.2 722.8 393.0 265.9 169.7 234.7 1066.1 322.5 279.9 959.5 594.3 449.3 283.1 107.2 498.0 505.8 223.8 521.8 96.1 248.4 1032.0 178.0 160.1 93.1 466.1 527.4 513.7 108.2 119.1 518.6 175.9 624.0 453.2 150.5 0.0 101.2 171.4 166.0 417.4 523.0 392.9 155.6 1051.7 557.6 277.1 110.2 449.0 314.2 787.6 403.4 571.3 396.4 124.7 838.3 297.0 314.2 150.9 192.4 394.6 438.7 487.4 643.7 156.0 139.2 20.6 692.7 511.5 514.5 215.0 105.8 487.0 240.4 166.3 510.2 328.4 314.5 309.5 584.1 172.3 120.0 184.5 223.7 217.2 153.1 547.7 673.9 699.4 241.8 921.1 487.3 165.9 190.7 155.9 498.0 491.4 528.8 393.2 308.1 580.7 224.5 470.1 429.4
2835.0 281.1 164.4 232.9 190.5 178.7 69.3 304.9 567.5 842.0 133.2 684.9 430.7 490.9 531.9 453.2 140.2 300.3 312.5 606.9 276.4 169.3 612.7 753.3 423.5 175.8 226.4 331.3 1096.6 353.0 376.5 990.0 624.8 479.8 181.8 119.7 528.5 536.3 237.7 552.3 152.5 262.3 1062.5 190.5 172.6 138.1 496.6 557.9 544.2 164.9 175.8 549.1 188.4 654.5 483.7 164.4 93.9 0.0 183.9 179.9 447.9 553.5 423.4 168.1 1082.2 588.1 307.6 9.0 479.5 353.9 818.1 433.9 601.8 426.9 137.2 868.8 327.5 362.8 164.8 289.0 425.1 469.2 517.9 674.2 168.5 160.6 114.6 723.2 542.0 545.0 311.6 119.7 517.5 254.3 65.0 540.7 358.9 213.2 387.5 614.6 186.2 176.7 194.7 263.4 313.8 209.8 578.2 704.4 729.9 337.8 951.6 517.8 164.1 287.3 168.4 528.5 521.9 559.3 423.7 361.5 611.2 134.4 500.6 459.9
2908.7 265.2 288.8 253.9 299.0 5.1 119.8 289.0 551.6 826.1 61.6 669.0 414.8 475.0 516.0 437.3 98.9 266.2 278.4 591.0 242.3 14.5 596.8 737.4 407.6 185.8 247.4 297.2 1080.7 337.1 342.4 974.1 608.9 463.9 191.8 81.0 512.6 520.4 265.2 541.6 240.7 312.8 1046.6 6.6 136.6 237.7 480.7 542.0 528.3 240.9 280.4 533.2 72.3 638.6 467.8 253.1 177.4 179.2 0.0 230.4 432.0 537.6 407.5 134.0 1066.3 572.2 291.7 170.2 463.6 319.8 802.2 418.0 585.9 411.0 63.4 852.9 311.6 328.7 253.5 254.9 409.2 453.3 502.0 658.3 127.2 126.5 197.7 707.3 526.1 529.1 277.5 226.0 501.6 304.8 137.6 524.8 343.0 223.2 353.4 598.7 274.9 233.7 204.7 229.3 279.7 285.8 562.3 688.5 714.0 303.7 935.7 501.9 174.1 253.2 134.3 512.6 506.0 543.4 407.8 327.4 595.3 144.4 484.7 444.0
2860.2 265.3 239.1 347.9 146.8 238.6 149.7 289.1 551.7 826.2 193.1 669.1 414.9 475.1 516.1 437.4 200.1 360.2 372.4 591.1 336.3 229.2 596.9 737.5 407.7 187.9 341.4 391.2 1080.8 337.2 436.4 974.2 609.0 464.0 221.7 179.6 512.7 520.5 61.4 536.5 172.1 134.8 1046.7 250.4 232.5 117.2 480.8 542.1 528.4 239.6 250.5 533.3 248.3 638.7 467.9 100.9 168.6 209.1 243.8 0.0 432.1 537.7 407.6 228.0 1066.4 572.3 291.8 200.1 463.7 413.8 802.3 418.1 586.0 411.1 197.1 853.0 311.7 422.7 101.3 348.9 409.3 453.4 502.1 658.4 228.4 220.5 189.3 707.4 526.2 529.2 371.5 139.3 501.7 126.8 167.5 524.9 343.1 253.1 447.4 598.8 122.7 251.4 118.5 323.3 373.7 284.5 562.4 688.6 714.1 397.7 935.8 502.0 87.9 347.2 228.3 512.7 506.1 543.5 407.9 421.4 595.4 146.5 484.8 444.1
2997.2 168.8 429.2 474.3 464.5 426.0 363.0 145.1 385.9 660.4 380.5 503.3 249.1 309.3 350.3 64.5 387.5 501.8 497.4 425.3 477.9 416.6 431.1 571.7 241.9 429.0 484.5 522.2 915.0 98.3 572.4 808.4 443.2 298.2 435.0 367.0 80.6 354.7 430.7 370.7 465.9 470.0 880.9 437.8 419.9 434.9 315.0 376.3 362.6 429.7 440.6 367.5 435.7 472.9 45.4 418.6 402.6 422.4 431.2 395.9 0.0 371.9 241.8 415.4 900.6 406.5 142.2 413.4 297.9 538.8 636.5 97.7 420.2 245.3 384.5 687.2 162.7 547.7 419.0 472.5 22.7 21.2 336.3 492.6 415.8 407.9 422.9 541.6 360.4 95.1 495.1 451.2 335.9 462.0 380.8 359.1 177.3 466.4 572.4 433.0 440.4 441.5 411.4 448.3 503.9 474.6 396.6 522.8 548.3 522.7 770.0 336.2 380.8 488.8 446.8 346.9 340.3 111.3 242.1 546.4 429.6 387.6 91.4 67.7
3121.3 292.9 553.3 598.4 588.6 550.1 487.1 269.2 323.7 598.2 504.6 441.1 248.5 87.3 288.1 375.7 511.6 625.9 621.5 363.1 602.0 540.7 67.0 509.5 214.5 553.1 608.6 646.3 852.8 275.5 696.5 746.2 381.0 98.6 559.1 491.1 451.0 17.1 554.8 109.6 590.0 594.1 818.7 561.9 544.0 559.0 64.3 314.1 300.4 553.8 564.7 305.3 559.8 108.8 406.2 542.7 526.7 546.5 555.3 520.0 370.4 0.0 214.4 539.5 838.4 344.3 266.3 537.5 98.9 662.9 574.3 356.4 358.0 128.9 508.6 625.0 286.8 671.8 543.1 596.6 347.6 391.7 274.1 430.4 539.9 532.0 547.0 479.4 36.2 467.5 619.2 575.3 273.7 586.1 504.9 108.4 215.5 590.5 696.5 370.8 564.5 565.6 535.5 572.4 628.0 598.7 334.4 460.6 486.1 646.8 707.8 274.0 504.9 612.9 570.9 284.7 69.2 481.8 241.5 670.5 367.4 511.7 423.1 382.4
2993.4 165.0 425.4 470.5 460.7 422.2 359.2 141.3 319.1 593.6 376.7 436.5 182.3 153.1 283.5 247.8 383.7 498.0 493.6 358.5 474.1 412.8 274.9 504.9 0.0 425.2 480.7 518.4 848.2 147.6 568.6 741.6 376.4 142.0 431.2 363.2 323.1 267.7 426.9 214.5 462.1 466.2 814.1 434.0 416.1 431.1 248.2 309.5 295.8 425.9 436.8 300.7 431.9 316.7 278.3 414.8 398.8 418.6 427.4 392.1 242.5 250.5 0.0 411.6 833.8 339.7 138.4 409.6 141.7 535.0 569.7 228.5 353.4 178.5 380.7 620.4 158.9 543.9 415.2 468.7 219.7 263.8 269.5 425.8 412.0 404.1 419.1 474.8 204.2 339.6 491.3 447.4 269.1 458.2 377.0 292.3 110.5 462.6 568.6 366.2 436.6 437.7 407.6 444.5 500.1 470.8 329.8 456.0 481.5 518.9 703.2 269.4 377.0 485.0 443.0 280.1 273.5 353.9 175.3 542.6 362.8 383.8 295.2 254.5
2873.8 266.1 199.7 164.8 299.9 118.3 120.7 289.9 552.5 827.0 72.8 669.9 415.7 475.9 516.9 438.2 38.3 177.1 200.8 591.9 153.2 108.9 597.7 738.3 408.5 186.7 158.3 208.1 1081.6 338.0 253.3 975.0 609.8 464.8 192.7 69.5 513.5 521.3 266.1 537.3 233.6 313.7 1047.5 130.1 42.9 230.6 481.6 542.9 529.2 151.8 187.1 534.1 122.8 639.5 468.7 254.0 170.3 180.1 123.5 231.3 432.9 538.5 408.4 0.0 1067.2 573.1 292.6 171.1 464.5 242.2 803.1 418.9 586.8 411.9 71.6 853.8 312.5 251.1 254.4 165.8 410.1 454.2 502.9 659.2 21.2 48.9 190.6 708.2 527.0 530.0 188.4 218.9 502.5 305.7 138.5 525.7 343.9 224.1 275.8 599.6 275.8 148.2 205.6 151.7 190.6 196.7 563.2 689.4 714.9 215.2 936.6 502.8 175.0 164.1 56.7 513.5 506.9 544.3 408.7 249.8 596.2 145.3 485.6 444.9
3576.4 794.8 1055.2 1100.3 1090.5 1052.0 989.0 771.1 739.7 621.0 1006.5 394.7 750.4 892.3 704.1 877.6 1013.5 1127.8 1123.4 779.1 1103.9 1042.6 898.7 532.3 824.9 1055.0 1110.5 1148.2 258.3 777.4 1198.4 151.7 797.0 881.2 1061.0 993.0 952.9 814.4 1056.7 941.3 1091.9 1096.0 224.2 1063.8 1045.9 1060.9 774.7 730.1 601.3 1055.7 1066.6 721.3 1061.7 940.5 908.1 1044.6 1028.6 1048.4 1057.2 1021.9 872.3 831.6 824.8 1041.4 0.0 760.3 768.2 1039.4 880.9 1164.8 597.1 858.3 774.0 705.0 1010.5 647.8 788.7 1173.7 1045.0 1098.5 849.5 893.6 559.5 607.9 1041.8 1033.9 1048.9 720.8 867.9 969.4 1121.1 1077.2 560.0 1088.0 1006.8 818.8 717.4 1092.4 1198.4 786.8 1066.4 1067.5 1037.4 1074.3 1129.9 1100.6 750.4 638.1 543.2 1148.7 157.3 559.7 1006.8 1114.8 1072.8 585.6 800.0 983.7 743.4 1172.4 783.4 1013.6 925.0 884.3
3129.1 300.7 561.1 606.2 596.4 557.9 494.9 277.0 93.4 540.1 512.4 383.0 256.3 398.2 56.1 383.5 519.4 633.7 629.3 87.9 609.8 548.5 404.6 451.4 330.8 560.9 616.4 648.7 794.7 283.3 704.3 688.1 70.0 387.1 566.9 498.9 458.8 320.3 562.6 442.0 597.8 601.9 760.6 569.7 549.9 566.8 280.6 83.8 242.3 561.6 576.7 120.8 564.6 446.4 414.0 550.5 534.5 554.3 563.1 527.8 378.2 337.5 330.7 547.3 780.3 0.0 274.1 545.3 386.8 670.7 516.2 364.2 113.2 210.9 516.4 566.9 294.6 679.6 550.9 604.4 355.4 399.5 216.0 372.3 547.7 539.8 554.8 421.3 373.8 475.3 627.0 583.1 216.4 593.9 512.7 324.7 223.3 598.3 704.3 26.4 572.3 576.7 543.3 580.2 635.8 606.5 72.9 402.5 428.0 654.6 649.7 215.9 512.7 620.7 578.7 226.6 305.9 489.6 249.3 678.3 66.3 519.5 430.9 390.2
2854.9 26.5 286.9 332.0 322.2 283.7 220.7 2.8 259.8 534.3 238.2 377.2 123.0 183.2 224.2 145.5 245.2 359.5 355.1 299.2 335.6 274.3 305.0 445.6 115.8 286.7 342.2 379.9 788.9 45.3 430.1 682.3 317.1 172.1 292.7 224.7 220.8 228.6 288.4 244.6 323.6 327.7 754.8 295.5 277.6 292.6 188.9 250.2 236.5 287.4 298.3 241.4 293.4 346.8 176.0 276.3 260.3 280.1 288.9 253.6 140.2 245.8 115.7 273.1 774.5 280.4 0.0 271.1 171.8 396.5 510.4 126.2 294.1 119.2 242.2 561.1 20.4 405.4 276.7 330.2 117.4 161.5 210.2 366.5 273.5 265.6 280.6 415.5 234.3 237.3 352.8 308.9 209.8 319.7 238.5 233.0 51.2 324.1 430.1 306.9 298.1 299.2 269.1 306.0 361.6 332.3 270.5 396.7 422.2 380.4 643.9 210.1 238.5 346.5 304.5 220.8 214.2 251.6 116.0 404.1 303.5 245.3 192.9 152.2
2844.0 272.1 173.4 279.0 199.5 169.7 60.3 295.9 558.5 833.0 124.2 675.9 421.7 481.9 522.9 444.2 131.2 291.3 303.5 597.9 267.4 160.3 603.7 744.3 414.5 166.8 272.5 322.3 1087.6 344.0 367.5 981.0 615.8 470.8 172.8 110.7 519.5 527.3 246.2 543.3 161.5 271.3 1053.5 181.5 163.6 147.1 487.6 548.9 535.2 173.9 184.8 540.1 179.4 645.5 474.7 173.4 102.9 9.0 174.9 188.9 438.9 544.5 414.4 159.1 1073.2 579.1 298.6 0.0 470.5 344.9 809.1 424.9 592.8 417.9 128.2 859.8 318.5 353.8 173.8 280.0 416.1 460.2 508.9 665.2 159.5 151.6 123.6 714.2 533.0 536.0 302.6 128.7 508.5 263.3 56.0 531.7 349.9 204.2 378.5 605.6 195.2 185.7 185.7 254.4 304.8 218.8 569.2 695.4 720.9 328.8 942.6 508.8 155.1 278.3 159.4 519.5 512.9 550.3 414.7 352.5 602.2 125.4 491.6 450.9
3043.2 214.8 475.2 520.3 510.5 472.0 409.0 191.1 368.9 643.4 426.5 486.3 232.1 11.3 333.3 297.6 433.5 547.8 543.4 408.3 523.9 462.6 133.1 554.7 115.5 475.0 530.5 568.2 898.0 197.4 618.4 791.4 426.2 0.2 481.0 413.0 372.9 125.9 476.7 77.9 511.9 516.0 863.9 483.8 464.0 480.9 173.1 359.3 345.6 475.7 490.8 350.5 481.7 174.9 328.1 464.6 448.6 468.4 477.2 441.9 292.3 108.7 115.4 461.4 883.6 389.5 188.2 459.4 0.0 584.8 619.5 278.3 403.2 228.3 430.5 670.2 208.7 593.7 465.0 518.5 269.5 313.6 319.3 475.6 461.8 453.9 468.9 524.6 62.4 389.4 541.1 497.2 318.9 508.0 426.8 217.2 160.3 512.4 618.4 416.0 486.4 490.8 457.4 494.3 549.9 520.6 379.6 505.8 531.3 568.7 753.0 319.2 426.8 534.8 492.8 329.9 178.0 403.7 225.1 592.4 412.6 433.6 345.0 304.3
2898.3 368.1 341.9 247.8 431.9 311.0 295.4 391.9 654.5 929.0 265.5 771.9 517.7 577.9 618.9 540.2 275.7 235.8 63.8 693.9 211.9 301.6 699.7 840.3 510.5 361.4 258.0 266.8 1183.6 440.0 90.9 1077.0 711.8 566.8 367.4 240.7 615.5 623.3 440.8 639.3 375.8 488.4 1149.5 322.8 232.1 372.8 583.6 644.9 631.2 294.0 329.3 636.1 294.0 741.5 570.7 428.7 312.5 354.8 316.2 406.0 534.9 640.5 510.4 247.6 1169.2 675.1 394.6 345.8 566.5 0.0 905.1 520.9 688.8 513.9 242.8 955.8 414.5 142.2 429.1 246.0 512.1 556.2 604.9 761.2 258.6 212.5 332.8 810.2 629.0 632.0 268.6 361.1 604.5 480.4 313.2 627.7 445.9 398.8 128.4 701.6 450.5 290.4 380.3 122.3 249.3 338.9 665.2 791.4 816.9 142.5 1038.6 604.8 349.7 222.8 202.3 615.5 608.9 646.3 510.7 140.9 698.2 320.0 587.6 546.9
3386.5 558.1 818.5 863.6 853.8 815.3 752.3 534.4 503.0 113.4 769.8 207.2 513.7 655.6 467.4 640.9 776.8 891.1 886.7 542.4 867.2 805.9 662.0 144.9 588.2 818.3 873.8 911.5 618.9 540.7 961.7 512.3 560.3 644.5 824.3 756.3 716.2 577.7 820.0 704.6 855.2 859.3 584.8 827.1 809.2 824.2 538.0 493.4 364.6 819.0 829.9 484.6 825.0 703.8 671.4 807.9 791.9 811.7 820.5 785.2 635.6 594.9 588.1 804.7 604.5 523.6 531.5 802.7 644.2 928.1 0.0 621.6 537.3 468.3 773.8 140.2 552.0 937.0 808.3 861.8 612.8 656.9 322.8 371.2 805.1 797.2 812.2 381.1 631.2 732.7 884.4 840.5 323.3 851.3 770.1 582.1 480.7 855.7 961.7 550.1 829.7 830.8 800.7 837.6 893.2 863.9 513.7 401.4 306.5 912.0 473.9 323.0 770.1 878.1 836.1 348.9 563.3 747.0 506.7 935.7 546.7 776.9 688.3 647.6
2973.0 144.6 405.0 450.1 440.3 401.8 338.8 120.9 361.7 636.2 356.3 479.1 224.9 285.1 326.1 112.8 363.3 477.6 473.2 401.1 453.7 392.4 406.9 547.5 217.7 404.8 460.3 498.0 890.8 74.1 548.2 784.2 419.0 274.0 410.8 342.8 188.1 330.5 406.5 346.5 441.7 445.8 856.7 413.6 395.7 410.7 290.8 352.1 338.4 405.5 416.4 343.3 411.5 448.7 143.3 394.4 378.4 398.2 407.0 371.7 107.5 347.7 217.6 391.2 876.4 382.3 118.0 389.2 273.7 514.6 612.3 0.0 396.0 221.1 360.3 663.0 138.5 523.5 394.8 448.3 84.7 128.8 312.1 468.4 391.6 383.7 398.7 517.4 336.2 204.6 470.9 427.0 311.7 437.8 356.6 334.9 153.1 442.2 548.2 408.8 416.2 417.3 387.2 424.1 479.7 450.4 372.4 498.6 524.1 498.5 745.8 312.0 356.6 464.6 422.6 322.7 316.1 218.9 217.9 522.2 405.4 363.4 160.2 119.5
3132.8 304.4 564.8 609.9 600.1 561.6 498.6 280.7 112.8 543.8 516.1 386.7 260.0 401.9 75.5 387.2 523.1 637.4 633.0 25.2 613.5 552.2 408.3 455.1 334.5 564.6 620.1 657.8 798.4 287.0 708.0 691.8 43.1 390.8 570.6 502.6 462.5 324.0 566.3 450.9 601.5 605.6 764.3 573.4 555.5 570.5 284.3 103.2 246.0 565.3 576.2 52.6 571.3 450.1 417.7 554.2 538.2 558.0 566.8 531.5 381.9 341.2 334.4 551.0 784.0 103.2 277.8 549.0 390.5 674.4 519.9 367.9 0.0 214.6 520.1 570.6 298.3 683.3 554.6 608.1 359.1 403.2 219.7 376.0 551.4 543.5 558.5 425.0 377.5 479.0 630.7 586.8 219.3 597.6 516.4 328.4 227.0 602.0 708.0 86.7 576.0 577.1 547.0 583.9 639.5 610.2 39.2 406.2 431.7 658.3 653.4 219.6 516.4 624.4 582.4 230.3 309.6 493.3 253.0 682.0 145.3 523.2 434.6 393.9
2992.3 163.9 424.3 469.4 459.6 421.1 358.1 140.2 194.7 469.2 375.6 312.1 119.5 213.9 159.1 246.7 382.6 496.9 492.5 234.1 473.0 411.7 193.6 380.5 194.0 424.1 479.6 517.3 723.8 146.5 567.5 617.2 252.0 225.2 430.1 362.1 322.0 109.3 425.8 236.2 461.0 465.1 689.7 432.9 415.0 430.0 69.6 185.1 171.4 424.8 435.7 176.3 430.8 235.4 277.2 413.7 397.7 417.5 426.3 391.0 241.4 126.5 193.9 410.5 709.4 215.3 137.3 408.5 225.5 533.9 445.3 227.4 229.0 0.0 379.6 496.0 157.8 542.8 414.1 467.6 218.6 262.7 145.1 301.4 410.9 403.0 418.0 350.4 162.8 338.5 490.2 446.3 144.7 457.1 375.9 113.7 86.5 461.5 567.5 241.8 435.5 436.6 406.5 443.4 499.0 469.7 205.4 331.6 357.1 517.8 578.8 145.0 375.9 483.9 441.9 155.7 94.9 352.8 112.5 541.5 238.4 382.7 294.1 253.4
2861.1 217.6 225.3 190.4 251.4 87.8 72.2 241.4 504.0 778.5 42.3 621.4 367.2 427.4 468.4 389.7 69.3 202.7 214.9 543.4 178.8 78.4 549.2 689.8 360.0 138.2 183.9 233.7 1033.1 289.5 278.9 926.5 561.3 416.3 144.2 17.5 465.0 472.8 217.6 488.8 193.1 265.2 999.0 80.4 75.0 190.1 433.1 494.4 480.7 177.4 212.7 485.6 51.1 591.0 420.2 205.5 129.8 131.6 87.0 182.8 384.4 490.0 359.9 70.5 1018.7 524.6 244.1 122.6 416.0 256.3 754.6 370.4 538.3 363.4 0.0 805.3 264.0 265.2 205.9 191.4 361.6 405.7 454.4 610.7 91.8 63.0 150.1 659.7 478.5 481.5 214.0 178.4 454.0 257.2 90.0 477.2 295.4 175.6 289.9 551.1 227.3 173.8 157.1 165.8 216.2 222.3 514.7 640.9 666.4 240.2 888.1 454.3 126.5 189.7 70.8 465.0 458.4 495.8 360.2 263.9 547.7 96.8 437.1 396.4
3462.6 634.2 894.6 939.7 929.9 891.4 828.4 610.5 579.1 23.0 845.9 283.3 589.8 731.7 543.5 717.0 852.9 967.2 962.8 618.5 943.3 882.0 738.1 221.0 664.3 894.4 949.9 987.6 695.0 616.8 1037.8 588.4 636.4 720.6 900.4 832.4 792.3 653.8 896.1 775.5 931.3 935.4 660.9 903.2 883.4 900.3 614.1 569.5 440.7 903.6 906.0 560.7 898.1 779.9 747.5 884.0 868.0 887.8 896.6 861.3 711.7 671.0 664.2 880.8 680.6 599.7 607.6 878.8 720.3 1004.2 145.6 697.7 613.4 544.4 849.9 0.0 628.1 1013.1 884.4 937.9 688.9 733.0 398.9 447.3 881.2 873.3 888.3 457.2 707.3 808.8 960.5 916.6 397.6 927.4 846.2 658.2 556.8 931.8 1042.2 626.2 905.8 910.2 876.8 913.7 969.3 940.0 589.8 477.5 382.6 988.1 550.0 399.1 846.2 954.2 912.2 425.0 639.4 823.1 582.8 1011.8 622.8 853.0 764.4 723.7
2876.1 47.7 308.1 353.2 343.4 304.9 241.9 39.0 301.6 576.1 259.4 419.0 164.8 225.0 266.0 187.3 266.4 380.7 376.3 341.0 356.8 295.5 346.8 487.4 157.6 307.9 363.4 401.1 830.7 87.1 451.3 724.1 358.9 213.9 313.9 245.9 262.6 270.4 309.6 286.4 344.8 348.9 796.6 316.7 298.8 313.8 230.7 292.0 278.3 308.6 319.5 283.2 314.6 388.6 217.8 297.5 281.5 301.3 310.1 274.8 182.0 287.6 157.5 294.3 816.3 322.2 41.7 292.3 213.6 417.7 552.2 168.0 335.9 161.0 263.4 602.9 0.0 426.6 297.9 351.4 159.2 203.3 252.0 408.3 294.7 286.8 301.8 457.3 276.1 279.1 374.0 330.1 251.6 340.9 259.7 274.8 93.0 345.3 451.3 348.7 319.3 320.4 290.3 327.2 382.8 353.5 312.3 438.5 464.0 401.6 685.7 251.9 259.7 367.7 325.7 262.6 256.0 293.4 157.8 425.3 345.3 266.5 234.7 194.0
2889.4 359.2 334.6 238.9 424.6 302.1 286.5 383.0 645.6 920.1 256.6 763.0 508.8 569.0 610.0 531.3 266.8 192.9 168.3 685.0 169.0 292.7 690.8 831.4 501.6 352.5 249.1 223.9 1174.7 431.1 85.6 1068.1 702.9 557.9 358.5 231.8 606.6 614.4 431.9 630.4 368.5 479.5 1140.6 313.9 223.2 365.5 574.7 636.0 622.3 286.7 322.0 627.2 285.1 732.6 561.8 398.5 305.2 345.9 307.3 397.1 526.0 631.6 501.5 238.7 1160.3 666.2 385.7 336.9 557.6 104.4 896.2 512.0 679.9 505.0 233.9 946.9 405.6 0.0 398.9 239.3 503.2 547.3 596.0 752.3 249.7 203.6 325.5 801.3 620.1 623.1 261.9 353.8 595.6 471.5 304.3 618.8 437.0 389.9 73.8 692.7 420.3 283.1 371.4 127.3 206.4 331.6 656.3 782.5 808.0 85.3 1029.7 595.9 340.8 179.9 193.4 606.6 600.0 637.4 501.8 5.9 689.3 311.1 578.7 538.0
2865.9 269.9 195.3 263.8 45.4 243.2 154.3 293.7 556.3 830.8 197.7 673.7 419.5 479.7 520.7 442.0 204.7 291.3 377.0 595.7 267.4 233.8 601.5 742.1 412.3 192.5 257.3 322.3 1085.4 341.8 367.5 978.8 613.6 468.6 226.3 184.2 517.3 525.1 150.4 541.1 128.3 175.0 1051.3 255.0 237.1 73.4 485.4 546.7 533.0 195.8 206.7 537.9 252.9 643.3 472.5 20.7 124.8 166.0 248.4 92.6 436.7 542.3 412.2 232.6 1071.0 576.9 296.4 175.0 468.3 418.4 806.9 422.7 590.6 415.7 201.7 857.6 316.3 427.3 0.0 280.0 413.9 458.0 506.7 663.0 233.0 225.1 145.5 712.0 530.8 533.8 302.6 95.5 506.3 167.0 172.1 529.5 347.7 257.7 397.1 603.4 42.5 207.6 123.1 327.9 304.8 240.7 567.0 693.2 718.7 329.4 940.4 506.6 92.5 278.3 232.9 517.3 510.7 548.1 412.5 426.0 600.0 151.1 489.4 448.7
2847.6 317.4 228.9 73.8 325.7 251.0 235.4 341.2 603.8 878.3 205.5 721.2 467.0 527.2 568.2 489.5 183.6 82.5 192.6 643.2 54.1 241.6 649.0 789.6 459.8 301.4 84.0 49.5 1132.9 389.3 201.4 1026.3 661.1 516.1 307.4 180.7 564.8 572.6 380.8 588.6 269.6 428.4 1098.8 262.8 172.1 266.6 532.9 594.2 580.5 181.0 216.3 585.4 234.0 690.8 520.0 299.6 206.3 294.8 256.2 346.0 484.2 589.8 459.7 167.9 1118.5 624.4 343.9 285.8 515.8 234.0 854.4 470.2 638.1 463.2 182.8 905.1 363.8 235.7 300.0 0.0 461.4 505.5 554.2 710.5 166.5 128.6 226.6 759.5 578.3 581.3 22.5 254.9 553.8 420.4 253.2 577.0 395.2 338.8 231.0 650.9 321.4 177.4 320.3 143.5 31.2 225.9 614.5 740.7 766.2 163.3 987.9 554.1 289.7 45.5 160.3 564.8 558.2 595.6 460.0 229.6 647.5 260.0 536.9 496.2
2974.4 146.0 406.4 451.5 441.7 403.2 340.2 122.3 363.1 637.6 357.7 480.5 226.3 286.5 327.5 41.7 364.7 479.0 474.6 402.5 455.1 393.8 408.3 548.9 219.1 406.2 461.7 499.4 892.2 75.5 549.6 785.6 420.4 275.4 412.2 344.2 103.3 331.9 407.9 353.1 443.1 447.2 858.1 415.0 395.2 412.1 292.2 353.5 339.8 406.9 417.8 344.7 409.9 450.1 70.1 395.8 379.8 399.6 408.4 373.1 22.7 349.1 219.0 392.6 877.8 383.7 119.4 390.6 275.1 516.0 613.7 74.9 397.4 222.5 361.7 664.4 139.9 524.9 396.2 449.7 0.0 44.0 313.5 469.8 393.0 385.1 400.1 518.8 337.6 119.8 472.3 428.4 313.1 439.2 358.0 336.3 154.5 443.6 554.0 410.2 417.6 422.0 388.6 425.5 481.1 451.8 373.8 500.0 525.5 499.9 747.2 313.4 358.0 466.0 424.0 324.1 317.5 134.1 219.3 523.6 406.8 364.8 89.1 48.4
3018.5 190.1 450.5 495.6 485.8 447.3 384.3 166.4 407.2 681.7 401.8 524.6 270.4 330.6 371.6 85.8 408.8 523.1 518.7 446.6 499.2 437.9 452.4 593.0 263.2 450.3 505.8 543.5 936.3 119.6 593.7 829.7 464.5 319.5 456.3 388.3 59.3 376.0 452.0 392.0 487.2 491.3 902.2 459.1 441.2 456.2 336.3 397.6 383.9 451.0 461.9 388.8 457.0 494.2 66.7 439.9 423.9 443.7 452.5 417.2 21.2 393.2 263.1 436.7 921.9 427.8 163.5 434.7 319.2 560.1 657.8 119.0 441.5 266.6 405.8 708.5 184.0 569.0 440.3 493.8 44.0 0.0 357.6 513.9 437.1 429.2 444.2 562.9 381.7 116.4 516.4 472.5 357.2 483.3 402.1 380.4 198.6 487.7 593.7 454.3 461.7 462.8 432.7 469.6 525.2 495.9 417.9 544.1 569.6 544.0 791.3 357.5 402.1 510.1 468.1 368.2 361.6 90.0 263.4 567.7 450.9 408.9 112.7 89.0
3063.6 235.2 495.6 540.7 530.9 492.4 429.4 211.5 180.1 324.0 446.9 166.9 190.8 332.7 144.5 318.0 453.9 568.2 563.8 219.5 544.3 483.0 339.1 235.3 265.3 495.4 550.9 588.6 578.6 217.8 638.8 472.0 237.4 321.6 501.4 433.4 393.3 254.8 497.1 381.7 532.3 536.4 544.5 504.2 486.3 501.3 215.1 170.5 41.7 496.1 507.0 161.7 502.1 380.9 348.5 485.0 469.0 488.8 497.6 462.3 312.7 272.0 265.2 481.8 564.2 200.7 208.6 479.8 321.3 605.2 300.1 298.7 214.4 145.4 450.9 350.8 229.1 614.1 485.4 538.9 289.9 334.0 0.0 156.2 482.2 474.3 489.3 205.2 308.3 409.8 561.5 517.6 0.4 528.4 447.2 259.2 157.8 532.8 638.8 227.2 506.8 507.9 477.8 514.7 570.3 541.0 190.8 186.4 211.9 589.1 433.6 0.1 447.2 555.2 513.2 26.0 240.4 424.1 183.8 612.8 223.8 454.0 365.4 324.7
3190.4 362.0 622.4 667.5 657.7 619.2 556.2 338.3 306.9 362.9 573.7 205.8 317.6 459.5 271.3 444.8 580.7 695.0 690.6 346.3 671.1 609.8 465.9 274.2 392.1 622.2 677.7 715.4 617.5 344.6 765.6 510.9 364.2 448.4 628.2 560.2 520.1 381.6 623.9 508.5 659.1 663.2 583.4 631.0 613.1 628.1 341.9 297.3 168.5 622.9 633.8 288.5 628.9 507.7 475.3 611.8 595.8 615.6 624.4 589.1 439.5 398.8 392.0 608.6 603.1 327.5 335.4 606.6 448.1 732.0 339.0 425.5 341.2 272.2 577.7 389.7 355.9 740.9 612.2 665.7 416.7 460.8 126.7 0.0 609.0 601.1 616.1 288.0 435.1 536.6 688.3 644.4 127.2 655.2 574.0 386.0 284.6 659.6 765.6 354.0 633.6 634.7 604.6 641.5 697.1 667.8 317.6 160.5 250.8 715.9 472.5 126.9 574.0 682.0 640.0 152.8 367.2 550.9 310.6 739.6 350.6 580.8 492.2 451.5
2888.3 244.8 189.3 154.4 278.6 97.0 99.4 268.6 531.2 805.7 51.5 648.6 394.4 454.6 495.6 416.9 17.0 166.7 215.3 570.6 142.8 87.6 576.4 717.0 387.2 165.4 147.9 203.1 1060.3 316.7 242.9 953.7 588.5 443.5 171.4 56.0 492.2 500.0 244.8 521.2 220.3 292.4 1026.2 108.8 73.3 217.3 460.3 521.6 507.9 141.4 176.7 512.8 121.7 618.2 447.4 232.7 157.0 158.8 102.2 210.0 411.6 517.2 387.1 32.2 1045.9 551.8 271.3 149.8 443.2 256.7 781.8 397.6 565.5 390.6 73.5 832.5 291.2 265.6 233.1 155.4 388.8 432.9 481.6 637.9 0.0 59.5 177.3 686.9 505.7 508.7 178.0 205.6 481.2 284.4 117.2 504.4 322.6 202.8 272.5 578.3 254.5 134.2 184.3 166.2 180.2 186.3 541.9 668.1 693.6 204.8 915.3 481.5 153.7 153.7 89.0 492.2 485.6 523.0 387.4 264.3 574.9 124.0 464.3 423.6
2828.7 252.1 162.2 127.3 252.2 122.3 106.7 275.9 538.5 813.0 76.8 655.9 401.7 461.9 502.9 424.2 67.4 139.6 155.7 577.9 115.7 112.9 583.7 724.3 394.5 172.7 120.8 170.6 1067.6 324.0 215.8 961.0 595.8 450.8 178.7 52.0 499.5 507.3 252.1 523.3 196.1 299.7 1033.5 134.1 43.4 193.1 467.6 528.9 515.2 114.3 149.6 520.1 105.3 625.5 454.7 240.0 132.8 166.1 127.5 217.3 418.9 524.5 394.4 51.7 1053.2 559.1 278.6 157.1 450.5 197.1 789.1 404.9 572.8 397.9 54.1 839.8 298.5 206.0 240.4 128.3 396.1 440.2 488.9 645.2 50.3 0.0 153.1 694.2 513.0 516.0 150.9 181.4 488.5 291.7 124.5 511.7 329.9 210.1 230.7 585.6 261.8 110.7 191.6 106.6 153.1 159.2 549.2 675.4 700.9 177.7 922.6 488.8 161.0 126.6 31.6 499.5 492.9 530.3 394.7 204.7 582.2 131.3 471.6 430.9
2784.2 271.3 119.8 196.9 142.1 186.9 191.3 295.1 557.7 832.2 141.4 675.1 420.9 481.1 522.1 443.4 148.4 224.4 293.5 597.1 200.5 177.5 602.9 743.5 413.7 286.6 190.4 255.4 1086.8 343.2 300.6 980.2 615.0 470.0 303.8 127.9 518.7 526.5 244.5 542.5 75.4 268.4 1052.7 198.7 180.8 72.4 486.8 548.1 534.4 120.3 131.2 539.3 196.6 644.7 473.9 168.4 20.6 121.9 192.1 186.7 438.1 543.7 413.6 176.3 1072.4 578.3 297.8 130.9 469.7 334.9 808.3 424.1 592.0 417.1 145.4 859.0 317.7 334.9 171.4 213.1 415.3 459.4 508.1 664.4 176.7 159.9 0.0 713.4 532.2 535.2 235.7 101.7 507.7 223.9 187.0 530.9 349.1 335.2 330.2 604.8 156.3 132.1 205.2 244.4 237.9 165.2 568.4 694.6 720.1 262.5 941.8 508.0 186.6 211.4 176.6 518.7 512.1 549.5 413.9 328.8 601.4 245.2 490.8 450.1
3290.6 462.2 722.6 767.7 757.9 719.4 656.4 438.5 407.1 405.3 673.9 329.9 417.8 559.7 371.5 545.0 680.9 795.2 790.8 446.5 771.3 710.0 566.1 227.4 492.3 722.4 777.9 810.2 741.6 444.8 865.8 635.0 464.4 548.6 728.4 660.4 620.3 481.8 724.1 603.5 759.3 763.4 707.5 731.2 713.3 728.3 442.1 397.5 268.7 723.1 738.2 388.7 729.1 607.9 575.5 712.0 696.0 715.8 724.6 689.3 539.7 499.0 492.2 708.8 727.2 427.7 435.6 706.8 548.3 832.2 381.4 525.7 441.4 372.4 677.9 432.1 456.1 841.1 712.4 765.9 516.9 561.0 226.9 319.2 709.2 701.3 716.3 0.0 535.3 636.8 788.5 744.6 225.6 755.4 674.2 486.2 384.8 759.8 865.8 454.2 733.8 738.2 704.8 741.7 797.3 768.0 417.8 349.4 374.9 816.1 596.6 227.1 674.2 782.2 740.2 253.0 467.4 651.1 410.8 839.8 450.8 681.0 592.4 551.7
3105.9 277.5 537.9 583.0 573.2 534.7 471.7 253.8 370.0 644.5 489.2 487.4 294.8 51.0 334.4 360.3 496.2 610.5 606.1 409.4 586.6 525.3 70.6 555.8 178.2 537.7 593.2 630.9 899.1 260.1 681.1 792.5 427.3 62.3 543.7 475.7 435.6 63.4 539.4 78.7 574.6 578.7 865.0 546.5 528.6 543.6 110.6 360.4 346.7 538.4 549.3 351.6 544.4 112.4 390.8 527.3 511.3 531.1 539.9 504.6 355.0 46.2 178.1 524.1 884.7 390.6 250.9 522.1 62.6 647.5 620.6 341.0 404.3 175.2 493.2 671.3 271.4 656.4 527.7 581.2 332.2 376.3 320.4 476.7 524.5 516.6 531.6 525.7 0.0 452.1 603.8 559.9 320.0 570.7 489.5 154.7 223.0 575.1 681.1 417.1 549.1 550.2 520.1 557.0 612.6 583.3 380.7 506.9 532.4 631.4 754.1 320.3 489.5 597.5 555.5 331.0 115.5 466.4 287.8 655.1 413.7 496.3 407.7 367.0
3098.1 269.7 530.1 575.2 565.4 526.9 463.9 246.0 486.8 761.3 481.4 604.2 350.0 410.2 451.2 102.7 488.4 602.7 598.3 526.2 578.8 517.5 532.0 672.6 342.8 529.9 585.4 623.1 1015.9 199.2 673.3 909.3 544.1 399.1 535.9 467.9 53.3 455.6 531.6 471.6 566.8 570.9 981.8 538.7 520.8 535.8 415.9 477.2 463.5 530.6 541.5 468.4 536.6 573.8 73.5 519.5 503.5 523.3 532.1 496.8 118.9 472.8 342.7 516.3 1001.5 507.4 243.1 514.3 398.8 639.7 737.4 198.6 521.1 346.2 485.4 788.1 263.6 648.6 519.9 573.4 123.6 112.6 437.2 593.5 516.7 508.8 523.8 642.5 461.3 0.0 596.0 552.1 436.8 562.9 481.7 460.0 278.2 567.3 673.3 533.9 541.3 542.4 512.3 549.2 604.8 575.5 497.5 623.7 649.2 623.6 870.9 437.1 481.7 589.7 547.7 447.8 441.2 46.8 343.0 647.3 530.5 488.5 119.5 95.8
2867.3 337.1 248.6 93.5 345.4 270.7 255.1 360.9 623.5 898.0 225.2 740.9 486.7 546.9 587.9 509.2 203.3 102.2 212.3 662.9 73.8 261.3 668.7 809.3 479.5 321.1 103.7 69.2 1152.6 409.0 221.1 1046.0 680.8 535.8 327.1 200.4 584.5 592.3 400.5 613.5 289.3 448.1 1118.5 282.5 189.9 286.3 552.6 613.9 600.2 200.7 236.0 605.1 250.7 710.5 539.7 319.3 226.0 314.5 275.9 365.7 503.9 609.5 479.4 187.6 1138.2 644.1 363.6 305.5 535.5 253.7 874.1 489.9 657.8 482.9 202.5 924.8 383.5 255.4 319.7 19.7 481.1 525.2 573.9 730.2 186.2 148.3 246.3 779.2 598.0 601.0 0.0 274.6 574.3 440.1 272.9 596.7 414.9 358.5 250.7 670.6 341.1 193.5 340.0 163.2 50.9 245.6 634.2 760.4 785.9 183.0 1007.6 573.8 309.4 65.2 180.0 584.5 577.9 615.3 479.7 249.3 667.2 279.7 556.6 515.9
2828.3 315.4 157.7 226.2 148.7 216.2 197.8 339.2 601.8 876.3 170.7 719.2 465.0 525.2 566.2 487.5 177.7 253.7 322.8 641.2 229.8 206.8 647.0 787.6 457.8 238.0 219.7 284.7 1130.9 387.3 329.9 1024.3 659.1 514.1 271.8 157.2 562.8 570.6 195.9 586.6 32.7 220.5 1096.8 228.0 210.1 89.3 530.9 592.2 578.5 158.2 169.1 583.4 225.9 688.8 518.0 122.6 87.2 128.4 221.4 138.1 482.2 587.8 457.7 205.6 1116.5 622.4 341.9 137.4 513.8 364.2 852.4 468.2 636.1 461.2 174.7 903.1 361.8 364.2 123.0 242.4 459.4 503.5 552.2 708.5 206.0 189.2 107.9 757.5 576.3 579.3 265.0 0.0 551.8 212.5 193.5 575.0 393.2 303.2 359.5 648.9 144.4 170.0 138.6 273.7 267.2 203.1 612.5 738.7 764.2 291.8 985.9 552.1 138.0 240.7 205.9 562.8 556.2 593.6 458.0 358.1 645.5 196.6 534.9 494.2
3063.1 234.7 495.1 540.2 530.4 491.9 428.9 211.0 179.6 324.4 446.4 167.3 190.3 332.2 144.0 317.5 453.4 568.5 563.3 219.0 543.8 482.5 338.6 235.7 264.8 488.0 550.4 582.7 577.2 217.3 638.3 472.4 236.9 321.1 500.9 432.9 392.8 254.3 496.6 376.8 531.8 535.9 544.9 503.7 483.9 500.8 214.6 170.0 41.2 504.1 510.7 161.2 498.6 380.4 348.0 484.5 468.5 488.3 497.1 461.8 312.2 271.5 264.7 481.3 564.6 200.2 208.1 479.3 320.8 604.7 300.5 298.2 213.9 144.9 450.4 349.4 228.6 613.6 484.9 538.4 289.4 333.5 0.4 156.6 481.7 473.8 488.8 203.8 307.8 409.3 561.0 517.1 0.0 527.9 446.7 258.7 157.3 532.3 642.7 226.7 507.1 510.7 477.3 514.2 569.8 540.5 190.3 186.8 212.3 588.6 432.2 0.3 446.7 554.7 512.7 25.5 240.7 423.6 183.3 612.3 224.1 453.5 364.9 324.2
2846.5 315.2 278.8 347.3 186.5 288.5 199.6 339.0 601.6 876.1 243.0 719.0 464.8 525.0 566.0 487.3 250.0 410.1 422.3 641.0 386.2 279.1 646.8 787.4 457.6 237.8 340.8 441.1 1130.7 387.1 486.3 1024.1 658.9 513.9 271.6 229.5 562.6 570.4 173.6 586.4 211.8 45.2 1096.6 300.3 282.4 156.9 530.7 592.0 578.3 279.3 290.2 583.2 298.2 688.6 517.8 140.6 208.3 249.5 293.7 112.1 482.0 587.6 457.5 277.9 1116.3 622.2 341.7 250.0 513.6 463.7 852.2 468.0 635.9 461.0 247.0 902.9 361.6 472.6 141.0 398.8 459.2 503.3 552.0 708.3 278.3 270.4 229.0 757.3 576.1 579.1 421.4 179.0 551.6 0.0 217.4 574.8 393.0 303.0 497.3 648.7 162.4 291.1 168.4 373.2 423.6 324.2 612.3 738.5 764.0 447.6 985.7 551.9 137.8 397.1 278.2 562.6 556.0 593.4 457.8 471.3 645.3 196.4 534.7 494.0
2818.9 229.5 148.3 236.4 241.1 127.1 17.7 253.3 515.9 790.4 81.6 633.3 379.1 439.3 480.3 401.6 88.6 248.7 260.9 555.3 224.8 117.7 561.1 701.7 371.9 124.2 229.9 279.7 1045.0 301.4 324.9 938.4 573.2 428.2 130.2 68.1 476.9 484.7 203.6 500.7 185.0 251.2 1010.9 138.9 121.0 182.0 445.0 506.3 492.6 148.8 159.7 497.5 136.8 602.9 432.1 215.0 121.7 75.0 132.3 168.8 396.3 501.9 371.8 116.5 1030.6 536.5 256.0 66.0 427.9 302.3 766.5 382.3 550.2 375.3 85.6 817.2 275.9 311.2 215.4 237.4 373.5 417.6 466.3 622.6 116.9 109.0 142.0 671.6 490.4 493.4 260.0 170.3 465.9 243.2 0.0 489.1 307.3 161.6 335.9 563.0 236.8 160.6 143.1 211.8 262.2 193.7 526.6 652.8 678.3 286.2 900.0 466.2 112.5 235.7 116.8 476.9 470.3 507.7 372.1 309.9 559.6 82.8 449.0 408.3
3108.5 280.1 540.5 585.6 575.8 537.3 474.3 256.4 310.9 585.4 491.8 428.3 235.7 215.8 275.3 362.9 498.8 613.1 608.7 350.3 589.2 527.9 195.5 496.7 310.2 540.3 595.8 633.5 840.0 262.7 683.7 733.4 368.2 227.1 546.3 478.3 438.2 111.2 542.0 238.1 577.2 581.3 805.9 549.1 531.2 546.2 54.0 301.3 287.6 541.0 551.9 292.5 547.0 237.3 393.4 529.9 513.9 533.7 542.5 507.2 357.6 128.4 310.1 526.7 825.6 331.5 253.5 524.7 227.4 650.1 561.5 343.6 345.2 116.1 495.8 612.2 274.0 659.0 530.3 583.8 334.8 378.9 261.3 417.6 527.1 519.2 534.2 466.6 164.7 454.7 606.4 562.5 260.9 573.3 492.1 0.0 202.7 577.7 683.7 358.0 551.7 552.8 522.7 559.6 615.2 585.9 321.6 447.8 473.3 634.0 695.0 261.2 492.1 600.1 558.1 271.9 96.8 469.0 228.7 657.7 354.6 498.9 410.3 369.6
2905.7 77.3 337.7 382.8 373.0 334.5 271.5 53.6 208.5 483.0 289.0 325.9 71.7 174.8 172.9 160.1 296.0 410.3 405.9 247.9 386.4 325.1 261.6 394.3 107.4 337.5 393.0 430.7 737.6 59.9 480.9 631.0 265.8 163.7 343.5 275.5 235.4 177.3 339.2 236.2 374.4 378.5 703.5 346.3 328.4 343.4 137.6 198.9 185.2 338.2 349.1 190.1 344.2 303.4 190.6 327.1 311.1 330.9 339.7 304.4 154.8 194.5 107.3 323.9 723.2 229.1 50.7 321.9 163.4 447.3 459.1 140.8 242.8 67.9 293.0 509.8 71.2 456.2 327.5 381.0 132.0 176.1 158.9 315.2 324.3 316.4 331.4 364.2 230.8 251.9 403.6 359.7 158.5 370.5 289.3 181.7 0.0 374.9 480.9 255.6 348.9 350.0 319.9 356.8 412.4 383.1 219.2 345.4 370.9 431.2 592.6 158.8 289.3 397.3 355.3 169.5 162.9 266.2 64.7 454.9 252.2 296.1 207.5 166.8
2915.8 368.0 245.2 333.3 294.3 224.0 135.1 391.8 654.4 928.9 178.5 771.8 517.6 577.8 618.8 540.1 185.5 345.6 357.8 693.8 321.7 214.6 699.6 840.2 510.4 57.5 326.8 376.6 1183.5 439.9 421.8 1076.9 711.7 566.7 24.4 165.0 615.4 623.2 260.5 639.2 281.9 308.1 1149.4 235.8 217.9 278.9 583.5 644.8 631.1 245.7 256.6 636.0 233.7 741.4 570.6 248.4 218.6 194.5 229.2 225.7 534.8 640.4 510.3 213.4 1169.1 675.0 394.5 185.5 566.4 399.2 905.0 520.8 688.7 513.8 182.5 955.7 414.4 408.1 248.8 334.3 512.0 556.1 604.8 761.1 213.8 205.9 238.9 810.1 628.9 631.9 356.9 267.2 604.4 300.1 152.9 627.6 445.8 0.0 432.8 701.5 270.2 257.5 200.0 308.7 359.1 290.6 665.1 791.3 816.8 383.1 1038.5 604.7 169.4 332.6 213.7 615.4 608.8 646.2 510.6 406.8 698.1 98.9 587.5 546.8
2920.7 390.5 328.7 252.6 418.7 333.4 321.7 418.2 676.9 951.4 291.8 794.3 544.0 600.3 641.3 562.6 276.6 187.0 129.2 716.3 163.1 324.0 722.1 862.7 532.9 376.9 262.8 223.4 1209.9 466.3 33.9 1099.4 734.2 589.2 393.7 263.1 637.9 645.7 463.2 666.9 362.6 510.8 1171.9 345.2 252.6 359.6 606.0 667.3 653.6 289.3 320.3 658.5 313.4 763.9 593.1 392.6 299.3 377.2 338.6 428.4 557.3 662.9 532.8 260.9 1191.6 697.5 417.0 368.2 592.8 135.7 927.5 543.3 711.2 536.3 265.2 978.2 436.9 52.6 393.0 233.4 538.4 578.6 627.3 783.6 259.5 221.6 319.6 832.6 651.4 654.4 256.0 347.9 627.7 502.8 335.6 650.1 468.3 421.2 0.0 724.0 418.3 273.6 402.7 158.6 200.5 329.6 687.6 813.8 839.3 79.4 1064.9 627.2 372.1 174.0 224.7 637.9 635.2 668.7 533.1 46.5 720.6 346.3 610.0 569.3
3145.6 317.2 577.6 622.7 612.9 574.4 511.4 293.5 109.9 556.6 528.9 399.5 272.8 414.7 72.6 400.0 535.9 650.2 645.8 61.4 626.3 565.0 421.1 467.9 347.3 577.4 632.9 665.2 811.2 299.8 720.8 704.6 43.6 403.6 583.4 515.4 475.3 336.8 579.1 458.5 614.3 618.4 777.1 586.2 568.3 583.3 297.1 100.3 258.8 578.1 593.2 137.3 584.1 462.9 430.5 567.0 551.0 570.8 579.6 544.3 394.7 354.0 347.2 563.8 796.8 16.4 290.6 561.8 403.3 687.2 532.7 380.7 86.7 227.4 532.9 583.4 311.1 696.1 567.4 620.9 371.9 416.0 232.5 388.8 564.2 556.3 571.3 437.8 390.3 491.8 643.5 599.6 232.1 610.4 529.2 341.2 239.8 614.8 720.8 0.0 588.8 593.2 559.8 596.7 652.3 623.0 89.4 419.0 444.5 671.1 666.2 232.4 529.2 637.2 595.2 243.1 322.4 506.1 265.8 694.8 82.8 536.0 447.4 406.7
2883.6 287.6 213.0 281.5 72.0 260.9 172.0 311.4 574.0 848.5 215.4 691.4 437.2 497.4 538.4 459.7 222.4 309.0 394.7 613.4 285.1 251.5 619.2 759.8 430.0 203.3 275.0 340.0 1103.1 359.5 385.2 996.5 631.3 486.3 244.0 201.9 535.0 542.8 168.1 564.0 146.0 192.7 1069.0 272.7 252.9 91.1 503.1 564.4 550.7 213.5 224.4 555.6 267.6 661.0 490.2 22.3 142.5 183.7 266.1 110.3 454.4 560.0 429.9 250.3 1088.7 594.6 314.1 192.7 486.0 436.1 824.6 440.4 608.3 433.4 219.4 875.3 334.0 445.0 58.8 297.7 431.6 475.7 524.4 680.7 250.7 242.8 163.2 729.7 548.5 551.5 320.3 113.2 524.0 184.7 189.8 547.2 365.4 275.4 419.2 621.1 0.0 228.6 140.8 345.6 322.5 258.4 584.7 710.9 736.4 347.1 958.1 524.3 110.2 296.0 250.6 535.0 528.4 565.8 430.2 443.7 617.7 168.8 507.1 466.4
2790.9 275.1 55.0 81.6 223.7 190.7 147.7 298.9 561.5 836.0 145.2 678.9 424.7 484.9 525.9 447.2 152.2 168.9 238.0 600.9 145.0 181.3 606.7 747.3 417.5 213.7 75.1 200.3 1090.6 347.0 245.1 984.0 618.8 473.8 219.7 131.7 522.5 530.3 292.2 551.5 157.0 316.8 1056.5 202.5 146.0 154.0 490.6 551.9 538.2 15.6 46.6 543.1 200.4 648.5 477.7 218.9 125.6 169.6 195.9 234.4 441.9 547.5 417.4 143.7 1076.2 582.1 301.6 178.6 473.5 279.4 812.1 427.9 595.8 420.9 149.2 862.8 321.5 279.4 219.3 156.0 419.1 463.2 511.9 668.2 142.3 104.4 114.0 717.2 536.0 539.0 178.6 174.2 512.3 308.8 165.5 534.7 352.9 251.1 274.7 608.6 237.9 0.0 232.6 188.9 182.4 52.0 572.2 698.4 723.9 207.0 945.6 511.8 202.0 155.9 136.1 522.5 515.9 553.3 417.7 273.3 605.2 172.3 494.6 453.9
2911.5 268.0 221.3 309.4 216.4 200.1 111.2 291.8 554.4 828.9 154.6 671.8 417.6 477.8 518.8 440.1 161.6 321.7 333.9 593.8 297.8 190.7 599.6 740.2 410.4 149.4 302.9 352.7 1083.5 339.9 397.9 976.9 611.7 466.7 183.2 141.1 515.4 523.2 160.5 539.2 160.4 208.1 1049.4 211.9 194.0 164.0 483.5 544.8 531.1 221.8 232.7 536.0 209.8 641.4 470.6 148.4 174.9 170.6 205.3 125.7 434.8 540.4 410.3 189.5 1069.1 575.0 294.5 161.6 466.4 375.3 805.0 420.8 588.7 413.8 158.6 855.7 314.4 384.2 148.8 310.4 412.0 456.1 504.8 661.1 189.9 182.0 195.6 710.1 528.9 531.9 333.0 127.6 504.4 200.1 129.0 527.6 345.8 214.6 408.9 601.5 170.2 233.6 0.0 284.8 335.2 266.7 565.1 691.3 716.8 359.2 938.5 504.7 30.6 308.7 189.8 515.4 508.8 546.2 410.6 382.9 598.1 108.0 487.5 446.8
2792.0 261.8 235.6 141.5 325.6 204.7 189.1 285.6 548.2 822.7 159.2 665.6 411.4 471.6 512.6 433.9 169.4 149.5 49.0 587.6 125.6 195.3 593.4 734.0 404.2 255.1 151.7 180.5 1077.3 333.7 124.0 970.7 605.5 460.5 261.1 134.4 509.2 517.0 334.5 533.0 269.5 382.1 1043.2 216.5 125.8 266.5 477.3 538.6 524.9 187.7 223.0 529.8 187.7 635.2 464.4 322.4 206.2 248.5 209.9 299.7 428.6 534.2 404.1 141.3 1062.9 568.8 288.3 239.5 460.2 90.4 798.8 414.6 582.5 407.6 136.5 849.5 308.2 149.3 322.8 139.7 405.8 449.9 498.6 654.9 152.3 106.2 226.5 703.9 522.7 525.7 162.3 254.8 498.2 374.1 206.9 521.4 339.6 292.5 161.5 595.3 344.2 184.1 274.0 0.0 163.0 232.6 558.9 685.1 710.6 124.3 932.3 498.5 243.4 136.5 96.0 509.2 502.6 540.0 404.4 148.0 591.9 213.7 481.3 440.6
2860.6 330.4 241.9 86.8 345.6 270.9 255.3 354.2 616.8 891.3 225.4 734.2 480.0 540.2 581.2 502.5 203.5 51.2 205.6 656.2 22.8 261.5 662.0 802.6 472.8 321.3 97.0 52.5 1145.9 402.3 170.1 1039.3 674.1 529.1 327.3 200.6 577.8 585.6 400.7 601.6 289.5 448.3 1111.8 282.7 192.0 286.5 545.9 607.2 593.5 194.0 229.3 598.4 253.9 703.8 533.0 319.5 226.2 314.7 276.1 365.9 497.2 602.8 472.7 187.8 1131.5 637.4 356.9 305.7 528.8 230.0 867.4 483.2 651.1 476.2 202.7 918.1 376.8 204.4 319.9 32.8 474.4 518.5 567.2 723.5 186.4 148.5 246.5 772.5 591.3 594.3 55.4 274.8 566.8 440.3 273.1 590.0 408.2 358.7 199.7 663.9 341.3 190.4 340.2 156.5 0.0 238.9 627.5 753.7 779.2 132.0 1000.9 567.1 309.6 14.2 180.2 577.8 571.2 608.6 473.0 198.3 660.5 279.9 549.9 509.2
2841.4 325.6 105.5 134.4 274.2 241.2 198.2 349.4 612.0 886.5 195.7 729.4 475.2 535.4 576.4 497.7 202.7 221.7 290.8 651.4 197.8 231.8 657.2 797.8 468.0 264.2 127.9 252.7 1141.1 397.5 297.9 1034.5 669.3 524.3 270.2 182.2 573.0 580.8 342.7 602.0 207.5 367.3 1107.0 253.0 200.7 204.5 541.1 602.4 588.7 37.9 97.1 593.6 250.9 699.0 528.2 269.4 176.1 220.1 246.4 284.9 492.4 598.0 467.9 196.5 1126.7 632.6 352.1 229.1 524.0 332.2 862.6 478.4 646.3 471.4 199.7 913.3 372.0 332.2 269.8 208.8 469.6 513.7 562.4 718.7 195.1 157.2 164.5 767.7 586.5 589.5 231.4 224.7 562.0 359.3 216.0 585.2 403.4 301.6 331.9 659.1 288.4 52.7 283.1 241.7 235.2 0.0 622.7 748.9 774.4 259.8 996.1 562.3 252.5 208.7 188.9 573.0 566.4 603.8 468.2 326.1 655.7 222.8 545.1 504.4
3109.2 280.8 541.2 586.3 576.5 538.0 475.0 257.1 73.5 520.2 492.5 363.1 236.4 378.3 36.2 363.6 499.5 613.8 609.4 28.6 589.9 528.6 384.7 431.5 310.9 541.0 596.5 634.2 774.8 263.4 684.4 668.2 46.5 367.2 547.0 479.0 438.9 300.4 542.7 427.3 577.9 582.0 740.7 549.8 531.9 546.9 260.7 63.9 222.4 541.7 552.6 100.9 547.7 426.5 394.1 530.6 514.6 534.4 543.2 507.9 358.3 317.6 310.8 527.4 760.4 82.9 254.2 525.4 366.9 650.8 496.3 344.3 49.2 191.0 496.5 547.0 274.7 659.7 531.0 584.5 335.5 379.6 196.1 352.4 527.8 519.9 534.9 401.4 353.9 455.4 607.1 563.2 195.7 574.0 492.8 304.8 203.4 578.4 684.4 90.1 552.4 553.5 523.4 560.3 615.9 586.6 0.0 382.6 408.1 634.7 629.8 196.0 492.8 600.8 558.8 206.7 286.0 469.7 229.4 658.4 106.0 499.6 411.0 370.3
3230.3 401.9 662.3 707.4 697.6 659.1 596.1 378.2 346.8 402.8 613.6 245.7 357.5 499.4 311.2 484.7 620.6 734.9 730.5 386.2 711.0 649.7 505.8 314.1 432.0 662.1 717.6 755.3 657.4 384.5 805.5 550.8 404.1 488.3 668.1 600.1 560.0 421.5 663.8 548.4 699.0 703.1 623.3 670.9 653.0 668.0 381.8 337.2 208.4 662.8 673.7 328.4 668.8 547.6 515.2 651.7 635.7 655.5 664.3 629.0 479.4 438.7 431.9 648.5 643.0 367.4 375.3 646.5 488.0 771.9 378.9 465.4 381.1 312.1 617.6 429.6 395.8 780.8 652.1 705.6 456.6 500.7 166.6 150.2 648.9 641.0 656.0 327.9 475.0 576.5 728.2 684.3 167.1 695.1 613.9 425.9 324.5 699.5 805.5 393.9 673.5 674.6 644.5 681.4 737.0 707.7 357.5 0.0 290.7 755.8 512.4 166.8 613.9 721.9 679.9 192.7 407.1 590.8 350.5 779.5 390.5 620.7 532.1 491.4
3275.5 447.1 707.5 752.6 742.8 704.3 641.3 423.4 392.0 327.6 658.8 170.5 402.7 544.6 356.4 529.9 665.8 780.1 775.7 431.4 756.2 694.9 551.0 238.9 477.2 707.3 762.8 800.5 582.2 429.7 850.7 475.6 449.3 533.5 713.3 645.3 605.2 466.7 709.0 593.6 744.2 748.3 548.1 716.1 698.2 713.2 427.0 382.4 253.6 708.0 718.9 373.6 714.0 592.8 560.4 696.9 680.9 700.7 709.5 674.2 524.6 483.9 477.1 693.7 567.8 412.6 420.5 691.7 533.2 817.1 303.7 510.6 426.3 357.3 662.8 354.4 441.0 826.0 697.3 750.8 501.8 545.9 211.8 260.2 694.1 686.2 701.2 373.1 520.2 621.7 773.4 729.5 212.3 740.3 659.1 471.1 369.7 744.7 850.7 439.1 718.7 719.8 689.7 726.6 782.2 752.9 402.7 290.4 0.0 801.0 437.2 212.0 659.1 767.1 725.1 237.9 452.3 636.0 395.7 824.7 435.7 665.9 577.3 536.6
2878.6 348.4 275.9 199.8 365.9 291.2 275.6 372.2 634.8 909.3 245.7 752.2 498.0 558.2 599.2 520.5 223.8 134.2 150.5 674.2 110.3 281.8 680.0 820.6 490.8 341.6 210.0 165.2 1163.9 420.3 61.5 1057.3 692.1 547.1 347.6 220.9 595.8 603.6 421.0 619.6 309.8 468.6 1129.8 303.0 212.3 306.8 563.9 625.2 611.5 228.0 263.3 616.4 274.2 721.8 551.0 339.8 246.5 335.0 296.4 386.2 515.2 620.8 490.7 208.1 1149.5 655.4 374.9 326.0 546.8 122.2 885.4 501.2 669.1 494.2 223.0 936.1 394.8 95.8 340.2 180.6 492.4 536.5 585.2 741.5 206.7 168.8 266.8 790.5 609.3 612.3 203.2 295.1 584.8 460.6 293.4 608.0 426.2 379.0 91.1 681.9 361.6 224.4 360.5 116.5 147.7 272.9 645.5 771.7 797.2 0.0 1018.9 585.1 329.9 121.2 182.6 595.8 589.2 626.6 491.0 89.7 678.5 300.2 567.9 527.2
3498.1 652.5 912.9 958.0 948.2 909.7 846.7 628.8 597.4 478.7 864.2 252.4 608.1 750.0 561.8 735.3 871.2 985.5 981.1 636.8 961.6 900.3 756.4 390.0 682.6 912.7 968.2 1000.5 180.0 635.1 1056.1 73.4 654.7 738.9 918.7 850.7 810.6 672.1 914.4 793.8 949.6 953.7 145.9 921.5 901.7 918.6 632.4 587.8 459.0 913.4 928.5 579.0 916.4 798.2 765.8 902.3 886.3 906.1 914.9 879.6 730.0 689.3 682.5 899.1 165.6 618.0 625.9 897.1 738.6 1022.5 454.8 716.0 631.7 562.7 868.2 505.5 646.4 1031.4 902.7 956.2 707.2 751.3 417.2 465.6 899.5 891.6 906.6 578.5 725.6 827.1 978.8 934.9 417.7 945.7 864.5 676.5 575.1 950.1 1056.1 644.5 924.1 928.5 895.1 932.0 987.6 958.3 608.1 495.8 400.9 1006.4 0.0 417.4 864.5 972.5 930.5 443.3 657.7 841.4 601.1 1030.1 641.1 871.3 782.7 742.0
3063.4 235.0 495.4 540.5 530.7 492.2 429.2 211.3 179.9 324.1 446.7 167.0 190.6 332.5 144.3 317.8 453.7 568.0 563.6 219.3 544.1 482.8 338.9 235.4 265.1 495.2 550.7 588.4 578.7 217.6 638.6 472.1 237.2 321.4 501.2 433.2 393.1 254.6 496.9 381.5 532.1 536.2 544.6 504.0 486.1 501.1 214.9 170.3 41.5 495.9 506.8 161.5 501.9 380.7 348.3 484.8 468.8 488.6 497.4 462.1 312.5 271.8 265.0 481.6 564.3 200.5 208.4 479.6 321.1 605.0 300.2 298.5 214.2 145.2 450.7 350.9 228.9 613.9 485.2 538.7 289.7 333.8 0.1 156.3 482.0 474.1 489.1 205.3 308.1 409.6 561.3 517.4 0.3 528.2 447.0 259.0 157.6 532.6 638.6 227.0 506.6 507.7 477.6 514.5 570.1 540.8 190.6 186.5 212.0 588.9 433.7 0.0 447.0 555.0 513.0 25.8 240.2 423.9 183.6 612.6 223.6 453.8 365.2 324.5
2880.9 237.4 190.7 278.8 163.7 169.5 80.6 261.2 523.8 798.3 124.0 641.2 387.0 447.2 488.2 409.5 131.0 291.1 303.3 563.2 267.2 160.1 569.0 709.6 379.8 118.8 272.3 322.1 1052.9 309.3 367.3 946.3 581.1 436.1 152.6 110.5 484.8 492.6 129.9 508.6 191.0 177.5 1018.8 181.3 163.4 134.1 452.9 514.2 500.5 191.2 202.1 505.4 179.2 610.8 440.0 117.8 164.1 140.0 174.7 95.1 404.2 509.8 379.7 158.9 1038.5 544.4 263.9 131.0 435.8 344.7 774.4 390.2 558.1 383.2 128.0 825.1 283.8 353.6 118.2 279.8 381.4 425.5 474.2 630.5 159.3 151.4 184.4 679.5 498.3 501.3 302.4 158.2 473.8 169.5 98.4 497.0 315.2 184.0 378.3 570.9 139.6 203.0 30.6 254.2 304.6 236.1 534.5 660.7 686.2 328.6 907.9 474.1 0.0 278.1 159.2 484.8 478.2 515.6 380.0 352.3 567.5 77.4 456.9 416.2
2871.2 341.0 241.3 113.3 331.3 256.6 241.0 364.8 627.4 901.9 211.1 744.8 490.6 550.8 591.8 513.1 189.2 36.9 202.2 666.8 8.6 247.2 672.6 813.2 483.4 307.0 123.5 67.9 1156.5 412.9 155.8 1049.9 684.7 539.7 313.0 186.3 588.4 596.2 386.4 612.2 275.2 434.0 1122.4 268.4 177.7 272.2 556.5 617.8 604.1 193.4 228.7 609.0 239.6 714.4 543.6 305.2 211.9 300.4 261.8 351.6 507.8 613.4 483.3 173.5 1142.1 648.0 367.5 291.4 539.4 215.7 878.0 493.8 661.7 486.8 188.4 928.7 387.4 190.1 305.6 59.3 485.0 529.1 577.8 734.1 172.1 134.2 232.2 783.1 601.9 604.9 81.9 260.5 577.4 426.0 258.8 600.6 418.8 344.4 185.4 674.5 327.0 189.8 325.9 153.1 26.4 238.3 638.1 764.3 789.8 117.7 1011.5 577.7 295.3 0.0 165.9 588.4 581.8 619.2 483.6 184.0 671.1 265.6 560.5 519.8
2829.5 270.9 184.9 150.0 274.9 141.1 125.5 294.7 557.3 831.8 95.6 674.7 420.5 480.7 521.7 443.0 90.1 162.3 156.5 596.7 138.4 131.7 602.5 743.1 413.3 191.5 143.5 193.3 1086.4 342.8 231.5 979.8 614.6 469.6 197.5 70.8 518.3 526.1 270.9 542.1 218.8 318.5 1052.3 152.9 62.2 215.8 486.4 547.7 534.0 137.0 172.3 538.9 124.1 644.3 473.5 258.8 155.5 184.9 146.3 236.1 437.7 543.3 413.2 74.4 1072.0 577.9 297.4 175.9 469.3 197.9 807.9 423.7 591.6 416.7 72.9 858.6 317.3 206.8 259.2 149.6 414.9 459.0 507.7 664.0 73.0 22.6 175.8 713.0 531.8 534.8 172.2 204.1 507.3 310.5 143.3 530.5 348.7 228.9 231.5 604.4 280.6 133.4 210.4 107.4 175.8 181.9 568.0 694.2 719.7 181.8 941.4 507.6 179.8 149.3 0.0 518.3 511.7 549.1 413.5 205.5 601.0 150.1 490.4 449.7
3065.6 237.2 497.6 542.7 532.9 494.4 431.4 213.5 182.1 361.5 448.9 204.4 192.8 334.7 146.5 320.0 455.9 570.2 565.8 221.5 546.3 485.0 341.1 272.8 267.3 497.4 552.9 590.6 616.1 219.8 640.8 509.5 239.4 323.6 503.4 435.4 395.3 256.8 499.1 383.7 534.3 538.4 582.0 506.2 488.3 503.3 217.1 172.5 15.6 498.1 509.0 163.7 504.1 382.9 350.5 487.0 471.0 490.8 499.6 464.3 314.7 274.0 267.2 483.8 601.7 202.7 210.6 481.8 323.3 607.2 337.6 300.7 216.4 147.4 452.9 388.3 231.1 616.1 487.4 540.9 291.9 336.0 37.4 193.7 484.2 476.3 491.3 242.7 310.3 411.8 563.5 519.6 37.0 530.4 449.2 261.2 159.8 534.8 640.8 229.2 508.8 509.9 479.8 516.7 572.3 543.0 192.8 223.9 249.4 591.1 471.1 37.3 449.2 557.2 515.2 0.0 242.4 426.1 185.8 614.8 225.8 456.0 367.4 326.7
3096.2 267.8 528.2 573.3 563.5 525.0 462.0 244.1 298.6 573.1 479.5 416.0 223.4 143.1 263.0 350.6 486.5 600.8 596.4 338.0 576.9 515.6 122.8 484.4 270.3 528.0 583.5 621.2 827.7 250.4 671.4 721.1 355.9 154.4 534.0 466.0 425.9 38.5 529.7 160.2 564.9 569.0 793.6 536.8 517.0 533.9 39.2 289.0 275.3 528.7 539.6 280.2 531.7 164.6 381.1 517.6 501.6 521.4 530.2 494.9 345.3 55.7 270.2 514.4 813.3 319.2 241.2 512.4 154.7 637.8 549.2 331.3 332.9 103.8 483.5 599.9 261.7 646.7 518.0 571.5 322.5 366.6 249.0 405.3 514.8 506.9 521.9 454.3 92.0 442.4 594.1 550.2 248.6 561.0 479.8 83.3 190.4 565.4 675.8 345.7 539.4 543.8 510.4 547.3 602.9 573.6 309.3 435.5 461.0 621.7 682.7 248.9 479.8 587.8 545.8 259.6 0.0 456.7 216.4 645.4 342.3 486.6 398.0 357.3
3111.7 283.3 543.7 588.8 579.0 540.5 477.5 259.6 500.4 774.9 495.0 617.8 363.6 423.8 464.8 152.7 502.0 616.3 611.9 539.8 592.4 531.1 545.6 686.2 356.4 543.5 599.0 636.7 1029.5 212.8 686.9 922.9 557.7 412.7 549.5 481.5 33.8 469.2 545.2 485.2 580.4 584.5 995.4 552.3 534.4 549.4 429.5 490.8 477.1 544.2 555.1 482.0 550.2 587.4 123.5 533.1 517.1 536.9 545.7 510.4 114.4 486.4 356.3 529.9 1015.1 521.0 256.7 527.9 412.4 653.3 751.0 212.2 534.7 359.8 499.0 801.7 277.2 662.2 533.5 587.0 137.2 93.1 450.8 607.1 530.3 522.4 537.4 656.1 474.9 49.9 609.6 565.7 450.4 576.5 495.3 473.6 291.8 580.9 686.9 547.5 554.9 556.0 525.9 562.8 618.4 589.1 511.1 637.3 662.8 637.2 884.5 450.7 495.3 603.3 561.3 461.4 454.8 0.0 356.6 660.9 544.1 502.1 169.5 145.8
2975.8 147.4 407.8 452.9 443.1 404.6 341.6 123.7 219.8 494.3 359.1 337.2 6.9 244.9 184.2 230.2 366.1 480.4 476.0 259.2 456.5 395.2 272.9 405.6 177.5 407.6 463.1 500.8 748.9 130.0 551.0 642.3 277.1 233.8 413.6 345.6 305.5 188.6 409.3 315.5 444.5 448.6 714.8 416.4 398.5 413.5 148.9 210.2 196.5 408.3 419.2 201.4 414.3 314.7 260.7 397.2 381.2 401.0 409.8 374.5 224.9 205.8 177.4 394.0 734.5 240.4 120.8 392.0 233.5 517.4 470.4 210.9 254.1 79.2 363.1 521.1 141.3 526.3 397.6 451.1 202.1 246.2 170.2 326.5 394.4 386.5 401.5 375.5 242.1 322.0 473.7 429.8 169.8 440.6 359.4 193.0 70.0 445.0 551.0 266.9 419.0 420.1 390.0 426.9 482.5 453.2 230.5 356.7 382.2 501.3 603.9 170.1 359.4 467.4 425.4 180.8 174.2 336.3 0.0 525.0 263.5 366.2 277.6 236.9
2896.1 365.9 328.7 245.6 418.7 308.8 293.2 389.7 652.3 926.8 263.3 769.7 515.5 575.7 616.7 538.0 273.5 187.0 168.7 691.7 163.1 299.4 697.5 838.1 508.3 359.2 255.8 218.0 1181.4 437.8 79.7 1074.8 709.6 564.6 365.2 238.5 613.3 621.1 438.6 637.1 362.6 486.2 1147.3 320.6 229.9 359.6 581.4 642.7 629.0 280.8 316.1 633.9 291.8 739.3 568.5 392.6 299.3 352.6 314.0 403.8 532.7 638.3 508.2 245.4 1167.0 672.9 392.4 343.6 564.3 111.1 902.9 518.7 686.6 511.7 240.6 953.6 412.3 6.1 393.0 233.4 509.9 554.0 602.7 759.0 256.4 210.3 319.6 808.0 626.8 629.8 256.0 347.9 602.3 478.2 311.0 625.5 443.7 396.6 67.9 699.4 414.4 277.2 378.1 134.0 200.5 325.7 663.0 789.2 814.7 79.4 1036.4 602.6 347.5 174.0 200.1 613.3 606.7 644.1 508.5 0.0 696.0 317.8 585.4 544.7
3136.0 307.6 568.0 613.1 603.3 564.8 501.8 283.9 100.3 547.0 519.3 389.9 263.2 405.1 63.0 390.4 526.3 640.6 636.2 108.5 616.7 555.4 411.5 458.3 337.7 560.9 623.3 661.0 801.6 290.2 711.2 695.0 126.4 394.0 573.8 505.8 465.7 327.2 569.5 448.9 604.7 608.8 767.5 576.6 556.8 573.7 287.5 90.7 249.2 568.5 579.4 127.7 571.5 453.3 420.9 557.4 541.4 561.2 570.0 534.7 385.1 344.4 337.6 554.2 787.2 70.1 281.0 552.2 393.7 677.6 523.1 371.1 129.1 217.8 523.3 573.8 301.5 686.5 557.8 611.3 362.3 406.4 222.9 379.2 554.6 546.7 561.7 428.2 380.7 482.2 633.9 590.0 222.5 600.8 519.6 331.6 230.2 605.2 715.6 96.6 579.2 583.6 550.2 587.1 642.7 613.4 79.8 409.4 434.9 661.5 656.6 222.8 519.6 627.6 585.6 233.5 312.8 496.5 256.2 685.2 0.0 526.4 437.8 397.1
2845.7 270.1 175.1 263.2 196.4 153.9 65.0 293.9 556.5 831.0 108.4 673.9 419.7 479.9 520.9 442.2 115.4 275.5 287.7 595.9 251.6 144.5 601.7 742.3 412.5 41.3 256.7 306.5 1085.6 342.0 351.7 979.0 613.8 468.8 115.3 94.9 517.5 525.3 162.6 546.5 211.8 210.2 1051.5 165.7 145.9 166.8 485.6 546.9 533.2 184.1 186.5 538.1 160.6 643.5 472.7 150.5 148.5 124.4 159.1 127.8 436.9 542.5 412.4 143.3 1071.2 577.1 296.6 115.4 468.5 329.1 807.1 422.9 590.8 415.9 112.4 857.8 316.5 338.0 150.9 264.2 414.1 458.2 506.9 663.2 143.7 135.8 168.8 712.2 531.0 534.0 286.8 197.1 506.5 202.2 82.8 529.7 347.9 108.7 362.7 603.6 172.3 190.7 102.1 238.6 289.0 220.5 567.2 693.4 718.9 313.0 940.6 506.8 71.5 262.5 143.6 517.5 510.9 548.3 412.7 336.7 600.2 0.0 489.6 448.9
3034.5 206.1 466.5 511.6 501.8 463.3 400.3 182.4 423.2 697.7 417.8 540.6 286.4 346.6 387.6 31.3 424.8 539.1 534.7 462.6 515.2 453.9 468.4 609.0 279.2 466.3 521.8 554.1 952.3 135.6 609.7 845.7 480.5 335.5 472.3 404.3 177.2 392.0 468.0 413.2 503.2 507.3 918.2 475.1 457.2 472.2 352.3 413.6 399.9 467.0 482.1 404.8 473.0 510.2 51.2 455.9 439.9 459.7 468.5 433.2 99.5 409.2 279.1 452.7 937.9 443.8 179.5 450.7 335.2 576.1 673.8 135.0 457.5 282.6 421.8 724.5 200.0 585.0 456.3 509.8 93.7 120.8 373.6 529.9 453.1 445.2 460.2 578.9 397.7 123.8 532.4 488.5 373.2 499.3 418.1 396.4 214.6 503.7 609.7 470.3 477.7 482.1 448.7 485.6 541.2 511.9 433.9 560.1 585.6 560.0 807.3 373.5 418.1 526.1 484.1 384.2 377.6 170.7 279.4 583.7 466.9 424.9 0.0 24.4
3010.0 181.6 442.0 487.1 477.3 438.8 375.8 157.9 398.7 673.2 393.3 516.1 261.9 322.1 363.1 6.8 400.3 514.6 510.2 438.1 490.7 429.4 443.9 584.5 254.7 441.8 497.3 529.6 927.8 111.1 585.2 821.2 456.0 311.0 447.8 379.8 149.7 367.5 443.5 388.7 478.7 482.8 893.7 450.6 432.7 447.7 327.8 389.1 375.4 442.5 457.6 380.3 448.5 485.7 23.7 431.4 415.4 435.2 444.0 408.7 72.0 384.7 254.6 428.2 913.4 419.3 155.0 426.2 310.7 551.6 649.3 110.5 433.0 258.1 397.3 700.0 175.5 560.5 431.8 485.3 69.2 93.3 349.1 505.4 428.6 420.7 435.7 554.4 373.2 96.3 507.9 464.0 348.7 474.8 393.6 371.9 190.1 479.2 585.2 445.8 453.2 457.6 424.2 461.1 516.7 487.4 409.4 535.6 561.1 535.5 782.8 349.0 393.6 501.6 459.6 359.7 353.1 143.2 254.9 559.2 442.4 400.4 40.6 0.0
