Name		2985_BED-Amazon_n119_m253_bt31
Number_of_Customers	119
Number_of_Items		253
Number_of_ItemTypes	31
Number_of_Vehicles	1
TimeWindows		0
Dist_type	manual

VEHICLE
Mass_Capacity	2071
CargoSpace_Length	174
CargoSpace_Width	61
CargoSpace_Height	84

CUSTOMERS
i	x	y	Demand	ReadyTime	DueDate	ServiceTime	DemandedMass	DemandedVolume
0	33.688122	-117.847178	0	0	0	0	0	0
1	33.561558	-117.630836	1	0	0	0	7.3	3640
2	33.572703	-117.636013	1	0	0	0	2.5	3978
3	33.555312	-117.634678	1	0	0	0	0.7	2640
4	33.555523	-117.635137	1	0	0	0	2.5	3978
5	33.567359	-117.641842	3	0	0	0	10.69	12095
6	33.556171	-117.63265	1	0	0	0	2.5	3978
7	33.572914	-117.636511	1	0	0	0	4.7	1380
8	33.571737	-117.637224	1	0	0	0	7.3	3640
9	33.583432	-117.627979	1	0	0	0	4.7	1380
10	33.554882	-117.632561	2	0	0	0	9.5	7580
11	33.556909	-117.635393	1	0	0	0	4.7	1380
12	33.558085	-117.631764	1	0	0	0	4.7	1380
13	33.569358	-117.637105	1	0	0	0	4.7	1380
14	33.570067	-117.640747	1	0	0	0	0.7	2640
15	33.572728	-117.637317	3	0	0	0	7.9	7998
16	33.561129	-117.632771	1	0	0	0	4.7	1380
17	33.568174	-117.630574	1	0	0	0	2.5	3978
18	33.556832	-117.632471	2	0	0	0	5.4	4020
19	33.571488	-117.636727	1	0	0	0	1.8	2520
20	33.557622	-117.632587	2	0	0	0	6.65	17088
21	33.567299	-117.632619	3	0	0	0	7.53	15784
22	33.566439	-117.63839	4	0	0	0	18.95	15704
23	33.570519	-117.6404	3	0	0	0	9.25	12972
24	33.565179	-117.63501	2	0	0	0	2.85	3720
25	33.567022	-117.630009	2	0	0	0	3.3	13040
26	33.573361	-117.638515	3	0	0	0	28.0	10336
27	33.559444	-117.632571	2	0	0	0	7.64	16284
28	33.555789	-117.632783	1	0	0	0	5.29	8075
29	33.558154	-117.634542	2	0	0	0	4.11	8456
30	33.568313	-117.634403	2	0	0	0	10.1	5400
31	33.571811	-117.633409	1	0	0	0	0.7	2640
32	33.572753	-117.638859	1	0	0	0	2.15	1080
33	33.568888	-117.637474	1	0	0	0	4.7	1380
34	33.568314	-117.640991	1	0	0	0	2.15	1080
35	33.567118	-117.642503	2	0	0	0	10.31	9184
36	33.562923	-117.634523	3	0	0	0	9.56	16352
37	33.559683	-117.631527	1	0	0	0	1.9	1176
38	33.567359	-117.643518	1	0	0	0	4.66	4350
39	33.56638	-117.636008	2	0	0	0	7.2	5358
40	33.565961	-117.634325	1	0	0	0	0.7	2640
41	33.561559	-117.632654	1	0	0	0	1.4	5280
42	33.571428	-117.640498	1	0	0	0	0.7	2640
43	33.563616	-117.633181	1	0	0	0	4.7	1380
44	33.567019	-117.641597	1	0	0	0	0.7	2640
45	33.567777	-117.633601	2	0	0	0	6.6	2556
46	33.582374	-117.62882	1	0	0	0	9.4	2760
47	33.568295	-117.632817	3	0	0	0	19.24	22428
48	33.56809	-117.645456	7	0	0	0	38.78	58246
49	33.583163	-117.628681	1	0	0	0	2.11	11745
50	33.556308	-117.633754	1	0	0	0	1.8	2520
51	33.566397	-117.630451	2	0	0	0	8.0	6280
52	33.573688	-117.635564	2	0	0	0	4.3	6498
53	33.566279	-117.633951	2	0	0	0	6.45	5988
54	33.554834	-117.627912	1	0	0	0	0.7	2640
55	33.554625	-117.633583	3	0	0	0	18.1	11680
56	33.557739	-117.635395	1	0	0	0	4.7	1380
57	33.566293	-117.643259	1	0	0	0	0.7	2640
58	33.568896	-117.636895	1	0	0	0	2.94	14904
59	33.558815	-117.63339	1	0	0	0	0.7	2640
60	33.559315	-117.635216	3	0	0	0	12.55	5988
61	33.567924	-117.638512	3	0	0	0	11.55	12226
62	33.568023	-117.633552	1	0	0	0	7.3	3640
63	33.561558	-117.630836	4	0	0	0	25.74	40482
64	33.565167	-117.636048	2	0	0	0	2.45	7248
65	33.568817	-117.63977	1	0	0	0	2.6	10400
66	33.568164	-117.639652	2	0	0	0	7.61	14900
67	33.567813	-117.642143	3	0	0	0	10.45	14699
68	33.567148	-117.631237	2	0	0	0	8.14	18480
69	33.560743	-117.632931	1	0	0	0	5.29	8075
70	33.55356	-117.632432	4	0	0	0	13.25	31944
71	33.582143	-117.627915	1	0	0	0	9.4	2760
72	33.582894	-117.628675	4	0	0	0	15.2	19778
73	33.56775	-117.632909	1	0	0	0	4.7	1380
74	33.561558	-117.630836	1	0	0	0	2.15	1080
75	33.572674	-117.633845	1	0	0	0	4.7	1380
76	33.561558	-117.630836	1	0	0	0	2.15	1080
77	33.573857	-117.637017	2	0	0	0	10.1	5400
78	33.571201	-117.636263	2	0	0	0	5.72	8776
79	33.561558	-117.630836	1	0	0	0	7.63	16848
80	33.583013	-117.627863	1	0	0	0	4.7	1380
81	33.569191	-117.639045	1	0	0	0	4.7	1380
82	33.554834	-117.627912	3	0	0	0	11.85	10008
83	33.567616	-117.642813	1	0	0	0	3.82	7600
84	33.563774	-117.63444	3	0	0	0	10.69	12095
85	33.563298	-117.63235	1	0	0	0	1.75	4608
86	33.563092	-117.633049	1	0	0	0	4.7	1380
87	33.561632	-117.633374	1	0	0	0	4.7	1380
88	33.55726	-117.634715	1	0	0	0	4.7	1380
89	33.56802	-117.637657	1	0	0	0	2.75	9072
90	33.56671	-117.641382	4	0	0	0	20.34	22860
91	33.570972	-117.634172	1	0	0	0	1.8	2520
92	33.555632	-117.636003	4	0	0	0	33.35	14421
93	33.569497	-117.641287	4	0	0	0	21.11	17224
94	33.570642	-117.634458	1	0	0	0	3.8	2352
95	33.561558	-117.630836	4	0	0	0	16.35	15000
96	33.55522	-117.631135	4	0	0	0	15.9	22418
97	33.566477	-117.636518	1	0	0	0	9.4	2760
98	33.558661	-117.632165	1	0	0	0	2.15	1080
99	33.562372	-117.631844	1	0	0	0	4.7	1380
100	33.567519	-117.639822	2	0	0	0	9.5	7580
101	33.5724	-117.637735	1	0	0	0	3.8	2352
102	33.570403	-117.636513	1	0	0	0	0.7	2640
103	33.568093	-117.636806	1	0	0	0	4.7	1380
104	33.581257	-117.628256	1	0	0	0	4.73	10000
105	33.566341	-117.642134	3	0	0	0	14.39	31104
106	33.555526	-117.63389	2	0	0	0	8.33	19488
107	33.570896	-117.637291	1	0	0	0	4.7	1380
108	33.555843	-117.631606	1	0	0	0	0.7	2640
109	33.566106	-117.643106	3	0	0	0	14.05	16204
110	33.561259	-117.633478	1	0	0	0	1.9	1176
111	33.559696	-117.629149	1	0	0	0	2.5	3978
112	33.572545	-117.634993	1	0	0	0	4.7	1380
113	33.568755	-117.631189	2	0	0	0	3.74	4480
114	33.567281	-117.631101	2	0	0	0	7.0	23088
115	33.560241	-117.632815	1	0	0	0	1.75	4608
116	33.572697	-117.640244	3	0	0	0	9.11	12204
117	33.562982	-117.632321	2	0	0	0	8.52	8980
118	33.568062	-117.635674	3	0	0	0	19.89	31635
119	33.554834	-117.627912	4	0	0	0	14.0	11088

ITEMS
Type	Length	Width	Height	Mass	Fragility	LoadBearingStrength
Bt1	10	10	10	14.15	1	0
Bt2	18	12	5	2.15	1	0
Bt3	21	14	4	1.9	1	0
Bt4	23	15	4	4.7	1	0
Bt5	20	18	7	1.8	1	0
Bt6	15	11	16	0.7	1	0
Bt7	34	10	10	1.59	1	0
Bt8	20	14	13	7.3	1	0
Bt9	17	13	18	2.5	1	0
Bt10	29	15	10	4.66	1	0
Bt11	24	12	16	1.75	1	0
Bt12	28	22	9	3.01	1	0
Bt13	31	20	10	4.8	1	0
Bt14	59	17	7	2.5	1	0
Bt15	26	20	14	2.21	1	0
Bt16	34	12	18	3.34	1	0
Bt17	40	19	10	3.82	1	0
Bt18	25	19	17	5.29	1	0
Bt19	22	15	26	3.816	1	0
Bt20	28	18	18	2.75	1	0
Bt21	50	20	10	4.73	1	0
Bt22	40	20	13	2.6	1	0
Bt23	29	27	15	2.11	1	0
Bt24	39	23	14	3.97	1	0
Bt25	26	20	26	2.91	1	0
Bt26	27	23	24	2.94	1	0
Bt27	44	17	21	1.95	1	0
Bt28	39	27	16	7.63	1	0
Bt29	57	15	20	3.44	1	0
Bt30	33	20	28	5.25	1	0
Bt31	58	40	11	12.6	1	0

DEMANDS PER CUSTOMER
i	Type Quantity
1	Bt8 1	
2	Bt9 1	
3	Bt6 1	
4	Bt9 1	
5	Bt4 1	Bt6 1	Bt18 1	
6	Bt9 1	
7	Bt4 1	
8	Bt8 1	
9	Bt4 1	
10	Bt13 1	Bt4 1	
11	Bt4 1	
12	Bt4 1	
13	Bt4 1	
14	Bt6 1	
15	Bt4 1	Bt9 1	Bt6 1	
16	Bt4 1	
17	Bt9 1	
18	Bt4 1	Bt6 1	
19	Bt5 1	
20	Bt27 1	Bt4 1	
21	Bt17 1	Bt6 1	Bt12 1	
22	Bt11 1	Bt6 1	Bt8 2	Bt3 1	
23	Bt4 1	Bt20 1	Bt5 1	
24	Bt6 1	Bt2 1	
25	Bt6 1	Bt22 1	
26	Bt8 1	Bt4 4	Bt3 1	
27	Bt26 1	Bt4 1	
28	Bt18 1	
29	Bt15 1	Bt3 1	
30	Bt4 2	Bt6 1	
31	Bt6 1	
32	Bt2 1	
33	Bt4 1	
34	Bt2 1	
35	Bt12 1	Bt8 1	
36	Bt13 1	Bt11 1	Bt12 1	
37	Bt3 1	
38	Bt10 1	
39	Bt9 1	Bt4 1	
40	Bt6 1	
41	Bt6 2	
42	Bt6 1	
43	Bt4 1	
44	Bt6 1	
45	Bt4 1	Bt3 1	
46	Bt4 2	
47	Bt4 2	Bt12 2	Bt19 1	
48	Bt19 1	Bt4 4	Bt26 1	Bt13 1	Bt12 1	Bt25 1	Bt9 1	
49	Bt23 1	
50	Bt5 1	
51	Bt8 1	Bt6 1	
52	Bt9 1	Bt5 1	
53	Bt4 1	Bt11 1	
54	Bt6 1	
55	Bt6 2	Bt8 1	Bt4 2	
56	Bt4 1	
57	Bt6 1	
58	Bt26 1	
59	Bt6 1	
60	Bt3 3	Bt4 1	Bt2 1	
61	Bt11 1	Bt9 1	Bt8 1	
62	Bt8 1	
63	Bt31 1	Bt16 1	Bt8 1	Bt9 1	
64	Bt11 1	Bt6 1	
65	Bt22 1	
66	Bt4 1	Bt25 1	
67	Bt12 1	Bt2 1	Bt18 1	
68	Bt4 1	Bt29 1	
69	Bt18 1	
70	Bt29 1	Bt6 3	Bt4 1	Bt12 1	
71	Bt4 2	
72	Bt4 2	Bt9 1	Bt22 1	Bt6 1	
73	Bt4 1	
74	Bt2 1	
75	Bt4 1	
76	Bt2 1	
77	Bt6 1	Bt4 2	
78	Bt17 1	Bt3 1	
79	Bt28 1	
80	Bt4 1	
81	Bt4 1	
82	Bt6 1	Bt4 2	Bt11 1	
83	Bt17 1	
84	Bt6 1	Bt4 1	Bt18 1	
85	Bt11 1	
86	Bt4 1	
87	Bt4 1	
88	Bt4 1	
89	Bt20 1	
90	Bt8 1	Bt17 2	Bt6 1	Bt4 1	
91	Bt5 1	
92	Bt4 2	Bt8 1	Bt14 1	Bt1 1	
93	Bt8 1	Bt6 2	Bt12 1	Bt4 2	
94	Bt3 2	
95	Bt11 1	Bt6 2	Bt4 2	Bt3 2	
96	Bt9 1	Bt22 1	Bt6 2	Bt4 2	
97	Bt4 2	
98	Bt2 1	
99	Bt4 1	
100	Bt4 1	Bt13 1	
101	Bt3 2	
102	Bt6 1	
103	Bt4 1	
104	Bt21 1	
105	Bt24 2	Bt11 1	Bt4 1	
106	Bt28 1	Bt6 1	
107	Bt4 1	
108	Bt6 1	
109	Bt9 2	Bt8 1	Bt11 1	
110	Bt3 1	
111	Bt9 1	
112	Bt4 1	
113	Bt7 1	Bt2 1	
114	Bt11 1	Bt30 1	
115	Bt11 1	
116	Bt4 1	Bt6 2	Bt12 1	
117	Bt17 1	Bt4 1	
118	Bt22 2	Bt18 1	Bt4 2	
119	Bt11 1	Bt6 1	Bt2 1	Bt4 2	

DISTANCE MATRIX
0.0 2022.1 1983.0 2125.7 2124.1 1888.5 2071.5 1967.6 2007.6 2017.8 2153.6 2078.9 2074.5 1923.1 1894.8 1974.6 2016.2 1967.0 2086.4 1987.9 2069.7 2026.8 1983.8 1914.1 1934.5 1926.6 2015.7 2104.9 2084.1 2118.9 1990.7 2008.0 1991.2 1948.6 1876.5 1869.6 1992.8 2104.1 1932.3 1937.9 1921.6 2004.5 2050.1 1926.1 1872.0 1993.7 2063.2 1983.8 1919.8 2039.6 2053.6 1959.3 2012.8 1949.3 2137.3 2131.9 2115.1 1845.3 1951.8 2066.8 2018.4 1941.4 1985.4 2022.1 1969.6 1911.6 1931.2 1924.9 1904.6 2011.1 2102.9 2039.8 2055.6 2003.9 2022.1 2018.3 2022.1 1931.4 2003.9 2022.1 2057.1 1931.9 2137.3 1933.4 1950.6 1964.8 1937.8 1967.3 2077.2 1992.2 1876.7 1976.3 2088.8 1880.3 1954.6 2022.1 2110.4 1947.8 2080.6 1958.4 1887.0 2013.3 1946.0 1968.0 2086.1 1868.8 2050.5 1960.2 2085.8 1869.6 1973.7 2012.6 2035.0 1951.8 1895.5 2036.6 2049.2 1971.0 1972.9 2137.3
1893.0 0.0 392.2 290.4 288.8 377.1 214.9 376.8 359.9 451.2 283.8 222.3 217.9 301.0 397.7 383.8 122.3 284.3 229.8 340.2 213.1 334.0 250.2 417.0 200.9 243.9 424.9 248.3 227.5 262.3 340.2 325.3 400.4 326.5 379.4 358.2 215.0 247.5 435.2 204.3 188.0 133.1 459.3 122.1 360.6 300.9 496.6 291.0 467.6 473.0 197.0 276.6 422.0 215.7 367.0 262.1 258.5 333.9 329.7 210.2 164.8 444.3 292.6 0.0 236.0 414.5 434.1 427.8 221.9 108.0 278.5 473.2 489.0 311.1 0.0 427.5 0.0 340.6 356.2 0.0 490.5 434.8 367.0 436.3 172.8 107.4 110.4 131.1 220.6 341.7 365.3 293.6 259.7 383.2 271.9 0.0 253.8 214.2 224.0 72.3 389.9 365.6 298.3 317.5 519.5 357.4 193.9 312.5 229.2 358.2 135.4 196.9 444.2 269.1 212.8 134.3 458.4 100.4 322.4 367.0
1813.8 403.2 0.0 491.0 489.4 271.8 415.5 13.1 247.7 277.9 475.5 422.9 418.5 163.2 208.6 56.6 363.3 279.8 430.4 228.0 413.7 266.9 375.2 227.9 325.9 287.8 133.7 448.9 428.1 462.9 230.8 320.8 109.2 188.7 190.3 252.9 384.2 448.1 246.1 329.3 313.0 375.0 168.1 317.5 255.3 233.8 323.3 223.9 278.5 299.7 397.6 320.5 148.8 340.7 459.2 453.8 459.1 228.6 191.9 410.8 365.4 255.2 225.5 403.2 361.0 225.4 245.0 238.7 265.8 349.0 424.8 299.9 315.7 244.0 403.2 154.3 403.2 38.7 244.0 403.2 317.2 245.7 459.2 247.2 342.0 356.2 329.2 358.6 421.2 232.3 260.0 235.3 460.3 194.1 213.6 403.2 454.4 339.2 424.6 372.4 200.8 253.4 186.1 208.1 346.2 252.1 394.5 200.3 429.8 252.9 352.2 334.5 171.0 264.6 256.7 375.3 167.2 362.4 213.0 459.2
1995.8 312.1 508.1 0.0 34.8 461.9 160.9 492.7 475.8 521.4 216.8 98.5 197.5 416.9 468.2 499.7 272.2 400.2 175.8 456.1 192.7 449.9 356.9 487.5 307.6 359.8 540.8 227.9 173.5 120.5 456.1 441.2 516.3 442.4 449.9 443.0 340.3 227.1 505.7 311.0 294.7 283.9 575.2 273.6 445.4 416.8 566.8 406.9 493.2 543.2 105.5 392.5 537.9 322.4 365.1 195.1 116.7 418.7 445.6 189.8 252.2 514.8 408.5 312.1 342.7 485.0 504.6 498.3 337.8 252.3 211.5 543.4 559.2 427.0 312.1 543.4 312.1 456.5 472.1 312.1 560.7 505.3 365.1 506.8 298.1 296.4 270.9 245.4 78.8 457.6 450.1 409.5 49.5 453.7 387.8 312.1 199.8 320.9 203.6 271.5 460.4 481.5 414.2 433.4 589.7 442.2 126.9 428.4 175.2 443.0 239.0 280.4 560.1 385.0 328.7 277.8 574.3 289.4 438.3 365.1
2002.2 318.5 514.5 22.8 0.0 468.3 167.3 499.1 482.2 527.8 223.2 104.9 203.9 423.3 474.6 506.1 278.6 406.6 182.2 462.5 199.1 456.3 363.3 493.9 314.0 366.2 547.2 234.3 179.9 126.9 462.5 447.6 522.7 448.8 456.3 449.4 346.7 233.5 512.1 317.4 301.1 290.3 581.6 280.0 451.8 423.2 573.2 413.3 499.6 549.6 111.9 398.9 544.3 328.8 371.5 201.5 123.1 425.1 452.0 196.2 258.6 521.2 414.9 318.5 349.1 491.4 511.0 504.7 344.2 258.7 217.9 549.8 565.6 433.4 318.5 549.8 318.5 462.9 478.5 318.5 567.1 511.7 371.5 513.2 304.5 302.8 277.3 251.8 85.2 464.0 456.5 415.9 55.9 460.1 394.2 318.5 206.2 327.3 210.0 277.9 466.8 487.9 420.6 439.8 596.1 448.6 133.3 434.8 181.6 449.4 245.4 286.8 566.5 391.4 335.1 284.2 580.7 295.8 444.7 371.5
1714.3 432.6 242.2 477.7 476.1 0.0 423.5 226.8 266.8 401.1 476.0 430.9 426.5 182.3 154.0 233.8 426.7 298.9 438.4 247.1 421.7 288.6 409.5 168.0 345.0 288.0 274.9 456.9 436.1 470.9 248.7 339.9 250.4 207.8 135.7 44.7 403.3 456.1 191.5 348.4 332.1 415.0 309.3 336.6 16.9 252.9 446.5 243.0 161.0 422.9 405.6 332.2 272.0 359.8 582.4 440.1 467.1 71.3 211.0 418.8 453.1 200.6 244.6 432.6 380.1 170.8 190.4 184.1 266.0 421.6 487.1 425.3 431.2 263.1 432.6 277.5 432.6 187.5 264.0 432.6 440.4 191.1 582.4 192.6 379.7 375.3 348.3 377.8 429.2 251.4 28.7 254.4 440.8 139.5 232.7 432.6 462.4 358.3 432.6 368.9 146.2 272.5 205.2 227.2 469.4 63.9 402.5 219.4 437.8 95.6 384.2 457.4 294.2 283.7 256.9 447.1 308.4 381.5 232.1 582.4
1965.1 217.0 464.3 184.4 182.8 433.1 0.0 448.9 432.0 426.3 154.4 116.3 111.0 373.1 469.8 455.9 177.1 356.4 18.9 412.3 106.2 406.1 322.0 489.1 272.7 316.0 411.7 141.4 12.5 156.3 412.3 397.4 387.2 398.6 421.1 414.2 286.8 140.6 476.9 276.1 259.8 188.8 446.1 193.9 416.6 373.0 471.7 363.1 464.4 448.1 67.6 348.7 401.2 287.5 355.4 132.7 152.5 389.9 401.8 103.3 157.1 486.0 364.7 217.0 307.8 456.2 475.8 469.5 294.0 157.2 149.1 448.3 464.1 383.2 217.0 406.7 217.0 412.7 428.3 217.0 465.6 476.5 355.4 478.0 244.6 218.8 182.2 150.3 114.6 413.8 421.3 365.7 153.7 455.3 344.0 217.0 60.9 286.0 117.1 186.2 431.6 437.7 370.4 389.6 494.6 413.4 64.5 384.6 36.3 414.2 143.9 185.3 423.4 341.2 284.9 182.7 445.2 214.3 394.5 355.4
1800.6 390.0 15.4 477.8 476.2 258.6 402.3 0.0 234.5 264.7 462.3 409.7 405.3 150.0 195.4 43.4 350.1 266.6 417.2 214.8 400.5 253.7 362.0 214.7 312.7 274.6 120.5 435.7 414.9 449.7 217.6 307.6 96.0 175.5 177.1 239.7 371.0 434.9 232.9 316.1 299.8 361.8 154.9 304.3 242.1 220.6 310.1 210.7 265.3 286.5 384.4 307.3 135.6 327.5 446.0 440.6 445.9 215.4 178.7 397.6 352.2 242.0 212.3 390.0 347.8 212.2 231.8 225.5 252.6 335.8 411.6 286.7 302.5 230.8 390.0 141.1 390.0 25.5 230.8 390.0 304.0 232.5 446.0 234.0 328.8 343.0 316.0 345.4 408.0 219.1 246.8 222.1 447.1 180.9 200.4 390.0 441.2 326.0 411.4 359.2 187.6 240.2 172.9 194.9 333.0 238.9 381.3 187.1 416.6 239.7 339.0 321.3 157.8 251.4 243.5 362.1 154.0 349.2 199.8 446.0
1824.1 372.5 213.4 476.1 474.5 282.1 421.9 198.0 0.0 372.3 490.8 429.3 424.9 104.2 218.9 205.0 366.6 238.8 436.8 18.2 420.1 225.9 334.2 238.2 284.9 227.9 246.1 455.3 434.5 469.3 189.8 279.8 221.6 129.7 200.6 263.2 343.2 454.5 256.4 288.3 272.0 354.9 280.5 276.5 265.6 192.8 417.7 182.9 288.8 394.1 404.0 260.6 243.2 299.7 553.6 469.1 465.5 238.9 132.9 417.2 368.8 265.5 184.5 372.5 320.0 235.7 255.3 249.0 205.9 361.5 485.5 394.3 410.1 203.0 372.5 248.7 372.5 161.8 34.2 372.5 411.6 256.0 553.6 257.5 301.0 315.2 288.2 317.7 427.6 191.3 270.3 194.3 439.2 204.4 172.6 372.5 460.8 298.2 431.0 308.8 211.1 91.8 63.8 167.1 440.6 262.4 400.9 34.7 436.2 263.2 324.1 455.8 265.4 223.6 196.8 387.0 279.6 321.4 172.0 553.6
1710.6 491.7 331.0 579.5 577.9 459.6 504.0 315.6 435.5 0.0 564.0 511.4 507.0 351.0 396.4 322.6 451.8 416.7 518.9 415.8 502.2 454.7 463.8 415.7 414.5 376.3 321.5 537.4 516.6 551.4 418.6 457.7 297.0 376.5 378.1 440.7 472.8 536.6 433.9 417.9 401.6 463.5 355.9 406.1 443.1 421.6 44.3 411.7 466.3 20.7 486.1 409.0 311.0 429.3 547.7 542.3 547.6 416.4 379.7 499.3 453.9 443.0 413.3 491.7 449.6 413.2 432.8 426.5 354.3 437.5 513.3 52.3 36.7 431.8 491.7 316.5 491.7 279.4 431.8 491.7 24.2 433.5 547.7 435.0 430.6 496.0 417.8 447.1 509.7 420.1 447.8 426.0 548.8 381.9 404.3 491.7 542.9 427.8 513.1 460.9 388.6 441.2 373.9 395.9 98.6 439.9 483.0 388.1 518.3 440.7 440.7 423.0 333.2 401.5 345.2 463.8 355.0 489.0 400.8 547.7
2021.2 273.1 520.4 208.8 207.2 489.8 121.6 505.0 488.1 482.4 0.0 167.0 167.1 429.2 495.6 512.0 233.2 412.5 136.5 468.4 136.3 475.7 393.3 483.6 328.8 346.1 467.8 171.5 134.2 181.0 463.1 453.5 443.3 454.7 477.3 444.4 316.9 196.7 533.1 306.2 315.9 218.9 502.2 250.0 472.8 403.1 501.8 393.2 520.6 504.2 110.7 416.3 457.3 317.6 297.4 31.2 203.2 446.1 457.9 159.4 237.4 516.2 420.8 273.1 337.9 512.4 506.0 525.7 374.4 213.3 67.4 506.6 512.5 439.3 273.1 462.8 273.1 463.5 485.3 273.1 521.7 532.7 280.6 534.2 293.3 274.9 238.3 206.4 165.3 469.9 484.6 421.8 131.9 481.1 400.1 273.1 160.5 342.6 173.2 242.3 461.8 493.1 426.5 445.7 550.7 443.6 53.2 440.7 135.9 470.4 200.0 241.4 479.5 396.8 340.4 238.8 501.3 244.4 424.6 280.6
2003.1 244.4 515.4 87.5 85.9 469.2 101.8 500.0 483.1 453.7 157.7 0.0 138.4 424.2 475.5 507.0 204.5 407.5 116.7 463.4 133.6 457.2 364.2 494.8 314.9 367.1 439.1 168.8 114.4 79.4 463.4 448.5 414.6 449.7 457.2 450.3 314.2 168.0 513.0 318.3 302.0 216.2 473.5 221.3 452.7 424.1 499.1 414.2 500.5 475.5 46.4 399.8 545.2 329.7 382.8 136.0 75.6 426.0 452.9 130.7 184.5 522.1 415.8 244.4 350.0 492.3 511.9 505.6 345.1 184.6 152.4 475.7 491.5 434.3 244.4 550.7 244.4 463.8 479.4 244.4 493.0 512.6 382.8 514.1 272.0 246.2 209.6 177.7 37.7 464.9 457.4 416.8 56.8 461.0 395.1 244.4 140.7 328.2 144.5 213.6 467.7 488.8 421.5 440.7 522.0 449.5 67.8 435.7 116.1 450.3 171.3 212.7 567.4 392.3 336.0 210.1 472.6 241.7 445.6 382.8
1965.1 217.0 464.3 203.5 201.9 433.1 128.0 448.9 432.0 426.3 196.9 135.4 0.0 373.1 469.8 455.9 177.1 356.4 142.9 412.3 73.0 406.1 322.0 489.1 272.7 316.0 411.7 46.8 140.6 175.4 412.3 397.4 387.2 398.6 421.1 414.2 286.8 64.0 476.9 276.1 259.8 188.8 446.1 193.9 416.6 373.0 471.7 363.1 464.4 448.1 110.1 348.7 401.2 287.5 355.4 175.2 171.6 389.9 401.8 64.9 157.1 486.0 364.7 217.0 307.8 456.2 475.8 469.5 294.0 157.2 191.6 448.3 464.1 383.2 217.0 406.7 217.0 412.7 428.3 217.0 465.6 476.5 355.4 478.0 244.6 218.8 182.2 150.3 133.7 413.8 421.3 365.7 172.8 455.3 344.0 217.0 166.9 286.0 22.5 186.2 431.6 437.7 370.4 389.6 494.6 413.4 107.0 384.6 142.3 414.2 143.9 185.3 423.4 341.2 284.9 182.7 445.2 214.3 394.5 355.4
1769.9 292.7 159.2 396.3 394.7 227.9 342.1 143.8 108.9 318.1 411.0 349.5 345.1 0.0 164.7 150.8 286.8 159.0 357.0 89.2 340.3 146.1 254.4 184.0 205.1 148.1 191.9 375.5 354.7 389.5 110.0 200.0 167.4 25.4 146.4 209.0 263.4 374.7 202.2 208.5 192.2 275.1 226.3 196.7 211.4 113.0 363.5 103.1 234.6 339.9 324.2 180.8 189.0 219.9 425.9 389.3 385.7 184.7 28.6 337.4 289.0 211.3 104.7 292.7 240.2 181.5 201.1 194.8 126.1 281.7 405.7 340.1 355.9 123.2 292.7 194.5 292.7 107.6 105.2 292.7 357.4 201.8 425.9 203.3 221.2 235.4 208.4 237.9 347.8 111.5 216.1 114.5 359.4 150.2 92.8 292.7 381.0 218.4 351.2 229.0 156.9 114.6 47.3 87.3 386.4 208.2 321.1 61.5 356.4 209.0 244.3 376.0 211.2 143.8 117.0 307.2 225.4 241.6 92.2 425.9
1718.8 416.3 225.9 482.2 480.6 176.8 428.0 210.5 250.5 384.8 496.9 435.4 431.0 166.0 0.0 217.5 410.4 282.6 442.9 230.8 426.2 269.7 378.0 19.2 328.7 271.7 258.6 461.4 440.6 475.4 233.6 323.6 234.1 191.5 119.4 157.9 387.0 460.6 175.2 332.1 315.8 398.7 293.0 320.3 160.3 236.6 430.2 226.7 183.5 406.6 410.1 304.4 255.7 343.5 566.1 475.2 471.6 133.6 194.7 423.3 412.6 184.3 228.3 416.3 363.8 154.5 174.1 167.8 249.7 405.3 491.6 406.8 422.6 246.8 416.3 261.2 416.3 174.3 246.8 416.3 424.1 174.8 566.1 176.3 344.8 359.0 332.0 361.5 433.7 235.1 165.0 238.1 445.3 14.5 216.4 416.3 466.9 342.0 437.1 352.6 129.9 256.2 188.9 210.9 453.1 157.1 407.0 203.1 442.3 157.9 367.9 461.9 277.9 267.4 240.6 430.8 292.1 365.2 215.8 566.1
1827.6 417.0 58.8 504.8 503.2 285.6 429.3 43.4 261.5 291.7 472.9 436.7 432.3 177.0 222.4 0.0 377.1 293.6 444.2 241.8 427.5 294.2 404.2 236.4 339.7 301.6 147.5 462.7 441.9 476.7 243.4 334.6 123.0 202.5 204.1 266.7 398.0 461.9 259.9 343.1 326.8 388.8 181.9 331.3 269.1 247.6 337.1 237.7 292.3 313.5 411.4 345.8 162.6 354.5 473.0 450.1 472.9 242.4 205.7 424.6 403.4 269.0 239.3 417.0 374.8 239.2 258.8 252.5 303.9 362.8 438.6 313.7 321.8 257.8 417.0 168.1 417.0 52.5 257.8 417.0 331.0 259.5 473.0 261.0 374.4 370.0 343.0 372.4 435.0 246.1 280.9 249.1 483.3 207.9 227.4 417.0 468.2 353.0 438.4 386.2 214.6 266.5 199.9 221.9 360.0 265.9 408.3 214.1 443.6 266.7 366.0 348.3 184.8 277.9 269.9 389.1 181.0 376.2 226.8 473.0
1890.5 132.3 389.7 250.5 248.9 374.6 175.0 374.3 357.4 398.0 243.9 182.4 178.0 298.5 395.2 381.3 0.0 281.8 189.9 337.7 173.2 331.5 220.5 414.5 171.2 241.4 422.4 208.4 187.6 222.4 337.7 322.8 397.9 324.0 376.9 355.7 185.3 207.6 432.7 174.6 158.3 11.7 456.8 92.4 358.1 298.4 443.4 288.5 465.1 419.8 157.1 274.1 419.5 186.0 327.1 222.2 218.6 331.4 327.2 170.3 85.7 441.8 290.1 132.3 206.3 412.0 431.6 425.3 219.4 17.7 238.6 420.0 435.8 308.6 132.3 425.0 132.3 338.1 353.7 132.3 437.3 432.3 327.1 433.8 143.1 117.3 80.7 51.5 180.7 339.2 362.8 291.1 219.8 380.7 269.4 132.3 213.9 184.5 184.1 88.6 387.4 363.1 295.8 315.0 466.3 354.9 154.0 310.0 189.3 355.7 45.1 157.0 441.7 266.6 210.3 59.0 455.9 116.7 319.9 327.1
1827.8 304.5 253.3 408.1 406.5 311.9 353.9 237.9 221.0 412.2 422.8 361.3 356.9 162.1 258.8 244.9 298.6 0.0 368.8 201.3 352.1 195.1 266.2 278.1 216.9 159.9 286.0 387.3 366.5 401.3 201.3 146.4 261.5 187.6 240.5 293.0 275.2 386.5 296.3 220.3 204.0 286.9 320.4 208.5 295.4 162.0 457.6 152.1 328.7 434.0 336.0 192.6 283.1 231.7 437.7 401.1 397.5 268.7 190.8 349.2 300.8 305.4 153.7 304.5 252.0 275.6 295.2 288.9 137.9 293.5 417.5 434.2 450.0 172.2 304.5 288.6 304.5 201.7 217.3 304.5 451.5 295.9 437.7 297.4 233.0 247.2 220.2 249.7 359.6 202.8 300.1 154.7 371.2 244.3 133.0 304.5 392.8 230.2 363.0 240.8 251.0 226.7 159.4 178.6 480.5 292.2 332.9 173.6 368.2 293.0 256.1 387.8 305.3 54.1 128.8 319.0 319.5 253.4 183.5 437.7
1963.1 215.0 462.3 182.4 180.8 431.5 22.0 446.9 430.0 424.3 152.4 114.3 109.0 371.1 467.8 453.9 175.1 354.4 0.0 410.3 104.2 417.6 335.2 481.8 270.7 314.0 409.7 139.4 34.6 154.3 409.1 395.4 385.2 396.6 419.1 412.2 284.8 138.6 474.9 274.1 257.8 186.8 444.1 191.9 414.6 371.0 469.7 361.1 462.4 446.1 65.6 346.7 399.2 285.5 353.4 130.7 150.5 387.9 399.8 101.3 179.3 484.0 362.7 215.0 305.8 454.2 473.8 467.5 292.0 155.2 147.1 448.5 454.4 381.2 215.0 404.7 215.0 410.7 426.3 215.0 463.6 474.5 353.4 476.0 261.2 216.8 180.2 148.3 112.6 411.8 426.4 363.7 121.9 453.3 342.0 215.0 78.9 284.0 115.1 184.2 429.6 435.7 368.4 387.6 492.6 411.4 62.5 382.6 54.3 412.2 141.9 183.3 421.4 338.7 282.9 180.7 443.2 212.3 392.5 353.4
1821.6 370.0 210.9 473.6 472.0 279.6 419.4 195.5 15.4 369.8 488.3 426.8 422.4 101.7 216.4 202.5 364.1 236.3 434.3 0.0 417.6 223.4 331.7 235.7 282.4 225.4 243.6 452.8 432.0 466.8 187.3 277.3 219.1 127.2 198.1 260.7 340.7 452.0 253.9 285.8 269.5 352.4 278.0 274.0 263.1 190.3 415.2 180.4 286.3 391.6 401.5 258.1 240.7 297.2 551.1 466.6 463.0 236.4 130.4 414.7 366.3 263.0 182.0 370.0 317.5 233.2 252.8 246.5 203.4 359.0 483.0 391.8 407.6 200.5 370.0 246.2 370.0 159.3 16.0 370.0 409.1 253.5 551.1 255.0 298.5 312.7 285.7 315.2 425.1 188.8 267.8 191.8 436.7 201.9 170.1 370.0 458.3 295.7 428.5 306.3 208.6 89.3 61.3 164.6 438.1 259.9 398.4 32.2 433.7 260.7 321.6 453.3 262.9 221.1 194.3 384.5 277.1 318.9 169.5 551.1
1959.2 211.1 458.4 197.6 196.0 427.7 122.1 443.0 426.1 420.4 174.6 129.5 51.9 367.2 463.9 450.0 171.2 350.5 137.0 406.4 0.0 400.2 331.3 477.9 266.8 310.1 405.8 82.3 134.7 169.5 401.1 391.5 381.3 392.7 415.2 408.3 280.9 81.5 471.0 270.2 253.9 182.9 440.2 188.0 410.7 367.1 465.8 357.2 458.5 442.2 104.2 354.3 395.3 281.6 349.5 161.1 165.7 384.0 395.9 59.0 175.4 480.1 358.8 211.1 301.9 450.3 469.9 463.6 288.1 151.3 185.7 442.4 450.5 377.3 211.1 400.8 211.1 401.5 422.4 211.1 459.7 470.6 349.5 472.1 257.3 212.9 176.3 144.4 127.8 407.9 423.4 359.8 160.5 449.4 338.1 211.1 161.0 280.1 58.0 180.3 425.7 431.1 364.5 383.7 488.7 407.5 101.1 378.7 136.4 408.3 138.0 179.4 417.5 334.8 278.4 176.8 439.3 208.4 388.6 349.5
1808.3 285.0 277.2 388.6 387.0 292.8 334.4 261.8 244.9 396.8 403.3 341.8 337.4 186.0 282.7 267.1 279.1 151.3 347.6 225.2 330.9 0.0 260.2 295.0 205.0 148.0 308.2 375.4 347.0 380.1 224.0 192.3 285.4 211.5 280.4 273.5 263.3 367.0 336.2 200.8 184.5 275.0 344.3 189.0 275.9 78.4 440.5 38.8 322.0 418.6 316.5 173.1 305.3 210.5 418.2 369.7 378.0 249.2 214.7 329.7 313.1 352.9 62.5 283.3 232.5 315.5 333.4 327.1 118.4 274.0 396.3 418.8 425.2 17.5 285.0 312.5 285.0 223.9 241.2 285.0 436.1 335.8 416.5 337.3 230.4 227.7 200.7 230.2 340.1 226.7 288.6 178.6 346.2 266.5 164.5 283.3 371.6 210.7 343.5 221.3 289.2 250.6 183.3 202.5 465.1 272.7 321.0 197.5 348.7 271.8 236.6 368.3 329.2 136.1 109.3 299.5 341.7 232.2 215.0 416.5
1895.6 262.6 394.8 359.9 358.3 380.2 305.7 379.4 362.5 453.8 374.6 313.1 308.7 303.6 400.3 386.4 232.4 286.9 320.6 342.8 303.9 336.6 0.0 414.3 107.1 246.5 427.5 339.1 318.3 353.1 341.6 327.9 403.0 329.1 382.0 360.8 209.0 338.3 437.8 51.0 114.2 220.7 461.9 142.3 363.2 303.5 499.2 293.6 470.2 475.6 287.8 290.7 424.6 141.9 509.7 352.9 349.3 336.5 332.3 301.0 258.8 446.9 295.2 262.6 114.6 417.1 436.7 430.4 224.5 227.3 369.3 475.8 483.9 313.7 262.6 430.1 262.6 337.9 358.8 262.6 493.1 437.4 509.7 438.9 185.4 188.6 154.0 183.5 311.4 344.3 375.9 296.2 323.0 385.8 274.5 262.6 344.6 40.6 314.8 201.4 392.5 368.2 300.9 320.1 522.1 360.0 284.7 315.1 320.0 360.8 189.9 339.6 446.8 271.2 214.8 252.8 461.0 194.8 325.0 509.7
1732.4 429.9 239.5 495.8 494.2 190.9 441.6 224.1 264.1 398.4 510.5 449.0 444.6 179.6 13.5 231.1 424.0 296.2 456.5 244.4 439.8 296.8 406.8 0.0 342.3 285.3 272.2 475.0 454.2 489.0 247.2 337.2 247.7 205.1 133.0 171.5 400.6 474.2 188.8 345.7 329.4 412.3 306.6 333.9 173.9 250.2 443.8 240.3 197.1 420.2 423.7 318.0 269.3 357.1 579.7 480.6 485.2 147.2 208.3 436.9 450.4 197.9 241.9 429.9 377.4 168.1 187.7 181.4 287.6 418.9 505.2 420.4 428.5 260.4 429.9 274.8 429.9 182.6 260.4 429.9 437.7 188.4 579.7 189.9 377.0 372.6 345.6 375.1 447.3 248.7 185.7 251.7 449.3 28.0 230.0 429.9 480.5 356.1 450.7 366.2 143.5 269.1 202.5 224.5 466.7 170.7 420.6 216.7 455.9 171.5 381.5 475.5 291.5 280.5 253.6 444.4 305.7 378.8 229.4 579.7
1825.8 192.8 325.0 290.1 288.5 310.4 235.9 309.6 292.7 384.0 304.8 243.3 238.9 233.8 330.5 316.6 162.6 217.1 250.8 273.0 234.1 280.3 121.8 344.5 0.0 176.7 357.7 269.3 248.5 283.3 273.0 258.1 333.2 259.3 312.2 291.0 139.2 268.5 368.0 60.7 26.4 150.9 392.1 72.5 293.4 233.7 429.4 223.8 400.4 405.8 218.0 209.4 354.8 54.1 439.9 271.2 279.5 266.7 262.5 231.2 189.0 377.1 225.4 192.8 92.4 347.3 366.9 360.6 154.7 157.5 299.5 408.2 414.1 243.9 192.8 360.3 192.8 273.4 289.0 192.8 423.3 367.6 439.9 369.1 115.6 118.8 84.2 113.7 241.6 274.5 305.2 226.4 243.6 316.0 204.7 192.8 274.8 70.6 245.0 131.6 322.7 297.7 231.1 250.3 452.3 290.2 214.9 245.3 250.2 291.0 120.1 269.8 377.0 201.9 145.6 183.0 391.2 125.0 255.2 439.9
1787.1 263.8 241.7 367.4 365.8 271.6 313.2 226.3 209.4 400.6 365.7 320.6 316.2 150.5 247.2 233.3 257.9 133.8 328.1 189.7 311.4 186.1 240.7 261.2 176.2 0.0 274.4 346.6 325.8 360.6 184.4 174.8 249.9 176.0 228.9 252.3 234.5 345.8 284.7 179.6 163.3 246.2 308.8 167.8 254.7 150.4 446.0 140.5 317.1 422.4 295.3 57.5 271.5 191.0 397.0 352.2 356.8 228.0 179.2 308.5 284.3 293.8 142.1 263.8 211.3 264.0 283.6 277.3 78.3 252.8 376.8 424.8 430.7 160.6 263.8 277.0 263.8 184.8 205.7 263.8 439.9 284.3 397.0 285.8 210.9 206.5 179.5 209.0 318.9 191.2 267.4 143.1 320.9 232.7 121.4 263.8 352.1 189.5 322.3 200.1 239.4 214.4 147.8 167.0 468.9 251.5 292.2 162.0 327.5 252.3 215.4 347.1 293.7 118.1 31.6 278.3 307.9 212.7 171.9 397.0
1798.4 398.1 207.7 501.7 500.1 256.4 447.5 192.3 232.3 366.6 516.4 454.9 450.5 147.8 193.2 203.7 392.2 264.4 462.4 212.6 445.7 265.0 375.0 207.2 310.5 253.5 0.0 480.9 460.1 494.9 210.1 305.4 30.8 173.3 174.9 237.5 368.8 480.1 230.7 313.9 297.6 380.5 94.0 302.1 239.9 218.4 412.0 208.5 263.1 388.4 429.6 297.7 237.5 325.3 547.9 482.8 491.1 213.2 176.5 442.8 418.6 239.8 210.1 398.1 345.6 210.0 229.6 223.3 231.5 387.1 513.5 388.6 396.7 228.6 398.1 243.0 398.1 150.8 228.6 398.1 405.9 230.3 547.9 231.8 345.2 340.8 313.8 343.3 453.2 216.9 251.7 219.9 455.2 178.7 198.2 398.1 486.4 323.8 456.6 334.4 185.4 237.3 170.7 192.7 434.9 236.7 426.5 184.9 461.8 237.5 349.7 423.2 259.7 248.7 221.8 412.6 51.5 347.0 197.6 547.9
1970.8 222.7 470.0 209.2 207.6 439.3 133.7 454.6 437.7 432.0 186.2 141.1 42.1 378.8 475.5 461.6 182.8 362.1 148.6 418.0 78.7 425.3 342.9 489.5 278.4 321.7 417.4 0.0 146.3 181.1 416.8 403.1 392.9 404.3 426.8 419.9 292.5 89.7 482.6 281.8 265.5 194.5 451.8 199.6 422.3 378.7 477.4 368.8 470.1 453.8 115.8 354.4 406.9 293.2 361.1 169.0 177.3 395.6 407.5 70.6 187.0 491.7 370.4 222.7 313.5 461.9 481.5 475.2 299.7 162.9 197.3 456.2 462.1 388.9 222.7 412.4 222.7 418.4 434.9 222.7 471.3 482.2 361.1 483.7 268.9 224.5 187.9 156.0 139.4 419.5 434.1 371.4 172.1 461.0 349.7 222.7 172.6 291.7 19.9 191.9 437.3 442.7 376.1 395.3 500.3 419.1 112.7 390.3 148.0 419.9 149.6 191.0 429.1 346.9 290.6 188.4 450.9 220.0 400.2 361.1
1977.7 229.6 476.9 197.0 195.4 445.7 12.5 461.5 444.6 438.9 167.0 128.9 123.6 385.7 482.4 468.5 189.7 369.0 31.5 424.9 118.8 418.7 334.6 501.7 285.3 328.6 424.3 154.0 0.0 168.9 424.9 410.0 399.8 411.2 433.7 426.8 299.4 153.2 489.5 288.7 272.4 201.4 458.7 206.5 429.2 385.6 484.3 375.7 477.0 460.7 80.2 361.3 413.8 300.1 368.0 145.3 165.1 402.5 414.4 115.9 169.7 498.6 377.3 229.6 320.4 468.8 488.4 482.1 306.6 169.8 161.7 460.9 476.7 395.8 229.6 419.3 229.6 425.3 440.9 229.6 478.2 489.1 368.0 490.6 257.2 231.4 194.8 162.9 127.2 426.4 433.9 378.3 166.3 467.9 356.6 229.6 73.5 298.6 129.7 198.8 444.2 450.3 383.0 402.2 507.2 426.0 77.1 397.2 48.9 426.8 156.5 197.9 436.0 353.8 297.5 195.3 457.8 226.9 407.1 368.0
2025.7 285.0 538.0 110.1 108.5 491.8 142.4 522.6 505.7 494.3 181.9 60.0 179.0 446.8 498.1 529.6 245.1 430.1 157.3 486.0 174.2 482.4 402.0 512.1 337.5 389.7 479.7 209.4 155.0 0.0 480.7 471.1 455.2 472.3 479.8 472.9 370.2 208.6 535.6 340.9 324.6 256.8 514.1 261.9 475.3 446.7 539.7 436.8 523.1 516.1 87.0 433.9 567.8 352.3 423.4 164.7 52.6 448.6 475.5 171.3 249.3 544.7 438.4 285.0 372.6 514.9 534.5 528.2 392.0 225.2 193.0 516.3 524.4 456.9 285.0 573.3 285.0 481.1 502.0 285.0 533.6 535.2 423.4 536.7 346.6 286.8 250.2 218.3 32.8 487.5 488.0 439.4 111.7 483.6 417.7 285.0 181.3 350.8 185.1 254.2 490.3 510.7 444.1 463.3 562.6 472.1 108.4 458.3 156.7 472.9 211.9 253.3 590.0 414.4 358.0 250.7 513.2 282.3 468.2 423.4
1833.1 325.0 222.4 428.6 427.0 291.5 374.4 207.0 190.1 381.3 443.3 381.8 377.4 131.2 227.9 209.9 319.1 191.3 385.2 170.4 368.5 181.0 297.8 243.1 233.3 176.3 256.3 409.0 387.0 417.7 0.0 232.3 230.6 156.7 209.6 272.2 291.6 407.0 265.4 240.8 224.5 307.4 289.5 229.0 274.6 145.3 426.7 131.3 297.8 403.1 356.5 213.1 248.1 248.1 458.2 409.3 418.0 247.9 159.9 369.7 341.4 274.5 137.0 320.9 272.5 244.7 264.3 258.0 158.4 314.0 439.2 403.3 407.3 155.5 325.0 257.7 325.0 166.7 186.4 325.0 420.6 265.0 458.2 266.5 268.0 267.7 240.7 270.2 380.1 117.2 288.5 146.8 383.4 209.3 121.0 320.9 409.2 250.7 383.5 261.3 216.0 195.8 128.5 93.0 449.6 267.3 353.4 142.7 388.7 268.1 276.6 408.3 274.4 176.1 149.3 339.5 288.6 273.9 49.1 458.2
1830.6 307.3 256.1 410.9 409.3 314.7 356.7 240.7 223.8 415.0 425.6 364.1 359.7 164.9 261.6 247.7 301.4 128.2 371.6 204.1 354.9 197.9 269.0 280.9 219.7 162.7 288.8 390.1 369.3 404.1 204.1 0.0 264.3 190.4 243.3 295.8 278.0 389.3 299.1 223.1 206.8 289.7 323.2 211.3 298.2 164.8 460.4 154.9 331.5 436.8 338.8 195.4 285.9 234.5 440.5 403.9 400.3 271.5 193.6 352.0 303.6 308.2 156.5 307.3 254.8 278.4 298.0 291.7 140.7 296.3 420.3 437.0 452.8 175.0 307.3 291.4 307.3 204.5 220.1 307.3 454.3 298.7 440.5 300.2 235.8 250.0 223.0 252.5 362.4 205.6 302.9 157.5 374.0 247.1 135.8 307.3 395.6 233.0 365.8 243.6 253.8 229.5 162.2 181.4 483.3 295.0 335.7 176.4 371.0 295.8 258.9 390.6 308.1 113.0 131.6 321.8 322.3 256.2 186.3 440.5
1767.5 367.2 176.8 470.8 469.2 225.5 416.6 161.4 201.4 335.7 485.5 424.0 419.6 116.9 162.3 168.4 361.3 233.5 431.5 181.7 414.8 220.6 328.9 181.6 279.6 222.6 24.4 450.0 429.2 464.0 184.5 274.5 0.0 142.4 144.0 206.6 337.9 449.2 199.8 283.0 266.7 349.6 63.1 271.2 209.0 187.5 381.1 177.6 232.2 357.5 398.7 255.3 206.6 294.4 517.0 463.8 460.2 182.3 145.6 411.9 363.5 208.9 179.2 367.2 314.7 179.1 198.7 192.4 200.6 356.2 482.6 357.7 373.5 197.7 367.2 212.1 367.2 125.2 197.7 367.2 375.0 199.4 517.0 200.9 295.7 309.9 282.9 312.4 422.3 186.0 213.7 189.0 433.9 147.8 167.3 367.2 455.5 292.9 425.7 303.5 154.5 207.1 139.8 161.8 404.0 205.8 395.6 154.0 430.9 206.6 318.8 392.3 228.8 218.3 191.5 381.7 57.9 316.1 166.7 517.0
1801.9 324.7 191.2 428.3 426.7 259.9 374.1 175.8 140.9 350.1 443.0 381.5 377.1 31.9 196.7 182.8 318.8 191.0 389.0 121.2 372.3 178.1 286.4 216.0 237.1 180.1 223.9 407.5 386.7 421.5 142.0 232.0 199.4 0.0 178.4 241.0 295.4 406.7 234.2 240.5 224.2 307.1 258.3 228.7 243.4 145.0 395.5 135.1 266.6 371.9 356.2 212.8 221.0 251.9 457.9 421.3 417.7 216.7 13.9 369.4 321.0 243.3 136.7 324.7 272.2 213.5 233.1 226.8 158.1 313.7 437.7 372.1 387.9 155.2 324.7 226.5 324.7 139.6 137.2 324.7 389.4 233.8 457.9 235.3 253.2 267.4 240.4 269.9 379.8 143.5 248.1 146.5 391.4 182.2 124.8 324.7 413.0 250.4 383.2 261.0 188.9 146.6 79.3 119.3 418.4 240.2 353.1 93.5 388.4 241.0 276.3 408.0 243.2 175.8 149.0 339.2 257.4 273.6 124.2 457.9
1715.0 364.4 174.0 468.0 466.4 173.0 413.8 158.6 198.6 332.9 482.7 421.2 416.8 114.1 109.8 165.6 358.5 230.7 428.7 178.9 412.0 217.8 326.1 129.1 276.8 219.8 206.7 447.2 426.4 461.2 181.7 271.7 182.2 139.6 0.0 154.1 335.1 446.4 74.2 280.2 263.9 346.8 241.1 268.4 156.5 184.7 378.3 174.8 179.7 354.7 395.9 252.5 203.8 291.6 514.2 461.0 457.4 129.8 142.8 409.1 360.7 101.3 176.4 364.4 311.9 35.0 91.1 66.8 197.8 353.4 479.8 354.9 370.7 194.9 364.4 209.3 364.4 122.4 194.9 364.4 372.2 55.3 514.2 75.3 292.9 307.1 280.1 309.6 419.5 183.2 161.2 186.2 431.1 95.3 164.5 364.4 452.7 290.1 422.9 300.7 46.9 204.3 137.0 159.0 401.2 153.3 392.8 151.2 428.1 154.1 316.0 389.5 226.0 215.5 188.7 378.9 240.2 313.3 163.9 514.2
1702.8 421.1 230.7 466.2 464.6 72.6 412.0 215.3 255.3 389.6 464.5 419.4 415.0 170.8 142.5 222.4 415.2 287.4 426.9 235.6 410.2 288.0 398.1 156.5 333.6 276.5 263.5 445.4 424.6 459.4 233.1 328.4 238.9 196.3 124.2 0.0 391.9 444.6 180.0 336.9 320.6 403.5 297.8 325.1 55.6 241.4 435.0 231.6 149.5 411.4 394.1 320.7 260.5 348.3 570.9 423.2 455.6 59.8 199.5 407.3 441.7 189.1 233.1 421.1 368.6 159.3 178.9 172.7 278.8 410.1 475.7 413.8 419.7 251.6 421.1 266.0 421.1 173.8 252.5 421.1 428.9 179.6 570.9 181.1 368.2 363.8 336.8 366.3 417.7 239.9 67.4 242.9 389.3 128.0 221.3 421.1 450.9 347.3 421.1 357.4 134.8 260.3 193.7 215.7 457.9 34.5 391.1 207.9 426.3 84.1 372.7 445.9 282.7 271.7 244.8 435.6 296.9 370.0 220.7 570.9
1883.8 225.2 383.0 355.2 353.6 367.9 279.7 367.6 350.7 442.0 348.6 287.1 282.7 291.8 388.5 374.6 182.0 275.1 294.6 331.0 277.9 324.8 229.0 402.5 164.5 234.7 415.7 313.1 292.3 327.1 325.7 316.1 391.2 317.3 370.2 349.0 0.0 312.3 426.0 167.9 151.6 170.3 450.1 91.9 351.4 291.7 487.4 281.8 458.4 463.8 261.8 267.4 412.8 179.3 453.6 290.9 323.3 324.7 320.5 275.0 208.4 435.1 283.4 225.2 199.6 405.3 424.9 418.6 212.7 176.9 343.3 464.0 472.1 301.9 225.2 418.3 225.2 326.1 347.9 225.2 481.3 425.6 453.6 427.1 84.8 138.2 103.6 133.1 285.4 332.5 363.2 284.4 324.5 374.0 262.7 225.2 318.6 177.8 288.8 151.0 380.7 355.7 289.1 308.3 510.3 348.2 258.7 303.3 294.0 349.0 139.5 283.5 435.0 259.4 203.6 202.4 449.2 144.4 313.2 453.6
1974.8 226.7 474.0 213.2 211.6 442.8 137.7 458.6 441.7 436.0 206.6 145.1 64.1 382.8 479.5 465.6 186.8 366.1 152.6 422.0 82.7 415.8 331.7 498.8 282.4 325.7 421.4 74.5 150.3 185.1 422.0 407.1 396.9 408.3 430.8 423.9 296.5 0.0 486.6 285.8 269.5 198.5 455.8 203.6 426.3 382.7 481.4 372.8 474.1 457.8 119.8 358.4 410.9 297.2 365.1 184.9 181.3 399.6 411.5 74.6 166.8 495.7 374.4 226.7 317.5 465.9 485.5 479.2 303.7 166.9 201.3 458.0 473.8 392.9 226.7 416.4 226.7 422.4 438.0 226.7 475.3 486.2 365.1 487.7 254.3 228.5 191.9 160.0 143.4 423.5 431.0 375.4 182.5 465.0 353.7 226.7 176.6 295.7 50.2 195.9 441.3 447.4 380.1 399.3 504.3 423.1 116.7 394.3 152.0 423.9 153.6 195.0 433.1 350.9 294.6 192.4 454.9 224.0 404.2 365.1
1785.2 434.6 244.2 538.2 536.6 243.2 484.0 228.8 268.8 403.1 552.9 491.4 487.0 184.3 180.0 235.8 428.7 300.9 498.9 249.1 482.2 288.0 396.3 199.3 347.0 290.0 276.9 517.4 496.6 531.4 251.9 341.9 252.4 209.8 68.6 224.3 405.3 516.6 0.0 350.4 334.1 417.0 311.3 338.6 226.7 254.9 448.5 245.0 249.9 424.9 466.1 322.7 274.0 361.8 584.4 531.2 527.6 200.0 213.0 479.3 430.9 151.5 246.6 434.6 382.1 103.7 141.3 63.2 268.0 423.6 550.0 425.1 440.9 265.1 434.6 279.5 434.6 192.6 265.1 434.6 442.4 124.0 584.4 48.3 363.1 377.3 350.3 379.8 489.7 253.4 231.4 256.4 501.3 165.5 234.7 434.6 522.9 360.3 493.1 370.9 97.1 274.5 207.2 229.2 471.4 223.5 463.0 221.4 498.3 224.3 386.2 459.7 296.2 285.7 258.9 449.1 310.4 383.5 234.1 584.4
1844.5 211.5 343.7 308.8 307.2 328.6 254.6 328.3 311.4 402.7 307.1 262.0 257.6 252.5 349.2 335.3 181.3 235.8 269.5 291.7 252.8 288.1 61.0 363.2 56.0 195.4 376.4 288.0 267.2 302.0 290.5 276.8 351.9 278.0 330.9 309.7 157.9 287.2 386.7 0.0 63.1 169.6 410.8 91.2 312.1 252.4 448.1 242.5 419.1 424.5 236.7 228.1 373.5 90.8 458.6 289.9 298.2 285.4 281.2 249.9 207.7 395.8 244.1 211.5 63.5 366.0 385.6 379.3 197.7 176.2 318.2 424.7 432.8 262.6 211.5 379.0 211.5 289.0 307.7 211.5 442.0 386.3 458.6 387.8 134.3 137.5 102.9 132.4 260.3 293.2 323.9 245.1 262.3 334.7 223.4 211.5 293.5 9.8 263.7 150.3 341.4 316.4 249.8 269.0 471.0 308.9 233.6 264.0 268.9 309.7 138.8 288.5 395.7 220.1 163.7 201.7 409.9 143.7 273.9 458.6
1828.2 195.2 327.4 292.5 290.9 312.3 238.3 312.0 295.1 386.4 307.2 245.7 241.3 236.2 332.9 319.0 165.0 219.5 253.2 275.4 236.5 269.2 89.0 352.2 21.7 179.1 360.1 271.7 250.9 285.7 275.4 260.5 335.6 261.7 314.6 293.4 141.6 270.9 370.4 43.1 0.0 153.3 394.5 74.9 295.8 236.1 431.8 226.2 402.8 408.2 220.4 211.8 357.2 27.6 442.3 285.5 281.9 269.1 264.9 233.6 167.2 379.5 227.8 195.2 74.8 349.7 369.3 363.0 157.1 159.9 301.9 408.4 424.2 246.3 195.2 362.7 195.2 275.8 291.4 195.2 425.7 370.0 442.3 371.5 99.4 121.2 86.6 116.1 244.0 276.9 300.5 228.8 255.6 318.4 207.1 195.2 277.2 53.0 247.4 134.0 325.1 300.8 233.5 252.7 454.7 292.6 217.3 247.7 252.6 293.4 122.5 272.2 379.4 204.3 148.0 185.4 393.6 127.4 257.6 442.3
1878.8 120.6 378.0 262.2 260.6 363.4 186.7 362.6 345.7 409.7 239.2 194.1 189.7 286.8 383.5 369.6 11.7 270.1 201.6 326.0 184.9 322.4 224.0 397.5 159.5 229.7 410.7 220.1 199.3 234.1 320.7 311.1 386.2 312.3 365.2 344.0 173.6 219.3 421.0 162.9 146.6 0.0 445.1 80.7 346.4 286.7 455.1 276.8 453.4 431.5 168.8 273.9 407.8 174.3 338.8 225.7 230.3 319.7 315.5 182.0 121.6 430.1 278.4 120.6 194.6 400.3 419.9 413.6 232.0 29.4 250.3 433.9 439.8 296.9 120.6 413.3 120.6 321.1 342.9 120.6 449.0 420.6 338.8 422.1 150.0 105.6 69.0 63.2 192.4 327.5 359.1 279.4 225.1 369.0 257.7 120.6 225.6 172.8 195.8 76.9 375.7 350.7 284.1 303.3 478.0 343.2 165.7 298.3 201.0 344.0 56.8 168.7 430.0 254.9 198.0 70.7 444.2 105.0 308.2 338.8
1808.3 408.0 217.6 511.6 510.0 266.3 457.4 202.2 242.2 376.5 526.3 464.8 460.4 157.7 203.1 209.2 402.1 274.3 472.3 222.5 455.6 261.4 369.7 222.4 320.4 263.4 95.0 490.8 470.0 504.8 225.3 315.3 70.5 183.2 184.8 247.4 378.7 490.0 240.6 323.8 307.5 390.4 0.0 312.0 249.8 228.3 421.9 218.4 273.0 398.3 439.5 296.1 247.4 335.2 557.8 504.6 501.0 223.1 186.4 452.7 404.3 249.7 220.0 408.0 355.5 219.9 239.5 233.2 241.4 397.0 523.4 398.5 414.3 238.5 408.0 252.9 408.0 166.0 238.5 408.0 415.8 240.2 557.8 241.7 336.5 350.7 323.7 353.2 463.1 226.8 254.5 229.8 474.7 188.6 208.1 408.0 496.3 333.7 466.5 344.3 195.3 247.9 180.6 202.6 444.8 246.6 436.4 194.8 471.7 247.4 359.6 433.1 269.6 259.1 232.3 422.5 128.5 356.9 207.5 557.8
1798.0 120.2 297.2 263.2 261.6 282.1 187.7 281.8 264.9 356.2 256.6 195.1 190.7 206.0 302.7 288.8 90.0 189.3 202.6 245.2 185.9 239.0 128.0 322.0 78.7 148.9 329.9 221.1 200.3 235.1 245.2 230.3 305.4 231.5 284.4 263.2 92.8 220.3 340.2 82.1 65.8 78.3 364.3 0.0 265.6 205.9 401.6 196.0 372.6 378.0 169.8 181.6 327.0 93.5 361.6 234.9 231.3 238.9 234.7 183.0 92.2 349.3 197.6 120.2 113.8 319.5 339.1 332.8 126.9 84.9 251.3 378.2 394.0 216.1 120.2 332.5 120.2 245.6 261.2 120.2 395.5 339.8 361.6 341.3 50.6 46.2 11.6 41.1 193.4 246.7 270.3 198.6 232.5 288.2 176.9 120.2 226.6 92.0 196.8 59.0 294.9 270.6 203.3 222.5 424.5 262.4 166.7 217.5 202.0 263.2 47.5 191.5 349.2 174.1 117.8 110.4 363.4 52.4 227.4 361.6
1719.3 437.6 247.2 482.7 481.1 18.4 428.5 231.8 271.8 406.1 497.4 435.9 431.5 187.3 159.0 238.8 431.7 303.9 443.4 252.1 426.7 291.0 399.3 178.3 350.0 293.0 279.9 461.9 441.1 475.9 254.9 344.9 255.4 212.8 140.7 49.7 408.3 461.1 196.5 353.4 337.1 420.0 314.3 341.6 0.0 257.9 451.5 248.0 166.0 427.9 410.6 325.7 277.0 364.8 587.4 475.7 472.1 76.3 216.0 423.8 433.9 205.6 249.6 437.6 385.1 175.8 195.4 189.1 271.0 426.6 492.1 428.1 443.9 268.1 437.6 282.5 437.6 195.6 268.1 437.6 445.4 196.1 587.4 197.6 366.1 380.3 353.3 382.8 434.2 256.4 4.6 259.4 445.8 144.5 237.7 437.6 467.4 363.3 437.6 373.9 151.2 277.5 210.2 232.2 474.4 68.9 407.5 224.4 442.8 100.6 389.2 462.4 299.2 288.7 261.9 452.1 313.4 386.5 237.1 587.4
1801.2 277.9 270.1 381.5 379.9 285.7 327.3 254.7 237.8 389.7 379.8 334.7 330.3 178.9 275.6 261.7 272.0 144.2 342.2 218.1 325.5 90.3 254.8 289.6 190.3 133.3 302.8 360.7 339.9 374.7 216.9 185.2 278.3 204.4 273.3 266.4 248.6 359.9 329.1 193.7 177.4 260.3 337.2 181.9 268.8 0.0 435.1 33.8 316.6 411.5 309.4 177.5 299.9 205.1 411.1 362.6 370.9 242.1 207.6 322.6 298.4 338.2 5.8 277.9 225.4 308.4 328.0 321.7 135.6 266.9 390.9 411.7 419.8 53.9 277.9 305.4 277.9 218.5 234.1 277.9 429.0 328.7 411.1 330.2 225.0 220.6 193.6 223.1 333.0 219.6 280.6 171.5 335.0 261.1 149.8 277.9 366.2 203.6 336.4 214.2 283.8 242.8 176.2 195.4 458.0 265.6 306.3 190.4 341.6 266.4 229.5 361.2 322.1 128.5 101.6 292.4 336.3 226.8 200.3 411.1
1747.7 528.8 368.1 616.6 615.0 496.7 541.1 352.7 472.6 36.0 584.7 548.5 544.1 388.1 433.5 359.7 488.9 453.8 556.0 452.9 539.3 505.3 516.1 447.5 451.6 413.4 358.6 574.5 553.7 588.5 450.4 494.8 334.1 413.6 415.2 477.8 509.9 573.7 471.0 455.0 438.7 500.6 393.0 443.2 480.2 458.7 0.0 448.8 503.4 19.1 523.2 457.6 348.1 466.4 584.8 579.4 584.7 453.5 416.8 536.4 515.2 480.1 450.4 528.8 486.7 450.3 469.9 463.6 415.7 474.6 550.4 89.4 12.3 468.9 528.8 353.6 528.8 313.4 468.9 528.8 65.2 470.6 584.8 472.1 486.3 533.1 454.9 484.2 546.8 457.2 492.0 463.1 585.9 419.0 441.4 528.8 580.0 464.9 550.2 498.0 425.7 477.6 411.0 433.0 135.7 477.0 520.1 425.2 555.4 477.8 477.8 460.1 370.3 438.1 381.7 500.9 392.1 526.1 437.9 584.8
1777.0 253.7 245.9 357.3 355.7 261.5 303.1 230.5 213.6 365.5 355.6 310.5 306.1 154.7 251.4 237.5 247.8 120.0 318.0 193.9 301.3 43.0 230.6 265.4 166.1 109.1 278.6 336.5 315.7 350.5 192.7 161.0 254.1 180.2 249.1 242.2 224.4 335.7 304.9 169.5 153.2 236.1 313.0 157.7 244.6 39.5 410.9 0.0 292.4 387.3 285.2 153.3 275.7 180.9 386.9 338.4 346.7 217.9 183.4 298.4 274.2 314.0 31.2 253.7 201.2 284.2 303.8 297.5 111.4 242.7 366.7 387.5 395.6 20.0 253.7 281.2 253.7 194.3 209.9 253.7 404.8 304.5 386.9 306.0 200.8 196.4 169.4 198.9 308.8 195.4 256.4 147.3 320.4 236.9 125.6 253.7 342.0 179.4 312.2 190.0 259.6 218.6 152.0 171.2 433.8 241.4 282.1 166.2 317.4 242.2 205.3 337.0 297.9 104.8 77.4 268.2 312.1 202.6 176.1 386.9
1744.3 470.0 296.8 507.7 506.1 184.3 453.5 281.4 321.4 455.7 522.4 460.9 456.5 236.9 208.6 288.4 457.8 353.5 468.4 301.7 451.7 354.1 464.1 222.6 399.6 342.6 329.5 486.9 466.1 500.9 304.5 394.5 305.0 262.4 190.3 165.4 457.9 486.1 246.1 403.0 386.7 446.1 363.9 391.2 167.8 307.5 501.1 297.6 0.0 477.5 435.6 386.8 326.6 414.4 657.5 488.8 497.1 141.1 265.6 448.8 483.4 255.2 299.2 470.0 434.7 225.4 245.0 238.7 320.6 452.7 517.1 477.7 485.8 317.7 470.0 332.1 470.0 242.1 317.7 470.0 495.0 245.7 657.5 247.2 434.3 429.9 402.9 408.9 459.2 306.0 180.5 309.0 461.2 194.1 287.3 470.0 492.4 412.9 462.6 408.8 200.8 326.4 259.8 281.8 524.0 164.6 432.5 274.0 467.8 165.4 415.3 487.4 348.8 337.8 310.9 478.2 363.0 426.7 286.7 657.5
1728.5 509.6 348.9 597.4 595.8 477.5 521.9 333.5 453.4 16.8 581.9 529.3 524.9 368.9 414.3 340.5 469.7 434.6 536.8 433.7 520.1 472.6 481.7 433.6 432.4 394.2 339.4 555.3 534.5 569.3 436.5 475.6 314.9 394.4 396.0 458.6 490.7 554.5 451.8 435.8 419.5 481.4 373.8 424.0 461.0 439.5 23.5 429.6 484.2 0.0 504.0 426.9 328.9 447.2 565.6 560.2 565.5 434.3 397.6 517.2 471.8 460.9 431.2 509.6 467.5 431.1 450.7 444.4 372.2 455.4 531.2 70.2 16.0 449.7 509.6 334.4 509.6 297.3 449.7 509.6 46.0 451.4 565.6 452.9 448.5 513.9 435.7 465.0 527.6 438.0 465.7 443.9 566.7 399.8 422.2 509.6 560.8 445.7 531.0 478.8 406.5 459.1 391.8 413.8 116.5 457.8 500.9 406.0 536.2 458.6 458.6 440.9 351.1 419.4 363.1 481.7 372.9 506.9 418.7 565.6
1972.0 206.8 454.1 124.3 122.7 438.1 55.3 438.7 421.8 416.1 111.2 56.2 100.8 362.9 444.4 445.7 166.9 346.2 70.2 402.1 96.0 395.9 311.8 463.7 262.5 305.8 401.5 131.2 67.9 96.2 402.1 387.2 377.0 388.4 426.1 419.2 276.6 130.4 481.9 265.9 249.6 178.6 435.9 183.7 421.6 362.8 461.5 352.9 469.4 437.9 0.0 338.5 391.0 277.3 345.2 89.5 92.4 394.9 391.6 93.1 146.9 491.0 354.5 206.8 297.6 461.2 480.8 474.5 283.8 147.0 105.9 438.1 453.9 373.0 206.8 396.5 206.8 402.5 418.1 206.8 455.4 481.5 345.2 483.0 234.4 208.6 172.0 140.1 54.5 403.6 426.3 355.5 93.6 429.9 333.8 206.8 94.2 275.8 106.9 176.0 436.6 427.5 360.2 379.4 484.4 418.4 21.3 374.4 69.6 419.2 133.7 175.1 413.2 331.0 274.7 172.5 435.0 204.1 384.3 345.2
1829.8 306.5 284.4 410.1 408.5 314.4 355.9 269.0 252.1 443.3 408.4 363.3 358.9 193.2 289.9 276.0 300.6 176.5 370.8 232.4 354.1 239.7 284.9 305.4 218.9 57.5 317.1 389.3 368.5 403.3 227.1 217.5 292.6 218.7 271.6 296.5 277.2 388.5 327.4 222.3 206.0 288.9 351.5 210.5 297.4 193.1 488.7 184.7 361.3 465.1 338.0 0.0 314.2 233.7 439.7 367.1 399.5 270.7 221.9 351.2 327.0 336.5 184.8 306.5 254.0 306.7 326.3 320.0 30.3 295.5 419.5 467.5 473.4 203.3 306.5 319.7 306.5 227.5 249.3 306.5 482.6 327.0 441.2 328.5 253.6 249.2 222.2 251.7 361.6 233.9 309.2 185.8 333.2 275.4 164.1 306.5 394.8 232.7 365.0 242.8 282.1 257.1 190.5 209.7 511.6 294.2 336.4 204.7 370.2 295.0 258.1 389.8 336.4 160.8 67.0 321.0 352.1 256.9 216.1 441.2
1867.3 406.6 196.7 494.4 492.8 325.7 418.9 181.3 301.2 281.3 462.5 426.3 421.9 216.7 262.1 188.3 366.7 331.6 433.8 281.5 417.1 320.4 393.9 276.1 329.4 291.2 187.2 452.3 431.5 466.3 283.1 372.6 162.7 242.2 243.8 306.4 387.7 451.5 299.6 332.8 316.5 378.4 221.6 321.0 308.8 287.3 326.7 277.4 332.0 303.1 401.0 323.9 0.0 344.2 462.6 449.0 462.5 282.1 245.4 414.2 393.0 308.7 279.0 406.6 364.5 278.9 298.5 292.2 293.5 352.4 428.2 305.5 311.4 297.5 406.6 49.1 406.6 145.1 297.5 406.6 320.6 299.2 462.6 300.7 364.1 410.9 332.7 362.0 424.6 285.8 321.5 288.8 463.7 247.6 267.1 406.6 457.8 342.7 428.0 375.8 254.3 306.9 239.6 261.6 349.6 305.6 397.9 253.8 433.2 306.4 355.6 337.9 35.6 315.9 259.5 378.7 220.7 403.9 266.5 462.6
1864.1 231.1 363.3 328.4 326.8 348.7 274.2 347.9 331.0 422.3 326.7 281.6 277.2 272.1 368.8 354.9 200.9 255.4 289.1 311.3 272.4 305.1 140.1 382.8 57.6 215.0 396.0 307.6 286.8 321.6 306.0 296.4 371.5 297.6 350.5 329.3 177.5 306.8 406.3 79.0 35.8 189.2 430.4 110.8 331.7 272.0 467.7 262.1 438.7 444.1 256.3 259.2 393.1 0.0 478.2 321.4 317.8 305.0 300.8 269.5 227.3 415.4 263.7 231.1 110.7 385.6 405.2 398.9 193.0 195.8 337.8 444.3 452.4 282.2 231.1 398.6 231.1 306.4 328.2 231.1 461.6 405.9 478.2 407.4 153.9 157.1 122.5 152.0 279.9 312.8 344.4 264.7 291.5 354.3 243.0 231.1 313.1 88.9 283.3 169.9 361.0 336.7 269.4 288.6 490.6 328.5 253.2 283.6 288.5 329.3 158.4 308.1 415.3 240.2 183.3 221.3 429.5 163.3 293.5 478.2
1963.6 332.4 423.2 420.2 418.6 447.7 344.7 407.8 448.5 428.3 328.7 352.1 347.7 389.6 454.0 414.8 292.5 372.9 359.6 428.8 342.9 422.6 459.5 473.3 410.2 332.5 413.7 378.1 357.3 392.1 428.8 413.9 389.2 415.1 435.7 428.8 424.3 377.3 491.5 413.6 397.3 304.2 448.1 331.4 431.2 389.5 473.7 379.6 479.0 450.1 326.8 365.2 403.2 425.0 0.0 307.0 388.3 404.5 418.3 340.0 294.6 500.6 381.2 332.4 445.3 470.8 490.4 484.1 310.5 278.2 278.0 450.3 466.1 399.7 332.4 408.7 332.4 371.6 444.8 332.4 467.6 491.1 0.0 492.6 382.1 336.7 319.7 287.8 350.4 430.3 435.9 382.2 389.5 439.5 360.5 332.4 383.6 423.5 353.8 301.6 446.2 454.2 386.9 406.1 496.6 428.0 323.7 401.1 359.0 428.8 281.4 177.3 425.4 357.7 301.4 304.5 447.2 329.7 411.0 0.0
1978.0 229.9 477.2 165.6 164.0 446.5 78.4 461.8 444.9 439.2 33.5 123.8 123.9 386.0 452.4 480.7 190.0 369.3 97.0 425.2 131.0 422.7 353.8 452.3 289.3 320.2 424.6 166.2 91.0 163.8 423.6 410.3 400.1 411.5 434.1 418.5 291.0 153.5 489.9 289.0 272.7 193.0 459.0 206.8 429.6 385.9 484.6 387.9 481.1 461.0 67.5 361.6 417.8 291.7 263.4 0.0 160.0 402.9 414.7 116.2 194.2 484.9 377.6 229.9 320.7 469.2 480.1 482.5 306.9 170.1 46.9 461.2 481.2 396.1 229.9 419.6 229.9 422.5 441.2 229.9 478.5 489.5 263.4 491.0 288.0 231.7 195.1 163.2 122.1 426.7 453.3 378.6 119.1 449.8 356.9 229.9 108.6 298.9 130.0 199.1 448.3 450.6 383.3 402.5 507.5 417.7 36.0 397.5 92.7 418.5 156.8 198.2 436.3 354.1 297.8 195.6 449.4 227.2 419.3 263.4
2019.5 278.8 531.8 103.9 102.3 485.6 136.2 516.4 499.5 488.1 192.1 53.8 172.8 440.6 491.9 523.4 238.9 423.9 151.1 479.8 168.0 473.6 380.6 511.2 331.3 383.5 473.5 203.2 148.8 70.2 479.8 464.9 449.0 466.1 473.6 466.7 364.0 202.4 529.4 334.7 318.4 250.6 507.9 255.7 469.1 440.5 533.5 430.6 516.9 509.9 80.8 416.2 561.6 346.1 417.2 170.4 0.0 442.4 469.3 165.1 218.9 538.5 432.2 278.8 366.4 508.7 528.3 522.0 361.5 219.0 186.8 510.1 525.9 450.7 278.8 567.1 278.8 480.2 495.8 278.8 527.4 529.0 417.2 530.5 321.8 280.6 244.0 212.1 26.6 481.3 473.8 433.2 73.2 477.4 411.5 278.8 175.1 344.6 178.9 248.0 484.1 505.2 437.9 457.1 556.4 465.9 102.2 452.1 150.5 466.7 205.7 247.1 583.8 408.7 352.4 244.5 507.0 276.1 462.0 417.2
1694.4 412.7 222.3 457.8 456.2 74.6 403.6 206.9 246.9 381.2 472.5 411.0 406.6 162.4 134.1 213.9 406.8 279.0 418.5 227.2 401.8 266.1 374.4 153.4 325.1 268.1 255.0 437.0 416.2 451.0 230.0 320.0 230.5 187.9 115.8 55.7 383.4 436.2 171.6 328.5 312.2 395.1 289.4 316.7 58.1 233.0 426.6 223.1 141.1 403.0 385.7 300.8 252.1 339.9 562.5 450.8 447.2 0.0 191.1 398.9 409.0 180.7 224.7 412.7 360.2 150.9 170.5 164.2 246.1 401.7 467.2 403.2 419.0 243.2 412.7 257.6 412.7 170.7 243.2 412.7 420.5 171.2 562.5 172.7 341.2 355.4 328.4 357.9 409.3 231.5 62.8 234.5 420.9 119.6 212.8 412.7 442.5 338.4 412.7 349.0 126.3 252.6 185.3 207.3 449.5 54.9 382.6 199.5 417.9 24.2 364.3 437.5 274.3 263.8 237.0 427.2 288.5 361.6 212.2 562.5
1789.1 311.9 178.4 415.5 413.9 247.1 361.3 163.0 128.1 337.3 430.2 368.7 364.3 19.1 183.9 170.0 306.0 178.2 376.2 108.4 359.5 165.3 273.6 203.2 224.3 167.3 211.1 394.7 373.9 408.7 129.2 219.2 186.6 17.9 165.6 228.2 282.6 393.9 221.4 227.7 211.4 294.3 245.5 215.9 230.6 132.2 382.7 122.3 253.8 359.1 343.4 200.0 208.2 239.1 445.1 408.5 404.9 203.9 0.0 356.6 308.2 230.5 123.9 311.9 259.4 200.7 220.3 214.0 145.3 300.9 424.9 359.3 375.1 142.4 311.9 213.7 311.9 126.8 124.4 311.9 376.6 221.0 445.1 222.5 240.4 254.6 227.6 257.1 367.0 130.7 235.3 133.7 378.6 169.4 112.0 311.9 400.2 237.6 370.4 248.2 176.1 133.8 66.5 106.5 405.6 227.4 340.3 80.7 375.6 228.2 263.5 395.2 230.4 163.0 136.2 326.4 244.6 260.8 111.4 445.1
1939.0 190.9 438.2 177.4 175.8 407.0 101.9 422.8 405.9 400.2 170.8 109.3 66.5 347.0 443.7 429.8 151.0 330.3 116.8 386.2 61.7 380.0 295.9 463.0 246.6 289.9 385.6 96.9 114.5 149.3 386.2 371.3 361.1 372.5 395.0 388.1 260.7 96.1 450.8 250.0 233.7 162.7 420.0 167.8 390.5 346.9 445.6 337.0 438.3 422.0 84.0 322.6 375.1 261.4 329.3 149.1 145.5 363.8 375.7 0.0 131.0 459.9 338.6 190.9 281.7 430.1 449.7 443.4 267.9 131.1 165.5 422.2 438.0 357.1 190.9 380.6 190.9 386.6 402.2 190.9 439.5 450.4 329.3 451.9 218.5 192.7 156.1 124.2 107.6 387.7 395.2 339.6 146.7 429.2 317.9 190.9 140.8 259.9 72.6 160.1 405.5 411.6 344.3 363.5 468.5 387.3 80.9 358.5 116.2 388.1 117.8 159.2 397.3 315.1 258.8 156.6 419.1 188.2 368.4 329.3
1926.1 196.1 425.3 242.2 240.6 423.5 166.7 409.9 393.0 411.5 235.6 174.1 169.7 334.1 430.8 416.9 119.1 317.4 181.6 373.3 164.9 357.5 271.3 444.8 206.8 277.0 458.0 200.1 179.3 214.1 368.0 358.4 433.5 359.6 412.5 404.6 220.9 199.3 468.3 210.2 193.9 127.7 492.4 128.0 407.0 334.0 456.9 324.1 454.8 433.3 148.8 321.2 455.1 221.6 340.6 177.9 210.3 380.3 362.8 162.0 0.0 477.4 325.7 196.1 241.9 447.6 467.2 460.9 279.3 91.3 230.3 433.5 441.6 344.2 196.1 460.6 196.1 368.4 389.3 196.1 450.8 467.9 340.6 469.4 197.3 152.9 116.3 84.4 172.4 374.8 418.8 326.7 205.1 416.3 305.0 196.1 205.6 220.6 175.8 134.9 423.0 398.7 331.4 350.6 479.8 403.8 145.7 345.6 181.0 404.6 78.0 170.5 477.3 301.7 245.9 116.8 491.5 152.8 355.5 340.6
1793.6 443.0 252.6 546.6 545.0 251.6 492.4 237.2 277.2 411.5 544.9 499.8 495.4 192.7 188.4 244.2 437.1 309.3 507.3 257.5 490.6 296.4 419.9 202.4 355.4 298.4 285.3 525.8 505.0 539.8 259.1 350.3 260.8 218.2 95.0 232.7 413.7 525.0 170.8 358.8 342.5 425.4 319.7 347.0 235.1 263.3 456.9 253.4 258.3 433.3 474.5 331.1 282.4 370.2 592.8 527.7 536.0 208.4 221.4 487.7 463.5 0.0 255.0 443.0 390.5 130.1 30.3 163.4 276.4 432.0 558.4 433.5 441.6 273.5 443.0 287.9 443.0 201.0 273.5 443.0 450.8 150.4 592.8 171.9 390.1 385.7 358.7 388.2 498.1 261.8 247.8 264.8 500.1 173.9 243.1 443.0 531.3 368.7 501.5 379.3 57.2 282.9 215.6 237.6 479.8 231.9 471.4 229.8 506.7 232.7 394.6 468.1 304.6 293.6 266.7 457.5 318.8 391.9 242.5 592.8
1795.3 272.0 264.2 375.6 374.0 279.4 321.4 248.8 231.9 383.8 390.3 328.8 324.4 173.0 269.7 255.8 266.1 138.3 336.3 212.2 319.6 70.9 233.7 289.0 184.4 127.4 296.9 354.8 334.0 368.8 212.2 179.3 272.4 198.5 267.4 260.5 242.7 354.0 323.2 187.8 171.5 254.4 331.3 176.0 262.9 8.2 429.2 27.9 310.7 405.6 303.5 160.1 294.0 199.2 405.2 368.6 365.0 236.2 201.7 316.7 268.3 332.3 0.0 272.0 219.5 302.5 322.1 315.8 105.4 261.0 385.0 405.8 421.6 48.0 272.0 299.5 272.0 212.6 228.2 272.0 423.1 322.8 405.2 324.3 200.5 214.7 187.7 217.2 327.1 213.7 267.6 165.6 338.7 255.2 143.9 272.0 360.3 197.7 330.5 208.3 277.9 237.6 170.3 189.5 452.1 259.7 300.4 184.5 335.7 260.5 223.6 355.3 316.2 123.1 96.3 286.5 330.4 220.9 194.4 405.2
1893.0 0.0 392.2 290.4 288.8 377.1 214.9 376.8 359.9 451.2 267.4 222.3 217.9 301.0 397.7 383.8 122.3 284.3 229.8 340.2 213.1 336.6 265.4 411.7 200.9 243.9 424.9 248.3 227.5 262.3 339.0 325.3 400.4 326.5 379.4 358.2 215.0 247.5 435.2 204.3 188.0 133.1 459.3 122.1 360.6 300.9 496.6 291.0 467.6 473.0 197.0 288.1 422.0 215.7 367.0 226.1 258.5 333.9 329.7 210.2 189.0 444.3 292.6 0.0 236.0 414.5 434.1 427.8 221.9 108.0 278.5 473.2 481.3 311.1 0.0 427.5 0.0 337.5 356.2 0.0 490.5 434.8 367.0 436.3 191.4 107.4 110.4 131.1 220.6 341.7 373.3 293.6 259.7 383.2 271.9 0.0 253.8 214.7 224.0 72.3 389.9 364.9 298.3 317.5 519.5 357.4 193.9 312.5 229.2 358.2 135.4 196.9 444.2 268.6 212.2 134.3 458.4 100.4 322.4 367.0
1853.5 220.5 352.7 317.8 316.2 337.6 263.6 337.3 320.4 411.7 332.5 271.0 266.6 261.5 358.2 344.3 190.3 244.8 278.5 300.7 261.8 297.1 121.9 372.2 65.0 204.4 385.4 297.0 276.2 311.0 299.5 285.8 360.9 287.0 339.9 318.7 166.9 296.2 395.7 60.8 72.1 178.6 419.8 100.2 321.1 261.4 457.1 251.5 428.1 433.5 245.7 248.6 382.5 99.8 467.6 298.9 307.2 294.4 290.2 258.9 216.7 404.8 253.1 220.5 0.0 375.0 394.6 388.3 206.7 185.2 327.2 433.7 441.8 271.6 220.5 388.0 220.5 298.0 316.7 220.5 451.0 395.3 467.6 396.8 143.3 146.5 111.9 141.4 269.3 302.2 333.8 254.1 271.3 343.7 232.4 220.5 302.5 70.7 272.7 159.3 350.4 325.4 258.8 278.0 480.0 317.9 242.6 273.0 277.9 318.7 147.8 297.5 404.7 229.1 172.7 210.7 418.9 152.7 282.9 467.6
1760.3 409.7 219.3 513.3 511.7 218.3 459.1 203.9 243.9 378.2 528.0 466.5 462.1 159.4 155.1 210.9 403.8 276.0 474.0 224.2 457.3 263.1 371.4 174.4 322.1 265.1 252.0 492.5 471.7 506.5 227.0 317.0 227.5 184.9 45.2 199.4 380.4 491.7 119.5 325.5 309.2 392.1 286.4 313.7 201.8 230.0 423.6 220.1 225.0 400.0 441.2 297.8 249.1 336.9 559.5 506.3 502.7 175.1 188.1 454.4 406.0 146.6 221.7 409.7 357.2 0.0 136.4 112.1 243.1 398.7 525.1 400.2 416.0 240.2 409.7 254.6 409.7 167.7 240.2 409.7 417.5 52.7 559.5 120.6 338.2 352.4 325.4 354.9 464.8 228.5 206.5 231.5 476.4 140.6 209.8 409.7 498.0 335.4 468.2 346.0 92.2 249.6 182.3 204.3 446.5 198.6 438.1 196.5 473.4 199.4 361.3 434.8 271.3 260.8 234.0 424.2 285.5 358.6 209.2 559.5
1771.0 420.4 230.0 524.0 522.4 229.4 469.8 214.6 254.6 388.9 538.7 477.2 472.8 170.1 165.8 221.6 414.5 286.7 484.7 234.9 468.0 273.8 397.3 179.8 332.8 275.8 262.7 503.2 482.4 517.2 232.4 327.7 238.2 195.6 72.4 210.1 391.1 502.4 148.2 336.2 319.9 402.8 297.1 324.4 212.5 240.7 434.3 230.8 235.7 410.7 451.9 320.0 259.8 347.6 570.2 481.0 513.4 185.8 198.8 465.1 440.9 37.9 232.4 420.4 367.9 107.5 0.0 140.8 253.8 409.4 535.8 410.9 419.0 250.9 420.4 265.3 420.4 178.4 250.9 420.4 428.2 127.8 570.2 149.3 367.5 363.1 336.1 365.6 475.5 239.2 224.3 242.2 483.3 151.3 220.5 420.4 508.7 346.1 478.9 356.7 34.6 259.6 193.0 215.0 457.2 209.3 448.8 207.2 484.1 210.1 372.0 445.5 282.0 271.0 244.7 434.9 296.2 369.3 219.9 570.2
1771.3 420.7 230.3 524.3 522.7 229.7 470.1 214.9 254.9 389.2 522.6 477.5 473.1 170.4 166.1 221.9 414.8 287.0 485.0 235.2 468.3 274.1 397.6 180.1 333.1 276.1 263.0 503.5 482.7 517.5 232.7 328.0 238.5 195.9 54.7 210.4 391.4 502.7 76.7 336.5 320.2 403.1 297.4 324.7 212.8 241.0 434.6 231.1 236.0 411.0 452.2 320.3 260.1 347.9 570.5 481.3 513.7 186.1 199.1 465.4 441.2 137.6 232.7 420.7 368.2 89.8 127.4 0.0 254.1 409.7 536.1 411.2 419.3 251.2 420.7 265.6 420.7 173.4 251.2 420.7 428.5 110.1 570.5 77.8 367.8 363.4 336.4 365.9 475.8 239.5 224.6 242.5 483.6 151.6 220.8 420.7 509.0 346.4 479.2 357.0 83.2 259.9 193.3 215.3 457.5 209.6 449.1 207.5 484.4 210.4 372.3 445.8 282.3 271.3 244.4 435.2 296.5 369.6 220.2 570.5
1775.1 251.8 229.7 355.4 353.8 259.7 301.2 214.3 197.4 388.6 353.7 308.6 304.2 138.5 235.2 221.3 245.9 121.8 316.1 177.7 323.7 185.0 228.7 249.2 188.5 44.0 262.4 358.9 313.8 372.9 172.4 162.8 237.9 164.0 216.9 240.3 222.5 333.8 272.7 191.9 151.3 234.2 296.8 155.8 242.7 162.7 458.3 128.5 329.4 410.4 283.3 68.0 283.8 179.0 385.0 312.4 344.8 216.0 167.2 296.5 296.6 281.8 130.1 251.8 223.6 252.0 295.9 265.3 0.0 240.8 389.1 412.8 418.7 148.6 251.8 265.0 251.8 172.8 194.6 251.8 427.9 272.3 385.0 273.8 198.9 194.5 167.5 197.0 306.9 179.2 278.8 131.1 278.5 220.7 109.4 251.8 364.4 178.0 310.3 188.1 227.4 202.4 135.8 155.0 456.9 263.8 280.2 150.0 315.5 264.6 203.4 335.1 281.7 106.1 12.3 266.3 320.2 200.7 184.2 385.0
1875.4 118.0 374.6 226.2 224.6 359.5 150.7 359.2 342.3 373.7 219.6 158.1 153.7 283.4 380.1 366.2 27.7 266.7 165.6 322.6 148.9 316.4 205.4 399.4 156.1 226.3 407.3 184.1 163.3 198.1 322.6 307.7 382.8 308.9 361.8 340.6 170.2 183.3 417.6 159.5 143.2 39.4 441.7 77.3 343.0 283.3 419.1 273.4 450.0 395.5 132.8 259.0 404.4 170.9 302.8 197.9 194.3 316.3 312.1 146.0 67.9 426.7 275.0 118.0 191.2 396.9 416.5 410.2 204.3 0.0 214.3 395.7 411.5 293.5 118.0 409.9 118.0 323.0 338.6 118.0 413.0 417.2 302.8 418.7 128.0 102.2 65.6 33.7 156.4 324.1 347.7 276.0 195.5 365.6 254.3 118.0 189.6 169.4 159.8 84.2 372.3 348.0 280.7 299.9 442.0 339.8 129.7 294.9 165.0 340.6 27.3 132.7 426.6 251.5 195.2 34.7 440.8 102.1 304.8 302.8
1998.5 258.2 505.5 193.9 192.3 464.6 106.7 490.1 473.2 467.5 59.7 152.1 152.2 414.3 470.9 497.1 218.3 397.6 121.6 453.5 147.4 449.9 378.4 484.9 313.9 357.2 452.9 182.6 119.3 192.1 448.2 438.6 428.4 439.8 452.6 445.7 328.0 181.8 508.4 317.3 301.0 230.0 487.3 235.1 448.1 414.2 512.9 404.3 495.9 489.3 95.8 389.9 442.4 328.7 246.3 36.9 188.3 421.4 443.0 144.5 222.5 517.5 405.9 258.2 349.0 487.7 507.3 501.0 359.5 198.4 0.0 489.5 497.6 424.4 258.2 447.9 258.2 448.6 469.5 258.2 506.8 508.0 246.3 509.5 304.4 260.0 223.4 191.5 150.4 455.0 459.9 406.9 147.4 456.4 385.2 258.2 145.6 327.7 158.3 227.4 463.1 478.2 411.6 430.8 535.8 444.9 64.3 425.8 121.0 445.7 185.1 226.5 464.6 381.9 325.5 223.9 486.4 255.5 435.7 246.3
1728.5 509.6 348.9 597.4 595.8 478.0 521.9 333.5 453.4 68.2 565.5 529.3 524.9 368.9 414.3 340.5 469.7 434.6 536.8 433.7 520.1 486.1 496.9 428.3 432.4 394.2 339.4 555.3 534.5 569.3 431.2 475.6 314.9 394.4 396.0 458.6 490.7 554.5 451.8 435.8 419.5 481.4 373.8 424.0 461.0 441.5 113.6 429.6 484.2 90.0 504.0 438.4 328.9 449.2 565.6 548.1 565.5 434.3 397.6 517.2 496.0 460.9 431.2 509.6 467.5 431.1 450.7 444.4 396.5 455.4 531.2 0.0 100.3 449.7 509.6 334.4 509.6 292.0 450.6 509.6 107.5 451.4 565.6 452.9 467.1 513.9 435.7 465.0 527.6 438.0 472.8 443.9 569.1 401.8 424.2 509.6 560.8 446.2 531.0 478.8 408.5 458.4 391.8 413.8 46.2 457.8 500.9 406.0 536.2 458.6 458.6 440.9 351.1 418.9 362.5 481.7 372.9 506.9 418.7 565.6
1735.3 516.4 355.7 604.2 602.6 484.3 528.7 340.3 460.2 23.6 588.7 536.1 531.7 375.7 421.1 347.3 476.5 441.4 543.6 440.5 526.9 482.0 503.7 435.1 439.2 401.0 346.2 562.1 541.3 576.1 438.0 482.4 321.7 401.2 402.8 465.4 497.5 561.3 458.6 442.6 426.3 488.2 380.6 430.8 467.8 446.3 15.2 436.4 491.0 6.7 510.8 433.7 335.7 454.0 572.4 549.5 572.3 441.1 404.4 524.0 502.8 467.7 438.0 516.4 474.3 437.9 457.5 451.2 379.0 462.2 538.0 77.0 0.0 456.5 516.4 341.2 516.4 298.8 456.5 516.4 52.8 458.2 572.4 459.7 473.9 520.7 442.5 471.8 534.4 444.8 480.5 450.7 577.8 406.6 429.0 516.4 567.6 452.5 537.8 485.6 413.3 465.9 398.6 420.6 123.3 464.6 507.7 412.8 543.0 465.4 465.4 447.7 357.9 425.7 369.9 488.5 379.7 513.7 425.5 572.4
1790.8 267.5 259.7 371.1 369.5 274.9 316.9 244.3 227.4 379.3 385.8 324.3 319.9 168.5 265.2 251.3 261.6 133.8 331.8 207.7 315.1 22.9 229.2 284.5 179.9 122.9 292.4 350.3 329.5 364.3 207.7 174.8 267.9 194.0 262.9 256.0 238.2 349.5 318.7 183.3 167.0 249.9 326.8 171.5 258.4 53.3 424.7 13.7 306.2 401.1 299.0 155.6 289.5 194.7 400.7 364.1 360.5 231.7 197.2 312.2 263.8 327.8 45.0 267.5 215.0 298.0 317.6 311.3 100.9 256.5 380.5 401.3 417.1 0.0 267.5 295.0 267.5 208.1 223.7 267.5 418.6 318.3 400.7 319.8 196.0 210.2 183.2 212.7 322.6 209.2 263.1 161.1 334.2 250.7 139.4 267.5 355.8 193.2 326.0 203.8 273.4 233.1 165.8 185.0 447.6 255.2 295.9 180.0 331.2 256.0 219.1 350.8 311.7 118.6 91.8 282.0 325.9 216.4 189.9 400.7
1893.0 0.0 392.2 290.4 288.8 377.1 214.9 376.8 359.9 451.2 283.8 222.3 217.9 301.0 397.7 383.8 122.3 284.3 229.8 340.2 213.1 334.0 250.2 417.0 200.9 243.9 424.9 248.3 227.5 262.3 340.2 325.3 400.4 326.5 379.4 358.2 215.0 247.5 435.2 204.3 188.0 133.1 459.3 122.1 360.6 300.9 496.6 291.0 467.6 473.0 197.0 276.6 422.0 215.7 367.0 262.1 258.5 333.9 329.7 210.2 164.8 444.3 292.6 0.0 236.0 414.5 434.1 427.8 221.9 108.0 278.5 473.2 489.0 311.1 0.0 427.5 0.0 340.6 356.2 0.0 490.5 434.8 367.0 436.3 172.8 107.4 110.4 131.1 220.6 341.7 365.3 293.6 259.7 383.2 271.9 0.0 253.8 214.2 224.0 72.3 389.9 365.6 298.3 317.5 519.5 357.4 193.9 312.5 229.2 358.2 135.4 196.9 444.2 269.1 212.8 134.3 458.4 100.4 322.4 367.0
1859.4 398.7 188.8 486.5 484.9 317.4 411.0 173.4 293.3 273.4 471.0 418.4 414.0 208.8 254.2 180.4 358.8 323.7 425.9 273.6 409.2 312.5 370.8 273.5 321.5 283.3 179.3 444.4 423.6 458.4 276.4 364.7 154.8 234.3 235.9 298.5 379.8 443.6 291.7 324.9 308.6 370.5 213.7 313.1 300.9 279.4 318.8 269.5 324.1 295.2 393.1 316.0 51.7 336.3 454.7 449.3 454.6 274.2 237.5 406.3 360.9 300.8 271.1 398.7 356.6 271.0 290.6 284.3 261.3 344.5 420.3 295.4 311.2 289.6 398.7 0.0 398.7 137.2 289.6 398.7 312.7 291.3 454.7 292.8 337.6 403.0 324.8 354.1 416.7 277.9 305.6 280.9 455.8 239.7 259.2 398.7 449.9 334.8 420.1 367.9 246.4 299.0 231.7 253.7 341.7 297.7 390.0 245.9 425.3 298.5 347.7 330.0 73.9 308.5 252.2 370.8 212.8 396.0 258.6 454.7
1893.0 0.0 392.2 290.4 288.8 377.1 214.9 376.8 359.9 451.2 283.8 222.3 217.9 301.0 397.7 383.8 122.3 284.3 229.8 340.2 213.1 334.0 250.2 417.0 200.9 243.9 424.9 248.3 227.5 262.3 340.2 325.3 400.4 326.5 379.4 358.2 215.0 247.5 435.2 204.3 188.0 133.1 459.3 122.1 360.6 300.9 496.6 291.0 467.6 473.0 197.0 276.6 422.0 215.7 367.0 262.1 258.5 333.9 329.7 210.2 164.8 444.3 292.6 0.0 236.0 414.5 434.1 427.8 221.9 108.0 278.5 473.2 489.0 311.1 0.0 427.5 0.0 340.6 356.2 0.0 490.5 434.8 367.0 436.3 172.8 107.4 110.4 131.1 220.6 341.7 365.3 293.6 259.7 383.2 271.9 0.0 253.8 214.2 224.0 72.3 389.9 365.6 298.3 317.5 519.5 357.4 193.9 312.5 229.2 358.2 135.4 196.9 444.2 269.1 212.8 134.3 458.4 100.4 322.4 367.0
1771.9 361.3 54.6 449.1 447.5 230.3 373.6 39.2 205.8 236.0 433.6 381.0 376.6 121.3 166.7 43.1 321.4 237.9 386.3 186.1 369.6 228.1 346.3 183.8 281.8 249.0 89.6 410.1 386.2 424.1 186.7 278.9 67.3 146.8 148.4 208.8 345.4 406.2 204.2 290.5 271.1 336.2 126.2 275.6 213.4 195.0 281.4 179.8 234.4 257.8 355.7 278.6 104.7 296.6 417.3 401.5 417.2 186.7 150.0 368.9 335.8 216.4 183.6 361.3 322.2 183.5 200.9 194.6 223.9 307.1 386.0 258.0 263.9 202.1 361.3 112.4 361.3 0.0 202.1 361.3 275.3 203.8 417.3 205.3 321.8 314.3 287.3 316.7 379.3 190.4 225.2 193.4 423.9 152.2 169.5 361.3 410.3 297.3 382.7 330.5 162.0 211.5 144.2 166.2 304.3 208.0 352.6 158.4 387.9 208.8 310.3 292.6 129.1 222.7 214.8 333.4 128.4 320.5 168.9 417.3
1834.4 382.8 223.7 486.4 484.8 292.9 432.2 208.3 28.2 382.6 484.7 439.6 435.2 114.5 229.2 215.9 376.9 249.1 447.7 12.7 430.4 249.7 360.3 243.2 295.8 238.2 256.4 465.6 444.8 480.2 194.8 290.1 231.9 140.0 210.9 273.5 353.5 464.8 266.7 298.6 282.3 365.8 290.8 286.8 275.9 203.1 428.6 193.2 299.7 404.4 414.3 282.4 253.5 310.6 563.9 443.4 475.8 249.2 143.2 427.5 403.3 275.8 194.8 382.8 330.3 246.0 265.6 259.9 240.5 371.8 495.8 406.8 412.7 213.3 382.8 259.0 382.8 166.8 0.0 382.8 421.9 266.3 563.9 267.8 329.9 325.5 298.5 328.0 437.9 201.6 288.6 204.6 409.5 214.7 182.9 382.8 471.7 309.0 441.3 319.1 221.4 101.4 74.1 177.4 450.9 272.7 411.2 45.0 446.5 273.5 334.4 466.1 275.7 233.4 207.1 397.3 289.9 331.7 182.9 563.9
1893.0 0.0 392.2 290.4 288.8 377.1 214.9 376.8 359.9 451.2 283.8 222.3 217.9 301.0 397.7 383.8 122.3 284.3 229.8 340.2 213.1 334.0 250.2 417.0 200.9 243.9 424.9 248.3 227.5 262.3 340.2 325.3 400.4 326.5 379.4 358.2 215.0 247.5 435.2 204.3 188.0 133.1 459.3 122.1 360.6 300.9 496.6 291.0 467.6 473.0 197.0 276.6 422.0 215.7 367.0 262.1 258.5 333.9 329.7 210.2 164.8 444.3 292.6 0.0 236.0 414.5 434.1 427.8 221.9 108.0 278.5 473.2 489.0 311.1 0.0 427.5 0.0 340.6 356.2 0.0 490.5 434.8 367.0 436.3 172.8 107.4 110.4 131.1 220.6 341.7 365.3 293.6 259.7 383.2 271.9 0.0 253.8 214.2 224.0 72.3 389.9 365.6 298.3 317.5 519.5 357.4 193.9 312.5 229.2 358.2 135.4 196.9 444.2 269.1 212.8 134.3 458.4 100.4 322.4 367.0
1758.1 539.2 378.5 627.0 625.4 507.1 551.5 363.1 483.0 42.4 611.5 558.9 554.5 398.5 443.9 370.1 499.3 464.2 566.4 463.3 549.7 502.2 511.3 463.2 462.0 423.8 369.0 584.9 564.1 598.9 466.1 505.2 344.5 424.0 425.6 488.2 520.3 584.1 481.4 465.4 449.1 511.0 403.4 453.6 490.6 469.1 101.7 459.2 513.8 78.1 533.6 456.5 358.5 476.8 595.2 589.8 595.1 463.9 427.2 546.8 501.4 490.5 460.8 539.2 497.1 460.7 480.3 474.0 401.8 485.0 560.8 99.8 94.1 479.3 539.2 364.0 539.2 326.9 479.3 539.2 0.0 481.0 595.2 482.5 478.1 543.5 465.3 494.6 557.2 467.6 495.3 473.5 596.3 429.4 451.8 539.2 590.4 475.3 560.6 508.4 436.1 488.7 421.4 443.4 146.1 487.4 530.5 435.6 565.8 488.2 488.2 470.5 380.7 449.0 392.7 511.3 402.5 536.5 448.3 595.2
1764.3 413.7 223.3 517.3 515.7 222.3 463.1 207.9 247.9 382.2 532.0 470.5 466.1 163.4 159.1 214.9 407.8 280.0 478.0 228.2 461.3 267.1 375.4 178.4 326.1 269.1 256.0 496.5 475.7 510.5 231.0 321.0 231.5 188.9 49.2 203.4 384.4 495.7 123.5 329.5 313.2 396.1 290.4 317.7 205.8 234.0 427.6 224.1 229.0 404.0 445.2 301.8 253.1 340.9 563.5 510.3 506.7 179.1 192.1 458.4 410.0 150.6 225.7 413.7 361.2 56.4 140.4 116.1 247.1 402.7 529.1 404.2 420.0 244.2 413.7 258.6 413.7 171.7 244.2 413.7 421.5 0.0 563.5 124.6 342.2 356.4 329.4 358.9 468.8 232.5 210.5 235.5 480.4 144.6 213.8 413.7 502.0 339.4 472.2 350.0 96.2 253.6 186.3 208.3 450.5 202.6 442.1 200.5 477.4 203.4 365.3 438.8 275.3 264.8 238.0 428.2 289.5 362.6 213.2 563.5
1963.6 332.4 423.2 420.2 418.6 448.1 344.7 407.8 448.5 428.3 328.7 352.1 347.7 389.6 454.0 414.8 292.5 372.9 359.6 428.8 342.9 425.2 474.7 468.0 410.2 332.5 413.7 378.1 357.3 392.1 427.6 413.9 389.2 415.1 435.7 428.8 424.3 377.3 491.5 413.6 397.3 304.2 448.1 331.4 431.2 389.5 473.7 379.6 479.0 450.1 326.8 376.7 403.2 425.0 0.0 289.5 388.3 404.5 418.3 340.0 318.8 500.6 381.2 332.4 445.3 470.8 490.4 484.1 334.8 278.2 278.0 450.3 458.4 399.7 332.4 408.7 332.4 368.5 444.8 332.4 467.6 491.1 0.0 492.6 400.7 336.7 319.7 287.8 350.4 430.3 443.0 382.2 389.5 439.5 360.5 332.4 383.6 424.0 353.8 301.6 446.2 453.5 386.9 406.1 496.6 428.0 323.7 401.1 359.0 428.8 281.4 177.3 425.4 357.2 300.8 304.5 447.2 329.7 411.0 0.0
1782.9 432.3 241.9 535.9 534.3 240.9 481.7 226.5 266.5 400.8 550.6 489.1 484.7 182.0 177.7 233.5 426.4 298.6 496.6 246.8 479.9 285.7 394.0 197.0 344.7 287.7 274.6 515.1 494.3 529.1 249.6 339.6 250.1 207.5 66.3 222.0 403.0 514.3 64.9 348.1 331.8 414.7 309.0 336.3 224.4 252.6 446.2 242.7 247.6 422.6 463.8 320.4 271.7 359.5 582.1 528.9 525.3 197.7 210.7 477.0 428.6 149.2 244.3 432.3 379.8 101.4 139.0 60.9 265.7 421.3 547.7 422.8 438.6 262.8 432.3 277.2 432.3 190.3 262.8 432.3 440.1 121.7 582.1 0.0 360.8 375.0 348.0 377.5 487.4 251.1 229.1 254.1 499.0 163.2 232.4 432.3 520.6 358.0 490.8 368.6 94.8 272.2 204.9 226.9 469.1 221.2 460.7 219.1 496.0 222.0 383.9 457.4 293.9 283.4 256.6 446.8 308.1 381.2 231.8 582.1
1857.2 198.6 356.4 328.6 327.0 341.7 253.1 341.0 324.1 415.4 305.6 260.5 256.1 265.2 361.9 348.0 155.4 248.5 268.0 304.4 251.3 298.2 202.4 375.9 137.9 208.1 389.1 286.5 265.7 300.5 299.1 289.5 364.6 290.7 343.6 322.4 61.8 285.7 399.4 141.3 125.0 143.7 423.5 65.3 324.8 265.1 460.8 255.2 431.8 437.2 235.2 240.8 386.2 152.7 427.0 288.4 296.7 298.1 293.9 248.4 181.8 408.5 256.8 198.6 173.0 378.7 398.3 392.0 186.1 150.3 316.7 439.6 445.5 275.3 198.6 391.7 198.6 299.5 321.3 198.6 454.7 399.0 427.0 400.5 0.0 111.6 77.0 106.5 258.8 305.9 336.6 257.8 297.9 347.4 236.1 198.6 292.0 151.2 262.2 124.4 354.1 329.8 262.5 281.7 483.7 321.6 232.1 276.7 267.4 322.4 112.9 256.9 408.4 232.8 177.0 175.8 422.6 117.8 286.6 427.0
1837.9 105.5 337.1 294.9 293.3 322.0 219.4 321.7 304.8 396.1 288.3 226.8 222.4 245.9 342.6 328.7 121.8 229.2 234.3 285.1 217.6 278.9 175.2 361.9 125.9 188.8 369.8 252.8 232.0 266.8 285.1 270.2 345.3 271.4 324.3 303.1 140.0 252.0 380.1 129.3 113.0 110.1 404.2 47.1 305.5 245.8 441.5 235.9 412.5 417.9 201.5 221.5 366.9 140.7 371.5 266.6 263.0 278.8 274.6 214.7 124.0 389.2 237.5 105.5 161.0 359.4 379.0 372.7 166.8 112.5 283.0 418.1 433.9 256.0 105.5 372.4 105.5 285.5 301.1 105.5 435.4 379.7 371.5 381.2 97.8 0.0 52.2 72.9 225.1 286.6 310.2 238.5 264.2 328.1 216.8 105.5 258.3 139.2 228.5 44.3 334.8 310.5 243.2 262.4 464.4 302.3 198.4 257.4 233.7 303.1 79.3 201.4 389.1 214.0 157.7 138.8 403.3 6.2 267.3 371.5
1809.7 108.5 308.9 251.5 249.9 293.8 176.0 293.5 276.6 367.9 244.9 183.4 179.0 217.7 314.4 300.5 78.3 201.0 190.9 256.9 174.2 250.7 139.7 333.7 90.4 160.6 341.6 209.4 188.6 223.4 256.9 242.0 317.1 243.2 296.1 274.9 104.5 208.6 351.9 93.8 77.5 66.6 376.0 11.6 277.3 217.6 413.3 207.7 384.3 389.7 158.1 193.3 338.7 105.2 349.9 223.2 219.6 250.6 246.4 171.3 80.5 361.0 209.3 108.5 125.5 331.2 350.8 344.5 138.6 73.2 239.6 389.9 405.7 227.8 108.5 344.2 108.5 257.3 272.9 108.5 407.2 351.5 349.9 353.0 62.3 36.5 0.0 29.4 181.7 258.4 282.0 210.3 220.8 299.9 188.6 108.5 214.9 103.7 185.1 47.3 306.6 282.3 215.0 234.2 436.2 274.1 155.0 229.2 190.3 274.9 35.8 179.8 360.9 185.8 129.5 98.7 375.1 42.7 239.1 349.9
1841.6 111.6 340.8 222.0 220.4 325.7 146.5 325.4 308.5 399.8 215.4 153.9 149.5 249.6 346.3 332.4 54.9 232.9 161.4 288.8 144.7 282.6 171.6 365.6 122.3 192.5 373.5 179.9 159.1 193.9 288.8 273.9 349.0 275.1 328.0 306.8 136.4 179.1 383.8 125.7 109.4 43.2 407.9 43.5 309.2 249.5 445.2 239.6 416.2 421.6 128.6 225.2 370.6 137.1 320.4 193.7 190.1 282.5 278.3 141.8 51.0 392.9 241.2 111.6 157.4 363.1 382.7 376.4 170.5 43.7 210.1 421.8 437.6 259.7 111.6 376.1 111.6 289.2 304.8 111.6 439.1 383.4 320.4 384.9 94.2 68.4 31.8 0.0 152.2 290.3 313.9 242.2 191.3 331.8 220.5 111.6 185.4 135.6 155.6 50.4 338.5 314.2 246.9 266.1 468.1 306.0 125.5 261.1 160.8 306.8 6.3 150.3 392.8 217.7 161.4 69.2 407.0 68.3 271.0 320.4
1992.8 252.1 505.1 77.2 75.6 458.9 109.5 489.7 472.8 461.4 165.4 27.1 146.1 413.9 465.2 496.7 212.2 397.2 124.4 453.1 141.3 446.9 353.9 484.5 304.6 356.8 446.8 176.5 122.1 41.6 453.1 438.2 422.3 439.4 446.9 440.0 337.3 175.7 502.7 308.0 291.7 223.9 481.2 229.0 442.4 413.8 506.8 403.9 490.2 483.2 54.1 389.5 534.9 319.4 390.5 143.7 37.8 415.7 442.6 138.4 192.2 511.8 405.5 252.1 339.7 482.0 501.6 495.3 334.8 192.3 160.1 483.4 499.2 424.0 252.1 540.4 252.1 453.5 469.1 252.1 500.7 502.3 390.5 503.8 295.1 253.9 217.3 185.4 0.0 454.6 447.1 406.5 46.5 450.7 384.8 252.1 148.4 317.9 152.2 221.3 457.4 478.5 411.2 430.4 529.7 439.2 75.5 425.4 123.8 440.0 179.0 220.4 557.1 382.0 325.7 217.8 480.3 249.4 435.3 390.5
1827.3 319.2 216.6 422.8 421.2 285.3 368.6 201.2 184.3 375.5 437.5 376.0 371.6 125.4 222.1 208.2 313.3 185.5 383.5 164.6 366.8 172.6 280.9 241.4 231.6 174.6 249.3 402.0 381.2 416.0 93.4 226.5 224.8 150.9 203.8 266.4 289.9 401.2 259.6 235.0 218.7 301.6 283.7 223.2 268.8 139.5 420.9 129.6 292.0 397.3 350.7 207.3 246.4 246.4 452.4 415.8 412.2 242.1 154.1 363.9 315.5 268.7 131.2 319.2 266.7 238.9 258.5 252.2 152.6 308.2 432.2 397.5 413.3 149.7 319.2 251.9 319.2 165.0 180.6 319.2 414.8 259.2 452.4 260.7 247.7 261.9 234.9 264.4 374.3 0.0 273.5 141.0 385.9 207.6 119.3 319.2 407.5 244.9 377.7 255.5 214.3 190.0 122.7 18.1 443.8 265.6 347.6 136.9 382.9 266.4 270.8 402.5 268.6 170.3 143.5 333.7 282.8 268.1 51.8 452.4
1732.2 450.5 260.1 496.6 494.0 32.3 442.4 245.7 284.7 420.0 493.9 448.8 444.4 201.2 172.9 251.7 444.6 317.8 457.3 266.0 440.6 303.9 427.4 185.9 363.9 305.9 292.8 474.8 454.0 488.8 262.5 358.8 268.3 226.7 154.6 62.6 421.2 474.0 210.4 366.3 350.0 432.9 328.2 355.5 13.8 271.8 465.4 260.9 178.9 440.8 424.5 338.6 289.9 378.7 601.3 481.4 485.0 89.2 229.9 436.7 471.0 218.5 262.5 450.5 398.0 188.7 209.3 202.0 309.2 440.5 505.0 441.0 450.1 282.0 450.5 296.4 450.5 203.2 281.9 450.5 458.3 210.0 601.3 210.5 397.6 394.2 366.2 396.7 448.1 269.3 0.0 273.3 449.1 158.4 251.6 450.5 480.3 376.7 450.5 386.8 164.1 289.7 224.1 245.1 488.3 81.8 420.4 237.3 456.7 113.5 403.1 476.3 313.1 301.6 274.8 466.0 326.3 400.4 250.0 601.3
1828.0 322.9 217.3 426.5 424.9 286.0 372.3 201.9 185.0 376.2 441.2 379.7 375.3 126.1 222.8 208.9 317.0 189.2 387.2 165.3 370.5 176.3 284.6 242.1 235.3 178.3 250.0 405.7 384.9 419.7 165.3 230.2 225.5 151.6 204.5 267.1 293.6 404.9 260.3 238.7 222.4 305.3 284.4 226.9 269.5 143.2 421.6 133.3 292.7 398.0 354.4 211.0 247.1 250.1 456.1 419.5 415.9 242.8 154.8 367.6 319.2 269.4 134.9 322.9 270.4 239.6 259.2 252.9 156.3 311.9 435.9 398.2 414.0 153.4 322.9 252.6 322.9 165.7 181.3 322.9 415.5 259.9 456.1 261.4 251.4 265.6 238.6 268.1 378.0 166.8 274.2 0.0 389.6 208.3 32.9 322.9 411.2 248.6 381.4 259.2 215.0 190.7 123.4 142.6 444.5 266.3 351.3 137.6 386.6 267.1 274.5 406.2 269.3 174.0 147.2 337.4 283.5 271.8 147.5 456.1
1937.0 253.3 449.3 45.1 43.5 403.5 141.3 433.9 417.0 462.6 164.2 83.4 177.9 358.1 409.4 417.8 213.4 341.4 160.7 397.3 162.8 396.0 322.5 421.9 225.7 299.5 480.5 198.0 153.9 97.1 396.1 382.4 457.5 383.6 391.1 384.2 290.7 207.5 446.9 257.1 235.9 225.1 516.4 214.8 386.6 356.5 512.9 353.0 432.9 484.4 90.4 333.7 484.0 262.1 306.3 121.1 101.6 359.9 386.8 170.2 194.5 454.5 349.7 258.2 288.8 426.2 450.7 448.7 279.0 193.5 168.1 484.6 491.2 368.2 253.3 484.6 253.3 396.2 413.3 253.3 501.9 446.5 304.8 448.0 256.4 237.6 212.1 186.6 63.7 398.8 376.2 350.7 0.0 393.4 327.5 258.2 180.2 262.1 184.0 212.7 378.5 422.7 355.4 374.6 530.9 388.3 103.5 369.6 155.6 384.2 180.2 221.6 501.3 326.2 269.9 219.0 514.0 229.1 384.4 304.8
1704.3 401.8 211.4 467.7 466.1 162.7 413.5 196.0 236.0 370.3 466.0 420.9 416.5 151.5 14.5 203.0 395.9 268.1 428.4 216.3 411.7 257.8 378.7 28.4 314.2 257.2 244.1 446.9 426.1 460.9 217.9 309.1 219.6 177.0 104.9 143.4 372.5 446.1 160.7 317.6 301.3 384.2 278.5 305.8 145.8 222.1 415.7 212.2 169.0 392.1 395.6 289.9 241.2 329.0 551.6 448.8 457.1 119.1 180.2 408.8 422.3 169.8 213.8 401.8 349.3 140.0 159.6 153.3 259.5 390.8 477.1 392.3 400.4 232.3 401.8 246.7 401.8 154.5 232.3 401.8 409.6 160.3 551.6 161.8 348.9 344.5 317.5 347.0 419.2 220.6 158.5 223.6 421.2 0.0 201.9 401.8 452.4 328.0 422.6 338.1 115.4 241.7 174.4 196.4 438.6 142.6 392.5 188.6 427.8 143.4 353.4 447.4 263.4 252.9 225.5 416.3 277.6 350.7 201.3 551.6
1795.0 289.9 184.3 393.5 391.9 253.4 339.3 168.9 152.0 343.2 408.2 346.7 342.3 93.1 189.8 175.9 284.0 156.2 354.2 132.3 337.5 145.9 266.8 203.8 202.3 145.3 217.0 372.7 351.9 386.7 131.1 197.2 192.5 118.6 171.5 234.1 260.6 371.9 227.3 205.7 189.4 272.3 251.4 193.9 236.5 110.2 388.6 100.3 259.7 365.0 321.4 178.0 214.1 217.1 423.1 386.5 382.9 209.8 121.8 334.6 310.4 236.4 101.9 289.9 237.4 206.6 226.2 219.9 123.3 278.9 402.9 365.2 373.3 120.4 289.9 219.6 289.9 129.6 148.3 289.9 382.5 226.9 423.1 228.4 237.0 232.6 205.6 235.1 345.0 133.8 248.3 21.6 352.8 175.3 0.0 289.9 378.2 216.1 348.4 226.2 182.0 157.7 90.4 109.6 411.5 233.3 318.3 104.6 353.6 234.1 241.5 373.2 236.3 140.5 113.6 304.4 250.5 238.8 114.5 423.1
1893.0 0.0 392.2 290.4 288.8 377.1 214.9 376.8 359.9 451.2 267.4 222.3 217.9 301.0 397.7 383.8 122.3 284.3 229.8 340.2 213.1 336.6 265.4 411.7 200.9 243.9 424.9 248.3 227.5 262.3 339.0 325.3 400.4 326.5 379.4 358.2 215.0 247.5 435.2 204.3 188.0 133.1 459.3 122.1 360.6 300.9 496.6 291.0 467.6 473.0 197.0 288.1 422.0 215.7 367.0 226.1 258.5 333.9 329.7 210.2 189.0 444.3 292.6 0.0 236.0 414.5 434.1 427.8 221.9 108.0 278.5 473.2 481.3 311.1 0.0 427.5 0.0 337.5 356.2 0.0 490.5 434.8 367.0 436.3 191.4 107.4 110.4 131.1 220.6 341.7 373.3 293.6 259.7 383.2 271.9 0.0 253.8 214.7 224.0 72.3 389.9 364.9 298.3 317.5 519.5 357.4 193.9 312.5 229.2 358.2 135.4 196.9 444.2 268.6 212.2 134.3 458.4 100.4 322.4 367.0
1983.7 235.6 482.9 203.0 201.4 451.7 60.6 467.5 450.6 444.9 173.0 134.9 129.6 391.7 488.4 474.5 195.7 375.0 55.5 430.9 124.8 424.7 355.8 502.4 291.3 334.6 430.3 160.0 73.2 174.9 425.6 416.0 405.8 417.2 439.7 432.8 305.4 159.2 495.5 294.7 278.4 207.4 464.7 212.5 435.2 391.6 490.3 381.7 483.0 466.7 86.2 367.3 419.8 306.1 374.0 139.4 171.1 408.5 420.4 121.9 199.9 504.6 383.3 235.6 326.4 474.8 494.4 488.1 336.9 175.8 167.7 466.9 475.0 401.8 235.6 425.3 235.6 426.0 446.9 235.6 484.2 495.1 374.0 496.6 281.8 237.4 200.8 168.9 133.2 432.4 447.0 384.3 142.5 473.9 362.6 235.6 0.0 304.6 135.7 204.8 450.2 455.6 389.0 408.2 513.2 432.0 83.1 403.2 17.3 432.8 162.5 203.9 442.0 359.8 302.9 201.3 463.8 232.9 413.1 374.0
1854.4 221.4 353.6 318.7 317.1 339.0 264.5 338.2 321.3 412.6 317.0 271.9 267.5 262.4 359.1 345.7 191.2 245.7 279.9 301.6 262.7 308.9 51.1 373.6 65.9 205.8 386.3 297.9 277.1 312.4 296.3 286.7 361.8 287.9 340.8 320.1 168.3 297.1 396.6 9.8 73.0 179.5 420.7 101.1 322.0 262.3 458.5 252.4 429.0 434.4 246.6 249.5 383.9 100.7 468.5 275.7 308.1 295.3 291.1 259.8 217.6 405.7 254.0 221.9 73.9 375.9 395.5 389.2 207.6 186.1 328.1 436.8 442.7 272.5 221.4 388.9 221.4 296.7 318.5 221.4 451.9 396.2 468.5 397.7 144.2 147.4 112.8 142.3 270.2 303.1 333.8 255.0 241.8 344.6 233.3 221.9 303.4 0.0 273.6 160.2 351.8 326.3 259.7 278.9 480.9 318.8 243.5 273.9 278.8 320.1 148.7 298.4 405.6 230.5 173.6 211.6 419.8 153.6 283.8 468.5
1950.8 202.7 450.0 189.2 187.6 418.8 113.7 434.6 417.7 412.0 182.6 121.1 22.1 358.8 455.5 441.6 162.8 342.1 128.6 398.0 58.7 391.8 307.7 474.8 258.4 301.7 397.4 24.2 126.3 161.1 398.0 383.1 372.9 384.3 406.8 399.9 272.5 69.7 462.6 261.8 245.5 174.5 431.8 179.6 402.3 358.7 457.4 348.8 450.1 433.8 95.8 334.4 386.9 273.2 341.1 160.9 157.3 375.6 387.5 50.6 142.8 471.7 350.4 202.7 293.5 441.9 461.5 455.2 279.7 142.9 177.3 434.0 449.8 368.9 202.7 392.4 202.7 398.4 414.0 202.7 451.3 462.2 341.1 463.7 230.3 204.5 167.9 136.0 119.4 399.5 407.0 351.4 158.5 441.0 329.7 202.7 152.6 271.7 0.0 171.9 417.3 423.4 356.1 375.3 480.3 399.1 92.7 370.3 128.0 399.9 129.6 171.0 409.1 326.9 270.6 168.4 430.9 200.0 380.2 341.1
1838.1 61.1 337.3 250.5 248.9 322.2 175.0 321.9 305.0 396.3 243.9 182.4 178.0 246.1 342.8 328.9 79.5 229.4 189.9 285.3 173.2 279.1 177.8 362.1 128.5 189.0 370.0 208.4 187.6 222.4 285.3 270.4 345.5 271.6 324.5 303.3 142.6 207.6 380.3 131.9 115.6 67.8 404.4 49.7 305.7 246.0 441.7 236.1 412.7 418.1 157.1 221.7 367.1 143.3 327.1 222.2 218.6 279.0 274.8 170.3 109.8 389.4 237.7 61.1 163.6 359.6 379.2 372.9 167.0 68.1 238.6 418.3 434.1 256.2 61.1 372.6 61.1 285.7 301.3 61.1 435.6 379.9 327.1 381.4 100.4 35.0 38.0 58.7 180.7 286.8 310.4 238.7 219.8 328.3 217.0 61.1 213.9 141.8 184.1 0.0 335.0 310.7 243.4 262.6 464.6 302.5 154.0 257.6 189.3 303.3 65.1 157.0 389.3 214.2 157.9 94.4 403.5 28.0 267.5 327.1
1736.3 385.7 195.3 489.3 487.7 194.7 435.1 179.9 219.9 354.2 504.0 442.5 438.1 135.4 131.1 186.9 379.8 252.0 450.0 200.2 433.3 241.7 362.6 145.1 298.1 241.1 228.0 468.5 447.7 482.5 201.8 293.0 203.5 160.9 37.7 175.4 356.4 467.7 113.5 301.5 285.2 368.1 262.4 289.7 177.8 206.0 399.6 196.1 201.0 376.0 417.2 273.8 225.1 312.9 535.5 482.3 478.7 151.1 164.1 430.4 406.2 54.3 197.7 385.7 333.2 72.8 44.1 106.1 219.1 374.7 501.1 376.2 384.3 216.2 385.7 230.6 385.7 138.4 216.2 385.7 393.5 93.1 535.5 114.6 332.8 328.4 301.4 330.9 440.8 204.5 190.5 207.5 448.6 116.6 185.8 385.7 474.0 311.9 444.2 322.0 0.0 224.9 158.3 180.3 422.5 174.6 414.1 172.5 449.4 175.4 337.3 410.8 247.3 236.8 209.4 400.2 261.5 334.6 185.2 535.5
1816.5 364.9 205.8 468.5 466.9 275.0 414.3 190.4 98.5 364.7 466.8 421.7 417.3 96.6 211.3 196.8 359.0 231.2 428.6 78.8 411.9 231.8 341.2 224.7 276.7 219.7 237.9 447.1 426.9 461.1 176.9 272.2 214.0 122.1 193.0 255.0 335.0 446.9 248.8 280.7 264.4 346.7 272.9 268.9 258.0 184.6 409.5 174.7 280.6 386.5 396.4 264.5 235.6 291.5 546.0 425.5 457.9 231.3 125.3 409.6 384.8 257.9 176.9 364.3 312.4 228.1 247.1 240.8 222.6 353.9 477.9 388.9 394.2 195.4 364.9 241.1 364.9 148.9 95.7 364.9 404.0 248.4 545.4 249.9 312.0 307.6 280.6 310.1 420.0 183.7 269.8 186.7 391.6 196.2 164.4 364.3 452.6 291.1 423.4 301.2 202.9 0.0 56.2 159.5 433.0 254.2 392.7 40.9 428.6 255.6 316.5 448.2 257.8 215.5 188.6 379.4 271.4 313.8 163.8 545.4
1760.2 308.6 149.5 412.2 410.6 218.2 358.0 134.1 61.5 308.4 426.9 365.4 361.0 40.3 155.0 141.1 302.7 174.9 372.9 41.8 356.2 162.0 270.3 174.3 221.0 164.0 182.2 391.4 370.6 405.4 125.9 215.9 157.7 65.8 136.7 199.3 279.3 390.6 192.5 224.4 208.1 291.0 216.6 212.6 201.7 128.9 353.8 119.0 224.9 330.2 340.1 196.7 179.3 235.8 489.7 405.2 401.6 175.0 69.0 353.3 304.9 201.6 120.6 308.6 256.1 171.8 191.4 185.1 142.0 297.6 421.6 330.4 346.2 139.1 308.6 184.8 308.6 97.9 57.8 308.6 347.7 192.1 489.7 193.6 237.1 251.3 224.3 253.8 363.7 127.4 206.4 130.4 375.3 140.5 108.7 308.6 396.9 234.3 367.1 244.9 147.2 67.2 0.0 103.2 376.7 198.5 337.0 14.1 372.3 199.3 260.2 391.9 201.5 159.7 132.9 323.1 215.7 257.5 108.1 489.7
1809.2 301.1 198.5 404.7 403.1 267.2 350.5 183.1 166.2 357.4 419.4 357.9 353.5 107.3 204.0 190.1 295.2 167.4 365.4 146.5 348.7 154.5 262.8 223.3 213.5 156.5 231.2 383.9 363.1 397.9 75.3 208.4 206.7 132.8 185.7 248.3 271.8 383.1 241.5 216.9 200.6 283.5 265.6 205.1 250.7 121.4 402.8 111.5 273.9 379.2 332.6 189.2 228.3 228.3 434.3 397.7 394.1 224.0 136.0 345.8 297.4 250.6 113.1 301.1 248.6 220.8 240.4 234.1 134.5 290.1 414.1 379.4 395.2 131.6 301.1 233.8 301.1 146.9 162.5 301.1 396.7 241.1 434.3 242.6 229.6 243.8 216.8 246.3 356.2 24.2 255.4 122.9 367.8 189.5 101.2 301.1 389.4 226.8 359.6 237.4 196.2 171.9 104.6 0.0 425.7 247.5 329.5 118.8 364.8 248.3 252.7 384.4 250.5 152.2 125.4 315.6 264.7 250.0 33.7 434.3
1759.6 540.7 380.0 628.5 626.9 508.6 553.0 364.6 484.5 99.3 613.0 560.4 556.0 400.0 445.4 371.6 500.8 465.7 567.9 464.8 551.2 503.7 512.8 464.7 463.5 425.3 370.5 586.4 565.6 600.4 467.6 506.7 346.0 425.5 427.1 489.7 521.8 585.6 482.9 466.9 450.6 512.5 404.9 455.1 492.1 470.6 144.7 460.7 515.3 121.1 535.1 458.0 360.0 478.3 596.7 591.3 596.6 465.4 428.7 548.3 502.9 492.0 462.3 540.7 498.6 462.2 481.8 475.5 403.3 486.5 562.3 31.0 137.1 480.8 540.7 365.5 540.7 328.4 480.8 540.7 138.6 482.5 596.7 484.0 479.6 545.0 466.8 496.1 558.7 469.1 496.8 475.0 597.8 430.9 453.3 540.7 591.9 476.8 562.1 509.9 437.6 490.2 422.9 444.9 0.0 488.9 532.0 437.1 567.3 489.7 489.7 472.0 382.2 450.5 394.2 512.8 404.0 538.0 449.8 596.7
1721.6 439.9 249.5 485.0 483.4 70.9 430.8 234.1 274.1 408.4 499.7 438.2 433.8 189.6 161.3 241.1 434.0 306.2 445.7 254.4 429.0 293.3 416.8 175.3 352.3 295.3 282.2 464.2 443.4 478.2 256.0 347.2 257.7 215.1 143.0 34.0 410.6 463.4 198.8 355.7 339.4 422.3 316.6 343.9 54.4 260.2 453.8 250.3 168.3 430.2 412.9 328.0 279.3 367.1 589.7 466.1 474.4 78.6 218.3 426.1 460.4 207.9 251.9 439.9 387.4 178.1 197.7 191.4 273.3 428.9 494.4 432.6 438.5 270.4 439.9 284.8 439.9 192.6 270.4 439.9 447.7 198.4 589.7 199.9 387.0 382.6 355.6 385.1 436.5 258.7 66.2 261.7 448.1 146.8 240.0 439.9 469.7 365.6 439.9 376.2 153.5 279.1 212.5 234.5 476.7 0.0 409.8 226.7 445.1 102.9 391.5 464.7 301.5 290.5 264.2 454.4 315.7 388.8 239.4 589.7
1950.6 193.8 441.1 136.2 134.6 416.7 42.3 425.7 408.8 403.1 73.4 87.7 87.8 349.9 423.0 432.7 153.9 333.2 57.2 389.1 83.0 385.5 314.0 437.0 249.5 292.8 388.5 118.2 54.9 127.7 387.9 374.2 364.0 375.4 404.7 397.8 263.6 117.4 460.5 252.9 236.6 165.6 422.9 170.7 400.2 349.8 448.5 339.9 448.0 424.9 31.4 337.0 378.0 264.3 332.2 32.1 123.9 373.5 378.6 80.1 158.1 469.6 341.5 193.8 284.6 439.8 459.4 453.1 270.8 134.0 84.5 425.1 433.2 360.0 193.8 383.5 193.8 384.2 405.1 193.8 442.4 460.1 332.2 461.6 240.0 195.6 159.0 127.1 86.0 390.6 412.9 342.5 99.3 408.5 320.8 193.8 81.2 262.8 93.9 163.0 415.2 413.8 347.2 366.4 471.4 397.0 0.0 361.4 56.6 397.8 120.7 162.1 400.2 317.5 261.1 159.5 422.0 191.1 371.3 332.2
1774.4 322.8 163.7 426.4 424.8 232.4 372.2 148.3 42.4 322.6 441.1 379.6 375.2 54.5 169.2 155.3 316.9 189.1 387.1 22.7 370.4 176.2 284.5 188.5 235.2 178.2 196.4 405.6 384.8 419.6 140.1 230.1 171.9 80.0 150.9 213.5 293.5 404.8 206.7 238.6 222.3 305.2 230.8 226.8 215.9 143.1 368.0 133.2 239.1 344.4 354.3 210.9 193.5 250.0 503.9 419.4 415.8 189.2 83.2 367.5 319.1 215.8 134.8 322.8 270.3 186.0 205.6 199.3 156.2 311.8 435.8 344.6 360.4 153.3 322.8 199.0 322.8 112.1 38.7 322.8 361.9 206.3 503.9 207.8 251.3 265.5 238.5 268.0 377.9 141.6 220.6 144.6 389.5 154.7 122.9 322.8 411.1 248.5 381.3 259.1 161.4 51.9 14.1 117.4 390.9 212.7 351.2 0.0 386.5 213.5 274.4 406.1 215.7 173.9 147.1 337.3 229.9 271.7 122.3 503.9
1966.4 218.3 465.6 185.7 184.1 434.4 43.3 450.2 433.3 427.6 155.7 117.6 112.3 374.4 471.1 457.2 178.4 357.7 38.2 413.6 107.5 407.4 323.3 490.4 274.0 317.3 413.0 142.7 55.9 157.6 413.6 398.7 388.5 399.9 422.4 415.5 288.1 141.9 478.2 277.4 261.1 190.1 447.4 195.2 417.9 374.3 473.0 364.4 465.7 449.4 68.9 350.0 402.5 288.8 356.7 134.0 153.8 391.2 403.1 104.6 158.4 487.3 366.0 218.3 309.1 457.5 477.1 470.8 295.3 158.5 150.4 449.6 465.4 384.5 218.3 408.0 218.3 414.0 429.6 218.3 466.9 477.8 356.7 479.3 245.9 220.1 183.5 151.6 115.9 415.1 422.6 367.0 155.0 456.6 345.3 218.3 24.5 287.3 118.4 187.5 432.9 439.0 371.7 390.9 495.9 414.7 65.8 385.9 0.0 415.5 145.2 186.6 424.7 342.5 286.2 184.0 446.5 215.6 395.8 356.7
1710.0 428.3 237.9 473.4 471.8 90.6 419.2 222.5 262.5 396.8 488.1 426.6 422.2 178.0 149.7 229.5 422.4 294.6 434.1 242.8 417.4 295.2 405.2 163.7 340.7 283.7 270.6 452.6 431.8 466.6 240.3 335.6 246.1 203.5 131.4 71.3 399.0 451.8 187.2 344.1 327.8 410.7 305.0 332.3 73.7 248.6 442.2 238.7 156.7 418.6 401.3 327.9 267.7 355.5 578.1 454.5 462.8 15.5 206.7 414.5 448.8 196.3 240.3 428.3 375.8 166.5 186.1 179.8 261.7 417.3 482.8 418.8 426.9 258.8 428.3 273.2 428.3 181.0 258.8 428.3 436.1 186.8 578.1 188.3 375.4 371.0 344.0 373.5 424.9 247.1 85.5 250.1 426.9 135.2 228.4 428.3 458.1 354.0 428.3 364.6 141.9 267.5 200.9 222.9 465.1 70.5 398.2 215.1 433.5 0.0 379.9 453.1 289.9 278.9 252.0 442.8 304.1 377.2 227.8 578.1
1848.0 118.0 347.2 215.6 214.0 332.1 140.1 331.8 314.9 384.9 209.0 147.5 143.1 256.0 352.7 338.8 61.3 239.3 155.0 295.2 138.3 289.0 178.0 372.0 128.7 198.9 379.9 173.5 152.7 187.5 295.2 280.3 355.4 281.5 334.4 313.2 142.8 172.7 390.2 132.1 115.8 49.6 414.3 49.9 315.6 255.9 430.3 246.0 422.6 406.7 122.2 231.6 377.0 143.5 314.0 187.3 183.7 288.9 284.7 135.4 44.6 399.3 247.6 118.0 163.8 369.5 389.1 382.8 176.9 37.3 203.7 406.9 422.7 266.1 118.0 382.5 118.0 295.6 311.2 118.0 424.2 389.8 314.0 391.3 100.6 74.8 38.2 6.3 145.8 296.7 320.3 248.6 184.9 338.2 226.9 118.0 179.0 142.0 149.2 56.8 344.9 320.6 253.3 272.5 453.2 312.4 119.1 267.5 154.4 313.2 0.0 143.9 399.2 224.1 167.8 62.8 413.4 74.7 277.4 314.0
1834.9 155.0 294.5 242.8 241.2 319.0 167.3 279.1 319.8 299.6 236.2 174.7 170.3 260.9 325.3 286.1 115.1 244.2 182.2 300.1 165.5 293.9 282.1 344.6 232.8 203.8 285.0 200.7 179.9 214.7 300.1 285.2 260.5 286.4 307.0 300.1 246.9 199.9 362.8 236.2 219.9 126.8 319.4 154.0 302.5 260.8 345.0 250.9 350.3 321.4 149.4 236.5 274.5 247.6 229.0 214.5 210.9 275.8 289.6 162.6 117.2 371.9 252.5 155.0 267.9 342.1 361.7 355.4 181.8 100.8 194.6 321.6 337.4 271.0 155.0 280.0 155.0 242.9 316.1 155.0 338.9 362.4 229.0 363.9 204.7 159.3 142.3 110.4 173.0 301.6 307.2 253.5 212.1 310.8 231.8 155.0 206.2 246.1 176.4 124.2 317.5 325.5 258.2 277.4 367.9 299.3 146.3 272.4 181.6 300.1 104.0 0.0 296.7 229.0 172.7 127.1 318.5 152.3 282.3 229.0
1884.1 423.4 213.5 511.2 509.6 342.1 435.7 198.1 318.0 298.1 495.7 443.1 438.7 233.5 278.9 205.1 383.5 348.4 450.6 298.3 433.9 337.2 395.5 298.2 346.2 308.0 204.0 469.1 448.3 483.1 301.1 389.4 179.5 259.0 260.6 323.2 404.5 468.3 316.4 349.6 333.3 395.2 238.4 337.8 325.6 304.1 343.5 294.2 348.8 319.9 417.8 340.7 46.2 361.0 479.4 474.0 479.3 298.9 262.2 431.0 385.6 325.5 295.8 423.4 381.3 295.7 315.3 309.0 286.0 369.2 445.0 320.1 335.9 314.3 423.4 65.9 423.4 161.9 314.3 423.4 337.4 316.0 479.4 317.5 362.3 427.7 349.5 378.8 441.4 302.6 330.3 305.6 480.5 264.4 283.9 423.4 474.6 359.5 444.8 392.6 271.1 323.7 256.4 278.4 366.4 322.4 414.7 270.6 450.0 323.2 372.4 354.7 0.0 333.2 276.9 395.5 237.5 420.7 283.3 479.4
1811.3 288.0 236.8 391.6 390.0 295.4 337.4 221.4 204.5 395.7 389.9 344.8 340.4 145.6 242.3 227.9 282.1 72.8 352.3 184.8 335.1 192.1 264.9 256.3 200.4 142.9 269.0 370.8 350.0 384.8 179.5 129.9 245.0 171.1 224.0 276.5 258.2 370.0 279.8 203.8 187.5 269.9 303.9 192.0 278.9 145.5 440.6 135.1 312.2 417.5 319.5 187.6 266.6 214.7 421.2 348.6 381.0 252.2 174.3 332.7 308.5 288.9 137.2 288.0 235.5 259.1 278.7 272.4 145.7 277.0 401.0 419.9 425.8 155.7 288.0 272.1 288.0 179.9 201.7 288.0 435.0 279.4 420.7 280.9 234.6 230.7 203.7 233.2 343.1 186.3 290.7 138.2 314.7 227.8 116.0 288.0 375.8 213.7 346.5 224.3 234.5 209.5 142.9 162.1 464.0 275.2 315.9 157.1 351.7 276.5 239.6 371.3 288.8 0.0 111.7 302.5 302.5 236.9 166.5 420.7
1756.0 232.7 210.6 336.3 334.7 240.6 282.1 195.2 178.3 369.5 334.6 289.5 285.1 119.4 216.1 201.6 226.8 102.7 296.4 158.6 280.3 165.9 209.6 229.5 144.5 31.6 242.7 314.9 294.7 328.9 153.3 143.7 218.8 144.9 197.8 220.6 202.8 314.7 253.6 147.9 132.2 214.5 277.7 136.7 223.6 118.7 414.3 108.8 285.4 391.3 264.2 75.2 240.4 159.3 365.9 293.3 325.7 196.9 148.1 277.4 252.6 262.7 111.0 232.7 179.6 232.9 251.9 245.6 47.2 221.7 345.7 393.7 399.6 129.5 232.7 245.9 232.7 153.7 175.5 232.7 408.8 253.2 365.3 254.7 179.8 175.4 148.4 177.9 287.8 160.1 234.8 112.0 259.4 201.6 89.7 232.7 320.4 158.9 291.2 169.0 208.3 183.3 116.7 135.9 437.8 220.4 260.5 130.9 296.4 220.6 184.3 316.0 262.6 87.0 0.0 247.2 276.8 181.6 140.2 365.3
1906.2 134.3 405.4 242.5 240.9 390.3 167.0 390.0 373.1 390.0 235.9 174.4 170.0 314.2 410.9 397.0 59.0 297.5 181.9 353.4 165.2 347.2 240.9 430.2 191.6 257.1 438.1 200.4 179.6 214.4 353.4 338.5 413.6 339.7 392.6 371.4 205.7 199.6 448.4 195.0 178.7 70.7 472.5 112.8 373.8 314.1 435.4 304.2 480.8 411.8 149.1 289.8 435.2 206.4 319.1 214.2 210.6 347.1 342.9 162.3 103.4 457.5 305.8 134.3 226.7 427.7 447.3 441.0 235.1 36.5 230.6 412.0 427.8 324.3 134.3 440.7 134.3 353.8 369.4 134.3 429.3 448.0 319.1 449.5 163.5 137.7 101.1 69.2 172.7 354.9 378.5 306.8 211.8 396.4 285.1 134.3 205.9 204.9 176.1 103.5 403.1 378.8 311.5 330.7 458.3 370.6 146.0 325.7 181.3 371.4 62.8 149.0 457.4 282.3 226.0 0.0 471.6 131.6 335.6 319.1
1801.2 400.9 210.5 504.5 502.9 259.6 450.3 195.1 235.1 369.4 519.2 457.7 453.3 150.6 196.0 202.1 395.0 267.2 465.2 215.4 448.5 256.9 377.8 210.0 313.3 256.3 40.8 483.7 462.9 497.7 212.9 308.2 33.6 176.1 177.7 240.3 371.6 482.9 233.5 316.7 300.4 383.3 96.8 304.9 242.7 221.2 414.8 211.3 265.9 391.2 432.4 289.0 240.3 328.1 550.7 485.6 493.9 216.0 179.3 445.6 421.4 242.6 212.9 400.9 348.4 212.8 232.4 226.1 258.6 389.9 516.3 391.4 399.5 231.4 400.9 245.8 400.9 153.6 232.3 400.9 408.7 233.1 550.7 234.6 348.0 343.6 316.6 346.1 456.0 219.7 254.5 222.7 459.3 181.5 201.0 400.9 489.2 326.6 459.4 337.2 188.2 240.8 173.5 195.5 437.7 239.5 429.3 187.7 464.6 240.3 352.5 426.0 262.5 251.5 224.6 415.4 0.0 349.8 200.4 550.7
1844.9 99.3 344.1 288.7 287.1 329.4 213.2 328.7 311.8 403.1 265.7 220.6 216.2 252.9 349.6 335.7 115.6 236.2 228.1 292.1 211.4 288.5 197.4 363.6 132.9 195.8 376.8 246.6 225.8 260.6 290.9 277.2 352.3 278.4 331.3 310.1 147.0 245.8 387.1 136.3 120.0 103.9 411.2 54.1 312.5 252.8 448.5 242.9 419.5 424.9 195.3 240.0 373.9 147.7 365.3 224.4 256.8 285.8 281.6 208.5 142.0 396.2 244.5 99.3 168.0 366.4 386.0 379.7 173.8 106.3 276.8 425.1 433.2 263.0 99.3 379.4 99.3 289.4 308.1 99.3 442.4 386.7 365.3 388.2 123.4 7.0 46.0 66.7 218.9 293.6 325.2 245.5 258.0 335.1 223.8 99.3 252.1 146.2 222.3 38.1 341.8 316.8 250.2 269.4 471.4 309.3 192.2 264.4 227.5 310.1 73.1 195.2 396.1 220.5 164.1 132.6 410.3 0.0 274.3 365.3
1809.5 301.4 198.8 405.0 403.4 267.9 350.8 183.4 166.5 357.7 419.7 358.2 353.8 107.6 204.3 190.4 295.5 167.7 365.7 146.8 349.0 168.3 278.3 218.3 213.8 156.8 231.5 384.2 363.4 398.2 49.1 208.7 207.0 133.1 186.0 248.6 272.1 383.4 241.8 217.2 200.9 283.8 265.9 205.4 251.0 121.7 403.1 111.8 274.2 379.5 332.9 201.0 228.6 228.6 434.6 386.1 394.4 224.3 136.3 346.1 321.9 250.9 113.4 301.4 248.9 221.1 240.7 234.4 134.8 290.4 414.4 379.7 387.8 131.9 301.4 234.1 301.4 144.1 162.8 301.4 397.0 241.4 434.6 242.9 248.5 244.1 217.1 246.6 356.5 73.3 263.7 123.2 358.5 189.8 101.5 301.4 389.7 227.1 359.9 237.7 196.5 171.5 104.9 49.1 426.0 247.8 329.8 119.1 365.1 248.6 253.0 384.7 250.8 152.5 125.1 315.9 265.0 250.3 0.0 434.6
1963.6 332.4 423.2 420.2 418.6 448.1 344.7 407.8 448.5 428.3 328.7 352.1 347.7 389.6 454.0 414.8 292.5 372.9 359.6 428.8 342.9 425.2 474.7 468.0 410.2 332.5 413.7 378.1 357.3 392.1 427.6 413.9 389.2 415.1 435.7 428.8 424.3 377.3 491.5 413.6 397.3 304.2 448.1 331.4 431.2 389.5 473.7 379.6 479.0 450.1 326.8 376.7 403.2 425.0 0.0 289.5 388.3 404.5 418.3 340.0 318.8 500.6 381.2 332.4 445.3 470.8 490.4 484.1 334.8 278.2 278.0 450.3 458.4 399.7 332.4 408.7 332.4 368.5 444.8 332.4 467.6 491.1 0.0 492.6 400.7 336.7 319.7 287.8 350.4 430.3 443.0 382.2 389.5 439.5 360.5 332.4 383.6 424.0 353.8 301.6 446.2 453.5 386.9 406.1 496.6 428.0 323.7 401.1 359.0 428.8 281.4 177.3 425.4 357.2 300.8 304.5 447.2 329.7 411.0 0.0
