Name		2993_BED-Amazon_n119_m260_bt28
Number_of_Customers	119
Number_of_Items		260
Number_of_ItemTypes	28
Number_of_Vehicles	1
TimeWindows		0
Dist_type	manual

VEHICLE
Mass_Capacity	2071
CargoSpace_Length	174
CargoSpace_Width	61
CargoSpace_Height	84

CUSTOMERS
i	x	y	Demand	ReadyTime	DueDate	ServiceTime	DemandedMass	DemandedVolume
0	33.918699	-118.324843	0	0	0	0	0	0
1	33.998335	-118.420588	2	0	0	0	8.52	9960
2	33.996104	-118.408669	1	0	0	0	9.4	2760
3	33.996583	-118.424743	1	0	0	0	4.7	1380
4	34.00515	-118.414077	1	0	0	0	2.91	13520
5	34.000149	-118.41027	1	0	0	0	4.7	1380
6	34.000085	-118.41318	1	0	0	0	4.7	1380
7	33.997231	-118.421406	3	0	0	0	7.3	5196
8	33.997848	-118.409228	1	0	0	0	0.7	2640
9	33.995514	-118.409886	2	0	0	0	7.45	10452
10	34.004942	-118.414197	2	0	0	0	5.4	4020
11	33.995734	-118.410225	1	0	0	0	3.01	5544
12	33.995168	-118.424278	1	0	0	0	4.7	1380
13	34.002945	-118.423692	2	0	0	0	3.65	5784
14	34.000322	-118.411264	3	0	0	0	10.81	20665
15	33.998968	-118.426534	1	0	0	0	4.7	1380
16	33.997171	-118.426544	1	0	0	0	4.7	1380
17	34.000631	-118.4145	1	0	0	0	4.7	1380
18	34.00228	-118.424174	1	0	0	0	2.6	10400
19	33.998588	-118.422908	1	0	0	0	3.82	7600
20	33.995679	-118.421704	1	0	0	0	1.75	4608
21	33.996679	-118.409545	1	0	0	0	2.5	3978
22	34.003389	-118.422965	2	0	0	0	6.45	5988
23	34.000904	-118.414902	1	0	0	0	4.7	1380
24	34.002213	-118.425738	2	0	0	0	5.4	4020
25	33.999731	-118.415288	1	0	0	0	9.4	2760
26	33.99939	-118.425741	1	0	0	0	0.7	2640
27	34.001531	-118.41394	1	0	0	0	2.5	3978
28	33.998231	-118.4104	1	0	0	0	1.75	4608
29	33.996136	-118.406554	1	0	0	0	4.7	1380
30	33.999709	-118.414279	3	0	0	0	17.29	13095
31	33.999756	-118.427286	6	0	0	0	34.6	58315
32	33.998521	-118.421721	6	0	0	0	24.14	58288
33	34.000524	-118.41424	3	0	0	0	7.3	5196
34	33.99599	-118.423926	2	0	0	0	5.4	4020
35	33.99538	-118.407566	2	0	0	0	7.3	11780
36	33.996639	-118.407337	1	0	0	0	2.5	3978
37	33.999548	-118.418351	2	0	0	0	6.7	7376
38	33.997948	-118.421817	4	0	0	0	24.41	19862
39	34.001384	-118.41884	2	0	0	0	10.1	5400
40	34.000546	-118.425285	3	0	0	0	7.7	8040
41	33.996819	-118.415008	1	0	0	0	0.7	2640
42	34.001076	-118.415596	4	0	0	0	9.8	9174
43	33.997319	-118.408401	1	0	0	0	7.3	3640
44	33.998953	-118.414895	1	0	0	0	4.7	1380
45	34.001846	-118.41221	2	0	0	0	8.52	8980
46	33.995925	-118.425521	1	0	0	0	4.7	1380
47	34.002179	-118.419476	2	0	0	0	17.03	19608
48	34.00016	-118.424135	1	0	0	0	4.7	1380
49	33.99886	-118.423118	1	0	0	0	2.91	13520
50	34.000141	-118.42885	4	0	0	0	14.19	29520
51	34.003579	-118.422218	2	0	0	0	22.62	13120
52	33.999698	-118.412214	3	0	0	0	12.04	20639
53	33.997464	-118.412854	1	0	0	0	2.5	3978
54	34.000937	-118.417328	2	0	0	0	2.85	3720
55	34.000296	-118.425826	1	0	0	0	4.7	1380
56	33.994305	-118.421602	2	0	0	0	7.45	10452
57	33.996983	-118.412036	3	0	0	0	11.4	8756
58	33.998135	-118.426072	1	0	0	0	4.7	1380
59	34.000473	-118.418128	1	0	0	0	0.7	2640
60	33.998995	-118.42322	2	0	0	0	16.97	30880
61	33.999092	-118.419797	4	0	0	0	17.84	27750
62	33.995563	-118.414554	1	0	0	0	5.29	8075
63	34.001937	-118.421022	1	0	0	0	1.8	2520
64	34.004115	-118.413035	1	0	0	0	0.7	2640
65	33.997416	-118.424348	1	0	0	0	4.7	1380
66	34.001456	-118.42348	1	0	0	0	0.7	2640
67	34.001718	-118.419108	5	0	0	0	22.64	26923
68	33.999673	-118.42521	3	0	0	0	11.6	15500
69	33.996465	-118.419484	1	0	0	0	3.01	5544
70	33.997123	-118.411199	2	0	0	0	8.0	6280
71	33.999517	-118.416711	1	0	0	0	1.9	1176
72	33.996598	-118.420444	4	0	0	0	9.75	12444
73	33.99653	-118.415226	1	0	0	0	4.7	1380
74	33.997593	-118.422949	3	0	0	0	12.7	7660
75	33.994601	-118.408483	2	0	0	0	7.3	11780
76	33.999315	-118.416303	2	0	0	0	7.04	12683
77	34.000388	-118.417334	1	0	0	0	0.7	2640
78	33.999983	-118.424625	1	0	0	0	2.5	3978
79	33.997228	-118.41038	1	0	0	0	0.7	2640
80	33.997472	-118.415659	3	0	0	0	10.07	12882
81	33.998389	-118.411634	1	0	0	0	0.7	2640
82	34.000559	-118.424458	2	0	0	0	5.35	19472
83	34.00123	-118.41152	2	0	0	0	6.6	2556
84	33.997625	-118.419119	1	0	0	0	9.4	2760
85	33.995433	-118.415243	1	0	0	0	9.4	2760
86	34.002647	-118.419851	5	0	0	0	25.09	31675
87	33.995441	-118.423286	2	0	0	0	6.45	5988
88	34.000723	-118.416562	1	0	0	0	7.3	3640
89	34.001583	-118.425259	1	0	0	0	9.4	2760
90	33.996269	-118.422557	4	0	0	0	20.76	15468
91	33.996098	-118.410784	1	0	0	0	4.7	1380
92	34.002584	-118.418645	3	0	0	0	12.06	13792
93	34.003767	-118.420783	3	0	0	0	8.75	3636
94	34.003072	-118.412849	1	0	0	0	1.9	1176
95	33.997306	-118.421519	1	0	0	0	1.75	4608
96	33.99497	-118.409049	1	0	0	0	6.72	25740
97	33.997735	-118.425957	2	0	0	0	12.86	36195
98	33.997208	-118.420277	2	0	0	0	6.5	3900
99	33.999934	-118.412804	1	0	0	0	0.7	2640
100	33.996195	-118.408809	4	0	0	0	22.8	14740
101	33.996402	-118.41652	3	0	0	0	12.46	10264
102	34.003451	-118.423058	8	0	0	0	53.17	30504
103	34.002214	-118.413108	1	0	0	0	2.5	3978
104	33.99597	-118.422129	1	0	0	0	1.75	4608
105	33.997058	-118.421141	3	0	0	0	13.54	22500
106	33.998964	-118.414449	1	0	0	0	4.7	1380
107	33.996706	-118.419378	2	0	0	0	9.32	32728
108	34.004418	-118.413535	1	0	0	0	0.7	2640
109	33.998664	-118.424237	2	0	0	0	5.72	8776
110	34.003009	-118.423587	2	0	0	0	11.3	3936
111	33.996577	-118.423	1	0	0	0	4.7	1380
112	34.002746	-118.412331	1	0	0	0	2.6	10400
113	34.003822	-118.41405	1	0	0	0	1.75	4608
114	33.997475	-118.410756	1	0	0	0	3.01	5544
115	33.998227	-118.415047	1	0	0	0	4.7	1380
116	34.001928	-118.418141	1	0	0	0	1.9	1176
117	33.999771	-118.418018	4	0	0	0	20.41	22724
118	33.996331	-118.421141	1	0	0	0	0.7	2640
119	34.000816	-118.422885	1	0	0	0	2.5	3978

ITEMS
Type	Length	Width	Height	Mass	Fragility	LoadBearingStrength
Bt1	10	10	10	14.15	1	0
Bt2	18	12	5	2.15	1	0
Bt3	21	14	4	1.9	1	0
Bt4	23	15	4	4.7	1	0
Bt5	20	18	7	1.8	1	0
Bt6	15	11	16	0.7	1	0
Bt7	20	14	13	7.3	1	0
Bt8	17	13	18	2.5	1	0
Bt9	24	12	16	1.75	1	0
Bt10	28	22	9	3.01	1	0
Bt11	31	20	10	4.8	1	0
Bt12	36	19	11	2.87	1	0
Bt13	40	19	10	3.82	1	0
Bt14	25	19	17	5.29	1	0
Bt15	22	15	26	3.816	1	0
Bt16	34	16	16	1.55	1	0
Bt17	28	18	18	2.75	1	0
Bt18	40	20	13	2.6	1	0
Bt19	29	27	15	2.11	1	0
Bt20	39	22	15	3.36	1	0
Bt21	26	20	26	2.91	1	0
Bt22	27	23	24	2.94	1	0
Bt23	37	26	16	2.88	1	0
Bt24	39	27	16	7.63	1	0
Bt25	57	15	20	3.44	1	0
Bt26	39	28	16	3.434	1	0
Bt27	39	25	20	6.33	1	0
Bt28	38	37	20	7.568	1	0

DEMANDS PER CUSTOMER
i	Type Quantity
1	Bt15 1	Bt4 1	
2	Bt4 2	
3	Bt4 1	
4	Bt21 1	
5	Bt4 1	
6	Bt4 1	
7	Bt3 1	Bt6 1	Bt4 1	
8	Bt6 1	
9	Bt17 1	Bt4 1	
10	Bt4 1	Bt6 1	
11	Bt10 1	
12	Bt4 1	
13	Bt3 1	Bt9 1	
14	Bt6 2	Bt19 1	Bt7 1	
15	Bt4 1	
16	Bt4 1	
17	Bt4 1	
18	Bt18 1	
19	Bt13 1	
20	Bt9 1	
21	Bt8 1	
22	Bt4 1	Bt9 1	
23	Bt4 1	
24	Bt4 1	Bt6 1	
25	Bt4 2	
26	Bt6 1	
27	Bt8 1	
28	Bt9 1	
29	Bt4 1	
30	Bt7 1	Bt14 1	Bt4 1	
31	Bt4 4	Bt9 2	Bt14 1	Bt6 1	Bt26 1	Bt23 1	
32	Bt27 1	Bt4 1	Bt16 1	Bt13 1	Bt22 1	Bt11 1	
33	Bt6 1	Bt3 1	Bt4 1	
34	Bt6 1	Bt4 1	
35	Bt18 1	Bt4 1	
36	Bt8 1	
37	Bt11 1	Bt3 1	
38	Bt10 1	Bt11 1	Bt8 1	Bt4 3	
39	Bt4 2	Bt6 1	
40	Bt3 2	Bt2 1	Bt9 1	
41	Bt6 1	
42	Bt8 1	Bt4 1	Bt6 1	Bt3 1	
43	Bt7 1	
44	Bt4 1	
45	Bt13 1	Bt4 1	
46	Bt4 1	
47	Bt4 2	Bt24 1	
48	Bt4 1	
49	Bt21 1	
50	Bt24 1	Bt10 1	Bt9 1	Bt5 1	
51	Bt13 1	Bt4 4	
52	Bt9 1	Bt8 2	Bt14 1	
53	Bt8 1	
54	Bt2 1	Bt6 1	
55	Bt4 1	
56	Bt17 1	Bt4 1	
57	Bt4 1	Bt3 1	Bt11 1	
58	Bt4 1	
59	Bt6 1	
60	Bt4 2	Bt28 1	
61	Bt4 1	Bt10 1	Bt8 1	Bt24 1	
62	Bt14 1	
63	Bt5 1	
64	Bt6 1	
65	Bt4 1	
66	Bt6 1	
67	Bt4 2	Bt11 1	Bt14 1	Bt6 2	Bt9 1	
68	Bt6 3	Bt4 1	Bt11 1	
69	Bt10 1	
70	Bt7 1	Bt6 1	
71	Bt3 1	
72	Bt4 1	Bt9 1	Bt6 2	Bt3 1	
73	Bt4 1	
74	Bt6 1	Bt7 1	Bt4 1	
75	Bt18 1	Bt4 1	
76	Bt9 1	Bt14 1	
77	Bt6 1	
78	Bt8 1	
79	Bt6 1	
80	Bt12 1	Bt4 1	Bt8 1	
81	Bt6 1	
82	Bt17 1	Bt18 1	
83	Bt3 1	Bt4 1	
84	Bt4 2	
85	Bt4 2	
86	Bt14 1	Bt6 1	Bt17 1	Bt9 1	Bt7 2	
87	Bt9 1	Bt4 1	
88	Bt7 1	
89	Bt4 2	
90	Bt4 3	Bt9 1	Bt3 1	Bt10 1	
91	Bt4 1	
92	Bt10 1	Bt7 1	Bt9 1	
93	Bt4 1	Bt2 1	Bt3 1	
94	Bt3 1	
95	Bt9 1	
96	Bt20 2	
97	Bt14 1	Bt28 1	
98	Bt4 1	Bt5 1	
99	Bt6 1	
100	Bt9 1	Bt8 2	Bt1 1	Bt3 1	
101	Bt7 1	Bt10 1	Bt2 1	
102	Bt1 1	Bt4 3	Bt9 1	Bt7 2	Bt6 1	Bt15 1	Bt3 1	Bt2 1	
103	Bt8 1	
104	Bt9 1	
105	Bt4 2	Bt25 1	Bt6 1	
106	Bt4 1	
107	Bt28 1	Bt9 1	
108	Bt6 1	
109	Bt13 1	Bt3 1	
110	Bt4 2	Bt3 1	
111	Bt4 1	
112	Bt18 1	
113	Bt9 1	
114	Bt10 1	
115	Bt4 1	
116	Bt3 1	
117	Bt6 1	Bt18 1	Bt10 1	Bt4 3	
118	Bt6 1	
119	Bt8 1	

DISTANCE MATRIX
0.0 1326.3 1303.2 1221.7 1127.1 1216.9 1098.3 1190.2 1247.2 1254.9 1123.5 1247.1 1158.2 1271.9 1117.1 1330.1 1197.7 1105.5 1308.6 1227.7 1192.3 1276.7 1256.0 1117.2 1314.4 1301.8 1296.4 1152.6 1209.2 1322.0 1352.5 1281.5 1349.6 1099.9 1205.3 1336.5 1300.1 1281.5 1368.1 1305.1 1332.0 1202.1 1134.2 1270.3 1333.7 1054.7 1201.9 1275.2 1256.1 1235.4 1238.1 1266.8 1116.3 1252.9 1275.6 1348.5 1159.4 1237.7 1251.4 1286.1 1245.1 1311.8 1202.6 1338.8 1152.4 1226.1 1328.3 1311.8 1286.5 1173.6 1223.5 1300.2 1174.1 1195.0 1242.9 1283.1 1307.1 1259.9 1278.9 1251.5 1147.9 1160.3 1263.2 1090.3 1221.5 1171.7 1265.0 1174.8 1250.9 1293.1 1210.7 1235.8 1262.9 1255.1 1071.2 1191.9 1271.7 1260.3 1196.1 1105.9 1287.0 1138.6 1256.5 1100.1 1201.4 1186.3 1094.3 1178.4 1143.0 1287.5 1270.0 1221.2 1059.3 1086.3 1240.1 1106.0 1299.6 1275.7 1217.5 1340.7
1407.3 0.0 358.1 114.2 166.0 256.3 178.0 62.1 293.3 335.0 161.5 328.1 150.1 161.3 277.0 142.7 90.0 141.8 162.1 61.5 133.3 322.8 176.9 131.6 139.6 118.8 130.2 168.1 255.3 368.1 169.5 169.1 148.2 146.5 133.7 380.6 346.2 52.5 166.7 116.0 136.8 213.2 127.4 316.4 146.3 227.2 142.3 131.9 89.9 69.2 192.8 194.8 195.1 277.3 112.6 154.2 177.6 297.8 98.7 97.9 70.7 24.8 209.6 138.3 191.3 61.7 181.8 122.7 121.9 109.3 279.3 95.2 75.4 206.1 46.2 363.3 107.6 78.1 112.7 297.6 165.4 240.0 94.6 231.1 53.8 200.8 142.9 132.6 88.2 110.7 110.9 316.8 152.1 224.2 181.3 61.6 352.7 105.5 106.4 185.6 344.2 156.1 176.5 174.3 123.4 65.5 192.0 111.3 181.9 116.5 163.2 101.7 191.7 162.9 286.2 203.7 137.5 62.7 89.8 194.2
1267.9 339.4 0.0 404.9 313.0 146.1 153.6 320.8 113.0 149.7 317.1 134.2 388.1 451.3 149.7 431.8 397.1 189.1 451.2 350.6 357.2 23.1 422.1 200.8 429.6 323.6 419.3 236.2 75.5 187.8 374.3 477.9 371.4 191.2 386.3 31.2 165.9 300.0 389.9 326.9 434.5 238.2 206.4 136.1 347.8 211.1 428.1 369.7 379.0 358.3 478.8 390.9 139.9 120.0 289.7 443.3 416.5 104.8 405.8 300.2 360.7 333.6 204.3 352.9 338.3 368.8 387.2 333.6 418.7 296.5 85.4 317.5 289.0 231.1 361.9 169.4 329.9 274.0 401.8 45.2 205.7 146.4 383.7 212.7 344.4 204.4 356.3 379.2 265.0 399.8 383.3 122.9 346.5 368.8 276.0 314.8 166.5 413.5 324.4 148.2 3.6 240.5 422.6 238.2 366.3 316.9 176.1 298.5 328.9 405.6 460.9 386.1 264.1 291.1 55.1 187.2 313.7 289.8 327.8 374.8
1475.5 119.3 401.3 0.0 234.2 324.5 246.2 90.4 361.5 314.4 230.6 306.6 54.8 209.6 284.4 112.6 53.7 210.0 209.5 108.9 78.4 374.8 225.2 199.8 187.9 187.9 125.1 236.3 323.5 436.3 238.6 138.3 217.3 215.6 17.1 434.6 414.4 125.7 235.8 185.1 185.1 240.6 184.0 384.6 214.5 287.9 94.8 204.2 137.3 116.6 200.8 243.1 264.2 300.1 181.7 201.6 65.2 301.2 67.0 166.1 126.3 144.1 237.0 206.5 259.5 41.7 229.2 191.8 135.0 136.7 321.6 163.4 103.7 233.5 58.5 342.6 170.3 146.3 142.6 349.6 193.7 308.2 144.4 279.5 122.9 228.2 211.1 38.2 156.4 164.3 80.1 295.3 221.2 233.9 249.5 89.0 331.2 74.7 116.6 253.8 385.1 184.4 224.8 242.5 88.2 93.8 260.2 141.5 250.1 168.7 211.5 70.0 259.9 231.1 338.2 205.0 205.7 131.8 87.4 228.4
1288.8 152.3 280.7 235.4 0.0 194.4 156.9 184.2 224.7 267.3 2.2 259.5 271.3 247.7 198.0 263.9 211.2 120.7 223.5 182.7 254.5 254.2 188.9 110.5 261.7 127.8 251.4 103.7 186.7 299.5 178.5 291.2 175.6 126.3 252.5 314.0 277.6 107.5 194.1 131.1 258.9 252.2 94.7 247.8 159.7 101.2 263.5 150.2 211.1 190.4 314.9 207.0 174.9 245.3 101.6 275.4 299.7 230.1 219.9 112.1 200.1 137.8 252.7 164.8 44.3 182.9 199.1 137.8 241.5 230.5 207.3 129.4 197.5 245.1 168.3 295.5 136.3 85.9 233.9 229.0 163.3 218.9 218.2 136.8 216.1 221.8 157.1 254.7 76.9 238.1 233.0 248.2 141.1 179.9 62.8 182.8 284.1 227.6 222.2 164.5 264.5 172.6 189.4 84.3 244.6 187.6 140.8 235.3 34.9 242.5 202.9 222.9 73.2 44.4 217.6 152.5 125.6 101.7 211.0 186.7
1220.5 247.3 165.0 317.3 219.9 0.0 60.5 225.5 109.0 151.6 216.3 143.8 300.5 337.2 21.7 344.2 306.2 96.0 318.5 263.0 269.6 138.5 321.3 107.7 342.0 222.8 331.7 143.1 71.0 183.8 273.5 382.6 270.6 90.4 300.9 198.3 161.9 202.5 289.1 226.1 339.2 247.8 124.7 132.1 254.7 73.4 340.5 265.7 291.4 270.7 403.2 302.0 46.8 81.9 196.6 355.7 335.1 114.4 314.9 207.1 280.4 232.8 213.9 259.8 245.2 277.9 294.1 232.8 321.8 208.9 91.6 224.4 209.4 240.7 263.3 179.8 231.3 180.9 314.2 113.3 119.3 44.6 298.5 64.6 256.8 206.3 256.5 283.9 171.9 318.4 288.0 132.5 253.4 278.3 128.4 227.2 168.4 322.6 231.4 55.1 148.8 128.6 321.8 145.1 278.7 221.6 138.0 213.7 235.8 322.8 335.3 298.5 116.5 143.5 101.9 108.5 220.6 196.7 240.2 281.7
1251.5 185.7 170.2 261.7 158.3 77.2 0.0 169.9 114.2 156.8 154.7 149.0 244.9 275.6 66.6 288.6 244.6 34.4 256.9 207.4 214.0 143.7 259.7 46.1 286.4 161.2 276.1 81.5 76.2 189.0 211.9 324.6 209.0 28.8 245.3 203.5 167.1 140.9 227.5 164.5 283.6 152.6 63.1 137.3 193.1 40.4 284.9 204.1 235.8 215.1 341.6 240.4 16.9 98.2 135.0 300.1 279.5 119.6 253.3 145.5 224.8 171.2 219.1 198.2 183.6 216.3 232.5 171.2 266.2 153.3 96.8 162.8 153.8 145.5 201.7 185.0 169.7 119.3 258.6 118.5 63.7 60.9 242.9 61.7 201.2 211.5 194.9 228.3 110.3 262.8 232.4 137.7 191.8 216.7 95.4 171.6 173.6 261.0 175.8 6.6 154.0 73.0 260.2 83.5 223.1 166.0 41.2 158.1 174.2 267.2 273.7 242.9 83.5 155.2 107.1 52.9 159.0 135.1 184.6 220.1
1422.0 64.8 310.8 103.8 180.7 271.0 192.7 0.0 288.4 223.9 177.1 216.1 87.0 138.1 193.9 118.6 83.9 156.5 138.0 37.4 63.8 284.3 153.7 146.3 116.4 134.4 106.1 182.8 250.9 363.2 185.1 157.0 163.8 162.1 85.2 344.1 341.3 72.2 182.3 131.6 113.6 150.1 130.5 311.5 161.0 183.7 127.0 147.5 65.8 45.1 157.9 171.6 210.7 209.6 128.2 130.1 115.4 210.7 92.6 112.6 47.5 90.6 146.5 153.0 206.0 55.6 157.7 138.3 97.8 46.2 228.1 109.9 19.2 143.0 41.0 251.3 122.3 92.8 88.6 259.1 103.2 254.7 72.9 187.6 69.4 137.7 157.6 70.4 102.9 92.8 62.9 204.8 167.7 200.1 196.0 1.7 240.7 100.3 43.3 200.3 306.6 93.0 153.3 189.0 53.6 3.3 126.1 48.2 196.6 97.2 140.0 73.4 206.4 177.6 247.7 114.5 152.2 78.3 26.7 170.1
1214.4 286.9 135.5 385.0 259.5 92.6 100.1 293.2 0.0 122.1 255.9 114.3 368.2 376.8 96.2 411.9 345.8 135.6 358.1 330.7 337.3 109.0 360.9 147.3 409.7 262.4 399.4 182.7 41.5 74.7 313.1 450.3 310.2 130.0 368.6 168.8 52.8 242.1 328.7 265.7 406.9 218.3 164.3 23.1 294.3 141.6 408.2 305.3 359.1 338.4 442.8 341.6 86.4 100.1 236.2 423.4 396.6 84.9 354.5 246.7 348.1 272.4 184.4 299.4 284.8 317.5 333.7 272.4 389.5 276.6 62.1 264.0 277.1 211.2 302.9 150.3 270.9 220.5 381.9 83.8 164.9 102.2 366.2 157.3 324.5 176.8 296.1 351.6 211.5 386.1 355.7 103.0 293.0 317.9 222.5 294.9 138.9 362.2 299.1 94.7 119.3 174.2 361.4 184.7 346.4 289.3 156.2 281.4 275.4 390.5 374.9 366.2 210.6 237.6 72.4 154.1 260.2 236.3 307.9 321.3
1262.8 334.3 130.3 364.9 307.9 135.7 144.5 273.1 107.9 0.0 304.3 6.7 348.1 411.3 144.6 391.8 357.1 184.0 411.2 310.6 317.2 103.8 426.9 195.7 389.6 310.8 379.3 231.1 70.4 182.7 361.5 430.2 358.6 178.4 346.3 161.6 160.8 290.5 377.1 314.1 386.8 198.2 201.3 131.0 342.7 175.7 388.1 356.9 339.0 318.3 431.1 385.8 134.8 62.0 284.6 403.3 376.5 46.8 365.8 295.1 320.7 320.8 164.3 347.8 333.2 328.8 382.1 320.8 371.0 256.5 50.6 383.1 257.0 191.1 314.2 27.4 395.5 268.9 361.8 78.6 140.0 88.4 346.1 179.6 304.4 156.7 344.5 331.5 259.9 366.0 335.6 19.0 341.4 363.7 214.7 274.8 16.8 373.5 284.4 143.1 126.1 150.2 426.5 233.1 326.3 269.2 118.1 258.5 323.8 370.4 413.2 346.1 202.8 229.8 67.2 129.2 308.6 284.7 287.8 369.7
1286.5 149.0 278.4 233.1 3.5 192.1 154.6 181.9 222.4 265.0 0.0 257.2 269.0 245.4 195.7 261.6 208.9 118.4 221.2 180.4 252.2 251.9 186.6 108.2 259.4 125.5 249.1 101.4 184.4 297.2 176.2 288.9 173.3 124.0 250.2 309.7 275.3 105.2 191.8 128.8 256.6 249.9 104.0 245.5 157.4 129.2 261.2 144.7 208.8 188.1 312.6 200.5 172.6 243.0 99.3 273.1 297.4 227.8 217.6 109.8 190.5 135.5 250.4 162.5 42.0 180.6 196.8 135.5 240.8 228.2 208.4 127.1 201.2 242.8 166.0 292.4 139.5 83.6 231.6 226.7 161.0 216.6 213.5 133.1 213.8 219.5 154.8 252.4 74.6 235.8 230.7 245.9 138.8 175.0 60.5 180.5 281.8 225.3 225.3 162.2 274.2 171.2 187.1 82.0 242.3 185.3 138.5 233.0 32.6 240.2 200.6 220.6 70.9 42.1 215.3 150.2 123.3 99.4 208.7 184.4
1255.0 327.5 122.5 357.1 300.1 127.9 136.7 265.3 100.1 6.7 296.5 0.0 340.3 403.5 136.8 384.0 349.3 176.2 403.4 302.8 309.4 96.0 419.1 187.9 381.8 303.0 371.5 223.3 62.6 174.9 353.7 422.4 350.8 170.6 340.7 155.8 153.0 282.7 369.3 306.3 379.0 190.4 204.9 123.2 334.9 151.9 380.3 345.9 331.2 310.5 423.3 382.2 127.0 54.2 276.8 395.5 368.7 39.0 358.0 287.3 320.2 313.0 156.5 340.0 325.4 321.0 374.3 313.0 361.6 248.7 42.8 375.3 249.2 183.3 306.4 34.9 382.2 261.1 354.0 70.8 132.2 80.6 338.3 173.2 296.6 148.9 336.7 323.7 252.1 358.2 327.8 11.2 333.6 358.5 206.9 267.0 23.5 365.7 271.2 135.3 106.3 141.5 418.7 225.3 318.5 261.4 110.3 253.5 316.0 362.6 405.4 338.3 195.0 222.0 59.4 121.4 300.8 276.9 280.0 361.9
1389.1 166.4 379.3 63.4 281.3 299.3 221.0 100.5 356.9 292.4 277.7 284.6 0.0 216.5 262.4 176.1 97.7 257.1 216.4 138.0 50.2 352.8 232.1 246.9 217.0 235.0 206.7 283.4 319.4 431.7 285.7 189.3 297.2 262.7 47.0 412.6 409.8 172.8 315.7 232.2 214.2 218.6 231.1 380.0 261.6 236.2 39.9 305.6 166.4 145.7 145.9 250.0 239.0 278.1 228.8 230.7 55.0 279.2 130.5 213.2 155.4 191.2 215.0 283.7 306.6 105.2 236.1 238.9 196.8 114.7 299.6 210.5 81.7 211.5 122.0 320.6 217.4 193.4 189.2 327.6 171.7 283.0 173.5 257.5 128.1 206.2 297.7 16.5 203.5 200.9 69.3 273.3 268.3 275.9 296.6 102.2 309.2 160.4 88.4 228.6 363.1 162.4 231.7 289.6 60.0 96.6 194.6 119.5 297.2 197.8 218.4 79.8 307.0 278.2 316.2 183.0 252.8 178.9 59.2 248.5
1430.5 192.3 422.4 247.7 209.3 333.3 255.0 143.8 366.4 409.0 211.6 401.2 230.9 0.0 339.7 116.0 229.8 218.8 32.6 102.9 207.7 395.9 15.5 208.6 42.4 209.3 103.5 290.2 328.4 441.2 248.7 96.5 138.5 224.4 229.1 453.7 419.3 152.9 157.0 108.1 89.4 294.0 192.8 389.5 217.5 273.2 270.9 92.2 75.9 97.1 65.9 33.4 273.0 354.3 158.5 105.9 259.3 371.8 168.0 127.1 94.4 178.8 290.4 67.1 232.5 201.5 52.3 101.4 95.2 190.1 352.4 166.4 163.1 286.9 186.9 436.4 178.8 185.4 86.0 370.7 291.5 317.0 68.8 277.1 221.5 281.6 81.1 214.3 193.0 50.5 251.6 389.9 119.0 61.9 204.5 142.4 425.8 189.4 187.2 262.6 418.2 301.7 15.1 259.4 197.5 147.2 269.0 192.1 223.1 128.2 1.9 241.5 214.9 186.1 359.3 280.7 134.5 142.7 170.6 64.7
1219.2 264.0 163.7 295.5 162.5 36.8 77.2 203.7 107.7 150.3 158.9 142.5 278.7 341.9 0.0 322.4 322.9 112.7 335.2 241.2 247.8 137.2 338.0 124.4 320.2 239.5 309.9 159.8 69.7 182.5 290.2 360.8 287.3 107.1 276.9 195.0 160.6 219.2 305.8 242.8 317.4 246.5 130.0 130.8 271.4 67.6 318.7 285.6 269.6 248.9 392.0 314.5 63.5 98.6 213.3 333.9 313.3 113.1 331.6 223.8 251.3 249.5 212.6 276.5 187.8 294.6 310.8 249.5 301.6 187.1 90.3 241.1 187.6 239.4 280.0 177.7 248.0 197.6 292.4 112.0 97.5 61.3 274.3 72.9 235.0 205.0 272.2 262.1 188.6 296.6 266.2 131.2 270.1 292.4 106.6 205.4 167.1 339.3 209.6 71.8 159.5 107.7 338.5 161.8 256.9 199.8 75.0 189.1 178.4 296.2 343.8 276.7 94.7 121.7 100.6 86.7 237.3 213.4 218.4 298.4
1502.5 157.5 421.5 132.1 272.4 341.5 263.2 110.6 399.1 334.6 268.8 326.8 197.7 122.3 304.6 0.0 107.9 248.2 122.2 69.7 174.5 395.0 137.9 238.0 100.6 226.1 12.4 274.5 361.6 473.9 276.8 38.3 203.0 253.8 149.2 454.8 452.0 163.9 221.5 230.5 97.8 260.8 222.2 422.2 252.7 278.4 160.2 211.4 42.7 63.9 91.7 155.8 281.2 320.3 280.9 114.3 226.1 321.4 55.5 249.5 53.7 182.3 257.2 189.5 297.7 127.3 141.9 223.8 22.4 156.9 341.8 201.6 123.9 253.7 112.7 362.8 208.5 184.5 30.0 369.8 213.9 325.2 57.1 299.7 188.3 248.4 203.5 181.1 194.6 77.0 177.4 315.5 241.4 181.7 326.9 109.2 351.4 76.9 148.6 270.8 405.3 204.6 137.5 280.7 164.3 114.0 236.8 161.7 288.3 95.0 124.2 167.3 337.3 308.5 358.4 225.2 256.9 170.0 137.4 154.3
1461.1 104.9 386.9 43.5 219.8 310.1 231.8 76.0 347.1 300.0 216.2 292.2 98.4 173.2 270.0 98.2 0.0 195.6 173.1 94.5 166.3 360.4 188.8 185.4 209.3 173.5 110.7 221.9 309.1 421.9 224.2 146.0 202.9 201.2 60.6 420.2 400.0 111.3 221.4 170.7 196.5 226.2 169.6 370.2 200.1 273.5 69.1 189.8 122.9 102.2 102.6 206.7 249.8 285.7 167.3 213.0 108.8 286.8 52.6 151.7 111.9 129.7 222.6 192.1 245.1 27.3 192.8 177.4 120.6 122.3 307.2 149.0 89.3 219.1 44.1 328.2 155.9 131.9 128.2 335.2 179.3 293.8 130.0 265.1 108.5 213.8 196.7 81.8 142.0 157.6 144.8 280.9 206.8 232.6 235.1 74.6 316.8 61.6 114.0 239.4 370.7 170.0 188.4 228.1 156.4 79.4 245.8 127.1 235.7 154.3 175.1 134.7 245.5 216.7 323.8 190.6 191.3 117.4 102.8 205.2
1288.7 151.2 207.4 270.6 123.8 114.4 36.1 178.8 151.4 194.0 120.2 186.2 253.8 241.1 136.0 297.5 210.1 0.0 222.4 216.3 222.9 180.9 225.2 11.6 295.3 126.7 285.0 89.5 113.4 226.2 177.4 290.1 174.5 5.5 254.2 240.7 204.3 106.4 193.0 130.0 292.5 161.5 28.6 174.5 158.6 69.3 293.8 169.6 244.7 224.0 307.1 205.9 54.1 135.4 100.5 309.0 288.4 156.8 218.8 111.0 233.7 136.7 162.0 163.7 149.1 181.8 198.0 136.7 275.1 162.2 134.0 128.3 162.7 154.4 167.2 222.2 135.2 84.8 267.5 155.7 72.6 98.1 251.8 90.6 210.1 131.1 160.4 237.2 75.8 271.7 241.3 174.9 157.3 182.2 139.1 180.5 210.8 226.5 184.7 43.7 191.2 81.9 225.7 91.5 232.0 174.9 50.1 167.0 139.7 276.1 239.2 251.8 149.5 120.7 144.3 61.8 124.5 100.6 193.5 185.6
1454.7 191.6 446.6 196.2 233.5 357.5 279.2 145.0 390.6 433.2 235.8 425.4 232.1 24.1 363.9 127.4 172.0 243.0 0.0 143.5 215.3 420.1 39.7 232.8 53.8 233.5 114.9 253.9 352.6 465.4 272.9 107.9 80.7 248.6 213.3 479.9 443.5 146.8 99.2 132.3 100.8 295.2 217.0 413.7 241.7 267.1 224.3 113.2 171.9 151.2 77.3 57.6 297.2 378.5 182.7 117.3 260.5 396.0 180.7 151.3 160.9 177.1 291.6 91.3 256.7 143.7 19.6 125.6 105.0 191.3 373.2 190.6 158.3 288.1 129.1 461.4 197.5 163.9 97.4 394.9 315.7 341.2 80.2 302.7 222.7 282.8 105.3 215.5 217.2 61.9 193.8 414.1 143.2 83.5 228.7 143.6 450.0 188.4 183.0 286.8 430.4 325.0 39.3 283.6 205.4 148.4 293.2 196.1 247.3 203.3 26.0 183.7 239.1 210.3 383.5 304.9 158.7 141.0 171.8 32.0
1432.7 87.7 351.7 144.7 202.6 271.7 193.4 40.8 329.3 264.8 199.0 257.0 127.9 100.6 234.8 81.1 85.8 178.4 100.5 0.0 104.7 325.2 116.2 168.2 78.9 156.3 68.6 204.7 291.8 404.1 207.0 119.5 181.3 184.0 128.3 385.0 382.2 94.1 199.8 208.8 76.1 191.0 152.4 352.4 182.9 208.6 167.9 189.7 28.3 7.6 120.4 134.1 211.4 250.5 150.1 92.6 156.3 251.6 94.5 134.5 17.3 112.5 187.4 167.8 227.9 57.5 120.2 202.1 58.7 87.1 272.0 131.8 54.1 183.9 42.9 293.0 138.7 114.7 51.1 300.0 144.1 255.4 35.4 229.9 118.5 178.6 181.8 111.3 124.8 55.3 107.6 245.7 219.7 160.0 217.9 39.4 281.6 102.2 78.8 201.0 335.5 134.8 115.8 210.9 94.5 44.2 167.0 91.9 218.5 59.7 102.5 97.5 228.3 199.5 288.6 155.4 235.2 100.2 67.6 132.6
1427.3 139.6 346.3 77.2 254.5 266.3 188.0 67.5 323.9 259.4 250.9 251.6 60.4 205.7 229.4 186.2 103.6 230.3 205.6 105.0 0.0 319.8 221.3 220.1 184.0 208.2 173.7 256.6 286.4 398.7 258.9 183.6 237.6 235.9 60.8 379.6 376.8 146.0 256.1 205.4 181.2 185.6 204.3 347.0 234.8 203.2 100.4 224.5 133.4 112.7 206.4 239.2 206.0 245.1 202.0 197.7 70.2 246.2 112.3 186.4 122.4 164.4 182.0 226.8 279.8 119.0 225.3 212.1 163.8 81.7 266.6 183.7 48.7 178.5 78.8 287.6 190.6 166.6 156.2 294.6 138.7 250.0 140.5 224.5 95.1 173.2 232.4 43.8 176.7 160.4 18.3 240.3 241.5 265.1 269.8 69.2 276.2 120.0 55.4 195.6 330.1 129.4 220.9 262.8 9.0 63.6 161.6 86.5 270.4 164.8 207.6 28.8 280.2 251.4 283.2 150.0 226.0 152.1 26.2 237.7
1244.7 317.2 26.4 381.7 289.8 122.9 130.4 289.9 89.8 118.8 286.2 111.0 364.9 428.1 126.5 408.6 373.9 165.9 428.0 327.4 334.0 0.0 391.2 177.6 406.4 292.7 396.1 213.0 52.3 164.6 343.4 447.0 340.5 160.3 365.3 59.7 142.7 272.4 359.0 296.0 403.6 215.0 194.6 112.9 324.6 171.9 404.9 335.6 355.8 335.1 447.9 371.9 116.7 96.8 266.5 420.1 393.3 81.6 382.6 277.0 344.8 302.7 181.1 329.7 315.1 345.6 364.0 302.7 386.2 273.3 58.8 294.3 273.8 207.9 331.0 147.0 301.2 250.8 378.6 22.0 174.8 123.2 362.9 187.6 321.2 173.5 325.4 348.3 241.8 382.8 352.4 99.7 323.3 348.2 252.8 291.6 135.6 390.3 295.8 125.0 10.2 218.2 391.7 215.0 343.1 286.0 152.9 278.1 305.7 387.2 430.0 362.9 240.9 267.9 32.0 164.0 290.5 266.6 304.6 351.6
1414.9 176.7 406.8 238.4 193.7 317.7 239.4 159.7 350.8 393.4 196.0 385.6 246.8 15.8 324.1 131.9 214.2 203.2 48.5 118.8 257.5 380.3 0.0 193.0 58.3 193.7 119.4 274.6 312.8 425.6 233.1 112.4 122.9 208.8 245.0 440.1 403.7 137.3 141.4 92.5 105.3 309.9 177.9 373.9 201.9 257.6 266.5 76.6 91.8 113.0 81.8 17.8 257.4 338.7 142.9 121.8 275.2 356.2 222.9 111.5 110.3 163.2 306.3 51.5 216.9 185.9 68.2 85.8 111.1 206.0 336.8 150.8 179.0 302.8 171.3 420.8 163.2 169.8 101.9 355.1 275.9 301.4 84.7 261.5 241.5 297.5 65.5 230.2 177.4 66.4 236.0 374.3 103.4 46.3 188.9 158.3 410.2 230.6 203.1 247.0 402.6 286.1 0.4 243.8 247.6 163.1 253.4 208.0 207.5 144.1 13.9 225.9 199.3 170.5 343.7 265.1 118.9 127.1 186.5 80.6
1298.9 139.5 217.6 280.8 112.1 124.6 46.3 189.0 161.6 204.2 108.5 196.4 264.0 229.4 146.2 251.1 198.4 10.1 210.7 169.9 233.1 191.1 213.5 0.0 248.9 115.0 238.6 99.7 123.6 236.4 165.7 278.4 162.8 15.7 264.4 250.9 214.5 94.7 181.3 118.3 246.1 171.7 16.9 184.7 146.9 79.5 304.0 157.9 198.3 177.6 295.4 194.2 64.3 145.6 88.8 262.6 298.6 167.0 207.1 99.3 187.3 125.0 172.2 152.0 137.4 170.1 186.3 125.0 228.7 172.4 144.2 116.6 172.9 164.6 155.5 232.4 123.5 73.1 221.1 165.9 82.8 108.3 205.4 100.8 220.3 141.3 147.7 247.4 64.1 225.3 251.5 185.1 145.6 170.5 127.4 190.7 221.0 214.8 194.9 53.9 201.4 92.1 214.0 101.7 242.2 185.1 60.3 177.2 128.0 229.7 227.5 210.1 137.8 109.0 154.5 72.0 112.8 88.9 203.7 173.9
1508.8 162.3 427.3 220.3 266.1 347.3 269.0 116.4 404.9 340.4 268.4 332.6 203.5 56.7 310.4 88.6 161.4 254.0 56.6 75.5 180.3 400.8 72.3 243.8 0.0 231.9 76.1 280.3 367.4 479.7 282.6 127.0 137.4 259.6 201.7 458.6 457.8 169.7 155.9 164.9 62.0 266.6 237.4 428.0 258.5 284.2 243.5 149.0 48.5 69.7 56.5 90.2 287.0 326.1 215.3 78.5 231.9 327.2 144.2 183.9 67.0 188.1 263.0 123.9 303.5 133.1 76.3 158.2 67.8 162.7 344.6 207.4 129.7 259.5 118.5 368.6 219.8 190.3 58.6 375.6 219.7 331.0 41.4 304.1 194.1 254.2 137.9 186.9 200.4 27.7 183.2 321.3 175.8 118.7 261.3 115.0 357.2 165.6 154.4 276.6 423.1 209.5 71.9 286.5 170.1 119.8 242.6 164.7 294.1 96.0 58.6 173.1 271.7 242.9 364.2 231.0 191.3 175.8 143.2 88.7
1362.3 118.2 304.3 202.3 121.0 211.3 133.0 151.1 248.3 290.9 117.4 283.1 238.2 214.6 232.9 230.8 178.1 96.8 190.4 149.6 221.4 277.8 204.8 86.6 228.6 0.0 218.3 123.1 210.3 323.1 50.6 258.1 142.5 102.4 219.4 337.6 301.2 74.4 161.0 132.5 225.8 258.4 80.2 271.4 31.8 182.2 230.4 148.4 178.0 157.3 281.8 169.7 151.0 232.3 50.5 242.3 266.6 253.7 186.8 113.5 159.7 104.7 258.9 131.7 146.3 149.8 166.0 139.2 210.0 259.1 234.3 72.2 251.6 251.3 135.2 318.3 65.3 52.8 200.8 252.6 169.5 195.0 185.1 186.1 183.0 228.0 137.2 221.6 43.2 205.0 199.9 271.8 90.0 157.4 136.3 149.7 307.7 194.5 281.6 140.6 300.1 179.7 205.3 129.3 211.5 154.5 147.0 261.1 136.9 209.4 216.5 189.8 146.7 117.9 241.2 158.7 74.5 68.6 177.9 153.6
1490.0 145.0 409.0 144.6 259.9 329.0 250.7 98.1 386.6 322.1 256.3 314.3 185.2 109.8 292.1 12.4 120.4 235.7 109.7 57.2 162.0 382.5 125.4 225.5 88.1 213.6 0.0 262.0 349.1 461.4 264.3 50.8 190.5 241.3 185.6 442.3 439.5 151.4 209.0 218.0 85.3 248.3 209.7 409.7 240.2 265.9 172.7 198.9 30.2 51.4 104.2 143.3 268.7 307.8 268.4 101.8 213.6 308.9 68.0 237.0 41.2 169.8 244.7 177.0 285.2 114.8 129.4 211.3 9.9 144.4 329.3 189.1 111.4 241.2 100.2 350.3 196.0 172.0 17.5 357.3 201.4 312.7 44.6 287.2 175.8 235.9 192.0 168.6 182.1 64.5 164.9 303.0 228.9 169.2 314.4 96.7 338.9 89.4 136.1 258.3 392.8 192.1 125.0 268.2 151.8 101.5 224.3 149.2 275.8 82.5 111.7 154.8 324.8 296.0 345.9 212.7 244.4 157.5 124.9 141.8
1310.5 154.9 262.9 238.0 101.7 169.9 91.6 234.3 206.9 249.5 98.1 241.7 309.3 250.3 191.5 266.5 213.8 77.9 226.1 185.3 278.4 236.4 265.9 89.6 264.3 130.4 254.0 0.0 168.9 281.7 181.1 293.8 178.2 72.3 309.7 296.2 259.8 110.1 196.7 133.7 261.5 217.0 106.6 230.0 162.3 122.9 266.1 152.8 213.7 193.0 317.5 209.6 109.6 190.9 104.2 278.0 343.9 212.3 222.5 114.7 202.7 140.4 217.5 167.4 127.0 185.5 201.7 140.4 244.1 217.7 189.5 132.0 218.2 209.9 170.9 277.7 138.9 88.5 236.5 211.2 128.1 153.6 220.8 146.1 265.6 186.6 160.7 292.7 79.5 240.7 235.6 230.4 143.7 182.5 117.0 236.0 266.3 230.2 240.2 99.2 246.7 137.4 265.5 33.6 287.5 230.4 105.6 222.5 117.6 245.1 252.2 225.5 127.4 98.6 199.8 117.3 128.2 104.3 249.0 189.3
1192.3 264.8 93.9 343.4 237.4 70.5 78.0 251.6 37.4 80.5 233.8 72.7 326.6 389.8 74.1 370.3 323.7 113.5 336.0 289.1 295.7 67.4 338.8 125.2 368.1 240.3 357.8 160.6 0.0 112.2 291.0 408.7 288.1 107.9 327.0 127.2 90.3 220.0 306.6 243.6 365.3 176.7 142.2 60.5 272.2 119.5 366.6 283.2 317.5 296.8 409.6 319.5 64.3 58.5 214.1 381.8 355.0 43.3 332.4 224.6 306.5 250.3 142.8 277.3 262.7 295.4 311.6 250.3 347.9 235.0 20.5 241.9 235.5 169.6 280.8 108.7 248.8 198.4 340.3 42.2 136.5 80.1 324.6 135.2 282.9 135.2 273.0 310.0 189.4 344.5 314.1 61.4 270.9 295.8 200.4 253.3 97.3 340.1 257.5 72.6 77.7 179.9 339.3 162.6 304.8 247.7 114.6 239.8 253.3 348.9 391.7 324.6 188.5 215.5 30.8 125.7 238.1 214.2 266.3 299.2
1273.4 345.9 194.5 444.0 318.5 151.6 159.1 352.2 59.0 181.1 314.9 173.3 427.2 435.8 155.2 470.9 404.8 194.6 417.1 389.7 396.3 168.0 419.9 206.3 468.7 321.4 458.4 241.7 100.5 0.0 372.1 509.3 369.2 189.0 427.6 227.8 17.2 301.1 387.7 324.7 465.9 277.3 223.3 40.7 353.3 200.6 467.2 364.3 418.1 397.4 501.8 400.6 145.4 159.1 295.2 482.4 455.6 143.9 413.5 305.7 407.1 331.4 243.4 358.4 343.8 376.5 392.7 331.4 448.5 335.6 121.1 323.0 336.1 270.2 361.9 209.3 329.9 279.5 440.9 142.8 223.9 161.2 425.2 216.3 383.5 235.8 354.1 410.6 270.5 445.1 414.7 162.0 352.0 376.9 281.5 353.9 197.9 421.2 358.1 153.7 178.3 233.2 420.4 243.7 405.4 348.3 215.2 340.4 334.4 449.5 433.9 425.2 269.6 296.6 131.4 213.1 319.2 295.3 366.9 380.3
1402.6 158.5 344.6 242.6 161.3 251.6 173.3 191.4 288.6 331.2 157.7 323.4 278.5 254.9 273.2 271.1 218.4 137.1 230.7 189.9 261.7 318.1 245.1 126.9 268.9 40.2 258.6 163.4 250.6 363.4 0.0 298.4 182.8 142.7 259.7 377.9 341.5 114.7 201.3 132.3 266.1 298.7 111.1 311.7 31.6 222.5 270.7 148.2 218.3 197.6 322.1 210.0 191.3 272.6 90.8 282.6 306.9 294.0 227.1 113.3 200.0 145.0 299.2 172.0 186.6 190.1 206.3 139.0 250.3 299.4 274.6 72.0 291.9 291.6 175.5 358.6 65.1 111.5 241.1 292.9 209.8 235.3 225.4 226.4 223.3 268.3 158.3 261.9 83.5 245.3 240.2 312.1 130.3 178.5 176.6 190.0 348.0 234.8 321.9 180.9 340.4 220.0 245.6 169.6 251.8 194.8 187.3 304.2 177.2 249.7 256.8 230.1 187.0 158.2 281.5 199.0 114.8 108.9 218.2 193.9
1521.7 281.7 478.9 148.0 300.5 424.5 346.2 159.2 457.6 383.2 302.8 375.4 246.3 91.1 353.2 48.5 123.8 310.0 91.0 118.3 223.1 443.6 106.7 299.8 123.7 300.5 61.0 321.8 419.6 532.4 339.9 0.0 171.8 315.6 165.1 501.4 510.5 242.3 190.3 199.3 114.4 309.4 293.4 480.7 308.7 334.1 176.1 183.4 91.3 112.5 53.3 127.0 364.2 368.9 249.7 130.9 213.3 370.0 71.4 218.3 109.8 268.2 305.8 158.3 323.7 127.2 110.7 192.6 69.3 205.5 387.4 257.6 172.5 302.3 161.3 410.6 264.5 276.6 78.5 418.4 262.5 408.2 96.2 346.9 236.9 297.0 172.3 229.7 284.2 80.1 170.6 364.1 210.2 153.1 295.7 157.8 400.0 92.8 202.6 353.8 465.9 252.3 106.3 350.6 212.9 162.6 285.4 210.3 314.3 143.6 93.0 160.5 306.1 277.3 407.0 273.8 225.7 232.1 186.0 123.1
1439.9 137.4 381.9 115.4 198.6 288.9 210.6 64.2 325.9 288.2 195.0 280.4 151.3 111.1 258.2 143.9 91.2 174.4 86.9 62.7 134.5 355.4 126.7 164.2 141.7 152.3 131.4 200.7 287.9 400.7 203.0 171.2 0.0 180.0 132.5 413.2 378.8 98.0 18.4 209.1 138.9 214.4 160.0 349.0 178.9 248.0 143.5 193.2 91.1 70.4 194.9 110.8 228.6 309.9 146.1 155.4 179.7 275.0 99.9 130.5 72.8 123.9 210.8 72.8 223.9 62.9 62.5 202.4 123.1 110.5 308.5 127.8 77.5 207.3 48.3 315.6 140.2 110.7 113.9 330.2 167.5 272.6 98.2 253.3 141.9 202.0 182.1 134.7 120.8 111.9 113.0 269.1 220.0 162.9 213.9 62.8 305.0 107.6 107.6 218.2 377.7 157.3 126.3 206.9 124.6 67.6 224.6 112.5 214.5 122.5 113.0 102.9 224.3 195.5 318.8 178.8 235.5 87.8 91.0 50.1
1283.1 155.8 201.8 265.0 129.4 108.8 30.5 173.2 145.8 188.4 125.8 180.6 248.2 246.7 130.4 291.9 215.7 5.5 228.0 210.7 217.3 175.3 230.8 17.2 289.7 132.3 279.4 83.9 107.8 220.6 183.0 330.3 180.1 0.0 248.6 233.1 198.7 112.0 198.6 135.6 286.9 155.9 32.3 168.9 164.2 79.7 288.2 178.4 239.1 218.4 312.7 211.5 48.5 129.8 106.1 303.4 282.8 151.2 224.4 116.6 220.8 142.3 156.4 169.3 154.7 187.4 203.6 142.3 271.1 156.6 128.4 133.9 157.1 148.8 172.8 216.6 146.3 90.4 261.9 150.1 67.0 92.5 243.8 83.6 204.5 125.5 165.0 231.6 81.4 266.1 235.7 169.3 162.9 185.2 144.7 174.9 205.2 232.1 184.5 38.1 197.6 77.2 231.3 85.9 226.4 169.3 44.5 161.4 145.3 265.7 244.8 246.2 155.1 126.3 138.7 56.2 130.1 106.2 187.9 191.2
1491.9 134.7 399.2 16.3 250.6 340.9 262.6 106.8 377.9 301.1 249.2 295.7 37.7 251.9 273.5 129.0 70.1 226.4 254.2 149.1 61.3 363.9 267.5 216.2 225.7 204.3 141.5 252.7 339.9 452.7 257.2 154.7 233.7 232.0 0.0 421.7 430.8 137.1 252.2 201.5 225.3 229.7 212.0 401.0 230.9 263.3 77.7 217.4 177.5 156.8 181.3 287.8 280.6 289.2 200.3 241.8 48.1 290.3 83.4 182.5 156.8 160.5 226.1 222.9 275.9 58.1 273.9 208.2 152.0 125.8 307.7 179.8 96.4 222.6 74.9 330.9 192.2 162.7 159.0 338.7 180.4 324.6 182.2 267.2 136.8 217.3 227.5 18.7 172.8 198.3 80.4 284.4 237.6 249.9 265.9 105.4 320.3 91.1 104.9 270.2 386.2 170.2 267.1 258.9 71.1 112.4 205.7 127.8 266.5 204.1 256.2 90.9 276.3 247.5 327.3 194.1 222.1 148.2 70.3 286.3
1297.0 368.5 21.4 434.0 342.1 175.2 182.7 340.4 142.1 169.3 336.7 163.3 417.2 480.4 177.0 460.9 426.2 218.2 480.3 379.7 386.3 52.3 441.7 229.9 456.9 345.0 448.4 265.3 104.6 216.9 393.9 497.5 392.8 210.8 415.4 0.0 195.0 329.1 409.5 346.5 454.1 267.3 235.5 165.2 376.9 240.2 457.2 389.3 408.1 387.4 498.4 418.2 167.2 149.1 317.0 472.4 443.8 132.1 434.9 329.3 388.0 355.0 233.4 382.0 367.4 397.9 416.3 353.2 437.6 325.6 114.5 346.6 324.3 260.2 381.5 198.5 359.0 303.1 430.9 74.3 225.3 175.5 412.8 241.8 371.7 224.0 376.9 400.6 294.1 428.9 402.9 152.0 373.8 396.1 305.1 343.9 186.1 440.8 353.5 177.3 32.8 267.8 442.2 267.3 395.4 336.5 205.2 327.6 358.0 434.7 480.5 415.2 293.2 320.2 84.3 216.3 342.8 317.1 356.9 403.9
1256.1 328.6 177.2 426.7 301.2 134.3 141.8 334.9 41.7 163.8 297.6 156.0 409.9 418.5 137.9 453.6 387.5 177.3 399.8 372.4 379.0 150.7 402.6 189.0 451.4 304.1 441.1 224.4 83.2 21.9 354.8 492.0 351.9 171.7 410.3 210.5 0.0 283.8 370.4 307.4 448.6 260.0 206.0 23.4 336.0 183.3 449.9 347.0 400.8 380.1 484.5 383.3 128.1 141.8 277.9 465.1 438.3 126.6 396.2 288.4 389.8 314.1 226.1 341.1 326.5 359.2 375.4 314.1 431.2 318.3 103.8 305.7 318.8 252.9 344.6 192.0 312.6 262.2 423.6 125.5 206.6 143.9 407.9 199.0 366.2 218.5 336.8 393.3 253.2 427.8 397.4 144.7 334.7 359.6 264.2 336.6 180.6 403.9 340.8 136.4 161.0 215.9 403.1 226.4 388.1 331.0 197.9 323.1 317.1 432.2 416.6 407.9 252.3 279.3 114.1 195.8 301.9 278.0 349.6 363.0
1349.7 43.7 300.5 127.8 108.4 198.7 120.4 72.2 235.7 283.3 104.8 270.5 163.7 171.4 225.3 156.3 103.6 84.2 175.7 75.1 146.9 265.2 187.0 74.0 154.1 67.1 143.8 110.5 197.7 310.5 112.8 179.2 96.5 89.8 147.3 323.0 288.6 0.0 115.0 64.3 146.9 226.8 69.8 258.8 88.7 169.6 155.9 80.2 103.5 82.8 202.9 118.7 138.4 219.7 60.9 167.8 192.1 241.1 112.3 40.3 80.8 25.8 223.2 80.7 133.7 75.3 115.0 66.0 131.1 122.9 221.7 37.6 85.5 219.7 56.3 305.7 50.0 20.5 126.3 240.0 161.9 182.4 108.2 173.5 104.1 220.4 91.3 147.1 30.6 124.3 121.0 259.2 100.4 105.5 123.7 75.2 300.1 120.0 120.0 128.0 292.5 172.1 186.6 116.7 137.0 80.0 134.4 124.9 124.3 130.1 177.7 115.3 134.1 105.3 228.6 146.1 79.9 11.0 103.4 102.6
1437.6 92.6 356.6 96.9 354.3 276.6 198.3 45.7 334.2 269.7 204.9 261.9 132.8 144.9 239.7 125.4 72.7 184.3 144.8 44.2 116.0 330.1 160.5 174.1 123.2 162.2 112.9 210.6 296.7 409.0 212.9 152.7 225.6 189.9 114.0 387.9 387.1 100.0 0.0 253.1 120.4 195.9 167.7 357.3 188.8 229.5 125.0 237.2 72.6 51.9 176.4 178.4 216.3 255.4 303.5 136.9 161.2 256.5 81.4 272.1 54.3 118.4 192.3 212.1 233.8 44.4 164.5 246.4 104.6 92.0 273.9 137.7 65.0 188.8 29.8 297.9 144.6 120.6 95.4 304.9 149.0 260.3 77.3 233.4 123.4 183.5 226.1 116.2 130.7 99.6 94.5 250.6 264.0 206.9 349.5 44.3 286.5 89.1 89.1 205.9 352.4 138.8 160.1 216.8 106.1 49.1 171.9 96.8 224.4 104.0 146.8 84.4 359.9 331.1 293.5 160.3 279.5 106.1 72.5 176.9
1407.6 98.1 368.7 182.2 147.0 275.7 197.4 131.0 312.7 355.3 143.4 347.5 218.1 129.9 297.3 210.7 158.0 161.2 170.3 129.5 201.3 342.2 114.0 151.0 208.5 100.7 198.2 149.1 274.7 387.5 140.5 238.0 122.4 166.8 201.7 400.0 365.6 58.7 140.9 0.0 205.7 281.2 135.2 335.8 109.3 220.0 210.3 15.8 157.9 137.2 195.9 149.6 215.4 296.7 96.7 222.2 246.5 318.1 166.7 18.9 139.6 84.6 277.6 111.6 172.3 129.7 145.9 6.6 189.9 177.3 298.7 58.2 144.3 274.1 115.1 382.7 65.1 59.1 180.7 317.0 233.9 259.4 162.6 250.5 162.9 268.8 25.9 201.5 69.2 184.9 179.8 336.2 57.2 46.1 181.6 129.6 372.1 174.4 169.0 205.0 364.5 244.1 114.5 155.3 191.4 134.4 211.4 179.3 162.9 184.5 128.0 169.7 192.0 163.2 305.6 223.1 72.7 48.5 157.8 133.5
1526.3 152.5 416.5 209.5 305.1 336.5 258.2 105.6 394.1 329.6 307.4 321.8 192.7 95.7 299.6 77.8 150.6 243.2 95.6 64.7 169.5 390.0 111.3 233.0 74.0 221.1 65.3 269.5 356.6 468.9 271.8 116.2 176.4 248.8 193.1 449.8 447.0 153.9 194.9 203.9 0.0 255.8 226.6 417.2 247.7 273.4 232.7 188.0 37.7 58.9 115.5 129.2 276.2 315.3 254.3 16.4 221.1 316.4 133.4 222.9 56.2 177.3 252.2 162.9 292.7 122.3 115.3 197.2 57.0 151.9 336.8 196.6 118.9 248.7 107.7 357.0 209.0 179.5 47.8 364.8 208.9 320.2 30.6 293.3 183.3 243.4 176.9 176.1 189.6 50.4 172.4 310.5 214.8 157.7 300.3 104.2 346.4 154.8 149.0 265.8 412.3 198.7 110.9 275.7 159.3 109.0 231.8 153.9 283.3 85.2 97.6 162.3 310.7 281.9 353.4 220.2 230.3 165.0 132.4 127.7
1364.4 214.6 257.7 240.5 251.2 203.4 125.1 148.7 235.3 196.5 247.6 188.7 223.7 286.9 166.5 267.4 232.7 152.3 286.8 186.2 192.8 231.2 302.5 164.0 265.2 283.2 254.9 199.4 197.8 310.1 333.9 305.8 312.6 146.7 224.1 291.0 288.2 221.0 331.1 280.4 262.4 0.0 181.0 258.4 309.8 140.3 263.7 299.5 214.6 193.9 306.7 320.4 143.1 182.2 277.0 278.9 252.1 183.3 241.4 261.4 203.6 239.4 65.1 301.8 276.5 204.4 306.5 287.1 245.0 132.1 178.0 258.7 132.6 7.5 189.8 224.7 265.6 241.6 237.4 206.0 75.8 187.1 221.7 161.6 180.0 52.9 307.4 207.1 251.7 241.6 211.2 177.4 309.7 346.3 195.3 150.4 213.3 249.1 154.6 132.7 241.5 66.5 302.1 201.4 201.9 144.8 98.7 136.9 267.1 246.0 288.8 221.7 183.4 210.4 194.6 87.1 301.0 227.1 163.4 318.9
1314.7 121.5 242.2 205.6 95.1 140.4 62.1 193.2 177.4 208.4 100.8 212.2 279.8 221.7 160.1 234.1 181.4 25.9 193.7 152.9 248.9 206.9 205.8 15.7 232.6 98.7 221.6 97.2 139.4 252.2 160.1 261.4 146.5 19.9 268.6 264.7 230.3 82.1 175.7 101.3 229.8 187.5 0.0 200.5 129.9 111.3 233.7 144.8 181.3 160.6 289.8 173.7 68.5 161.4 72.5 245.6 312.5 171.2 190.1 82.3 163.0 108.0 188.0 135.0 120.4 153.1 169.3 108.0 213.3 188.2 163.4 99.6 169.1 180.4 138.5 247.4 112.0 56.1 204.1 181.7 96.7 124.1 186.0 115.2 224.5 145.5 140.0 253.8 47.1 202.1 203.9 200.9 128.6 160.2 110.4 206.5 225.2 209.2 216.1 69.7 227.3 97.2 197.0 103.4 258.0 200.9 76.1 190.2 111.0 207.9 221.9 193.1 120.8 92.0 170.3 87.8 95.8 72.6 219.5 156.9
1232.6 305.1 153.7 403.2 277.7 110.8 118.3 311.4 18.2 140.3 274.1 132.5 386.4 395.0 114.4 430.1 364.0 153.8 376.3 348.9 355.5 127.2 379.1 165.5 427.9 280.6 417.6 200.9 59.7 51.6 331.3 468.5 328.4 148.2 386.8 187.0 29.7 260.3 346.9 283.9 425.1 236.5 182.5 0.0 312.5 159.8 426.4 323.5 377.3 356.6 461.0 359.8 104.6 118.3 254.4 441.6 414.8 103.1 372.7 264.9 366.3 290.6 202.6 317.6 303.0 335.7 351.9 290.6 407.7 294.8 80.3 282.2 295.3 229.4 321.1 168.5 289.1 238.7 400.1 102.0 183.1 120.4 384.4 175.5 342.7 195.0 313.3 369.8 229.7 404.3 373.9 121.2 311.2 336.1 240.7 313.1 157.1 380.4 317.3 112.9 137.5 192.4 379.6 202.9 364.6 307.5 174.4 299.6 293.6 408.7 393.1 384.4 228.8 255.8 90.6 172.3 278.4 254.5 326.1 339.5
1403.3 139.8 345.3 222.9 162.0 252.3 174.0 171.7 289.3 331.9 158.4 324.1 258.8 230.6 273.9 251.4 198.7 137.8 211.0 170.2 242.0 318.8 214.7 127.6 249.2 40.9 238.9 164.1 251.3 364.1 31.1 278.7 163.1 143.4 240.0 378.6 342.2 95.0 181.6 100.6 246.4 299.4 111.8 312.4 0.0 215.7 251.0 119.7 198.6 177.9 296.6 194.5 192.0 273.3 91.5 262.9 287.2 294.7 207.4 81.6 187.6 125.3 299.9 152.3 187.3 170.4 186.6 107.3 229.0 300.1 271.9 40.3 185.0 292.3 155.8 360.1 33.4 79.8 221.4 293.6 210.5 236.0 205.7 228.5 203.6 269.0 126.6 242.2 84.2 225.6 220.5 312.8 131.0 149.4 177.3 170.3 348.7 215.1 209.7 181.6 329.1 219.8 215.2 170.3 232.1 175.1 188.0 304.9 177.9 230.0 228.7 210.4 187.7 158.9 282.2 199.7 115.5 89.2 198.5 174.2
1224.0 201.0 224.7 260.0 110.8 79.2 43.5 168.2 159.9 200.6 107.2 194.7 243.2 306.4 70.7 286.9 252.2 50.7 306.3 205.7 212.3 189.4 282.8 62.4 284.7 177.5 274.4 97.8 121.9 234.7 228.2 325.3 225.3 45.1 241.4 247.2 212.8 161.6 243.8 180.8 281.9 150.9 68.0 183.0 209.4 0.0 283.2 257.1 234.1 213.4 356.5 256.7 61.5 180.5 184.8 298.4 277.8 163.4 260.9 161.8 249.3 187.5 151.4 214.5 136.1 223.9 248.8 187.5 266.1 151.6 145.9 179.1 144.1 143.8 209.3 229.9 191.5 135.6 256.9 164.2 62.0 105.5 238.8 34.1 233.0 120.5 210.2 226.6 126.6 254.9 264.2 183.4 208.1 230.4 54.9 169.9 217.4 268.6 179.5 51.1 209.8 72.2 283.3 99.8 221.4 164.3 39.5 153.6 126.7 260.7 296.8 241.2 43.0 70.0 152.8 51.2 175.3 184.9 182.9 236.4
1411.6 163.7 418.1 102.2 278.6 368.9 290.6 134.8 405.9 331.2 275.0 323.4 38.7 239.0 301.2 157.0 57.7 254.4 238.9 176.8 89.0 391.6 254.6 244.2 255.8 232.3 169.5 280.7 367.9 480.7 283.0 211.8 261.7 260.0 85.8 451.4 458.8 170.1 280.2 229.5 262.3 257.4 228.4 429.0 258.9 275.0 0.0 248.6 205.2 184.5 168.4 272.5 308.6 316.9 226.1 278.8 93.8 318.0 111.4 210.5 194.2 188.5 253.8 250.9 303.9 86.1 258.6 236.2 179.4 153.5 338.4 207.8 120.5 250.3 102.9 359.4 214.7 190.7 187.0 366.4 210.5 352.6 212.3 296.3 166.9 245.0 256.5 55.3 200.8 223.4 108.1 312.1 265.6 298.4 293.9 133.4 348.0 120.4 127.2 298.2 401.9 201.2 254.2 286.9 98.8 138.2 233.4 158.3 294.5 236.6 240.9 118.6 304.3 275.5 355.0 221.8 250.1 176.2 98.0 271.0
1391.7 114.0 352.8 198.1 162.9 259.8 181.5 146.9 296.8 339.4 159.3 331.6 234.0 114.0 281.4 226.6 173.9 145.3 186.2 145.4 217.2 326.3 98.1 135.1 156.5 131.6 214.1 165.0 258.8 371.6 156.4 253.9 138.3 150.9 217.6 384.1 349.7 74.6 156.8 15.8 221.6 306.9 128.7 319.9 125.2 204.1 226.2 0.0 173.8 153.1 180.0 165.5 199.5 280.8 80.8 238.1 262.4 302.2 182.6 34.8 155.5 100.5 307.4 127.5 188.2 145.6 161.8 9.2 205.8 193.2 282.8 74.1 166.2 299.8 131.0 366.8 81.0 107.7 196.6 301.1 218.0 243.5 178.5 234.6 178.8 276.5 10.0 217.4 119.5 200.8 195.7 320.3 41.3 30.2 165.7 145.5 356.2 190.3 184.9 189.1 348.6 228.2 98.6 171.2 207.3 150.3 195.5 195.2 178.8 205.2 112.1 185.6 176.1 147.3 289.7 207.2 56.8 64.4 173.7 149.4
1502.8 114.7 378.7 171.7 229.6 298.7 220.4 67.8 356.3 291.8 226.0 284.0 154.9 72.2 261.8 52.7 112.8 205.4 72.1 26.9 131.7 352.2 87.8 195.2 50.5 183.3 40.2 231.7 318.8 431.1 234.0 91.1 152.9 211.0 155.3 412.0 409.2 121.1 171.4 180.4 47.7 218.0 179.4 379.4 209.9 235.6 194.9 161.3 0.0 21.1 92.0 105.7 238.4 277.5 230.8 64.2 183.3 278.6 108.3 199.4 10.9 139.5 214.4 139.4 254.9 84.5 91.8 173.7 30.3 114.1 299.0 158.8 81.1 210.9 69.9 320.0 165.7 141.7 22.7 327.0 171.1 282.4 7.0 256.9 145.5 205.6 153.4 138.3 151.8 26.9 134.6 272.7 191.3 131.6 276.8 66.4 308.6 129.2 105.8 228.0 362.5 161.8 87.4 237.9 121.5 71.2 194.0 118.9 245.5 52.2 74.1 124.5 287.2 258.4 315.6 182.4 206.8 127.2 94.6 104.2
1438.5 93.5 357.5 150.5 208.4 277.5 199.2 46.6 335.1 270.6 204.8 262.8 133.7 92.9 240.6 73.4 91.6 184.2 92.8 5.7 110.5 331.0 108.5 174.0 71.2 162.1 60.9 210.5 297.6 409.9 212.8 111.8 173.6 189.8 134.1 390.8 388.0 99.9 192.1 201.1 68.4 196.8 158.2 358.2 188.7 214.4 173.7 182.0 20.6 0.0 112.7 126.4 217.2 256.3 155.9 84.9 162.1 257.4 100.3 220.1 9.6 118.3 193.2 160.1 233.7 63.3 112.5 194.4 51.0 92.9 277.8 137.6 59.9 189.7 48.7 298.8 144.5 120.5 43.4 305.8 149.9 261.2 27.7 235.7 124.3 184.4 174.1 117.1 130.6 47.6 113.4 251.5 212.0 152.3 223.7 45.2 287.4 108.0 84.6 206.8 341.3 140.6 108.1 216.7 100.3 50.0 172.8 97.7 224.3 52.0 94.8 103.3 234.1 205.3 294.4 161.2 227.5 106.0 73.4 124.9
1501.1 261.1 459.1 191.4 279.9 403.9 325.6 148.2 437.0 372.2 282.2 364.4 235.3 70.5 342.2 91.9 167.2 289.4 70.4 107.3 212.1 432.6 86.1 279.2 66.8 279.9 104.4 312.1 399.0 511.8 319.3 43.3 151.2 295.0 233.5 490.4 489.9 217.3 169.7 178.7 93.8 298.4 264.1 460.1 288.1 313.5 163.9 162.8 80.3 101.5 0.0 104.0 343.6 357.9 229.1 110.3 263.7 359.0 114.8 197.7 98.8 247.6 294.8 137.7 303.1 164.9 90.1 172.0 99.6 194.5 376.4 237.0 161.5 291.3 150.3 400.4 249.4 256.0 90.4 407.4 251.5 387.6 73.2 337.3 225.9 286.0 152.7 218.7 263.6 59.5 215.0 353.1 189.6 132.5 275.1 146.8 389.0 136.2 186.2 333.2 454.9 241.3 85.7 330.0 201.9 151.6 274.4 196.5 293.7 132.6 72.4 204.9 285.5 256.7 396.0 262.8 205.1 211.5 175.0 102.5
1416.4 159.8 417.1 218.1 195.2 323.4 240.9 169.3 352.3 394.9 201.7 387.1 256.4 48.6 329.8 249.0 193.9 208.9 154.5 165.4 237.2 386.0 32.7 194.5 91.1 195.2 234.1 219.7 314.3 427.1 234.6 141.0 102.6 210.3 237.6 439.6 409.4 112.6 121.1 98.2 133.9 317.1 192.3 379.6 203.4 259.1 248.6 78.1 193.8 173.1 114.6 0.0 258.9 344.4 144.4 154.6 282.4 361.9 202.6 113.0 175.5 142.9 313.5 33.6 218.4 168.0 130.1 87.3 228.2 213.2 334.9 152.3 186.2 312.4 153.4 422.3 163.4 129.7 219.0 360.8 281.6 307.1 200.9 263.0 221.2 304.7 67.0 237.4 178.9 99.2 215.7 380.0 104.9 47.8 194.6 165.5 411.7 210.3 204.9 248.5 404.1 291.8 33.2 249.5 227.3 170.3 259.1 218.0 209.0 225.2 42.5 208.0 200.8 176.2 345.2 266.6 120.4 106.8 193.7 120.1
1234.5 199.4 162.0 276.4 173.0 60.2 13.7 184.6 97.2 139.8 169.4 132.0 259.6 290.3 81.3 303.3 259.3 49.1 271.6 222.1 228.7 126.7 274.4 60.8 301.1 175.9 290.8 96.2 59.2 172.0 226.6 339.3 223.7 43.5 257.8 184.5 150.1 160.0 242.2 179.2 298.3 236.0 66.4 120.3 207.8 71.1 299.6 222.0 250.5 229.8 356.3 250.9 0.0 81.2 149.7 314.8 294.2 102.6 268.0 160.2 232.2 185.9 202.1 212.9 198.3 231.0 247.2 185.9 282.5 168.0 79.8 177.5 160.5 228.9 216.4 167.2 189.9 134.0 273.3 101.5 78.4 43.9 257.6 75.0 215.9 194.5 209.6 243.0 125.0 271.3 247.1 120.7 206.5 228.8 110.1 186.3 156.6 275.7 195.9 8.3 149.0 87.7 274.9 98.2 237.8 180.7 55.9 170.0 188.9 281.9 288.4 257.6 98.2 169.9 90.1 67.6 173.7 149.8 199.3 234.8
1321.7 250.0 253.7 275.9 208.5 160.7 82.4 184.1 197.7 240.3 204.9 232.5 259.1 322.3 123.8 302.8 268.1 109.6 322.2 221.6 228.2 227.2 337.9 121.3 300.6 318.6 290.3 156.7 159.7 272.5 369.3 341.2 284.2 104.0 259.5 287.0 250.6 256.4 302.7 239.7 297.8 166.8 138.3 220.8 345.2 97.6 299.1 279.3 250.0 229.3 372.4 355.8 100.4 0.0 210.2 314.3 293.7 203.1 276.8 220.7 239.0 246.4 167.3 273.4 233.8 239.8 341.9 246.4 280.4 167.5 180.3 294.1 168.0 159.7 225.2 268.5 301.0 194.5 272.8 202.0 77.9 144.4 257.1 118.9 215.4 136.4 269.1 242.5 185.5 277.0 246.6 221.2 267.0 291.9 152.6 185.8 257.1 284.5 190.0 90.0 237.5 87.2 337.5 158.7 237.3 180.2 56.0 172.3 224.4 281.4 324.2 257.1 140.7 167.7 190.6 67.1 234.2 210.3 198.8 295.3
1356.3 92.2 298.3 176.3 115.0 205.3 127.0 125.1 242.3 284.9 111.4 277.1 212.2 188.6 226.9 204.8 152.1 90.8 164.4 123.6 195.4 271.8 154.2 80.6 202.6 50.7 192.3 117.1 204.3 317.1 101.4 232.1 116.5 96.4 193.4 329.6 295.2 48.4 135.0 72.0 199.8 275.3 64.8 265.4 82.6 168.7 204.4 87.9 152.0 131.3 255.8 147.9 145.0 226.3 0.0 216.3 240.6 247.7 160.8 53.0 133.7 78.7 271.7 105.7 140.3 123.8 140.0 78.7 184.0 171.4 224.9 70.3 144.4 268.2 109.2 312.3 116.1 26.8 174.8 246.6 163.5 189.0 156.7 180.1 157.0 222.0 86.6 195.6 37.2 179.0 173.9 265.8 39.4 106.8 130.3 123.7 301.7 168.5 168.5 134.6 294.1 173.7 154.7 123.3 185.5 128.5 141.0 176.2 130.9 178.6 190.5 163.8 140.7 111.9 235.2 152.7 23.9 42.6 151.9 127.6
1542.8 169.0 433.0 226.0 321.6 353.0 274.7 122.1 410.6 346.1 323.9 338.3 209.2 112.2 316.1 94.3 167.1 259.7 112.1 81.2 186.0 406.5 127.8 249.5 90.5 237.6 81.8 286.0 373.1 485.4 288.3 132.7 192.9 265.3 209.6 466.3 463.5 175.4 211.4 220.4 16.4 272.3 233.7 433.7 264.2 289.9 249.2 201.3 54.2 75.4 132.0 145.7 292.7 331.8 270.8 0.0 237.6 332.9 149.9 239.4 65.2 193.8 268.7 179.4 309.2 138.8 131.8 213.7 71.9 168.4 353.3 213.1 135.4 265.2 124.2 374.3 220.0 196.0 64.3 381.3 225.4 336.7 47.1 311.2 199.8 259.9 193.4 192.6 206.1 66.9 188.9 327.0 231.3 171.6 316.8 120.7 362.9 171.3 160.1 282.3 416.8 216.1 127.4 292.2 175.8 125.5 248.3 173.2 299.8 106.5 114.1 178.8 327.2 298.4 369.9 236.7 246.8 181.5 148.9 144.2
1371.5 182.2 397.7 63.8 298.1 317.7 239.4 118.9 375.3 310.8 294.5 303.0 65.0 257.1 280.8 176.5 117.6 273.9 257.0 156.4 68.6 371.2 272.7 263.7 235.4 251.8 189.0 300.2 337.8 450.1 302.5 202.2 281.2 279.5 45.2 429.0 428.2 184.6 299.7 249.0 232.6 237.0 248.6 398.4 278.4 254.6 105.0 264.9 184.8 164.1 211.0 290.6 257.4 296.5 245.6 249.1 0.0 297.6 130.9 230.0 166.5 208.0 233.4 270.4 323.4 105.6 276.7 255.7 216.8 133.1 315.0 227.3 106.1 229.9 122.4 338.2 234.2 210.2 207.6 346.0 190.1 301.4 189.5 274.5 146.5 224.6 275.0 48.4 220.3 211.8 87.7 291.7 285.1 319.1 313.4 120.6 327.6 138.6 112.2 247.0 393.5 179.9 272.3 306.4 78.4 115.0 213.0 137.9 314.0 216.2 259.0 98.2 323.8 295.0 334.6 201.4 269.6 195.7 77.6 289.1
1281.1 294.2 160.8 291.1 267.8 88.8 97.6 199.3 138.4 94.5 264.2 86.7 274.3 337.5 110.4 318.0 283.3 143.9 337.4 236.8 243.4 134.3 353.1 155.6 315.8 270.7 305.5 191.0 100.9 213.2 321.4 356.4 318.5 138.3 272.5 192.1 191.3 250.4 337.0 274.0 313.0 208.7 161.2 161.5 302.6 112.8 314.3 316.8 265.2 244.5 387.6 345.7 94.7 15.1 244.5 329.5 308.9 0.0 292.0 255.0 246.9 280.7 174.8 307.7 293.1 255.0 342.0 280.7 297.2 182.7 81.1 309.3 175.2 201.6 240.4 121.9 321.7 228.8 288.0 109.1 93.1 41.5 272.3 132.7 230.6 167.2 304.4 257.7 219.8 292.2 261.8 75.4 301.3 323.6 167.8 201.0 111.3 299.7 210.6 103.0 156.6 103.3 352.7 193.0 252.5 195.4 71.2 184.7 283.7 296.6 339.4 272.3 155.9 182.9 97.7 82.3 268.5 244.6 214.0 329.6
1489.5 133.3 415.3 76.5 248.2 338.5 260.2 104.4 375.5 328.4 244.6 320.6 131.4 162.4 298.4 45.5 52.3 224.0 162.3 115.3 120.6 388.8 178.0 213.8 146.2 201.9 58.0 250.3 337.5 450.3 252.6 71.2 243.1 229.6 93.6 448.6 428.4 139.7 261.6 270.6 143.4 254.6 198.0 398.6 228.5 301.9 104.6 251.5 88.3 109.5 156.0 195.9 278.2 314.1 195.7 159.9 141.8 315.2 0.0 180.1 99.3 158.1 251.0 229.6 273.5 55.7 182.0 263.9 67.9 150.7 335.6 177.4 117.7 247.5 72.5 356.6 184.3 160.3 75.5 363.6 207.7 322.2 102.7 293.5 136.9 242.2 243.6 114.8 170.4 122.6 99.1 309.3 281.5 221.8 263.5 103.0 345.2 21.3 142.4 267.8 399.1 198.4 177.6 256.5 110.7 107.8 274.2 155.5 264.1 140.6 164.3 89.0 273.9 245.1 352.2 219.0 297.0 145.8 131.2 194.4
1369.3 80.1 311.3 163.2 128.0 218.3 140.0 112.0 255.3 297.9 124.4 290.1 199.1 175.5 239.9 191.7 139.0 103.8 151.3 110.5 182.3 284.8 133.0 93.6 189.5 81.7 179.2 130.1 217.3 330.1 121.5 219.0 103.4 109.4 180.3 344.6 308.2 35.3 121.9 18.9 186.7 262.2 77.8 278.4 90.3 181.7 191.3 38.0 138.9 118.2 242.7 134.8 158.0 239.3 115.7 203.2 227.5 260.7 147.7 0.0 127.9 65.6 258.6 92.6 153.3 110.7 126.9 25.6 169.3 158.3 237.9 39.2 125.3 255.1 96.1 326.1 46.1 40.1 161.7 259.6 176.5 202.0 146.0 194.5 143.9 249.8 45.9 182.5 50.2 165.9 160.8 278.8 76.2 67.7 143.3 110.6 314.7 155.4 150.0 147.6 295.1 185.8 133.5 136.3 172.4 115.4 154.0 163.1 143.9 170.3 177.4 150.7 153.7 124.9 248.2 165.7 91.7 29.5 138.8 114.5
1441.2 96.2 369.0 153.2 211.1 280.2 201.9 49.3 337.8 273.3 207.5 265.5 136.4 90.5 243.3 71.0 94.3 186.9 90.4 8.4 113.2 333.7 106.1 176.7 68.8 164.8 58.5 213.2 300.3 412.6 215.5 109.4 171.2 192.5 134.6 391.5 390.7 102.6 189.7 198.7 66.0 199.5 160.9 360.9 191.4 217.1 176.4 182.8 18.2 2.6 110.3 124.0 219.9 259.0 158.6 82.5 164.8 260.1 103.0 217.7 0.0 121.0 195.9 157.7 236.4 66.0 110.1 192.0 50.2 95.6 280.5 140.3 68.6 192.4 51.4 301.5 147.2 123.2 41.0 308.5 152.6 263.9 25.3 237.0 127.0 187.1 171.7 119.8 133.3 39.0 116.1 254.2 209.6 152.5 226.4 47.9 290.1 110.7 92.7 209.5 356.0 142.4 105.7 219.4 103.0 52.7 175.5 100.4 227.0 44.8 92.4 106.0 236.8 208.0 297.1 163.9 225.1 108.7 76.1 122.5
1392.0 24.4 342.8 137.7 150.7 241.0 162.7 86.5 278.0 320.6 147.1 312.8 173.6 185.7 262.6 166.2 113.5 126.5 185.6 85.0 156.8 307.5 201.3 116.3 164.0 104.4 153.7 152.8 240.0 352.8 155.1 193.5 133.8 132.1 154.8 365.3 330.9 42.2 152.3 101.6 161.2 236.7 101.2 301.1 131.0 204.4 165.8 117.5 113.4 92.7 217.2 219.2 180.7 262.0 98.2 177.7 202.0 283.4 122.2 82.6 95.1 0.0 233.1 123.0 176.0 85.2 205.3 108.3 145.4 132.8 264.0 79.9 99.8 229.6 70.6 348.8 92.3 62.8 136.2 282.3 199.2 224.7 120.5 217.2 78.2 224.3 128.6 157.0 72.9 140.4 135.3 301.5 137.7 147.8 166.0 85.1 337.4 129.9 129.9 170.3 329.8 209.4 200.9 159.0 146.9 89.9 176.7 137.6 166.6 144.8 187.6 125.2 176.4 147.6 270.9 188.4 122.2 48.3 113.3 217.7
1356.1 211.3 223.6 237.2 251.5 203.7 125.4 145.4 201.2 175.3 247.9 167.5 220.4 283.6 166.8 264.1 229.4 152.6 283.5 182.9 189.5 197.1 299.2 164.3 261.9 279.9 251.6 199.7 163.7 276.0 330.6 302.5 309.3 147.0 220.8 256.9 254.1 217.7 327.8 277.1 259.1 63.6 181.3 224.3 306.5 140.6 260.4 296.2 211.3 190.6 303.4 317.1 143.4 173.3 273.7 275.6 248.8 158.1 238.1 258.1 200.3 236.1 0.0 298.5 276.8 201.1 303.2 283.8 241.7 128.8 143.9 255.4 129.3 56.5 186.5 203.5 262.3 238.3 234.1 171.9 76.1 187.4 218.4 161.9 176.7 22.1 304.1 203.8 248.4 238.3 207.9 156.2 310.0 343.0 195.6 147.1 192.1 245.8 151.3 133.0 207.4 66.8 298.8 201.7 198.6 141.5 99.0 133.6 267.4 242.7 285.5 218.4 183.7 210.7 160.5 87.4 297.7 223.8 160.1 315.6
1458.6 126.1 369.6 186.8 186.3 276.6 198.3 135.6 313.6 356.2 182.7 348.4 222.7 86.6 298.2 215.3 162.6 162.1 123.2 134.1 205.9 343.1 70.7 151.9 129.1 140.0 202.8 188.4 275.6 388.4 190.7 242.6 71.3 167.7 203.9 402.9 366.5 81.3 89.8 136.2 210.3 285.8 136.1 336.7 166.6 271.0 214.9 117.1 162.5 141.8 152.6 42.1 216.3 297.6 186.6 226.8 251.1 319.0 171.3 155.2 151.5 111.6 282.2 0.0 211.6 134.3 98.8 129.5 192.9 181.9 296.2 115.5 148.9 278.7 119.7 384.4 122.4 98.4 185.3 317.9 234.8 260.3 169.6 252.8 189.9 273.4 109.2 206.1 108.5 189.5 184.4 337.1 147.1 87.4 232.6 134.2 373.0 179.0 173.6 205.9 353.4 244.1 71.2 194.6 196.0 139.0 212.3 186.7 202.2 193.9 84.7 174.3 243.0 214.2 306.5 224.0 162.6 75.5 162.4 86.4
1328.2 191.7 320.1 274.8 38.4 233.8 196.3 223.6 264.1 306.7 34.8 298.9 310.7 287.1 275.3 303.3 250.6 160.1 262.9 222.1 293.9 293.6 228.3 149.9 301.1 167.2 290.8 143.1 226.1 338.9 217.9 330.6 215.0 165.7 291.9 353.4 317.0 146.9 233.5 170.5 298.3 363.9 134.1 287.2 199.1 212.9 302.9 189.6 250.5 229.8 354.3 246.4 214.3 284.7 141.0 314.8 339.1 269.5 259.3 151.5 239.5 177.2 364.4 204.2 0.0 222.3 238.5 177.2 280.9 364.6 246.7 168.8 236.9 356.8 207.7 334.9 175.7 125.3 273.3 268.4 275.0 258.3 257.6 248.5 255.5 333.5 196.5 294.1 116.3 277.5 272.4 287.6 180.5 219.3 102.2 222.2 323.5 267.0 261.6 203.9 303.9 284.3 228.8 123.7 284.0 227.0 252.5 369.4 9.3 281.9 242.3 262.3 112.6 83.8 257.0 264.2 165.0 141.1 250.4 226.1
1433.7 77.5 359.5 52.4 192.4 282.7 204.4 48.6 319.7 272.6 188.8 264.8 135.7 199.4 242.6 82.5 28.2 168.2 199.3 67.1 64.8 333.0 215.0 158.0 183.2 146.1 95.0 194.5 281.7 394.5 196.8 108.2 175.5 173.8 69.5 392.8 372.6 83.9 194.0 143.3 180.4 198.8 142.2 342.8 172.7 246.1 80.5 162.4 125.3 74.8 131.9 232.9 222.4 258.3 139.9 196.9 117.7 259.4 36.9 124.3 84.5 102.3 195.2 164.7 217.7 0.0 219.0 150.0 104.9 94.9 279.8 121.6 61.9 191.7 16.7 300.8 128.5 104.5 112.5 307.8 151.9 266.4 139.7 237.7 81.1 186.4 170.3 119.1 114.6 159.6 43.3 253.5 179.4 192.1 207.7 47.2 289.4 44.6 86.6 212.0 343.3 142.6 214.6 200.7 54.9 52.0 218.4 99.7 208.3 126.9 201.3 33.2 218.1 189.3 296.4 163.2 163.9 90.0 75.4 231.4
1479.1 171.9 415.4 176.5 257.9 322.4 244.1 125.3 359.4 402.0 260.2 394.2 212.4 48.5 388.3 205.0 152.3 207.9 24.3 123.8 195.6 388.9 64.1 197.7 78.2 185.8 192.5 234.2 321.4 434.2 236.5 132.3 61.0 213.5 193.6 448.7 412.3 127.1 79.5 156.7 200.0 275.5 181.9 382.5 212.4 291.5 204.6 137.6 152.2 131.5 101.7 82.0 262.1 343.4 207.1 216.5 240.8 364.8 161.0 175.7 141.2 157.4 271.9 115.7 257.4 124.0 0.0 150.0 182.6 171.6 342.0 161.3 138.6 268.4 109.4 430.2 168.2 144.2 175.0 363.7 228.6 306.1 159.3 327.1 203.0 263.1 129.7 195.8 154.3 86.3 174.1 382.9 167.6 107.9 253.1 123.9 418.8 168.7 163.3 251.7 399.2 219.3 63.7 240.4 185.7 128.7 258.1 176.4 248.0 183.6 50.4 164.0 263.5 234.7 352.3 269.8 183.1 121.3 152.1 12.4
1400.9 104.8 362.0 188.9 153.7 269.0 190.7 137.7 306.0 348.6 150.1 340.8 224.8 123.2 290.6 217.4 164.7 154.5 177.0 136.2 208.0 335.5 107.3 144.3 165.7 140.8 204.9 155.8 268.0 380.8 147.2 244.7 129.1 160.1 208.4 393.3 358.9 65.4 147.6 6.6 212.4 287.9 128.5 329.1 116.0 213.3 217.0 9.2 164.6 143.9 189.2 160.5 208.7 290.0 90.0 228.9 253.2 311.4 173.4 25.6 146.3 91.3 284.3 118.3 179.0 136.4 152.6 0.0 196.6 184.0 288.6 64.9 151.0 280.8 121.8 376.8 77.3 65.8 187.4 310.3 227.2 252.7 169.3 243.8 169.6 285.7 19.2 208.2 75.9 185.4 186.5 329.5 50.5 39.4 174.9 136.3 365.4 181.1 181.1 198.3 357.8 237.4 107.8 162.0 198.1 141.1 204.7 186.0 169.6 196.0 121.3 176.4 185.3 156.5 298.9 216.4 66.0 55.2 164.5 140.2
1481.7 136.7 400.7 193.7 251.6 320.7 242.4 89.8 378.3 313.8 248.0 306.0 176.9 101.5 283.8 20.8 128.7 227.4 101.4 48.9 153.7 374.2 117.1 217.2 79.8 205.3 8.3 253.7 340.8 453.1 256.0 59.1 182.2 233.0 177.3 434.0 431.2 138.1 200.7 209.7 77.0 240.0 201.4 401.4 231.9 257.6 216.9 193.8 21.9 43.1 112.5 135.0 260.4 299.5 260.1 93.5 205.3 300.6 76.3 228.7 40.4 161.5 236.4 168.7 276.9 106.5 121.1 203.0 0.0 136.1 321.0 180.8 103.1 232.9 91.9 342.0 193.2 163.7 9.2 349.0 193.1 304.4 36.3 278.9 167.5 227.6 183.7 160.3 173.8 50.0 156.6 294.7 220.6 163.5 306.1 88.4 330.6 97.7 133.2 250.0 396.5 182.9 116.7 259.9 143.5 93.2 216.0 140.9 267.5 69.4 103.4 146.5 316.5 287.7 337.6 204.4 236.1 149.2 116.6 133.5
1391.4 108.3 310.4 134.2 223.2 230.4 152.1 42.4 288.0 223.5 219.6 215.7 117.4 180.6 193.5 161.1 126.4 199.0 180.5 79.9 94.2 283.9 196.2 188.8 158.9 176.9 148.6 225.3 250.5 362.8 227.6 199.5 206.3 204.6 117.8 343.7 340.9 114.7 224.8 174.1 156.1 149.7 173.0 311.1 203.5 167.3 157.4 193.2 108.3 87.6 200.4 214.1 170.1 209.2 170.7 172.6 145.8 210.3 135.1 155.1 97.3 133.1 146.1 195.5 248.5 98.1 200.2 180.8 138.7 0.0 230.7 152.4 26.3 142.6 83.5 251.7 159.3 135.3 131.1 258.7 102.8 214.1 115.4 188.6 47.8 137.3 200.1 100.8 145.4 135.3 93.3 204.4 210.2 240.0 238.5 44.1 240.3 142.8 48.3 159.7 294.2 93.5 195.8 231.5 84.0 38.5 125.7 4.7 239.1 139.7 182.5 103.8 248.9 220.1 247.3 114.1 194.7 120.8 57.1 212.6
1212.1 283.6 88.4 322.8 257.2 90.3 97.8 227.6 57.2 56.5 256.6 52.1 306.0 369.2 96.9 349.7 315.0 133.3 369.1 268.5 275.1 53.1 384.8 145.0 344.1 260.1 337.2 180.4 19.7 132.0 313.8 384.7 307.9 130.7 304.2 110.9 110.1 244.2 329.4 266.4 344.7 156.1 150.6 80.3 292.0 151.6 346.0 306.2 296.9 276.2 385.6 335.1 84.1 37.9 233.9 361.2 331.0 19.3 323.7 244.4 275.2 273.1 122.2 297.1 282.5 286.7 331.4 273.1 328.9 214.4 0.0 341.0 203.5 149.0 272.1 87.3 353.4 218.2 319.7 27.9 112.5 64.3 301.6 155.5 258.9 114.6 292.8 289.4 209.2 317.7 290.1 40.8 290.7 313.0 220.2 232.7 73.3 328.0 242.3 92.4 75.4 155.0 384.4 182.4 284.2 227.1 94.0 216.4 273.1 323.5 371.1 304.0 208.3 235.3 16.5 105.1 257.9 234.0 245.7 319.0
1368.6 99.4 310.6 182.5 127.3 217.6 139.3 131.3 254.6 297.2 123.7 289.4 218.4 190.2 239.2 211.0 158.3 103.1 170.6 129.8 201.6 284.1 174.3 92.9 208.8 81.0 198.5 129.4 216.6 329.4 82.2 238.3 122.7 108.7 199.6 343.9 307.5 54.6 141.2 60.2 206.0 264.7 77.1 277.7 51.0 181.0 210.6 79.3 158.2 137.5 256.2 154.1 157.3 238.6 74.8 222.5 246.8 260.0 167.0 41.2 147.2 84.9 265.2 111.9 152.6 130.0 146.2 66.9 188.6 265.4 237.2 0.0 144.6 257.6 115.4 325.4 6.8 39.4 181.0 258.9 175.8 201.3 165.3 193.8 163.2 234.3 86.2 201.8 49.5 185.2 180.1 278.1 117.5 109.0 142.6 129.9 314.0 174.7 169.3 146.9 294.4 185.1 174.8 135.6 191.7 134.7 153.3 270.2 143.2 189.6 188.3 170.0 153.0 124.2 247.5 165.0 133.0 48.8 158.1 133.8
1378.5 80.9 291.5 115.8 204.8 217.5 139.2 16.0 275.1 210.6 193.2 202.8 99.0 162.2 180.6 142.7 108.0 180.6 162.1 61.5 75.8 265.0 169.8 170.4 140.5 158.5 122.2 206.9 237.6 349.9 201.2 173.1 179.9 186.2 97.2 322.8 328.0 96.3 206.4 147.7 129.7 136.8 164.0 298.2 177.1 164.4 131.0 163.6 89.9 69.2 182.0 195.7 151.2 196.3 144.3 146.2 127.4 197.4 116.7 128.7 71.6 106.7 133.2 169.1 222.1 79.7 173.8 162.4 121.9 32.9 208.8 134.0 0.0 129.7 65.1 232.8 132.9 116.9 104.7 245.8 89.9 201.2 97.0 168.3 69.6 124.4 173.7 74.4 127.0 102.7 66.9 185.5 191.8 224.2 220.1 17.7 227.4 124.4 35.3 146.8 293.3 73.7 169.4 213.1 65.6 12.1 112.8 34.9 220.7 108.5 164.1 85.4 222.5 193.7 234.4 101.2 168.3 102.4 38.7 194.2
1356.9 207.1 250.2 233.0 243.7 195.9 117.6 141.2 227.8 189.0 240.1 181.2 216.2 279.4 159.0 259.9 225.2 144.8 279.3 178.7 185.3 223.7 295.0 156.5 257.7 275.7 247.4 191.9 190.3 302.6 326.4 298.3 305.1 139.2 216.6 283.5 280.7 213.5 323.6 272.9 254.9 7.1 173.5 250.9 302.3 132.8 256.2 292.0 207.1 186.4 299.2 312.9 135.6 174.7 269.5 271.4 244.6 175.8 233.9 253.9 196.1 231.9 72.2 294.3 269.0 196.9 299.0 279.6 237.5 124.6 170.5 251.2 125.1 0.0 182.3 217.2 258.1 234.1 229.9 198.5 68.3 179.6 214.2 154.1 172.5 45.4 299.9 199.6 244.2 234.1 203.7 169.9 302.2 338.8 187.8 142.9 205.8 241.6 147.1 125.2 234.0 59.0 294.6 193.9 194.4 137.3 91.2 129.4 259.6 238.5 281.3 214.2 175.9 202.9 187.1 79.6 293.5 219.6 155.9 311.4
1416.9 59.7 342.7 67.0 175.6 265.9 187.6 31.8 302.9 255.8 172.0 248.0 118.9 151.0 225.8 97.1 42.8 151.4 150.9 50.3 86.1 316.2 166.6 141.2 129.3 129.3 109.6 177.7 264.9 377.7 180.0 122.8 158.7 157.0 117.1 376.0 355.8 67.1 177.2 126.5 126.5 182.0 137.0 326.0 155.9 229.3 95.1 142.4 78.7 58.0 146.5 184.5 205.6 241.5 123.1 143.0 147.3 242.6 51.5 107.5 60.4 85.5 178.4 147.9 200.9 14.5 170.6 133.2 117.9 78.1 260.0 104.8 51.1 174.9 0.0 283.2 117.2 87.7 127.1 291.0 135.1 249.6 83.4 219.5 64.3 169.6 152.5 102.3 97.8 105.7 64.6 236.7 162.6 172.7 190.9 30.4 272.6 59.2 75.2 195.2 338.5 124.9 166.2 183.9 76.2 35.2 201.6 80.1 191.5 105.3 152.9 54.5 201.3 172.5 279.6 146.4 147.1 73.2 58.6 169.8
1291.0 362.5 167.3 393.1 336.1 163.9 172.7 300.5 136.1 27.4 331.7 34.9 376.3 438.7 172.0 420.0 385.3 212.2 439.4 338.8 345.4 132.0 454.3 223.9 417.8 338.2 407.5 259.3 98.6 210.9 388.9 457.6 386.8 205.8 374.5 189.8 189.0 323.1 404.5 341.5 414.2 226.4 229.5 159.2 370.9 203.9 416.3 384.3 367.2 346.5 458.5 417.4 162.2 90.2 312.8 431.5 403.9 74.2 394.0 323.3 348.1 348.2 192.5 376.0 361.4 357.0 410.3 348.2 399.2 284.7 75.8 411.3 276.4 219.3 341.6 0.0 423.7 297.1 390.0 106.8 168.2 116.6 371.9 207.8 331.8 184.9 370.9 358.9 288.1 388.0 363.0 47.2 368.8 391.1 242.9 303.0 10.6 400.9 312.6 171.3 153.5 178.4 453.9 261.3 354.5 296.6 146.3 286.7 352.0 393.8 440.6 374.3 231.0 258.0 95.4 157.4 336.8 312.9 316.0 397.9
1375.5 105.3 326.3 189.4 134.2 224.5 146.2 138.2 261.5 304.1 136.1 296.3 225.3 202.6 251.6 217.9 165.2 110.0 177.5 136.7 208.5 291.0 186.7 99.8 221.2 85.1 205.4 136.3 223.5 336.3 75.3 250.7 129.6 121.1 208.9 348.8 314.4 65.9 153.6 72.6 218.4 271.6 95.6 284.6 44.1 195.4 217.5 88.5 165.1 144.4 268.6 161.0 164.2 245.5 81.7 229.4 259.2 272.4 173.9 48.1 152.3 97.3 272.1 118.8 159.5 136.9 153.1 73.8 197.1 272.3 247.5 6.8 163.0 264.5 122.3 331.5 0.0 46.3 187.9 265.8 188.2 208.2 169.8 199.3 170.1 241.2 99.6 208.7 56.4 185.9 192.5 285.0 129.9 113.3 149.5 136.8 320.9 187.1 181.6 153.8 313.3 198.4 187.2 142.5 198.6 147.1 160.2 274.3 150.1 191.7 200.7 176.9 159.9 131.1 254.4 171.9 139.9 61.2 165.0 140.7
1327.7 64.9 269.7 148.0 86.4 176.7 98.4 96.8 213.7 256.3 82.8 248.5 183.9 160.3 198.3 176.5 123.8 62.2 136.1 95.3 167.1 243.2 175.9 52.0 174.3 40.1 164.0 88.5 175.7 288.5 90.8 203.8 88.2 67.8 165.1 303.0 266.6 20.1 106.7 43.7 171.5 223.8 36.2 236.8 72.0 140.1 176.1 62.8 123.7 103.0 227.5 119.6 116.4 197.7 33.9 188.0 212.3 219.1 132.5 24.7 112.7 50.4 224.3 77.4 111.7 95.5 111.7 50.4 154.1 143.1 196.3 42.0 110.1 216.7 80.9 284.5 48.9 0.0 146.5 218.0 134.9 160.4 130.8 152.9 128.7 193.4 69.7 167.3 8.6 150.7 145.6 237.2 101.0 92.5 101.7 95.4 273.1 140.2 134.8 106.0 253.5 144.2 175.5 94.7 157.2 100.2 112.4 147.9 102.3 155.1 162.2 135.5 112.1 83.3 206.6 124.1 57.9 14.3 123.6 99.3
1472.5 127.5 391.5 184.5 242.4 311.5 233.2 80.6 369.1 304.6 238.8 296.8 167.7 92.3 274.6 30.0 125.6 218.2 92.2 39.7 144.5 365.0 107.9 208.0 70.6 196.1 17.5 244.5 331.6 443.9 246.8 68.3 173.0 223.8 168.1 424.8 422.0 133.9 191.5 200.5 67.8 230.8 192.2 392.2 222.7 248.4 207.7 181.4 12.7 33.9 112.1 125.8 251.2 290.3 250.9 84.3 196.1 291.4 85.5 219.5 23.7 152.3 227.2 159.5 267.7 97.3 111.9 193.8 7.5 126.9 311.8 171.6 93.9 223.7 82.7 332.8 178.5 154.5 0.0 339.8 183.9 295.2 27.1 269.7 158.3 218.4 174.5 151.1 164.6 47.0 147.4 285.5 211.4 151.7 296.9 79.2 321.4 106.9 118.6 240.8 375.3 174.6 107.5 250.7 134.3 84.0 206.8 131.7 258.3 65.0 94.2 137.3 307.3 278.5 328.4 195.2 226.9 140.0 107.4 124.3
1222.6 295.1 51.7 359.6 267.7 100.8 108.3 267.8 67.7 96.7 264.1 88.9 342.8 406.0 104.4 386.5 351.8 143.8 405.9 305.3 311.9 25.2 369.1 155.5 384.3 270.6 374.0 190.9 30.2 142.5 321.3 424.9 318.4 138.2 343.2 85.0 120.6 250.3 336.9 273.9 381.5 192.9 172.5 90.8 302.5 149.8 382.8 313.5 333.7 313.0 425.8 349.8 94.6 74.7 244.4 398.0 371.2 59.5 360.5 254.9 322.7 280.6 159.0 307.6 293.0 323.5 341.9 280.6 364.1 251.2 36.7 272.2 251.7 185.8 308.9 124.9 279.1 228.7 356.5 0.0 152.7 101.1 340.8 165.5 299.1 151.4 304.3 326.2 219.7 360.7 330.3 77.6 301.2 326.1 230.7 269.5 113.5 368.2 273.7 102.9 35.5 196.1 369.6 192.9 321.0 263.9 130.8 256.0 283.6 365.1 407.9 340.8 218.8 245.8 9.9 141.9 268.4 244.5 282.5 329.5
1288.5 171.0 186.9 197.9 175.3 127.5 49.2 106.1 164.5 120.6 171.7 112.8 181.1 244.3 90.6 224.8 190.1 76.4 244.2 143.6 150.2 160.4 259.9 88.1 222.6 240.6 212.3 123.5 126.5 239.3 291.3 263.2 270.0 70.8 179.3 218.2 217.4 178.4 288.5 237.8 219.8 88.8 105.1 187.6 267.2 64.4 221.1 249.3 172.0 151.3 294.4 280.2 67.2 106.3 177.0 236.3 215.7 107.4 198.8 218.8 153.7 196.8 89.3 259.2 200.6 161.8 263.9 244.5 204.0 89.5 104.2 216.1 90.0 81.7 147.2 148.0 228.5 199.0 194.8 135.2 0.0 111.2 176.7 84.3 137.4 58.4 235.9 164.5 209.1 192.8 168.6 101.5 233.8 256.1 119.4 107.8 137.4 206.5 112.0 56.8 182.7 10.2 259.5 125.5 159.3 102.2 22.8 91.5 191.2 203.4 246.2 179.1 107.5 134.5 123.8 11.2 201.0 184.5 120.8 276.3
1239.5 253.6 158.2 313.2 226.2 47.2 66.8 221.4 102.2 98.6 222.6 90.8 296.4 343.5 68.8 340.1 312.5 102.3 324.8 258.9 265.5 131.7 327.6 114.0 337.9 229.1 327.6 149.4 64.2 177.0 279.8 378.5 276.9 96.7 296.8 191.5 155.1 208.8 295.4 232.4 335.1 212.8 131.0 125.3 261.0 108.3 336.4 272.0 287.3 266.6 409.5 308.3 53.1 37.2 202.9 351.6 331.0 85.4 321.2 213.4 276.3 239.1 178.9 266.1 251.5 284.2 300.4 239.1 317.7 204.8 84.8 230.7 205.3 205.7 269.6 126.8 237.6 187.2 310.1 106.5 115.2 0.0 294.4 111.9 252.7 171.3 261.8 279.8 178.2 314.3 283.9 79.5 259.7 284.6 163.3 223.1 115.4 328.9 227.3 61.4 142.0 124.5 328.1 151.4 274.6 217.5 93.3 209.6 242.1 318.7 341.6 294.4 151.4 223.1 95.1 104.4 226.9 203.0 236.1 288.0
1495.7 120.8 394.6 178.8 274.5 305.8 227.5 72.5 363.4 296.5 276.8 291.1 162.0 65.1 266.5 47.1 119.9 212.5 65.0 34.0 138.8 359.3 80.7 202.3 43.4 188.0 34.6 238.8 325.9 438.2 241.1 83.1 145.8 218.1 160.2 417.1 416.3 123.2 164.3 175.7 40.6 225.1 198.1 386.5 217.0 258.7 202.0 157.4 7.0 28.2 84.9 101.0 243.1 284.6 226.1 57.1 188.0 283.3 102.7 192.3 25.5 144.2 221.5 132.3 262.0 91.6 84.7 169.0 26.3 121.2 303.1 165.9 91.8 218.0 74.6 326.3 178.3 148.8 17.1 334.1 178.2 289.5 0.0 262.6 152.6 210.3 146.3 145.4 158.9 13.6 139.3 279.8 184.2 129.5 269.7 73.5 313.3 121.7 118.3 235.1 381.6 165.6 80.3 245.0 128.6 75.9 201.1 123.2 252.6 54.5 67.0 131.6 280.1 251.3 322.7 189.5 199.7 131.9 101.7 97.1
1259.0 241.7 217.5 300.7 145.8 43.6 104.2 208.9 152.7 195.3 140.3 187.5 283.9 345.2 65.4 327.6 292.9 91.4 347.0 246.4 253.0 182.2 288.1 103.1 323.5 216.3 315.1 138.5 114.7 227.5 267.0 364.1 264.1 83.9 282.1 240.0 205.6 202.3 282.6 219.6 320.7 191.6 118.2 175.8 250.1 7.1 323.9 264.3 274.8 254.1 395.3 291.3 91.9 125.6 192.0 339.1 316.6 158.1 301.6 202.5 256.5 226.3 257.6 255.2 171.1 264.6 289.5 226.3 306.8 192.3 138.7 219.8 192.8 184.5 248.1 222.7 232.2 176.3 297.6 157.0 100.8 88.3 279.5 0.0 240.2 250.0 250.0 265.4 167.3 295.6 269.5 176.2 248.8 269.2 89.9 210.6 212.1 307.4 220.2 98.8 204.5 112.9 288.6 140.5 262.1 203.1 80.2 194.3 161.7 301.4 304.0 281.9 78.0 105.0 145.6 91.9 216.0 192.1 223.6 277.1
1395.0 74.4 345.8 152.3 153.7 244.0 165.7 78.5 281.0 323.6 150.1 315.8 135.5 216.7 265.6 197.2 134.3 129.5 216.6 116.0 112.3 310.5 232.3 119.3 195.0 107.4 184.7 155.8 243.0 355.8 158.1 235.6 136.8 135.1 133.7 368.3 333.9 40.2 155.3 104.6 192.2 191.6 104.2 304.1 134.0 214.9 175.5 120.5 144.4 123.7 236.5 168.2 183.7 265.0 101.2 208.7 163.9 286.4 143.0 85.6 126.1 70.5 188.0 126.0 179.0 106.0 160.3 111.3 176.4 41.8 267.0 82.9 68.2 184.5 91.4 351.0 89.8 65.8 167.2 285.3 202.2 227.7 149.1 218.8 0.0 179.2 130.6 118.9 75.9 171.4 111.4 304.5 140.7 150.8 169.0 80.2 340.4 150.7 48.9 173.3 332.8 134.5 231.9 162.0 102.1 74.6 179.7 36.2 169.6 171.0 218.6 121.9 179.4 150.6 273.9 191.4 125.2 51.3 75.2 147.9
1337.2 209.4 204.7 236.3 229.3 181.5 103.2 144.5 182.3 156.4 225.7 148.6 219.5 282.7 144.6 263.2 228.5 130.4 282.6 182.0 188.6 178.2 298.3 142.1 261.0 279.0 250.7 177.5 144.8 257.1 329.7 301.6 308.4 124.8 217.7 236.0 235.2 216.8 326.9 276.2 258.2 41.4 147.7 205.4 305.6 134.4 259.5 292.1 210.4 189.7 302.5 316.2 121.2 154.4 272.8 274.7 247.9 139.2 237.2 257.2 192.1 235.2 30.8 297.6 254.6 200.2 302.3 282.9 242.4 127.9 122.0 254.5 128.4 34.3 185.6 184.6 266.9 237.4 233.2 153.0 53.9 165.2 217.5 138.3 175.8 0.0 289.9 202.9 247.5 237.4 207.0 137.3 287.8 344.7 173.4 146.2 173.2 244.9 155.8 110.8 200.5 43.7 297.9 179.5 197.7 140.6 76.8 129.9 245.2 241.8 284.6 217.5 161.5 188.5 141.6 65.2 296.8 222.9 159.2 314.7
1398.3 125.1 359.4 208.2 216.1 266.4 188.1 157.0 304.4 346.0 169.4 338.2 244.1 103.9 288.0 236.7 184.0 152.9 196.3 155.5 227.3 332.9 88.0 141.7 145.4 138.2 224.2 176.1 265.4 378.2 166.5 264.0 149.4 157.5 226.3 391.7 356.3 80.3 166.9 25.9 231.7 313.5 136.3 326.5 136.3 237.3 236.3 10.0 184.9 163.2 168.9 175.6 207.1 288.4 88.4 248.2 272.5 309.8 192.7 45.9 165.6 111.6 314.0 137.6 198.3 155.7 172.9 20.2 215.9 203.3 289.4 84.2 170.3 307.4 141.1 374.4 97.6 114.3 206.7 307.7 224.6 250.1 192.0 241.2 188.9 283.1 0.0 227.5 126.1 204.7 205.8 326.9 48.9 19.2 172.3 155.6 362.8 200.4 195.0 195.7 356.2 235.8 88.5 182.3 217.4 160.4 202.1 205.3 188.9 210.5 101.0 195.7 182.7 153.9 297.3 213.8 64.4 74.5 184.8 160.5
1443.7 148.8 362.7 46.8 264.7 282.7 204.4 83.9 340.3 275.8 261.1 268.0 16.5 233.1 245.8 159.5 114.3 240.5 233.0 121.4 33.6 336.2 248.7 230.3 200.4 218.4 190.1 266.8 302.8 415.1 269.1 205.9 247.8 246.1 28.2 394.0 393.2 156.2 266.3 215.6 197.6 202.0 223.9 363.4 245.0 219.6 56.5 231.5 149.8 129.1 162.5 266.6 222.4 261.5 212.2 214.1 38.4 262.6 113.9 196.6 131.5 174.6 198.4 237.0 290.0 88.6 252.7 222.3 181.8 98.1 280.0 193.9 65.1 194.9 105.4 304.0 200.8 176.8 172.6 311.0 155.1 266.4 154.5 240.9 111.5 189.6 241.6 0.0 186.9 176.8 52.7 256.7 251.7 295.1 280.0 85.6 292.6 121.6 77.2 212.0 358.5 144.9 248.3 273.0 43.4 80.0 178.0 100.1 280.6 176.4 235.0 63.2 290.4 261.6 299.6 166.4 236.2 162.3 42.6 265.1
1319.0 75.3 261.0 158.4 77.7 168.0 89.7 107.2 205.0 247.6 74.1 239.8 194.3 170.7 189.6 186.9 134.2 53.5 146.5 105.7 177.5 234.5 186.3 43.3 184.7 50.8 174.4 79.8 167.0 279.8 101.5 214.2 98.6 59.1 175.5 294.3 257.9 30.5 117.1 54.1 181.9 215.1 27.5 228.1 82.7 131.4 186.5 73.2 134.1 113.4 237.9 130.0 107.7 189.0 24.6 198.4 222.7 210.4 142.9 35.1 123.1 60.8 215.6 87.8 103.0 105.9 122.1 60.8 164.5 153.5 187.6 52.4 120.5 208.0 91.3 275.8 59.3 8.9 156.9 209.3 126.2 151.7 141.2 144.2 139.1 184.7 80.1 177.7 0.0 161.1 156.0 228.5 64.1 102.9 93.0 105.8 264.4 150.6 145.2 97.3 244.8 135.5 185.9 86.0 167.6 110.6 103.7 158.3 93.6 165.5 172.6 145.9 103.4 74.6 197.9 115.4 48.6 24.7 134.0 109.7
1475.8 139.1 412.9 197.1 254.6 324.1 245.8 88.6 381.7 312.6 256.9 309.4 180.3 51.4 282.6 65.4 138.2 264.1 45.1 52.3 157.1 377.6 67.0 253.9 29.7 208.7 52.9 257.1 344.2 456.5 294.0 99.2 132.1 275.9 178.5 435.4 434.6 141.5 144.4 153.4 34.2 243.4 249.7 404.8 262.8 277.0 220.3 137.5 25.3 46.5 65.0 78.7 259.2 302.9 210.0 55.3 208.7 304.0 121.0 172.4 43.8 228.5 239.8 112.4 277.8 109.9 64.8 152.9 40.0 139.5 321.4 211.7 101.9 236.3 90.7 344.6 224.1 167.1 35.4 352.4 196.5 307.8 20.6 280.9 170.9 226.4 132.6 163.7 177.2 0.0 160.0 298.1 170.5 113.4 249.8 91.8 329.4 137.8 136.6 253.4 395.3 186.3 66.6 304.7 146.9 96.6 219.4 141.5 268.4 72.8 53.3 149.9 260.2 231.4 341.0 207.8 179.8 192.4 120.0 77.2
1477.4 120.2 368.5 79.4 236.1 326.4 248.1 92.3 346.1 281.6 232.5 273.8 62.6 227.9 251.6 139.5 85.2 211.9 227.8 127.2 21.4 342.0 243.5 201.7 206.2 189.8 152.0 238.2 308.6 420.9 240.5 165.2 219.2 217.5 60.8 401.8 399.0 122.6 237.7 187.0 203.4 207.8 195.3 369.2 216.4 225.4 102.6 202.9 155.6 134.9 208.6 261.4 266.1 267.3 183.6 219.9 91.0 268.4 93.9 168.0 137.3 146.0 204.2 208.4 261.4 56.9 247.5 193.7 187.6 103.9 288.8 165.3 70.9 200.7 60.4 309.0 177.7 148.2 178.4 316.8 160.9 310.1 160.3 245.3 117.3 195.4 213.0 46.0 158.3 182.6 0.0 262.5 223.1 233.2 251.4 90.9 298.4 101.6 83.0 255.7 364.3 150.7 243.1 244.4 11.5 95.7 183.8 105.9 252.0 187.0 229.8 10.4 261.8 233.0 305.4 172.2 207.6 133.7 48.4 259.9
1243.7 316.2 111.2 345.8 288.8 116.6 125.4 254.0 88.8 19.0 285.2 11.2 329.0 392.2 125.5 372.7 338.0 164.9 392.1 291.5 298.1 84.7 407.8 176.6 370.5 291.7 360.2 212.0 51.3 163.6 342.4 411.1 339.5 159.3 329.4 144.5 141.7 271.4 358.0 295.0 367.7 179.1 193.6 111.9 323.6 140.6 369.0 334.6 319.9 299.2 412.0 370.9 115.7 42.9 265.5 384.2 357.4 27.7 346.7 276.0 308.9 301.7 145.2 328.7 314.1 309.7 363.0 301.7 350.3 237.4 31.5 364.0 237.9 172.0 295.1 47.2 370.9 249.8 342.7 59.5 120.9 69.3 327.0 161.9 285.3 137.6 324.4 312.4 240.8 346.9 316.5 0.0 322.3 347.2 195.6 255.7 35.8 354.4 259.9 124.0 95.0 130.2 407.4 214.0 307.2 250.1 99.0 242.2 304.7 351.3 394.1 327.0 183.7 210.7 48.1 110.1 289.5 265.6 268.7 350.6
1375.4 131.7 336.5 215.8 152.1 243.5 165.2 164.6 280.5 323.1 148.5 315.3 251.7 130.6 265.1 244.3 191.6 129.0 203.9 163.1 234.9 310.0 114.7 118.8 173.1 90.2 231.8 156.6 242.5 355.3 140.9 271.6 156.0 134.6 232.9 369.8 333.4 92.3 174.5 76.4 239.3 290.6 112.4 303.6 122.1 187.8 243.9 60.5 191.5 170.8 196.6 187.4 183.2 264.5 39.4 255.8 280.1 285.9 200.3 92.5 173.2 118.2 291.1 145.2 177.4 163.3 179.5 69.7 223.5 210.9 266.5 134.7 177.9 283.5 148.7 350.5 147.1 66.3 214.3 284.8 201.7 227.2 196.2 218.3 196.5 260.2 48.1 235.1 103.2 218.5 213.4 304.0 0.0 67.3 149.4 163.2 339.9 208.0 208.0 172.8 332.3 211.9 115.2 204.3 225.0 168.0 179.2 212.9 168.0 218.1 128.7 203.3 159.8 131.0 273.4 190.9 15.4 82.1 191.4 167.1
1417.8 144.3 379.6 228.4 196.9 286.6 208.3 177.2 323.6 366.2 199.2 358.4 264.3 83.7 308.2 256.9 204.2 172.1 116.4 175.7 247.5 353.1 67.8 161.9 126.2 158.4 244.4 195.3 285.6 398.4 186.7 180.3 168.6 177.7 245.5 410.9 376.5 104.9 187.1 46.1 251.9 333.7 146.8 346.7 155.5 257.5 256.5 30.2 204.1 183.4 149.7 78.6 226.3 307.6 107.6 268.4 292.7 329.0 212.9 65.1 185.8 130.8 334.2 157.8 218.5 175.9 192.1 39.4 236.1 223.5 306.2 104.4 196.5 326.6 161.3 393.6 116.8 134.5 226.9 327.9 244.8 270.3 208.8 262.8 209.1 303.3 19.2 247.7 146.3 224.9 226.0 347.1 68.1 0.0 192.1 175.8 383.0 220.6 215.2 215.9 375.4 255.0 68.3 201.5 237.6 180.6 222.3 225.5 209.1 235.5 81.8 215.9 202.5 173.7 316.5 234.0 83.6 94.7 204.0 179.7
1225.9 180.6 217.8 298.4 55.8 131.5 105.0 206.6 161.8 204.4 52.2 196.6 281.6 215.9 135.1 325.3 239.5 89.1 251.8 244.1 250.7 191.3 200.0 100.8 258.4 156.1 312.8 85.6 123.8 236.6 206.8 363.7 203.9 83.5 282.0 251.1 214.7 135.8 222.4 159.4 320.3 189.3 117.8 184.9 188.0 38.3 321.6 174.7 272.5 251.8 281.9 235.3 123.0 182.4 129.9 336.8 316.2 167.2 248.2 140.4 261.5 166.1 189.8 193.1 81.1 211.2 227.4 166.1 302.9 190.0 144.4 157.7 190.5 182.2 196.6 232.6 164.6 114.2 295.3 166.1 100.4 166.9 279.6 73.9 237.9 158.9 164.5 265.0 105.2 299.5 269.1 185.3 162.4 187.3 0.0 208.3 221.2 255.9 212.5 112.6 201.6 109.7 200.5 54.8 259.8 202.7 77.9 194.8 71.7 303.9 214.0 279.6 10.3 15.0 154.7 89.6 153.9 130.0 221.3 215.0
1420.3 64.1 312.2 105.2 179.0 269.3 191.0 1.4 289.8 225.3 175.4 217.5 88.4 136.4 195.3 116.9 82.2 154.8 136.3 35.7 65.2 285.7 152.0 144.6 114.7 132.7 104.4 181.1 252.3 364.6 183.4 155.3 162.1 160.4 88.8 345.5 342.7 70.5 180.6 129.9 111.9 151.5 128.8 312.9 159.3 169.1 128.4 149.0 64.1 43.4 156.2 169.9 209.0 211.0 126.5 128.4 116.8 212.1 90.9 110.9 53.1 88.9 147.9 151.3 204.3 53.9 156.0 136.6 94.5 47.6 232.5 108.2 14.6 144.4 39.3 253.5 115.1 91.1 86.9 260.5 104.6 253.0 71.2 190.4 67.7 139.1 155.9 71.8 101.2 91.1 64.3 206.2 166.0 195.8 194.3 0.0 242.1 98.6 39.3 198.6 296.0 95.3 151.6 187.3 55.0 4.8 127.5 52.4 194.9 95.5 138.3 74.8 204.7 175.9 249.1 115.9 150.5 76.6 28.1 168.4
1279.6 352.1 147.1 381.7 324.7 152.5 161.3 289.9 124.7 16.8 321.1 23.5 364.9 428.1 161.4 408.6 373.9 200.8 428.0 327.4 334.0 120.6 443.7 212.5 406.4 327.6 396.1 247.9 87.2 199.5 378.3 447.0 375.4 195.2 363.1 178.4 177.6 307.3 393.9 330.9 403.6 215.0 218.1 147.8 359.5 176.5 404.9 373.7 355.8 335.1 447.9 402.6 151.6 78.8 301.4 420.1 393.3 63.6 382.6 311.9 337.5 337.6 181.1 364.6 350.0 345.6 398.9 337.6 387.8 273.3 64.4 399.9 273.8 207.9 331.0 10.6 412.3 285.7 378.6 95.4 156.8 105.2 360.5 196.4 321.2 173.5 360.3 348.3 276.7 376.6 352.4 35.8 358.2 380.5 231.5 291.6 0.0 390.3 301.2 159.9 142.9 167.0 443.3 249.9 343.1 286.0 134.9 275.3 340.6 387.2 430.0 362.9 219.6 246.6 84.0 146.0 325.4 301.5 304.6 386.5
1486.8 129.6 412.6 73.8 245.5 335.8 257.5 101.7 372.8 325.7 241.9 317.9 128.7 193.4 295.7 76.5 49.6 221.3 193.3 146.3 117.9 386.1 209.0 211.1 177.2 199.2 89.0 247.6 334.8 447.6 249.9 102.2 274.1 226.9 90.9 443.9 425.7 137.0 292.6 196.4 174.4 251.9 204.7 395.9 225.8 299.2 101.9 285.7 119.3 140.5 153.3 226.9 275.5 311.4 193.0 190.9 139.1 312.5 30.9 177.4 137.8 155.4 248.3 260.6 270.8 53.0 213.0 203.1 97.3 148.0 329.9 174.7 121.0 244.8 69.8 353.9 187.1 157.6 106.5 360.9 205.0 319.5 131.3 289.4 134.2 239.5 275.6 112.1 167.7 153.6 96.4 306.6 312.5 255.4 260.8 100.3 342.5 0.0 145.1 265.1 408.4 194.8 208.6 253.8 108.0 105.1 271.5 152.8 261.4 171.6 195.3 86.3 271.2 242.4 349.5 216.3 217.0 143.1 128.5 225.4
1451.6 94.4 337.1 103.3 210.3 300.6 222.3 34.9 305.9 241.4 212.1 233.6 86.5 173.1 216.8 148.2 113.5 186.1 167.6 67.0 63.3 301.8 188.7 175.9 146.0 169.4 135.7 212.4 268.4 380.7 220.1 192.0 193.4 197.1 84.7 359.6 358.8 96.8 217.3 161.2 148.6 167.6 171.7 329.0 190.6 201.2 126.5 177.1 95.4 74.7 192.9 201.2 240.3 227.1 163.2 159.7 120.3 233.6 122.2 142.2 82.5 120.2 164.0 182.6 235.6 85.2 187.3 173.3 132.8 63.7 245.6 139.5 36.7 160.5 76.0 268.8 151.9 122.4 118.2 276.6 120.7 284.3 100.1 205.1 34.2 160.6 193.6 75.3 132.5 116.2 67.8 222.3 202.7 229.7 225.6 31.2 258.2 129.9 0.0 229.9 324.1 115.9 188.3 218.6 53.1 25.6 143.6 65.7 226.2 122.0 169.6 72.9 236.0 207.2 265.2 132.0 181.8 113.3 26.2 199.7
1244.9 192.1 163.6 268.1 164.7 70.6 5.3 176.3 107.6 150.2 161.1 142.4 251.3 282.0 73.0 295.0 251.0 40.8 263.3 213.8 220.4 137.1 266.1 52.5 292.8 167.6 282.5 87.9 69.6 182.4 218.3 331.0 215.4 35.2 251.7 196.9 160.5 147.3 233.9 170.9 290.0 246.4 69.5 130.7 199.5 46.8 291.3 210.5 242.2 221.5 348.0 246.8 10.3 91.6 141.4 306.5 285.9 113.0 259.7 151.9 231.2 177.6 212.5 204.6 190.0 222.7 238.9 177.6 272.6 159.7 90.2 169.2 160.2 239.3 208.1 178.4 176.1 125.7 265.0 111.9 70.1 54.3 249.3 68.1 207.6 204.9 200.3 234.7 116.7 269.2 238.8 131.1 198.2 223.1 101.8 178.0 167.0 267.4 182.2 0.0 147.4 79.4 266.6 89.9 229.5 172.4 47.6 164.5 180.6 273.6 280.1 249.3 89.9 161.6 100.5 59.3 165.4 141.5 191.0 226.5
1264.2 335.7 4.2 401.2 309.3 142.4 149.9 309.4 109.3 138.3 305.7 130.5 384.4 447.6 146.0 428.1 393.4 185.4 447.5 346.9 353.5 19.4 410.7 197.1 425.9 312.2 415.6 232.5 71.8 184.1 362.9 466.5 360.0 179.8 384.8 35.4 162.2 291.9 378.5 315.5 423.1 234.5 202.7 132.4 344.1 207.4 424.4 358.3 375.3 354.6 467.4 387.2 136.2 116.3 286.0 439.6 412.8 101.1 402.1 296.5 357.0 322.2 200.6 349.2 334.6 365.1 383.5 322.2 407.3 292.8 78.3 313.8 293.3 227.4 350.5 165.7 320.7 270.3 398.1 41.5 194.3 142.7 382.4 207.1 340.7 193.0 345.9 367.8 261.3 396.1 371.9 119.2 342.8 365.1 272.3 311.1 155.1 409.8 320.7 144.5 0.0 236.8 411.2 234.5 362.6 305.5 172.4 294.8 325.2 401.9 449.5 382.4 260.4 287.4 51.4 183.5 310.0 286.1 324.1 371.1
1298.7 160.8 197.1 187.7 185.5 137.7 59.4 95.9 174.7 130.8 181.9 123.0 170.9 234.1 100.8 214.6 179.9 86.6 234.0 133.4 140.0 170.6 249.7 98.3 212.4 230.4 202.1 133.7 136.7 249.5 281.1 253.0 259.8 81.0 169.1 228.4 227.6 168.2 278.3 227.6 209.6 78.6 103.9 197.8 257.0 74.6 210.9 243.5 161.8 141.1 284.2 267.6 77.4 116.5 224.2 226.1 205.5 117.6 188.6 208.6 143.5 186.6 79.1 249.0 210.8 151.6 253.7 234.3 193.8 79.3 114.4 205.9 71.8 71.5 137.0 158.2 218.3 188.8 184.6 145.4 10.2 121.4 168.9 94.5 127.2 48.2 247.1 154.3 198.9 188.8 158.4 111.7 244.0 296.1 129.6 97.6 147.6 196.3 107.2 67.0 192.9 0.0 249.3 135.7 149.1 92.0 33.0 81.3 201.4 193.2 236.0 168.9 117.7 144.7 134.0 21.4 248.2 174.3 110.6 266.1
1415.3 177.1 416.0 238.8 194.1 318.1 239.8 159.2 351.2 393.8 196.4 386.0 246.3 15.3 324.5 131.4 214.6 203.6 48.0 118.3 257.9 380.7 0.3 193.4 57.8 194.1 118.9 275.0 313.2 426.0 233.5 111.9 123.3 209.2 244.5 440.5 404.1 137.7 141.8 92.9 104.8 309.4 177.6 374.3 202.3 258.0 266.9 77.0 91.3 112.5 81.3 18.2 257.8 339.1 143.3 121.3 274.7 356.6 223.3 111.9 109.8 163.6 305.8 51.9 217.3 186.3 67.7 86.2 110.6 205.5 337.2 151.2 178.5 302.3 171.7 421.2 163.6 170.2 101.4 355.5 276.3 301.8 84.2 261.9 241.9 297.0 65.9 229.7 177.8 65.9 236.4 374.7 103.8 46.7 189.3 157.8 410.6 231.0 202.6 247.4 403.0 286.5 0.0 244.2 248.0 162.6 253.8 210.3 207.9 138.8 13.4 226.3 199.7 170.9 344.1 265.5 119.3 127.5 186.0 80.1
1276.8 180.9 256.0 319.2 84.6 163.0 84.7 227.4 200.0 242.6 81.0 234.8 302.4 276.3 184.6 292.5 239.8 71.0 252.1 211.3 271.5 229.5 246.8 82.7 290.3 156.4 280.0 43.9 162.0 274.8 207.1 319.8 204.2 65.4 302.8 289.3 252.9 136.1 222.7 159.7 287.5 210.1 99.7 223.1 188.3 89.2 342.4 178.8 239.7 219.0 343.5 235.6 102.7 184.0 130.2 304.0 337.0 205.4 248.5 140.7 228.7 166.4 210.6 193.4 109.9 211.5 227.7 166.4 270.1 210.8 182.6 158.0 211.3 203.0 196.9 270.8 164.9 114.5 262.5 204.3 121.2 146.7 246.8 124.8 258.7 179.7 230.5 285.8 105.5 266.7 289.9 223.5 169.7 253.3 99.9 229.1 259.4 256.2 233.3 92.3 239.8 130.5 291.5 0.0 280.6 223.5 98.7 215.6 100.5 271.1 278.2 251.5 110.3 81.5 192.9 110.4 154.2 130.3 242.1 215.3
1437.9 130.5 356.9 67.8 245.4 276.9 198.6 78.1 334.5 270.0 241.8 262.2 51.0 216.3 240.0 148.8 94.5 221.2 216.2 115.6 9.8 330.4 231.9 211.0 194.6 199.1 184.3 247.5 297.0 409.3 249.8 174.5 228.5 226.8 51.4 390.2 387.4 136.9 247.0 196.3 191.8 196.2 195.2 357.6 225.7 213.8 91.0 215.4 144.0 123.3 197.0 249.8 216.6 255.7 192.9 208.3 79.4 256.8 103.2 177.3 133.0 155.3 192.6 217.7 270.7 109.6 235.9 203.0 174.4 92.3 277.2 174.6 59.3 189.1 69.7 298.2 181.5 157.5 166.8 305.2 149.3 260.6 151.1 235.1 105.7 183.8 222.3 34.4 167.6 171.0 9.2 250.9 232.4 245.1 260.7 79.8 286.8 110.9 66.0 206.2 340.7 140.0 231.5 253.7 0.0 74.2 172.2 97.1 261.3 175.4 218.2 19.7 271.1 242.3 293.8 160.6 216.9 143.0 36.8 248.3
1425.9 68.7 307.4 100.4 184.6 227.4 149.1 3.9 285.0 220.5 181.0 212.7 83.6 142.0 190.5 122.5 87.8 160.4 141.9 41.3 60.4 280.9 157.6 150.2 120.3 138.3 110.0 186.7 247.5 359.8 189.0 160.9 167.7 166.0 81.8 338.7 337.9 76.1 186.2 135.5 117.5 146.7 143.8 308.1 164.9 180.3 123.6 151.4 69.7 49.0 161.8 177.9 167.1 206.2 132.1 134.0 112.0 207.3 96.5 116.5 51.4 94.5 143.1 156.9 209.9 59.5 161.6 142.2 101.7 42.8 224.7 113.8 9.8 139.6 44.9 248.7 120.7 96.7 92.5 255.7 99.8 211.1 74.4 184.2 73.3 134.3 161.5 67.0 106.8 96.7 59.5 201.4 171.6 204.0 199.9 5.6 237.3 104.2 34.5 156.7 303.2 89.6 157.2 192.9 50.2 0.0 122.7 44.8 200.5 96.3 143.9 70.0 210.3 181.5 244.3 111.1 156.1 82.2 23.3 174.0
1265.6 194.5 197.6 220.4 152.4 104.6 26.3 128.6 141.6 122.9 148.8 115.1 203.6 266.8 67.7 247.3 212.6 53.5 266.7 166.1 172.7 171.1 282.4 65.2 245.1 263.1 234.8 100.6 103.6 216.4 313.8 285.7 228.1 47.9 204.0 230.9 194.5 200.9 246.6 183.6 242.3 111.3 82.2 164.7 289.7 41.5 243.6 223.2 194.5 173.8 316.9 300.3 44.3 125.6 154.1 258.8 238.2 147.0 221.3 164.6 183.5 219.3 111.8 217.3 177.7 184.3 286.4 190.3 224.9 112.0 124.2 238.6 112.5 104.2 169.7 151.1 245.5 221.5 217.3 145.9 22.4 88.3 201.6 62.8 159.9 80.9 213.0 187.0 129.4 221.5 191.1 103.8 210.9 235.8 96.5 130.3 139.7 229.0 134.5 33.9 181.4 31.7 282.0 102.6 181.8 124.7 0.0 116.8 168.3 225.9 268.7 201.6 84.6 111.6 134.5 11.6 178.1 207.0 143.3 298.8
1397.0 112.9 324.8 139.8 228.8 236.0 157.7 48.0 293.6 225.8 225.2 221.3 123.0 186.2 195.8 166.7 132.0 204.6 186.1 85.5 99.8 289.5 201.8 194.4 161.2 179.2 154.2 230.9 256.1 368.4 233.2 201.8 208.6 210.2 121.2 347.3 346.5 115.3 227.1 176.4 161.7 155.3 190.2 316.7 209.1 188.9 163.0 192.3 113.9 93.2 202.7 218.8 172.4 214.8 176.3 178.2 148.1 212.6 140.7 160.7 92.3 138.7 151.7 201.1 254.1 103.7 205.8 183.1 145.9 5.6 233.3 158.0 20.6 148.2 89.1 256.5 170.4 140.9 136.7 264.3 105.1 219.7 118.6 192.8 43.0 139.6 202.4 106.4 151.0 134.7 98.9 210.0 212.5 248.2 244.1 49.7 242.6 145.1 59.3 165.3 308.5 98.2 201.4 237.1 89.6 40.8 131.3 0.0 244.7 140.5 184.8 109.4 254.5 225.7 252.9 119.7 200.3 123.1 62.7 218.2
1318.8 182.3 310.7 265.4 29.0 224.4 186.9 214.2 254.7 297.3 25.4 289.5 301.3 277.7 265.9 293.9 241.2 150.7 253.5 212.7 284.5 284.2 218.9 140.5 291.7 157.8 281.4 133.7 216.7 329.5 208.5 321.2 205.6 156.3 282.5 344.0 307.6 137.5 224.1 161.1 288.9 354.5 124.7 277.8 189.7 203.5 293.5 180.2 241.1 220.4 344.9 237.0 204.9 275.3 131.6 305.4 329.7 260.1 249.9 142.1 230.1 167.8 355.0 194.8 9.3 212.9 229.1 167.8 271.5 355.2 237.3 159.4 227.5 347.4 198.3 325.5 166.3 115.9 263.9 259.0 265.6 248.9 248.2 239.1 246.1 324.1 187.1 284.7 106.9 268.1 263.0 278.2 171.1 209.9 92.8 212.8 314.1 257.6 252.2 194.5 294.5 274.9 219.4 114.3 274.6 217.6 243.1 360.0 0.0 272.5 232.9 252.9 103.2 74.4 247.6 254.8 155.6 131.7 241.0 216.7
1478.4 132.4 406.2 190.4 248.3 317.4 239.1 82.1 375.0 306.1 240.3 302.7 173.6 131.8 280.5 112.3 131.5 224.1 131.7 45.6 150.4 370.9 147.4 213.9 105.7 202.0 99.8 250.4 337.5 449.8 248.3 146.3 208.1 225.3 171.8 428.7 427.9 134.8 226.6 240.0 107.3 236.7 209.7 398.1 228.6 270.3 213.6 224.1 59.5 39.8 147.2 160.9 257.1 296.2 195.8 123.8 202.0 297.3 140.2 259.0 32.7 153.8 233.1 199.0 273.6 103.2 151.4 233.3 87.1 132.8 314.7 177.5 99.8 229.6 88.6 337.9 189.9 160.4 82.3 345.7 185.4 301.1 64.2 274.2 164.2 224.3 208.6 152.6 170.5 80.3 153.3 291.4 250.9 193.8 263.6 85.1 322.9 147.9 129.9 246.7 388.8 179.6 147.0 256.6 140.2 89.9 212.7 134.8 264.2 0.0 129.3 143.2 274.0 245.2 334.3 201.1 266.4 145.9 113.3 163.8
1428.6 191.4 420.5 249.6 207.4 331.4 253.1 145.7 364.5 407.1 209.7 399.3 232.8 1.9 337.8 117.9 227.9 216.9 34.5 104.8 209.6 394.0 13.6 206.7 44.3 207.4 105.4 288.3 326.5 439.3 246.8 98.4 136.6 222.5 233.2 451.8 417.4 146.6 155.1 106.2 91.3 295.9 200.3 387.6 215.6 241.0 272.8 90.3 77.8 99.0 67.8 31.5 271.1 352.4 156.6 107.8 261.2 369.9 169.9 125.2 96.3 176.9 292.3 65.2 230.6 199.6 54.2 99.5 97.1 192.0 347.1 164.5 165.0 288.8 185.0 434.5 176.9 183.5 87.9 368.8 289.6 315.1 73.1 275.2 223.4 283.5 80.2 216.2 191.1 57.0 249.7 388.0 117.1 60.0 202.6 144.3 423.9 244.3 189.1 260.7 416.3 299.8 13.2 257.5 199.4 149.1 267.1 194.0 221.2 130.1 0.0 239.6 213.0 184.2 357.4 278.8 132.6 140.8 172.5 66.6
1466.9 110.7 378.6 86.3 225.6 315.9 237.6 81.8 352.9 291.7 222.0 283.9 72.7 201.0 261.7 129.0 74.7 201.4 200.9 100.3 31.5 352.1 216.6 191.2 179.3 179.3 141.5 227.7 314.9 427.7 230.0 154.7 208.7 207.0 73.1 411.9 405.8 117.1 227.2 176.5 176.5 217.9 175.4 376.0 205.9 279.3 112.7 195.6 128.7 108.0 218.7 234.5 255.6 277.4 173.1 193.0 101.1 278.5 83.4 157.5 117.7 135.5 214.3 197.9 250.9 46.4 220.6 183.2 151.4 114.0 298.9 154.8 81.0 210.8 49.9 319.9 161.7 137.7 151.5 326.9 171.0 299.6 135.8 256.8 114.3 205.5 202.5 56.1 147.8 155.7 10.0 272.6 212.6 225.3 240.9 80.4 308.5 91.1 87.7 245.2 362.4 161.7 216.2 233.9 21.6 85.2 193.9 118.8 241.5 160.1 202.9 0.0 251.3 222.5 315.5 182.3 197.1 123.2 58.5 219.8
1215.5 192.5 207.4 288.0 67.7 121.1 94.6 196.2 151.4 194.0 64.1 186.2 271.2 227.8 124.7 314.9 251.4 78.7 263.7 233.7 240.3 180.9 211.9 90.4 312.7 168.0 302.4 75.2 113.4 226.2 218.7 353.3 215.8 73.1 271.6 240.7 204.3 147.7 234.3 171.3 309.9 178.9 107.4 174.5 199.9 27.9 311.2 186.6 262.1 241.4 293.8 247.2 112.6 172.0 141.8 326.4 305.8 156.8 260.1 152.3 251.1 178.0 179.4 205.0 93.0 223.1 239.3 178.0 292.5 179.6 134.0 169.6 180.1 171.8 208.5 222.2 176.5 126.1 284.9 155.7 90.0 156.5 269.2 63.5 227.5 148.5 176.4 254.6 117.1 289.1 258.7 174.9 174.3 199.2 11.8 197.9 210.8 267.8 202.1 102.2 191.2 99.3 212.4 44.4 249.4 192.3 67.5 184.4 83.6 293.5 225.9 269.2 0.0 26.9 144.3 79.2 165.8 141.9 210.9 226.9
1244.3 165.5 236.2 316.8 40.7 149.9 123.4 225.0 180.2 222.8 37.1 215.0 300.0 200.8 153.5 277.1 224.4 107.5 236.7 195.9 269.1 209.7 184.9 119.2 243.3 141.0 264.6 104.0 142.2 255.0 191.7 304.4 188.8 101.9 300.4 269.5 233.1 120.7 207.3 144.3 272.1 207.7 136.2 203.3 172.9 56.7 340.0 159.6 224.3 203.6 266.8 220.2 141.4 200.8 114.8 288.6 334.6 185.6 233.1 125.3 213.3 151.0 208.2 178.0 66.0 196.1 212.3 151.0 254.7 208.4 162.8 142.6 208.9 200.6 181.5 251.0 149.5 99.1 247.1 184.5 118.8 185.3 231.4 92.3 256.3 177.3 149.4 283.4 90.1 251.3 287.5 203.7 147.3 172.2 18.4 226.7 239.6 240.8 230.9 131.0 220.0 128.1 185.4 73.2 278.2 221.1 96.3 213.2 56.6 255.7 198.9 236.1 28.7 0.0 173.1 108.0 138.8 114.9 239.7 199.9
1212.7 285.2 63.0 349.7 257.8 90.9 98.4 257.9 57.8 86.8 254.2 79.0 332.9 396.1 94.5 376.6 341.9 133.9 396.0 295.4 302.0 36.5 359.2 145.6 374.4 260.7 364.1 181.0 20.3 132.6 311.4 415.0 308.5 128.3 333.3 96.3 110.7 240.4 327.0 264.0 371.6 183.0 162.6 80.9 292.6 139.9 372.9 303.6 323.8 303.1 415.9 339.9 84.7 64.8 234.5 388.1 361.3 49.6 350.6 245.0 312.8 270.7 149.1 297.7 283.1 313.6 332.0 270.7 354.2 241.3 26.8 262.3 241.8 175.9 299.0 115.0 269.2 218.8 346.6 11.3 142.8 91.2 330.9 155.6 289.2 141.5 293.4 316.3 209.8 350.8 320.4 67.7 291.3 316.2 220.8 259.6 103.6 358.3 263.8 93.0 46.8 186.2 359.7 183.0 311.1 254.0 120.9 246.1 273.7 355.2 398.0 330.9 208.9 235.9 0.0 132.0 258.5 234.6 272.6 319.6
1277.2 182.8 175.6 208.7 164.0 116.2 37.9 116.9 153.2 109.3 160.4 101.5 191.9 255.1 79.3 235.6 200.9 65.1 255.0 154.4 161.0 149.1 270.7 76.8 233.4 251.4 223.1 112.2 115.2 228.0 302.1 274.0 280.8 59.5 192.3 208.9 206.1 189.2 299.3 195.2 230.6 99.6 93.8 176.3 278.0 53.1 231.9 234.8 182.8 162.1 305.2 288.6 55.9 95.0 165.7 247.1 226.5 96.1 209.6 176.2 171.8 207.6 100.1 270.0 189.3 172.6 274.7 201.9 213.2 100.3 95.9 226.9 100.8 92.5 158.0 137.5 233.8 209.8 205.6 123.9 10.7 99.9 189.9 74.4 148.2 69.2 224.6 175.3 219.9 209.8 179.4 90.2 222.5 247.4 108.1 118.6 126.1 217.3 122.8 45.5 159.4 20.0 270.3 114.2 170.1 113.0 11.5 105.1 179.9 214.2 257.0 189.9 96.2 123.2 112.5 0.0 189.7 195.3 131.6 287.1
1390.9 117.2 352.0 200.3 139.0 259.0 180.7 149.1 296.0 338.6 135.4 330.8 236.2 146.1 280.6 228.8 176.1 144.5 188.4 147.6 219.4 325.5 130.2 134.3 226.6 74.7 216.3 141.1 258.0 370.8 125.4 256.1 140.5 150.1 217.4 385.3 348.9 72.4 159.0 91.9 223.8 306.1 118.5 319.1 106.6 203.3 228.4 72.8 176.0 155.3 212.1 171.9 198.7 280.0 23.9 240.3 264.6 301.4 184.8 77.0 165.0 102.7 306.6 129.7 164.3 147.8 164.0 85.2 206.4 195.4 278.6 94.3 162.4 299.0 133.2 366.8 140.1 50.8 198.8 300.3 217.2 242.7 183.1 235.2 181.0 275.7 62.6 219.6 61.2 203.0 197.9 319.5 15.4 85.4 164.9 147.7 355.4 192.5 187.1 188.3 335.8 226.5 130.7 147.3 209.5 152.5 194.7 200.2 154.9 207.4 144.2 187.8 175.3 146.5 288.9 206.4 0.0 66.6 175.9 151.6
1343.6 49.5 285.6 133.6 102.3 192.6 114.3 82.4 229.6 272.2 98.7 264.4 169.5 181.6 214.2 162.1 109.4 78.1 133.3 80.9 152.7 259.1 197.2 67.9 159.9 56.0 149.6 104.4 191.6 304.4 106.7 189.4 85.4 83.7 153.1 316.9 282.5 10.1 103.9 53.2 157.1 239.7 52.8 252.7 82.6 163.5 161.7 69.1 109.3 88.6 213.1 112.6 132.3 213.6 49.8 173.6 197.9 235.0 118.1 34.2 91.0 36.0 240.2 74.6 127.6 81.1 108.9 59.9 141.3 128.7 212.2 31.5 101.7 232.6 66.5 299.6 43.9 14.4 132.1 233.9 150.8 176.3 114.0 168.8 114.3 209.3 80.2 152.9 24.5 136.3 131.2 253.1 89.3 99.4 117.6 81.0 289.0 125.8 120.4 121.9 281.4 161.0 196.8 110.6 142.8 85.8 128.3 130.7 118.2 140.7 183.5 121.1 128.0 99.2 222.5 140.0 73.8 0.0 109.2 96.5
1401.0 107.1 320.0 77.0 222.0 240.0 161.7 41.2 297.6 233.1 218.4 225.3 60.2 179.4 203.1 159.9 158.0 197.8 179.3 78.7 37.0 293.5 195.0 187.6 157.7 175.7 147.4 224.1 260.1 372.4 226.4 198.3 205.1 203.4 60.6 353.3 350.5 113.5 223.6 172.9 154.9 159.3 171.8 320.7 202.3 176.9 100.2 192.0 107.1 86.4 206.2 212.9 179.7 218.8 169.5 171.4 88.6 219.9 144.1 153.9 96.1 131.9 155.7 194.3 247.3 118.8 199.0 179.6 137.5 55.4 240.3 151.2 22.4 152.2 135.6 261.3 158.1 134.1 129.9 268.3 112.4 223.7 114.2 198.2 68.8 146.9 198.9 43.6 144.2 134.1 36.1 214.0 209.0 238.8 237.3 42.9 249.9 151.8 29.1 169.3 303.8 103.1 194.6 230.3 26.8 37.3 135.3 60.2 237.9 138.5 181.3 46.6 247.7 218.9 256.9 123.7 193.5 119.6 0.0 211.4
1491.5 159.5 403.0 164.1 219.7 310.0 231.7 112.9 347.0 389.6 216.1 381.8 200.0 60.9 331.6 192.6 139.9 195.5 36.7 111.4 183.2 376.5 76.5 185.3 90.6 173.4 180.1 221.8 309.0 421.8 224.1 219.9 48.6 201.1 181.2 436.3 399.9 114.7 67.1 169.1 187.6 263.1 169.5 370.1 200.0 303.9 192.2 150.0 139.8 119.1 114.1 94.4 249.7 331.0 219.5 204.1 228.4 352.4 148.6 188.1 128.8 145.0 259.5 107.9 245.0 111.6 12.4 162.4 170.2 159.2 329.6 148.9 126.2 256.0 97.0 417.8 155.8 131.8 162.6 351.3 216.2 293.7 146.9 286.2 190.6 250.7 142.1 183.4 141.9 166.8 161.7 370.5 180.0 120.3 265.5 111.5 406.4 156.3 150.9 239.3 386.8 206.9 76.1 228.0 173.3 116.3 245.7 164.0 235.6 171.2 62.8 151.6 275.9 247.1 339.9 257.4 195.5 108.9 139.7 0.0
