Name		3018_BED-Amazon_n94_m201_bt37
Number_of_Customers	94
Number_of_Items		201
Number_of_ItemTypes	37
Number_of_Vehicles	1
TimeWindows		0
Dist_type	manual

VEHICLE
Mass_Capacity	2071
CargoSpace_Length	174
CargoSpace_Width	61
CargoSpace_Height	84

CUSTOMERS
i	x	y	Demand	ReadyTime	DueDate	ServiceTime	DemandedMass	DemandedVolume
0	34.007369	-118.143927	0	0	0	0	0	0
1	34.105686	-118.296162	2	0	0	0	8.45	19224
2	34.108823	-118.296391	3	0	0	0	12.48	34840
3	34.103968	-118.310728	1	0	0	0	1.75	4608
4	34.106847	-118.301141	2	0	0	0	3.61	16160
5	34.112628	-118.303043	3	0	0	0	10.2	10220
6	34.100661	-118.303258	1	0	0	0	0.7	2640
7	34.106318	-118.301791	1	0	0	0	4.7	1380
8	34.109347	-118.304321	2	0	0	0	5.4	4020
9	34.098104	-118.307774	1	0	0	0	0.7	2640
10	34.108372	-118.296288	1	0	0	0	0.7	2640
11	34.108749	-118.302795	1	0	0	0	2.5	3978
12	34.107087	-118.308198	1	0	0	0	7.3	3640
13	34.105919	-118.300556	7	0	0	0	24.07	47152
14	34.109125	-118.305429	1	0	0	0	1.9	1176
15	34.101748	-118.302858	1	0	0	0	1.9	1176
16	34.110588	-118.305721	3	0	0	0	7.74	15323
17	34.103099	-118.302025	4	0	0	0	20.4	10096
18	34.110543	-118.303393	2	0	0	0	12.0	5020
19	34.105217	-118.302028	3	0	0	0	9.9	7456
20	34.104192	-118.302026	1	0	0	0	4.8	6200
21	34.107246	-118.299206	4	0	0	0	21.61	13120
22	34.109955	-118.30377	1	0	0	0	1.75	4608
23	34.1047	-118.300528	2	0	0	0	9.5	7580
24	34.111057	-118.305873	1	0	0	0	1.76	9000
25	34.10262	-118.310719	2	0	0	0	7.2	5358
26	34.107438	-118.309718	1	0	0	0	4.7	1380
27	34.107753	-118.308916	1	0	0	0	4.7	1380
28	34.106531	-118.300575	4	0	0	0	20.41	14584
29	34.101754	-118.301561	1	0	0	0	2.5	3978
30	34.095769	-118.309463	1	0	0	0	2.94	14904
31	34.108096	-118.297199	2	0	0	0	7.2	5358
32	34.112131	-118.305505	1	0	0	0	3.82	8580
33	34.113787	-118.298558	1	0	0	0	7.3	3640
34	34.11239	-118.304243	1	0	0	0	4.7	1380
35	34.114277	-118.303796	1	0	0	0	3.01	5544
36	34.104745	-118.310727	4	0	0	0	23.4	19625
37	34.113579	-118.302715	2	0	0	0	8.27	30760
38	34.106006	-118.306045	2	0	0	0	2.85	3720
39	34.100768	-118.30437	2	0	0	0	6.53	12520
40	34.114287	-118.299273	1	0	0	0	1.75	4608
41	34.100211	-118.300526	6	0	0	0	55.97	49652
42	34.101754	-118.310483	4	0	0	0	18.45	12564
43	34.100578	-118.302159	2	0	0	0	3.45	11712
44	34.104194	-118.308269	1	0	0	0	7.3	3640
45	34.103436	-118.303514	4	0	0	0	18.79	27970
46	34.104663	-118.302026	2	0	0	0	5.55	26344
47	34.10863	-118.299634	1	0	0	0	2.5	3978
48	34.106566	-118.306047	1	0	0	0	0.7	2640
49	34.098504	-118.305626	1	0	0	0	0.7	2640
50	34.108993	-118.297704	1	0	0	0	0.7	2640
51	34.109093	-118.297179	1	0	0	0	12.6	25520
52	34.110248	-118.300729	3	0	0	0	7.3	5196
53	34.104703	-118.303523	1	0	0	0	4.8	6200
54	34.113588	-118.305346	1	0	0	0	1.8	2520
55	34.111121	-118.300961	1	0	0	0	7.3	3640
56	34.103023	-118.31072	1	0	0	0	2.15	1080
57	34.106232	-118.308194	1	0	0	0	1.9	1176
58	34.099108	-118.304357	4	0	0	0	14.85	11064
59	34.10945	-118.303764	1	0	0	0	3.01	5544
60	34.096847	-118.307047	1	0	0	0	9.4	2760
61	34.105371	-118.299873	1	0	0	0	2.5	3978
62	34.099605	-118.305632	2	0	0	0	5.4	4020
63	34.095609	-118.307553	3	0	0	0	16.37	32985
64	34.098107	-118.306115	1	0	0	0	4.7	1380
65	34.105371	-118.29966	1	0	0	0	4.7	1380
66	34.10537	-118.30551	1	0	0	0	2.5	3978
67	34.108945	-118.297938	2	0	0	0	4.35	15008
68	34.109484	-118.306146	1	0	0	0	2.11	11745
69	34.099374	-118.305631	3	0	0	0	16.07	37640
70	34.106647	-118.302925	1	0	0	0	4.8	6200
71	34.096032	-118.312041	7	0	0	0	24.35	46640
72	34.107699	-118.306048	2	0	0	0	6.6	2556
73	34.099843	-118.302153	1	0	0	0	1.75	4608
74	34.097708	-118.305622	4	0	0	0	23.82	32508
75	34.109389	-118.301179	1	0	0	0	1.4	5280
76	34.102856	-118.300542	2	0	0	0	5.4	4020
77	34.105348	-118.306719	2	0	0	0	5.4	4020
78	34.105516	-118.299373	3	0	0	0	7.15	8628
79	34.1114	-118.304149	1	0	0	0	0.7	2640
80	34.099565	-118.307088	1	0	0	0	0.7	2640
81	34.108441	-118.300821	1	0	0	0	1.59	3400
82	34.106751	-118.300393	1	0	0	0	9.4	2760
83	34.113052	-118.29949	3	0	0	0	11.65	16753
84	34.101753	-118.301702	2	0	0	0	2.45	7248
85	34.103637	-118.310726	2	0	0	0	6.6	2556
86	34.107508	-118.30011	1	0	0	0	0.7	2640
87	34.101739	-118.309615	1	0	0	0	0.7	2640
88	34.10175	-118.304065	2	0	0	0	3.84	19585
89	34.09637	-118.309228	2	0	0	0	6.45	5988
90	34.105071	-118.303525	3	0	0	0	29.3	31920
91	34.107992	-118.300185	1	0	0	0	3.01	5544
92	34.104445	-118.300531	3	0	0	0	5.2	16320
93	34.102366	-118.30203	2	0	0	0	9.05	8248
94	34.105371	-118.310748	2	0	0	0	5.4	4020

ITEMS
Type	Length	Width	Height	Mass	Fragility	LoadBearingStrength
Bt1	10	10	10	14.15	1	0
Bt2	18	12	5	2.15	1	0
Bt3	21	14	4	1.9	1	0
Bt4	23	15	4	4.7	1	0
Bt5	20	18	7	1.8	1	0
Bt6	15	11	16	0.7	1	0
Bt7	34	10	10	1.59	1	0
Bt8	20	14	13	7.3	1	0
Bt9	17	13	18	2.5	1	0
Bt10	24	12	16	1.75	1	0
Bt11	30	11	16	0.81	1	0
Bt12	28	22	9	3.01	1	0
Bt13	25	15	15	2.881	1	0
Bt14	31	20	10	4.8	1	0
Bt15	40	19	10	3.82	1	0
Bt16	28	20	14	1.73	1	0
Bt17	25	19	17	5.29	1	0
Bt18	37	20	11	3.8	1	0
Bt19	22	15	26	3.816	1	0
Bt20	30	20	15	1.76	1	0
Bt21	28	18	18	2.75	1	0
Bt22	29	21	15	1.85	1	0
Bt23	29	25	13	1.77	1	0
Bt24	50	20	10	4.73	1	0
Bt25	40	20	13	2.6	1	0
Bt26	40	19	14	4.19	1	0
Bt27	29	27	15	2.11	1	0
Bt28	26	20	26	2.91	1	0
Bt29	29	24	21	6.7	1	0
Bt30	27	23	24	2.94	1	0
Bt31	39	27	16	7.63	1	0
Bt32	57	15	20	3.44	1	0
Bt33	51	31	12	4.293	1	0
Bt34	40	40	13	2.544	1	0
Bt35	41	20	29	3.42	1	0
Bt36	58	40	11	12.6	1	0
Bt37	38	37	20	7.568	1	0

DEMANDS PER CUSTOMER
i	Type Quantity
1	Bt29 1	Bt10 1	
2	Bt3 1	Bt37 1	Bt12 1	
3	Bt10 1	
4	Bt6 1	Bt28 1	
5	Bt6 1	Bt14 1	Bt4 1	
6	Bt6 1	
7	Bt4 1	
8	Bt4 1	Bt6 1	
9	Bt6 1	
10	Bt6 1	
11	Bt9 1	
12	Bt8 1	
13	Bt30 1	Bt17 2	Bt10 1	Bt3 2	Bt9 1	Bt6 1	Bt5 1	
14	Bt3 1	
15	Bt3 1	
16	Bt6 1	Bt10 1	Bt17 1	
17	Bt5 1	Bt8 1	Bt3 1	Bt4 2	
18	Bt4 1	Bt8 1	
19	Bt8 1	Bt6 1	Bt3 1	
20	Bt14 1	
21	Bt4 2	Bt8 1	Bt12 1	Bt3 1	
22	Bt10 1	
23	Bt14 1	Bt4 1	
24	Bt20 1	
25	Bt4 1	Bt9 1	
26	Bt4 1	
27	Bt4 1	
28	Bt4 2	Bt8 1	Bt6 1	Bt12 1	
29	Bt9 1	
30	Bt30 1	
31	Bt9 1	Bt4 1	
32	Bt19 1	
33	Bt8 1	
34	Bt4 1	
35	Bt12 1	
36	Bt13 1	Bt15 1	Bt8 1	Bt4 2	
37	Bt37 1	Bt6 1	
38	Bt6 1	Bt2 1	
39	Bt24 1	Bt5 1	
40	Bt10 1	
41	Bt4 6	Bt3 1	Bt10 2	Bt1 1	Bt14 1	Bt35 1	
42	Bt10 1	Bt4 3	Bt6 1	Bt3 1	
43	Bt21 1	Bt6 1	
44	Bt8 1	
45	Bt4 1	Bt8 1	Bt9 1	Bt33 1	
46	Bt12 1	Bt34 1	
47	Bt9 1	
48	Bt6 1	
49	Bt6 1	
50	Bt6 1	
51	Bt36 1	
52	Bt6 1	Bt4 1	Bt3 1	
53	Bt14 1	
54	Bt5 1	
55	Bt8 1	
56	Bt2 1	
57	Bt3 1	
58	Bt3 1	Bt5 1	Bt4 2	Bt10 1	
59	Bt12 1	
60	Bt4 2	
61	Bt9 1	
62	Bt4 1	Bt6 1	
63	Bt23 1	Bt25 2	Bt4 2	
64	Bt4 1	
65	Bt4 1	
66	Bt9 1	
67	Bt10 1	Bt25 1	
68	Bt27 1	
69	Bt18 1	Bt4 1	Bt37 1	
70	Bt14 1	
71	Bt4 1	Bt32 1	Bt8 1	Bt11 1	Bt14 1	Bt25 1	Bt6 1	
72	Bt4 1	Bt3 1	
73	Bt10 1	
74	Bt8 1	Bt31 1	Bt4 1	Bt26 1	
75	Bt6 2	
76	Bt4 1	Bt6 1	
77	Bt4 1	Bt6 1	
78	Bt10 1	Bt4 1	Bt6 1	
79	Bt6 1	
80	Bt6 1	
81	Bt7 1	
82	Bt4 2	
83	Bt22 1	Bt8 1	Bt9 1	
84	Bt10 1	Bt6 1	
85	Bt3 1	Bt4 1	
86	Bt6 1	
87	Bt6 1	
88	Bt16 1	Bt27 1	
89	Bt10 1	Bt4 1	
90	Bt36 1	Bt4 2	Bt8 1	
91	Bt12 1	
92	Bt6 1	Bt21 1	Bt10 1	
93	Bt8 1	Bt10 1	
94	Bt4 1	Bt6 1	

DISTANCE MATRIX
0.0 1891.6 1909.3 1657.6 1883.5 1883.5 1748.6 1905.2 1865.7 1630.9 1939.4 1831.1 1784.2 1828.5 1847.7 1724.6 1872.0 1784.8 1881.8 1790.2 1803.0 1889.3 1889.7 1824.6 1877.9 1629.8 1812.2 1754.4 1841.2 1740.7 1638.4 1920.9 1902.3 1877.3 1933.1 1916.0 1671.9 1878.6 1768.7 1725.2 1962.8 1756.8 1598.9 1762.0 1713.5 1773.1 1803.4 1912.4 1779.8 1669.2 1918.2 1909.7 1812.4 1785.8 1911.4 1828.5 1638.7 1759.9 1755.0 1874.7 1606.5 1811.7 1691.5 1604.3 1659.7 1814.5 1746.1 1922.0 1849.2 1684.4 1908.7 1655.6 1809.5 1777.5 1646.8 1832.3 1821.3 1735.6 1834.8 1910.6 1674.4 1926.3 1849.6 1911.9 1739.3 1650.3 1871.3 1616.6 1704.1 1627.5 1777.8 1883.6 1861.5 1764.5 1677.8
2011.5 0.0 55.5 244.1 139.2 297.3 221.3 160.9 239.6 373.4 47.7 238.0 199.7 84.2 221.6 178.2 245.9 150.7 295.6 102.4 126.7 96.1 263.6 96.9 251.8 274.7 271.1 213.3 96.9 161.4 382.0 72.6 276.2 201.4 307.0 329.8 228.3 292.4 141.0 242.8 290.1 212.7 303.3 210.8 221.0 155.8 115.6 135.3 153.7 348.4 103.4 94.9 222.5 129.2 285.3 242.3 263.8 175.4 272.6 248.6 365.7 56.7 281.6 416.4 341.2 54.5 120.5 107.2 223.1 286.2 247.3 443.4 176.3 226.6 325.5 208.4 153.7 130.9 59.6 284.5 309.7 161.9 105.3 242.3 162.8 256.7 127.0 290.1 198.8 363.9 121.2 139.3 108.2 162.6 196.5
1954.8 60.7 0.0 304.9 184.8 240.6 282.1 206.5 227.3 434.2 8.5 196.0 260.5 145.0 226.7 239.0 251.0 211.5 238.9 163.2 187.5 101.4 225.7 161.1 256.9 335.5 303.8 274.1 157.7 222.2 467.4 49.4 281.3 144.7 269.9 273.1 289.1 235.7 201.8 298.9 233.4 273.5 364.1 271.6 281.8 216.6 176.4 78.6 214.5 409.2 46.7 38.2 165.8 190.0 279.7 185.6 324.6 236.2 333.4 218.3 426.5 117.5 342.4 456.5 402.0 115.3 181.3 50.5 228.2 347.0 292.9 528.8 237.1 287.4 386.3 151.7 214.5 191.7 120.4 251.0 370.5 105.2 148.6 185.6 259.0 312.3 129.7 350.9 259.6 449.3 182.0 117.4 169.6 226.8 257.3
1917.7 245.0 296.8 0.0 242.2 321.1 233.5 263.9 224.4 250.6 292.8 222.8 142.9 187.2 206.4 249.3 230.7 191.8 299.5 148.9 173.2 248.0 248.4 183.3 236.6 30.5 174.7 116.9 199.9 225.6 265.6 272.0 261.0 380.7 291.8 323.6 14.3 314.1 127.4 210.1 435.7 295.7 83.8 246.9 131.0 171.1 162.1 271.1 138.5 229.1 301.6 301.4 264.9 144.5 270.1 281.0 19.6 118.6 239.9 233.4 262.5 170.4 207.0 305.5 252.6 173.2 104.8 297.8 207.9 214.1 267.4 327.0 161.1 262.4 250.9 224.0 236.7 94.3 193.5 269.3 198.8 285.0 208.3 384.8 224.2 7.3 230.0 101.5 233.9 247.5 136.5 242.3 196.5 212.5 32.2
2056.1 157.7 180.7 239.8 0.0 216.3 239.3 21.7 235.3 361.3 190.4 172.6 195.4 41.5 217.3 196.2 241.6 146.4 214.6 98.1 122.4 164.2 201.4 74.6 247.5 270.4 266.8 209.0 28.1 179.4 377.7 171.9 271.9 312.8 245.6 248.8 224.0 211.4 136.7 256.1 341.4 190.4 295.9 272.1 216.7 151.5 111.3 102.0 149.4 336.3 133.9 142.4 166.9 124.9 281.0 186.7 259.5 171.1 324.7 194.0 358.3 83.1 274.2 457.0 329.1 85.9 116.2 130.1 218.8 278.8 108.0 439.1 172.0 257.9 318.1 129.7 131.4 126.6 106.2 226.7 302.3 115.9 42.0 288.9 216.2 252.4 60.9 282.7 216.8 359.6 116.9 73.2 91.2 161.7 192.2
2052.7 237.6 175.7 277.4 228.5 0.0 410.6 210.6 102.5 383.7 185.4 125.9 245.3 309.7 120.5 389.2 92.5 337.1 82.7 288.8 313.1 260.9 84.9 323.2 96.1 325.6 233.7 199.9 302.9 424.6 397.3 192.5 60.0 260.6 29.2 73.9 261.6 36.5 211.2 387.2 315.6 435.6 297.5 424.0 262.7 311.0 302.0 221.7 198.8 406.2 189.8 181.3 141.1 284.4 80.5 160.9 334.5 280.1 417.0 93.5 429.8 310.3 384.1 452.1 413.9 280.0 244.7 193.6 125.4 388.7 218.1 458.7 173.6 439.5 428.0 103.9 376.6 235.6 285.1 63.4 375.9 248.3 291.7 263.1 426.0 290.0 272.8 284.3 373.8 379.2 276.4 260.5 331.1 352.4 229.8
1968.1 243.0 294.8 219.8 256.3 394.9 0.0 278.0 298.2 176.1 290.8 296.6 258.3 201.3 280.2 37.9 304.5 98.1 373.3 142.3 116.3 257.6 322.2 162.6 310.4 192.0 320.6 262.8 214.0 54.0 263.6 284.5 334.8 444.5 365.6 397.4 234.1 387.9 201.2 171.0 533.2 103.8 163.9 75.3 205.0 95.9 126.9 285.2 212.3 151.1 311.2 319.7 338.7 123.8 343.9 354.8 200.9 234.0 139.5 307.2 206.0 182.9 173.4 249.0 143.9 185.7 179.1 307.4 281.7 166.3 327.9 323.1 234.9 90.8 160.2 297.8 109.2 189.5 209.2 343.1 202.8 299.1 222.4 482.3 52.6 212.5 244.1 150.7 59.4 245.5 133.9 256.4 149.4 77.8 252.1
2056.8 175.6 185.0 257.7 17.8 194.6 257.2 0.0 181.3 379.2 189.5 150.9 213.3 59.4 172.4 214.1 196.7 158.9 192.9 116.0 140.3 156.1 179.7 95.9 202.6 288.3 284.7 226.9 46.0 197.3 395.6 189.8 227.0 264.7 223.9 227.1 243.4 189.7 156.2 278.7 319.7 208.3 313.8 289.7 234.6 169.4 129.2 119.9 167.3 354.2 151.8 160.3 148.9 142.8 233.7 165.0 277.4 189.0 342.6 172.3 383.9 101.0 292.1 474.9 347.0 103.8 134.1 148.0 173.9 299.2 86.3 457.0 189.9 275.8 336.0 108.0 149.3 144.5 124.1 205.0 320.2 133.8 57.1 268.8 198.7 265.1 78.8 300.6 234.7 377.5 134.8 91.1 109.1 179.6 210.1
2067.1 224.3 162.4 224.7 215.2 122.5 314.9 197.3 0.0 331.0 172.1 112.6 213.5 236.2 18.0 298.3 79.3 246.2 120.8 197.9 222.2 240.1 97.0 232.3 85.2 272.9 181.0 147.2 248.9 333.7 344.6 179.2 109.6 247.3 140.4 155.0 208.9 117.6 120.3 296.4 302.3 344.7 244.8 328.3 210.0 220.1 211.1 208.4 107.9 334.7 176.5 168.0 127.8 193.5 118.7 147.6 281.8 189.2 326.2 9.0 377.1 219.4 312.6 385.2 361.2 222.2 153.8 180.3 56.5 317.2 204.8 406.0 82.7 343.8 356.5 90.6 285.7 144.7 242.5 117.9 323.2 235.0 257.3 249.8 315.4 232.1 259.5 231.6 282.9 326.5 185.5 247.2 240.8 258.1 177.1
1791.9 361.0 369.8 189.9 358.2 379.4 156.7 391.2 340.4 0.0 374.3 291.6 260.3 303.2 322.4 203.1 346.7 307.8 377.7 264.9 289.2 364.0 364.4 299.3 352.6 162.1 272.7 214.9 315.9 219.2 87.4 381.4 377.0 449.5 407.8 439.6 204.2 374.5 243.4 124.2 504.5 185.9 178.1 156.8 174.0 287.1 278.1 387.1 254.5 64.2 378.7 370.2 333.7 260.5 386.1 349.8 171.0 234.6 92.7 349.4 46.0 286.4 86.5 89.0 30.1 289.2 220.8 382.5 323.9 79.4 383.4 146.9 270.0 142.9 53.3 292.8 250.4 210.3 309.5 385.3 62.8 401.0 324.3 453.6 217.8 182.6 346.0 120.8 182.6 69.3 252.5 358.3 312.5 243.0 216.1
1963.7 52.1 4.0 296.3 191.4 249.5 273.5 213.1 236.2 425.6 0.0 204.9 251.9 136.4 235.6 230.4 259.9 197.5 247.8 154.6 178.9 92.8 234.6 152.5 265.8 326.9 312.7 265.5 149.1 213.6 476.3 41.7 290.2 153.6 278.8 282.0 282.0 244.6 194.8 295.0 242.3 264.9 355.5 263.3 273.2 208.0 167.8 87.5 205.9 400.6 55.6 47.1 178.4 181.4 288.6 194.5 316.0 227.6 324.8 227.2 425.6 108.9 333.8 468.6 393.4 106.7 172.7 59.4 237.1 340.9 299.5 537.7 228.5 278.8 377.7 160.6 205.9 183.1 111.8 259.9 361.9 114.1 157.5 191.4 215.0 303.7 138.6 342.3 251.0 458.2 173.4 126.3 165.7 218.2 248.7
1989.2 174.1 117.4 210.7 150.1 127.0 341.1 132.2 107.9 317.0 121.9 0.0 253.0 191.7 89.9 324.5 114.2 267.0 125.3 224.1 248.4 189.9 112.1 228.2 120.1 258.9 167.0 133.2 178.3 329.6 330.6 129.0 144.5 197.1 156.3 159.5 196.4 122.1 195.9 322.6 252.1 340.6 230.8 354.5 196.0 246.3 237.3 158.2 111.9 360.9 126.3 117.8 81.3 219.7 153.6 97.4 267.8 228.7 352.4 104.7 363.1 218.7 338.8 371.2 347.2 216.5 173.8 130.1 91.4 345.9 113.4 392.0 86.7 408.1 382.7 40.4 281.6 184.2 221.6 137.4 309.2 184.8 189.4 201.2 331.0 218.1 209.3 217.6 309.1 312.5 211.7 197.0 241.4 287.7 163.1
2046.2 231.1 174.4 165.0 213.7 184.0 263.6 195.8 115.8 288.0 178.9 96.2 0.0 184.9 97.8 247.0 122.1 189.5 182.3 146.6 170.9 246.9 139.8 181.0 128.0 195.6 192.0 134.2 197.6 282.4 301.6 186.0 152.4 254.1 183.2 215.0 150.7 179.1 112.2 245.1 309.1 293.4 201.8 277.0 203.8 168.8 159.8 215.2 99.8 283.4 183.3 174.8 138.3 142.2 161.5 154.4 184.7 31.0 274.9 124.8 353.1 168.1 261.3 342.2 306.9 170.9 102.5 187.1 99.3 268.4 203.3 363.0 74.6 292.5 305.2 97.4 234.4 92.0 191.2 160.7 289.4 241.8 206.0 258.2 283.8 172.4 227.7 188.6 231.6 283.5 134.2 254.0 194.2 210.2 117.4
2014.5 116.1 162.5 198.2 54.9 290.4 197.7 76.6 193.7 319.7 172.2 192.1 153.8 0.0 175.7 154.6 200.0 104.8 268.8 56.5 80.8 100.2 217.7 33.0 205.9 228.8 225.2 167.4 12.6 137.8 336.1 153.7 230.3 294.6 261.1 292.9 182.4 283.4 96.7 219.2 383.3 148.8 254.3 230.2 175.1 109.9 69.7 83.8 107.8 294.7 115.7 124.2 230.5 83.3 239.4 250.3 217.9 129.5 283.1 202.7 324.4 41.5 232.6 395.8 287.5 44.3 74.6 111.9 177.2 237.2 163.0 397.5 130.4 216.3 276.5 193.3 89.8 85.0 64.6 238.6 260.7 97.7 21.0 335.5 139.2 210.8 42.7 241.1 175.2 318.0 75.3 55.0 44.9 120.1 150.6
2049.1 239.2 182.5 206.7 221.8 140.5 296.9 203.9 18.0 313.0 187.0 104.3 195.5 218.2 0.0 280.3 61.3 222.8 130.1 179.9 204.2 255.0 79.0 214.3 67.2 254.9 163.0 129.2 230.9 315.7 326.6 194.1 91.6 262.2 122.4 154.2 192.4 135.6 102.3 278.4 317.2 326.7 226.8 310.3 192.0 202.1 193.1 223.3 89.9 316.7 191.4 182.9 146.4 175.5 100.7 162.5 263.8 171.2 308.2 27.0 359.1 201.4 294.6 367.2 343.2 204.2 135.8 195.2 38.5 301.7 211.4 388.0 64.7 325.8 338.5 105.5 267.7 126.7 224.5 99.9 305.2 249.9 239.3 266.3 317.1 214.1 261.0 213.6 264.9 308.5 167.5 273.3 227.5 243.5 159.1
1931.5 229.4 281.2 180.9 226.6 356.0 43.0 248.3 259.3 191.6 277.2 257.7 219.4 171.6 241.3 0.0 265.6 60.1 334.4 133.3 78.3 232.4 283.3 167.7 271.5 153.1 281.7 223.9 184.3 16.0 242.8 256.4 295.9 428.0 326.7 358.5 195.2 349.0 162.3 64.5 470.6 65.8 125.0 37.3 166.1 57.0 88.9 255.5 173.4 166.6 286.0 294.5 299.8 84.9 305.0 315.9 162.0 195.1 94.3 268.3 195.1 154.8 103.3 238.1 159.4 157.6 140.2 282.2 242.8 110.4 289.0 304.2 196.0 52.8 147.2 258.9 71.2 150.6 177.9 304.2 131.4 269.4 192.7 419.7 14.6 173.6 214.4 111.8 20.5 224.7 95.0 226.7 111.4 39.8 213.2
2073.4 261.1 199.2 231.0 246.1 112.5 321.2 228.2 99.3 337.3 208.9 128.6 219.8 242.5 81.3 304.6 0.0 252.5 106.2 204.2 228.5 295.8 104.7 235.2 35.3 279.2 187.3 153.5 255.2 340.0 350.9 216.0 59.7 284.1 90.5 122.3 215.2 107.6 128.3 298.0 339.1 351.0 251.1 334.3 216.3 226.4 217.4 245.2 114.2 341.0 213.3 204.8 164.6 199.8 68.8 184.4 288.1 195.5 332.5 108.3 375.7 225.7 318.9 391.5 367.5 228.5 160.1 217.1 64.2 323.5 235.7 412.3 89.0 350.1 362.8 127.4 292.0 151.0 248.8 68.0 329.5 271.8 266.4 286.6 321.7 243.6 285.3 237.9 289.2 332.8 191.8 297.6 246.5 264.4 183.4
1973.6 164.4 220.0 233.0 161.6 322.2 95.1 183.3 225.5 233.2 212.2 223.9 185.6 106.6 207.5 52.0 231.8 0.0 300.6 49.2 23.2 165.3 249.5 99.3 237.7 205.2 257.0 199.2 119.3 58.1 294.9 196.8 262.1 363.0 292.9 324.7 247.8 315.2 126.9 111.9 451.7 107.9 177.1 84.9 218.2 109.1 33.8 190.5 139.6 177.5 221.0 229.5 262.3 137.0 271.2 282.1 214.1 161.3 146.4 234.5 239.5 89.8 155.4 290.2 201.0 92.6 106.4 217.2 209.0 160.0 255.2 356.3 162.2 100.4 199.3 225.1 156.1 116.8 112.9 270.4 183.5 204.4 130.5 403.9 72.0 225.7 149.4 163.9 72.6 276.8 107.1 161.7 111.2 11.8 182.4
2051.0 235.9 174.0 275.7 226.8 102.7 390.0 208.9 100.8 382.0 183.7 124.2 243.6 311.3 118.8 373.4 114.4 321.3 0.0 273.0 297.3 259.2 83.2 304.0 120.3 323.9 232.0 198.2 301.2 408.8 395.6 185.4 144.7 258.9 132.0 135.2 259.9 97.8 195.4 385.5 313.9 419.8 295.8 403.4 261.0 295.2 286.2 220.0 183.0 404.5 188.1 179.6 139.4 268.6 141.8 159.2 332.8 264.3 415.3 91.8 420.4 294.5 382.4 450.4 412.2 297.3 228.9 191.9 123.7 387.0 216.4 457.0 157.8 418.9 426.3 102.2 360.8 219.8 283.4 113.1 374.2 246.6 290.0 261.4 410.2 288.3 271.1 282.6 358.0 377.5 260.6 258.8 320.6 336.6 228.1
2031.5 115.1 170.7 180.7 112.3 272.9 143.4 134.0 176.2 281.5 162.9 174.6 136.3 57.3 158.2 100.3 182.5 48.2 251.3 0.0 24.2 99.2 200.2 50.0 188.4 253.5 207.7 149.9 70.0 106.4 318.6 147.5 212.8 313.7 243.6 275.4 164.9 265.9 77.6 160.2 402.4 165.8 225.4 132.9 157.6 92.4 13.1 141.2 90.3 225.8 171.7 180.2 213.0 65.8 221.9 232.8 200.4 112.0 194.7 185.2 287.8 40.5 203.7 338.5 249.3 43.3 57.1 167.9 159.7 208.3 205.9 380.0 112.9 148.7 247.6 175.8 106.8 67.5 63.6 221.1 231.8 155.1 81.2 354.6 120.3 193.3 100.1 212.2 120.9 300.5 57.8 112.4 66.6 60.1 133.1
1997.6 141.1 192.9 257.0 138.3 298.9 119.1 160.0 202.2 257.2 188.9 200.6 162.3 83.3 184.2 76.0 208.5 18.5 277.3 25.9 0.0 144.1 226.2 79.4 214.4 229.2 233.7 175.9 96.0 82.1 318.9 168.1 238.8 339.7 269.6 301.4 192.4 291.9 105.2 140.6 428.4 131.9 201.1 108.9 183.6 133.1 10.5 167.2 116.3 201.5 197.7 206.2 242.7 91.8 247.9 258.8 238.1 138.0 170.4 211.2 271.2 66.5 179.4 314.2 225.0 69.3 83.1 193.9 185.7 186.5 231.9 380.3 138.9 124.4 223.3 201.8 132.8 93.5 89.6 247.1 207.5 181.1 104.4 377.5 80.7 249.7 126.1 187.9 96.6 300.8 83.8 138.4 92.6 39.2 159.1
2044.6 108.1 100.3 243.8 133.3 330.4 235.6 160.6 233.7 369.2 94.9 237.7 199.4 78.3 221.3 192.5 240.0 144.8 314.4 96.5 126.4 0.0 263.3 100.0 251.5 268.8 270.8 213.0 98.5 175.7 381.7 75.2 275.9 234.5 306.7 338.5 227.8 323.4 142.3 257.3 323.2 206.8 294.3 225.1 220.7 155.5 109.7 48.2 153.4 344.2 55.6 64.1 255.4 128.9 285.0 275.4 263.5 175.1 289.0 248.3 370.0 56.4 295.6 448.4 337.0 54.2 120.2 65.6 222.8 282.8 247.0 437.5 170.4 240.9 321.9 233.3 153.4 130.4 38.6 284.2 306.3 74.8 105.0 289.2 177.3 251.2 99.3 286.7 207.7 358.0 115.3 87.0 109.8 165.7 196.2
2037.8 222.7 166.0 248.7 213.6 104.9 338.9 195.7 87.6 355.0 170.5 111.0 237.5 260.2 99.0 322.3 84.7 264.8 103.2 221.9 246.2 238.5 0.0 256.3 90.6 296.9 205.0 171.2 272.9 357.7 368.6 177.6 115.0 245.7 134.2 137.4 234.4 100.0 144.3 320.4 300.7 368.7 268.8 352.3 234.0 244.1 235.1 206.8 131.9 358.7 174.9 166.4 129.9 217.5 124.1 146.0 305.8 213.2 350.2 78.6 401.1 243.4 336.6 409.2 385.2 246.2 177.8 178.7 40.5 343.7 203.2 430.0 106.7 367.8 380.5 89.0 309.7 168.7 266.5 115.3 347.2 233.4 281.3 249.8 359.1 256.1 257.9 255.6 306.9 350.5 209.5 245.6 269.5 285.5 201.1
1978.0 114.4 170.0 216.5 90.2 305.3 161.2 115.3 208.6 283.2 162.2 210.4 172.1 35.2 194.0 118.1 218.3 143.2 283.7 74.8 99.1 98.5 236.0 0.0 224.2 274.7 243.5 185.7 51.3 101.3 361.0 146.8 248.6 313.0 279.4 311.2 200.7 298.3 113.4 178.0 401.7 112.3 243.2 194.0 193.4 128.2 88.0 122.5 126.1 258.2 154.4 162.9 248.8 101.6 257.7 268.6 280.2 147.8 250.0 221.0 305.4 39.8 224.9 359.3 251.0 42.6 92.9 147.2 195.5 226.1 201.7 425.8 145.3 179.8 265.4 208.2 56.7 99.9 59.5 256.9 249.6 136.4 62.5 353.9 138.1 286.9 81.4 230.0 138.7 346.3 90.2 93.7 7.8 131.4 168.9
2079.3 269.4 212.7 236.9 252.0 109.5 327.1 234.1 105.2 343.2 217.2 134.5 225.7 248.4 87.2 310.5 55.3 253.0 125.8 210.1 234.4 285.2 110.6 244.5 0.0 285.1 193.2 159.4 261.1 345.9 356.8 224.3 49.4 292.4 80.2 112.0 222.6 102.5 132.5 308.6 347.4 356.9 257.0 340.5 222.2 232.3 223.3 253.5 120.1 346.9 221.6 213.1 176.6 205.7 58.5 192.7 294.0 201.4 338.4 114.2 389.3 231.6 324.8 397.4 373.4 234.4 166.0 225.4 70.1 331.9 241.6 418.2 94.9 356.0 368.7 135.7 297.9 156.9 254.7 32.6 335.4 280.1 269.5 296.5 347.3 244.3 291.2 243.8 295.1 338.7 197.7 303.5 257.7 273.7 189.3
1887.1 272.8 323.6 27.7 270.0 348.9 202.9 291.7 252.2 220.0 320.6 250.6 170.7 215.0 234.2 178.9 258.5 225.0 327.3 176.7 201.0 256.9 276.2 211.1 264.4 0.0 202.5 144.7 227.7 195.0 207.6 305.2 288.8 408.5 319.6 351.4 42.5 341.9 153.6 179.5 463.5 244.8 53.2 216.3 158.8 198.9 189.9 298.9 166.3 198.5 329.4 329.2 289.0 172.3 297.9 308.8 8.8 146.4 209.3 261.2 224.2 198.2 176.4 274.9 222.0 201.0 132.6 325.6 235.7 181.0 295.2 269.0 188.9 231.8 220.3 251.8 264.5 122.1 221.3 297.1 168.2 312.8 236.1 411.0 193.6 20.4 257.8 70.9 158.4 189.5 164.3 270.1 224.3 240.3 60.0
2014.8 302.5 245.8 172.4 285.1 255.4 305.6 267.2 187.2 278.7 250.3 167.6 136.3 231.9 169.2 281.6 193.5 236.5 253.7 193.6 217.9 292.7 211.2 228.0 199.4 220.6 0.0 90.9 244.6 297.7 292.3 257.4 223.8 325.5 254.6 286.4 158.1 250.5 183.6 282.2 380.5 340.4 192.5 319.0 157.7 215.8 206.8 286.6 171.2 301.2 254.7 246.2 209.7 189.2 232.9 225.8 229.5 167.3 312.0 196.2 324.8 215.1 279.1 332.9 308.9 217.9 149.5 258.5 170.7 286.2 274.7 353.7 146.0 334.5 323.0 168.8 281.4 139.0 238.2 232.1 270.9 313.2 253.0 329.6 296.3 179.8 274.7 179.3 261.1 274.2 181.2 287.0 241.2 257.2 124.8
2026.6 211.5 154.8 162.1 194.1 164.4 287.2 176.2 96.2 268.4 159.3 76.6 45.3 208.5 78.2 270.6 102.5 213.1 162.7 170.2 194.5 227.3 120.2 204.6 108.4 210.3 118.4 0.0 221.2 306.0 282.0 166.4 132.8 234.5 163.6 195.4 147.8 159.5 92.6 268.7 289.5 317.0 182.2 300.6 147.4 192.4 183.4 195.6 80.2 307.0 163.7 155.2 118.7 165.8 141.9 134.8 219.2 76.3 298.5 105.2 314.5 191.7 284.9 322.6 298.6 194.5 126.1 167.5 79.7 292.0 183.7 343.4 55.0 316.1 328.8 77.8 258.0 117.0 214.8 141.1 260.6 222.2 229.6 238.6 307.4 169.5 246.7 169.0 255.2 263.9 157.8 234.4 217.8 233.8 114.5
2027.9 129.5 149.8 211.6 42.2 303.8 211.1 63.9 207.1 333.1 159.5 205.5 167.2 13.3 189.1 168.0 213.4 118.2 282.2 69.9 94.2 133.3 231.1 49.8 219.3 242.2 238.6 180.8 0.0 151.2 349.5 141.0 243.7 281.9 274.5 306.3 195.8 296.8 108.5 232.6 370.6 162.2 267.7 243.6 188.5 123.3 83.1 71.1 121.2 308.1 103.0 111.5 243.9 96.7 252.8 263.7 231.3 142.9 296.5 216.1 337.8 54.9 246.0 428.8 300.9 57.7 88.0 99.2 190.6 250.6 150.3 410.9 143.8 229.7 289.9 206.7 103.2 98.4 78.0 252.0 274.1 85.0 8.3 322.8 152.6 224.2 30.0 254.5 188.6 331.4 88.7 42.3 57.7 130.1 164.0
1915.4 206.3 258.1 197.7 203.5 364.1 59.8 225.2 267.4 220.6 254.1 265.8 227.5 148.5 249.4 16.7 273.7 46.9 342.5 91.1 65.1 209.3 291.4 144.6 279.6 169.9 298.5 240.7 161.2 0.0 259.6 233.3 304.0 404.9 334.8 366.6 212.0 357.1 170.4 81.3 493.6 49.7 141.8 49.6 182.9 73.8 75.7 232.4 181.5 142.2 262.9 271.4 307.9 101.7 313.1 324.0 178.8 203.2 111.1 276.4 211.9 131.7 120.1 254.9 188.4 134.5 148.3 259.1 250.9 127.2 297.1 321.0 204.1 65.1 164.0 267.0 55.1 158.7 154.8 312.3 148.2 246.3 169.6 442.7 1.4 190.4 191.3 128.6 37.3 241.5 111.8 203.6 95.3 26.6 230.0
1771.3 400.1 408.9 229.0 397.3 418.5 266.2 430.3 379.5 92.9 413.4 330.7 299.4 342.3 361.5 242.2 385.8 346.9 416.8 304.0 328.3 403.1 403.5 338.4 391.7 201.2 311.8 254.0 355.0 258.3 0.0 420.5 416.1 488.6 446.9 478.7 243.3 413.6 282.5 242.8 543.6 308.1 238.2 279.6 213.1 326.2 317.2 426.2 293.6 157.2 417.8 409.3 372.8 299.6 425.2 388.9 210.1 273.7 185.7 388.5 111.5 325.5 179.5 59.0 123.1 328.3 259.9 421.6 363.0 172.4 422.5 63.3 309.1 235.9 146.3 331.9 313.5 249.4 348.6 424.4 179.4 440.1 363.4 492.7 256.9 221.7 385.1 159.9 221.7 27.5 291.6 397.4 351.6 282.1 255.2
1981.6 81.2 34.0 277.0 177.5 267.4 281.7 193.8 248.7 414.2 49.1 222.8 232.6 117.1 253.5 238.6 272.4 183.6 265.7 140.7 159.6 74.0 252.5 129.8 283.7 313.0 304.0 246.2 129.8 221.8 414.9 0.0 308.1 171.5 296.7 299.9 266.6 257.1 173.9 298.5 260.2 245.6 338.5 271.2 253.9 194.1 153.9 79.8 186.6 389.2 47.9 39.4 192.6 162.1 306.5 212.4 296.7 208.3 377.6 245.1 395.5 89.6 316.8 451.6 382.0 87.4 153.4 51.7 255.0 321.4 280.2 481.7 209.2 313.1 360.7 178.5 192.0 169.2 97.9 277.8 339.5 106.4 141.0 212.4 258.6 289.6 130.9 319.9 264.6 402.2 154.1 118.6 141.1 195.5 234.8
2103.7 293.8 237.1 261.3 276.4 60.0 351.5 258.5 129.6 367.6 241.6 158.9 250.1 272.8 111.6 334.9 79.7 277.4 142.8 234.5 258.8 309.6 135.0 268.9 69.4 309.5 217.6 183.8 285.5 370.3 381.2 248.7 0.0 316.8 30.8 104.6 247.0 95.1 156.9 333.0 371.8 381.3 281.4 364.9 246.6 256.7 247.7 277.9 144.5 371.3 246.0 237.5 201.0 230.1 51.1 217.1 318.4 225.8 362.8 138.6 413.7 256.0 349.2 421.8 397.8 258.8 190.4 249.8 94.5 356.3 266.0 442.6 119.3 380.4 393.1 160.1 322.3 181.3 279.1 102.1 359.8 304.5 293.9 320.9 371.7 268.7 315.6 268.2 319.5 363.1 222.1 327.9 282.1 298.1 213.7
2041.5 208.4 151.7 342.5 298.7 235.6 429.8 320.4 222.3 448.8 156.2 191.0 310.4 280.5 221.7 386.7 246.0 341.6 233.9 298.7 323.0 224.2 220.7 296.6 251.9 390.7 298.8 265.0 273.7 369.9 462.4 163.3 276.3 0.0 264.9 268.1 328.2 230.7 256.1 451.3 246.7 409.0 362.6 419.6 327.8 352.1 311.9 192.5 243.7 471.3 160.6 152.1 164.5 325.5 274.7 180.6 399.6 325.0 481.1 213.3 494.9 253.0 449.2 503.0 479.0 250.8 316.8 164.4 223.2 456.3 283.2 523.8 218.5 435.1 493.1 146.7 350.0 280.5 255.9 246.0 441.0 219.1 265.3 195.8 371.3 349.9 243.6 349.4 407.3 444.3 317.5 231.3 309.8 362.3 294.9
2082.0 266.9 210.2 292.1 257.8 29.2 382.3 239.9 131.8 398.4 214.7 155.2 280.9 303.6 142.4 365.7 110.5 308.2 112.0 265.3 289.6 282.7 114.2 299.7 100.2 340.3 248.4 214.6 316.3 401.1 412.0 221.8 30.8 289.9 0.0 103.2 277.8 65.8 187.7 363.8 344.9 412.1 312.2 395.7 277.4 287.5 278.5 251.0 175.3 402.1 219.1 210.6 174.1 260.9 81.9 190.2 349.2 256.6 393.6 122.8 444.5 286.8 380.0 452.6 428.6 289.6 221.2 222.9 125.3 387.1 247.4 473.4 150.1 411.2 423.9 133.2 353.1 212.1 309.9 92.7 390.6 277.6 324.7 294.0 402.5 299.5 302.1 299.0 350.3 393.9 252.9 289.8 312.9 328.9 244.5
2144.8 288.6 231.9 302.4 279.5 72.4 392.6 261.6 153.5 408.7 236.4 176.9 291.2 313.9 152.7 376.0 120.8 318.5 133.7 275.6 299.9 304.4 135.9 310.0 110.5 350.6 258.7 224.9 326.6 411.4 422.3 243.5 103.1 311.6 101.7 0.0 288.1 45.8 198.0 374.1 366.6 422.4 322.5 406.0 287.7 297.8 288.8 272.7 185.6 412.4 240.8 232.3 195.8 271.2 41.9 211.9 359.5 266.9 403.9 144.5 454.8 297.1 390.3 462.9 438.9 299.9 231.5 244.6 135.6 397.4 269.1 483.7 160.4 421.5 434.2 154.9 363.4 222.4 320.2 114.4 400.9 299.3 335.0 315.7 412.8 309.8 323.8 309.3 360.6 404.2 263.2 311.5 323.2 339.2 254.8
1932.5 229.2 280.0 14.7 226.4 305.3 248.3 248.1 208.6 236.2 277.0 207.0 127.1 171.4 190.6 233.5 214.9 181.4 283.7 133.1 157.4 224.7 232.6 164.1 220.8 45.3 158.9 101.1 184.1 268.9 249.8 256.2 245.2 364.9 276.0 307.8 0.0 298.3 111.6 224.9 419.9 279.9 98.6 261.7 115.2 155.3 146.3 255.3 122.7 243.9 285.8 285.6 245.4 128.7 254.3 265.2 34.4 102.8 254.7 217.6 277.3 154.6 221.8 290.4 266.4 157.4 89.0 282.0 192.1 226.4 251.6 311.2 145.3 277.2 265.7 208.2 220.9 78.5 177.7 253.5 213.6 269.2 192.5 367.4 248.8 27.3 214.2 136.8 218.1 231.7 120.7 226.5 175.4 193.3 16.5
2057.8 242.7 180.8 282.5 233.6 26.5 394.6 215.7 107.6 388.8 190.5 131.0 293.2 315.9 125.6 378.0 97.6 325.9 87.8 277.6 301.9 258.5 90.0 312.0 101.2 330.7 238.8 205.0 308.0 413.4 402.4 192.2 86.6 265.7 55.8 37.3 266.7 0.0 200.0 376.1 320.7 424.4 302.6 408.0 267.8 299.8 290.8 226.8 187.6 411.3 194.9 186.4 146.2 273.2 43.9 166.0 339.6 268.9 405.9 98.6 434.9 299.1 389.2 457.2 419.0 301.9 233.5 198.7 130.5 393.8 223.2 463.8 162.4 423.5 433.1 109.0 365.4 224.4 290.2 68.5 381.0 253.4 296.8 268.2 395.1 289.9 277.9 289.4 362.6 384.3 265.2 265.6 320.5 337.8 234.9
1997.9 171.9 168.3 137.5 169.1 193.6 194.5 194.9 96.9 270.0 178.0 95.3 93.1 114.1 78.9 177.9 104.8 124.1 172.0 75.8 101.8 157.7 120.9 108.5 109.1 168.1 164.5 106.7 128.5 213.3 275.4 179.7 133.5 253.2 164.3 196.1 120.0 186.6 0.0 171.3 308.2 224.3 173.9 207.6 134.7 98.0 89.0 214.3 11.1 214.3 182.4 173.9 133.7 73.1 142.6 153.5 157.2 68.8 204.1 105.9 276.3 99.0 192.2 325.3 237.8 101.8 33.4 186.2 80.4 195.1 202.4 336.8 33.7 223.4 234.4 96.5 163.6 24.3 120.4 141.8 220.3 240.9 139.7 257.3 195.0 150.1 158.6 162.4 160.8 257.3 65.1 170.9 119.8 137.7 88.2
1910.7 264.4 320.0 196.3 272.0 377.5 83.3 299.4 280.8 118.7 312.2 284.9 246.6 217.0 268.5 59.3 292.8 108.7 361.6 163.7 137.7 263.1 310.5 187.4 298.7 168.5 297.1 239.3 235.4 75.4 206.2 311.3 323.1 465.9 353.9 385.7 211.1 376.2 187.9 0.0 554.6 119.5 140.4 96.4 181.5 102.1 148.3 306.6 200.6 93.7 332.6 341.1 323.3 135.7 332.2 343.1 177.4 222.3 34.4 295.5 140.9 204.3 121.7 197.3 86.5 207.1 167.4 328.8 270.0 117.1 316.2 265.7 217.5 112.2 108.5 280.4 130.6 177.8 224.9 331.4 145.4 320.5 246.6 439.6 83.8 184.1 265.5 127.2 33.1 193.8 145.8 277.8 176.1 102.6 228.6
2126.9 305.2 248.5 397.4 348.5 290.5 526.6 330.6 277.2 503.7 253.0 245.9 365.3 377.3 276.6 483.5 300.9 438.4 288.8 395.5 419.8 321.0 275.6 393.4 306.8 445.6 353.7 319.9 370.5 466.7 517.3 260.1 331.2 274.8 319.8 323.0 383.1 285.6 311.0 507.2 0.0 505.8 417.5 516.4 382.7 448.9 408.7 289.3 298.6 526.2 257.4 248.9 200.7 422.3 329.6 183.6 454.5 379.9 537.0 268.2 549.8 349.8 504.1 557.9 533.9 347.6 344.5 261.2 278.1 511.2 338.1 578.7 273.4 531.9 548.0 201.6 446.8 335.4 352.7 300.9 495.9 315.9 362.1 65.4 468.1 404.8 340.4 404.3 504.1 499.2 414.3 328.1 406.6 459.1 349.8
1865.6 232.3 287.9 265.8 211.5 426.6 162.5 233.2 329.9 170.8 280.1 328.3 290.0 156.5 311.9 84.8 336.2 109.9 405.0 159.2 133.2 216.4 353.9 117.8 342.1 238.0 361.4 303.6 169.2 68.0 258.3 259.3 366.5 430.9 397.3 429.1 280.6 419.6 231.3 165.7 519.6 0.0 209.9 81.3 251.0 141.9 143.8 240.4 244.0 145.8 272.3 280.8 366.7 169.8 375.6 386.5 246.9 265.7 134.2 338.9 193.0 157.7 168.1 266.5 138.6 160.5 210.8 268.5 313.4 163.5 319.6 356.5 266.6 67.4 154.9 329.5 64.4 221.2 180.8 374.8 197.5 254.3 180.4 471.8 69.4 253.6 199.3 196.7 105.4 240.2 179.9 211.6 104.6 98.1 286.8
1851.0 300.9 305.1 55.8 298.1 377.0 149.6 319.8 280.3 166.7 314.8 232.1 198.8 243.1 262.3 125.6 286.6 180.7 355.4 204.8 229.1 296.4 304.3 235.8 292.5 28.0 213.2 155.4 255.8 141.7 154.3 333.3 316.9 390.0 347.7 379.5 70.6 370.0 181.7 121.5 445.0 191.5 0.0 162.7 114.5 174.1 218.0 327.0 194.4 145.2 319.2 310.7 270.5 200.4 326.0 290.3 36.9 174.5 156.0 289.3 170.9 226.3 123.1 200.9 168.7 229.1 160.7 323.0 263.8 127.7 323.3 215.7 217.0 178.5 167.0 233.3 196.9 150.2 249.4 325.2 114.9 340.9 264.2 392.5 140.3 48.5 285.9 17.6 105.1 136.2 192.4 298.2 247.1 168.9 88.1
1931.6 235.3 290.9 235.7 248.6 407.3 145.9 270.3 310.6 154.2 283.1 309.3 271.0 193.6 292.9 54.7 316.9 85.0 385.7 134.3 108.6 234.0 334.9 158.3 323.1 207.6 336.5 278.7 206.0 46.3 241.7 282.2 347.5 436.8 378.3 410.1 250.5 400.6 212.3 155.8 525.5 96.1 179.5 0.0 220.9 111.5 118.9 277.5 225.0 129.2 303.5 312.0 347.4 139.7 356.6 367.5 216.8 246.7 117.9 319.9 176.4 175.2 151.8 227.1 122.0 178.0 191.8 299.4 294.4 146.9 340.6 301.5 247.3 15.4 138.3 310.2 101.2 201.9 201.5 355.8 180.9 291.4 217.5 477.4 11.9 223.5 236.4 166.6 75.0 223.9 149.8 248.7 147.0 73.5 267.7
1926.3 236.2 245.0 202.3 233.4 254.6 191.9 266.4 215.6 209.0 249.5 166.8 135.5 178.4 197.6 167.9 221.9 183.0 252.9 140.1 164.4 239.2 239.6 174.5 227.8 174.5 147.9 90.1 191.1 184.0 203.8 256.6 252.2 324.7 283.0 314.8 124.6 249.7 118.6 168.5 379.7 233.8 146.4 205.3 0.0 162.3 153.3 262.3 129.7 187.5 253.9 245.4 208.9 135.7 261.3 225.0 183.4 109.8 198.3 224.6 220.9 161.6 165.4 263.9 211.0 164.4 96.0 257.7 199.1 172.5 258.6 265.2 145.2 220.8 209.3 168.0 227.9 85.5 184.7 260.5 157.2 276.2 199.5 328.8 182.6 195.0 221.2 133.2 147.4 185.7 127.7 233.5 187.7 203.7 91.3
2017.3 171.3 226.9 222.1 168.5 297.9 93.7 190.2 201.2 222.3 219.1 199.6 161.3 113.5 183.2 69.7 207.5 123.5 276.3 75.2 99.5 166.8 225.2 106.2 213.4 194.3 232.7 174.9 126.2 85.8 284.0 198.3 237.8 369.9 268.6 300.4 236.9 290.9 102.6 101.0 412.5 135.6 166.2 106.8 207.3 0.0 88.4 197.4 115.3 166.6 227.9 236.4 238.0 26.8 246.9 257.8 203.2 137.0 135.5 210.2 228.6 96.7 144.5 258.6 190.1 99.5 82.1 224.1 184.7 149.1 230.9 345.4 137.9 122.6 188.4 200.8 163.0 92.5 119.8 246.1 172.6 211.3 134.6 360.0 84.4 209.9 156.3 153.0 61.7 265.9 36.9 168.6 117.5 135.4 158.1
2046.9 130.5 186.1 196.1 127.7 288.3 130.2 149.4 191.6 268.3 178.3 190.0 151.7 72.7 173.6 87.1 197.9 35.0 266.7 15.3 11.0 131.4 215.6 65.4 203.8 240.3 223.1 165.3 85.4 93.2 330.0 162.9 228.2 329.1 259.0 290.8 180.3 281.3 93.0 147.0 417.8 181.2 212.2 120.0 173.0 107.8 0.0 156.6 105.7 212.6 187.1 195.6 228.4 81.2 237.3 248.2 249.2 127.4 181.5 200.6 282.3 55.9 190.5 304.6 236.1 58.7 72.5 183.3 175.1 195.1 221.3 391.4 128.3 135.5 234.4 191.2 122.2 82.9 79.0 236.5 218.6 170.5 96.6 370.0 107.1 260.8 115.5 199.0 107.7 311.9 73.2 127.8 82.0 50.3 148.5
2020.8 135.8 83.8 281.9 106.1 306.6 273.9 127.8 277.4 407.3 88.3 275.8 237.5 94.5 259.4 230.8 283.7 183.1 304.9 140.2 164.5 36.1 291.7 131.0 289.6 312.5 308.9 251.1 81.1 214.0 419.8 69.8 314.0 210.7 335.9 339.1 267.6 301.7 180.4 295.4 299.4 243.4 338.0 263.7 258.8 193.6 153.4 0.0 191.5 382.3 31.8 40.3 235.5 167.0 323.1 251.6 301.6 213.2 325.2 284.3 408.1 94.5 316.3 504.2 375.1 92.3 158.3 28.0 260.9 323.4 214.2 481.2 214.1 310.9 360.2 217.7 184.4 168.7 82.3 317.0 344.4 26.5 72.7 248.5 215.4 289.3 51.0 324.8 251.4 401.7 159.0 38.7 144.2 203.8 234.3
2034.2 186.0 162.4 149.9 201.7 182.5 206.9 183.8 85.8 282.4 166.9 84.2 105.5 128.2 67.8 190.3 92.1 132.8 160.9 89.9 114.2 189.0 109.8 124.3 98.0 180.5 176.9 119.1 140.9 225.7 287.8 174.0 122.4 242.1 153.2 185.0 135.6 175.5 12.4 188.4 297.1 236.7 188.0 220.3 147.1 112.1 103.1 203.2 0.0 226.7 171.3 162.8 126.3 85.5 131.5 142.4 169.6 81.2 218.2 94.8 296.4 111.4 204.6 339.4 250.2 114.2 45.8 175.1 69.3 211.7 191.3 349.2 22.5 235.8 248.5 85.4 177.7 36.7 134.5 130.7 232.7 229.8 149.3 246.2 227.1 157.3 171.0 174.8 174.9 269.7 77.5 183.3 137.5 153.5 102.3
1847.6 334.7 425.5 224.7 331.7 435.1 153.6 353.4 334.2 55.6 382.5 347.3 316.0 276.7 316.2 129.6 340.5 189.8 409.3 234.0 208.0 349.3 358.2 254.3 346.4 196.9 328.4 270.6 289.4 145.7 143.1 361.5 370.8 505.2 401.6 433.4 239.0 430.2 237.2 130.2 560.2 195.5 168.8 167.0 229.7 178.1 218.6 360.6 248.3 0.0 434.4 425.9 389.4 206.0 379.9 405.5 205.8 290.3 160.0 343.2 85.5 259.9 22.2 169.7 23.4 262.7 215.1 438.2 317.7 15.1 363.9 202.6 325.7 182.5 21.7 348.5 200.9 266.0 283.0 379.1 82.3 374.5 297.8 509.3 144.3 217.4 319.5 155.6 109.1 125.0 216.1 331.8 241.1 169.5 257.0
1988.9 108.6 51.9 309.3 138.0 274.7 301.3 159.7 261.4 434.7 56.4 230.1 264.9 126.4 260.8 258.2 285.1 210.5 273.0 167.6 191.9 63.5 259.8 162.9 291.0 339.9 336.3 278.5 113.0 241.4 447.2 37.9 315.4 178.8 304.0 307.2 295.0 269.8 207.8 322.8 267.5 275.3 365.4 291.1 286.2 221.0 180.8 31.8 218.9 409.7 0.0 8.4 203.6 194.4 313.8 219.7 329.0 240.6 352.6 252.4 435.5 121.9 343.7 531.6 402.5 119.7 185.7 3.8 262.3 350.8 246.1 508.6 241.5 342.8 387.6 185.8 216.3 196.1 109.7 285.1 371.8 58.4 104.6 216.6 242.8 316.7 82.9 352.2 278.8 429.1 186.4 70.6 176.1 231.2 261.7
1980.4 100.1 43.4 306.5 146.5 266.2 309.8 168.2 252.9 443.2 47.9 221.6 262.1 134.9 252.3 266.7 276.6 207.7 264.5 164.8 189.1 72.0 251.3 171.4 282.5 337.1 333.5 275.7 121.5 249.9 444.4 29.4 306.9 170.3 295.5 298.7 292.2 261.3 205.0 331.3 259.0 283.8 362.6 299.6 283.4 218.2 178.0 40.3 216.1 418.2 8.4 0.0 195.1 191.6 305.3 211.2 326.2 237.8 361.1 243.9 432.7 119.1 340.9 475.7 411.0 116.9 182.9 12.3 253.8 348.0 254.6 505.8 238.7 351.3 384.8 177.3 224.8 193.3 118.2 276.6 369.0 66.9 113.1 208.1 251.3 313.9 91.4 349.4 287.3 426.3 183.6 79.1 184.6 228.4 258.9
1974.8 159.7 97.8 224.9 176.0 118.0 358.1 158.1 104.7 331.2 107.5 73.4 192.8 231.8 104.1 316.5 128.4 264.4 116.3 216.1 240.4 201.5 103.1 244.5 134.3 273.1 181.2 147.4 225.0 321.2 344.8 114.6 158.7 182.7 147.3 150.5 209.1 113.1 138.5 330.0 208.6 360.3 245.0 371.2 210.2 238.3 229.3 143.8 126.1 353.7 111.9 103.4 0.0 211.7 157.1 19.8 282.0 207.4 364.5 95.7 377.3 204.3 331.6 385.4 361.4 202.1 172.0 115.7 105.6 336.2 165.6 406.2 100.9 387.0 375.5 29.1 301.3 162.9 207.2 128.4 323.4 170.4 216.6 121.9 358.6 232.3 194.9 231.8 313.6 326.7 203.7 182.6 256.4 276.3 177.3
2044.9 144.4 196.2 178.8 141.6 271.0 121.3 163.3 174.3 249.9 192.2 172.7 134.4 86.6 156.3 97.3 180.6 91.2 249.4 48.3 72.6 147.4 198.3 82.7 186.5 221.9 205.8 148.0 99.3 113.4 311.6 171.4 210.9 343.0 241.7 273.5 164.5 264.0 77.3 133.3 385.6 195.1 193.8 134.7 155.7 26.5 61.5 170.5 88.4 194.2 201.0 209.5 214.8 0.0 220.0 230.9 230.8 110.1 163.1 183.3 263.9 69.8 172.1 306.9 217.7 72.6 55.2 197.2 157.8 179.2 204.0 373.0 111.0 150.2 216.0 173.9 136.1 65.6 92.9 219.2 200.2 184.4 107.7 334.7 112.0 242.4 129.4 180.6 89.3 293.5 10.0 141.7 95.9 111.9 131.2
2102.8 286.7 230.0 260.4 275.5 70.5 350.6 257.6 128.7 366.7 234.5 158.0 249.2 271.9 110.7 334.0 78.8 276.5 131.8 233.6 257.9 302.5 134.0 268.0 68.5 308.6 216.7 182.9 284.6 369.4 380.3 241.6 61.1 309.7 91.9 53.4 246.1 43.9 156.0 332.1 364.7 380.4 280.5 364.0 245.7 255.8 246.8 270.8 143.6 370.4 238.9 230.4 193.9 229.2 0.0 210.0 317.5 224.9 361.9 137.7 412.8 255.1 348.3 420.9 396.9 257.9 189.5 242.7 93.6 355.4 265.1 441.7 118.4 379.5 392.2 153.0 321.4 180.4 278.2 101.2 358.9 297.4 293.0 313.8 370.8 267.8 314.7 267.3 318.6 362.2 221.2 309.6 281.2 297.2 212.8
1995.8 180.7 124.0 245.9 197.0 139.0 379.1 179.1 125.7 352.2 128.5 94.4 213.8 252.8 125.1 337.5 149.4 280.0 137.3 237.1 261.4 196.5 124.1 268.9 155.3 294.1 202.2 168.4 246.0 342.2 365.8 135.6 179.7 203.7 168.3 171.5 231.6 134.1 159.5 355.7 188.8 381.3 266.0 392.5 231.2 259.3 250.3 164.8 147.1 374.7 132.9 124.4 17.0 232.7 178.1 0.0 303.0 228.4 385.5 116.7 398.3 225.3 352.6 406.4 382.4 223.1 193.0 136.7 126.6 359.7 186.6 427.2 121.9 408.0 396.5 50.1 322.3 183.9 228.2 149.4 344.4 191.4 237.6 105.2 343.6 253.3 215.9 252.8 334.6 347.7 224.7 203.6 282.1 300.7 198.3
1898.0 263.9 315.7 18.8 261.1 340.0 213.8 282.8 243.3 230.9 311.7 241.7 161.8 206.1 225.3 189.8 249.6 210.7 318.4 167.8 192.1 266.9 267.3 202.2 255.5 10.8 193.6 135.8 218.8 205.9 218.5 290.9 279.9 399.6 310.7 342.5 33.1 333.0 146.3 190.4 454.6 255.7 64.1 227.2 149.9 190.0 181.0 290.0 157.4 209.4 320.5 320.3 283.8 163.4 289.0 299.9 0.0 137.5 220.2 252.3 242.8 189.3 187.3 285.8 232.9 192.1 123.7 316.7 226.8 194.4 286.3 279.9 180.0 242.7 231.2 242.9 255.6 113.2 212.4 288.2 179.1 303.9 227.2 403.7 204.5 11.6 248.9 81.8 169.3 200.4 155.4 261.2 215.4 231.4 51.1
1994.4 211.7 198.7 134.0 238.0 208.3 232.6 220.1 140.1 258.3 203.2 120.5 24.3 153.9 122.1 216.0 146.4 158.5 206.6 115.6 139.9 214.7 164.1 150.0 152.3 164.6 161.0 103.2 166.6 251.4 271.9 210.3 176.7 278.4 207.5 239.3 119.7 203.4 94.1 214.1 333.4 262.4 172.1 246.0 172.8 137.8 128.8 239.5 124.1 252.4 207.6 199.1 162.6 111.2 185.8 178.7 153.7 0.0 243.9 149.1 322.1 137.1 230.3 312.5 275.9 139.9 71.5 211.4 123.6 237.4 227.6 333.3 98.9 261.5 274.2 121.7 203.4 61.0 160.2 185.0 258.4 266.1 175.0 282.5 252.8 141.4 196.7 158.9 200.6 253.8 103.2 209.0 163.2 179.2 86.4
1881.9 296.9 352.5 228.8 310.2 415.7 115.8 331.9 319.0 89.9 344.7 317.4 279.1 255.2 301.0 91.8 325.3 146.9 394.1 196.2 170.2 295.6 343.0 216.5 331.2 201.0 362.7 304.9 267.9 107.9 177.4 338.4 355.6 498.4 386.4 418.2 243.6 408.7 220.4 38.1 587.1 157.7 172.9 128.9 214.0 140.3 180.8 339.1 233.1 64.9 365.1 373.6 355.8 168.2 364.7 375.6 209.9 254.8 0.0 328.0 112.1 236.8 87.2 162.8 57.7 239.6 199.9 361.3 302.5 82.6 348.7 236.9 255.7 144.7 74.0 318.6 163.1 210.3 263.1 363.9 116.6 353.0 276.3 477.8 106.5 216.6 298.0 159.7 71.3 159.3 178.3 310.3 208.0 131.7 261.1
2030.4 215.3 158.6 233.7 206.2 113.5 323.9 188.3 9.0 340.0 163.1 103.6 222.5 245.2 27.0 307.3 88.3 249.8 111.8 206.9 231.2 231.1 98.6 241.3 94.2 281.9 190.0 156.2 257.9 342.7 353.6 170.2 118.6 238.3 142.8 146.0 219.4 108.6 129.3 305.4 293.3 353.7 253.8 337.3 219.0 229.1 220.1 199.4 116.9 343.7 167.5 159.0 122.5 202.5 127.7 138.6 290.8 198.2 335.2 0.0 386.1 228.4 321.6 394.2 370.2 231.2 162.8 171.3 65.5 328.7 195.8 415.0 91.7 352.8 365.5 81.6 294.7 153.7 251.5 123.9 332.2 226.0 266.3 242.4 344.1 241.1 250.5 240.6 291.9 335.5 194.5 238.2 254.5 270.5 186.1
1820.1 402.4 449.3 256.1 442.9 464.1 221.3 475.9 425.1 59.1 459.0 376.3 345.0 387.9 407.1 197.3 424.4 245.4 462.4 301.7 275.7 429.8 449.1 325.4 437.3 228.3 357.4 299.6 400.6 213.4 105.2 460.7 461.7 534.2 492.5 524.3 263.9 459.2 326.5 193.2 589.2 201.9 200.2 180.1 258.7 238.8 286.3 471.8 339.2 87.2 463.4 454.9 414.7 273.7 470.8 434.5 237.2 319.3 115.7 434.1 0.0 371.1 109.5 42.9 53.1 373.9 305.5 467.2 408.6 104.9 468.1 200.7 354.7 165.9 76.3 377.5 268.6 288.0 394.2 470.0 67.8 485.7 411.8 536.7 221.8 243.9 430.7 187.0 176.8 102.0 283.8 443.0 314.1 240.6 288.4
2021.6 74.5 126.3 187.3 82.4 279.5 197.5 104.1 182.8 330.9 122.3 181.2 142.9 27.4 164.8 154.4 189.1 88.5 257.9 45.6 69.9 77.5 206.8 43.5 195.0 217.9 214.3 156.5 40.1 137.6 325.2 101.5 219.4 273.1 250.2 282.0 173.0 272.5 85.8 219.0 361.8 155.9 243.4 187.3 164.2 99.0 58.8 111.3 96.9 243.8 143.2 151.7 223.3 72.4 228.5 239.4 207.0 118.6 248.8 191.8 313.5 0.0 221.7 356.5 298.7 2.8 63.7 139.4 166.3 228.8 190.5 386.6 119.5 223.4 265.6 182.4 96.9 74.1 23.0 227.7 249.8 125.2 48.5 310.9 139.0 194.7 70.2 230.2 175.0 307.1 64.4 82.5 56.7 109.2 139.7
1869.7 312.4 368.0 202.4 309.4 408.6 131.3 331.1 311.9 77.7 360.2 322.1 272.0 254.4 293.9 107.3 318.2 162.4 387.0 211.7 185.7 324.9 335.9 232.0 324.1 174.6 303.2 245.4 267.1 123.4 165.2 344.6 348.5 513.9 379.3 411.1 217.2 401.6 213.3 107.9 535.0 173.2 146.5 144.7 187.6 155.8 196.3 338.3 226.0 22.0 380.6 389.1 360.5 183.7 357.6 380.3 183.5 247.7 137.7 320.9 99.9 237.6 0.0 172.2 45.5 240.4 192.8 376.8 295.4 4.5 341.6 224.7 248.6 160.2 43.8 323.3 178.6 203.2 260.7 356.8 104.4 352.2 275.5 482.5 122.0 195.1 297.2 133.3 86.8 147.1 193.8 309.5 224.1 147.2 234.7
1797.8 444.6 448.2 273.5 441.8 463.0 273.8 474.8 424.0 80.9 457.9 354.5 323.2 386.8 385.3 249.8 430.3 304.9 440.6 327.8 352.1 419.4 448.0 358.8 436.2 225.0 356.3 298.5 399.5 265.9 82.9 459.6 460.6 512.4 491.4 523.2 288.3 458.1 325.4 199.7 588.1 261.4 196.9 232.3 257.6 298.3 308.1 450.0 338.1 139.7 441.6 433.1 392.9 323.4 449.0 433.4 233.9 297.5 168.2 433.0 52.4 349.3 162.0 0.0 105.6 352.1 304.4 466.1 407.5 157.4 467.0 178.4 353.6 218.4 128.8 355.7 321.1 273.2 393.1 448.2 120.3 484.6 387.2 514.9 264.5 261.3 408.9 204.4 229.3 72.0 336.1 441.9 330.6 289.7 299.7
1824.1 393.2 402.0 222.1 390.4 411.6 126.5 423.4 372.6 32.1 406.5 323.8 292.5 335.4 354.6 188.3 378.9 248.5 409.9 297.1 266.7 396.2 396.6 273.6 384.8 194.3 304.9 247.1 348.1 204.4 119.6 413.6 409.2 481.7 440.0 471.8 236.4 406.7 275.6 94.0 536.7 155.7 210.3 126.6 206.2 236.8 310.3 419.3 286.7 34.0 410.9 402.4 365.9 292.7 418.3 382.0 203.2 266.8 62.5 381.6 62.0 318.6 56.3 105.0 0.0 321.4 253.0 414.7 356.1 49.2 415.6 179.1 302.2 112.7 23.1 325.0 220.2 242.5 341.7 417.5 58.8 433.2 356.5 485.8 203.0 214.8 378.2 153.0 167.8 101.5 284.7 390.5 260.4 228.2 248.3
2023.8 71.7 123.5 189.5 84.6 281.7 194.7 106.3 185.0 328.1 119.5 183.4 145.1 29.6 167.0 151.6 191.3 90.7 260.1 47.8 72.1 74.7 209.0 45.7 197.2 220.1 216.5 158.7 42.3 134.8 327.4 98.7 221.6 270.3 252.4 284.2 175.2 274.7 88.0 216.2 359.0 158.1 245.6 184.5 166.4 101.2 61.0 113.5 99.1 303.1 128.3 136.8 225.5 74.6 230.7 241.6 209.2 120.8 246.0 194.0 315.7 2.2 223.9 358.7 295.9 0.0 65.9 124.5 168.5 231.0 192.7 388.8 121.7 225.6 267.8 184.6 99.1 76.3 20.2 229.9 252.0 127.4 50.7 308.1 136.2 196.9 72.4 232.4 172.2 309.3 66.6 84.7 58.9 111.4 141.9
1983.9 140.1 195.6 123.5 137.3 215.7 161.0 159.0 119.0 236.5 200.1 117.4 79.1 82.3 101.0 144.4 125.3 86.9 194.1 44.0 68.3 143.1 143.0 78.4 131.2 154.1 150.5 92.7 95.0 179.8 261.4 167.1 155.6 275.3 186.4 218.2 109.2 208.7 22.0 142.5 330.3 190.8 180.4 174.4 101.2 66.2 57.2 166.2 33.1 180.8 204.5 196.0 159.5 39.6 164.7 175.6 143.2 54.8 172.3 128.0 250.5 65.5 158.7 293.5 204.3 68.3 0.0 192.9 102.5 165.8 162.5 322.8 55.7 189.9 202.6 118.6 131.8 10.3 88.6 163.9 186.8 180.1 103.4 279.4 181.2 130.9 125.1 167.2 129.0 243.3 31.6 137.4 91.6 107.6 75.9
1992.7 112.4 50.5 305.5 134.2 278.5 297.5 155.9 265.2 430.9 60.2 233.9 261.1 122.6 264.6 254.4 288.9 212.1 276.8 163.8 188.1 67.2 263.6 155.7 294.8 336.1 332.5 274.7 109.2 237.6 443.4 41.7 319.2 182.6 307.8 311.0 289.7 273.6 202.4 314.3 271.3 271.5 361.6 287.0 282.4 217.2 177.0 28.0 215.1 405.9 3.8 12.3 203.7 190.6 317.6 223.5 325.2 236.8 348.8 256.2 424.0 118.1 339.9 508.2 398.7 115.9 181.9 0.0 266.1 344.5 242.3 504.8 237.7 339.0 383.8 189.6 212.5 192.3 105.9 288.9 368.0 54.6 98.0 223.5 274.4 312.9 79.1 348.4 275.0 425.3 182.6 66.8 167.0 224.0 257.9
2050.6 240.7 184.0 208.2 223.3 134.6 298.4 205.4 76.5 314.5 188.5 105.8 197.0 219.7 58.5 281.8 44.2 224.3 113.0 181.4 205.7 256.5 40.5 215.8 50.1 256.4 164.5 130.7 232.4 317.2 328.1 195.6 74.5 263.7 105.3 137.1 193.9 127.6 103.8 279.9 318.7 328.2 228.3 311.8 193.5 203.6 194.6 224.8 91.4 318.2 192.9 184.4 147.9 177.0 83.6 164.0 265.3 172.7 309.7 85.5 360.6 202.9 296.1 368.7 344.7 205.7 137.3 196.7 0.0 303.2 212.9 389.5 66.2 327.3 340.0 107.0 269.2 128.2 226.0 82.8 306.7 251.4 240.8 267.8 318.6 215.6 262.5 215.1 266.4 310.0 169.0 274.8 229.0 245.0 160.6
1865.1 317.0 372.6 207.0 314.0 413.2 135.9 335.7 316.5 73.1 364.8 364.8 333.5 259.0 298.5 111.9 322.8 167.0 391.6 216.3 190.3 324.1 340.5 240.0 328.7 179.2 345.9 288.1 271.7 128.0 160.6 349.2 353.1 518.5 383.9 415.7 221.8 406.2 217.9 112.5 577.7 177.8 151.1 149.3 192.2 160.4 200.9 342.9 230.6 17.4 385.2 393.7 403.2 188.3 362.2 423.0 188.1 252.3 142.3 325.5 103.0 242.2 4.5 167.6 40.9 245.0 197.4 381.4 300.0 0.0 346.2 220.1 253.2 164.8 39.2 366.0 183.2 207.8 265.3 361.4 99.8 356.8 280.1 525.2 136.4 194.8 301.8 137.9 91.4 142.5 198.4 314.1 228.1 155.2 239.3
2079.1 264.0 207.3 294.4 99.0 216.9 338.4 81.1 203.6 460.4 211.8 124.9 250.0 140.6 194.7 295.3 219.0 240.1 215.2 197.2 221.5 237.3 202.0 177.1 224.9 325.0 321.4 263.6 127.2 278.5 432.3 218.9 249.3 287.0 246.2 249.4 280.1 212.0 192.9 319.6 342.0 289.5 357.5 370.9 278.3 243.3 210.4 201.1 204.0 357.9 216.2 207.7 171.2 216.7 256.0 187.3 314.1 225.7 349.4 194.6 427.6 182.2 335.8 470.6 428.2 185.0 170.8 220.0 196.2 342.9 0.0 493.7 226.6 357.0 379.7 130.3 230.5 181.2 205.3 227.3 363.9 215.0 138.3 291.1 279.9 301.8 160.0 344.3 315.9 414.2 208.7 172.3 190.3 260.8 246.8
1823.9 452.7 456.3 281.6 449.9 471.1 313.7 482.9 432.1 156.9 466.0 383.3 352.0 394.9 414.1 294.8 438.4 349.9 469.4 356.6 380.9 448.2 456.1 387.6 444.3 253.8 364.4 306.6 407.6 310.9 52.5 473.1 468.7 541.2 499.5 531.3 296.4 466.2 333.5 281.2 596.2 342.9 232.8 313.8 265.7 378.8 369.8 478.8 346.2 221.2 470.4 461.9 421.7 352.2 477.8 441.5 262.7 326.3 249.7 441.1 203.0 378.1 243.5 142.3 187.1 380.9 312.5 474.2 415.6 238.9 475.1 0.0 361.7 299.9 210.3 384.5 407.4 302.0 401.2 477.0 219.8 492.7 416.0 543.7 309.5 274.3 437.7 250.5 274.3 111.7 344.2 450.0 404.2 338.1 380.4
2011.6 196.5 134.6 175.1 179.1 159.9 232.1 161.2 63.2 307.6 144.3 61.6 130.7 153.4 45.2 215.5 69.5 163.4 138.3 115.1 139.4 195.3 87.2 146.1 75.4 205.7 140.3 144.3 166.1 250.9 303.9 146.0 99.8 219.5 130.6 162.4 159.3 152.9 37.5 208.9 274.5 261.9 204.1 245.2 172.3 137.3 128.3 180.6 25.1 251.9 148.7 140.2 100.0 110.7 108.9 119.8 194.8 106.4 243.4 72.2 321.6 136.6 229.8 364.6 275.4 139.4 71.0 152.5 46.7 234.4 168.7 365.3 0.0 261.0 273.7 62.8 202.9 61.9 159.7 108.1 257.9 207.2 177.3 222.0 232.6 187.7 196.2 190.9 200.1 285.8 102.7 219.4 162.7 178.7 127.5
1916.1 249.2 301.0 249.6 303.1 421.5 130.4 324.8 324.8 138.7 297.0 323.2 284.9 248.1 306.8 68.6 331.1 104.3 399.9 148.5 122.5 263.8 348.8 209.4 337.0 221.8 350.4 292.6 260.8 60.2 226.2 290.7 361.4 450.7 392.2 424.0 263.9 414.5 227.8 133.6 539.4 91.5 193.7 13.9 234.8 125.7 133.1 332.0 238.9 113.7 317.4 325.9 365.3 153.6 370.5 381.4 230.7 260.6 102.1 333.8 168.6 189.1 136.0 211.6 106.5 191.9 205.7 313.6 308.3 128.9 411.2 285.7 261.5 0.0 122.8 324.4 156.0 216.1 215.4 369.7 165.4 345.9 269.2 488.5 58.8 242.3 290.9 180.5 89.2 208.1 163.7 303.2 196.2 84.0 281.9
1850.1 357.1 412.7 247.1 354.1 453.3 176.0 375.8 356.6 65.3 404.9 357.0 325.7 299.1 338.6 152.0 362.9 207.1 431.7 256.4 230.4 355.8 380.6 280.1 368.8 219.3 338.1 280.3 311.8 168.1 227.5 389.3 393.2 558.6 424.0 455.8 261.9 446.3 258.0 147.9 569.9 162.0 191.2 132.9 232.3 200.5 241.0 383.0 270.7 22.3 425.3 433.8 395.4 228.4 402.3 415.2 228.2 292.4 68.8 365.6 157.1 282.3 44.6 147.9 33.1 285.1 237.5 421.5 340.1 40.0 386.3 237.9 293.3 119.0 0.0 358.2 223.3 247.9 305.4 401.5 92.0 396.9 320.2 517.4 176.5 234.9 341.9 178.0 131.5 177.7 238.5 354.2 268.2 195.3 279.4
1948.7 133.6 71.7 195.7 146.8 88.8 328.9 128.9 75.5 302.0 81.4 44.2 163.6 205.7 74.9 311.9 99.2 272.2 87.1 223.9 248.2 175.4 73.9 218.4 105.1 243.9 152.0 118.2 198.9 295.1 315.6 88.5 129.5 156.6 118.1 121.3 179.9 83.9 109.3 305.5 211.6 334.2 215.8 342.0 181.0 209.1 237.1 117.7 96.9 324.5 85.8 77.3 37.1 182.5 127.9 56.9 252.8 178.2 335.3 66.5 348.1 178.2 302.4 370.4 332.2 176.0 142.8 89.6 76.4 307.0 136.4 377.0 71.7 357.8 346.3 0.0 275.2 133.7 181.1 99.2 294.2 144.3 187.7 159.1 296.5 208.3 168.8 202.6 284.4 297.5 174.5 156.5 235.0 284.1 148.1
1924.6 167.8 223.4 245.7 147.0 362.1 107.8 168.7 265.4 229.8 215.6 263.8 225.5 92.0 247.4 64.7 271.7 89.8 340.5 139.1 113.1 163.3 289.4 56.7 277.6 217.9 296.9 239.1 104.7 47.9 307.6 200.2 302.0 366.4 332.8 364.6 260.5 355.1 168.4 129.3 455.1 58.9 189.8 140.6 230.9 121.8 123.7 175.9 179.5 204.8 207.8 216.3 302.2 149.7 311.1 322.0 226.8 201.2 193.2 274.4 259.7 93.2 168.1 305.9 197.6 96.0 146.3 204.0 248.9 172.7 255.1 369.0 202.1 126.4 212.0 265.0 0.0 156.7 116.3 310.3 196.2 189.8 113.1 407.3 49.3 233.5 134.8 176.6 85.3 289.5 159.8 147.1 40.1 74.6 222.3
1973.5 150.6 204.4 113.1 147.8 226.7 171.5 169.5 130.0 247.0 198.4 131.4 68.7 92.8 112.0 154.9 136.3 102.8 205.1 54.5 78.8 134.7 154.0 88.9 142.2 143.7 140.1 82.3 105.5 190.3 251.0 177.6 166.6 289.3 197.4 229.2 97.3 219.7 33.0 153.0 344.3 201.3 190.9 184.9 111.7 76.7 67.7 176.7 44.1 191.3 218.5 210.0 169.8 50.1 175.7 189.6 132.8 44.4 182.8 139.0 253.3 76.0 169.2 304.0 214.8 78.8 10.4 203.4 113.5 173.8 173.0 312.4 66.7 200.4 213.1 132.6 142.3 0.0 99.1 174.9 197.3 190.6 113.9 291.8 172.0 120.5 135.6 177.7 139.5 232.9 42.1 147.9 96.8 114.7 65.5
2033.8 86.5 154.8 199.5 94.6 291.7 191.5 116.3 195.0 324.9 147.3 193.4 155.1 39.6 177.0 148.4 201.3 106.1 270.1 57.8 82.1 35.5 219.0 52.3 207.2 230.1 226.5 168.7 52.3 131.6 337.4 122.2 231.6 286.9 262.4 294.2 183.7 284.7 96.4 208.3 375.6 168.1 255.6 181.3 176.4 111.2 71.0 100.6 109.1 299.9 108.0 116.5 231.8 84.6 240.7 251.6 219.2 130.8 242.8 204.0 325.7 12.1 233.9 402.2 292.7 9.9 75.9 104.2 178.5 238.5 202.7 398.8 131.7 196.8 277.8 194.6 109.1 86.3 0.0 239.9 262.0 127.2 60.7 327.8 168.4 212.1 82.4 242.4 169.0 319.3 76.6 94.7 64.2 121.4 151.9
2063.1 248.0 191.3 269.6 238.9 83.4 359.8 221.0 112.9 375.9 195.8 136.3 258.4 281.1 119.9 343.2 88.0 285.7 93.1 242.8 267.1 263.8 95.3 277.2 32.6 317.8 225.9 192.1 293.8 378.6 389.5 202.9 82.1 271.0 112.7 115.9 255.3 78.5 165.2 341.3 326.0 389.6 289.7 373.2 254.9 265.0 256.0 232.1 152.8 379.6 200.2 191.7 155.2 238.4 91.2 171.3 326.7 234.1 371.1 103.9 422.0 264.3 357.5 430.1 406.1 267.1 198.7 204.0 102.8 364.6 228.5 450.9 127.6 388.7 401.4 114.3 330.6 189.6 287.4 0.0 368.1 258.7 302.2 275.1 380.0 277.0 283.2 276.5 327.8 371.4 230.4 270.9 290.4 306.4 222.0
1843.7 334.5 386.6 188.2 375.0 396.2 153.4 408.0 357.2 51.7 391.1 308.4 277.1 320.0 339.2 129.4 363.5 189.6 394.5 233.8 207.8 349.1 381.2 254.1 369.4 160.4 289.5 231.7 332.7 145.5 139.2 398.2 393.8 466.3 424.6 456.4 202.5 391.3 260.2 130.0 521.3 195.3 132.3 166.8 190.8 177.9 218.4 403.9 271.3 149.0 395.5 387.0 350.5 205.8 402.9 366.6 169.3 251.4 159.8 366.2 63.6 303.2 126.9 106.6 65.7 306.0 237.6 399.3 340.7 134.0 400.2 198.7 286.8 182.3 88.9 309.6 200.7 227.1 326.3 402.1 0.0 417.8 341.1 470.4 144.1 180.9 362.8 119.1 108.9 158.0 215.9 375.1 240.9 169.3 220.5
2047.4 162.4 110.4 286.7 100.0 333.2 286.2 121.7 282.2 408.2 114.9 272.7 242.3 88.4 264.2 243.1 288.5 187.9 331.5 145.0 169.3 62.7 306.2 124.9 294.4 317.3 313.7 255.9 75.0 226.3 424.6 96.4 318.8 237.3 349.6 365.7 272.4 328.3 185.2 307.7 326.0 237.3 342.8 318.7 263.6 198.4 158.2 26.5 196.3 383.2 58.4 66.9 262.1 171.8 327.9 278.2 306.4 218.0 371.6 291.2 412.9 121.1 321.1 503.9 376.0 118.9 163.1 54.6 265.7 328.2 208.1 486.0 218.9 304.8 365.0 244.3 178.3 173.5 108.9 327.1 349.2 0.0 66.6 275.1 227.7 294.1 44.9 329.6 263.7 406.5 163.8 32.6 138.1 208.6 239.1
2036.3 137.9 138.6 220.0 33.3 312.2 219.5 55.0 218.3 341.5 151.1 206.0 175.6 24.5 197.5 176.4 224.6 129.4 290.6 81.1 102.6 124.9 239.5 54.8 227.7 250.6 247.0 189.2 8.3 159.6 357.9 127.2 252.1 273.5 282.9 314.7 204.2 305.2 116.9 236.3 362.2 170.6 276.1 252.3 196.9 131.7 91.5 62.7 129.6 316.5 94.6 103.1 291.8 105.1 261.2 314.4 239.7 151.3 304.9 224.5 338.5 63.3 257.2 417.6 309.3 66.1 96.4 88.0 199.0 261.8 141.4 419.3 152.2 238.1 298.3 217.9 114.4 106.8 89.2 260.4 282.5 76.6 0.0 314.4 196.4 232.6 21.6 262.9 197.0 339.8 97.1 33.9 66.1 138.5 172.4
2067.2 245.5 183.6 337.7 288.8 230.8 466.9 270.9 217.5 444.0 193.3 186.2 305.6 317.6 216.9 423.8 241.2 384.1 229.1 335.8 360.1 261.3 215.9 333.7 247.1 385.9 294.0 260.2 310.8 407.0 457.6 200.4 271.5 215.1 260.1 263.3 321.9 225.9 251.3 447.5 86.6 446.1 357.8 456.4 323.0 389.2 349.0 229.6 238.9 466.5 197.7 189.2 136.0 362.6 269.9 115.0 394.8 320.2 477.3 208.5 482.4 290.1 444.4 512.4 474.2 287.9 284.8 201.5 218.4 449.0 278.4 519.0 213.7 472.2 488.3 141.9 387.1 275.7 293.0 241.2 436.2 256.2 299.6 0.0 408.4 345.1 280.7 344.6 444.4 439.5 354.6 268.4 341.6 396.0 290.1
1916.8 204.9 260.5 196.3 202.1 362.7 58.4 223.8 266.0 222.0 252.7 264.4 226.1 147.1 248.0 15.3 272.3 40.4 341.1 89.7 63.7 189.0 290.0 139.8 278.2 168.5 297.1 239.3 194.3 1.3 258.2 237.3 302.6 403.5 333.4 365.2 211.1 355.7 167.4 75.2 492.2 51.1 140.4 47.9 181.5 99.8 74.3 231.0 180.1 140.8 261.5 270.0 302.8 100.3 311.7 322.6 177.4 201.8 130.5 275.0 202.8 130.3 164.4 232.8 189.8 133.1 146.9 257.7 249.5 123.3 295.7 314.1 202.7 63.7 162.6 265.6 56.5 157.3 153.4 310.9 146.8 244.9 171.0 444.4 0.0 184.1 189.9 127.2 35.9 240.1 137.8 202.2 102.0 28.6 256.0
1910.3 257.2 308.0 7.2 249.5 328.4 226.1 271.2 236.6 243.2 300.1 230.1 150.2 194.5 213.7 202.1 242.9 204.5 306.8 161.1 180.5 236.4 255.7 187.2 243.9 17.9 182.0 124.2 212.1 218.2 272.9 284.7 268.3 388.0 299.1 330.9 26.9 321.4 133.1 198.0 443.0 262.8 76.4 239.2 138.3 178.4 169.4 278.4 145.8 221.7 308.9 308.7 273.4 151.8 277.4 288.3 12.2 125.9 232.5 240.7 247.4 177.7 194.4 292.9 245.2 180.5 112.1 305.1 215.2 204.2 274.7 334.3 168.4 255.0 243.5 236.2 248.9 106.5 200.8 276.6 191.4 292.3 218.4 395.4 226.6 0.0 237.3 94.1 176.4 254.8 148.7 249.6 198.5 216.4 44.4
2058.0 176.9 124.9 241.7 55.0 333.9 241.2 76.7 237.2 363.2 129.4 227.7 197.3 43.4 219.2 198.1 243.5 142.9 312.3 100.0 124.3 77.2 261.2 79.9 249.4 272.3 268.7 210.9 30.0 181.3 379.6 110.9 273.8 251.8 304.6 336.4 227.4 326.9 140.2 262.7 340.5 192.3 297.8 273.7 218.6 153.4 113.2 41.0 151.3 338.2 72.9 81.4 276.6 126.8 282.9 292.7 261.4 173.0 326.6 246.2 367.9 85.0 276.1 458.9 331.0 87.8 118.1 69.1 220.7 283.2 163.1 441.0 173.9 259.8 320.0 236.8 133.3 128.5 123.4 282.1 304.2 54.9 21.6 289.6 182.7 249.1 0.0 284.6 218.7 361.5 118.8 12.2 93.1 163.6 194.1
1859.1 314.1 292.6 69.0 311.3 302.2 131.9 333.0 293.5 149.0 297.1 214.4 212.0 256.3 275.5 107.9 299.8 168.1 368.6 218.0 186.3 317.1 317.5 252.4 305.7 41.2 195.5 137.7 269.0 124.0 136.6 304.2 330.1 372.3 360.9 392.7 83.3 297.3 196.5 108.5 427.3 173.8 13.1 145.3 96.8 156.4 231.2 340.2 207.6 127.5 301.5 293.0 256.5 213.6 339.2 272.6 50.1 187.7 138.3 302.5 160.9 239.5 105.4 203.9 151.0 242.3 173.9 305.3 277.0 112.5 336.5 198.0 192.8 160.8 149.3 215.6 179.2 163.4 262.6 338.4 97.2 354.1 277.4 376.4 122.6 61.7 299.1 0.0 87.4 118.5 205.6 311.4 219.4 147.8 101.3
1952.0 250.8 306.4 160.3 248.0 347.2 44.4 269.7 250.5 160.5 298.6 248.9 210.6 193.0 232.5 20.4 256.8 75.5 325.6 154.7 98.8 234.9 274.5 185.7 262.7 132.5 261.1 203.3 205.7 36.5 222.2 283.2 287.1 449.4 317.9 349.7 175.1 340.2 153.5 43.9 461.8 86.3 104.4 57.8 145.5 68.9 109.4 276.9 164.6 104.8 307.4 315.9 287.3 96.8 296.2 307.1 141.4 186.3 73.7 259.5 166.8 176.2 82.7 217.5 128.3 179.0 131.4 303.6 234.0 87.3 280.2 283.6 187.2 73.3 126.6 250.1 91.7 141.8 199.3 295.4 110.8 290.8 216.9 409.3 35.1 153.0 235.8 91.2 0.0 204.1 142.3 248.1 136.6 60.3 192.6
1770.9 372.5 376.1 201.4 369.7 390.9 238.6 402.7 351.9 65.3 385.8 303.1 271.8 314.7 333.9 214.6 358.2 269.7 389.2 276.4 300.7 356.6 375.9 307.4 364.1 173.6 284.2 226.4 327.4 230.7 18.0 392.9 388.5 461.0 419.3 451.1 216.2 386.0 253.3 210.5 516.0 280.5 145.5 251.7 185.5 298.6 289.6 398.6 266.0 129.6 390.2 381.7 341.5 272.0 397.6 361.3 182.5 246.1 158.1 360.9 103.7 297.9 151.9 58.6 95.5 300.7 232.3 394.0 335.4 147.3 394.9 81.4 281.5 208.3 118.7 304.3 285.9 221.8 321.0 396.8 157.3 412.5 338.6 463.5 229.3 194.1 357.5 132.3 194.1 0.0 264.0 369.8 324.0 257.9 227.6
2050.7 134.3 189.9 168.7 131.5 260.9 129.3 153.2 164.2 257.9 182.1 162.6 124.3 76.5 146.2 138.6 170.5 86.5 239.3 38.2 62.5 129.8 188.2 72.6 176.4 229.9 195.7 137.9 89.2 121.4 319.6 161.3 200.8 332.9 231.6 263.4 152.9 253.9 65.6 136.6 375.5 185.0 201.8 142.4 145.6 34.5 51.4 160.4 78.3 202.2 190.9 199.4 201.0 7.9 209.9 220.8 238.8 100.0 171.1 173.2 264.2 59.7 180.1 314.9 225.7 62.5 45.1 187.1 147.7 184.7 193.9 381.0 100.9 158.2 224.0 163.8 126.0 55.5 82.8 209.1 208.2 174.3 97.6 323.0 120.0 176.1 119.3 188.6 97.3 301.5 0.0 131.6 80.5 98.4 121.1
2049.6 164.6 112.6 254.0 67.3 335.4 253.5 89.0 249.5 375.5 117.1 240.0 209.6 55.7 231.5 210.4 255.8 155.2 324.6 112.3 136.6 64.9 273.5 92.2 261.7 284.6 281.0 223.2 42.3 193.6 391.9 98.6 286.1 239.5 316.9 348.7 239.7 330.5 152.5 275.0 328.2 204.6 310.1 286.0 230.9 165.7 125.5 28.7 163.6 350.5 60.6 69.1 264.3 139.1 295.2 280.4 273.7 185.3 338.9 258.5 380.2 97.3 288.4 471.2 343.3 100.1 130.4 56.8 233.0 295.5 175.4 453.3 186.2 272.1 332.3 246.5 145.6 140.8 111.1 294.4 316.5 42.6 33.9 277.3 195.0 261.4 12.2 296.9 231.0 373.8 131.1 0.0 105.4 175.9 206.4
1969.5 122.9 177.9 225.0 106.8 321.9 152.7 123.8 225.2 274.7 170.7 218.9 180.6 46.5 202.5 109.6 226.8 130.0 300.3 82.7 107.6 123.4 244.5 8.4 232.7 258.1 252.0 194.2 64.5 92.8 352.5 149.9 257.1 321.5 287.9 319.7 208.6 314.9 123.5 169.5 410.2 99.1 230.0 185.2 201.9 136.7 96.5 131.0 134.6 249.7 162.9 171.4 256.7 110.1 266.2 277.1 271.7 156.3 233.4 229.5 304.6 48.3 208.3 365.7 242.5 51.1 101.4 163.8 204.0 212.9 210.2 409.2 161.9 171.3 256.9 224.8 40.1 111.2 76.1 265.4 241.1 144.9 68.2 361.8 94.2 283.3 89.9 221.5 130.2 329.7 106.8 102.2 0.0 119.5 176.8
1958.3 176.2 231.8 217.7 176.8 337.4 79.8 198.5 240.7 217.9 227.4 239.1 200.8 121.8 222.7 36.7 243.6 11.7 312.4 64.4 38.4 163.7 264.7 114.5 252.9 193.3 272.2 214.4 131.1 42.8 279.6 212.0 277.3 378.2 308.1 339.9 232.5 330.4 142.1 96.6 466.9 96.0 161.8 69.3 202.9 97.2 49.0 205.7 154.8 162.2 236.2 244.7 274.1 121.7 286.4 297.3 198.8 176.5 131.1 249.7 224.2 105.0 140.1 257.6 185.7 107.8 121.6 232.4 224.2 144.7 270.4 344.4 177.4 85.1 184.0 240.3 171.3 128.6 128.1 285.6 168.2 219.6 145.7 419.1 56.7 205.5 164.6 148.6 57.3 264.9 131.8 176.9 125.8 0.0 194.2
1950.0 207.4 258.2 32.2 204.6 283.5 228.3 226.3 186.8 214.4 255.2 185.2 105.3 149.6 168.8 211.7 193.1 159.6 261.9 111.3 135.6 202.9 210.8 145.7 199.0 62.8 137.1 79.3 162.3 247.1 228.0 234.4 223.4 343.1 254.2 286.0 16.5 276.5 88.2 209.8 398.1 258.1 128.2 241.7 93.4 133.5 124.5 233.5 100.9 236.9 264.0 263.8 223.6 106.9 232.5 243.4 51.9 81.0 239.6 195.8 260.5 132.8 214.8 282.8 244.6 135.6 67.2 260.2 170.3 219.4 229.8 289.4 123.5 257.2 258.7 186.4 199.1 56.7 155.9 231.7 206.6 247.4 170.7 345.6 248.5 44.8 192.4 115.0 196.3 209.9 98.9 204.7 153.6 171.5 0.0
